qwerty 1 0 0 200 0 0 -0.249991 0 0 0.1 
qwerty 3 1 0 309.063 -0.0111725 -0.040495 0.25 -0.0022267 -0.00807072 0.0996489 
qwerty 3 1 0 309.063 -0.0262557 -0.0951644 0.925 -0.0022267 -0.00807072 0.0996489 
qwerty 2 1 0 25.9134 4.61163e-05 0.000167149 -0.25 0.0265574 0.0962577 -0.00539949 
qwerty 5 3 1.04702 122.091 -0.0436511 -0.15143 1.6 -0.00104211 -0.00744096 0.0997173 
qwerty 5 3 0.967191 48.3003 -0.103633 -0.247369 2.275 -0.00680296 -0.0181073 0.0981114 
qwerty 5 3 0.833533 38.4806 -0.0904859 -0.257928 2.95 0.00653943 0.00609108 0.0995999 
qwerty 5 3 0.818399 32.4195 -0.251307 -0.139009 3.625 -0.0231588 0.0114838 0.0966012 
qwerty 5 3 0.769329 26.061 -0.559023 -0.272465 4.20718 -0.0399549 -0.0207958 0.0892813 
qwerty 5 3 0.154097 25.9069 -0.600562 -0.294085 4.3 -0.0381575 -0.0207915 0.0900651 
qwerty 5 3 0.900308 21.3528 -0.918304 -0.168697 4.975 -0.0290405 0.0250243 0.0923604 
qwerty 5 3 0.948497 9.73859 -1.31946 0.078552 5.65 -0.0536301 0.00457587 0.0842785 
qwerty 4 3 0.424694 123.802 -0.0328542 -0.134898 1.28432 -0.00143267 -0.0139138 0.0990169 
qwerty 4 3 0.00647946 123.479 -0.03293 -0.135667 1.2898 -0.00176504 -0.0136014 0.099055 
qwerty 4 3 0.512347 122.967 -0.0384574 -0.178262 1.6 -0.00209183 -0.0132834 0.0990918 
qwerty 4 3 0.91997 78.4299 -0.0139092 -0.263744 2.275 0.00580193 -0.0117385 0.099139 
qwerty 4 3 0.792616 73.3321 -0.0226268 -0.44022 2.95 -0.00191747 -0.0279501 0.0959954 
qwerty 4 3 0.926827 68.7749 -0.0897383 -0.635728 3.625 -0.00988081 -0.0274115 0.0956607 
qwerty 4 3 0.941156 55.5512 -0.0555417 -0.970784 4.3 0.00369359 -0.0488883 0.0871567 
qwerty 4 3 0.673613 44.8484 -0.0222621 -1.30641 4.77103 0.0065208 -0.0600723 0.0796794 
qwerty 4 3 0.377566 44.4708 -0.0055695 -1.46019 4.975 0.00879143 -0.06047 0.0791586 
qwerty 4 3 0.0736311 15.319 0.0159323 -1.61504 5.17638 -0.00176188 -0.0810613 0.0585317 
qwerty 4 3 1.42914 13.8898 0.00167555 -2.27097 5.65 -0.00245507 -0.080726 0.0589685 
qwerty 47 4 0.0418739 0.25309 0.0225921 -1.61952 5.19363 0.0634481 -0.0733976 0.0242308 
qwerty 47 4 0.0720077 0.181083 0.0351237 -1.63299 5.2065 0.0645825 -0.0371816 0.0666831 
qwerty 47 4 0.181083 0 0.0492455 -1.64112 5.22108 0.0645825 -0.0371816 0.0666831 
qwerty 45 4 0.22436 0.385052 -0.0898862 -1.27814 4.8452 0.00554764 0.0628293 -0.0775996 
qwerty 45 4 0.193693 0.191359 -0.122718 -1.22736 4.81016 -0.082597 -0.0484026 -0.0288949 
qwerty 45 4 0.191359 0 -0.142483 -1.23894 4.80324 -0.082597 -0.0484026 -0.0288949 
qwerty 30 4 0.316413 0 0.0077097 -0.1607 1.31303 0.0765531 -0.0471543 0.0437732 
qwerty 55 4 0 0.118979 1.25 -1.68408 6.31268 0.0774044 0.050556 0.0381138 
qwerty 55 4 0 0.118979 1.27501 -1.66775 6.325 0.0774044 0.050556 0.0381138 
qwerty 54 4 0 0.107501 0.152169 -2.32992 6.01638 0.0746251 0.0554995 0.0367546 
qwerty 54 4 0 0.107501 0.778787 -1.8639 6.325 0.0746251 0.0554995 0.0367546 
qwerty 65 54 0.0284271 0 0.151454 -2.33022 6.0168 -0.0812372 -0.0335916 0.0476668 
qwerty 49 4 0 0.807377 0.718637 -2.54622 6.325 0.0732336 -0.0222556 0.0643547 
qwerty 49 4 0 0.779192 0.98367 -2.62676 6.5579 0.0796427 -0.00222042 0.0604327 
qwerty 49 4 0 0.779192 1.5663 -2.643 7 0.0796427 -0.00222042 0.0604327 
qwerty 70 49 0.0281844 0 0.983522 -2.62758 6.55815 -0.0170296 -0.0943864 0.0283054 
qwerty 48 4 0 0.364659 0.195286 -2.80133 6.325 0.0239444 -0.0584244 0.0775452 
qwerty 46 4 0 25.8078 0.19 -2.04746 5.65 0.0244787 -0.0662363 0.0708064 
qwerty 46 4 0 25.8078 0.423357 -2.67889 6.325 0.0244787 -0.0662363 0.0708064 
qwerty 75 46 1.46945 15.5042 1.10768 -3.2973 7 0.0504374 -0.0539482 0.0674215 
qwerty 75 46 0.093939 11.9298 1.25 -3.40714 7.2313 0.0684733 -0.0025399 0.0728351 
qwerty 75 46 1.17158 10.7582 1.66713 -3.42262 7.675 0.0697751 -0.0226213 0.0679684 
qwerty 75 46 0.791132 2.68106 2.26017 -3.18387 7.61457 0.0872543 0.0480719 -0.00870487 
qwerty 75 46 0.677758 2.0033 2.64013 -3.04216 7.53251 0.0752521 0.0658388 0.00153971 
qwerty 75 46 0.690558 1.31274 2.90809 -2.85674 7.53308 0.0753929 0.0636996 0.0160711 
qwerty 75 46 0.467811 0.844929 3.07539 -2.671 7.47477 0.0461009 0.087537 -0.0145593 
qwerty 75 46 0.382639 0.462291 3.11705 -2.50195 7.47586 0.0278785 0.0858523 0.0430369 
qwerty 75 46 0.462291 0 3.14263 -2.42316 7.51536 0.047937 -0.0494524 -0.0725017 
qwerty 83 75 0 0.691268 1.68342 -2.14819 7.175 -0.00811983 0.0919696 -0.0384142 
qwerty 83 75 0 0.255091 1.76072 -2.50006 6.5 0.0112042 -0.0606064 -0.0787485 
qwerty 82 75 0 3.48897 2.58468 -3.75 8.17346 0.0839007 -0.0300016 0.0453935 
qwerty 82 75 0 3.48897 2.91098 -3.86668 8.35 0.0839007 -0.0300016 0.0453935 
qwerty 82 75 0 3.48897 3.75 -4.1667 8.80394 0.0839007 -0.0300016 0.0453935 
qwerty 82 75 0 3.48897 4.15858 -4.3128 9.025 0.0839007 -0.0300016 0.0453935 
qwerty 82 75 0 3.48897 5.40618 -4.75893 9.7 0.0839007 -0.0300016 0.0453935 
qwerty 82 75 0 3.48897 6.25 -5.06066 10.1565 0.0839007 -0.0300016 0.0453935 
qwerty 82 75 0 3.48897 6.65378 -5.20505 10.375 0.0839007 -0.0300016 0.0453935 
qwerty 82 75 0 3.26463 7.69878 -5.50219 11.05 0.0806273 -0.020561 0.055466 
qwerty 82 75 0 3.26463 8.67999 -5.75241 11.725 0.0806273 -0.020561 0.055466 
qwerty 82 75 0 3.26463 9.66119 -6.00263 12.4 0.0806273 -0.020561 0.055466 
qwerty 82 75 0 1.23461 11.0242 -5.32048 13.075 0.0791604 0.0487194 0.0368789 
qwerty 89 88 0 0.584642 10.3963 -4.991 13.75 -0.0835684 0.0162503 0.0524619 
qwerty 81 75 0 0.394615 1.25 -3.48722 7.21136 0.0496502 -0.0712128 0.0496346 
qwerty 81 75 0 0.394615 1.71378 -4.15242 7.675 0.0496502 -0.0712128 0.0496346 
qwerty 81 75 0 0.394615 2.38899 -5.12087 8.35 0.0496502 -0.0712128 0.0496346 
qwerty 79 75 0 2.04184 1.11368 -3.75 6.72368 0.0500908 -0.0839188 0.0211792 
qwerty 79 75 0 2.04184 1.76721 -4.84488 7 0.0500908 -0.0839188 0.0211792 
qwerty 79 75 0 1.96296 3.21163 -7.26477 7.61072 0.0503796 -0.0860845 0.00716565 
qwerty 79 75 0 1.96296 3.66354 -8.03696 7.675 0.0503796 -0.0860845 0.00716565 
qwerty 96 79 0.299444 0.974425 4.95824 -10.1905 7.97458 0.0345652 -0.0637421 0.0688636 
qwerty 96 79 0.226165 0.74826 5.02209 -10.3021 8.03264 -0.00299803 -0.0996982 0.00716126 
qwerty 96 79 0.290787 0.457473 4.97808 -10.433 7.99728 -0.0208086 -0.0977965 -0.00168548 
qwerty 96 79 0.340393 0.117079 4.94624 -10.5189 8.00129 -0.0460161 0.0852864 0.024673 
qwerty 96 79 0.117079 0 4.94137 -10.5099 8.00389 -0.0460161 0.0852864 0.024673 
qwerty 95 79 0.0788878 0 3.21224 -7.2652 7.61603 0.0114846 -0.00803831 0.0990126 
qwerty 94 79 0.00479592 0.188539 0.577809 -2.82819 6.50151 0.0553423 0.0349432 0.0756056 
qwerty 94 79 0.0102577 0.178282 0.579345 -2.82718 6.50293 0.052499 0.037297 0.0765035 
qwerty 94 79 0.00674635 0.171535 0.580991 -2.82659 6.50463 0.0633653 0.0211804 0.0744059 
qwerty 94 79 0.00723203 0.164303 0.582285 -2.82611 6.50691 0.0341011 0.0427225 0.0837371 
qwerty 94 79 0.019318 0.144985 0.582755 -2.82347 6.51043 0.0396381 0.0463073 0.0792745 
qwerty 94 79 0.0229381 0.122047 0.584919 -2.81998 6.5132 0.0268437 0.0385836 0.0882651 
qwerty 94 79 0.0212729 0.100774 0.584801 -2.81601 6.5181 0.0256893 0.0894849 -0.0365036 
qwerty 94 79 0.100774 0 0.586902 -2.80869 6.51512 0.0256893 0.0894849 -0.0365036 
qwerty 98 94 0 0.98643 1.13789 -2.69 7 0.0734045 0.0182119 0.0654225 
qwerty 98 94 0 0.98643 1.89524 -2.5021 7.675 0.0734045 0.0182119 0.0654225 
qwerty 98 94 0 0.98643 2.6526 -2.3142 8.35 0.0734045 0.0182119 0.0654225 
qwerty 98 94 0 0.98643 3.40995 -2.1263 9.025 0.0734045 0.0182119 0.0654225 
qwerty 98 94 0 0.553112 3.75 -1.90282 8.99937 0.0806629 0.0570216 -0.0155576 
qwerty 98 94 0 0.553112 6.20952 -0.16416 8.525 0.0806629 0.0570216 -0.0155576 
qwerty 98 94 0 0.551446 7.84204 1.25 8.1328 0.0738666 0.0649093 -0.0181801 
qwerty 98 94 0 0.551446 8.99109 2.25971 7.85 0.0738666 0.0649093 -0.0181801 
qwerty 78 75 0 0.271924 1.01208 -3.07926 7 0.0626951 -0.0358718 0.0691559 
qwerty 44 4 0 1.73114 0.0258812 -1.378 4.975 0.0110105 -0.0509556 0.0853364 
qwerty 44 4 0 1.73114 0.112973 -1.78106 5.65 0.0110105 -0.0509556 0.0853364 
qwerty 44 4 0 1.73114 0.200065 -2.18411 6.325 0.0110105 -0.0509556 0.0853364 
qwerty 44 4 0 1.73114 0.287156 -2.58716 7 0.0110105 -0.0509556 0.0853364 
qwerty 44 4 0 1.73114 0.374248 -2.99021 7.675 0.0110105 -0.0509556 0.0853364 
qwerty 44 4 0 1.73114 0.46134 -3.39326 8.35 0.0110105 -0.0509556 0.0853364 
qwerty 44 4 0 1.73114 0.548432 -3.79632 9.025 0.0110105 -0.0509556 0.0853364 
qwerty 44 4 0 1.73114 0.635523 -4.19937 9.7 0.0110105 -0.0509556 0.0853364 
qwerty 43 4 0 4.79413 -0.0329573 -1.42362 4.975 0.00241615 -0.0559532 0.0828456 
qwerty 43 4 0 4.79413 -0.0132713 -1.87951 5.65 0.00241615 -0.0559532 0.0828456 
qwerty 43 4 0 4.79413 0.00641473 -2.3354 6.325 0.00241615 -0.0559532 0.0828456 
qwerty 43 4 0 4.79413 0.0261007 -2.79129 7 0.00241615 -0.0559532 0.0828456 
qwerty 43 4 0 4.79413 0.0457868 -3.24718 7.675 0.00241615 -0.0559532 0.0828456 
qwerty 43 4 0 4.79413 0.0654728 -3.70306 8.35 0.00241615 -0.0559532 0.0828456 
qwerty 43 4 0 4.79413 0.0851588 -4.15895 9.025 0.00241615 -0.0559532 0.0828456 
qwerty 43 4 0 4.79413 0.104845 -4.61484 9.7 0.00241615 -0.0559532 0.0828456 
qwerty 43 4 0 4.79413 0.124531 -5.07073 10.375 0.00241615 -0.0559532 0.0828456 
qwerty 43 4 0 4.79413 0.144217 -5.52662 11.05 0.00241615 -0.0559532 0.0828456 
qwerty 43 4 0 4.79413 0.163903 -5.98251 11.725 0.00241615 -0.0559532 0.0828456 
qwerty 43 4 0 4.79413 0.175454 -6.25 12.1211 0.00241615 -0.0559532 0.0828456 
qwerty 43 4 0 4.79413 0.183589 -6.4384 12.4 0.00241615 -0.0559532 0.0828456 
qwerty 41 4 0 0.72373 -0.0526524 -0.881655 4.3 0.00598897 -0.0337185 0.0939532 
qwerty 41 4 0 0.300522 -0.0356901 -0.977155 4.5661 0.0952571 0.0299687 0.00528899 
qwerty 41 4 0 0.300522 1.25 -0.572666 4.63749 0.0952571 0.0299687 0.00528899 
qwerty 41 4 0 0.169927 3.3742 0.0956249 4.75543 -0.0567491 0.0705012 0.0425338 
qwerty 41 4 0 0.169927 3.08124 0.459571 4.975 -0.0567491 0.0705012 0.0425338 
qwerty 114 41 0.130595 0 3.38673 0.0946511 4.75358 0.098641 -0.00766499 -0.0145324 
qwerty 113 41 0.100245 0.322963 -0.0442721 -1.01659 4.60058 -0.0275498 -0.0778676 0.0563706 
qwerty 113 41 0.322963 0 -0.0593656 -1.05925 4.63146 -0.0275498 -0.0778676 0.0563706 
qwerty 38 4 0 2.42697 -0.416458 -0.960075 4.3 -0.0456627 -0.0405748 0.0791745 
qwerty 38 4 0 2.42697 -0.805754 -1.30599 4.975 -0.0456627 -0.0405748 0.0791745 
qwerty 38 4 0 2.42697 -1.19505 -1.65191 5.65 -0.0456627 -0.0405748 0.0791745 
qwerty 38 4 0 2.42697 -1.58435 -1.99783 6.325 -0.0456627 -0.0405748 0.0791745 
qwerty 38 4 0 2.42697 -1.97364 -2.34375 7 -0.0456627 -0.0405748 0.0791745 
qwerty 38 4 0 2.42697 -2.36294 -2.68967 7.675 -0.0456627 -0.0405748 0.0791745 
qwerty 38 4 0 2.42697 -2.75224 -3.03559 8.35 -0.0456627 -0.0405748 0.0791745 
qwerty 38 4 0 2.42697 -3.14153 -3.38151 9.025 -0.0456627 -0.0405748 0.0791745 
qwerty 38 4 0 2.42697 -3.53083 -3.72743 9.7 -0.0456627 -0.0405748 0.0791745 
qwerty 38 4 0 2.42697 -3.75 -3.92218 10.08 -0.0456627 -0.0405748 0.0791745 
qwerty 38 4 0 2.42697 -3.92013 -4.07335 10.375 -0.0456627 -0.0405748 0.0791745 
qwerty 38 4 0 2.42697 -4.30942 -4.41927 11.05 -0.0456627 -0.0405748 0.0791745 
qwerty 38 4 0 2.42697 -4.69872 -4.76519 11.725 -0.0456627 -0.0405748 0.0791745 
qwerty 38 4 0 2.42697 -5.08801 -5.11111 12.4 -0.0456627 -0.0405748 0.0791745 
qwerty 38 4 0 2.42697 -5.47731 -5.45703 13.075 -0.0456627 -0.0405748 0.0791745 
qwerty 38 4 0 2.42697 -5.86661 -5.80295 13.75 -0.0456627 -0.0405748 0.0791745 
qwerty 121 38 0.122723 0.867743 -0.126843 -0.750142 3.82736 -0.0664228 -0.0740781 0.0100222 
qwerty 121 38 0.156208 0.711535 -0.161776 -0.821719 3.8214 -0.053543 -0.081267 0.0229961 
qwerty 121 38 0.120236 0.591298 -0.173955 -0.89357 3.84445 -0.0151241 -0.0565708 0.0810618 
qwerty 121 38 0.19038 0.400918 -0.204575 -0.903159 3.92744 -0.0220645 -0.0515286 0.0828128 
qwerty 121 38 0.173858 0.227061 -0.172837 -0.919833 4.00632 0.0375118 -0.0516287 0.0769892 
qwerty 121 38 0.227061 0 -0.161008 -0.936115 4.0306 0.0375118 -0.0516287 0.0769892 
qwerty 37 4 0 0.381204 -0.113994 -0.632113 3.625 -0.0138879 -0.0264344 0.0954377 
qwerty 37 4 0 0.167105 0.128378 -0.588665 3.94577 0.052743 -0.0357916 -0.0770528 
qwerty 37 4 0 0.167105 0.228158 -0.656376 3.8 0.052743 -0.0357916 -0.0770528 
qwerty 125 37 0.106855 0 0.131273 -0.58572 3.95381 0.0320192 0.0325746 0.0889588 
qwerty 36 4 0 1.46179 -0.019157 -0.389791 2.95 -0.00103677 -0.0185603 0.098257 
qwerty 36 4 0 1.46179 -0.0262794 -0.517296 3.625 -0.00103677 -0.0185603 0.098257 
qwerty 36 4 0 1.38113 -0.165957 -0.620938 4.3 -0.0208107 -0.0147034 0.0966991 
qwerty 36 4 0 1.38113 -0.311224 -0.723574 4.975 -0.0208107 -0.0147034 0.0966991 
qwerty 36 4 0 1.38113 -0.456492 -0.82621 5.65 -0.0208107 -0.0147034 0.0966991 
qwerty 36 4 0 1.38113 -0.601759 -0.928847 6.325 -0.0208107 -0.0147034 0.0966991 
qwerty 36 4 0 1.38113 -0.747026 -1.03148 7 -0.0208107 -0.0147034 0.0966991 
qwerty 36 4 0 1.38113 -0.892293 -1.13412 7.675 -0.0208107 -0.0147034 0.0966991 
qwerty 131 129 0 0.205842 -1.02631 -1.25 7.96464 -0.0489163 -0.0442973 0.0751328 
qwerty 131 129 0 0.205842 -1.2772 -1.4772 8.35 -0.0489163 -0.0442973 0.0751328 
qwerty 34 4 0 6.97448 -0.0154498 -0.266158 2.275 0.0045061 -0.0134947 0.0989828 
qwerty 34 4 0 6.97448 0.0152789 -0.358183 2.95 0.0045061 -0.0134947 0.0989828 
qwerty 34 4 0 6.97448 0.0460077 -0.450208 3.625 0.0045061 -0.0134947 0.0989828 
qwerty 34 4 0 6.97448 0.0767365 -0.542233 4.3 0.0045061 -0.0134947 0.0989828 
qwerty 34 4 0 6.97448 0.107465 -0.634258 4.975 0.0045061 -0.0134947 0.0989828 
qwerty 34 4 0 6.97448 0.138194 -0.726283 5.65 0.0045061 -0.0134947 0.0989828 
qwerty 34 4 0 6.97448 0.168923 -0.818308 6.325 0.0045061 -0.0134947 0.0989828 
qwerty 34 4 0 6.97448 0.199652 -0.910333 7 0.0045061 -0.0134947 0.0989828 
qwerty 34 4 0 6.97448 0.23038 -1.00236 7.675 0.0045061 -0.0134947 0.0989828 
qwerty 34 4 0 6.97448 0.261109 -1.09438 8.35 0.0045061 -0.0134947 0.0989828 
qwerty 34 4 0 6.97448 0.291838 -1.18641 9.025 0.0045061 -0.0134947 0.0989828 
qwerty 34 4 0 6.97448 0.313073 -1.25 9.49145 0.0045061 -0.0134947 0.0989828 
qwerty 34 4 0 6.97448 0.322567 -1.27843 9.7 0.0045061 -0.0134947 0.0989828 
qwerty 34 4 0 6.97448 0.353296 -1.37046 10.375 0.0045061 -0.0134947 0.0989828 
qwerty 34 4 0 6.97448 0.384024 -1.46248 11.05 0.0045061 -0.0134947 0.0989828 
qwerty 34 4 0 0.832194 1.17724 -0.75417 11.725 0.0637475 0.0574615 0.0513267 
qwerty 34 4 0 0.832194 2.01559 0.00150938 12.4 0.0637475 0.0574615 0.0513267 
qwerty 34 4 0 0.832194 2.85393 0.757189 13.075 0.0637475 0.0574615 0.0513267 
qwerty 140 136 0 1.89631 -0.2796 -2.08866 10.55 -0.0656588 -0.0549892 -0.0516247 
qwerty 140 136 0 0.780991 -0.613746 -2.13263 9.875 -0.0311904 0.0136441 -0.0940266 
qwerty 140 136 0 0.780991 -0.837657 -2.03468 9.2 -0.0311904 0.0136441 -0.0940266 
qwerty 140 136 0 0.780991 -1.06157 -1.93673 8.525 -0.0311904 0.0136441 -0.0940266 
qwerty 140 136 0 0.780991 -1.28548 -1.83878 7.85 -0.0311904 0.0136441 -0.0940266 
qwerty 140 136 0 0.780991 -1.50939 -1.74083 7.175 -0.0311904 0.0136441 -0.0940266 
qwerty 145 143 0 0.44093 -0.129853 -2.42499 11.05 0.0420515 -0.0298738 0.0856693 
qwerty 139 136 0 0.73962 0.668583 -1.66786 10.55 0.0403189 -0.0276521 -0.0872339 
qwerty 139 136 0 0.257133 0.786347 -1.74863 10.2952 -0.0416328 0.0898751 -0.0137543 
qwerty 139 136 0 0.257133 -0.485572 0.99714 9.875 -0.0416328 0.0898751 -0.0137543 
qwerty 148 139 0.111503 0.370984 0.798053 -1.78819 10.2657 0.0315719 -0.0324266 -0.0891725 
qwerty 148 139 0.111301 0.259683 0.807557 -1.77322 10.2094 -0.0235392 0.000930197 -0.0971856 
qwerty 148 139 0.259683 0 0.798371 -1.77286 10.1715 -0.0235392 0.000930197 -0.0971856 
qwerty 138 136 0 0.147694 0.570415 -1.48327 11.725 0.0297213 -0.00267423 0.0954437 
qwerty 33 4 0 20.1688 -0.0172153 -0.26038 2.275 0.00417424 -0.0123848 0.0991423 
qwerty 33 4 0 20.1688 0.0112046 -0.344701 2.95 0.00417424 -0.0123848 0.0991423 
qwerty 33 4 0 20.1688 0.0396245 -0.429021 3.625 0.00417424 -0.0123848 0.0991423 
qwerty 33 4 0 20.1688 0.0680444 -0.513342 4.3 0.00417424 -0.0123848 0.0991423 
qwerty 33 4 0 20.1688 0.0964643 -0.597662 4.975 0.00417424 -0.0123848 0.0991423 
qwerty 33 4 0 20.1688 0.124884 -0.681983 5.65 0.00417424 -0.0123848 0.0991423 
qwerty 33 4 0 20.1688 0.153304 -0.766304 6.325 0.00417424 -0.0123848 0.0991423 
qwerty 33 4 0 20.1688 0.181724 -0.850624 7 0.00417424 -0.0123848 0.0991423 
qwerty 33 4 0 20.1688 0.210144 -0.934945 7.675 0.00417424 -0.0123848 0.0991423 
qwerty 33 4 0 20.1688 0.238564 -1.01927 8.35 0.00417424 -0.0123848 0.0991423 
qwerty 33 4 0 20.1688 0.266984 -1.10359 9.025 0.00417424 -0.0123848 0.0991423 
qwerty 33 4 0 20.1688 0.295404 -1.18791 9.7 0.00417424 -0.0123848 0.0991423 
qwerty 33 4 0 20.1688 0.323824 -1.27223 10.375 0.00417424 -0.0123848 0.0991423 
qwerty 151 33 0.120219 10.897 0.332772 -1.25 10.6345 0.00629909 0.0367201 0.0928006 
qwerty 151 33 0.936081 9.96089 0.360972 -1.08561 11.05 0.000861058 0.0286016 0.0958186 
qwerty 151 33 0 3.14732 0.377612 -1.04721 11.225 -0.0295555 0.0931771 -0.0210833 
qwerty 157 151 0 0.45672 -0.184956 1.48846 11.725 -0.0212797 0.0958641 0.0189012 
qwerty 157 151 0 0.342238 -3.7142 3.75 12.107 -0.0895111 0.0441967 0.00586732 
qwerty 157 151 0 0.322806 -6.77812 5.26283 12.3078 -0.0681425 0.0629628 0.0373132 
qwerty 157 151 0 0.322806 -6.94647 5.41838 12.4 -0.0681425 0.0629628 0.0373132 
qwerty 163 157 0.0194321 0 -6.77839 5.26267 12.3075 -0.0607158 -0.0365464 -0.0705546 
qwerty 156 151 0 0.293493 0.704535 -1.4154 11.725 0.0461857 -0.0474218 0.0749537 
qwerty 156 151 0 0.293493 1.12046 -1.84246 12.4 0.0461857 -0.0474218 0.0749537 
qwerty 156 151 0 0.293493 1.25 -1.97546 12.6102 0.0461857 -0.0474218 0.0749537 
qwerty 156 151 0 0.293493 1.53639 -2.26952 13.075 0.0461857 -0.0474218 0.0749537 
qwerty 153 151 0 0.617709 0.334154 -1.25 10.6763 0.00707646 0.023906 0.0968423 
qwerty 153 151 0 0.617709 0.361463 -1.15774 11.05 0.00707646 0.023906 0.0968423 
qwerty 153 151 0 0.617709 0.410786 -0.991116 11.725 0.00707646 0.023906 0.0968423 
qwerty 153 151 0 0.617709 0.46011 -0.824489 12.4 0.00707646 0.023906 0.0968423 
qwerty 153 151 0 0.617709 0.509434 -0.657862 13.075 0.00707646 0.023906 0.0968423 
qwerty 153 151 0 0.617709 0.558757 -0.491235 13.75 0.00707646 0.023906 0.0968423 
qwerty 153 151 0 0.617709 0.608081 -0.324607 14.425 0.00707646 0.023906 0.0968423 
qwerty 153 151 0 0.617709 0.657404 -0.15798 15.1 0.00707646 0.023906 0.0968423 
qwerty 153 151 0 0.617709 0.706728 0.00864659 15.775 0.00707646 0.023906 0.0968423 
qwerty 153 151 0 0.617709 0.756051 0.175274 16.45 0.00707646 0.023906 0.0968423 
qwerty 153 151 0 0.617709 0.805375 0.341901 17.125 0.00707646 0.023906 0.0968423 
qwerty 153 151 0 0.617709 0.854699 0.508528 17.8 0.00707646 0.023906 0.0968423 
qwerty 153 151 0 0.617709 0.866743 0.673071 18.475 0.00155362 0.023671 0.0971456 
qwerty 31 4 0 14.2219 -0.0522396 -0.267581 2.275 -0.00202378 -0.0131153 0.0991156 
qwerty 31 4 0 14.2219 -0.0660221 -0.356899 2.95 -0.00202378 -0.0131153 0.0991156 
qwerty 31 4 0 14.2219 -0.0798045 -0.446217 3.625 -0.00202378 -0.0131153 0.0991156 
qwerty 31 4 0 14.2219 -0.093587 -0.535536 4.3 -0.00202378 -0.0131153 0.0991156 
qwerty 31 4 0 14.2219 -0.107369 -0.624854 4.975 -0.00202378 -0.0131153 0.0991156 
qwerty 31 4 0 2.42 -0.497876 -0.942608 5.65 -0.0500995 -0.0396086 0.0769493 
qwerty 31 4 0 2.42 -0.937349 -1.29006 6.325 -0.0500995 -0.0396086 0.0769493 
qwerty 31 4 0 2.42 -1.37682 -1.6375 7 -0.0500995 -0.0396086 0.0769493 
qwerty 31 4 0 2.42 -1.8163 -1.98495 7.675 -0.0500995 -0.0396086 0.0769493 
qwerty 31 4 0 2.42 -2.25577 -2.3324 8.35 -0.0500995 -0.0396086 0.0769493 
qwerty 31 4 0 2.42 -2.69524 -2.67985 9.025 -0.0500995 -0.0396086 0.0769493 
qwerty 31 4 0 2.42 -3.13472 -3.02729 9.7 -0.0500995 -0.0396086 0.0769493 
qwerty 31 4 0 2.42 -3.57419 -3.37474 10.375 -0.0500995 -0.0396086 0.0769493 
qwerty 31 4 0 2.42 -4.01366 -3.72219 11.05 -0.0500995 -0.0396086 0.0769493 
qwerty 31 4 0 2.42 -4.45314 -4.06963 11.725 -0.0500995 -0.0396086 0.0769493 
qwerty 31 4 0 2.42 -4.89261 -4.41708 12.4 -0.0500995 -0.0396086 0.0769493 
qwerty 31 4 0 2.42 -5.33209 -4.76453 13.075 -0.0500995 -0.0396086 0.0769493 
qwerty 31 4 0 2.42 -5.77156 -5.11198 13.75 -0.0500995 -0.0396086 0.0769493 
qwerty 31 4 0 2.42 -6.21103 -5.45942 14.425 -0.0500995 -0.0396086 0.0769493 
qwerty 31 4 0 2.42 -6.65051 -5.80687 15.1 -0.0500995 -0.0396086 0.0769493 
qwerty 31 4 0 2.42 -7.08998 -6.15432 15.775 -0.0500995 -0.0396086 0.0769493 
qwerty 31 4 0 2.42 -7.211 -6.25 15.9609 -0.0500995 -0.0396086 0.0769493 
qwerty 31 4 0 2.42 -7.52945 -6.50177 16.45 -0.0500995 -0.0396086 0.0769493 
qwerty 31 4 0 2.42 -7.96893 -6.84921 17.125 -0.0500995 -0.0396086 0.0769493 
qwerty 31 4 0 0.77833 -9.85529 -8.75 17.7846 -0.0733717 -0.0588413 0.0339749 
qwerty 31 4 0 0.77833 -9.88859 -8.77671 17.8 -0.0733717 -0.0588413 0.0339749 
qwerty 31 4 0 0.77833 -11.25 -9.8685 18.4304 -0.0733717 -0.0588413 0.0339749 
qwerty 31 4 0 0.77833 -11.3463 -9.94574 18.475 -0.0733717 -0.0588413 0.0339749 
qwerty 31 4 0 0.77833 -12.804 -11.1148 19.15 -0.0733717 -0.0588413 0.0339749 
qwerty 169 31 1.23002 6.3658 0.0403584 -0.649052 5.65 0.0583571 -0.00605248 0.0809803 
qwerty 178 169 0 0.398303 -0.916442 -0.190582 5.15 -0.0829383 0.0361588 -0.0425885 
qwerty 178 169 0 0.398303 -2.23096 0.382511 4.475 -0.0829383 0.0361588 -0.0425885 
qwerty 176 169 0 1.86955 0.1749 -0.69482 5.65 0.0434584 -0.00342765 0.0899979 
qwerty 176 169 0 1.68901 0.572127 -0.901549 6.325 0.0491151 -0.0259138 0.0831636 
qwerty 176 169 0 1.48239 0.783337 -1.10151 7 0.0220622 -0.027335 0.0936272 
qwerty 176 169 0 1.48239 0.942393 -1.29858 7.675 0.0220622 -0.027335 0.0936272 
qwerty 176 169 0 1.48239 1.10145 -1.49565 8.35 0.0220622 -0.027335 0.0936272 
qwerty 176 169 0 1.48239 1.25 -1.6797 8.98042 0.0220622 -0.027335 0.0936272 
qwerty 176 169 0 1.48239 1.2605 -1.69272 9.025 0.0220622 -0.027335 0.0936272 
qwerty 176 169 0 1.48239 1.41956 -1.88979 9.7 0.0220622 -0.027335 0.0936272 
qwerty 176 169 0 1.48239 1.57862 -2.08686 10.375 0.0220622 -0.027335 0.0936272 
qwerty 176 169 0 1.48239 1.73767 -2.28393 11.05 0.0220622 -0.027335 0.0936272 
qwerty 176 169 0 1.48239 1.89673 -2.481 11.725 0.0220622 -0.027335 0.0936272 
qwerty 176 169 0 1.48239 2.05578 -2.67807 12.4 0.0220622 -0.027335 0.0936272 
qwerty 176 169 0 1.48239 2.21484 -2.87514 13.075 0.0220622 -0.027335 0.0936272 
qwerty 176 169 0 1.48239 2.3739 -3.07221 13.75 0.0220622 -0.027335 0.0936272 
qwerty 176 169 0 1.48239 2.53295 -3.26928 14.425 0.0220622 -0.027335 0.0936272 
qwerty 176 169 0 1.48239 2.69201 -3.46635 15.1 0.0220622 -0.027335 0.0936272 
qwerty 176 169 0 1.48239 2.85106 -3.66342 15.775 0.0220622 -0.027335 0.0936272 
qwerty 176 169 0 1.48239 2.92094 -3.75 16.0716 0.0220622 -0.027335 0.0936272 
qwerty 176 169 0 1.48239 3.01012 -3.86049 16.45 0.0220622 -0.027335 0.0936272 
qwerty 176 169 0 1.48239 3.16917 -4.05756 17.125 0.0220622 -0.027335 0.0936272 
qwerty 176 169 0 1.48239 3.32823 -4.25463 17.8 0.0220622 -0.027335 0.0936272 
qwerty 176 169 0 1.48239 3.48729 -4.4517 18.475 0.0220622 -0.027335 0.0936272 
qwerty 176 169 0 1.48239 3.64634 -4.64877 19.15 0.0220622 -0.027335 0.0936272 
qwerty 176 169 0 1.48239 3.75 -4.7772 19.5899 0.0220622 -0.027335 0.0936272 
qwerty 176 169 0 1.48239 3.8054 -4.84584 19.825 0.0220622 -0.027335 0.0936272 
qwerty 176 169 0 1.48239 3.96445 -5.04291 20.5 0.0220622 -0.027335 0.0936272 
qwerty 176 169 0 1.48239 4.12351 -5.23998 21.175 0.0220622 -0.027335 0.0936272 
qwerty 176 169 0 1.48239 4.28257 -5.43705 21.85 0.0220622 -0.027335 0.0936272 
qwerty 176 169 0 1.48239 4.44162 -5.63412 22.525 0.0220622 -0.027335 0.0936272 
qwerty 176 169 0 1.48239 4.60068 -5.83119 23.2 0.0220622 -0.027335 0.0936272 
qwerty 176 169 0 1.48239 4.75973 -6.02826 23.875 0.0220622 -0.027335 0.0936272 
qwerty 176 169 0 1.48239 4.91879 -6.22533 24.55 0.0220622 -0.027335 0.0936272 
qwerty 176 169 0 1.48239 5.07785 -6.4224 25.225 0.0220622 -0.027335 0.0936272 
qwerty 176 169 0 1.48239 5.2369 -6.61947 25.9 0.0220622 -0.027335 0.0936272 
qwerty 176 169 0 1.48239 5.39596 -6.81654 26.575 0.0220622 -0.027335 0.0936272 
qwerty 176 169 0 1.48239 5.55501 -7.01361 27.25 0.0220622 -0.027335 0.0936272 
qwerty 176 169 0 1.48239 5.71407 -7.21068 27.925 0.0220622 -0.027335 0.0936272 
qwerty 176 169 0 1.48239 5.87312 -7.40775 28.6 0.0220622 -0.027335 0.0936272 
qwerty 176 169 0 1.48239 6.03218 -7.60482 29.275 0.0220622 -0.027335 0.0936272 
qwerty 176 169 0 1.48239 6.19124 -7.80189 29.95 0.0220622 -0.027335 0.0936272 
qwerty 176 169 0 1.48239 6.25 -7.8747 30.1994 0.0220622 -0.027335 0.0936272 
qwerty 176 169 0 1.48239 6.35029 -7.99896 30.625 0.0220622 -0.027335 0.0936272 
qwerty 176 169 0 1.48239 6.50935 -8.19603 31.3 0.0220622 -0.027335 0.0936272 
qwerty 176 169 0 1.48239 6.6684 -8.3931 31.975 0.0220622 -0.027335 0.0936272 
qwerty 176 169 0 1.48239 6.82746 -8.59017 32.65 0.0220622 -0.027335 0.0936272 
qwerty 176 169 0 1.48239 6.98652 -8.78724 33.325 0.0220622 -0.027335 0.0936272 
qwerty 176 169 0 1.48239 7.14557 -8.98431 34 0.0220622 -0.027335 0.0936272 
qwerty 176 169 0 1.48239 7.30463 -9.18139 34.675 0.0220622 -0.027335 0.0936272 
qwerty 176 169 0 1.48239 7.46368 -9.37846 35.35 0.0220622 -0.027335 0.0936272 
qwerty 176 169 0 1.48239 7.62274 -9.57553 36.025 0.0220622 -0.027335 0.0936272 
qwerty 176 169 0 1.48239 7.7818 -9.7726 36.7 0.0220622 -0.027335 0.0936272 
qwerty 176 169 0 1.48239 7.94085 -9.96967 37.375 0.0220622 -0.027335 0.0936272 
qwerty 176 169 0 1.48239 8.09991 -10.1667 38.05 0.0220622 -0.027335 0.0936272 
qwerty 176 169 0 0.590343 7.67847 -10.081 38.725 -0.0661619 0.0194071 0.0724291 
qwerty 176 169 0 0.462209 7.71745 -10.1795 39.4 0.0127648 -0.0180275 0.0975298 
qwerty 176 169 0 0.447113 7.88507 -10.183 40.075 0.027431 0.00497679 0.0960353 
qwerty 183 176 0.00493206 0.2078 8.1359 -10.2228 38.2257 -0.0600481 0.0771104 0.021171 
qwerty 183 176 0.00964438 0.198156 8.13392 -10.2208 38.2259 -0.0883511 0.0358474 0.0301505 
qwerty 183 176 0.00648494 0.191671 8.13164 -10.2192 38.2269 -0.0922472 0.0335191 0.0191552 
qwerty 183 176 0.00403873 0.187632 8.12937 -10.2182 38.2271 -0.0831541 0.0476924 0.028475 
qwerty 183 176 0.00374629 0.183886 8.12696 -10.2172 38.2279 -0.0973022 0.0195436 0.0122611 
qwerty 183 176 0.00596944 0.177916 8.12455 -10.2164 38.2282 -0.0859884 0.0503483 -0.0084282 
qwerty 183 176 0.00721091 0.170705 8.12212 -10.2151 38.2274 -0.0786695 0.0599906 -0.0145685 
qwerty 183 176 0.00668555 0.16402 8.12001 -10.2134 38.2271 -0.0843034 0.0537384 0.00226105 
qwerty 183 176 0.0275834 0.136436 8.11786 -10.2115 38.2268 -0.074146 0.0505642 -0.0441094 
qwerty 183 176 0.00851396 0.127922 8.11554 -10.2098 38.226 -0.0418649 0.0881174 -0.0219692 
qwerty 183 176 0.0179131 0.110009 8.1146 -10.2076 38.2259 -0.0626711 0.0723679 -0.0289002 
qwerty 183 176 0.0084391 0.10157 8.11272 -10.2054 38.2251 -0.0701435 0.0665852 -0.0254225 
qwerty 183 176 0.000654224 0.100916 8.11245 -10.2052 38.225 -0.0685068 0.0709776 -0.0164012 
qwerty 183 176 0.00350868 0.0936073 8.11186 -10.2047 38.2254 -0.0934562 0.0204004 0.0291506 
qwerty 183 176 0.00401483 0.0895924 8.11112 -10.2046 38.2256 -0.0980905 -0.00355162 0.0191215 
qwerty 183 176 0.00527544 0.084317 8.11041 -10.2046 38.2256 -0.0844667 0.0483118 0.0230509 
qwerty 183 176 0.00262213 0.0816949 8.10985 -10.2044 38.2258 -0.0794166 0.0596057 0.0118392 
qwerty 183 176 0.00185433 0.0798405 8.10938 -10.2039 38.2258 -0.0608994 0.0772995 0.0177779 
qwerty 183 176 0.0041125 0.075728 8.10881 -10.2033 38.2258 -0.0554465 0.0810747 -0.0187772 
qwerty 183 176 0.00344029 0.0722877 8.10854 -10.2027 38.2258 -0.0552189 0.0829278 0.00859343 
qwerty 183 176 0.00188281 0.0704049 8.10819 -10.2022 38.226 -0.0672678 0.064145 0.0368844 
qwerty 183 176 0.00231489 0.0680901 8.10772 -10.2018 38.2263 -0.0617083 0.0691144 0.0376204 
qwerty 183 176 0.00297172 0.0651183 8.10712 -10.2013 38.2264 -0.0728874 0.0671291 0.0134579 
qwerty 183 176 0.00401011 0.0611082 8.10666 -10.2007 38.2265 -0.0460958 0.0877544 0.0132039 
qwerty 183 176 0.00463975 0.0564685 8.10643 -10.1997 38.2266 -0.0592295 0.0705153 0.0389801 
qwerty 183 176 0.00908237 0.0473861 8.10604 -10.199 38.2269 -0.00724234 0.0982712 0.0170389 
qwerty 183 176 0.00405104 0.0433351 8.10616 -10.1981 38.2269 0.00776701 0.0962859 -0.0258592 
qwerty 183 176 0.00864692 0.0346881 8.10621 -10.1971 38.2269 -0.0104284 0.0913109 -0.0394153 
qwerty 183 176 0.0346881 0 8.10668 -10.1963 38.2264 0.0245699 0.067714 -0.0693624 
qwerty 174 169 0 0.492621 0.0244747 -0.86489 5.65 0.0204584 -0.0353928 0.0912623 
qwerty 29 4 0 1.15309 -0.0388198 -0.177617 1.6 -0.00187235 -0.0134075 0.0990794 
qwerty 29 4 0 1.15309 -0.0515756 -0.268958 2.275 -0.00187235 -0.0134075 0.0990794 
qwerty 29 4 0 1.15309 -0.0643313 -0.3603 2.95 -0.00187235 -0.0134075 0.0990794 
qwerty 29 4 0 1.15309 -0.0770871 -0.451642 3.625 -0.00187235 -0.0134075 0.0990794 
qwerty 29 4 0 1.15309 -0.0898428 -0.542983 4.3 -0.00187235 -0.0134075 0.0990794 
qwerty 29 4 0 1.15309 -0.102599 -0.634325 4.975 -0.00187235 -0.0134075 0.0990794 
qwerty 29 4 0 1.15309 -0.115354 -0.725667 5.65 -0.00187235 -0.0134075 0.0990794 
qwerty 28 4 0 0.588064 -0.0385988 -0.168336 1.6 -0.00170057 -0.0116363 0.0993061 
qwerty 28 4 0 0.446975 -0.0463036 -0.221056 2.04992 0.0592854 -0.041049 0.0692836 
qwerty 28 4 0 0.446975 0.146293 -0.354409 2.275 0.0592854 -0.041049 0.0692836 
qwerty 190 28 0.141089 0 -0.0561227 -0.216948 2.05972 -0.0678838 0.0284009 0.0677139 
qwerty 27 4 0 58.2906 -0.0415218 -0.142468 1.6 -0.0022787 -0.00665375 0.0997524 
qwerty 192 27 0.866556 55.9365 -0.00911606 -0.226471 2.275 0.00355155 -0.0138518 0.0989723 
qwerty 192 27 1.08878 49.6142 0.0548039 -0.281337 2.95 0.00834335 -0.00809047 0.0993224 
qwerty 192 27 0.944606 30.0427 0.307958 -0.326594 3.625 0.0356531 -0.00429542 0.0933296 
qwerty 200 192 0 1.13912 1.23404 -0.353288 4.3 0.0801935 0.0013584 0.0597256 
qwerty 200 192 0 1.13912 2.14036 -0.337935 4.975 0.0801935 0.0013584 0.0597256 
qwerty 200 192 0 1.13912 3.04668 -0.322583 5.65 0.0801935 0.0013584 0.0597256 
qwerty 200 192 0 0.549579 3.4373 -0.315966 5.94092 0.0522036 -0.0832258 0.0186616 
qwerty 200 192 0 0.549579 3.75 -0.814497 6.0527 0.0522036 -0.0832258 0.0186616 
qwerty 200 192 0 0.549579 4.51172 -2.02886 6.325 0.0522036 -0.0832258 0.0186616 
qwerty 200 192 0 0.549579 5.5913 -3.75 6.71093 0.0522036 -0.0832258 0.0186616 
qwerty 200 192 0 0.549579 6.39994 -5.03918 7 0.0522036 -0.0832258 0.0186616 
qwerty 200 192 0 0.24499 7.24311 -6.46788 7.53178 0.0378365 -0.0121381 -0.0917664 
qwerty 200 192 0 0.199354 7.36815 -6.50799 7.22852 0.0589041 0.0691588 -0.0418015 
qwerty 200 192 0 0.199354 7.44356 -6.41945 7.175 0.0589041 0.0691588 -0.0418015 
qwerty 207 200 0.0456359 0 7.36792 -6.50955 7.22721 -0.0112047 -0.0759331 -0.0640985 
qwerty 206 200 0.286454 0 7.25351 -6.49706 7.56512 0.022842 -0.0641176 0.073261 
qwerty 204 200 0.142029 0.447508 3.4718 -0.298336 5.98532 0.0574379 0.00797418 0.0814696 
qwerty 204 200 0.213268 0.234241 3.51783 -0.327166 6.04475 -0.035473 -0.0775014 0.0522992 
qwerty 204 200 0.234241 0 3.50607 -0.352852 6.06208 -0.035473 -0.0775014 0.0522992 
qwerty 199 192 0 15.2745 0.726482 -0.108526 4.3 0.0510146 0.0282633 0.0812324 
qwerty 199 192 0 15.2745 1.15039 0.126328 4.975 0.0510146 0.0282633 0.0812324 
qwerty 199 192 0 15.2745 1.57429 0.361182 5.65 0.0510146 0.0282633 0.0812324 
qwerty 199 192 0 15.2745 1.9982 0.596035 6.325 0.0510146 0.0282633 0.0812324 
qwerty 199 192 0 15.2745 2.4221 0.830889 7 0.0510146 0.0282633 0.0812324 
qwerty 199 192 0 15.2745 2.84601 1.06574 7.675 0.0510146 0.0282633 0.0812324 
qwerty 199 192 0 15.2745 3.17859 1.25 8.20458 0.0510146 0.0282633 0.0812324 
qwerty 199 192 0 15.2745 3.26992 1.3006 8.35 0.0510146 0.0282633 0.0812324 
qwerty 199 192 0 15.2745 3.69382 1.53545 9.025 0.0510146 0.0282633 0.0812324 
qwerty 199 192 0 15.2745 4.11773 1.7703 9.7 0.0510146 0.0282633 0.0812324 
qwerty 199 192 0 15.2745 4.54163 2.00516 10.375 0.0510146 0.0282633 0.0812324 
qwerty 199 192 0 15.2745 4.96554 2.24001 11.05 0.0510146 0.0282633 0.0812324 
qwerty 199 192 0 15.2745 5.38944 2.47487 11.725 0.0510146 0.0282633 0.0812324 
qwerty 199 192 0 15.2745 5.81335 2.70972 12.4 0.0510146 0.0282633 0.0812324 
qwerty 199 192 0 15.2745 6.23725 2.94457 13.075 0.0510146 0.0282633 0.0812324 
qwerty 209 199 1.56919 5.71607 6.86274 3.54323 13.75 0.0503304 0.0713497 0.048745 
qwerty 212 209 0 0.766128 7.0198 4.28034 14.425 0.0148042 0.072351 0.0674253 
qwerty 212 209 0 0.766128 7.168 5.00465 15.1 0.0148042 0.072351 0.0674253 
qwerty 212 209 0 0.593382 7.25049 5.40778 15.4757 0.0698466 0.0579388 0.0420064 
qwerty 212 209 0 0.593382 7.74818 5.82062 15.775 0.0698466 0.0579388 0.0420064 
qwerty 212 209 0 0.593382 8.26581 6.25 16.0863 0.0698466 0.0579388 0.0420064 
qwerty 212 209 0 0.320863 8.77095 6.66903 16.3901 -0.0325067 0.0182726 0.092787 
qwerty 212 209 0 0.320863 8.74997 6.68082 16.45 -0.0325067 0.0182726 0.092787 
qwerty 212 209 0 0.298156 8.03638 6.82475 17.125 -0.0736938 0.0141804 0.0660919 
qwerty 217 212 0.153983 0.118536 8.79629 6.68549 16.3842 -0.0598563 -0.0584876 -0.0547396 
qwerty 217 212 0.118536 0 8.78983 6.67918 16.3783 -0.0598563 -0.0584876 -0.0547396 
qwerty 216 212 0.172746 0 7.23708 5.41715 15.4876 -0.0662643 0.0463357 0.0588392 
qwerty 198 192 0 0.67699 0.638284 -0.295749 4.3 0.0443948 0.00430204 0.0895019 
qwerty 198 192 0 0.67699 0.973098 -0.263305 4.975 0.0443948 0.00430204 0.0895019 
qwerty 198 192 0 0.67699 1.30791 -0.23086 5.65 0.0443948 0.00430204 0.0895019 
qwerty 198 192 0 0.67699 1.64273 -0.198415 6.325 0.0443948 0.00430204 0.0895019 
qwerty 198 192 0 0.67699 1.97754 -0.16597 7 0.0443948 0.00430204 0.0895019 
qwerty 198 192 0 0.67699 2.31235 -0.133525 7.675 0.0443948 0.00430204 0.0895019 
qwerty 198 192 0 0.67699 2.64717 -0.10108 8.35 0.0443948 0.00430204 0.0895019 
qwerty 198 192 0 0.67699 2.98198 -0.0686355 9.025 0.0443948 0.00430204 0.0895019 
qwerty 198 192 0 0.67699 3.3168 -0.0361907 9.7 0.0443948 0.00430204 0.0895019 
qwerty 198 192 0 0.67699 3.65161 -0.0037458 10.375 0.0443948 0.00430204 0.0895019 
qwerty 198 192 0 0.67699 3.98642 0.0286991 11.05 0.0443948 0.00430204 0.0895019 
qwerty 198 192 0 0.501317 4.13848 -0.333807 11.725 0.0124717 -0.0546834 0.08279 
qwerty 198 192 0 0.501317 4.24016 -0.779649 12.4 0.0124717 -0.0546834 0.08279 
qwerty 198 192 0 0.214863 4.99549 -0.862748 11.9 0.0804926 -0.00545785 -0.059086 
qwerty 196 192 0 0.916346 0.27524 -0.366229 3.625 0.0336312 -0.0107334 0.0935614 
qwerty 195 192 0 14.0946 0.241051 -0.417255 3.625 0.0275563 -0.0201772 0.0939869 
qwerty 195 192 0 14.0946 0.438957 -0.562164 4.3 0.0275563 -0.0201772 0.0939869 
qwerty 195 192 0 14.0946 0.636862 -0.707074 4.975 0.0275563 -0.0201772 0.0939869 
qwerty 195 192 0 14.0946 0.834768 -0.851984 5.65 0.0275563 -0.0201772 0.0939869 
qwerty 195 192 0 14.0946 1.03267 -0.996893 6.325 0.0275563 -0.0201772 0.0939869 
qwerty 195 192 0 14.0946 1.23058 -1.1418 7 0.0275563 -0.0201772 0.0939869 
qwerty 195 192 0 11.5872 1.35435 -1.25455 7.675 0.0163941 -0.0156321 0.0974006 
qwerty 195 192 0 11.5872 1.46797 -1.36288 8.35 0.0163941 -0.0156321 0.0974006 
qwerty 195 192 0 11.5872 1.58158 -1.47121 9.025 0.0163941 -0.0156321 0.0974006 
qwerty 231 195 0.0181148 5.17099 1.59875 -1.50874 9.21348 -0.019391 -0.0305197 0.0932338 
qwerty 231 195 0.731729 4.43926 1.49756 -1.668 9.7 -0.0266275 0.0167723 0.0949193 
qwerty 235 231 0.0838381 0.691132 1.61203 -1.48311 9.24417 0.0193627 0.0751967 0.0630122 
qwerty 235 231 0.285855 0.405277 1.62829 -1.45617 9.26798 0.0464941 0.042275 0.077789 
qwerty 235 231 0.120614 0.284663 1.66191 -1.43835 9.28999 0.0850263 0.0169847 0.0498202 
qwerty 235 231 0.284663 0 1.70022 -1.43069 9.31244 0.0850263 0.0169847 0.0498202 
qwerty 237 231 0 0.377593 1.60324 -1.63716 10.375 0.01105 -0.00582407 0.0992168 
qwerty 236 231 0 0.729382 1.96257 -1.26056 10.375 0.0541308 0.0445875 0.0712868 
qwerty 236 231 0 0.51258 1.8868 -0.8627 11.05 -0.0215983 0.0492062 0.0843342 
qwerty 236 231 0 0.51258 1.71393 -0.46886 11.725 -0.0215983 0.0492062 0.0843342 
qwerty 236 231 0 0.51258 1.54106 -0.0750197 12.4 -0.0215983 0.0492062 0.0843342 
qwerty 236 231 0 0.51258 1.36819 0.31882 13.075 -0.0215983 0.0492062 0.0843342 
qwerty 236 231 0 0.51258 1.19532 0.71266 13.75 -0.0215983 0.0492062 0.0843342 
qwerty 236 231 0 0.51258 1.02245 1.1065 14.425 -0.0215983 0.0492062 0.0843342 
qwerty 236 231 0 0.51258 0.959463 1.25 14.6709 -0.0215983 0.0492062 0.0843342 
qwerty 236 231 0 0.51258 0.84958 1.50034 15.1 -0.0215983 0.0492062 0.0843342 
qwerty 236 231 0 0.51258 0.67671 1.89418 15.775 -0.0215983 0.0492062 0.0843342 
qwerty 194 192 0 1.4079 0.153864 -0.387426 3.625 0.0146721 -0.0154082 0.0977104 
qwerty 194 192 0 1.4079 0.255221 -0.493868 4.3 0.0146721 -0.0154082 0.0977104 
qwerty 194 192 0 1.4079 0.356578 -0.60031 4.975 0.0146721 -0.0154082 0.0977104 
qwerty 194 192 0 1.4079 0.457935 -0.706753 5.65 0.0146721 -0.0154082 0.0977104 
qwerty 245 194 0.0343207 0.534261 0.500728 -0.741244 5.82522 0.0906697 -0.00163429 0.0421466 
qwerty 245 194 0.0370836 0.497178 0.516695 -0.739922 5.83101 0.0995927 0.00666799 -0.00606936 
qwerty 245 194 0.0401093 0.457068 0.536792 -0.739169 5.82509 0.0963381 0.0223131 0.0148697 
qwerty 245 194 0.0332763 0.423792 0.554803 -0.733686 5.83048 0.0957217 0.013013 0.0258462 
qwerty 245 194 0.0298888 0.393903 0.573311 -0.734873 5.83181 0.0926802 -0.0270531 0.0260481 
qwerty 245 194 0.0311059 0.362797 0.589009 -0.735616 5.83615 0.0749931 0.00928204 0.0654972 
qwerty 245 194 0.0376509 0.325146 0.603103 -0.726437 5.85086 0.0829753 0.0507959 0.0231273 
qwerty 245 194 0.056386 0.26876 0.622461 -0.723105 5.85452 0.0826318 0.00947696 0.0555173 
qwerty 245 194 0.122602 0.146159 0.635756 -0.715741 5.86178 0.0552899 0.0152259 -0.0819219 
qwerty 245 194 0.146159 0 0.644239 -0.713405 5.84921 0.0552899 0.0152259 -0.0819219 
qwerty 193 192 0 3.03694 0.0608794 -0.286984 2.95 0.0102864 -0.00893875 0.0990671 
qwerty 193 192 0 3.03694 0.130966 -0.347889 3.625 0.0102864 -0.00893875 0.0990671 
qwerty 193 192 0 3.03694 0.201053 -0.408794 4.3 0.0102864 -0.00893875 0.0990671 
qwerty 193 192 0 3.03694 0.27114 -0.469698 4.975 0.0102864 -0.00893875 0.0990671 
qwerty 193 192 0 3.03694 0.341227 -0.530603 5.65 0.0102864 -0.00893875 0.0990671 
qwerty 193 192 0 3.03694 0.411314 -0.591508 6.325 0.0102864 -0.00893875 0.0990671 
qwerty 193 192 0 3.03694 0.4814 -0.652412 7 0.0102864 -0.00893875 0.0990671 
qwerty 193 192 0 3.03694 0.551487 -0.713317 7.675 0.0102864 -0.00893875 0.0990671 
qwerty 26 5 0 0.510999 -1.85997 -1.38612 6.325 -0.0284205 -0.0884817 0.0369223 
qwerty 26 5 0 0.214855 -2.49582 -1.25 6.60096 -0.0686513 0.0711213 0.0151249 
qwerty 26 5 0 0.214855 -4.30703 0.626375 7 -0.0686513 0.0711213 0.0151249 
qwerty 25 5 0 0.510999 -1.01324 1.25 5.22498 0.0284205 0.0884817 -0.0369223 
qwerty 25 5 0 0.510999 -0.955529 1.42968 5.15 0.0284205 0.0884817 -0.0369223 
qwerty 24 5 0 7.84683 -2.39356 -0.963877 6.325 -0.0645838 -0.065702 0.0388867 
qwerty 24 5 0 7.84683 -3.51462 -2.10434 7 -0.0645838 -0.065702 0.0388867 
qwerty 24 5 0 3.33907 -3.75 -2.43469 7.26951 -0.0331169 -0.0668634 0.0665775 
qwerty 24 5 0 3.33907 -3.9517 -2.84192 7.675 -0.0331169 -0.0668634 0.0665775 
qwerty 24 5 0 3.33907 -4.28746 -3.51982 8.35 -0.0331169 -0.0668634 0.0665775 
qwerty 24 5 0 3.33907 -4.62321 -4.19772 9.025 -0.0331169 -0.0668634 0.0665775 
qwerty 24 5 0 3.33907 -4.95897 -4.87562 9.7 -0.0331169 -0.0668634 0.0665775 
qwerty 257 253 0 0.512627 -2.80374 -1.57283 6.5 0.0634657 0.0636554 -0.043819 
qwerty 257 253 0 0.512627 -1.82609 -0.592266 5.825 0.0634657 0.0636554 -0.043819 
qwerty 263 21 0 0.294307 -1.00167 -0.114699 5.15 -0.0466312 0.070903 -0.052899 
qwerty 263 21 0.140672 0.134618 -0.998393 -0.111687 5.15197 0.0566444 0.0526427 0.0634047 
qwerty 263 21 0.0316173 0.103001 -0.997209 -0.109452 5.15419 0.0410283 0.0673073 0.0615338 
qwerty 263 21 0.0618993 0.0411012 -0.994111 -0.108276 5.15829 0.0458561 0.0471851 0.0753046 
qwerty 263 21 0.0411012 0 -0.993331 -0.107474 5.15957 0.0458561 0.0471851 0.0753046 
qwerty 20 5 0 5.65369 -1.09809 -0.0341805 5.65 -0.0253806 0.0161274 0.0953716 
qwerty 20 5 0 5.65369 -1.25 0.0623492 6.22084 -0.0253806 0.0161274 0.0953716 
qwerty 20 5 0 5.65369 -1.27772 0.0799624 6.325 -0.0253806 0.0161274 0.0953716 
qwerty 20 5 0 5.65369 -1.45735 0.194105 7 -0.0253806 0.0161274 0.0953716 
qwerty 20 5 0 5.65369 -1.63699 0.308248 7.675 -0.0253806 0.0161274 0.0953716 
qwerty 20 5 0 5.65369 -1.81662 0.422391 8.35 -0.0253806 0.0161274 0.0953716 
qwerty 20 5 0 5.65369 -1.99625 0.536534 9.025 -0.0253806 0.0161274 0.0953716 
qwerty 264 20 0.781024 1.9977 -2.20509 0.601796 9.59444 -0.0504242 -0.00490116 0.086217 
qwerty 264 20 0.239478 1.75822 -2.26683 0.595795 9.7 0.0158067 0.0168239 0.097299 
qwerty 264 20 0.259672 0.943495 -2.29087 0.679703 9.59165 -0.00976895 -0.00806435 -0.0991944 
qwerty 264 20 0.284613 0.658882 -2.25794 0.685934 9.46037 0.0275809 0.079247 0.0543986 
qwerty 264 20 0.389832 0.26905 -2.22852 0.797062 9.48437 0.0179417 0.0490608 0.0852709 
qwerty 264 20 0.26905 0 -2.22112 0.817304 9.51955 0.0179417 0.0490608 0.0852709 
qwerty 19 5 0 0.808094 -0.706931 -0.230674 4.975 -0.0147705 0.0113081 0.0982546 
qwerty 19 5 0 0.808094 -0.808403 -0.152988 5.65 -0.0147705 0.0113081 0.0982546 
qwerty 19 5 0 0.808094 -0.909875 -0.0753025 6.325 -0.0147705 0.0113081 0.0982546 
qwerty 19 5 0 0.808094 -1.01135 0.00238326 7 -0.0147705 0.0113081 0.0982546 
qwerty 19 5 0 0.808094 -1.11282 0.080069 7.675 -0.0147705 0.0113081 0.0982546 
qwerty 19 5 0 0.808094 -1.21429 0.157755 8.35 -0.0147705 0.0113081 0.0982546 
qwerty 19 5 0 0.808094 -1.25 0.185093 8.58754 -0.0147705 0.0113081 0.0982546 
qwerty 19 5 0 0.808094 -1.31576 0.235441 9.025 -0.0147705 0.0113081 0.0982546 
qwerty 19 5 0 0.808094 -1.41724 0.313126 9.7 -0.0147705 0.0113081 0.0982546 
qwerty 19 5 0 0.808094 -1.51871 0.390812 10.375 -0.0147705 0.0113081 0.0982546 
qwerty 19 5 0 0.808094 -1.62018 0.468498 11.05 -0.0147705 0.0113081 0.0982546 
qwerty 267 266 0 0.262055 -0.943633 1.17543 10.55 0.0610289 0.0629399 -0.0481046 
qwerty 18 5 0 0.486666 -0.768693 -0.200787 4.975 -0.023836 0.0155037 0.0958722 
qwerty 18 5 0 0.486666 -0.936514 -0.0916312 5.65 -0.023836 0.0155037 0.0958722 
qwerty 18 5 0 0.486666 -1.10433 0.0175242 6.325 -0.023836 0.0155037 0.0958722 
qwerty 18 5 0 0.486666 -1.27215 0.12668 7 -0.023836 0.0155037 0.0958722 
qwerty 18 5 0 0.486666 -1.43997 0.235835 7.675 -0.023836 0.0155037 0.0958722 
qwerty 16 5 0 0.0799052 -0.599475 -0.291416 4.3 -0.0392689 -0.0183975 0.0901082 
qwerty 15 5 0 2.06483 -0.596564 -0.324975 4.3 -0.0450188 -0.0260228 0.0854173 
qwerty 15 5 0 2.06483 -0.952319 -0.530617 4.975 -0.0450188 -0.0260228 0.0854173 
qwerty 15 5 0 2.06483 -1.30807 -0.736259 5.65 -0.0450188 -0.0260228 0.0854173 
qwerty 15 5 0 2.06483 -1.66383 -0.941901 6.325 -0.0450188 -0.0260228 0.0854173 
qwerty 15 5 0 2.06483 -2.01959 -1.14754 7 -0.0450188 -0.0260228 0.0854173 
qwerty 15 5 0 2.06483 -2.37534 -1.35319 7.675 -0.0450188 -0.0260228 0.0854173 
qwerty 15 5 0 1.22597 -2.55945 -1.25 8.31866 -0.0211104 0.026313 0.0941381 
qwerty 15 5 0 1.22597 -2.56648 -1.24124 8.35 -0.0211104 0.026313 0.0941381 
qwerty 15 5 0 1.22597 -2.71785 -1.05257 9.025 -0.0211104 0.026313 0.0941381 
qwerty 15 5 0 1.22597 -2.86922 -0.863896 9.7 -0.0211104 0.026313 0.0941381 
qwerty 15 5 0 1.22597 -3.02058 -0.675224 10.375 -0.0211104 0.026313 0.0941381 
qwerty 15 5 0 1.22597 -3.17195 -0.486552 11.05 -0.0211104 0.026313 0.0941381 
qwerty 15 5 0 1.22597 -3.32332 -0.297879 11.725 -0.0211104 0.026313 0.0941381 
qwerty 15 5 0 1.22597 -3.47469 -0.109207 12.4 -0.0211104 0.026313 0.0941381 
qwerty 15 5 0 1.22597 -3.62606 0.0794653 13.075 -0.0211104 0.026313 0.0941381 
qwerty 15 5 0 1.22597 -3.77742 0.268138 13.75 -0.0211104 0.026313 0.0941381 
qwerty 15 5 0 1.22597 -3.92879 0.45681 14.425 -0.0211104 0.026313 0.0941381 
qwerty 15 5 0 1.22597 -4.08016 0.645482 15.1 -0.0211104 0.026313 0.0941381 
qwerty 15 5 0 1.22597 -4.23153 0.834154 15.775 -0.0211104 0.026313 0.0941381 
qwerty 15 5 0 1.22597 -4.3829 1.02283 16.45 -0.0211104 0.026313 0.0941381 
qwerty 15 5 0 1.22597 -4.53427 1.2115 17.125 -0.0211104 0.026313 0.0941381 
qwerty 15 5 0 1.22597 -4.68563 1.40017 17.8 -0.0211104 0.026313 0.0941381 
qwerty 15 5 0 1.22597 -4.837 1.58884 18.475 -0.0211104 0.026313 0.0941381 
qwerty 14 5 0 0.764455 -0.516596 -0.256727 4.3 -0.036745 -0.0175498 0.0913335 
qwerty 14 5 0 0.764455 -0.788159 -0.386429 4.975 -0.036745 -0.0175498 0.0913335 
qwerty 14 5 0 0.764455 -1.05972 -0.51613 5.65 -0.036745 -0.0175498 0.0913335 
qwerty 14 5 0 0.764455 -1.25 -0.607008 6.12295 -0.036745 -0.0175498 0.0913335 
qwerty 14 5 0 0.764455 -1.33129 -0.645832 6.325 -0.036745 -0.0175498 0.0913335 
qwerty 14 5 0 0.604486 -1.56032 -0.392724 7 -0.0284176 0.0411539 0.0865956 
qwerty 14 5 0 0.492087 -1.78095 -0.0732099 7.67232 0.00586005 0.082811 0.0557494 
qwerty 14 5 0 0.492087 -1.78067 -0.0692245 7.675 0.00586005 0.082811 0.0557494 
qwerty 14 5 0 0.492087 -1.70971 0.93343 8.35 0.00586005 0.082811 0.0557494 
qwerty 14 5 0 0.492087 -1.63876 1.93609 9.025 0.00586005 0.082811 0.0557494 
qwerty 276 14 0.00405602 0.108343 -1.7815 -0.0738349 7.67338 -0.0339484 -0.0267314 0.0901828 
qwerty 276 14 0.0122801 0.096063 -1.78167 -0.0740287 7.67424 -0.0322777 -0.0283365 0.0903061 
qwerty 276 14 0.00333514 0.0927279 -1.78194 -0.074267 7.675 -0.0250925 -0.0484912 0.0837793 
qwerty 12 5 0 0.276395 -0.24393 -0.15749 3.625 -0.0245553 0.016396 0.0955417 
qwerty 11 5 0 2.18992 -0.246241 -0.161136 3.625 -0.024791 0.0155422 0.0956234 
qwerty 11 5 0 2.18992 -0.421239 -0.0514239 4.3 -0.024791 0.0155422 0.0956234 
qwerty 11 5 0 1.7219 -0.574843 0.044875 4.89248 -0.00587481 0.045007 0.0891059 
qwerty 11 5 0 1.7219 -0.580284 0.0865567 4.975 -0.00587481 0.045007 0.0891059 
qwerty 281 11 0.102649 0.365375 -0.609696 0.0315714 4.92334 -0.0980725 -0.0176116 0.00846271 
qwerty 281 11 0.0548734 0.310501 -0.637412 0.0347876 4.92262 -0.098837 0.00355634 0.0147851 
qwerty 281 11 0.0652989 0.245202 -0.667488 0.0309132 4.92342 -0.0526636 -0.0616735 0.0585057 
qwerty 281 11 0.0849949 0.160207 -0.68935 0.0279834 4.94156 -0.0980277 -0.0197429 -0.000885423 
qwerty 281 11 0.0645592 0.0956482 -0.7012 0.0150757 4.94181 -0.0380363 -0.0538129 0.0752157 
qwerty 281 11 0.0956482 0 -0.704044 0.0110526 4.94743 -0.0380363 -0.0538129 0.0752157 
qwerty 10 5 0 6.71015 -0.167748 -0.368379 2.95 -0.0093058 -0.0175632 0.0980048 
qwerty 10 5 0 6.71015 -0.23184 -0.489344 3.625 -0.0093058 -0.0175632 0.0980048 
qwerty 10 5 0 6.71015 -0.295933 -0.610309 4.3 -0.0093058 -0.0175632 0.0980048 
qwerty 10 5 0 6.71015 -0.360026 -0.731274 4.975 -0.0093058 -0.0175632 0.0980048 
qwerty 10 5 0 6.71015 -0.424119 -0.852239 5.65 -0.0093058 -0.0175632 0.0980048 
qwerty 10 5 0 6.71015 -0.488212 -0.973204 6.325 -0.0093058 -0.0175632 0.0980048 
qwerty 10 5 0 6.71015 -0.552305 -1.09417 7 -0.0093058 -0.0175632 0.0980048 
qwerty 10 5 0 6.71015 -0.616398 -1.21513 7.675 -0.0093058 -0.0175632 0.0980048 
qwerty 10 5 0 6.71015 -0.634872 -1.25 7.86956 -0.0093058 -0.0175632 0.0980048 
qwerty 10 5 0 6.71015 -0.680491 -1.3361 8.35 -0.0093058 -0.0175632 0.0980048 
qwerty 10 5 0 6.71015 -0.744584 -1.45706 9.025 -0.0093058 -0.0175632 0.0980048 
qwerty 10 5 0 6.71015 -0.808677 -1.57803 9.7 -0.0093058 -0.0175632 0.0980048 
qwerty 10 5 0 6.71015 -0.87277 -1.69899 10.375 -0.0093058 -0.0175632 0.0980048 
qwerty 10 5 0 6.71015 -0.936863 -1.81996 11.05 -0.0093058 -0.0175632 0.0980048 
qwerty 10 5 0 6.71015 -1.00096 -1.94092 11.725 -0.0093058 -0.0175632 0.0980048 
qwerty 10 5 0 6.71015 -1.06505 -2.06189 12.4 -0.0093058 -0.0175632 0.0980048 
qwerty 10 5 0 6.71015 -1.12914 -2.18285 13.075 -0.0093058 -0.0175632 0.0980048 
qwerty 10 5 0 6.71015 -1.19323 -2.30382 13.75 -0.0093058 -0.0175632 0.0980048 
qwerty 9 5 0 34.8867 -0.115949 -0.224823 2.275 -0.0116668 -0.0111104 0.0986937 
qwerty 9 5 0 34.8867 -0.195742 -0.300811 2.95 -0.0116668 -0.0111104 0.0986937 
qwerty 9 5 0 34.8867 -0.275535 -0.376799 3.625 -0.0116668 -0.0111104 0.0986937 
qwerty 8 5 0 18.2089 -0.0858154 -0.215473 2.275 -0.00648689 -0.00949709 0.0993364 
qwerty 8 5 0 18.2089 -0.129894 -0.280006 2.95 -0.00648689 -0.00949709 0.0993364 
qwerty 8 5 0 18.2089 -0.173973 -0.34454 3.625 -0.00648689 -0.00949709 0.0993364 
qwerty 8 5 0 18.2089 -0.218052 -0.409074 4.3 -0.00648689 -0.00949709 0.0993364 
qwerty 8 5 0 18.2089 -0.262131 -0.473607 4.975 -0.00648689 -0.00949709 0.0993364 
qwerty 8 5 0 18.2089 -0.30621 -0.538141 5.65 -0.00648689 -0.00949709 0.0993364 
qwerty 8 5 0 18.2089 -0.350289 -0.602674 6.325 -0.00648689 -0.00949709 0.0993364 
qwerty 8 5 0 18.2089 -0.394368 -0.667208 7 -0.00648689 -0.00949709 0.0993364 
qwerty 8 5 0 18.2089 -0.438447 -0.731742 7.675 -0.00648689 -0.00949709 0.0993364 
qwerty 8 5 0 18.2089 -0.482526 -0.796275 8.35 -0.00648689 -0.00949709 0.0993364 
qwerty 8 5 0 18.2089 -0.526605 -0.860809 9.025 -0.00648689 -0.00949709 0.0993364 
qwerty 290 8 1.10213 5.4354 -0.230771 -0.789616 9.7 0.0371896 0.00214148 0.0928027 
qwerty 294 290 0 3.38339 1.10474 -0.197315 10.375 0.0841337 0.0373089 0.0391098 
qwerty 294 290 0 1.92323 1.73771 0.0761769 11.05 0.0582187 0.0248651 0.07741 
qwerty 294 290 0 1.92323 2.24537 0.292996 11.725 0.0582187 0.0248651 0.07741 
qwerty 294 290 0 1.92323 2.75303 0.509815 12.4 0.0582187 0.0248651 0.07741 
qwerty 294 290 0 1.92323 3.26068 0.726634 13.075 0.0582187 0.0248651 0.07741 
qwerty 294 290 0 1.92323 3.76834 0.943453 13.75 0.0582187 0.0248651 0.07741 
qwerty 294 290 0 1.92323 4.27599 1.16027 14.425 0.0582187 0.0248651 0.07741 
qwerty 294 290 0 1.35339 4.52457 1.68089 15.1 0.0264762 0.0598867 0.0755817 
qwerty 294 290 0 1.35339 4.76102 2.21572 15.775 0.0264762 0.0598867 0.0755817 
qwerty 294 290 0 1.35339 4.99747 2.75056 16.45 0.0264762 0.0598867 0.0755817 
qwerty 294 290 0 1.35339 5.23392 3.28539 17.125 0.0264762 0.0598867 0.0755817 
qwerty 294 290 0 1.35339 5.43933 3.75 17.7114 0.0264762 0.0598867 0.0755817 
qwerty 294 290 0 1.35339 5.47038 3.82022 17.8 0.0264762 0.0598867 0.0755817 
qwerty 294 290 0 1.35339 5.70683 4.35505 18.475 0.0264762 0.0598867 0.0755817 
qwerty 294 290 0 1.26038 6.09241 5.18464 19.15 0.0343619 0.0737308 0.0581638 
qwerty 294 290 0 1.26038 6.25 5.52278 19.4167 0.0343619 0.0737308 0.0581638 
qwerty 294 290 0 1.26038 6.49119 6.0403 19.825 0.0343619 0.0737308 0.0581638 
qwerty 294 290 0 1.26038 6.88996 6.89596 20.5 0.0343619 0.0737308 0.0581638 
qwerty 294 290 0 1.26038 7.28874 7.75162 21.175 0.0343619 0.0737308 0.0581638 
qwerty 294 290 0 0.589951 7.17015 7.89231 21.85 -0.0251087 0.00879732 0.0963959 
qwerty 294 290 0 0.589951 6.99433 7.95391 22.525 -0.0251087 0.00879732 0.0963959 
qwerty 294 290 0 0.589951 6.81851 8.01551 23.2 -0.0251087 0.00879732 0.0963959 
qwerty 294 290 0 0.199099 6.7512 8.04235 23.452 -0.0239122 -0.0655087 -0.0716715 
qwerty 294 290 0 0.199099 6.72552 7.97201 23.375 -0.0239122 -0.0655087 -0.0716715 
qwerty 299 294 0.108562 0.28229 6.72284 8.05448 23.4872 -0.0526711 -0.0636079 0.0563897 
qwerty 299 294 0.28229 0 6.69941 8.02619 23.5122 -0.0526711 -0.0636079 0.0563897 
qwerty 292 290 0 0.817613 -0.269545 -0.556685 10.375 -0.00510769 0.0349801 0.0935431 
qwerty 292 290 0 0.817613 -0.306402 -0.304271 11.05 -0.00510769 0.0349801 0.0935431 
qwerty 292 290 0 0.817613 -0.343259 -0.0518576 11.725 -0.00510769 0.0349801 0.0935431 
qwerty 292 290 0 0.788036 -0.361994 0.0764506 12.0681 -0.0210759 0.0204884 0.0955826 
qwerty 292 290 0 0.788036 -0.435173 0.14759 12.4 -0.0210759 0.0204884 0.0955826 
qwerty 292 290 0 0.788036 -0.58401 0.292278 13.075 -0.0210759 0.0204884 0.0955826 
qwerty 292 290 0 0.788036 -0.732847 0.436966 13.75 -0.0210759 0.0204884 0.0955826 
qwerty 292 290 0 0.788036 -0.881683 0.581655 14.425 -0.0210759 0.0204884 0.0955826 
qwerty 292 290 0 0.788036 -1.03052 0.726343 15.1 -0.0210759 0.0204884 0.0955826 
qwerty 292 290 0 0.788036 -1.17936 0.871031 15.775 -0.0210759 0.0204884 0.0955826 
qwerty 292 290 0 0.788036 -1.32819 1.01572 16.45 -0.0210759 0.0204884 0.0955826 
qwerty 292 290 0 0.788036 -1.47703 1.16041 17.125 -0.0210759 0.0204884 0.0955826 
qwerty 292 290 0 0.788036 -1.56919 1.25 17.543 -0.0210759 0.0204884 0.0955826 
qwerty 292 290 0 0.788036 -1.62587 1.3051 17.8 -0.0210759 0.0204884 0.0955826 
qwerty 292 290 0 0.788036 -1.7747 1.44978 18.475 -0.0210759 0.0204884 0.0955826 
qwerty 292 290 0 0.788036 -1.92354 1.59447 19.15 -0.0210759 0.0204884 0.0955826 
qwerty 292 290 0 0.788036 -2.07238 1.73916 19.825 -0.0210759 0.0204884 0.0955826 
qwerty 292 290 0 0.788036 -2.22121 1.88385 20.5 -0.0210759 0.0204884 0.0955826 
qwerty 292 290 0 0.788036 -2.37005 2.02854 21.175 -0.0210759 0.0204884 0.0955826 
qwerty 292 290 0 0.788036 -2.51889 2.17322 21.85 -0.0210759 0.0204884 0.0955826 
qwerty 292 290 0 0.788036 -2.66773 2.31791 22.525 -0.0210759 0.0204884 0.0955826 
qwerty 304 292 0.0295772 0 -0.361327 0.0771185 12.0682 0.0704949 0.0706204 0.00657475 
qwerty 7 5 0 16.5832 -0.0818271 -0.231327 2.275 -0.00587321 -0.0119576 0.0991086 
qwerty 7 5 0 16.5832 -0.121828 -0.312767 2.95 -0.00587321 -0.0119576 0.0991086 
qwerty 6 5 0 0.885414 -0.0756449 -0.21682 2.275 -0.0048882 -0.00964112 0.0994141 
qwerty 6 5 0 0.885414 -0.108835 -0.282281 2.95 -0.0048882 -0.00964112 0.0994141 
qwerty 6 5 0 0.757058 -0.121053 -0.30638 3.19849 0.035992 -0.0238195 0.0902065 
qwerty 6 5 0 0.757058 0.0491212 -0.419001 3.625 0.035992 -0.0238195 0.0902065 
qwerty 6 5 0 0.757058 0.318444 -0.597238 4.3 0.035992 -0.0238195 0.0902065 
qwerty 6 5 0 0.757058 0.587766 -0.775475 4.975 0.035992 -0.0238195 0.0902065 
qwerty 6 5 0 0.721007 0.764431 -1.07109 5.65 0.0191398 -0.0434696 0.0880004 
qwerty 6 5 0 0.234368 -0.774922 -1.05262 5.15 -0.0946947 0.00183835 -0.0320863 
qwerty 308 7 0.329733 10.8293 -0.26714 -0.373603 3.25533 -0.0578451 -0.0184884 0.0794488 
qwerty 308 7 1.1343 9.69505 -0.536287 -0.459628 3.625 -0.0657799 -0.0068546 0.0750068 
qwerty 308 7 1.16197 5.27073 -0.741639 -0.794703 4.3 -0.0284381 -0.0542826 0.0790232 
qwerty 291 8 0.854318 9.66123 -0.601989 -1.00695 9.7 -0.0171447 -0.0236607 0.0956359 
qwerty 291 8 0.913028 1.65095 -0.444745 -1.57635 10.0927 0.0164695 -0.0961627 0.0219428 
qwerty 291 8 0.711603 0.939344 -0.275992 -1.829 10.1433 0.0536511 -0.0590515 0.0602867 
qwerty 291 8 0.3248 0.614543 -0.271653 -2.00009 10.2764 -0.060641 0.0352469 0.0712764 
qwerty 291 8 0.363574 0.250969 -0.354963 -1.95838 10.3628 -0.0451116 -0.0547699 -0.0704642 
qwerty 291 8 0.250969 0 -0.371541 -1.97851 10.3369 -0.0451116 -0.0547699 -0.0704642 
qwerty 291 8 0 0 -0.371541 -1.97851 10.3369 -0.0451116 -0.0547699 -0.0704642 
qwerty 289 9 0.982817 30.5739 -0.28541 -0.378033 4.3 0.00578977 0.00582006 0.0996625 
qwerty 289 9 0.50985 17.8568 -0.299425 -0.35451 4.70224 -0.00175474 0.00300691 0.0999394 
qwerty 289 9 1.36365e-05 17.8546 -0.299426 -0.354509 4.70229 -0.00174589 0.0030105 0.0999394 
qwerty 289 9 0.403941 17.4507 -0.30419 -0.346294 4.975 0.00164155 0.00495943 0.0998635 
qwerty 309 6 0.128356 0 -0.131193 -0.30333 3.20483 -0.0821742 0.0247134 0.0513484 
qwerty 339 307 0 1.33559 -0.773757 1.21303 2.45 -0.0345403 0.0871805 -0.0347352 
qwerty 339 307 0 1.33559 -1.25 2.41508 1.97107 -0.0345403 0.0871805 -0.0347352 
qwerty 339 307 0 1.33559 -1.44497 2.90719 1.775 -0.0345403 0.0871805 -0.0347352 
qwerty 339 307 0 1.33559 -1.77889 3.75 1.4392 -0.0345403 0.0871805 -0.0347352 
qwerty 339 307 0 1.02635 -2.07988 4.50972 1.13651 0.00313873 0.0996528 -0.00771136 
qwerty 339 307 0 1.02635 -2.06502 4.98148 1.1 0.00313873 0.0996528 -0.00771136 
qwerty 339 307 0 0.91746 -2.22243 8.42809 0.425 -0.015603 0.0921597 -0.0355406 
qwerty 339 307 0 0.91746 -2.51877 10.1784 -0.25 -0.015603 0.0921597 -0.0355406 
qwerty 343 339 0.0552938 0.253947 -2.09271 4.51471 1.1213 0.0141703 0.0706412 -0.0693471 
qwerty 343 339 0.0244625 0.229485 -2.09496 4.52203 1.11028 0.0284905 0.0846044 -0.0450597 
qwerty 343 339 0.00818186 0.221303 -2.0932 4.52549 1.10777 0.0235026 0.0584373 -0.0776705 
qwerty 343 339 0.0120627 0.20924 -2.09288 4.52804 1.10324 0.0146621 0.0631938 -0.0761023 
qwerty 343 339 0.0169957 0.192245 -2.09225 4.53073 1.1 0.0192242 0.0860654 -0.0471506 
qwerty 338 328 0 0.491552 -0.530152 0.0886906 3.8 -0.030232 0.0546915 -0.0780696 
qwerty 338 328 0 0.491552 -0.791542 0.56156 3.125 -0.030232 0.0546915 -0.0780696 
qwerty 338 328 0 0.491552 -1.05293 1.03443 2.45 -0.030232 0.0546915 -0.0780696 
qwerty 338 328 0 0.491552 -1.25 1.39094 1.9411 -0.030232 0.0546915 -0.0780696 
qwerty 338 328 0 0.491552 -1.31432 1.5073 1.775 -0.030232 0.0546915 -0.0780696 
qwerty 336 289 0 0.262047 0.445388 -2.32056 4.475 0.0327653 -0.0915542 -0.0233295 
qwerty 335 289 0 0.424519 -0.0894126 -0.642175 4.475 0.0267424 -0.0509205 -0.0818043 
qwerty 335 289 0 0.407101 0.352371 -1.01551 3.8 0.0554019 -0.0391033 -0.0734953 
qwerty 353 335 0.0022654 0.0597688 0.484549 -1.10809 3.62477 -0.085497 -0.00514306 -0.0516122 
qwerty 353 335 0.00178929 0.0579796 0.484269 -1.1081 3.62455 -0.0881263 0.00965827 -0.0462653 
qwerty 353 335 0.00681657 0.051163 0.483977 -1.10801 3.62439 -0.0869093 0.0335244 -0.0363715 
qwerty 353 335 0.00171334 0.0494496 0.483699 -1.10787 3.62429 -0.0947052 0.0276399 -0.0163388 
qwerty 353 335 0.00220161 0.047248 0.483338 -1.10772 3.62427 -0.0970765 0.0211906 0.011274 
qwerty 353 335 0.00254102 0.044707 0.482855 -1.10771 3.62432 -0.0664038 -0.0313552 0.0678777 
qwerty 353 335 0.0148962 0.0298108 0.482497 -1.10779 3.62455 -0.0781753 -0.0623231 -0.00210889 
qwerty 353 335 0.00141779 0.028393 0.482252 -1.10792 3.62449 -0.0721244 -0.0613316 0.0321949 
qwerty 353 335 0.00265158 0.0257414 0.481945 -1.10806 3.62459 -0.082358 0.00469443 0.0565254 
qwerty 353 335 0.00348029 0.0222611 0.481752 -1.10812 3.62483 -0.0502118 -0.00526599 0.0863194 
qwerty 353 335 0.00167744 0.0205837 0.481655 -1.10813 3.625 -0.0241561 -0.0160699 0.0956987 
qwerty 353 335 0.000298553 0.0145543 0.481653 -1.10819 3.62496 -0.039723 -0.0207466 -0.0893961 
qwerty 353 335 0.000249967 0.0143043 0.481627 -1.1082 3.62493 -0.0590077 0.00266682 -0.0806906 
qwerty 353 335 0.000525113 0.0137792 0.481602 -1.10818 3.6249 -0.0583124 0.0101197 -0.0806056 
qwerty 353 335 0.00111973 0.0126595 0.481557 -1.10817 3.62486 -0.0867922 0.0015355 -0.0496464 
qwerty 353 335 0.00299911 0.00966034 0.481499 -1.10815 3.62481 -0.0973065 0.0142139 -0.0181499 
qwerty 353 335 0.0032913 0.00636904 0.481396 -1.10816 3.62483 -0.0577087 -0.0522622 0.0627565 
qwerty 353 335 0.00636904 0 0.48136 -1.10819 3.62487 -0.0577087 -0.0522622 0.0627565 
qwerty 334 289 0 0.311365 0.175128 -0.820326 4.475 0.0504463 -0.0601728 -0.0619226 
qwerty 334 289 0 0.311365 0.535348 -1.25 4.03283 0.0504463 -0.0601728 -0.0619226 
qwerty 334 289 0 0.311365 0.725027 -1.47625 3.8 0.0504463 -0.0601728 -0.0619226 
qwerty 334 289 0 0.304512 1.22641 -2.0743 3.18456 0.0263963 -0.0727581 -0.0633205 
qwerty 334 289 0 0.304512 1.25 -2.13933 3.12796 0.0263963 -0.0727581 -0.0633205 
qwerty 334 289 0 0.304512 1.25123 -2.14274 3.125 0.0263963 -0.0727581 -0.0633205 
qwerty 355 334 0.00685361 0 1.22647 -2.07427 3.18456 0.0913305 0.0407277 1.51684e-05 
qwerty 333 289 0 0.244407 -0.130806 -0.356978 5.65 0.0274283 -0.00262874 0.096129 
qwerty 331 289 0 12.3798 -0.340374 -0.350337 5.65 -0.00535055 -0.000637026 0.0998547 
qwerty 331 289 0 12.3798 -0.376543 -0.354643 6.325 -0.00535055 -0.000637026 0.0998547 
qwerty 331 289 0 12.3798 -0.412712 -0.358949 7 -0.00535055 -0.000637026 0.0998547 
qwerty 331 289 0 12.3798 -0.44888 -0.363256 7.675 -0.00535055 -0.000637026 0.0998547 
qwerty 331 289 0 12.3798 -0.485049 -0.367562 8.35 -0.00535055 -0.000637026 0.0998547 
qwerty 331 289 0 12.3798 -0.521218 -0.371868 9.025 -0.00535055 -0.000637026 0.0998547 
qwerty 331 289 0 12.3798 -0.557387 -0.376174 9.7 -0.00535055 -0.000637026 0.0998547 
qwerty 331 289 0 12.3798 -0.593555 -0.38048 10.375 -0.00535055 -0.000637026 0.0998547 
qwerty 331 289 0 12.3798 -0.629724 -0.384786 11.05 -0.00535055 -0.000637026 0.0998547 
qwerty 331 289 0 12.3798 -0.665893 -0.389093 11.725 -0.00535055 -0.000637026 0.0998547 
qwerty 331 289 0 12.3798 -0.702062 -0.393399 12.4 -0.00535055 -0.000637026 0.0998547 
qwerty 331 289 0 12.3798 -0.73823 -0.397705 13.075 -0.00535055 -0.000637026 0.0998547 
qwerty 360 358 0 1.5753 0.797529 0.212932 12.575 0.0868218 0.0348378 -0.0353313 
qwerty 360 358 0 0.533521 1.22425 1.69481 13.075 0.0197124 0.0915832 0.034985 
qwerty 330 289 0.00029101 0 -0.299506 -0.354466 4.70693 -0.0017246 0.000919814 0.0999809 
qwerty 367 330 0.00183468 0 -0.299502 -0.354472 4.70693 0.0597316 -0.075111 -0.0281153 
qwerty 329 289 0 5.21918 -0.313988 -0.346393 4.975 -0.00532909 0.0029706 0.0998137 
qwerty 329 289 0 5.21918 -0.350026 -0.326304 5.65 -0.00532909 0.0029706 0.0998137 
qwerty 329 289 0 5.21918 -0.386065 -0.306215 6.325 -0.00532909 0.0029706 0.0998137 
qwerty 329 289 0 5.21918 -0.422103 -0.286126 7 -0.00532909 0.0029706 0.0998137 
qwerty 329 289 0 5.21918 -0.458142 -0.266037 7.675 -0.00532909 0.0029706 0.0998137 
qwerty 329 289 0 5.21918 -0.49418 -0.245948 8.35 -0.00532909 0.0029706 0.0998137 
qwerty 329 289 0 5.21918 -0.530219 -0.225859 9.025 -0.00532909 0.0029706 0.0998137 
qwerty 329 289 0 5.21918 -0.566257 -0.20577 9.7 -0.00532909 0.0029706 0.0998137 
qwerty 329 289 0 5.21918 -0.602296 -0.185681 10.375 -0.00532909 0.0029706 0.0998137 
qwerty 329 289 0 5.21918 -0.638334 -0.165592 11.05 -0.00532909 0.0029706 0.0998137 
qwerty 329 289 0 5.21918 -0.674373 -0.145503 11.725 -0.00532909 0.0029706 0.0998137 
qwerty 329 289 0 5.21918 -0.710411 -0.125414 12.4 -0.00532909 0.0029706 0.0998137 
qwerty 329 289 0 5.21918 -0.74645 -0.105325 13.075 -0.00532909 0.0029706 0.0998137 
qwerty 370 368 0 0.529675 -1.28095 0.44201 13.75 -0.0552851 0.0584435 0.0593963 
qwerty 326 289 0 3.73344 -0.251672 -0.248381 4.975 0.00439257 0.0217605 0.0975048 
qwerty 326 289 0 2.77326 -0.231352 -0.147715 5.42607 0.0335757 0.027995 0.0899386 
qwerty 326 289 0 2.77326 -0.147753 -0.0780116 5.65 0.0335757 0.027995 0.0899386 
qwerty 326 289 0 2.77326 0.104237 0.132095 6.325 0.0335757 0.027995 0.0899386 
qwerty 326 289 0 2.77326 0.356227 0.342201 7 0.0335757 0.027995 0.0899386 
qwerty 326 289 0 2.77326 0.608217 0.552307 7.675 0.0335757 0.027995 0.0899386 
qwerty 326 289 0 2.77326 0.860207 0.762413 8.35 0.0335757 0.027995 0.0899386 
qwerty 326 289 0 2.77326 1.1122 0.97252 9.025 0.0335757 0.027995 0.0899386 
qwerty 326 289 0 2.77326 1.36419 1.18263 9.7 0.0335757 0.027995 0.0899386 
qwerty 326 289 0 2.77326 1.61618 1.39273 10.375 0.0335757 0.027995 0.0899386 
qwerty 326 289 0 2.77326 1.86817 1.60284 11.05 0.0335757 0.027995 0.0899386 
qwerty 375 326 0.443641 0.516544 -0.308938 -0.100743 5.52446 0.0120649 0.0625914 0.0770503 
qwerty 375 326 0.133399 0.383145 -0.301224 -0.0800489 5.58647 0.0764649 -0.0259436 0.0589919 
qwerty 375 326 0.167712 0.215432 -0.256038 -0.0724679 5.63567 -0.0276211 0.00517282 0.0959704 
qwerty 375 326 0.0427303 0.172702 -0.260161 -0.0716957 5.65 0.0565256 -0.0631497 -0.0530751 
qwerty 375 326 0.00383174 0.16887 -0.25893 -0.0731626 5.64925 0.0578386 -0.0706767 -0.0407369 
qwerty 375 326 0.00622736 0.162643 -0.257827 -0.0743295 5.64838 0.0564303 -0.0621542 -0.0543367 
qwerty 375 326 0.00833674 0.154306 -0.25684 -0.0758281 5.64751 0.0551125 -0.0602014 -0.0577789 
qwerty 375 326 0.00587306 0.148433 -0.255605 -0.0766981 5.64623 0.0684209 -0.0588072 -0.0431311 
qwerty 375 326 0.0070232 0.14141 -0.254408 -0.0783367 5.64496 0.0497082 -0.0521508 -0.0693498 
qwerty 375 326 0.00701751 0.134392 -0.252479 -0.0796297 5.64325 0.0754664 -0.042994 -0.0495615 
qwerty 375 326 0.0161053 0.118287 -0.249528 -0.0814052 5.64175 0.0723594 -0.0603353 -0.0335227 
qwerty 375 326 0.0151438 0.103143 -0.247161 -0.0852338 5.64061 0.00553174 -0.0805599 -0.0589874 
qwerty 375 326 0.0313228 0.0718203 -0.249359 -0.0907853 5.63895 -0.0580831 -0.0601116 -0.0548903 
qwerty 375 326 0.0718203 0 -0.252001 -0.0935196 5.63646 -0.0580831 -0.0601116 -0.0548903 
qwerty 325 289 0 0.320552 -0.294684 -0.384398 4.3 0.000170269 0.00171892 0.0999851 
qwerty 324 291 0 0.510999 -0.637255 -1.81151 9.875 -0.0475808 0.0299042 -0.0827152 
qwerty 324 291 0 0.510999 -1.02554 -1.56748 9.2 -0.0475808 0.0299042 -0.0827152 
qwerty 324 291 0 0.510999 -1.25 -1.42641 8.80979 -0.0475808 0.0299042 -0.0827152 
qwerty 324 291 0 0.510999 -1.41382 -1.32344 8.525 -0.0475808 0.0299042 -0.0827152 
qwerty 324 291 0 0.510999 -1.53068 -1.25 8.32185 -0.0475808 0.0299042 -0.0827152 
qwerty 324 291 0 0.510999 -1.80211 -1.07941 7.85 -0.0475808 0.0299042 -0.0827152 
qwerty 324 291 0 0.421744 -2.05687 -1.23808 7.175 -0.0301101 -0.0323751 -0.0896952 
qwerty 324 291 0 0.421744 -2.28346 -1.48172 6.5 -0.0301101 -0.0323751 -0.0896952 
qwerty 324 291 0 0.205613 -2.38548 -1.25 6.52548 -0.0396635 0.0911457 0.0109208 
qwerty 324 291 0 0.162206 -2.49167 -1.00597 6.55472 -0.0744703 0.012203 -0.0656145 
qwerty 324 291 0 0.162206 -2.55378 -0.995794 6.5 -0.0744703 0.012203 -0.0656145 
qwerty 381 324 0.0434067 0 -2.49133 -1.00451 6.55584 0.0182481 0.0779423 0.0599333 
qwerty 380 324 0 0.0577874 -2.28369 -1.48393 6.5 0.0928421 -0.0200256 -0.031294 
qwerty 380 324 0.000272996 0.0209657 -2.28358 -1.48394 6.50005 -0.045235 -0.0162151 0.0876976 
qwerty 380 324 0.00202045 0.0189453 -2.2836 -1.48396 6.50009 -0.0483347 -0.0194215 0.0853614 
qwerty 380 324 0.00110475 0.0178405 -2.28362 -1.48396 6.50015 -0.0509453 -0.0225235 0.0830498 
qwerty 380 324 0.0012771 0.0165634 -2.28367 -1.484 6.50021 -0.0318372 -0.0685708 0.0654556 
qwerty 380 324 0.000705476 0.0158579 -2.28372 -1.48407 6.50028 -0.0359605 -0.0620547 0.0696854 
qwerty 380 324 0.00159475 0.0142632 -2.28381 -1.48415 6.50035 -0.0663052 -0.0742134 -0.00979706 
qwerty 380 324 0.00525518 0.009008 -2.284 -1.48422 6.50027 -0.07966 0.0444091 0.0410136 
qwerty 380 324 0.009008 0 -2.28409 -1.48417 6.50032 -0.07966 0.0444091 0.0410136 
qwerty 323 291 0 0.510999 -0.349637 -1.99228 10.375 0.0475808 -0.0299042 0.0827152 
qwerty 322 291 0 0.11895 -0.0228018 -2.31311 10.375 0.0427312 -0.0820536 0.0379638 
qwerty 321 291 0 0.644716 -0.397654 -2.08625 10.375 0.0206053 -0.0838169 0.0504991 
qwerty 321 291 0 0.644716 -0.122232 -3.20659 11.05 0.0206053 -0.0838169 0.0504991 
qwerty 321 291 0 0.443639 -0.102463 -3.43778 11.725 -0.00175628 -0.0175779 0.0984273 
qwerty 321 291 0 0.443639 -0.114508 -3.55833 12.4 -0.00175628 -0.0175779 0.0984273 
qwerty 321 291 0 0.443639 -0.126552 -3.67888 13.075 -0.00175628 -0.0175779 0.0984273 
qwerty 386 321 0.00820005 0.220735 -0.131922 -3.70788 13.2507 -0.0781805 0.0407826 0.0471655 
qwerty 386 321 0.00663911 0.214096 -0.134464 -3.70668 13.2516 -0.07009 0.0549941 0.0454207 
qwerty 386 321 0.00998422 0.204112 -0.136859 -3.70429 13.2527 -0.0777307 0.0472231 0.0415681 
qwerty 386 321 0.00733211 0.196779 -0.139011 -3.70262 13.2536 -0.0742395 0.0539134 0.0397724 
qwerty 386 321 0.00769763 0.189082 -0.14086 -3.70061 13.2551 -0.052184 0.0368363 0.076941 
qwerty 386 321 0.00769937 0.181382 -0.142666 -3.69942 13.2568 -0.0654487 0.0370098 0.0659298 
qwerty 386 321 0.0144849 0.166898 -0.145936 -3.69817 13.2586 -0.0798264 -0.0136493 0.0586638 
qwerty 386 321 0.0189461 0.147951 -0.149684 -3.69867 13.2619 -0.0649082 0.00378043 0.0759778 
qwerty 386 321 0.01746 0.130491 -0.154929 -3.69618 13.2657 -0.0965842 0.00919198 0.0242283 
qwerty 386 321 0.0431417 0.0873498 -0.163307 -3.69837 13.2642 -0.0967055 -0.025447 -0.000709793 
qwerty 386 321 0.0873498 0 -0.169489 -3.7 13.2641 -0.0967055 -0.025447 -0.000709793 
qwerty 318 291 0 0.371923 -0.742568 -0.968815 10.375 -0.0194721 0.0110515 0.0974613 
qwerty 318 291 0 0.371923 -0.877428 -0.892275 11.05 -0.0194721 0.0110515 0.0974613 
qwerty 318 291 0 0.371923 -1.01229 -0.815734 11.725 -0.0194721 0.0110515 0.0974613 
qwerty 315 308 0 1.97871 -0.0210325 -1.25 4.14955 0.0863882 -0.0459868 -0.0205496 
qwerty 315 308 0 1.97871 1.44846 -2.03225 3.8 0.0863882 -0.0459868 -0.0205496 
qwerty 315 308 0 1.97871 3.75 -3.25742 3.25252 0.0863882 -0.0459868 -0.0205496 
qwerty 315 308 0 1.97871 4.28609 -3.5428 3.125 0.0863882 -0.0459868 -0.0205496 
qwerty 315 308 0 1.97871 7.12372 -5.05334 2.45 0.0863882 -0.0459868 -0.0205496 
qwerty 314 308 0 0.919746 -0.735053 -1.36026 4.975 0.00102295 -0.0645709 0.0763515 
qwerty 314 308 0 0.919746 -0.726009 -1.93111 5.65 0.00102295 -0.0645709 0.0763515 
qwerty 313 308 0 0.0288108 -0.487011 -0.459931 3.625 -0.0501198 -0.0196785 0.084266 
qwerty 359 331 0.126883 5.03315 -0.760919 -0.404969 13.3304 0.0112189 -0.0043505 0.0992734 
qwerty 359 331 0.735784 4.29736 -0.713506 -0.423356 13.75 -0.0024185 -0.00711783 0.099717 
qwerty 359 331 0.061494 0.661972 -0.734596 -0.481911 13.9462 -0.0723273 -0.00601885 0.0687934 
qwerty 359 331 0.0613202 0.600652 -0.755586 -0.481811 13.9742 -0.0347626 -0.00889123 0.0933408 
qwerty 359 331 0.0646759 0.535976 -0.775942 -0.48287 14.0042 -0.0680612 -0.0545698 0.0488857 
qwerty 359 331 0.111822 0.424154 -0.807476 -0.510546 14.0193 -0.0444785 -0.0500442 0.0742781 
qwerty 359 331 0.171286 0.252868 -0.853339 -0.545314 14.0382 -0.0242194 -0.0967943 0.00665473 
qwerty 359 331 0.252868 0 -0.862347 -0.581316 14.0407 -0.0242194 -0.0967943 0.00665473 
qwerty 359 331 0 0 -0.862347 -0.581316 14.0407 -0.0242194 -0.0967943 0.00665473 
qwerty 402 359 0.190032 0.914298 -0.811837 -0.38375 13.4198 -0.0201836 0.0347069 0.0915863 
qwerty 402 359 0.196848 0.71745 -0.817526 -0.363353 13.5185 -0.0554619 0.00245509 0.0831742 
qwerty 402 359 0.324008 0.393442 -0.881014 -0.436137 13.6254 -0.0751743 -0.0464102 0.0468499 
qwerty 402 359 0.223998 0.169445 -0.980496 -0.429677 13.623 -0.0751954 -0.0498411 -0.0431453 
qwerty 402 359 0.169445 0 -0.995239 -0.439449 13.6146 -0.0751954 -0.0498411 -0.0431453 
qwerty 404 359 0 0.510999 -1.15086 -0.707135 14.425 -0.0580789 -0.0253281 0.0773649 
qwerty 404 359 0 0.510999 -1.65759 -0.92812 15.1 -0.0580789 -0.0253281 0.0773649 
qwerty 404 359 0 0.510999 -2.16432 -1.1491 15.775 -0.0580789 -0.0253281 0.0773649 
qwerty 403 359 0 0.510999 -0.775502 -0.543443 13.925 0.0580789 0.0253281 -0.0773649 
qwerty 403 359 0 0.510999 -0.26877 -0.322458 13.25 0.0580789 0.0253281 -0.0773649 
qwerty 403 359 0 0.510999 0.237961 -0.101473 12.575 0.0580789 0.0253281 -0.0773649 
qwerty 403 359 0 0.510999 0.744693 0.119511 11.9 0.0580789 0.0253281 -0.0773649 
qwerty 401 359 0 2.05286 -0.816096 -0.415394 13.75 -0.0125199 -0.003039 0.0991666 
qwerty 401 359 0 2.05286 -0.901315 -0.43608 14.425 -0.0125199 -0.003039 0.0991666 
qwerty 401 359 0 2.05286 -0.986535 -0.456765 15.1 -0.0125199 -0.003039 0.0991666 
qwerty 401 359 0 2.05286 -1.07175 -0.477451 15.775 -0.0125199 -0.003039 0.0991666 
qwerty 401 359 0 2.05286 -1.15697 -0.498136 16.45 -0.0125199 -0.003039 0.0991666 
qwerty 400 369 0 0.510999 -0.119585 -0.193937 12.575 0.0714991 -0.0103791 -0.0691386 
qwerty 400 369 0 0.510999 0.57846 -0.295268 11.9 0.0714991 -0.0103791 -0.0691386 
qwerty 398 377 0 0.510999 1.56245 1.45653 10.55 -0.0480775 -0.0248589 -0.0840868 
qwerty 398 377 0 0.510999 1.25 1.29497 10.0035 -0.0480775 -0.0248589 -0.0840868 
qwerty 398 377 0 0.510999 1.17651 1.25697 9.875 -0.0480775 -0.0248589 -0.0840868 
qwerty 398 377 0 0.510999 0.790571 1.05742 9.2 -0.0480775 -0.0248589 -0.0840868 
qwerty 398 377 0 0.510999 0.404633 0.857867 8.525 -0.0480775 -0.0248589 -0.0840868 
qwerty 398 377 0 0.510999 0.0186939 0.658314 7.85 -0.0480775 -0.0248589 -0.0840868 
qwerty 397 377 0 0.510999 2.23427 1.8039 11.725 0.0480775 0.0248589 0.0840868 
qwerty 265 20 0.562304 1.28697 -2.17597 0.508173 9.50352 -0.0342974 0.00543867 0.0937769 
qwerty 265 20 0.354752 0.932214 -2.24783 0.519568 9.7 0.0104102 0.017788 0.097853 
qwerty 428 425 0 0.175584 -0.0072978 -3.5879 9.51828 0.0792733 0.0411517 0.0449698 
qwerty 428 425 0 0.175584 0.313033 -3.42161 9.7 0.0792733 0.0411517 0.0449698 
qwerty 429 428 0.262499 0 -0.0349069 -3.61638 9.51679 -0.0695564 -0.0717479 -0.00376095 
qwerty 427 232 0 0.510999 1.14757 -3.75 9.31752 -0.0190217 -0.0979869 0.0060614 
qwerty 427 232 0 0.510999 0.662258 -6.25 9.47217 -0.0190217 -0.0979869 0.0060614 
qwerty 427 232 0 0.265464 0.658705 -6.26831 9.4733 0.0954879 -0.0252284 0.0156712 
qwerty 427 232 0 0.265464 2.04005 -6.63326 9.7 0.0954879 -0.0252284 0.0156712 
qwerty 432 427 0.0244005 0.221135 0.650865 -6.2756 9.47663 -0.0430227 -0.0817301 0.0383306 
qwerty 432 427 0.0258083 0.195327 0.644161 -6.28528 9.48173 -0.0330835 -0.0428434 0.0840828 
qwerty 432 427 0.0833737 0.111953 0.638113 -6.2964 9.49725 0.0677562 -0.0717838 0.0160058 
qwerty 432 427 0.111953 0 0.644745 -6.30342 9.49882 0.0677562 -0.0717838 0.0160058 
qwerty 426 232 0 0.440717 1.61041 -1.25 9.21732 -0.00351594 0.0892446 0.0449782 
qwerty 426 232 0 0.164884 1.58858 -0.695908 9.49657 -0.00771237 -0.0696313 -0.0713583 
qwerty 426 232 0 0.164884 1.55653 -0.985303 9.2 -0.00771237 -0.0696313 -0.0713583 
qwerty 435 426 0.275833 0 1.58839 -0.659474 9.51922 -0.000464449 0.084926 0.0527955 
qwerty 424 248 0 0.510999 -0.835489 -1.25 8.08967 -0.0918494 -0.0344418 0.0194279 
qwerty 424 248 0 0.453884 -1.38702 -1.45681 8.20633 -0.0739683 -0.0203709 0.0641382 
qwerty 424 248 0 0.453884 -1.55271 -1.50244 8.35 -0.0739683 -0.0203709 0.0641382 
qwerty 424 248 0 0.453884 -2.33116 -1.71683 9.025 -0.0739683 -0.0203709 0.0641382 
qwerty 424 248 0 0.453884 -3.10961 -1.93122 9.7 -0.0739683 -0.0203709 0.0641382 
qwerty 424 248 0 0.453884 -3.75 -2.10758 10.2553 -0.0739683 -0.0203709 0.0641382 
qwerty 424 248 0 0.453884 -3.88807 -2.1456 10.375 -0.0739683 -0.0203709 0.0641382 
qwerty 437 424 0.0571153 0 -1.38866 -1.45784 8.20398 -0.053822 -0.0336489 -0.0772719 
qwerty 422 255 0 0.510999 -4.85147 -4.79513 9.2 0.0241848 0.0255342 -0.0936114 
qwerty 422 255 0 0.510999 -4.67708 -4.61101 8.525 0.0241848 0.0255342 -0.0936114 
qwerty 422 255 0 0.510999 -4.50269 -4.42689 7.85 0.0241848 0.0255342 -0.0936114 
qwerty 422 255 0 0.510999 -4.3283 -4.24277 7.175 0.0241848 0.0255342 -0.0936114 
qwerty 422 255 0 0.510999 -4.13559 -4.03452 6.5 0.0265654 0.0287771 -0.0920117 
qwerty 421 255 0 0.510999 -5.15503 -5.11563 10.375 -0.0241848 -0.0255342 0.0936114 
qwerty 421 255 0 0.510999 -5.32942 -5.29975 11.05 -0.0241848 -0.0255342 0.0936114 
qwerty 421 255 0 0.510999 -5.50381 -5.48387 11.725 -0.0241848 -0.0255342 0.0936114 
qwerty 421 255 0 0.510999 -5.6782 -5.66799 12.4 -0.0241848 -0.0255342 0.0936114 
qwerty 421 255 0 0.510999 -5.85259 -5.8521 13.075 -0.0241848 -0.0255342 0.0936114 
qwerty 421 255 0 0.510999 -6.02697 -6.03622 13.75 -0.0241848 -0.0255342 0.0936114 
qwerty 421 255 0 0.510999 -6.20136 -6.22034 14.425 -0.0241848 -0.0255342 0.0936114 
qwerty 421 255 0 0.510999 -6.37575 -6.40446 15.1 -0.0241848 -0.0255342 0.0936114 
qwerty 421 255 0 0.510999 -6.55014 -6.58858 15.775 -0.0241848 -0.0255342 0.0936114 
qwerty 421 255 0 0.256188 -6.63248 -6.67551 16.0937 -0.0959198 -0.00923011 -0.0267246 
qwerty 421 255 0 0.239053 -6.91294 -6.7025 16.0156 -0.0823898 0.040994 -0.0391334 
qwerty 421 255 0 0.239053 -7.05102 -6.6338 15.95 -0.0823898 0.040994 -0.0391334 
qwerty 443 421 0.0171353 0 -6.91307 -6.70283 16.0157 -0.0365561 -0.0911607 0.0187982 
qwerty 442 421 0.254811 0 -6.62437 -6.68261 16.13 0.0214153 -0.0187298 0.0958675 
qwerty 420 265 0 0.216722 -2.88731 -0.0964086 10.1661 -0.0493167 0.0628778 -0.0601186 
qwerty 420 265 0 0.216722 -3.12614 0.208095 9.875 -0.0493167 0.0628778 -0.0601186 
qwerty 445 420 0.294277 0 -2.90371 -0.131445 10.1936 -0.0345555 -0.0738293 0.0579237 
qwerty 419 265 0 0.510999 -1.54623 1.25 9.20718 0.063003 0.0632534 -0.0450513 
qwerty 419 265 0 0.510999 -1.53619 1.26008 9.2 0.063003 0.0632534 -0.0450513 
qwerty 419 265 0 0.510999 -1.25 1.54741 8.99536 0.063003 0.0632534 -0.0450513 
qwerty 419 265 0 0.510999 -0.592219 2.2078 8.525 0.063003 0.0632534 -0.0450513 
qwerty 419 265 0 0.510999 0.35175 3.15552 7.85 0.063003 0.0632534 -0.0450513 
qwerty 419 265 0 0.510999 1.25 4.05735 7.20769 0.063003 0.0632534 -0.0450513 
qwerty 419 265 0 0.510999 1.29572 4.10325 7.175 0.063003 0.0632534 -0.0450513 
qwerty 418 287 0 0.496422 -3.62833 -1.81573 14.425 -0.094881 0.0210037 0.0235888 
qwerty 226 197 0.0806893 1.46644 0.299236 -0.302661 3.84505 -0.0200403 0.00845783 0.0976056 
qwerty 226 197 0.580316 0.886128 0.132911 -0.278777 4.07293 -0.057257 -0.0462787 0.0676752 
qwerty 226 197 0.454641 0.431487 -0.0506078 -0.356179 4.12375 -0.0905698 0.016512 0.0390445 
qwerty 226 197 0.348151 0.0833359 -0.126885 -0.342272 4.15663 -0.0380276 -0.0892947 -0.0240906 
qwerty 226 197 0.0833359 0 -0.129072 -0.347409 4.15524 -0.0380276 -0.0892947 -0.0240906 
qwerty 226 197 0 0 -0.129072 -0.347409 4.15524 -0.0380276 -0.0892947 -0.0240906 
qwerty 454 226 0.112039 0.73875 0.348173 -0.297741 3.8789 0.06708 0.0260772 0.069428 
qwerty 454 226 0.0818537 0.656896 0.382059 -0.271549 3.91127 0.0866528 0.0367504 -0.0337743 
qwerty 454 226 0.099475 0.557421 0.444311 -0.263687 3.90587 0.0978747 0.0201674 -0.00371689 
qwerty 454 226 0.0911865 0.466235 0.495661 -0.250915 3.91354 0.076042 0.0499055 0.0415579 
qwerty 454 226 0.111758 0.354477 0.551759 -0.240298 3.92464 0.0955817 0.0228788 0.0184583 
qwerty 454 226 0.31958 0.0348967 0.612124 -0.225849 3.9363 -0.00295196 0.0680523 -0.0732132 
qwerty 454 226 0.0348967 0 0.612087 -0.224985 3.93537 -0.00295196 0.0680523 -0.0732132 
qwerty 456 226 0 0.510999 -0.6033 -0.69288 3.8 -0.0691409 -0.0503686 -0.0517932 
qwerty 456 226 0 0.510999 -1.25 -1.164 3.31556 -0.0691409 -0.0503686 -0.0517932 
qwerty 456 226 0 0.510999 -1.50439 -1.34931 3.125 -0.0691409 -0.0503686 -0.0517932 
qwerty 456 226 0 0.510999 -2.40547 -2.00575 2.45 -0.0691409 -0.0503686 -0.0517932 
qwerty 455 226 0 0.510999 0.0641709 -0.206633 4.3 0.0691409 0.0503686 0.0517932 
qwerty 455 226 0 0.510999 0.965257 0.4498 4.975 0.0691409 0.0503686 0.0517932 
qwerty 453 226 0 0.638736 -0.962065 -0.383055 4.3 -0.0920309 -0.00582861 0.0386825 
qwerty 453 226 0 0.638736 -2.56798 -0.484763 4.975 -0.0920309 -0.00582861 0.0386825 
qwerty 452 226 0 1.36385 0.284492 -0.26258 4.3 -0.00910687 0.0104248 0.0990373 
qwerty 452 226 0 1.36385 0.222423 -0.191528 4.975 -0.00910687 0.0104248 0.0990373 
qwerty 452 226 0 1.36385 0.160354 -0.120477 5.65 -0.00910687 0.0104248 0.0990373 
qwerty 452 226 0 1.36385 0.0982853 -0.0494253 6.325 -0.00910687 0.0104248 0.0990373 
qwerty 452 226 0 1.36385 0.0362164 0.0216261 7 -0.00910687 0.0104248 0.0990373 
qwerty 452 226 0 1.36385 -0.0258525 0.0926776 7.675 -0.00910687 0.0104248 0.0990373 
qwerty 452 226 0 1.36385 -0.0879214 0.163729 8.35 -0.00910687 0.0104248 0.0990373 
qwerty 452 226 0 1.13049 0.0554988 0.330364 9.025 0.0264518 0.0260495 0.0928532 
qwerty 452 226 0 1.13049 0.247791 0.519732 9.7 0.0264518 0.0260495 0.0928532 
qwerty 452 226 0 1.13049 0.440084 0.709099 10.375 0.0264518 0.0260495 0.0928532 
qwerty 452 226 0 1.13049 0.632376 0.898467 11.05 0.0264518 0.0260495 0.0928532 
qwerty 452 226 0 1.13049 0.824668 1.08783 11.725 0.0264518 0.0260495 0.0928532 
qwerty 452 226 0 1.13049 0.989338 1.25 12.303 0.0264518 0.0260495 0.0928532 
qwerty 452 226 0 1.13049 1.01696 1.2772 12.4 0.0264518 0.0260495 0.0928532 
qwerty 452 226 0 0.567742 1.25 1.12043 12.6569 0.0638181 -0.0527622 0.0560661 
qwerty 452 226 0 0.567742 1.72593 0.726954 13.075 0.0638181 -0.0527622 0.0560661 
qwerty 210 199 1.36428 5.23654 6.71171 3.27467 13.75 0.037162 0.0485655 0.0791225 
qwerty 210 199 0.556246 1.75564 6.38362 3.25211 13.6932 -0.0992771 0.0104545 0.00589551 
qwerty 210 199 0.555283 1.20036 6.09504 3.31984 13.7225 -0.0974471 0.0210383 0.00783981 
qwerty 210 199 0.459802 0.740558 5.88038 3.37499 13.7348 -0.0773934 0.034692 0.0529786 
qwerty 210 199 0.0395665 0.700992 5.85815 3.38496 13.75 -0.0747506 0.0209691 0.0630289 
qwerty 210 199 0 0.669745 5.85584 3.38398 13.75 -0.0605271 -0.077552 0.0179486 
qwerty 210 199 0.011047 0.229326 5.84756 3.38215 13.7491 -0.00953259 0.0923289 -0.0372089 
qwerty 210 199 0.00505694 0.224269 5.84794 3.38546 13.7479 0.00203036 0.0987248 0.015789 
qwerty 210 199 0.0071314 0.217137 5.84825 3.38891 13.7483 0.00468656 0.0971669 0.0231654 
qwerty 210 199 0.00928627 0.207851 5.84848 3.39249 13.75 -0.00278336 0.0914307 0.0404064 
qwerty 210 199 0.00016499 0.207686 5.84848 3.39256 13.75 -0.00532915 0.0904099 0.0423988 
qwerty 210 199 0.00378076 0.103561 5.84779 3.39295 13.7493 0.00574502 0.0799362 -0.0598097 
qwerty 210 199 0.00480124 0.0987595 5.84775 3.39367 13.7489 0.00770219 0.0823874 -0.0561515 
qwerty 210 199 0.0118181 0.0869414 5.84761 3.39443 13.7483 0.00112283 0.0557387 -0.0830177 
qwerty 210 199 0.00276286 0.0841785 5.84753 3.39489 13.7475 0.0215171 0.0611246 -0.0761629 
qwerty 210 199 0.00742167 0.0767568 5.84805 3.39606 13.7466 -0.0113731 0.0937425 -0.032909 
qwerty 210 199 0.0155419 0.0612149 5.84844 3.3981 13.7465 0.0455081 0.079598 -0.0399146 
qwerty 210 199 0.0120542 0.0491607 5.84878 3.39966 13.7456 0.0544244 0.05604 -0.06243 
qwerty 210 199 0.0491607 0 5.85001 3.40093 13.7442 0.0544244 0.05604 -0.06243 
qwerty 210 199 0 0 5.85001 3.40093 13.7442 0.0544244 0.05604 -0.06243 
qwerty 152 33 0.832577 5.43882 0.220727 -1.3957 11.05 -0.0527509 9.77097e-05 0.0849549 
qwerty 481 76 0 0.510999 1.22046 -3.31296 7 0.0662789 -0.0513191 0.0545295 
qwerty 480 76 0 0.510999 -0.207713 -2.20714 5.825 -0.0662789 0.0513191 -0.0545295 
qwerty 480 76 0 0.510999 -1.02815 -1.57188 5.15 -0.0662789 0.0513191 -0.0545295 
qwerty 479 109 0 0.802255 0.665779 -7.00296 11.9 0.0526523 -0.0552703 -0.0645982 
qwerty 479 109 0 0.388067 1.04453 -8.32126 12.4 0.0211486 -0.0878498 0.0428386 
qwerty 479 109 0 0.388067 1.25 -9.17475 12.8162 0.0211486 -0.0878498 0.0428386 
qwerty 479 109 0 0.388067 1.37777 -9.70549 13.075 0.0211486 -0.0878498 0.0428386 
qwerty 477 117 0 0.414724 1.25 -0.581391 3.23909 0.0905852 0.0121758 -0.0405719 
qwerty 477 117 0 0.414724 1.50474 -0.547152 3.125 0.0905852 0.0121758 -0.0405719 
qwerty 477 117 0 0.365063 2.22631 -0.450163 2.80182 0.0988183 -0.00802107 0.0130615 
qwerty 477 117 0 0.365063 3.3474 -0.541162 2.95 0.0988183 -0.00802107 0.0130615 
qwerty 489 477 0.0496606 0 2.22646 -0.449341 2.79959 0.00647136 0.0345819 -0.0936067 
qwerty 475 123 0 0.510999 -5.12151 -4.6371 14.425 0.0502672 0.0770587 0.0391812 
qwerty 475 123 0 0.510999 -4.54283 -3.75 14.8761 0.0502672 0.0770587 0.0391812 
qwerty 475 123 0 0.510999 -4.25552 -3.30956 15.1 0.0502672 0.0770587 0.0391812 
qwerty 474 123 0 0.510999 -6.17364 -6.25 13.6049 -0.0502672 -0.0770587 -0.0391812 
qwerty 474 123 0 0.510999 -6.62896 -6.948 13.25 -0.0502672 -0.0770587 -0.0391812 
qwerty 474 123 0 0.510999 -7.49495 -8.27554 12.575 -0.0502672 -0.0770587 -0.0391812 
qwerty 471 152 0 1.28276 0.0154645 -1.02038 11.725 -0.0222764 0.045354 0.0862947 
qwerty 470 210 0 0.510999 5.61202 3.56613 13.25 -0.0415441 0.028836 -0.0862703 
qwerty 470 210 0 0.510999 5.28697 3.79175 12.575 -0.0415441 0.028836 -0.0862703 
qwerty 470 210 0 0.510999 4.96192 4.01737 11.9 -0.0415441 0.028836 -0.0862703 
qwerty 470 210 0 0.510999 4.63687 4.24299 11.225 -0.0415441 0.028836 -0.0862703 
qwerty 470 210 0 0.490273 4.53113 4.24923 10.55 -0.0100798 -0.00264423 -0.0994555 
qwerty 470 210 0 0.490273 4.46272 4.23128 9.875 -0.0100798 -0.00264423 -0.0994555 
qwerty 470 210 0 0.490273 4.3943 4.21333 9.2 -0.0100798 -0.00264423 -0.0994555 
qwerty 470 210 0 0.490273 4.32589 4.19539 8.525 -0.0100798 -0.00264423 -0.0994555 
qwerty 469 210 0 0.510999 5.8528 3.399 13.75 0.0415441 -0.028836 0.0862703 
qwerty 468 210 0 0.506231 6.70019 3.6445 14.425 -0.00753683 0.0438876 0.0895381 
qwerty 468 210 0 0.506231 6.68207 3.75 14.6402 -0.00753683 0.0438876 0.0895381 
qwerty 468 210 0 0.506231 6.64337 3.97535 15.1 -0.00753683 0.0438876 0.0895381 
qwerty 468 210 0 0.506231 6.58655 4.30621 15.775 -0.00753683 0.0438876 0.0895381 
qwerty 468 210 0 0.506231 6.52973 4.63706 16.45 -0.00753683 0.0438876 0.0895381 
qwerty 468 210 0 0.506231 6.47291 4.96792 17.125 -0.00753683 0.0438876 0.0895381 
qwerty 467 215 0 0.510999 6.34907 3.75 13.4964 -0.0823004 0.0255623 -0.0507269 
qwerty 467 215 0 0.510999 5.94935 3.87415 13.25 -0.0823004 0.0255623 -0.0507269 
qwerty 467 215 0 0.471959 5.35598 4.3119 12.575 -0.0536608 0.0469966 -0.0700845 
qwerty 467 215 0 0.387619 5.20035 4.66828 11.9 -0.0051569 0.0435983 -0.0898476 
qwerty 466 215 0 0.510999 7.8557 3.28205 14.425 0.0823004 -0.0255623 0.0507269 
qwerty 466 215 0 0.510999 8.95083 2.9419 15.1 0.0823004 -0.0255623 0.0507269 
qwerty 466 215 0 0.266476 9.70559 2.70747 15.5652 -0.04606 -0.0684941 0.0564539 
qwerty 466 215 0 0.266476 9.53442 2.45294 15.775 -0.04606 -0.0684941 0.0564539 
qwerty 466 215 0 0.266476 8.9837 1.63398 16.45 -0.04606 -0.0684941 0.0564539 
qwerty 514 466 0.244523 0 9.74023 2.71078 15.5721 0.0976266 0.00932566 0.0195467 
