qwerty 1 0 0 200 0 0 -0.249997 0 0 0.1 
qwerty 3 1 0 178.739 -0.18674 0.080215 0.25 -0.0345991 0.0148622 0.0926392 
qwerty 3 1 0 178.739 -0.438841 0.188506 0.925 -0.0345991 0.0148622 0.0926392 
qwerty 3 1 0 178.739 -0.690942 0.296797 1.6 -0.0345991 0.0148622 0.0926392 
qwerty 3 1 0 178.739 -0.943043 0.405088 2.275 -0.0345991 0.0148622 0.0926392 
qwerty 3 1 0 178.739 -1.19514 0.513379 2.95 -0.0345991 0.0148622 0.0926392 
qwerty 3 1 0 178.739 -1.44724 0.62167 3.625 -0.0345991 0.0148622 0.0926392 
qwerty 3 1 0 178.739 -1.69934 0.72996 4.3 -0.0345991 0.0148622 0.0926392 
qwerty 3 1 0 178.739 -1.95145 0.838251 4.975 -0.0345991 0.0148622 0.0926392 
qwerty 4 3 0.884418 35.0819 -2.35285 1.05859 5.65 -0.0552193 0.0276899 0.0786391 
qwerty 4 3 0 8.71218 -2.46275 1.11169 5.825 -0.0485773 0.0801364 -0.0349057 
qwerty 4 3 1.03601 5.92086 -2.5083 1.4606 6.325 0.0156821 0.052229 0.0838225 
qwerty 4 3 0.851826 2.72822 -2.65284 1.93602 5.94527 -0.0157472 0.0958515 -0.0237597 
qwerty 4 3 0.495154 1.36727 -2.74614 2.23702 5.87662 -0.0236108 0.09707 0.00446683 
qwerty 4 3 0.514714 0.852557 -2.81992 2.46554 5.94663 -0.032241 0.0928415 0.0184653 
qwerty 4 3 0.337442 0.515115 -2.8178 2.62474 6.06118 -0.018437 0.0667306 0.0721603 
qwerty 4 3 0.422457 0.0926583 -2.83699 2.69423 6.13632 0.0397086 0.0848535 0.0349729 
qwerty 4 3 0.0926583 0 -2.83418 2.70023 6.1388 0.0397086 0.0848535 0.0349729 
qwerty 11 4 0.0890057 0.776789 -2.71665 2.28578 5.8504 0.029438 0.0692732 -0.0658378 
qwerty 11 4 0.074144 0.702645 -2.70529 2.3125 5.825 0.0283957 0.0323755 -0.0902525 
qwerty 11 4 0.0111185 0.329598 -2.70919 2.3145 5.83098 0.0135221 0.0330026 0.0934237 
qwerty 11 4 0.0125633 0.317035 -2.70826 2.31824 5.83717 0.00955816 0.0524595 0.0845969 
qwerty 11 4 0.014396 0.302639 -2.70682 2.3225 5.84438 -0.00800242 0.0361999 0.0928737 
qwerty 11 4 0.0851432 0.217496 -2.70683 2.32694 5.85562 -0.0125878 0.0626696 0.076903 
qwerty 11 4 0.0449526 0.172543 -2.7122 2.33736 5.86676 -0.0157539 0.0162117 0.0974115 
qwerty 11 4 0.172543 0 -2.71539 2.34064 5.88643 -0.0157539 0.0162117 0.0974115 
qwerty 9 4 0 21.516 -3.06807 1.38985 6.325 -0.0719854 0.0331987 0.0609586 
qwerty 9 4 0 21.516 -3.86517 1.75746 7 -0.0719854 0.0331987 0.0609586 
qwerty 9 4 0 21.516 -4.66227 2.12507 7.675 -0.0719854 0.0331987 0.0609586 
qwerty 9 4 0 21.516 -5.45937 2.49269 8.35 -0.0719854 0.0331987 0.0609586 
qwerty 9 4 0 21.516 -6.25 2.85731 9.01952 -0.0719854 0.0331987 0.0609586 
qwerty 9 4 0 21.516 -6.25648 2.8603 9.025 -0.0719854 0.0331987 0.0609586 
qwerty 9 4 0 21.516 -7.05358 3.22791 9.7 -0.0719854 0.0331987 0.0609586 
qwerty 9 4 0 21.516 -7.85068 3.59552 10.375 -0.0719854 0.0331987 0.0609586 
qwerty 9 4 0 21.516 -8.18564 3.75 10.6586 -0.0719854 0.0331987 0.0609586 
qwerty 9 4 0 21.516 -8.64778 3.96313 11.05 -0.0719854 0.0331987 0.0609586 
qwerty 9 4 0 21.516 -9.44488 4.33075 11.725 -0.0719854 0.0331987 0.0609586 
qwerty 9 4 0 21.516 -10.242 4.69836 12.4 -0.0719854 0.0331987 0.0609586 
qwerty 9 4 0 21.516 -11.0391 5.06597 13.075 -0.0719854 0.0331987 0.0609586 
qwerty 9 4 0 21.516 -11.8362 5.43358 13.75 -0.0719854 0.0331987 0.0609586 
qwerty 9 4 0 21.516 -12.6333 5.80119 14.425 -0.0719854 0.0331987 0.0609586 
qwerty 9 4 0 21.516 -13.4304 6.16881 15.1 -0.0719854 0.0331987 0.0609586 
qwerty 13 9 0.986935 6.42141 -13.6653 6.44555 15.775 0.0167505 0.0375419 0.0911594 
qwerty 8 4 0 2.03964 -2.82115 1.30922 6.325 -0.0545053 0.029188 0.0785954 
qwerty 8 4 0 2.03964 -3.28926 1.55989 7 -0.0545053 0.029188 0.0785954 
qwerty 23 20 0 0.200058 -3.62358 1.89656 6.59278 6.08523e-06 0.0925365 -0.0379077 
qwerty 23 20 0 0.200058 -3.62356 2.12304 6.5 6.08523e-06 0.0925365 -0.0379077 
qwerty 24 23 0.0241491 0 -3.62394 1.89621 6.59235 -0.0556275 -0.0520518 -0.0647781 
qwerty 7 4 0 0.235771 -2.40003 1.00266 5.65 -0.056003 0.0206634 0.0802289 
qwerty 6 4 0 3.74889 -2.24941 0.989535 5.65 -0.0399598 0.020613 0.0893215 
qwerty 6 4 0 3.74889 -2.55138 1.14531 6.325 -0.0399598 0.020613 0.0893215 
qwerty 6 4 0 3.74889 -2.75434 1.25 6.77866 -0.0399598 0.020613 0.0893215 
qwerty 6 4 0 3.74889 -2.85336 1.30108 7 -0.0399598 0.020613 0.0893215 
qwerty 6 4 0 3.74889 -3.15533 1.45685 7.675 -0.0399598 0.020613 0.0893215 
qwerty 6 4 0 3.74889 -3.45731 1.61262 8.35 -0.0399598 0.020613 0.0893215 
qwerty 6 4 0 3.74889 -3.75 1.7636 9.00425 -0.0399598 0.020613 0.0893215 
qwerty 6 4 0 3.74889 -3.75928 1.76839 9.025 -0.0399598 0.020613 0.0893215 
qwerty 6 4 0 3.74889 -4.06126 1.92416 9.7 -0.0399598 0.020613 0.0893215 
qwerty 6 4 0 3.74889 -4.36323 2.07994 10.375 -0.0399598 0.020613 0.0893215 
qwerty 6 4 0 3.74889 -4.66521 2.23571 11.05 -0.0399598 0.020613 0.0893215 
qwerty 6 4 0 3.74889 -4.96718 2.39148 11.725 -0.0399598 0.020613 0.0893215 
qwerty 6 4 0 3.74889 -5.26916 2.54725 12.4 -0.0399598 0.020613 0.0893215 
qwerty 6 4 0 3.74889 -5.57113 2.70302 13.075 -0.0399598 0.020613 0.0893215 
qwerty 6 4 0 3.74889 -5.87311 2.85879 13.75 -0.0399598 0.020613 0.0893215 
qwerty 6 4 0 3.74889 -6.17508 3.01457 14.425 -0.0399598 0.020613 0.0893215 
qwerty 6 4 0 3.74889 -6.47706 3.17034 15.1 -0.0399598 0.020613 0.0893215 
qwerty 6 4 0 3.74889 -6.77903 3.32611 15.775 -0.0399598 0.020613 0.0893215 
qwerty 6 4 0 3.74889 -7.08101 3.48188 16.45 -0.0399598 0.020613 0.0893215 
qwerty 6 4 0 3.74889 -7.38298 3.63765 17.125 -0.0399598 0.020613 0.0893215 
qwerty 6 4 0 3.74889 -7.60078 3.75 17.6118 -0.0399598 0.020613 0.0893215 
qwerty 6 4 0 3.74889 -7.68496 3.79342 17.8 -0.0399598 0.020613 0.0893215 
qwerty 6 4 0 3.74889 -7.98693 3.9492 18.475 -0.0399598 0.020613 0.0893215 
qwerty 6 4 0 3.74889 -8.28891 4.10497 19.15 -0.0399598 0.020613 0.0893215 
qwerty 6 4 0 3.74889 -8.59088 4.26074 19.825 -0.0399598 0.020613 0.0893215 
qwerty 6 4 0 0.99943 -9.39488 5.37235 20.4253 -0.0286872 0.0673853 0.0680902 
qwerty 6 4 0 0.99943 -9.42637 5.44632 20.5 -0.0286872 0.0673853 0.0680902 
qwerty 6 4 0 0.99943 -9.71076 6.11433 21.175 -0.0286872 0.0673853 0.0680902 
qwerty 6 4 0 0.99943 -9.99514 6.78234 21.85 -0.0286872 0.0673853 0.0680902 
qwerty 6 4 0 0.99943 -10.2795 7.45035 22.525 -0.0286872 0.0673853 0.0680902 
qwerty 6 4 0 0.99943 -10.5639 8.11836 23.2 -0.0286872 0.0673853 0.0680902 
qwerty 6 4 0 0.99943 -10.8483 8.78638 23.875 -0.0286872 0.0673853 0.0680902 
qwerty 6 4 0 0.17767 -10.9154 8.47785 23.375 -0.0045413 -0.0559385 -0.0827663 
qwerty 28 6 0.187919 0 -9.41194 5.38325 20.4139 -0.0734119 0.0469232 -0.0490806 
qwerty 32 27 0 0.385675 -7.56758 4.69573 19.7403 0.0659775 0.0416304 0.062561 
qwerty 32 27 0 0.385675 -7.47829 4.75207 19.825 0.0659775 0.0416304 0.062561 
qwerty 32 27 0 0.385675 -6.76643 5.20124 20.5 0.0659775 0.0416304 0.062561 
qwerty 34 32 0.112594 0 -7.56313 4.69873 19.732 0.0449662 0.0303747 -0.0839966 
qwerty 2 1 0 156.237 0.219303 -0.0942024 0.25 0.0395822 -0.0170027 0.090245 
qwerty 2 1 0 156.237 0.515363 -0.221376 0.925 0.0395822 -0.0170027 0.090245 
qwerty 2 1 0 156.237 0.811424 -0.34855 1.6 0.0395822 -0.0170027 0.090245 
qwerty 2 1 0 156.237 1.10748 -0.475725 2.275 0.0395822 -0.0170027 0.090245 
qwerty 2 1 0 156.237 1.40355 -0.602899 2.95 0.0395822 -0.0170027 0.090245 
qwerty 2 1 0 156.237 1.69961 -0.730073 3.625 0.0395822 -0.0170027 0.090245 
qwerty 2 1 0 156.237 1.99567 -0.857247 4.3 0.0395822 -0.0170027 0.090245 
qwerty 2 1 0 156.237 2.29173 -0.984421 4.975 0.0395822 -0.0170027 0.090245 
qwerty 2 1 0 156.237 2.58779 -1.11159 5.65 0.0395822 -0.0170027 0.090245 
qwerty 2 1 0 156.237 2.88385 -1.23877 6.325 0.0395822 -0.0170027 0.090245 
qwerty 38 2 0.948144 41.4279 3.01699 -1.36931 6.90238 0.0161071 -0.0222489 0.0961538 
qwerty 38 2 0.146781 41.2812 3.03334 -1.3919 7 0.0158825 -0.0239789 0.0957745 
qwerty 38 2 0.967056 37.7133 3.06484 -1.70139 7.675 0.00383201 -0.0465778 0.0884072 
qwerty 38 2 0.957803 33.0443 2.98426 -1.87664 8.35 -0.0208976 -0.0187007 0.0959874 
qwerty 38 2 0.772728 28.1363 2.88232 -1.93625 9.025 -0.00502103 -0.0150829 0.0987284 
qwerty 38 2 1.08552 6.43822 3.03502 -2.01824 9.7 -0.0189369 0.0366763 0.0910837 
qwerty 41 38 0.145274 0.176113 3.06511 -1.39475 6.87812 0.0711509 -0.0587913 0.0384854 
qwerty 41 38 0.176113 0 3.07997 -1.40703 6.88616 0.0711509 -0.0587913 0.0384854 
qwerty 37 2 1.07256 39.5863 3.19192 -1.5162 7 0.0295066 -0.0338775 0.0893402 
qwerty 37 2 0.791558 34.2695 3.45255 -1.68716 7.675 0.0375144 -0.0287459 0.0881269 
qwerty 37 2 0.429512 21.7552 3.70894 -1.70896 8.07258 0.0677741 0.0050764 0.0733546 
qwerty 37 2 0.5434 21.2118 3.96525 -1.68976 8.35 0.0674586 0.00694112 0.0734925 
qwerty 37 2 1.28198 9.41379 4.60852 -1.71576 8.93266 0.074808 -0.00756165 0.0659286 
qwerty 37 2 0.215541 9.19825 4.7133 -1.72635 9.025 0.0739662 -0.00929255 0.0666532 
qwerty 58 37 0.288754 0.420331 3.74713 -1.70892 8.20151 0.0344252 0.0642258 0.0684832 
qwerty 58 37 0.22173 0.198601 3.75711 -1.63338 8.23 -0.0791915 0.0605388 0.00798457 
qwerty 58 37 0.198601 0 3.73698 -1.618 8.23203 -0.0791915 0.0605388 0.00798457 
qwerty 67 64 0 0.461818 4.83003 -1.49964 8.525 0.011262 0.0438902 -0.0891449 
qwerty 67 64 0 0.461818 4.89408 -1.25 8.01797 0.011262 0.0438902 -0.0891449 
qwerty 67 64 0 0.461818 4.9153 -1.1673 7.85 0.011262 0.0438902 -0.0891449 
qwerty 66 37 0 1.25319 4.65219 -1.25 9.51033 -0.0285245 0.0812606 0.0508239 
qwerty 66 37 0 1.25319 4.54574 -0.946751 9.7 -0.0285245 0.0812606 0.0508239 
qwerty 66 37 0 1.25319 4.1669 0.132483 10.375 -0.0285245 0.0812606 0.0508239 
qwerty 66 37 0 1.25319 3.78806 1.21172 11.05 -0.0285245 0.0812606 0.0508239 
qwerty 66 37 0 1.25319 3.40922 2.29095 11.725 -0.0285245 0.0812606 0.0508239 
qwerty 66 37 0 1.25319 3.03039 3.37019 12.4 -0.0285245 0.0812606 0.0508239 
qwerty 63 37 0 0.480007 5.16885 -2.10135 9.7 0.0502104 -0.0417954 0.0757103 
qwerty 63 37 0 0.480007 5.58157 -2.55361 10.375 0.0450951 -0.0499125 0.0739944 
qwerty 62 37 0 0.00909606 4.72079 -1.72809 9.025 0.076957 -0.00845233 0.0632944 
qwerty 61 37 0 0.269674 4.63487 -1.55854 9.025 0.0710562 0.0109648 0.0695039 
qwerty 61 37 0 0.269674 5.32494 -1.45205 9.7 0.0710562 0.0109648 0.0695039 
qwerty 60 37 0 4.95908 4.57819 -1.34713 9.025 0.063465 0.0369121 0.0678947 
qwerty 60 37 0 4.95908 4.74519 -1.25 9.20366 0.063465 0.0369121 0.0678947 
qwerty 60 37 0 4.95908 5.20915 -0.980158 9.7 0.063465 0.0369121 0.0678947 
qwerty 60 37 0 4.95908 5.84011 -0.613183 10.375 0.063465 0.0369121 0.0678947 
qwerty 60 37 0 4.95908 6.47107 -0.246209 11.05 0.063465 0.0369121 0.0678947 
qwerty 60 37 0 4.95908 7.10203 0.120766 11.725 0.063465 0.0369121 0.0678947 
qwerty 60 37 0 4.95908 7.73299 0.487741 12.4 0.063465 0.0369121 0.0678947 
qwerty 60 37 0 4.95908 8.36395 0.854715 13.075 0.063465 0.0369121 0.0678947 
qwerty 60 37 0 4.95908 8.99491 1.22169 13.75 0.063465 0.0369121 0.0678947 
qwerty 60 37 0 4.95908 9.62587 1.58866 14.425 0.063465 0.0369121 0.0678947 
qwerty 60 37 0 4.95908 10.2568 1.95564 15.1 0.063465 0.0369121 0.0678947 
qwerty 60 37 0 4.95908 10.8878 2.32261 15.775 0.063465 0.0369121 0.0678947 
qwerty 60 37 0 0.259293 10.2658 2.51559 15.275 -0.0757232 0.0128957 -0.0640289 
qwerty 74 60 0.739272 2.21881 10.9938 2.38538 16.3949 -0.00525414 0.000148094 0.0998618 
qwerty 74 60 0.0817484 2.13706 10.9909 2.38546 16.45 -0.0180698 -0.00261803 0.098319 
qwerty 74 60 0.457171 1.20781 10.7155 2.5472 16.402 -0.0837767 -0.0187245 -0.0512919 
qwerty 74 60 0.510016 0.69779 10.5128 2.39923 16.3568 -0.0527088 -0.0695003 -0.0489028 
qwerty 74 60 0.320583 0.377207 10.4459 2.28587 16.3003 -0.0172709 -0.0953947 -0.024527 
qwerty 74 60 0.377207 0 10.4339 2.21973 16.2833 -0.071202 -0.0470988 0.0520767 
qwerty 59 37 0 2.49977 4.31976 -1.40442 9.025 0.0403904 0.037488 0.0834462 
qwerty 59 37 0 2.49977 4.48614 -1.25 9.36873 0.0403904 0.037488 0.0834462 
qwerty 59 37 0 2.49977 4.64648 -1.10118 9.7 0.0403904 0.037488 0.0834462 
qwerty 59 37 0 1.44668 4.95161 -1.17877 10.375 0.0403163 -0.0166726 0.0899812 
qwerty 59 37 0 1.44668 5.12386 -1.25 10.7594 0.0403163 -0.0166726 0.0899812 
qwerty 59 37 0 1.44668 5.25405 -1.30384 11.05 0.0403163 -0.0166726 0.0899812 
qwerty 59 37 0 1.44668 5.55648 -1.42891 11.725 0.0403163 -0.0166726 0.0899812 
qwerty 59 37 0 1.44668 5.85892 -1.55398 12.4 0.0403163 -0.0166726 0.0899812 
qwerty 59 37 0 1.44668 6.16135 -1.67905 13.075 0.0403163 -0.0166726 0.0899812 
qwerty 59 37 0 1.44668 6.46379 -1.80412 13.75 0.0403163 -0.0166726 0.0899812 
qwerty 59 37 0 0.852184 6.66815 -1.88863 14.2061 -0.0117543 0.0301832 0.0946087 
qwerty 59 37 0 0.852184 6.64095 -1.8188 14.425 -0.0117543 0.0301832 0.0946087 
qwerty 59 37 0 0.852184 6.55709 -1.60345 15.1 -0.0117543 0.0301832 0.0946087 
qwerty 59 37 0 0.852184 6.47322 -1.3881 15.775 -0.0117543 0.0301832 0.0946087 
qwerty 59 37 0 0.852184 6.41944 -1.25 16.2079 -0.0117543 0.0301832 0.0946087 
qwerty 59 37 0 0.852184 6.38936 -1.17276 16.45 -0.0117543 0.0301832 0.0946087 
qwerty 59 37 0 0.852184 6.3055 -0.95741 17.125 -0.0117543 0.0301832 0.0946087 
qwerty 59 37 0 0.852184 6.22164 -0.742063 17.8 -0.0117543 0.0301832 0.0946087 
qwerty 59 37 0 0.376615 6.25 -0.733533 18 0.055095 -0.0084965 0.0830202 
qwerty 59 37 0 0.376615 6.56521 -0.782143 18.475 0.055095 -0.0084965 0.0830202 
qwerty 77 59 0.263292 0.3312 6.78517 -1.90453 14.2401 0.0642403 -0.0476273 0.0600401 
qwerty 77 59 0.3312 0 6.82175 -1.93165 14.2742 0.0642403 -0.0476273 0.0600401 
qwerty 57 37 0 5.86266 3.77119 -1.71564 8.35 0.0427824 -0.000425865 0.0903852 
qwerty 57 37 0 5.86266 4.09069 -1.71882 9.025 0.0427824 -0.000425865 0.0903852 
qwerty 57 37 0 5.86266 4.41019 -1.72201 9.7 0.0427824 -0.000425865 0.0903852 
qwerty 57 37 0 5.86266 4.72969 -1.72519 10.375 0.0427824 -0.000425865 0.0903852 
qwerty 57 37 0 5.86266 5.04919 -1.72837 11.05 0.0427824 -0.000425865 0.0903852 
qwerty 57 37 0 5.86266 5.3687 -1.73155 11.725 0.0427824 -0.000425865 0.0903852 
qwerty 55 37 0 1.7435 3.87878 -1.76994 8.35 0.0543901 -0.00845993 0.0834874 
qwerty 55 37 0 1.7435 4.31853 -1.83833 9.025 0.0543901 -0.00845993 0.0834874 
qwerty 55 37 0 1.7435 4.75828 -1.90673 9.7 0.0543901 -0.00845993 0.0834874 
qwerty 55 37 0 1.7435 5.19802 -1.97513 10.375 0.0543901 -0.00845993 0.0834874 
qwerty 55 37 0 1.7435 5.63777 -2.04353 11.05 0.0543901 -0.00845993 0.0834874 
qwerty 55 37 0 1.7435 6.07752 -2.11193 11.725 0.0543901 -0.00845993 0.0834874 
qwerty 55 37 0 1.7435 6.51726 -2.18033 12.4 0.0543901 -0.00845993 0.0834874 
qwerty 55 37 0 1.50533 7.31285 -2.25739 13.075 0.0771147 -0.0072832 0.0632478 
qwerty 55 37 0 0.936087 7.71307 -1.86148 13.75 0.0443402 0.046311 0.0767414 
qwerty 54 37 0 0.522045 3.50867 -1.67658 7.675 0.0425845 -0.0200991 0.088219 
qwerty 54 37 0 0.522045 3.8345 -1.83037 8.35 0.0425845 -0.0200991 0.088219 
qwerty 54 37 0 0.522045 4.16033 -1.98416 9.025 0.0425845 -0.0200991 0.088219 
qwerty 54 37 0 0.522045 4.48617 -2.13794 9.7 0.0425845 -0.0200991 0.088219 
qwerty 54 37 0 0.522045 4.812 -2.29173 10.375 0.0425845 -0.0200991 0.088219 
qwerty 54 37 0 0.522045 5.13783 -2.44552 11.05 0.0425845 -0.0200991 0.088219 
qwerty 54 37 0 0.522045 5.46366 -2.5993 11.725 0.0425845 -0.0200991 0.088219 
qwerty 52 37 0 1.48015 3.38919 -1.75586 7.675 0.0265331 -0.03226 0.0908586 
qwerty 52 37 0 1.48015 3.5863 -1.99552 8.35 0.0265331 -0.03226 0.0908586 
qwerty 52 37 0 1.48015 3.75 -2.19455 8.91055 0.0265331 -0.03226 0.0908586 
qwerty 52 37 0 1.48015 3.78342 -2.23519 9.025 0.0265331 -0.03226 0.0908586 
qwerty 52 37 0 1.48015 3.98054 -2.47485 9.7 0.0265331 -0.03226 0.0908586 
qwerty 52 37 0 1.48015 4.17766 -2.71451 10.375 0.0265331 -0.03226 0.0908586 
qwerty 52 37 0 1.48015 4.37477 -2.95418 11.05 0.0265331 -0.03226 0.0908586 
qwerty 52 37 0 1.48015 4.57189 -3.19384 11.725 0.0265331 -0.03226 0.0908586 
qwerty 52 37 0 1.48015 4.76901 -3.4335 12.4 0.0265331 -0.03226 0.0908586 
qwerty 52 37 0 1.48015 4.96613 -3.67317 13.075 0.0265331 -0.03226 0.0908586 
qwerty 52 37 0 1.48015 5.02932 -3.75 13.2914 0.0265331 -0.03226 0.0908586 
qwerty 52 37 0 1.48015 5.16325 -3.91283 13.75 0.0265331 -0.03226 0.0908586 
qwerty 52 37 0 1.48015 5.36036 -4.15249 14.425 0.0265331 -0.03226 0.0908586 
qwerty 52 37 0 1.48015 5.55748 -4.39216 15.1 0.0265331 -0.03226 0.0908586 
qwerty 52 37 0 1.48015 5.7546 -4.63182 15.775 0.0265331 -0.03226 0.0908586 
qwerty 52 37 0 1.48015 5.95172 -4.87148 16.45 0.0265331 -0.03226 0.0908586 
qwerty 52 37 0 1.48015 6.14883 -5.11115 17.125 0.0265331 -0.03226 0.0908586 
qwerty 52 37 0 1.48015 6.34595 -5.35081 17.8 0.0265331 -0.03226 0.0908586 
qwerty 52 37 0 1.48015 6.54307 -5.59047 18.475 0.0265331 -0.03226 0.0908586 
qwerty 52 37 0 1.48015 6.74019 -5.83014 19.15 0.0265331 -0.03226 0.0908586 
qwerty 51 37 0 3.73527 3.17395 -1.34909 7 0.0394266 -0.0143992 0.0907645 
qwerty 51 37 0 3.73527 3.46716 -1.45618 7.675 0.0394266 -0.0143992 0.0907645 
qwerty 50 37 0 42.6781 3.14562 -1.31495 7 0.0358463 -0.00988369 0.0928297 
qwerty 50 37 0 42.6781 3.40627 -1.38681 7.675 0.0358463 -0.00988369 0.0928297 
qwerty 50 37 0 42.6781 3.66692 -1.45868 8.35 0.0358463 -0.00988369 0.0928297 
qwerty 50 37 0 42.6781 3.75 -1.48159 8.56515 0.0358463 -0.00988369 0.0928297 
qwerty 50 37 0 42.6781 3.92757 -1.53055 9.025 0.0358463 -0.00988369 0.0928297 
qwerty 100 50 0 0.614334 3.71884 -1.25 9.42777 -0.0426284 0.0548539 0.0719296 
qwerty 100 50 0 0.614334 3.5575 -1.0424 9.7 -0.0426284 0.0548539 0.0719296 
qwerty 100 50 0 0.614334 3.15747 -0.52764 10.375 -0.0426284 0.0548539 0.0719296 
qwerty 100 50 0 0.614334 2.75744 -0.0128816 11.05 -0.0426284 0.0548539 0.0719296 
qwerty 100 50 0 0.614334 2.35741 0.501877 11.725 -0.0426284 0.0548539 0.0719296 
qwerty 100 50 0 0.614334 1.95737 1.01664 12.4 -0.0426284 0.0548539 0.0719296 
qwerty 100 50 0 0.614334 1.55734 1.53139 13.075 -0.0426284 0.0548539 0.0719296 
qwerty 100 50 0 0.614334 1.15731 2.04615 13.75 -0.0426284 0.0548539 0.0719296 
qwerty 100 50 0 0.500888 0.90322 3.6821 14.425 -0.0119948 0.0929692 0.0348261 
qwerty 99 50 0 33.3851 4.86866 -1.70619 8.525 0.0857349 -0.0159035 -0.0489551 
qwerty 99 50 0 33.3851 6.05079 -1.92546 7.85 0.0857349 -0.0159035 -0.0489551 
qwerty 114 113 0.00752968 0.230328 6.02836 -1.75579 7.85279 -0.0489047 0.0562303 0.066682 
qwerty 114 113 0.00823091 0.222097 6.02719 -1.75417 7.85514 -0.049163 -0.0587756 0.0642528 
qwerty 114 113 0.00603495 0.216062 6.02617 -1.75614 7.8569 -0.0439235 -0.0711493 0.0548498 
qwerty 114 113 0.00709319 0.208969 6.02504 -1.75949 7.85913 -0.0111061 -0.0682429 0.0722465 
qwerty 114 113 0.0118397 0.19713 6.02409 -1.76284 7.86343 -0.0303863 -0.00542572 0.0951169 
qwerty 114 113 0.0173565 0.179773 6.02362 -1.76477 7.8715 -0.0266186 -0.0752848 0.0601967 
qwerty 114 113 0.0247019 0.155071 6.01723 -1.77236 7.87543 -0.0115221 -0.0920998 0.0372137 
qwerty 114 113 0.058989 0.0960822 6.023 -1.78693 7.87501 -0.0212447 -0.0684976 -0.0696903 
qwerty 114 113 0.0960822 0 6.0214 -1.79209 7.86976 -0.0212447 -0.0684976 -0.0696903 
qwerty 112 107 0 1.85171 6.25 -1.77626 7.64474 -0.0262033 0.0789668 -0.0554764 
qwerty 112 107 0 1.85171 6.02813 -1.10762 7.175 -0.0262033 0.0789668 -0.0554764 
qwerty 112 107 0 1.85171 5.7093 -0.146804 6.5 -0.0262033 0.0789668 -0.0554764 
qwerty 112 107 0 1.85171 5.39048 0.814012 5.825 -0.0262033 0.0789668 -0.0554764 
qwerty 112 107 0 1.85171 5.2458 1.25 5.51871 -0.0262033 0.0789668 -0.0554764 
qwerty 112 107 0 1.85171 5.07165 1.77483 5.15 -0.0262033 0.0789668 -0.0554764 
qwerty 112 107 0 1.85171 4.75283 2.73565 4.475 -0.0262033 0.0789668 -0.0554764 
qwerty 112 107 0 1.85171 4.434 3.69646 3.8 -0.0262033 0.0789668 -0.0554764 
qwerty 112 107 0 1.85171 4.11518 4.65728 3.125 -0.0262033 0.0789668 -0.0554764 
qwerty 112 107 0 1.85171 3.79635 5.61809 2.45 -0.0262033 0.0789668 -0.0554764 
qwerty 112 107 0 1.85171 3.47753 6.57891 1.775 -0.0262033 0.0789668 -0.0554764 
qwerty 112 107 0 1.85171 3.1587 7.53973 1.1 -0.0262033 0.0789668 -0.0554764 
qwerty 112 107 0 0.86657 2.62804 7.71787 0.425 -0.0627279 0.0120377 -0.0769435 
qwerty 112 107 0 0.86657 2.07775 7.82347 -0.25 -0.0627279 0.0120377 -0.0769435 
qwerty 109 107 0 17.3192 7.92837 -2.74581 7.175 0.0868574 -0.0390256 -0.0305415 
qwerty 120 109 1.218 5.34149 8.94754 -3.40213 6.5 0.0387493 -0.0426244 -0.0817414 
qwerty 120 109 0.711489 2.08021 9.1821 -3.68805 6.62105 0.0293612 -0.0899554 -0.0323409 
qwerty 120 109 0.102213 1.97799 9.20232 -3.75 6.59878 0.0348986 -0.0831317 -0.0432575 
qwerty 120 109 0.54689 1.4311 9.28201 -3.93984 6.5 0.0858164 -0.00347613 -0.0512197 
qwerty 123 120 0 1.16383 13.3533 -2.99378 6.5 0.0994836 -0.000659112 -0.0101279 
qwerty 123 120 0 1.16383 16.25 -3.01297 6.2051 0.0994836 -0.000659112 -0.0101279 
qwerty 123 120 0 1.16383 18.75 -3.02954 5.95059 0.0994836 -0.000659112 -0.0101279 
qwerty 123 120 0 1.16383 19.9836 -3.03771 5.825 0.0994836 -0.000659112 -0.0101279 
qwerty 123 120 0 0.893576 23.5725 -3.7386 6.325 0.0900338 -0.0313699 0.0301635 
qwerty 123 120 0 0.893576 25.5873 -4.44059 7 0.0900338 -0.0313699 0.0301635 
qwerty 123 120 0 0.738998 26.25 -4.34327 7.3266 0.0883132 0.015421 0.0443055 
qwerty 123 120 0 0.738998 26.9445 -4.22201 7.675 0.0883132 0.015421 0.0443055 
qwerty 123 120 0 0.669511 27.668 -4.09836 8.35 0.0658008 0.0111326 0.0744737 
qwerty 123 120 0 0.669511 28.2644 -3.99746 9.025 0.0658008 0.0111326 0.0744737 
qwerty 123 120 0 0.669511 28.8607 -3.89656 9.7 0.0658008 0.0111326 0.0744737 
qwerty 123 120 0 0.669511 29.4571 -3.79566 10.375 0.0658008 0.0111326 0.0744737 
qwerty 123 120 0 0.669511 29.727 -3.75 10.6804 0.0658008 0.0111326 0.0744737 
qwerty 123 120 0 0.669511 30.0535 -3.69476 11.05 0.0658008 0.0111326 0.0744737 
qwerty 123 120 0 0.669511 30.6499 -3.59385 11.725 0.0658008 0.0111326 0.0744737 
qwerty 123 120 0 0.669511 31.2463 -3.49295 12.4 0.0658008 0.0111326 0.0744737 
qwerty 123 120 0 0.669511 31.8427 -3.39205 13.075 0.0658008 0.0111326 0.0744737 
qwerty 123 120 0 0.669511 32.4391 -3.29115 13.75 0.0658008 0.0111326 0.0744737 
qwerty 122 120 0 1.04836 10.7808 -3.7161 6.5 0.0932214 -0.0300168 -0.0202178 
qwerty 122 120 0 1.04836 13.75 -4.67215 5.85605 0.0932214 -0.0300168 -0.0202178 
qwerty 122 120 0 1.04836 13.8932 -4.71825 5.825 0.0932214 -0.0300168 -0.0202178 
qwerty 122 120 0 1.04836 17.0055 -5.7204 5.15 0.0932214 -0.0300168 -0.0202178 
qwerty 49 38 0 5.40046 2.4899 -1.65613 10.375 -0.0577691 0.0383941 0.0720321 
qwerty 49 38 0 5.40046 1.94855 -1.29635 11.05 -0.0577691 0.0383941 0.0720321 
qwerty 49 38 0 5.40046 1.40721 -0.936564 11.725 -0.0577691 0.0383941 0.0720321 
qwerty 48 38 0 0.883427 1.25 -0.305724 10.0712 -0.0884088 0.0401877 0.0238501 
qwerty 48 38 0 0.883427 0.123675 0.206266 10.375 -0.0884088 0.0401877 0.0238501 
qwerty 47 38 0 18.0189 2.84304 -2.12079 9.7 -0.00744898 -0.0293755 0.0952974 
qwerty 47 38 0 18.0189 2.79028 -2.32886 10.375 -0.00744898 -0.0293755 0.0952974 
qwerty 47 38 0 18.0189 2.73751 -2.53693 11.05 -0.00744898 -0.0293755 0.0952974 
qwerty 47 38 0 18.0189 2.68475 -2.745 11.725 -0.00744898 -0.0293755 0.0952974 
qwerty 47 38 0 18.0189 2.63199 -2.95307 12.4 -0.00744898 -0.0293755 0.0952974 
qwerty 47 38 0 18.0189 2.57923 -3.16114 13.075 -0.00744898 -0.0293755 0.0952974 
qwerty 47 38 0 18.0189 2.52647 -3.36921 13.75 -0.00744898 -0.0293755 0.0952974 
qwerty 47 38 0 18.0189 2.4737 -3.57728 14.425 -0.00744898 -0.0293755 0.0952974 
qwerty 149 47 1.01992 3.2186 2.31168 -3.58681 15.1 -0.0343597 0.0537697 0.076995 
qwerty 149 47 0.187561 0.959769 2.32101 -3.60758 14.9988 0.038565 0.0127223 -0.0913832 
qwerty 149 47 0.164708 0.795061 2.39238 -3.57982 14.9257 0.0688785 0.00674479 -0.0721821 
qwerty 149 47 0.221321 0.57374 2.43447 -3.54047 14.8151 0.0527239 0.0423966 -0.0736391 
qwerty 149 47 0.253296 0.320444 2.54545 -3.51015 14.7768 0.0744683 0.0432406 -0.0508402 
qwerty 149 47 0.320444 0 2.58576 -3.48675 14.7493 0.0744683 0.0432406 -0.0508402 
qwerty 151 149 0 1.55497 2.41496 -2.60441 15.775 0.00865497 0.082405 0.0559867 
qwerty 151 149 0 1.55497 2.5193 -1.6109 16.45 0.00865497 0.082405 0.0559867 
qwerty 151 149 0 0.603155 2.25588 -1.46824 17.125 -0.0428441 0.00153985 0.0903439 
qwerty 151 149 0 0.603155 1.93578 -1.45674 17.8 -0.0428441 0.00153985 0.0903439 
qwerty 45 38 0 0.161239 2.90021 -1.91321 9.025 -0.00970272 -0.00258162 0.0994947 
qwerty 44 38 0 1.2558 2.78597 -1.99073 9.025 -0.029441 -0.0167634 0.0940862 
qwerty 44 38 0 1.2558 2.57475 -2.11099 9.7 -0.029441 -0.0167634 0.0940862 
qwerty 44 38 0 1.2558 2.36353 -2.23126 10.375 -0.029441 -0.0167634 0.0940862 
qwerty 44 38 0 1.2558 2.15232 -2.35152 11.05 -0.029441 -0.0167634 0.0940862 
qwerty 44 38 0 1.2558 1.9411 -2.47179 11.725 -0.029441 -0.0167634 0.0940862 
qwerty 44 38 0 1.2558 1.72988 -2.59205 12.4 -0.029441 -0.0167634 0.0940862 
qwerty 42 38 0 0.396503 2.99114 -1.8846 8.35 -0.0155152 -0.0218652 0.0963389 
qwerty 42 38 0 0.396503 2.88243 -2.0378 9.025 -0.0155152 -0.0218652 0.0963389 
qwerty 40 38 0 19.1361 3.06585 -1.4011 7 0.0235464 -0.0232679 0.0943619 
qwerty 40 38 0 19.1361 3.23429 -1.56754 7.675 0.0235464 -0.0232679 0.0943619 
qwerty 40 38 0 19.1361 3.40272 -1.73399 8.35 0.0235464 -0.0232679 0.0943619 
qwerty 40 38 0 19.1361 3.57116 -1.90043 9.025 0.0235464 -0.0232679 0.0943619 
qwerty 40 38 0 19.1361 3.73959 -2.06687 9.7 0.0235464 -0.0232679 0.0943619 
qwerty 39 38 0 1.90715 3.11092 -1.42442 7 0.0301858 -0.0265028 0.0915774 
qwerty 39 38 0 1.90715 3.33341 -1.61977 7.675 0.0301858 -0.0265028 0.0915774 
qwerty 39 38 0 1.90715 3.55591 -1.81512 8.35 0.0301858 -0.0265028 0.0915774 
qwerty 39 38 0 0.249787 3.73047 -1.96838 8.87958 -0.0252803 0.0808019 -0.0532162 
qwerty 39 38 0 0.249787 3.56202 -1.42999 8.525 -0.0252803 0.0808019 -0.0532162 
qwerty 39 38 0 0.102564 3.44422 -1.51589 8.87687 0.0798654 -0.0540857 -0.0263865 
qwerty 39 38 0 0.102564 3.75 -1.72296 8.77584 0.0798654 -0.0540857 -0.0263865 
qwerty 39 38 0 0.102564 4.50923 -2.23712 8.525 0.0798654 -0.0540857 -0.0263865 
qwerty 161 40 1.00685 2.13768 4.2727 -2.00841 9.62416 0.0997821 0.00536248 0.00384366 
qwerty 161 40 0.682667 1.45501 4.61484 -2.01888 9.69223 0.0884653 0.0465171 -0.00317075 
qwerty 161 40 0.45453 1.00048 4.84205 -1.89958 9.69983 0.0594927 0.07006 0.0393983 
qwerty 161 40 0.000324194 1.00016 4.84231 -1.89928 9.7 0.0608748 0.0705028 0.0363815 
qwerty 161 40 0.0915853 0 4.8614 -1.88532 9.6774 0.0627227 0.0258667 -0.0734628 
qwerty 150 47 0.446983 9.08761 2.47672 -3.75 14.8403 -0.0130268 -0.042991 0.0893425 
qwerty 150 47 0.523046 8.56456 2.43886 -3.87495 15.1 -0.00764531 -0.0662793 0.0744889 
qwerty 150 47 0 2.67336 2.45108 -3.97473 15.275 -0.0741439 -0.06692 -0.00493848 
qwerty 150 47 0.514677 1.32994 2.6488 -3.88377 15.5323 0.0715201 -0.013515 0.0685727 
qwerty 150 47 0.426156 0.903783 2.8568 -3.85273 15.6708 0.0558868 -0.0340226 0.075625 
qwerty 150 47 0.227543 0.67624 2.93381 -3.89961 15.775 0.033902 -0.0217172 0.091537 
qwerty 150 47 0.0416952 0.603955 2.95435 -3.9095 15.7523 0.0388532 -0.00731338 -0.0918528 
qwerty 150 47 0.0353124 0.568643 2.95945 -3.91226 15.7264 0.00802517 0.00350208 -0.0996159 
qwerty 150 47 0.0538525 0.51479 2.96145 -3.90842 15.6948 0.0337521 -0.0426897 -0.0838951 
qwerty 150 47 0.195505 0.319285 2.95869 -3.92693 15.6511 0.014403 -0.0496923 -0.0855759 
qwerty 150 47 0.319285 0 2.96643 -3.95362 15.6052 0.014403 -0.0496923 -0.0855759 
qwerty 150 47 0 0 2.96643 -3.95362 15.6052 0.014403 -0.0496923 -0.0855759 
qwerty 121 109 1.10797 2.8098 7.94416 -2.60827 6.81882 -0.0537341 0.0758081 -0.0369564 
qwerty 121 109 0.685872 2.07088 7.79454 -2.27016 6.57771 -0.0714777 0.0585418 -0.0382597 
qwerty 121 109 0.349634 1.72125 7.64936 -2.15126 6.5 -0.0854115 0.0161017 0.0494531 
qwerty 121 109 0.439636 1.28161 7.45278 -2.06574 6.72087 -0.0928492 0.0120711 0.0351186 
qwerty 121 109 0.607189 0.674424 7.25418 -2.09304 6.86854 -0.0905171 0.0366357 0.0215519 
qwerty 121 109 0.362935 0.311488 7.12685 -2.09657 6.98303 -0.0638227 0.0743358 0.0200213 
qwerty 121 109 0.311488 0 7.09386 -2.05815 6.99338 -0.0638227 0.0743358 0.0200213 
qwerty 121 109 0 0 7.09386 -2.05815 6.99338 -0.0638227 0.0743358 0.0200213 
qwerty 14 9 0.606312 11.4835 -13.75 6.56233 15.4137 -0.0500867 0.0830289 0.0244443 
qwerty 14 9 2.36664 9.11688 -14.4711 7.76863 15.7633 -0.01883 0.0943645 0.0272171 
qwerty 14 9 0.0487552 9.06813 -14.4792 7.80905 15.775 -0.0151966 0.0951105 0.0268896 
qwerty 5 3 0.813019 99.3578 -2.17843 0.898247 5.65 -0.0295751 0.00659355 0.0952987 
qwerty 5 3 0.785206 50.5242 -2.46418 0.90477 6.325 -0.0374322 0.000107137 0.0927298 
qwerty 5 3 0.831009 45.5122 -2.718 0.817108 7 -0.0364998 -0.0218865 0.0904917 
qwerty 5 3 0.738401 36.7076 -2.88378 0.56431 7.48359 -0.0311703 -0.0495366 0.0810836 
qwerty 5 3 0.321159 36.3865 -2.95736 0.447372 7.675 -0.0312583 -0.0482689 0.081811 
qwerty 5 3 0.831685 7.80367 -3.09155 0.269063 8.35 -0.0083802 -0.00758362 0.0993593 
qwerty 5 3 0.752619 2.46388 -3.40648 0.424949 7.96458 -0.0707787 0.0652575 -0.0270523 
qwerty 5 3 0.761687 1.7022 -3.67524 0.681835 7.86874 -0.050998 0.0796143 -0.0325694 
qwerty 5 3 0.0617342 1.62279 -3.6958 0.720648 7.8537 -0.0387986 0.0876457 -0.0285112 
qwerty 5 3 0.0183246 1.60447 -3.70083 0.732011 7.85 -0.0425603 0.0839434 -0.0337953 
qwerty 101 50 0 0.40125 5.096 -1.78237 9.7 0.0858573 -0.0184511 0.0478339 
qwerty 101 50 0 0.288682 5.72331 -1.91718 10.0495 -0.0748941 0.0470707 -0.0466392 
qwerty 101 50 0 0.288682 5.4431 -1.74107 9.875 -0.0748941 0.0470707 -0.0466392 
qwerty 101 50 0 0.288682 4.66176 -1.25 9.38843 -0.0748941 0.0470707 -0.0466392 
qwerty 101 50 0 0.157134 4.61024 -1.21762 9.35634 -0.0948136 -0.0191567 -0.0253652 
qwerty 101 50 0 0.157134 4.44995 -1.25 9.31346 -0.0948136 -0.0191567 -0.0253652 
qwerty 101 50 0 0.157134 4.02583 -1.33569 9.2 -0.0948136 -0.0191567 -0.0253652 
qwerty 101 50 0 0.0214444 3.071 -1.52861 8.94456 -0.0192542 0.026654 -0.0944396 
qwerty 101 50 0 0.0214444 2.98546 -1.4102 8.525 -0.0192542 0.026654 -0.0944396 
qwerty 101 50 0 0.0211168 2.60772 -1.09555 9.025 -0.0454053 0.035924 0.0815342 
qwerty 101 50 0 0.0211168 2.23182 -0.798147 9.7 -0.0454053 0.035924 0.0815342 
qwerty 101 50 0.0180382 0.00307857 2.03832 -0.645053 10.0475 0.0646753 0.0246297 0.0721837 
qwerty 101 50 0 0.00307857 2.33178 -0.533296 10.375 0.0646753 0.0246297 0.0721837 
qwerty 101 50 0.0028128 0.00026577 2.54275 -0.452956 10.6105 0.00615384 -0.0781086 0.0621383 
qwerty 101 50 0.000112014 0.000153756 2.56787 -0.771835 10.8641 0.0407713 -0.0241636 0.0880558 
qwerty 101 50 0 0.000153756 2.65393 -0.822838 11.05 0.0407713 -0.0241636 0.0880558 
qwerty 101 50 0 0.000153756 2.96646 -1.00807 11.725 0.0407713 -0.0241636 0.0880558 
qwerty 101 50 5.27747e-06 0.000148478 3.12283 -1.10074 12.0627 0.0204095 -0.0780166 0.0591343 
qwerty 101 50 0.000113805 3.46737e-05 3.15493 -1.22345 12.1557 -0.0389106 -0.0893257 -0.0225142 
qwerty 101 50 0 3.46737e-05 3.14337 -1.25 12.149 -0.0389106 -0.0893257 -0.0225142 
qwerty 101 50 2.06306e-05 1.40432e-05 3.01771 -1.53846 12.0763 0.034666 -0.0915566 0.0203876 
qwerty 101 50 2.96443e-06 1.10787e-05 3.23048 -2.1004 12.2015 -0.0292143 0.012194 -0.0948569 
qwerty 101 50 0 1.10787e-05 3.13763 -2.06165 11.9 -0.0292143 0.012194 -0.0948569 
qwerty 101 50 2.05777e-06 9.02097e-06 3.00424 -2.00597 11.4669 0.0148098 0.0115266 -0.0982232 
qwerty 101 50 1.21132e-06 7.80965e-06 3.02118 -1.99278 11.3545 0.0749604 -0.065259 -0.0110542 
qwerty 101 50 6.04403e-06 1.76562e-06 3.36153 -2.28908 11.3043 -0.0165297 -0.0959109 0.0229753 
qwerty 101 50 1.62274e-06 1.4288e-07 3.14938 -3.52004 11.5992 0.0740228 -0.0526624 -0.0418007 
qwerty 101 50 1.89278e-08 1.23952e-07 3.20413 -3.55899 11.5683 0.0922667 -0.022125 -0.0315806 
qwerty 101 50 5.46424e-09 1.18487e-07 3.33048 -3.58929 11.525 0.0796518 0.049935 -0.0340894 
qwerty 101 50 0 1.18487e-07 3.75 -3.32629 11.3455 0.0796518 0.049935 -0.0340894 
qwerty 101 50 7.90283e-08 3.94593e-08 3.8606 -3.25696 11.2982 0.0927631 -0.0367589 -0.00661769 
qwerty 101 50 3.33494e-08 6.11021e-09 4.82915 -3.64077 11.2291 0.0580907 0.0506169 -0.0637449 
qwerty 101 50 0 6.11021e-09 4.83286 -3.63753 11.225 0.0580907 0.0506169 -0.0637449 
qwerty 101 50 8.89031e-10 5.22118e-09 5.12943 -3.37912 10.8996 0.0817968 0.0216539 -0.0532954 
qwerty 101 50 0 5.22118e-09 5.12943 -3.37912 10.8996 0.0817968 0.0216539 -0.0532954 
qwerty 205 5 0.465651 5.0266 -2.92365 0.29659 7.675 0.00627031 -0.0775936 0.0627688 
qwerty 205 5 0.53184 1.13634 -3.18751 -0.000186275 7.65142 0.0830393 -0.0530609 -0.0170003 
qwerty 205 5 0.658326 0.478012 -3.04246 -0.147414 7.5794 0.0832323 -0.0509779 -0.0217631 
qwerty 205 5 0.342287 0.135726 -2.9636 -0.176777 7.51006 0.064197 -0.0759433 -0.0105526 
qwerty 205 5 0.135726 0 -2.9549 -0.187071 7.50863 0.064197 -0.0759433 -0.0105526 
qwerty 164 39 0.0331567 0 3.44353 -1.51585 8.8778 -0.059457 0.00353332 0.0803267 
qwerty 162 39 0.0778751 1.57948 3.75 -1.99 8.93705 0.035618 -0.0337758 0.0871238 
qwerty 162 39 0.301876 1.27761 3.78596 -2.0241 9.025 0.023645 0.00592291 0.0969837 
qwerty 160 40 0 5.86885 3.72857 -2.13181 9.875 -0.03225 -0.0284333 -0.0902856 
qwerty 221 160 0 1.974 3.70453 -1.80823 9.2 0.000495618 0.0441898 -0.0897052 
qwerty 221 160 0 1.974 3.70826 -1.47572 8.525 0.000495618 0.0441898 -0.0897052 
qwerty 221 160 0 0.783591 3.87424 -1.38574 7.85 0.0291063 0.0168057 -0.0941827 
qwerty 221 160 0 0.783591 4.08284 -1.26529 7.175 0.0291063 0.0168057 -0.0941827 
qwerty 221 160 0 0.783591 4.29144 -1.14485 6.5 0.0291063 0.0168057 -0.0941827 
qwerty 221 160 0 0.783591 4.50005 -1.0244 5.825 0.0291063 0.0168057 -0.0941827 
qwerty 221 160 0 0.386935 5.92378 1.25 5.54783 0.0520733 0.0852834 -0.00388634 
qwerty 221 160 0 0.168286 6.89877 2.8468 5.47507 -0.0335328 -0.0665042 -0.0667288 
qwerty 221 160 0 0.168286 6.73542 2.52283 5.15 -0.0335328 -0.0665042 -0.0667288 
qwerty 225 221 0.218649 0 6.91347 2.87199 5.48061 0.049521 0.0848468 0.0186735 
qwerty 224 221 0.014128 0.381661 4.55406 -0.996103 5.64223 -0.0192174 -0.0239474 -0.0951694 
qwerty 224 221 0.0174972 0.364164 4.55123 -0.998014 5.63288 -0.0467781 0.0234548 -0.0852155 
qwerty 224 221 0.0227136 0.34145 4.54721 -0.993894 5.6237 -0.0652108 0.0155708 -0.0741964 
qwerty 224 221 0.0556235 0.285827 4.53775 -0.989731 5.61468 -0.084115 0.00295512 -0.0539994 
qwerty 224 221 0.105131 0.180696 4.52566 -0.994911 5.60196 -0.0762672 -0.0356089 -0.0539938 
qwerty 224 221 0.180696 0 4.50904 -1.00267 5.5902 -0.0762672 -0.0356089 -0.0539938 
qwerty 220 160 0 2.12731 3.83396 -2.37344 10.375 0.0144596 -0.0456221 0.087804 
qwerty 220 160 0 2.12731 3.94511 -2.72416 11.05 0.0144596 -0.0456221 0.087804 
qwerty 220 160 0 2.12731 4.05627 -3.07488 11.725 0.0144596 -0.0456221 0.087804 
qwerty 220 160 0 2.12731 4.16743 -3.42561 12.4 0.0144596 -0.0456221 0.087804 
qwerty 220 160 0 2.12731 4.27859 -3.77633 13.075 0.0144596 -0.0456221 0.087804 
qwerty 220 160 0 2.12731 4.38975 -4.12705 13.75 0.0144596 -0.0456221 0.087804 
qwerty 220 160 0 1.49635 4.51149 -4.20795 14.425 0.0181165 -0.00201329 0.0983247 
qwerty 213 5 0 0.281636 -2.84014 1.17998 8.35 0.0628864 0.0587089 0.0509761 
qwerty 212 5 0 0.510999 -5.18161 1.25 8.21179 -0.0917047 0.0319664 0.0238413 
qwerty 212 5 0 0.510999 -5.71322 1.43531 8.35 -0.0917047 0.0319664 0.0238413 
qwerty 212 5 0 0.408426 -6.79731 1.8132 8.63184 -0.0663363 -0.0112188 0.073984 
qwerty 212 5 0 0.408426 -7.14983 1.75358 9.025 -0.0663363 -0.0112188 0.073984 
qwerty 236 212 0.102572 0 -6.80221 1.81839 8.62736 -0.0582026 0.0615869 -0.0530991 
qwerty 211 5 0.00029101 0 -4.68578 1.22199 7.89689 -0.0891449 0.0451449 0.00388906 
qwerty 238 211 0.0173754 0 -4.68596 1.22196 7.89657 -0.0517096 -0.00863187 -0.0851564 
qwerty 209 5 0 1.75445 -3.25113 0.172665 9.025 -0.0229316 -0.0134984 0.0963947 
qwerty 209 5 0 1.75445 -3.41171 0.0781426 9.7 -0.0229316 -0.0134984 0.0963947 
qwerty 209 5 0 1.75445 -3.57229 -0.0163798 10.375 -0.0229316 -0.0134984 0.0963947 
qwerty 209 5 0 1.75445 -3.73287 -0.110902 11.05 -0.0229316 -0.0134984 0.0963947 
qwerty 209 5 0 1.75445 -3.89345 -0.205424 11.725 -0.0229316 -0.0134984 0.0963947 
qwerty 209 5 0 1.75445 -4.05402 -0.299947 12.4 -0.0229316 -0.0134984 0.0963947 
qwerty 209 5 0 1.75445 -4.2146 -0.394469 13.075 -0.0229316 -0.0134984 0.0963947 
qwerty 209 5 0 1.75445 -4.37518 -0.488991 13.75 -0.0229316 -0.0134984 0.0963947 
qwerty 209 5 0 1.75445 -4.53576 -0.583514 14.425 -0.0229316 -0.0134984 0.0963947 
qwerty 209 5 0 1.75445 -4.69634 -0.678036 15.1 -0.0229316 -0.0134984 0.0963947 
qwerty 209 5 0 1.75445 -4.85691 -0.772559 15.775 -0.0229316 -0.0134984 0.0963947 
qwerty 209 5 0 1.75445 -5.01749 -0.867081 16.45 -0.0229316 -0.0134984 0.0963947 
qwerty 209 5 0 1.75445 -5.17807 -0.961603 17.125 -0.0229316 -0.0134984 0.0963947 
qwerty 209 5 0 1.75445 -5.33865 -1.05613 17.8 -0.0229316 -0.0134984 0.0963947 
qwerty 209 5 0 1.75445 -5.49923 -1.15065 18.475 -0.0229316 -0.0134984 0.0963947 
qwerty 209 5 0 1.75445 -5.6598 -1.24517 19.15 -0.0229316 -0.0134984 0.0963947 
qwerty 209 5 0 1.75445 -5.82038 -1.33969 19.825 -0.0229316 -0.0134984 0.0963947 
qwerty 209 5 0 1.75445 -5.98096 -1.43421 20.5 -0.0229316 -0.0134984 0.0963947 
qwerty 209 5 0 1.75445 -6.14154 -1.52874 21.175 -0.0229316 -0.0134984 0.0963947 
qwerty 208 5 0 0.144449 -3.22589 0.363975 8.35 -0.0369549 0.00491453 0.0927911 
qwerty 207 5 0 20.7297 -3.08692 0.0833325 8.35 -0.011514 -0.0447848 0.0886665 
qwerty 207 5 0 20.7297 -3.17457 -0.257605 9.025 -0.011514 -0.0447848 0.0886665 
qwerty 207 5 0 20.7297 -3.26222 -0.598542 9.7 -0.011514 -0.0447848 0.0886665 
qwerty 207 5 0 20.7297 -3.34988 -0.939479 10.375 -0.011514 -0.0447848 0.0886665 
qwerty 207 5 0 20.7297 -3.42971 -1.25 10.9898 -0.011514 -0.0447848 0.0886665 
qwerty 207 5 0 20.7297 -3.43753 -1.28042 11.05 -0.011514 -0.0447848 0.0886665 
qwerty 207 5 0 20.7297 -3.52518 -1.62135 11.725 -0.011514 -0.0447848 0.0886665 
qwerty 207 5 0 20.7297 -3.61284 -1.96229 12.4 -0.011514 -0.0447848 0.0886665 
qwerty 207 5 0 20.7297 -3.70049 -2.30323 13.075 -0.011514 -0.0447848 0.0886665 
qwerty 207 5 0 20.7297 -3.78814 -2.64417 13.75 -0.011514 -0.0447848 0.0886665 
qwerty 207 5 0 20.7297 -3.8758 -2.9851 14.425 -0.011514 -0.0447848 0.0886665 
qwerty 207 5 0 20.7297 -3.96345 -3.32604 15.1 -0.011514 -0.0447848 0.0886665 
qwerty 244 207 0 1.09722 -6.25 -3.43828 15.3943 -0.0994787 -0.00328486 0.00965399 
qwerty 244 207 0 1.09722 -8.75 -3.52083 15.6369 -0.0994787 -0.00328486 0.00965399 
qwerty 244 207 0 1.09722 -10.1726 -3.56781 15.775 -0.0994787 -0.00328486 0.00965399 
qwerty 243 207 0 2.41618 -2.88583 -3.75 14.8833 0.0913694 -0.0325179 -0.0243767 
qwerty 243 207 0 2.41618 -1.82391 -4.12793 14.6 0.0913694 -0.0325179 -0.0243767 
qwerty 243 207 0 2.41618 0.706142 -5.02837 13.925 0.0913694 -0.0325179 -0.0243767 
qwerty 243 207 0 2.41618 3.2362 -5.9288 13.25 0.0913694 -0.0325179 -0.0243767 
qwerty 243 207 0 2.41618 5.76625 -6.82924 12.575 0.0913694 -0.0325179 -0.0243767 
qwerty 243 207 0 0.447492 6.25 -7.71005 12.669 -0.0606179 -0.0737137 0.0298622 
qwerty 243 207 0 0.288498 5.45608 -8.67549 13.0601 -0.0757934 0.0344766 0.055378 
qwerty 243 207 0 0.288498 5.43574 -8.66624 13.075 -0.0757934 0.0344766 0.055378 
qwerty 256 243 0.0260201 0.132975 5.45204 -8.68243 13.0582 0.0190402 -0.0975719 -0.0108256 
qwerty 256 243 0.0422106 0.0907642 5.45293 -8.69044 13.052 0.0374944 -0.0926861 -0.00185779 
qwerty 256 243 0.0907642 0 5.45549 -8.69677 13.0519 0.0374944 -0.0926861 -0.00185779 
qwerty 258 254 0 0.352002 7.19503 -7.75002 13.075 0.0664028 -0.0565459 0.0489208 
qwerty 206 5 0 4.01697 -3.14379 0.0957086 8.35 -0.0222208 -0.043228 0.0873932 
qwerty 206 5 0 4.01697 -3.31542 -0.238172 9.025 -0.0222208 -0.043228 0.0873932 
qwerty 206 5 0 4.01697 -3.48704 -0.572053 9.7 -0.0222208 -0.043228 0.0873932 
qwerty 206 5 0 4.01697 -3.65867 -0.905934 10.375 -0.0222208 -0.043228 0.0873932 
qwerty 206 5 0 4.01697 -3.8303 -1.23982 11.05 -0.0222208 -0.043228 0.0873932 
qwerty 206 5 0 4.01697 -4.00193 -1.5737 11.725 -0.0222208 -0.043228 0.0873932 
qwerty 206 5 0 4.01697 -4.17355 -1.90758 12.4 -0.0222208 -0.043228 0.0873932 
qwerty 206 5 0 4.01697 -4.34518 -2.24146 13.075 -0.0222208 -0.043228 0.0873932 
qwerty 206 5 0 4.01697 -4.51681 -2.57534 13.75 -0.0222208 -0.043228 0.0873932 
qwerty 206 5 0 0.461641 -6.00769 -3.48274 14.425 -0.0817334 -0.0467669 0.0336528 
qwerty 206 5 0 0.461641 -6.47478 -3.75 14.6173 -0.0817334 -0.0467669 0.0336528 
qwerty 206 5 0 0.461641 -7.64708 -4.42078 15.1 -0.0817334 -0.0467669 0.0336528 
qwerty 264 260 0 0.596497 -4.9716 -3.31194 13.25 -0.036559 -0.0679032 -0.06366 
qwerty 264 260 0 0.596497 -5.35924 -4.03193 12.575 -0.036559 -0.0679032 -0.06366 
qwerty 264 260 0 0.596497 -5.74689 -4.75192 11.9 -0.036559 -0.0679032 -0.06366 
qwerty 264 260 0 0.596497 -6.13453 -5.47191 11.225 -0.036559 -0.0679032 -0.06366 
qwerty 264 260 0 0.596497 -6.52217 -6.1919 10.55 -0.036559 -0.0679032 -0.06366 
qwerty 203 5 0 0.162105 -2.73582 0.820769 7 -0.0385288 -0.0154727 0.0909732 
qwerty 202 5 0 1.25504 -2.72206 0.894843 7 -0.0370389 -0.00232262 0.0928586 
qwerty 202 5 0 1.25504 -2.9913 0.87796 7.675 -0.0370389 -0.00232262 0.0928586 
qwerty 200 5 0 45.7172 -2.43095 0.927858 6.325 -0.035181 0.00327692 0.0935498 
qwerty 200 5 0 45.7172 -2.6848 0.951502 7 -0.035181 0.00327692 0.0935498 
qwerty 200 5 0 45.7172 -2.93864 0.975147 7.675 -0.035181 0.00327692 0.0935498 
qwerty 273 200 0.89125 38.0872 -3.20934 1.01631 8.35 -0.037122 0.00984481 0.0923311 
qwerty 273 200 0.824552 32.8344 -3.54509 1.06272 9.025 -0.0440278 0.00110576 0.0897793 
qwerty 273 200 0.71875 10.8192 -3.65005 1.01874 9.7 0.01582 -0.00911937 0.0983187 
qwerty 281 273 0 0.399869 -4.42569 1.05977 10.375 -0.00300481 0.0126714 0.0991484 
qwerty 281 273 0 0.399869 -4.44614 1.14604 11.05 -0.00300481 0.0126714 0.0991484 
qwerty 281 273 0 0.399869 -4.4666 1.2323 11.725 -0.00300481 0.0126714 0.0991484 
qwerty 277 273 0 1.12596 -3.93139 1.12592 9.7 -0.049883 0.00819794 0.0862814 
qwerty 277 273 0 1.12596 -4.32164 1.19006 10.375 -0.049883 0.00819794 0.0862814 
qwerty 277 273 0 1.12596 -4.68637 1.25 11.0059 -0.049883 0.00819794 0.0862814 
qwerty 277 273 0 1.12596 -4.71188 1.25419 11.05 -0.049883 0.00819794 0.0862814 
qwerty 276 273 0 17.3824 -3.93497 1.14034 9.7 -0.0498375 0.00997619 0.0861203 
qwerty 276 273 0 17.3824 -4.32559 1.21853 10.375 -0.0498375 0.00997619 0.0861203 
qwerty 276 273 0 17.3824 -4.48278 1.25 10.6466 -0.0498375 0.00997619 0.0861203 
qwerty 276 273 0 17.3824 -4.71621 1.29673 11.05 -0.0498375 0.00997619 0.0861203 
qwerty 276 273 0 17.3824 -5.10683 1.37492 11.725 -0.0498375 0.00997619 0.0861203 
qwerty 276 273 0 17.3824 -5.49745 1.45311 12.4 -0.0498375 0.00997619 0.0861203 
qwerty 276 273 0 17.3824 -5.88807 1.5313 13.075 -0.0498375 0.00997619 0.0861203 
qwerty 276 273 0 17.3824 -6.27869 1.6095 13.75 -0.0498375 0.00997619 0.0861203 
qwerty 290 276 1.11232 7.76099 -6.49948 1.28992 14.425 -0.0631975 -0.0565823 0.0529578 
qwerty 290 276 0.905276 3.21006 -6.63286 1.28178 13.925 -0.0368901 0.0146396 -0.0917867 
qwerty 290 276 0.714043 2.13868 -6.49204 1.52062 14.2804 0.0541493 -0.00568012 0.0838784 
qwerty 290 276 0.286942 1.85174 -6.39872 1.51083 14.425 0.0817416 0.0203747 0.0538811 
qwerty 290 276 0.451804 1.3117 -6.41799 1.80194 14.4235 0.0255317 0.0940111 0.022584 
qwerty 290 276 0.0081542 1.30354 -6.41633 1.80807 14.425 0.031617 0.0932479 0.0174698 
qwerty 292 290 0 0.213964 -6.25 1.46088 14.3837 -0.0559711 -0.0267749 -0.0784241 
qwerty 292 290 0 0.213964 -6.57737 1.30428 13.925 -0.0559711 -0.0267749 -0.0784241 
qwerty 275 273 0 0.769735 -3.55517 1.09415 9.025 -0.045684 0.0104398 0.0883402 
qwerty 275 273 0 0.769735 -3.90424 1.17392 9.7 -0.045684 0.0104398 0.0883402 
qwerty 275 273 0 0.514298 -3.75 1.24242 10.1608 0.0353409 0.0139103 0.0925069 
qwerty 275 273 0 0.514298 -3.66815 1.27464 10.375 0.0353409 0.0139103 0.0925069 
qwerty 275 273 0 0.514298 -3.41028 1.37614 11.05 0.0353409 0.0139103 0.0925069 
qwerty 198 5 0 2.05539 -2.18618 0.893899 5.65 -0.032546 0.00645356 0.0943351 
qwerty 198 5 0 2.05539 -2.41905 0.940076 6.325 -0.032546 0.00645356 0.0943351 
qwerty 198 5 0 2.05539 -2.65193 0.986254 7 -0.032546 0.00645356 0.0943351 
qwerty 198 5 0 2.05539 -2.88481 1.03243 7.675 -0.032546 0.00645356 0.0943351 
qwerty 198 5 0 2.05539 -3.11769 1.07861 8.35 -0.032546 0.00645356 0.0943351 
qwerty 198 5 0 2.05539 -3.35057 1.12479 9.025 -0.032546 0.00645356 0.0943351 
qwerty 198 5 0 2.05539 -3.58344 1.17096 9.7 -0.032546 0.00645356 0.0943351 
qwerty 198 5 0 2.05539 -3.75 1.20399 10.1828 -0.032546 0.00645356 0.0943351 
qwerty 198 5 0 2.05539 -3.81632 1.21714 10.375 -0.032546 0.00645356 0.0943351 
qwerty 198 5 0 2.05539 -3.98204 1.25 10.8553 -0.032546 0.00645356 0.0943351 
qwerty 198 5 0 2.05539 -4.0492 1.26332 11.05 -0.032546 0.00645356 0.0943351 
qwerty 198 5 0 2.05539 -4.28208 1.3095 11.725 -0.032546 0.00645356 0.0943351 
qwerty 198 5 0 2.05539 -4.51496 1.35567 12.4 -0.032546 0.00645356 0.0943351 
qwerty 197 5 0 18.3353 -2.17532 0.906973 5.65 -0.0306569 0.00890127 0.0947677 
qwerty 197 5 0 18.3353 -2.39368 0.970374 6.325 -0.0306569 0.00890127 0.0947677 
qwerty 303 197 0.0606018 5.20804 -2.48232 1.00403 6.53603 -0.0578979 -0.0253762 0.0774847 
qwerty 303 197 0.961999 4.24604 -2.829 0.852081 7 -0.0534388 -0.0329525 0.0778359 
qwerty 306 303 0.0353044 0.48629 -2.49059 1.01895 6.55257 -0.0383027 0.0890104 0.0246994 
qwerty 306 303 0.0664402 0.41985 -2.4923 1.0471 6.55996 -0.010528 0.0923253 0.0369485 
qwerty 306 303 0.0904276 0.329422 -2.51021 1.07788 6.57155 -0.0411515 0.079298 -0.0449264 
qwerty 306 303 0.0986085 0.230813 -2.50689 1.11546 6.5491 0.0240424 0.0199689 -0.0949906 
qwerty 306 303 0.0566353 0.174178 -2.50795 1.11389 6.52558 -0.0781003 0.00932253 -0.061753 
qwerty 306 303 0.100092 0.0740863 -2.52196 1.10362 6.51585 -0.00450461 -0.0469599 -0.088173 
qwerty 306 303 0.0740863 0 -2.52218 1.10136 6.51161 -0.00450461 -0.0469599 -0.088173 
qwerty 307 303 0 0.233074 -3.45051 0.73243 7.675 -0.0690085 -0.0121622 0.0713435 
qwerty 305 303 0 0.429146 -2.76918 0.972167 7 -0.0529047 -0.00644766 0.084614 
qwerty 196 5 0 3.92444 -2.17722 0.916506 5.65 -0.0308985 0.0104818 0.0945273 
qwerty 196 5 0 3.92444 -2.39786 0.991354 6.325 -0.0308985 0.0104818 0.0945273 
qwerty 196 5 0 3.92444 -2.6185 1.0662 7 -0.0308985 0.0104818 0.0945273 
qwerty 196 5 0 3.92444 -2.83914 1.14105 7.675 -0.0308985 0.0104818 0.0945273 
qwerty 196 5 0 3.92444 -3.05978 1.2159 8.35 -0.0308985 0.0104818 0.0945273 
qwerty 196 5 0 0.490174 -1.89683 1.21783 9.025 0.0918856 -0.00114821 0.0394427 
qwerty 310 196 0.746734 2.26362 -3.22624 1.33749 8.95903 0.00984423 0.0224597 0.0969467 
qwerty 310 196 0.140849 2.12278 -3.21954 1.35277 9.025 -0.00151938 0.0311279 0.0950197 
qwerty 312 310 0 0.445603 -2.86313 0.109195 9.7 0.0279662 -0.0854313 0.0438108 
qwerty 312 310 0 0.445603 -2.43224 -1.20706 10.375 0.0279662 -0.0854313 0.0438108 
qwerty 312 310 0 0.445603 -2.00136 -2.52331 11.05 0.0279662 -0.0854313 0.0438108 
qwerty 194 5 0 8.44946 -2.21726 0.933901 5.65 -0.0364291 0.0129417 0.0922249 
qwerty 194 5 0 8.44946 -2.48388 1.02862 6.325 -0.0364291 0.0129417 0.0922249 
qwerty 194 5 0 8.44946 -2.75051 1.12334 7 -0.0364291 0.0129417 0.0922249 
qwerty 194 5 0 8.44946 -3.01714 1.21806 7.675 -0.0364291 0.0129417 0.0922249 
qwerty 194 5 0 8.44946 -3.10704 1.25 7.90258 -0.0364291 0.0129417 0.0922249 
qwerty 194 5 0 8.44946 -3.28377 1.31278 8.35 -0.0364291 0.0129417 0.0922249 
qwerty 194 5 0 8.44946 -3.55039 1.40751 9.025 -0.0364291 0.0129417 0.0922249 
qwerty 194 5 0 8.44946 -3.81702 1.50223 9.7 -0.0364291 0.0129417 0.0922249 
qwerty 194 5 0 8.44946 -4.08365 1.59695 10.375 -0.0364291 0.0129417 0.0922249 
qwerty 194 5 0 8.44946 -4.35028 1.69167 11.05 -0.0364291 0.0129417 0.0922249 
qwerty 194 5 0 0.490961 -4.52181 1.75261 11.4842 -0.0926932 0.0106575 -0.0359776 
qwerty 194 5 0 0.404296 -4.73717 1.77737 11.4007 -0.0779052 0.0626078 0.00332444 
qwerty 194 5 0 0.404296 -6.25 2.99314 11.4652 -0.0779052 0.0626078 0.00332444 
qwerty 194 5 0 0.404296 -8.75 5.00224 11.5719 -0.0779052 0.0626078 0.00332444 
qwerty 194 5 0 0.236251 -11.1659 6.94378 11.675 -0.0472795 -0.0466724 0.0747418 
qwerty 194 5 0 0.236251 -11.1976 6.91255 11.725 -0.0472795 -0.0466724 0.0747418 
qwerty 319 194 0.168045 0 -11.1747 6.95949 11.6679 -0.0454546 0.0812592 -0.0364804 
qwerty 318 194 0.0866647 0 -4.74002 1.77328 11.3968 -0.0452042 -0.0647792 -0.0613208 
qwerty 317 194 0.371885 7.58662 -4.60105 1.78406 11.725 -0.0185604 0.0117326 0.0975595 
qwerty 193 14 0 0.510999 -15.2207 7.26824 16.45 -0.060781 -0.0585998 0.0535885 
qwerty 193 14 0 0.510999 -15.9863 6.53012 17.125 -0.060781 -0.0585998 0.0535885 
qwerty 193 14 0 0.510999 -16.2769 6.25 17.3812 -0.060781 -0.0585998 0.0535885 
qwerty 193 14 0 0.510999 -16.7519 5.792 17.8 -0.060781 -0.0585998 0.0535885 
qwerty 193 14 0 0.510999 -17.5175 5.05387 18.475 -0.060781 -0.0585998 0.0535885 
qwerty 193 14 0 0.510999 -18.2831 4.31575 19.15 -0.060781 -0.0585998 0.0535885 
qwerty 193 14 0 0.510999 -18.75 3.86561 19.5616 -0.060781 -0.0585998 0.0535885 
qwerty 193 14 0 0.510999 -19.0487 3.57763 19.825 -0.060781 -0.0585998 0.0535885 
qwerty 193 14 0 0.510999 -19.8143 2.83951 20.5 -0.060781 -0.0585998 0.0535885 
qwerty 193 14 0 0.510999 -20.5799 2.10138 21.175 -0.060781 -0.0585998 0.0535885 
qwerty 193 14 0 0.510999 -21.3455 1.36326 21.85 -0.060781 -0.0585998 0.0535885 
qwerty 193 14 0 0.510999 -22.1111 0.625139 22.525 -0.060781 -0.0585998 0.0535885 
qwerty 193 14 0 0.510999 -22.8767 -0.112984 23.2 -0.060781 -0.0585998 0.0535885 
qwerty 191 14 0 2.41712 -13.7356 6.38541 16.45 0.0480042 -0.0822904 0.0303955 
qwerty 191 14 0 2.41712 -12.6695 4.55797 17.125 0.0480042 -0.0822904 0.0303955 
qwerty 191 14 0 2.41712 -12.1982 3.75 17.4234 0.0480042 -0.0822904 0.0303955 
qwerty 191 14 0 1.45258 -12.0696 3.52946 17.5049 0.0385294 -0.054473 0.0744861 
qwerty 191 14 0 1.45258 -11.9169 3.31364 17.8 0.0385294 -0.054473 0.0744861 
qwerty 191 14 0 1.45258 -11.5678 2.82 18.475 0.0385294 -0.054473 0.0744861 
qwerty 191 14 0 0.24468 -12.8459 3.12022 17.975 -0.0906936 0.0217574 -0.0360734 
qwerty 332 191 0.296826 0.667706 -12.0009 3.44063 17.4472 0.0907896 -0.0257219 -0.0331003 
qwerty 332 191 0.164776 0.50293 -11.9418 3.3893 17.4228 0.0523666 -0.0560053 -0.0641961 
qwerty 332 191 0.144495 0.358435 -11.8967 3.34624 17.3936 0.0147416 -0.0742511 -0.0653411 
qwerty 332 191 0.186998 0.171437 -11.8517 3.32183 17.3508 0.0744103 -0.0231388 0.0626714 
qwerty 332 191 0.171437 0 -11.8369 3.31721 17.3633 0.0744103 -0.0231388 0.0626714 
qwerty 335 333 0 0.948392 -11.6414 3.10738 17.975 -0.0133925 0.0495624 -0.085815 
qwerty 335 333 0 0.948392 -11.7467 3.49722 17.3 -0.0133925 0.0495624 -0.085815 
qwerty 335 333 0 0.948392 -11.852 3.88707 16.625 -0.0133925 0.0495624 -0.085815 
qwerty 335 333 0 0.737563 -11.9029 4.11001 16.1987 -0.00819114 0.086176 -0.0500659 
qwerty 335 333 0 0.737563 -11.9436 4.53811 15.95 -0.00819114 0.086176 -0.0500659 
qwerty 336 335 0.21083 0 -11.905 4.09902 16.173 -0.00746917 -0.0392322 -0.091679 
qwerty 189 14 0 0.530194 -15.1022 8.05479 16.45 -0.0629029 0.0172463 0.075801 
qwerty 189 14 0 0.530194 -15.6623 8.20837 17.125 -0.0629029 0.0172463 0.075801 
qwerty 189 14 0 0.530194 -16.2225 8.36194 17.8 -0.0629029 0.0172463 0.075801 
qwerty 187 14 0 0.758003 -15.7413 8.75 16.2087 -0.079493 0.0553683 0.0248035 
qwerty 187 14 0 0.758003 -16.5147 9.2887 16.45 -0.079493 0.0553683 0.0248035 
qwerty 187 14 0 0.758003 -18.678 10.7955 17.125 -0.079493 0.0553683 0.0248035 
qwerty 186 14 0 0.263048 -14.2262 7.79123 16.45 0.042996 -0.0318468 0.0844815 
qwerty 186 14 0 0.263048 -13.8827 7.53678 17.125 0.042996 -0.0318468 0.0844815 
qwerty 183 96 0 0.510999 2.70892 -1.86184 7.175 -0.0750942 -0.037813 -0.0541391 
qwerty 183 96 0 0.510999 1.77265 -2.33329 6.5 -0.0750942 -0.037813 -0.0541391 
qwerty 182 96 0 0.510999 3.92399 -1.25 8.05101 0.0750942 0.037813 0.0541391 
qwerty 182 96 0 0.510999 4.33872 -1.04117 8.35 0.0750942 0.037813 0.0541391 
qwerty 182 96 0 0.22176 5.01163 -0.70233 8.83514 0.0246289 0.00880756 -0.0965186 
qwerty 182 96 0 0.22176 5.09077 -0.674029 8.525 0.0246289 0.00880756 -0.0965186 
qwerty 182 96 0 0.22176 5.26301 -0.612434 7.85 0.0246289 0.00880756 -0.0965186 
qwerty 349 182 0.289239 0 5.03632 -0.6893 8.87195 0.0534413 0.028204 0.0796779 
qwerty 181 108 0 0.510999 6.95429 -2.02261 8.35 0.0794342 -0.00545098 0.0605021 
qwerty 181 108 0 0.510999 7.84051 -2.08342 9.025 0.0794342 -0.00545098 0.0605021 
qwerty 181 108 0 0.510999 8.72673 -2.14424 9.7 0.0794342 -0.00545098 0.0605021 
qwerty 181 108 0 0.345204 9.13865 -2.17251 10.0137 -0.00881454 0.0135076 0.0986907 
qwerty 181 108 0 0.345204 9.10639 -2.12306 10.375 -0.00881454 0.0135076 0.0986907 
qwerty 351 181 0.165795 0 9.15725 -2.17568 10.0124 0.0983252 -0.0167843 -0.00710259 
qwerty 180 108 0 0.510999 5.41162 -1.91675 7.175 -0.0794342 0.00545098 -0.0605021 
qwerty 180 108 0 0.510999 4.5254 -1.85593 6.5 -0.0794342 0.00545098 -0.0605021 
qwerty 180 108 0 0.510999 3.75 -1.80272 5.90941 -0.0794342 0.00545098 -0.0605021 
qwerty 180 108 0 0.510999 3.63918 -1.79512 5.825 -0.0794342 0.00545098 -0.0605021 
qwerty 180 108 0 0.510999 2.75296 -1.7343 5.15 -0.0794342 0.00545098 -0.0605021 
qwerty 180 108 0 0.211971 2.20019 -1.58235 4.475 -0.0490658 0.02103 -0.0845594 
qwerty 178 121 0 0.510999 4.33044 -3.08903 6.5 -0.092409 -0.0344727 -0.0164986 
qwerty 177 121 0 0.510999 7.13094 -2.04432 7 0.092409 0.0344727 0.0164986 
qwerty 177 121 0 0.510999 8.75 -1.44033 7.28907 0.092409 0.0344727 0.0164986 
qwerty 177 121 0 0.510999 10.9116 -0.633952 7.675 0.092409 0.0344727 0.0164986 
qwerty 177 121 0 0.25005 11.25 -0.516786 7.36526 0.0122245 0.00207726 -0.0992283 
qwerty 177 121 0 0.25005 11.2734 -0.512803 7.175 0.0122245 0.00207726 -0.0992283 
qwerty 176 121 0 0.0530479 7.71803 -2.2002 6.5 -0.0590514 0.0540002 -0.0599742 
qwerty 175 140 0 0.510999 1.27776 -2.14812 11.225 -0.00704135 -0.0900703 -0.0428692 
qwerty 175 140 0 0.253588 1.22224 -2.85835 10.887 0.0422444 0.0376196 -0.0824632 
qwerty 175 140 0 0.253588 1.39486 -2.70463 10.55 0.0422444 0.0376196 -0.0824632 
qwerty 361 175 0.257411 0 1.21264 -2.89562 10.8863 -0.0249371 -0.0968253 -0.0017328 
qwerty 174 140 0 0.510999 1.47076 0.320613 12.4 0.00704135 0.0900703 0.0428692 
qwerty 174 140 0 0.510999 1.58163 1.73882 13.075 0.00704135 0.0900703 0.0428692 
qwerty 173 150 0 0.510999 2.97782 -3.87466 15.775 0.0060708 0.04208 0.090512 
qwerty 172 150 0 0.252952 2.9527 -4.04879 15.4005 -0.0518363 -0.0752236 0.0406744 
qwerty 172 150 0 0.252952 2.47537 -4.74149 15.775 -0.0518363 -0.0752236 0.0406744 
qwerty 366 172 0.258047 0 2.95943 -4.05046 15.3624 0.0174168 -0.00430619 -0.0983774 
qwerty 171 150 0 1.06905 3.1341 -4.11134 15.775 0.0761927 -0.0211513 0.0612152 
qwerty 171 150 0 0.347285 3.56865 -4.23197 16.1241 -0.0468076 0.0462329 0.0753098 
qwerty 171 150 0 0.347285 3.36611 -4.03191 16.45 -0.0468076 0.0462329 0.0753098 
qwerty 368 171 0.225913 0.495852 3.64453 -4.25845 16.1803 0.0997484 -0.00430206 0.005635 
qwerty 368 171 0.400749 0.0951034 3.74431 -4.26276 16.1859 -0.0336798 -0.0876054 -0.0345105 
qwerty 368 171 0.0951034 0 3.74182 -4.26924 16.1833 -0.0336798 -0.0876054 -0.0345105 
qwerty 169 150 0 2.83932 2.4715 -3.75 15.0434 0.00224292 -0.0259599 0.0965456 
qwerty 169 150 0 2.83932 2.47282 -3.76521 15.1 0.00224292 -0.0259599 0.0965456 
qwerty 169 150 0 2.83932 2.4885 -3.94671 15.775 0.00224292 -0.0259599 0.0965456 
qwerty 169 150 0 2.83932 2.50418 -4.12821 16.45 0.00224292 -0.0259599 0.0965456 
qwerty 169 150 0 0.473356 2.31589 -4.83386 17.125 -0.0186055 -0.0730409 0.065718 
qwerty 169 150 0 0.473356 2.12479 -5.58407 17.8 -0.0186055 -0.0730409 0.065718 
qwerty 169 150 0 0.473356 1.93369 -6.33429 18.475 -0.0186055 -0.0730409 0.065718 
qwerty 169 150 0 0.386124 1.87517 -6.52887 18.6534 0.0303394 -0.0320072 0.08975 
qwerty 169 150 0 0.386124 2.04304 -6.70597 19.15 0.0303394 -0.0320072 0.08975 
qwerty 169 150 0 0.210298 2.53001 -6.78222 18.65 0.0671681 -0.00909566 -0.0735236 
qwerty 374 169 0.00951563 0.0777168 1.87403 -6.53041 18.6526 -0.0725514 -0.0656132 0.0207655 
qwerty 374 169 0.00761543 0.0701014 1.87324 -6.53162 18.6532 0.0204325 -0.0828728 -0.0521019 
qwerty 374 169 0.012194 0.0579075 1.87368 -6.53346 18.6527 0.0610698 -0.0791514 0.00235117 
qwerty 374 169 0.0138505 0.044057 1.87404 -6.5347 18.6529 0.0224887 -0.0972783 -0.00558427 
qwerty 374 169 0.0136312 0.0304257 1.87449 -6.53583 18.6521 -0.00638829 -0.0841268 -0.0536831 
qwerty 374 169 0.0304257 0 1.87443 -6.53667 18.6515 -0.00638829 -0.0841268 -0.0536831 
qwerty 378 372 0 0.282763 2.70272 -5.05253 17.125 0.0193657 -0.0832901 0.0518434 
qwerty 378 372 0 0.280652 3.15022 -6.25 17.7714 0.0336511 -0.0834601 0.0436121 
qwerty 378 372 0 0.280652 3.17228 -6.30472 17.8 0.0336511 -0.0834601 0.0436121 
qwerty 378 372 0 0.230122 3.2975 -6.66246 18.475 0.00420623 -0.0189586 0.0980963 
qwerty 168 161 0 0.72603 5.00031 -1.89592 9.7 0.0984238 -0.00751031 0.016011 
qwerty 167 161 0 0.923047 4.81895 -1.7097 9.2 -0.00831532 0.0344043 -0.0935265 
qwerty 167 161 0 0.923047 4.75894 -1.4614 8.525 -0.00831532 0.0344043 -0.0935265 
qwerty 304 197 2.17911 6.55875 -2.91683 0.0265736 6.93655 -0.025746 -0.0678392 0.0688112 
qwerty 304 197 0.153041 6.40571 -2.94057 -0.0359849 7 -0.0164498 -0.0641574 0.0749216 
qwerty 304 197 0.973123 3.93636 -2.78342 -0.431132 6.5 -0.00481945 -0.0695094 -0.0717302 
qwerty 291 276 1.01605 1.99617 -6.6507 1.44501 14.1668 -0.0749847 -0.0108937 0.0652582 
qwerty 291 276 0.829779 1.16639 -6.87382 1.37408 14.3977 -0.060349 -0.0599103 0.0526189 
qwerty 291 276 0.325632 0.84076 -6.90508 1.34304 14.425 -0.0774088 -0.0562136 0.0291188 
qwerty 274 200 0.827165 4.46911 -3.04721 0.843393 8.35 -0.033721 -0.0542544 0.0769373 
qwerty 216 101 0.135689 0 3.07084 -1.52867 8.94457 -0.0914898 -0.0369297 0.016304 
qwerty 215 101 0.131548 0 4.61022 -1.21747 9.35628 0.0043005 0.0868846 -0.049321 
qwerty 214 101 0.112568 0 5.72336 -1.9172 10.0495 0.0817869 -0.0319609 0.0478478 
qwerty 247 207 0 0.530672 -3.27376 -2.88363 14.6 0.0683171 0.0468459 -0.0560199 
qwerty 247 207 0 0.530672 -2.45059 -2.31917 13.925 0.0683171 0.0468459 -0.0560199 
qwerty 247 207 0 0.530672 -1.62742 -1.75471 13.25 0.0683171 0.0468459 -0.0560199 
qwerty 247 207 0 0.530672 -1.25 -1.49591 12.9405 0.0683171 0.0468459 -0.0560199 
qwerty 247 207 0.0153813 0.515291 -1.19018 -1.45489 12.8915 0.0973328 0.0192003 -0.0125565 
qwerty 247 207 0 0.0705021 0.218127 -1.17708 12.7098 0.053635 -0.083967 -0.0085343 
qwerty 247 207 0.0175792 0.0529229 0.50588 -1.62756 12.664 0.0124848 -0.0972378 0.0197218 
qwerty 247 207 0.0518223 0.00110061 0.560538 -2.05327 12.7503 0.0773707 -0.0177145 -0.0608274 
qwerty 247 207 0.000284486 0.000816127 0.633965 -2.07008 12.6926 -0.0419584 0.0742397 0.0522299 
qwerty 247 207 0.000815533 5.93646e-07 0.540838 -1.9053 12.8085 0.037922 -0.0324606 0.0866501 
qwerty 247 207 0 5.93646e-07 0.657455 -2.00512 13.075 0.037922 -0.0324606 0.0866501 
qwerty 247 207 0 5.93646e-07 0.952865 -2.25799 13.75 0.037922 -0.0324606 0.0866501 
qwerty 247 207 0 5.82465e-07 0.932073 -2.06697 13.25 -0.0104561 0.0353851 -0.0929439 
qwerty 247 207 4.57852e-07 1.24612e-07 0.898109 -1.95203 12.9481 -0.0641305 -0.0470683 -0.0605959 
qwerty 247 207 1.2141e-07 3.20244e-09 0.513879 -2.23403 12.585 0.00787732 0.058365 -0.0808175 
qwerty 247 207 0 3.20244e-09 0.514857 -2.22678 12.575 0.00787732 0.058365 -0.0808175 
qwerty 247 207 0 3.20244e-09 0.58065 -1.73931 11.9 0.00787732 0.058365 -0.0808175 
qwerty 245 207 0.0143775 0.799938 -4.0705 -3.37876 15.3728 -0.0311846 0.0371514 0.0874488 
qwerty 245 207 0 0.799938 -4.21393 -3.20789 15.775 -0.0311846 0.0371514 0.0874488 
qwerty 245 207 0 0.799938 -4.45464 -2.92112 16.45 -0.0311846 0.0371514 0.0874488 
qwerty 245 207 0 0.791365 -8.75 -9.02479 16.679 -0.0570499 -0.0821068 0.00194722 
qwerty 245 207 0 0.0356039 -9.67355 -10.354 16.7105 -0.0909324 0.0364922 -0.0199903 
qwerty 245 207 0 0.0356039 -10.0627 -10.1978 16.625 -0.0909324 0.0364922 -0.0199903 
qwerty 245 207 0.0244107 0.0111932 -13.0098 -9.01511 15.9771 -0.0374416 0.010088 -0.0921757 
qwerty 245 207 0 0.0111932 -13.0208 -9.01214 15.95 -0.0374416 0.010088 -0.0921757 
qwerty 245 207 0.00939894 0.00179421 -13.2278 -8.95638 15.4405 0.0114968 0.0916868 -0.0382277 
qwerty 245 207 0.000276661 0.00151755 -13.2052 -8.77649 15.3655 -0.0240027 0.0810544 -0.0534234 
qwerty 245 207 0 0.00151755 -13.2458 -8.63922 15.275 -0.0240027 0.0810544 -0.0534234 
qwerty 245 207 0 0.00151755 -13.5491 -7.61511 14.6 -0.0240027 0.0810544 -0.0534234 
qwerty 245 207 0 0.00151755 -13.75 -6.93676 14.1529 -0.0240027 0.0810544 -0.0534234 
qwerty 245 207 0.000729271 0.000788283 -13.7876 -6.80962 14.0691 0.0497116 0.0691588 -0.0524006 
qwerty 245 207 0 0.000788283 -13.75 -6.75724 14.0294 0.0497116 0.0691588 -0.0524006 
qwerty 245 207 0 0.000788283 -13.6509 -6.61944 13.925 0.0497116 0.0691588 -0.0524006 
qwerty 245 207 1.8117e-05 0.000770166 -13.444 -6.33151 13.7068 0.00386059 0.0916266 -0.0398706 
qwerty 245 207 0 0.000770166 -13.4405 -6.25 13.6714 0.00386059 0.0916266 -0.0398706 
qwerty 245 207 0.000299795 0.000470371 -13.4125 -5.5842 13.3817 -0.027664 0.0943754 0.0181106 
qwerty 245 207 0.000216716 0.000253656 -13.6482 -4.78023 13.5359 -0.0231492 0.0557758 0.0797068 
qwerty 245 207 5.58514e-05 0.000197804 -13.6622 -4.74647 13.5842 0.00458 0.020556 0.0977572 
qwerty 245 207 0 0.000197804 -13.6544 -4.7116 13.75 0.00458 0.020556 0.0977572 
qwerty 245 207 9.07382e-05 0.000107066 -13.6361 -4.62961 14.1399 0.0470766 0.0652558 0.0593757 
qwerty 245 207 1.97511e-05 8.73149e-05 -13.5336 -4.4875 14.2692 -0.093236 0.00231382 0.036079 
qwerty 245 207 0 8.73149e-05 -13.75 -4.48213 14.3529 -0.093236 0.00231382 0.036079 
qwerty 245 207 1.70004e-05 7.03145e-05 -13.796 -4.48099 14.3707 -0.0804732 0.0457098 0.0378771 
qwerty 245 207 5.22077e-05 1.81068e-05 -13.8826 -4.4318 14.4115 -0.00148365 0.0993622 0.0111786 
qwerty 245 207 0 1.81068e-05 -13.8844 -4.31168 14.425 -0.00148365 0.0993622 0.0111786 
qwerty 245 207 7.87214e-06 1.02347e-05 -13.9106 -2.55571 14.6226 -0.0209195 0.0814762 -0.0540741 
qwerty 245 207 0 1.02347e-05 -13.9193 -2.52173 14.6 -0.0209195 0.0814762 -0.0540741 
qwerty 245 207 8.82587e-06 1.4088e-06 -14.1242 -1.72377 14.0704 0.074161 0.0229351 -0.0630407 
qwerty 245 207 1.31587e-06 9.29346e-08 -14.0207 -1.69178 13.9825 0.0424254 -0.0875621 -0.0230861 
qwerty 245 207 8.801e-08 4.92446e-09 -13.955 -1.82746 13.9467 -0.0780283 -0.0616641 -0.0104463 
qwerty 245 207 4.07942e-09 8.44807e-10 -13.9822 -1.84897 13.9431 -0.0881333 0.0459784 -0.0108861 
qwerty 245 207 0 8.44807e-10 -14.1285 -1.77265 13.925 -0.0881333 0.0459784 -0.0108861 
qwerty 245 207 0 8.31278e-10 -13.6882 -1.60763 13.75 0.0912814 0.0259883 -0.0315011 
qwerty 403 230 0 0.486484 1.25 -6.78077 14.1346 -0.0738914 -0.0664353 -0.0112433 
qwerty 403 230 0 0.486484 -0.127748 -8.0195 13.925 -0.0738914 -0.0664353 -0.0112433 
qwerty 402 230 0 0.219847 6.40616 -3.37508 14.6393 -0.00173938 -0.0676636 -0.0736112 
qwerty 402 230 0 0.219847 6.40524 -3.41119 14.6 -0.00173938 -0.0676636 -0.0736112 
qwerty 409 402 0.0531334 0.238019 6.42035 -3.35527 14.641 -0.0103442 0.0905716 0.0411069 
qwerty 409 402 0.0730276 0.164991 6.41122 -3.34003 14.6527 0.0129862 0.0900596 0.0414805 
qwerty 409 402 0.164991 0 6.41365 -3.32313 14.6605 0.0129862 0.0900596 0.0414805 
qwerty 401 241 0 0.510999 -7.94172 -0.0803819 20.675 -0.0751512 0.0615214 -0.0238206 
qwerty 400 241 0 0.510999 -4.23473 -3.11506 21.85 0.0751512 -0.0615214 0.0238206 
qwerty 396 291 0 0.510999 -7.58451 16.8766 13.925 -0.00432339 0.0998524 -0.00328876 
qwerty 396 291 0 0.510999 -7.28105 17.6017 14.425 0.0415241 0.0614252 0.0671022 
qwerty 396 291 0 0.444827 -7.05265 17.9396 14.7941 -0.00688059 0.083358 0.0548098 
qwerty 396 291 0 0.444827 -7.09105 18.4049 15.1 -0.00688059 0.083358 0.0548098 
qwerty 396 291 0 0.444827 -7.17579 19.4314 15.775 -0.00688059 0.083358 0.0548098 
qwerty 396 291 0 0.444827 -7.26053 20.458 16.45 -0.00688059 0.083358 0.0548098 
qwerty 417 396 0.0661716 0 -7.04908 17.9388 14.7955 0.0904803 -0.0212108 0.0369244 
qwerty 395 291 0 0.473402 -6.25 1.88902 14.0023 0.0279606 0.0845014 0.0455821 
qwerty 395 291 0 0.473402 -5.9907 2.67266 14.425 0.0279606 0.0845014 0.0455821 
qwerty 394 291 0 1.05793 -6.6151 1.90864 14.425 -0.0398393 0.0409528 0.0820713 
qwerty 394 291 0 1.05793 -6.94276 2.24546 15.1 -0.0398393 0.0409528 0.0820713 
qwerty 394 291 0 1.05793 -7.27042 2.58228 15.775 -0.0398393 0.0409528 0.0820713 
qwerty 394 291 0 1.05793 -7.59808 2.9191 16.45 -0.0398393 0.0409528 0.0820713 
qwerty 394 291 0 1.05793 -7.92574 3.25592 17.125 -0.0398393 0.0409528 0.0820713 
qwerty 394 291 0 1.05793 -8.2534 3.59273 17.8 -0.0398393 0.0409528 0.0820713 
qwerty 394 291 0 1.05793 -8.58106 3.92955 18.475 -0.0398393 0.0409528 0.0820713 
qwerty 394 291 0 1.05793 -8.90872 4.26637 19.15 -0.0398393 0.0409528 0.0820713 
qwerty 394 291 0 1.05793 -9.23638 4.60319 19.825 -0.0398393 0.0409528 0.0820713 
qwerty 394 291 0 1.05793 -9.56404 4.94001 20.5 -0.0398393 0.0409528 0.0820713 
qwerty 394 291 0 1.05793 -9.8917 5.27683 21.175 -0.0398393 0.0409528 0.0820713 
qwerty 394 291 0 1.05793 -10.2154 5.61686 21.85 -0.0392904 0.0414252 0.0820988 
qwerty 394 291 0 1.05793 -10.5385 5.95745 22.525 -0.0392904 0.0414252 0.0820988 
qwerty 394 291 0 1.05793 -10.8159 6.25 23.1048 -0.0392904 0.0414252 0.0820988 
qwerty 394 291 0 1.05793 -10.8615 6.29804 23.2 -0.0392904 0.0414252 0.0820988 
qwerty 394 291 0 1.05793 -11.1845 6.63863 23.875 -0.0392904 0.0414252 0.0820988 
qwerty 394 291 0 1.05793 -11.5076 6.97922 24.55 -0.0392904 0.0414252 0.0820988 
qwerty 394 291 0 1.05793 -11.8306 7.31981 25.225 -0.0392904 0.0414252 0.0820988 
qwerty 394 291 0 1.05793 -12.1537 7.6604 25.9 -0.0392904 0.0414252 0.0820988 
qwerty 394 291 0 1.05793 -12.4767 8.00099 26.575 -0.0392904 0.0414252 0.0820988 
qwerty 394 291 0 1.05793 -12.7997 8.34158 27.25 -0.0392904 0.0414252 0.0820988 
qwerty 394 291 0 1.05793 -13.1228 8.68217 27.925 -0.0392904 0.0414252 0.0820988 
qwerty 391 304 0 0.16605 -3.14679 -0.608032 7 -0.0462339 -0.0303085 0.0833296 
qwerty 390 304 0 0.510999 -3.75 -0.214703 5.89355 -0.0821472 0.0207075 -0.0531322 
qwerty 390 304 0 0.510999 -3.85598 -0.187989 5.825 -0.0821472 0.0207075 -0.0531322 
qwerty 390 304 0 0.510999 -4.89959 0.0750821 5.15 -0.0821472 0.0207075 -0.0531322 
qwerty 390 304 0 0.510999 -5.9432 0.338153 4.475 -0.0821472 0.0207075 -0.0531322 
qwerty 390 304 0 0.510999 -6.98681 0.601224 3.8 -0.0821472 0.0207075 -0.0531322 
qwerty 390 304 0 0.510999 -8.03042 0.864295 3.125 -0.0821472 0.0207075 -0.0531322 
qwerty 389 304 0 0.912203 -3.43586 -0.8389 7 -0.0654398 -0.0452218 0.0606021 
qwerty 389 304 0 0.912203 -3.75 -1.05598 7.29091 -0.0654398 -0.0452218 0.0606021 
qwerty 389 304 0 0.912203 -4.16475 -1.34259 7.675 -0.0654398 -0.0452218 0.0606021 
qwerty 389 304 0 0.912203 -4.89363 -1.84628 8.35 -0.0654398 -0.0452218 0.0606021 
qwerty 389 304 0 0.912203 -5.62251 -2.34997 9.025 -0.0654398 -0.0452218 0.0606021 
qwerty 389 304 0 0.912203 -6.3514 -2.85366 9.7 -0.0654398 -0.0452218 0.0606021 
qwerty 388 304 0 0.259912 -3.52804 -0.692698 7 -0.0762339 -0.0260774 0.0592314 
qwerty 387 304 0 0.597249 -3.75 -0.907788 6.27145 -0.0906393 -0.0407353 -0.0111872 
qwerty 387 304 0 0.200333 -3.8653 -0.959604 6.25722 0.0691638 0.0342243 -0.0636009 
qwerty 387 304 0 0.200333 -3.75 -0.902553 6.15119 0.0691638 0.0342243 -0.0636009 
qwerty 387 304 0 0.200333 -3.39528 -0.727025 5.825 0.0691638 0.0342243 -0.0636009 
qwerty 387 304 0 0.200333 -2.66124 -0.3638 5.15 0.0691638 0.0342243 -0.0636009 
qwerty 405 245 0.618737 0.137024 -9.67412 -10.3553 16.7106 -0.0373939 -0.0924646 0.00721041 
qwerty 405 245 0.0886619 0.0483623 -9.67418 -10.3555 16.7106 -0.0430103 -0.0896912 0.0102761 
qwerty 405 245 0.0314965 0.0168658 -9.67422 -10.3556 16.7107 -0.0538362 -0.0834321 0.0118633 
qwerty 405 245 0.0168658 0 -9.67424 -10.3556 16.7107 -0.0605897 -0.0792454 -0.00700372 
qwerty 404 247 0.354882 0.089907 0.218685 -1.17672 12.7097 0.082778 0.0555642 -0.00777337 
qwerty 404 247 0.089907 0 0.218786 -1.17665 12.7097 0.0846818 0.0510963 -0.0147704 
qwerty 435 387 0.106533 0.290384 -3.9065 -0.966968 6.24501 -0.0608077 0.0779517 0.0150316 
qwerty 435 387 0.163845 0.126539 -3.90434 -0.911678 6.24342 -0.0733738 0.067183 -0.0101356 
qwerty 435 387 0.126539 0 -3.91318 -0.903584 6.2422 -0.0733738 0.067183 -0.0101356 
