qwerty 1 0 0 200 0 0 -0.249995 0 0 0.1 
qwerty 3 1 0 133.917 0.068817 0.273838 0.25 0.0119846 0.0476894 0.0870752 
qwerty 3 1 0 133.917 0.161721 0.643523 0.925 0.0119846 0.0476894 0.0870752 
qwerty 3 1 0 133.917 0.254624 1.01321 1.6 0.0119846 0.0476894 0.0870752 
qwerty 3 1 0 133.917 0.347528 1.38289 2.275 0.0119846 0.0476894 0.0870752 
qwerty 4 3 1.03501 91.66 0.464432 1.7141 2.95 0.0163492 0.0421707 0.0891871 
qwerty 4 3 0.949521 45.756 0.535092 1.9982 3.625 0.00804633 0.0388989 0.0917722 
qwerty 4 3 0.829854 42.8157 0.605033 2.21013 4.3 0.00655331 0.0300133 0.0951644 
qwerty 4 3 0.758585 35.3837 0.422177 2.27043 4.9524 -0.0296024 0.00021602 0.0955178 
qwerty 4 3 0.0307707 35.353 0.415172 2.27048 4.975 -0.0289241 -0.000350467 0.095725 
qwerty 4 3 1.22019 30.5779 0.0832661 2.45393 5.65 -0.0442782 0.025752 0.0858853 
qwerty 4 3 1.01433 2.99478 -0.113624 2.81165 6.31798 0.0190453 0.046687 0.0863574 
qwerty 4 3 0.0137984 2.98098 -0.112076 2.81544 6.325 0.0156239 0.0440734 0.0883936 
qwerty 4 3 0.718396 1.29713 -0.103206 2.80951 5.97334 0.0194531 -0.005648 -0.0979269 
qwerty 4 3 0.388896 0.908238 -0.0737379 2.80095 5.825 0.00892338 -0.0358184 -0.0929377 
qwerty 4 3 0.0627885 0.668576 -0.0960171 2.78472 5.85314 -0.0310829 -0.0204036 0.0928307 
qwerty 4 3 0.0689848 0.599591 -0.117721 2.78203 5.88749 -0.0697051 -0.0410571 0.0587836 
qwerty 4 3 0.0897049 0.509887 -0.147253 2.7637 5.90171 -0.0689445 -0.0346228 0.0636233 
qwerty 4 3 0.0881769 0.42171 -0.171204 2.76031 5.93922 -0.0645385 -0.0419405 0.0638418 
qwerty 4 3 0.148925 0.272784 -0.239786 2.75793 5.95988 -0.0873673 -0.0144525 0.046455 
qwerty 4 3 0.272784 0 -0.276622 2.75184 5.97946 -0.0873673 -0.0144525 0.046455 
qwerty 17 4 0 20.0258 -0.216725 2.6771 6.325 -0.0388562 0.028884 0.0874981 
qwerty 17 4 0 20.0258 -0.516479 2.89992 7 -0.0388562 0.028884 0.0874981 
qwerty 17 4 0 20.0258 -0.816234 3.12274 7.675 -0.0388562 0.028884 0.0874981 
qwerty 17 4 0 20.0258 -1.11599 3.34557 8.35 -0.0388562 0.028884 0.0874981 
qwerty 17 4 0 20.0258 -1.25 3.44519 8.65177 -0.0388562 0.028884 0.0874981 
qwerty 17 4 0 20.0258 -1.41574 3.56839 9.025 -0.0388562 0.028884 0.0874981 
qwerty 17 4 0 20.0258 -1.66005 3.75 9.57514 -0.0388562 0.028884 0.0874981 
qwerty 17 4 0 20.0258 -1.7155 3.79122 9.7 -0.0388562 0.028884 0.0874981 
qwerty 17 4 0 20.0258 -2.01525 4.01404 10.375 -0.0388562 0.028884 0.0874981 
qwerty 17 4 0 20.0258 -2.315 4.23687 11.05 -0.0388562 0.028884 0.0874981 
qwerty 17 4 0 20.0258 -2.61476 4.45969 11.725 -0.0388562 0.028884 0.0874981 
qwerty 20 17 1.01178 14.4985 -2.97624 4.84353 12.4 -0.038547 0.0593061 0.0706889 
qwerty 27 20 0 0.416425 -5.45429 6.12532 11.9 -0.0896527 0.0399329 -0.019177 
qwerty 26 20 0 2.1168 -3.18668 5.21469 11.9 -0.0191896 0.0333663 -0.0922954 
qwerty 26 20 0 1.8768 -3.25342 5.31903 11.225 -0.00811726 0.0121342 -0.0989286 
qwerty 26 20 0 1.8768 -3.3088 5.40182 10.55 -0.00811726 0.0121342 -0.0989286 
qwerty 26 20 0 1.8768 -3.36419 5.48462 9.875 -0.00811726 0.0121342 -0.0989286 
qwerty 26 20 0 1.8768 -3.41957 5.56741 9.2 -0.00811726 0.0121342 -0.0989286 
qwerty 26 20 0 1.8768 -3.47496 5.6502 8.525 -0.00811726 0.0121342 -0.0989286 
qwerty 26 20 0 1.8768 -3.53034 5.73299 7.85 -0.00811726 0.0121342 -0.0989286 
qwerty 26 20 0 1.8768 -3.58573 5.81579 7.175 -0.00811726 0.0121342 -0.0989286 
qwerty 26 20 0 1.8768 -3.64111 5.89858 6.5 -0.00811726 0.0121342 -0.0989286 
qwerty 26 20 0 1.8768 -3.6965 5.98137 5.825 -0.00811726 0.0121342 -0.0989286 
qwerty 26 20 0 1.8768 -3.75188 6.06417 5.15 -0.00811726 0.0121342 -0.0989286 
qwerty 26 20 0 1.8768 -3.80727 6.14696 4.475 -0.00811726 0.0121342 -0.0989286 
qwerty 26 20 0 1.8768 -3.86265 6.22975 3.8 -0.00811726 0.0121342 -0.0989286 
qwerty 26 20 0 1.8768 -3.91804 6.31255 3.125 -0.00811726 0.0121342 -0.0989286 
qwerty 26 20 0 1.8768 -3.97342 6.39534 2.45 -0.00811726 0.0121342 -0.0989286 
qwerty 26 20 0 1.8768 -4.02881 6.47813 1.775 -0.00811726 0.0121342 -0.0989286 
qwerty 26 20 0 1.8768 -4.08419 6.56093 1.1 -0.00811726 0.0121342 -0.0989286 
qwerty 26 20 0 1.8768 -4.13958 6.64372 0.425 -0.00811726 0.0121342 -0.0989286 
qwerty 26 20 0 1.8768 -4.19496 6.72651 -0.25 -0.00811726 0.0121342 -0.0989286 
qwerty 25 20 0 0.7583 -3.65513 5.28355 13.075 -0.0670328 0.0382268 0.0636028 
qwerty 25 20 0 0.7583 -4.36653 5.68924 13.75 -0.0670328 0.0382268 0.0636028 
qwerty 25 20 0 0.7583 -5.07793 6.09493 14.425 -0.0670328 0.0382268 0.0636028 
qwerty 25 20 0 0.7583 -5.34985 6.25 14.683 -0.0670328 0.0382268 0.0636028 
qwerty 25 20 0 0.7583 -5.78934 6.50063 15.1 -0.0670328 0.0382268 0.0636028 
qwerty 25 20 0 0.7583 -6.25 6.76333 15.5371 -0.0670328 0.0382268 0.0636028 
qwerty 25 20 0 0.7583 -6.50074 6.90632 15.775 -0.0670328 0.0382268 0.0636028 
qwerty 25 20 0 0.45788 -6.35995 7.78028 16.45 0.0175693 0.0789907 0.058752 
qwerty 24 20 0 1.13078 -3.70368 5.2343 13.075 -0.0710298 0.0324693 0.0624541 
qwerty 24 20 0 1.13078 -4.47137 5.58523 13.75 -0.0710298 0.0324693 0.0624541 
qwerty 24 20 0 1.11526 -4.94762 5.80293 14.1688 -0.0632612 0.0393551 0.0667023 
qwerty 24 20 0 1.11526 -5.19065 5.95412 14.425 -0.0632612 0.0393551 0.0667023 
qwerty 24 20 0 1.11526 -5.66626 6.25 14.9265 -0.0632612 0.0393551 0.0667023 
qwerty 24 20 0 1.11526 -5.83083 6.35238 15.1 -0.0632612 0.0393551 0.0667023 
qwerty 24 20 0 1.11526 -6.25 6.61315 15.542 -0.0632612 0.0393551 0.0667023 
qwerty 24 20 0 1.11526 -6.471 6.75064 15.775 -0.0632612 0.0393551 0.0667023 
qwerty 24 20 0 1.11526 -7.11118 7.14889 16.45 -0.0632612 0.0393551 0.0667023 
qwerty 24 20 0 1.11526 -7.75136 7.54715 17.125 -0.0632612 0.0393551 0.0667023 
qwerty 24 20 0 1.11526 -8.39153 7.94541 17.8 -0.0632612 0.0393551 0.0667023 
qwerty 24 20 0 1.11526 -8.75 8.16841 18.178 -0.0632612 0.0393551 0.0667023 
qwerty 24 20 0 1.11526 -9.03171 8.34367 18.475 -0.0632612 0.0393551 0.0667023 
qwerty 24 20 0 1.11526 -9.67189 8.74193 19.15 -0.0632612 0.0393551 0.0667023 
qwerty 24 20 0 1.11526 -10.3121 9.14018 19.825 -0.0632612 0.0393551 0.0667023 
qwerty 24 20 0 1.11526 -10.9522 9.53844 20.5 -0.0632612 0.0393551 0.0667023 
qwerty 24 20 0 1.11526 -11.25 9.72368 20.814 -0.0632612 0.0393551 0.0667023 
qwerty 24 20 0 1.11526 -11.5924 9.9367 21.175 -0.0632612 0.0393551 0.0667023 
qwerty 24 20 0 1.11526 -12.2326 10.335 21.85 -0.0632612 0.0393551 0.0667023 
qwerty 24 20 0 1.11526 -12.8728 10.7332 22.525 -0.0632612 0.0393551 0.0667023 
qwerty 24 20 0 1.11526 -13.513 11.1315 23.2 -0.0632612 0.0393551 0.0667023 
qwerty 24 20 0 1.11526 -13.75 11.2789 23.4499 -0.0632612 0.0393551 0.0667023 
qwerty 24 20 0 1.11526 -14.1531 11.5297 23.875 -0.0632612 0.0393551 0.0667023 
qwerty 24 20 0 0.485283 -15.0671 12.8948 23.375 -0.0507091 0.0791741 -0.0340595 
qwerty 33 24 0.0155249 0 -4.94785 5.80276 14.1687 -0.0769548 -0.0565366 -0.0296912 
qwerty 23 20 0 3.58063 -3.75 5.22525 13.0697 -0.0736864 0.0307021 0.0602304 
qwerty 23 20 0 3.58063 -3.75644 5.22794 13.075 -0.0736864 0.0307021 0.0602304 
qwerty 23 20 0 3.58063 -4.58225 5.57201 13.75 -0.0736864 0.0307021 0.0602304 
qwerty 23 20 0 3.58063 -5.40805 5.91609 14.425 -0.0736864 0.0307021 0.0602304 
qwerty 23 20 0 3.58063 -6.20944 6.25 15.0801 -0.0736864 0.0307021 0.0602304 
qwerty 23 20 0 3.58063 -6.23385 6.26017 15.1 -0.0736864 0.0307021 0.0602304 
qwerty 23 20 0 3.58063 -7.05965 6.60425 15.775 -0.0736864 0.0307021 0.0602304 
qwerty 23 20 0 3.58063 -7.88545 6.94832 16.45 -0.0736864 0.0307021 0.0602304 
qwerty 23 20 0 3.58063 -8.71125 7.2924 17.125 -0.0736864 0.0307021 0.0602304 
qwerty 23 20 0 3.58063 -9.53705 7.63648 17.8 -0.0736864 0.0307021 0.0602304 
qwerty 23 20 0 3.20086 -10.3681 8.17535 18.475 -0.0682934 0.0476187 0.0553938 
qwerty 23 20 0 3.20086 -11.1923 8.75 19.1435 -0.0682934 0.0476187 0.0553938 
qwerty 23 20 0 3.20086 -11.2003 8.75561 19.15 -0.0682934 0.0476187 0.0553938 
qwerty 23 20 0 0.257473 -7.16474 7.95313 18.65 0.0973232 -0.0194672 -0.0122159 
qwerty 42 39 0 0.43728 -10.6913 7.49563 18.65 0.0385971 -0.0855563 -0.034502 
qwerty 42 39 0 0.295479 -10.6369 6.8443 19.15 0.00412989 -0.0757466 0.0651567 
qwerty 42 39 0 0.295479 -10.5941 6.0596 19.825 0.00412989 -0.0757466 0.0651567 
qwerty 41 39 0 0.216218 -10.3643 9.299 18.65 0.0757161 0.0463291 -0.0460508 
qwerty 16 4 0 0.991367 -0.252494 2.64316 6.325 -0.043399 0.0240532 0.0868215 
qwerty 16 4 0 0.991367 -0.589903 2.83016 7 -0.043399 0.0240532 0.0868215 
qwerty 16 4 0 0.991367 -0.927311 3.01717 7.675 -0.043399 0.0240532 0.0868215 
qwerty 15 4 0 0.777885 0.170092 2.39228 5.65 -0.0330039 0.0213641 0.0919474 
qwerty 15 4 0 0.777885 -0.0721947 2.54912 6.325 -0.0330039 0.0213641 0.0919474 
qwerty 15 4 0 0.777885 -0.314481 2.70595 7 -0.0330039 0.0213641 0.0919474 
qwerty 15 4 0 0.777885 -0.556768 2.86279 7.675 -0.0330039 0.0213641 0.0919474 
qwerty 51 50 0 0.526066 -0.242809 3.41011 8.35 0.0343181 0.0593518 0.0727986 
qwerty 14 4 0 1.16157 0.414962 2.27056 4.975 -0.0304067 0.000550701 0.0952635 
qwerty 14 4 0 1.16157 0.199512 2.27446 5.65 -0.0304067 0.000550701 0.0952635 
qwerty 14 4 0 1.16157 -0.0159378 2.27836 6.325 -0.0304067 0.000550701 0.0952635 
qwerty 14 4 0 1.16157 -0.231388 2.28227 7 -0.0304067 0.000550701 0.0952635 
qwerty 14 4 0 1.16157 -0.446838 2.28617 7.675 -0.0304067 0.000550701 0.0952635 
qwerty 14 4 0 1.16157 -0.662288 2.29007 8.35 -0.0304067 0.000550701 0.0952635 
qwerty 14 4 0 1.16157 -0.877738 2.29397 9.025 -0.0304067 0.000550701 0.0952635 
qwerty 14 4 0 1.16157 -1.09319 2.29787 9.7 -0.0304067 0.000550701 0.0952635 
qwerty 14 4 0 1.10161 -1.25 2.30558 10.0196 -0.0502713 0.00292594 0.0863958 
qwerty 14 4 0 1.10161 -1.45681 2.31762 10.375 -0.0502713 0.00292594 0.0863958 
qwerty 14 4 0 0.364877 -0.66699 2.19564 11.05 0.0822284 -0.0121501 0.0555956 
qwerty 14 4 0 0.364877 0.331365 2.04812 11.725 0.0822284 -0.0121501 0.0555956 
qwerty 13 4 0 1.24703 0.430647 2.27941 4.975 -0.0290288 0.00350317 0.0956298 
qwerty 13 4 0 1.24703 0.225748 2.30414 5.65 -0.0290288 0.00350317 0.0956298 
qwerty 13 4 0 1.24703 0.0208494 2.32886 6.325 -0.0290288 0.00350317 0.0956298 
qwerty 13 4 0 1.24703 -0.184049 2.35359 7 -0.0290288 0.00350317 0.0956298 
qwerty 13 4 0 1.24703 -0.388948 2.37832 7.675 -0.0290288 0.00350317 0.0956298 
qwerty 13 4 0 1.24703 -0.593846 2.40305 8.35 -0.0290288 0.00350317 0.0956298 
qwerty 13 4 0 1.24703 -0.798745 2.42777 9.025 -0.0290288 0.00350317 0.0956298 
qwerty 13 4 0 1.24703 -1.00364 2.4525 9.7 -0.0290288 0.00350317 0.0956298 
qwerty 13 4 0 1.24703 -1.20854 2.47723 10.375 -0.0290288 0.00350317 0.0956298 
qwerty 13 4 0 1.24703 -1.41344 2.50195 11.05 -0.0290288 0.00350317 0.0956298 
qwerty 13 4 0 1.24703 -1.61834 2.52668 11.725 -0.0290288 0.00350317 0.0956298 
qwerty 13 4 0 1.24703 -1.82324 2.55141 12.4 -0.0290288 0.00350317 0.0956298 
qwerty 13 4 0 1.24703 -2.02814 2.57613 13.075 -0.0290288 0.00350317 0.0956298 
qwerty 13 4 0 1.24703 -2.23304 2.60086 13.75 -0.0290288 0.00350317 0.0956298 
qwerty 13 4 0 1.24703 -2.43793 2.62559 14.425 -0.0290288 0.00350317 0.0956298 
qwerty 13 4 0 0.817248 -2.597 2.64478 14.949 -0.0769898 -0.0230476 0.0595095 
qwerty 13 4 0 0.817248 -2.79233 2.58631 15.1 -0.0769898 -0.0230476 0.0595095 
qwerty 56 13 0.232316 0.197463 -2.60255 2.63508 15.0375 -0.0805487 0.0235524 0.0543801 
qwerty 56 13 0.197463 0 -2.62283 2.64101 15.0512 -0.0805487 0.0235524 0.0543801 
qwerty 12 4 0 0.226796 0.503126 2.39641 4.975 -0.0163983 0.025186 0.0953769 
qwerty 9 4 0 26.674 0.552957 1.97698 3.625 0.0118906 0.0359012 0.0925728 
qwerty 9 4 0 26.674 0.639658 2.23876 4.3 0.0118906 0.0359012 0.0925728 
qwerty 9 4 0 26.674 0.72636 2.50053 4.975 0.0118906 0.0359012 0.0925728 
qwerty 9 4 0 26.674 0.813061 2.76231 5.65 0.0118906 0.0359012 0.0925728 
qwerty 9 4 0 26.674 0.899762 3.02408 6.325 0.0118906 0.0359012 0.0925728 
qwerty 9 4 0 26.674 0.986463 3.28586 7 0.0118906 0.0359012 0.0925728 
qwerty 9 4 0 26.674 1.07316 3.54763 7.675 0.0118906 0.0359012 0.0925728 
qwerty 9 4 0 26.674 1.14019 3.75 8.19681 0.0118906 0.0359012 0.0925728 
qwerty 9 4 0 26.674 1.15987 3.80941 8.35 0.0118906 0.0359012 0.0925728 
qwerty 61 9 0.0731438 18.5695 1.1873 3.90851 8.56779 0.0102632 0.0554246 0.0826001 
qwerty 61 9 0.835356 17.7342 1.24411 4.2153 9.025 0.00895361 0.051993 0.0849504 
qwerty 61 9 0.34932 14.7906 1.2998 4.24319 9.29025 0.0341095 -0.0017124 0.0939873 
qwerty 61 9 0.784657 14.006 1.44851 4.23573 9.7 0.0390091 -0.0109645 0.0914225 
qwerty 67 61 0 6.36343 1.72268 4.45006 10.375 0.0310842 0.0404728 0.0859984 
qwerty 67 61 0 6.36343 1.96666 4.76773 11.05 0.0310842 0.0404728 0.0859984 
qwerty 67 61 0 6.36343 2.21064 5.0854 11.725 0.0310842 0.0404728 0.0859984 
qwerty 67 61 0 6.36343 2.45462 5.40307 12.4 0.0310842 0.0404728 0.0859984 
qwerty 74 67 0.309331 2.93208 2.51106 5.60248 12.6675 0.0287708 0.0954726 0.0075645 
qwerty 74 67 1.14451 1.78758 2.58013 6.03505 12.724 0.0620162 0.0624926 0.0474201 
qwerty 74 67 0.47448 1.3131 2.81786 6.14585 12.8928 0.0545149 0.00642142 0.0835876 
qwerty 74 67 0.575846 0.737253 2.9367 6.15985 13.075 -0.0267211 -0.0810843 0.0520703 
qwerty 74 67 0.0709248 0.62123 2.90895 6.16952 13.0615 -0.0588002 0.0444858 -0.0675541 
qwerty 74 67 0.0755056 0.545724 2.89799 6.18765 13.0362 -0.050019 0.0548782 -0.0669812 
qwerty 74 67 0.0690816 0.476642 2.89063 6.20629 13.0052 -0.0352643 0.0174406 -0.0919361 
qwerty 74 67 0.0745302 0.402112 2.87068 6.217 12.9766 -0.00119284 -0.0143983 -0.0989508 
qwerty 74 67 0.157137 0.244975 2.89655 6.21484 12.9233 0.066707 -0.0575685 -0.0472869 
qwerty 74 67 0.244975 0 2.92029 6.19436 12.9064 0.066707 -0.0575685 -0.0472869 
qwerty 76 74 0.285312 0 2.50506 5.62008 12.7088 -0.0132714 0.0389132 0.0911572 
qwerty 64 61 0 0.0201779 1.45246 4.29104 9.7 0.034704 0.0108776 0.0931521 
qwerty 63 61 0 0.275305 1.21798 4.1177 9.025 0.00609083 0.0415291 0.0907647 
qwerty 8 4 0 15.8215 0.58485 1.98537 3.625 0.016265 0.0366725 0.0916001 
qwerty 8 4 0 15.8215 0.704707 2.25561 4.3 0.016265 0.0366725 0.0916001 
qwerty 8 4 0 15.8215 0.824563 2.52585 4.975 0.016265 0.0366725 0.0916001 
qwerty 8 4 0 15.8215 0.94442 2.79609 5.65 0.016265 0.0366725 0.0916001 
qwerty 8 4 0 15.8215 1.06428 3.06633 6.325 0.016265 0.0366725 0.0916001 
qwerty 8 4 0 15.8215 1.18413 3.33657 7 0.016265 0.0366725 0.0916001 
qwerty 8 4 0 15.8215 1.25 3.48508 7.37095 0.016265 0.0366725 0.0916001 
qwerty 8 4 0 15.8215 1.30399 3.60681 7.675 0.016265 0.0366725 0.0916001 
qwerty 8 4 0 15.8215 1.3675 3.75 8.03266 0.016265 0.0366725 0.0916001 
qwerty 8 4 0 15.8215 1.42385 3.87705 8.35 0.016265 0.0366725 0.0916001 
qwerty 8 4 0 4.13584 1.691 4.56388 9.025 0.0269978 0.0695786 0.0665578 
qwerty 8 4 0 4.13584 1.9648 5.26951 9.7 0.0269978 0.0695786 0.0665578 
qwerty 8 4 0 4.13584 2.23859 5.97515 10.375 0.0269978 0.0695786 0.0665578 
qwerty 8 4 0 4.13584 2.34524 6.25 10.6379 0.0269978 0.0695786 0.0665578 
qwerty 8 4 0 4.13584 2.51239 6.68078 11.05 0.0269978 0.0695786 0.0665578 
qwerty 8 4 0 4.13584 2.78619 7.38642 11.725 0.0269978 0.0695786 0.0665578 
qwerty 8 4 0 4.13584 3.05999 8.09206 12.4 0.0269978 0.0695786 0.0665578 
qwerty 8 4 0 2.60138 3.14322 8.46183 13.075 0.00868366 0.0447247 0.0890185 
qwerty 8 4 0 2.60138 3.19917 8.75 13.6486 0.00868366 0.0447247 0.0890185 
qwerty 8 4 0 2.60138 3.20907 8.80096 13.75 0.00868366 0.0447247 0.0890185 
qwerty 8 4 0 0.633498 1.93643 9.27226 14.425 -0.0880021 0.0282417 0.0381843 
qwerty 8 4 0 0.303774 1.83219 8.75 14.9085 -0.00966986 -0.0748153 0.0656442 
qwerty 8 4 0 0.303774 1.80398 8.53172 15.1 -0.00966986 -0.0748153 0.0656442 
qwerty 88 86 0.00986798 0.234641 0.90778 4.38653 8.34807 0.0695151 0.0560789 -0.0449756 
qwerty 88 86 0.0103432 0.224298 0.910336 4.38842 8.3471 0.0743539 0.0616398 -0.0259237 
qwerty 88 86 0.00930585 0.214992 0.912912 4.39037 8.34642 0.0670265 0.072789 -0.0144636 
qwerty 88 86 0.0085216 0.20647 0.915696 4.39239 8.34598 0.0598473 0.0796419 -0.00868704 
qwerty 88 86 0.00606384 0.200406 0.917812 4.39466 8.34625 0.043849 0.0863797 0.0248158 
qwerty 88 86 0.00820777 0.192199 0.918853 4.39786 8.3474 0.0127456 0.0961724 0.0242574 
qwerty 88 86 0.00783319 0.184365 0.91982 4.40084 8.34856 0.0475427 0.0872669 0.0111436 
qwerty 88 86 0.00938868 0.174977 0.922036 4.40329 8.34916 0.0557507 0.0829494 0.00335578 
qwerty 88 86 0.00938304 0.165594 0.923576 4.40672 8.34934 0.0100357 0.0899697 -0.0424821 
qwerty 88 86 0.013697 0.151897 0.924143 4.41022 8.34837 0.00284595 0.0769517 -0.0637991 
qwerty 88 86 0.010087 0.14181 0.925269 4.41335 8.34641 0.0156634 0.0935678 -0.0316185 
qwerty 88 86 0.0108382 0.130972 0.92558 4.41671 8.34596 -0.0877272 0.0478758 -0.00344245 
qwerty 88 86 0.0204919 0.11048 0.922679 4.4184 8.34605 -0.0746872 0.0594051 0.0298806 
qwerty 88 86 0.0110631 0.0994164 0.919676 4.41961 8.34705 -0.0586011 -0.00972338 0.0804448 
qwerty 88 86 0.0115237 0.0878927 0.917712 4.41902 8.34967 -0.0579883 -0.0111573 0.0807024 
qwerty 88 86 0.000685008 0.0872077 0.917473 4.41897 8.35 -0.0508591 -0.0271289 0.0817152 
qwerty 85 80 0 8.17912 -0.185552 3.30947 9.025 -0.0884938 -0.0334037 0.0324505 
qwerty 85 80 0 8.17912 -2.0263 2.61464 9.7 -0.0884938 -0.0334037 0.0324505 
qwerty 91 89 0 0.459549 -2.34349 2.64042 10.375 -0.0239218 0.0142625 0.0960434 
qwerty 91 89 0 0.459549 -2.51161 2.74066 11.05 -0.0239218 0.0142625 0.0960434 
qwerty 7 4 0 0.409606 0.466246 1.71629 2.95 0.0165767 0.043104 0.0886976 
qwerty 7 4 0 0.409606 0.592397 2.04431 3.625 0.0165767 0.043104 0.0886976 
qwerty 7 4 0 0.409606 0.718548 2.37234 4.3 0.0165767 0.043104 0.0886976 
qwerty 7 4 0 0.409606 0.737028 2.5744 4.975 -0.000193858 0.0256143 0.0966637 
qwerty 2 1 0 201.06 -0.0422414 -0.168088 0.25 -0.0079824 -0.0317637 0.0944846 
qwerty 2 1 0 201.06 -0.0992678 -0.395008 0.925 -0.0079824 -0.0317637 0.0944846 
qwerty 2 1 0 201.06 -0.156294 -0.621929 1.6 -0.0079824 -0.0317637 0.0944846 
qwerty 2 1 0 201.06 -0.213321 -0.84885 2.275 -0.0079824 -0.0317637 0.0944846 
qwerty 2 1 0 201.06 -0.270347 -1.07577 2.95 -0.0079824 -0.0317637 0.0944846 
qwerty 2 1 0 201.06 -0.327373 -1.30269 3.625 -0.0079824 -0.0317637 0.0944846 
qwerty 2 1 0 201.06 -0.3844 -1.52961 4.3 -0.0079824 -0.0317637 0.0944846 
qwerty 2 1 0 201.06 -0.441426 -1.75653 4.975 -0.0079824 -0.0317637 0.0944846 
qwerty 2 1 0 201.06 -0.498453 -1.98345 5.65 -0.0079824 -0.0317637 0.0944846 
qwerty 2 1 0 201.06 -0.555479 -2.21037 6.325 -0.0079824 -0.0317637 0.0944846 
qwerty 2 1 0 201.06 -0.612505 -2.43729 7 -0.0079824 -0.0317637 0.0944846 
qwerty 2 1 0 201.06 -0.669532 -2.66422 7.675 -0.0079824 -0.0317637 0.0944846 
qwerty 98 2 0.875352 164.541 -0.757616 -2.92794 8.35 -0.0127059 -0.0366201 0.0921821 
qwerty 98 2 0.382897 151.85 -0.797286 -3.08471 8.74898 -0.00872395 -0.0373557 0.0923496 
qwerty 98 2 0.639833 151.21 -0.82336 -3.19636 9.025 -0.00778462 -0.0378716 0.0922233 
qwerty 98 2 0.933782 81.5986 -0.923636 -3.51736 9.7 -0.0158437 -0.0404144 0.0900869 
qwerty 98 2 0.894126 75.7213 -1.02688 -3.76653 10.375 -0.0157865 -0.0332913 0.0929649 
qwerty 98 2 0.89255 64.6055 -1.05758 -4.01554 11.05 -0.00145605 -0.0345586 0.0938274 
qwerty 98 2 1.07193 46.417 -0.940491 -4.3209 11.725 0.0176323 -0.0434899 0.0883048 
qwerty 98 2 1.3059 42.3622 -0.651463 -4.7547 12.4 0.0404754 -0.0482897 0.0776521 
qwerty 98 2 0.259055 38.2197 -0.450413 -4.90254 12.7129 0.0595478 -0.0276703 0.0754216 
qwerty 98 2 0.2015 37.9622 -0.363727 -4.94535 12.823 0.0605619 -0.0285518 0.0742769 
qwerty 98 2 0.545 37.4172 -0.158238 -5.04223 13.075 0.0574723 -0.0262704 0.0775035 
qwerty 98 2 1.50798 27.1498 0.0909797 -5.48544 13.75 0.0184615 -0.0552589 0.081275 
qwerty 98 2 1.28498 20.9952 0.447073 -6.21452 14.425 0.0367286 -0.074233 0.0560399 
qwerty 98 2 3.10496 12.2434 2.1552 -6.66897 14.9144 0.0893195 -0.0396456 0.0212193 
qwerty 98 2 0.255514 11.6777 2.31383 -6.73274 14.9557 0.0828071 -0.0390728 0.0402032 
qwerty 98 2 0.521589 11.1561 2.61102 -6.87297 15.1 0.0771269 -0.0373982 0.0515055 
qwerty 126 98 0.310226 0 2.35345 -6.74219 14.9242 0.0769367 -0.0183387 -0.0611917 
qwerty 125 98 0.241513 0.312747 2.16272 -6.70803 14.8167 -0.0288219 -0.0782159 -0.055241 
qwerty 125 98 0.312747 0 2.14769 -6.74881 14.7879 -0.0288219 -0.0782159 -0.055241 
qwerty 117 98 0.333025 0 -0.472598 -4.93219 12.7568 -0.0386325 -0.0516397 0.0764256 
qwerty 102 98 0.349469 0 -0.84839 -3.11533 8.76544 0.0279066 -0.00765854 -0.0957213 
qwerty 97 2 0.721062 2.63481 -0.354422 -2.13463 7.86794 0.0441552 0.0893688 0.00797122 
qwerty 97 2 0.735478 1.89934 -0.184136 -1.76839 7.85159 0.0684964 0.0725291 0.00691196 
qwerty 97 2 0.547056 1.35228 0.0357434 -1.55154 7.89305 0.0838899 0.0456611 0.0296236 
qwerty 97 2 0.544643 0.807636 0.177676 -1.36184 8.01016 0.0413692 0.0486876 0.0769292 
qwerty 97 2 0.421133 0.386503 0.214064 -1.27481 8.14464 0.0459999 0.0221799 0.0859771 
qwerty 97 2 0.305379 0.0811242 0.249452 -1.25106 8.20315 -0.0466701 0.0695593 0.0546206 
qwerty 97 2 0.00574437 0.0753798 0.24874 -1.25 8.20398 -0.0444151 0.0738128 0.0507835 
qwerty 97 2 0.000754938 0.0746249 0.248597 -1.24963 8.20417 -0.0489362 0.0755721 0.0435214 
qwerty 97 2 0.000835216 0.0737896 0.248423 -1.24925 8.20438 -0.0632676 0.0618664 0.0465807 
qwerty 97 2 0.00167169 0.0721179 0.248209 -1.24899 8.20458 -0.0555101 0.0609365 0.056616 
qwerty 97 2 0.00253384 0.0695841 0.247958 -1.24866 8.205 -0.0113261 0.0820572 0.0560208 
qwerty 97 2 0.00554968 0.0640344 0.24778 -1.24799 8.20527 -0.00236707 0.0965359 0.0259848 
qwerty 97 2 0.00540342 0.058631 0.247424 -1.24696 8.20559 -0.0285744 0.0496401 0.0819717 
qwerty 97 2 0.0145657 0.0440653 0.246265 -1.24632 8.20681 -0.0642642 -0.000453397 0.0766153 
qwerty 97 2 0.01123 0.0328352 0.244939 -1.24526 8.20768 0.0698542 0.0713642 -0.00524834 
qwerty 97 2 0.0328352 0 0.245736 -1.24445 8.20762 0.0698542 0.0713642 -0.00524834 
qwerty 136 97 0 0.252826 0.143548 -2.47078 8.16788 -0.0102245 0.0561635 0.0821044 
qwerty 136 97 0 0.252826 0.120868 -2.3462 8.35 -0.0102245 0.0561635 0.0821044 
qwerty 137 136 0.110423 0 0.152832 -2.47269 8.16663 0.0971039 -0.0200075 -0.0130585 
qwerty 134 97 0 3.68644 -0.694834 -2.97423 8.35 -0.00259385 -0.0439641 0.0897799 
qwerty 132 107 0 0.307078 -1.471 -3.99072 11.05 -0.0515731 -0.0286018 0.0807599 
qwerty 132 107 0 0.307078 -2.028 -4.09452 11.725 -0.0633018 -0.0116151 0.0765374 
qwerty 132 107 0 0.307078 -2.58627 -4.19696 12.4 -0.0633018 -0.0116151 0.0765374 
qwerty 131 107 0 0.7229 -1.25 -3.3759 9.87639 -0.0330366 0.0531201 -0.0780182 
qwerty 131 107 0 0.7229 -1.25059 -3.37495 9.875 -0.0330366 0.0531201 -0.0780182 
qwerty 131 107 0 0.7229 -1.53642 -2.91536 9.2 -0.0330366 0.0531201 -0.0780182 
qwerty 131 107 0 0.7229 -1.82224 -2.45578 8.525 -0.0330366 0.0531201 -0.0780182 
qwerty 131 107 0 0.7229 -2.10807 -1.99619 7.85 -0.0330366 0.0531201 -0.0780182 
qwerty 131 107 0 0.7229 -2.3939 -1.53661 7.175 -0.0330366 0.0531201 -0.0780182 
qwerty 131 107 0 0.7229 -2.57214 -1.25 6.75406 -0.0330366 0.0531201 -0.0780182 
qwerty 131 107 0 0.7229 -2.67972 -1.07702 6.5 -0.0330366 0.0531201 -0.0780182 
qwerty 131 107 0 0.7229 -2.96555 -0.617433 5.825 -0.0330366 0.0531201 -0.0780182 
qwerty 131 107 0 0.7229 -3.25138 -0.157847 5.15 -0.0330366 0.0531201 -0.0780182 
qwerty 131 107 0 0.7229 -3.5372 0.301739 4.475 -0.0330366 0.0531201 -0.0780182 
qwerty 131 107 0 0.7229 -3.82303 0.761325 3.8 -0.0330366 0.0531201 -0.0780182 
qwerty 131 107 0 0.7229 -4.10886 1.22091 3.125 -0.0330366 0.0531201 -0.0780182 
qwerty 131 107 0 0.288205 -4.02373 1.25 2.85504 0.0756584 -0.0406397 -0.0512271 
qwerty 131 107 0 0.288205 -3.42551 0.928671 2.45 0.0756584 -0.0406397 -0.0512271 
qwerty 130 98 0 0.510999 3.30317 -7.6876 15.775 0.0632782 -0.0596092 0.0494228 
qwerty 130 98 0 0.510999 4.1674 -8.50172 16.45 0.0632782 -0.0596092 0.0494228 
qwerty 130 98 0 0.510999 5.03164 -9.31584 17.125 0.0632782 -0.0596092 0.0494228 
qwerty 130 98 0 0.510999 5.89587 -10.13 17.8 0.0632782 -0.0596092 0.0494228 
qwerty 130 98 0 0.510999 6.25 -10.4636 18.0766 0.0632782 -0.0596092 0.0494228 
qwerty 130 98 0 0.510999 6.7601 -10.9441 18.475 0.0632782 -0.0596092 0.0494228 
qwerty 129 98 0 0.510999 1.79877 -6.27042 14.6 -0.0632782 0.0596092 -0.0494228 
qwerty 129 98 0 0.510999 1.25 -5.75347 14.1714 -0.0632782 0.0596092 -0.0494228 
qwerty 129 98 0 0.510999 0.934534 -5.4563 13.925 -0.0632782 0.0596092 -0.0494228 
qwerty 129 98 0 0.510999 0.0703023 -4.64218 13.25 -0.0632782 0.0596092 -0.0494228 
qwerty 128 98 0 4.78316 2.40009 -7.74943 14.6 -0.0227393 -0.0746725 -0.0625056 
qwerty 128 98 0 4.78316 2.15452 -8.55582 13.925 -0.0227393 -0.0746725 -0.0625056 
qwerty 128 98 0 4.78316 1.90896 -9.36221 13.25 -0.0227393 -0.0746725 -0.0625056 
qwerty 128 98 0 4.78316 1.6634 -10.1686 12.575 -0.0227393 -0.0746725 -0.0625056 
qwerty 128 98 0 4.78316 1.41783 -10.975 11.9 -0.0227393 -0.0746725 -0.0625056 
qwerty 128 98 0 4.78316 1.25 -11.5261 11.4387 -0.0227393 -0.0746725 -0.0625056 
qwerty 128 98 0 4.78316 1.17227 -11.7814 11.225 -0.0227393 -0.0746725 -0.0625056 
qwerty 128 98 0 4.78316 0.92671 -12.5878 10.55 -0.0227393 -0.0746725 -0.0625056 
qwerty 128 98 0 4.78316 0.681147 -13.3942 9.875 -0.0227393 -0.0746725 -0.0625056 
qwerty 128 98 0 4.78316 0.572787 -13.75 9.57714 -0.0227393 -0.0746725 -0.0625056 
qwerty 128 98 0 4.78316 0.435584 -14.2006 9.2 -0.0227393 -0.0746725 -0.0625056 
qwerty 128 98 0 4.78316 0.190022 -15.0069 8.525 -0.0227393 -0.0746725 -0.0625056 
qwerty 128 98 0 4.78316 -0.0555411 -15.8133 7.85 -0.0227393 -0.0746725 -0.0625056 
qwerty 123 98 0 0.361348 1.46428 -6.51174 15.1 0.0854012 -0.0190675 0.0484052 
qwerty 122 98 0 0.473054 1.42508 -6.579 15.1 0.0831996 -0.0255963 0.0492204 
qwerty 121 98 0 1.71069 0.413215 -6.1732 14.425 0.0336925 -0.0712163 0.0615878 
qwerty 121 98 0 1.42735 0.892169 -7.86662 15.1 0.0249317 -0.0905105 0.034442 
qwerty 120 98 0 1.99693 -0.00555901 -5.51519 13.75 0.0131542 -0.0587504 0.0798458 
qwerty 120 98 0 0.2866 0.0267139 -5.65933 13.9459 -0.0910964 0.0213618 -0.0352862 
qwerty 120 98 0 0.2866 -0.0272312 -5.64668 13.925 -0.0910964 0.0213618 -0.0352862 
qwerty 120 98 0 0.280626 -1.19638 -5.56414 13.25 -0.0844395 0.00182907 -0.0535409 
qwerty 120 98 0 0.262246 -1.68767 -6.04481 12.575 -0.0377738 -0.0606846 -0.0699323 
qwerty 120 98 0 0.262246 -1.81539 -6.25 12.3385 -0.0377738 -0.0606846 -0.0699323 
qwerty 120 98 0 0.262246 -2.05227 -6.63055 11.9 -0.0377738 -0.0606846 -0.0699323 
qwerty 161 120 0.657719 1.05261 -0.021776 -5.84813 14.1892 0.0143358 -0.0429113 0.0891802 
qwerty 161 120 0.547624 0.504983 -0.0325736 -5.97387 14.3534 -0.0396353 -0.0579809 0.0711847 
qwerty 161 120 0.328379 0.176603 -0.072446 -6.0322 14.425 0.0150447 -0.0581595 -0.0799446 
qwerty 161 120 0.00554196 0.171061 -0.0724493 -6.03329 14.4235 0.0238611 -0.0658434 -0.0713813 
qwerty 161 120 0.00419055 0.166871 -0.0719446 -6.03453 14.4219 0.026735 -0.0494666 -0.082694 
qwerty 161 120 0.00602399 0.160847 -0.0715224 -6.03573 14.4205 0.014758 -0.0404077 -0.0902741 
qwerty 161 120 0.00554933 0.155298 -0.0708964 -6.03666 14.4179 0.0355094 -0.0473091 -0.0806283 
qwerty 161 120 0.0118144 0.143483 -0.0700275 -6.03899 14.4153 0.0644317 -0.0762516 -0.00585302 
qwerty 161 120 0.0123694 0.131114 -0.0677845 -6.04317 14.4144 0.0569477 -0.0785026 -0.0243782 
qwerty 161 120 0.0138558 0.117258 -0.0666954 -6.04789 14.4127 0.0208077 -0.0975359 -0.00733349 
qwerty 161 120 0.0170907 0.100167 -0.0652247 -6.05329 14.4137 0.0704276 -0.0286089 0.0649729 
qwerty 161 120 0.0276081 0.0725592 -0.0614701 -6.0522 14.4187 -0.0430907 0.0121884 0.0894127 
qwerty 161 120 0.0438419 0.0287174 -0.0625561 -6.04995 14.4212 0.00377074 0.0493014 0.0869204 
qwerty 161 120 0.0287174 0 -0.0625223 -6.0495 14.422 0.00377074 0.0493014 0.0869204 
qwerty 119 98 0 2.26325 0.28761 -5.24463 13.75 0.0532792 -0.0241496 0.0811056 
qwerty 119 98 0 0.967889 0.627136 -5.39853 14.2669 0.035627 -0.0857567 0.0371012 
qwerty 119 98 0 0.967889 0.779 -5.76408 14.425 0.035627 -0.0857567 0.0371012 
qwerty 119 98 0 0.967889 0.980873 -6.25 14.6352 0.035627 -0.0857567 0.0371012 
qwerty 119 98 0 0.967889 1.42718 -7.32429 15.1 0.035627 -0.0857567 0.0371012 
qwerty 119 98 0 0.967889 2.07536 -8.8845 15.775 0.035627 -0.0857567 0.0371012 
qwerty 119 98 0 0.967889 2.72354 -10.4447 16.45 0.035627 -0.0857567 0.0371012 
qwerty 119 98 0 0.967889 2.95025 -11.7989 17.125 0.0117912 -0.0885506 0.0449417 
qwerty 165 119 0.531777 0.763584 0.730165 -5.37933 14.3669 0.0675 0.0650201 0.0348733 
qwerty 165 119 0.393869 0.369716 0.817731 -5.29091 14.4238 0.0369335 0.0631374 0.0681878 
qwerty 165 119 0.00199853 0.367717 0.818355 -5.28985 14.425 0.0229444 0.0626683 0.0744731 
qwerty 118 98 0 0.0559408 -0.172203 -5.07438 13.075 0.0560295 -0.0377459 0.0737288 
qwerty 116 98 0 0.104629 -0.360523 -4.95122 12.8307 0.00562901 -0.0895169 0.0442158 
qwerty 116 98 0 0.104629 -0.329422 -5.44581 13.075 0.00562901 -0.0895169 0.0442158 
qwerty 169 116 0.00858606 0 -0.360457 -4.95115 12.8307 0.0633142 0.0646258 0.0426007 
qwerty 115 98 0 0.70029 -0.151455 -5.10155 13.075 0.0586241 -0.0357848 0.0726819 
qwerty 115 98 0 0.70029 0.392989 -5.43388 13.75 0.0586241 -0.0357848 0.0726819 
qwerty 115 98 0 0.70029 0.937433 -5.76622 14.425 0.0586241 -0.0357848 0.0726819 
qwerty 115 98 0 0.70029 1.48188 -6.09855 15.1 0.0586241 -0.0357848 0.0726819 
qwerty 115 98 0 0.70029 2.02632 -6.43089 15.775 0.0586241 -0.0357848 0.0726819 
qwerty 115 98 0 0.70029 2.57077 -6.76322 16.45 0.0586241 -0.0357848 0.0726819 
qwerty 115 98 0 0.70029 3.11521 -7.09556 17.125 0.0586241 -0.0357848 0.0726819 
qwerty 115 98 0 0.70029 3.65965 -7.42789 17.8 0.0586241 -0.0357848 0.0726819 
qwerty 115 98 0 0.70029 4.2041 -7.76023 18.475 0.0586241 -0.0357848 0.0726819 
qwerty 115 98 0 0.223343 4.65049 -8.03271 19.0284 -0.00497931 0.0966419 -0.0252103 
qwerty 115 98 0 0.223343 4.57574 -6.58201 18.65 -0.00497931 0.0966419 -0.0252103 
qwerty 171 115 0.138926 0.33802 4.70937 -8.05316 19.0547 0.0467734 -0.0736435 0.0488762 
qwerty 171 115 0.116762 0.221258 4.70746 -8.10414 19.071 -0.0221869 -0.0720306 0.0657216 
qwerty 171 115 0.221258 0 4.70075 -8.12593 19.0908 -0.0221869 -0.0720306 0.0657216 
qwerty 112 98 0 0.475407 -0.653445 -4.76834 12.4 0.0375105 -0.053195 0.0759161 
qwerty 112 98 0 0.475407 -0.319924 -5.24132 13.075 0.0375105 -0.053195 0.0759161 
qwerty 112 98 0 0.475407 0.0135971 -5.7143 13.75 0.0375105 -0.053195 0.0759161 
qwerty 112 98 0 0.475407 0.347118 -6.18728 14.425 0.0375105 -0.053195 0.0759161 
qwerty 112 98 0 0.475407 0.68064 -6.66026 15.1 0.0375105 -0.053195 0.0759161 
qwerty 111 98 0 14.8564 -0.982709 -4.20442 11.725 0.0121847 -0.0266612 0.0956071 
qwerty 111 98 0 14.8564 -0.896683 -4.39265 12.4 0.0121847 -0.0266612 0.0956071 
qwerty 111 98 0 14.8564 -0.810657 -4.58089 13.075 0.0121847 -0.0266612 0.0956071 
qwerty 110 98 0 0.467005 -1.0627 -4.02483 11.05 -0.00323364 -0.035229 0.0935332 
qwerty 110 98 0 0.467005 -1.08604 -4.27907 11.725 -0.00323364 -0.035229 0.0935332 
qwerty 110 98 0 0.467005 -1.10938 -4.5333 12.4 -0.00323364 -0.035229 0.0935332 
qwerty 110 98 0 0.467005 -1.13271 -4.78754 13.075 -0.00323364 -0.035229 0.0935332 
qwerty 109 98 0 0.108761 -1.07183 -4.02677 11.05 -0.00475875 -0.0353924 0.0934063 
qwerty 108 98 0 0.377672 -1.11611 -4.05498 11.05 -0.0120385 -0.0395267 0.0910644 
qwerty 106 98 0 3.09541 -1.15875 -4.01612 11.05 -0.0183311 -0.0341989 0.0921651 
qwerty 106 98 0 3.09541 -1.25 -4.18636 11.5088 -0.0183311 -0.0341989 0.0921651 
qwerty 106 98 0 3.09541 -1.293 -4.26659 11.725 -0.0183311 -0.0341989 0.0921651 
qwerty 106 98 0 3.09541 -1.42725 -4.51705 12.4 -0.0183311 -0.0341989 0.0921651 
qwerty 106 98 0 3.09541 -1.56151 -4.76752 13.075 -0.0183311 -0.0341989 0.0921651 
qwerty 106 98 0 3.09541 -1.69576 -5.01799 13.75 -0.0183311 -0.0341989 0.0921651 
qwerty 106 98 0 3.09541 -1.83002 -5.26845 14.425 -0.0183311 -0.0341989 0.0921651 
qwerty 106 98 0 3.09541 -1.96427 -5.51892 15.1 -0.0183311 -0.0341989 0.0921651 
qwerty 106 98 0 1.95891 -2.41696 -5.92503 15.775 -0.0544024 -0.0458369 0.0702806 
qwerty 106 98 0 1.95891 -2.80266 -6.25 16.2733 -0.0544024 -0.0458369 0.0702806 
qwerty 106 98 0 1.95891 -2.93946 -6.36527 16.45 -0.0544024 -0.0458369 0.0702806 
qwerty 106 98 0 1.95891 -3.46196 -6.8055 17.125 -0.0544024 -0.0458369 0.0702806 
qwerty 106 98 0 0.619695 -3.31564 -6.9844 17.8 0.0450477 -0.0132752 0.0882863 
qwerty 106 98 0 0.619695 -2.97122 -7.0859 18.475 0.0450477 -0.0132752 0.0882863 
qwerty 106 98 0 0.619695 -2.62681 -7.18739 19.15 0.0450477 -0.0132752 0.0882863 
qwerty 106 98 0 0.619695 -2.28239 -7.28889 19.825 0.0450477 -0.0132752 0.0882863 
qwerty 106 98 0 0.619695 -1.93798 -7.39039 20.5 0.0450477 -0.0132752 0.0882863 
qwerty 106 98 0 0.619695 -1.59356 -7.49188 21.175 0.0450477 -0.0132752 0.0882863 
qwerty 106 98 0 0.619695 -1.24914 -7.59338 21.85 0.0450477 -0.0132752 0.0882863 
qwerty 106 98 0 0.619695 -0.904729 -7.69488 22.525 0.0450477 -0.0132752 0.0882863 
qwerty 185 106 0 0.674288 -3.59254 -6.93151 17.3 -0.0678687 0.0634965 -0.0369058 
qwerty 185 106 0.0200551 0.449336 -3.58221 -6.9233 17.308 0.0547255 0.0489693 0.0678758 
qwerty 185 106 0.0384557 0.41088 -3.57432 -6.91806 17.3168 0.0585266 0.0649678 0.0485162 
qwerty 185 106 0.0267935 0.384087 -3.5663 -6.91128 17.3248 0.0697494 0.0365946 0.0616106 
qwerty 185 106 0.0311614 0.352925 -3.55588 -6.90931 17.3342 0.0929452 0.00482916 0.0365769 
qwerty 185 106 0.0479009 0.305025 -3.53662 -6.90516 17.3388 0.0984178 -0.0155469 0.00849862 
qwerty 185 106 0.0444581 0.260567 -3.51733 -6.91798 17.3419 0.0754687 -0.0537701 -0.0375931 
qwerty 185 106 0.0691765 0.19139 -3.50683 -6.94183 17.3269 0.0161246 -0.0981282 0.010529 
qwerty 185 106 0.0491737 0.142216 -3.50382 -6.95443 17.336 0.0303216 -0.0854363 0.0422047 
qwerty 185 106 0.142216 0 -3.49938 -6.96695 17.3422 0.0303216 -0.0854363 0.0422047 
qwerty 105 98 0 2.53715 -1.01456 -3.77917 10.375 -0.0124695 -0.0352064 0.0927633 
qwerty 105 98 0 2.53715 -1.1053 -4.03536 11.05 -0.0124695 -0.0352064 0.0927633 
qwerty 105 98 0 2.53715 -1.19603 -4.29154 11.725 -0.0124695 -0.0352064 0.0927633 
qwerty 105 98 0 2.53715 -1.28677 -4.54772 12.4 -0.0124695 -0.0352064 0.0927633 
qwerty 105 98 0 2.53715 -1.3775 -4.8039 13.075 -0.0124695 -0.0352064 0.0927633 
qwerty 105 98 0 2.53715 -1.46824 -5.06008 13.75 -0.0124695 -0.0352064 0.0927633 
qwerty 105 98 0 2.53715 -1.55897 -5.31627 14.425 -0.0124695 -0.0352064 0.0927633 
qwerty 105 98 0 2.53715 -1.64971 -5.57245 15.1 -0.0124695 -0.0352064 0.0927633 
qwerty 105 98 0 2.53715 -1.74045 -5.82863 15.775 -0.0124695 -0.0352064 0.0927633 
qwerty 105 98 0 2.53715 -1.83118 -6.08481 16.45 -0.0124695 -0.0352064 0.0927633 
qwerty 105 98 0 2.53715 -1.92192 -6.341 17.125 -0.0124695 -0.0352064 0.0927633 
qwerty 105 98 0 2.53715 -2.01265 -6.59718 17.8 -0.0124695 -0.0352064 0.0927633 
qwerty 105 98 0 2.53715 -2.10339 -6.85336 18.475 -0.0124695 -0.0352064 0.0927633 
qwerty 105 98 0 2.53715 -2.19412 -7.10954 19.15 -0.0124695 -0.0352064 0.0927633 
qwerty 105 98 0 2.53715 -2.28486 -7.36573 19.825 -0.0124695 -0.0352064 0.0927633 
qwerty 105 98 0 2.53715 -2.37559 -7.62191 20.5 -0.0124695 -0.0352064 0.0927633 
qwerty 105 98 0 2.53715 -2.46633 -7.87809 21.175 -0.0124695 -0.0352064 0.0927633 
qwerty 105 98 0 2.53715 -2.55707 -8.13427 21.85 -0.0124695 -0.0352064 0.0927633 
qwerty 105 98 0 2.53715 -2.6478 -8.39046 22.525 -0.0124695 -0.0352064 0.0927633 
qwerty 105 98 0 2.53715 -2.73854 -8.64664 23.2 -0.0124695 -0.0352064 0.0927633 
qwerty 105 98 0 2.53715 -2.82927 -8.90282 23.875 -0.0124695 -0.0352064 0.0927633 
qwerty 105 98 0 2.53715 -2.92001 -9.159 24.55 -0.0124695 -0.0352064 0.0927633 
qwerty 105 98 0 2.53715 -3.01074 -9.41519 25.225 -0.0124695 -0.0352064 0.0927633 
qwerty 105 98 0 2.53715 -3.10148 -9.67137 25.9 -0.0124695 -0.0352064 0.0927633 
qwerty 105 98 0 2.53715 -3.19221 -9.92755 26.575 -0.0124695 -0.0352064 0.0927633 
qwerty 105 98 0 2.53715 -3.28295 -10.1837 27.25 -0.0124695 -0.0352064 0.0927633 
qwerty 105 98 0 2.53715 -3.37369 -10.4399 27.925 -0.0124695 -0.0352064 0.0927633 
qwerty 105 98 0 2.53715 -3.46442 -10.6961 28.6 -0.0124695 -0.0352064 0.0927633 
qwerty 105 98 0 2.53715 -3.55516 -10.9523 29.275 -0.0124695 -0.0352064 0.0927633 
qwerty 105 98 0 2.53715 -3.64589 -11.2085 29.95 -0.0124695 -0.0352064 0.0927633 
qwerty 105 98 0 2.53715 -3.73663 -11.4646 30.625 -0.0124695 -0.0352064 0.0927633 
qwerty 105 98 0 2.53715 -3.82736 -11.7208 31.3 -0.0124695 -0.0352064 0.0927633 
qwerty 105 98 0 2.53715 -3.9181 -11.977 31.975 -0.0124695 -0.0352064 0.0927633 
qwerty 105 98 0 2.53715 -4.00883 -12.2332 32.65 -0.0124695 -0.0352064 0.0927633 
qwerty 105 98 0 2.53715 -4.09957 -12.4894 33.325 -0.0124695 -0.0352064 0.0927633 
qwerty 105 98 0 2.53715 -4.19031 -12.7456 34 -0.0124695 -0.0352064 0.0927633 
qwerty 105 98 0 2.53715 -4.28104 -13.0017 34.675 -0.0124695 -0.0352064 0.0927633 
qwerty 105 98 0 2.53715 -4.37178 -13.2579 35.35 -0.0124695 -0.0352064 0.0927633 
qwerty 105 98 0 2.53715 -4.46251 -13.5141 36.025 -0.0124695 -0.0352064 0.0927633 
qwerty 105 98 0 0.52872 -4.5188 -13.673 36.4437 -0.099362 -0.00528993 0.00996088 
qwerty 105 98 0 0.310268 -5.94848 -13.7491 36.587 -0.0212201 -0.0308142 0.0927372 
qwerty 105 98 0 0.310268 -5.94908 -13.75 36.5896 -0.0212201 -0.0308142 0.0927372 
qwerty 105 98 0 0.310268 -5.97433 -13.7867 36.7 -0.0212201 -0.0308142 0.0927372 
qwerty 188 105 0.0057384 0.212714 -5.95114 -13.7491 36.5859 -0.0887782 -0.0151485 -0.0434622 
qwerty 188 105 0.00768025 0.205034 -5.95354 -13.7491 36.5851 -0.0873627 0.0096135 -0.0477005 
qwerty 188 105 0.00394341 0.20109 -5.9558 -13.7491 36.5838 -0.0883753 -0.035632 -0.0303343 
qwerty 188 105 0.0132012 0.187889 -5.9581 -13.75 36.583 -0.0893551 -0.0358893 -0.0269745 
qwerty 188 105 0.00282643 0.185063 -5.95962 -13.7505 36.5828 -0.0967963 -0.0195492 -0.0157578 
qwerty 188 105 0.00483658 0.180226 -5.96177 -13.7511 36.5824 -0.0991889 -0.00884443 -0.00912924 
qwerty 188 105 0.00832644 0.1719 -5.96426 -13.7516 36.5825 -0.0975754 -0.0199488 -0.00900474 
qwerty 188 105 0.00541358 0.166486 -5.96653 -13.752 36.5828 -0.0988675 -0.014864 -0.00206669 
qwerty 188 105 0.00403281 0.162453 -5.96889 -13.7523 36.5833 -0.0917714 -0.0332875 0.0216782 
qwerty 188 105 0.00579911 0.156654 -5.97046 -13.7532 36.5838 -0.0854725 -0.0363326 0.0370728 
qwerty 188 105 0.00491686 0.151737 -5.97254 -13.7541 36.5845 0.0926166 0.0303401 -0.0223974 
qwerty 188 105 0.0053161 0.146421 -5.97045 -13.7528 36.5839 0.0903349 0.0408398 -0.0131044 
qwerty 188 105 0.0064935 0.139928 -5.96832 -13.7523 36.5836 0.0953577 0.0167143 -0.0250507 
qwerty 188 105 0.00567032 0.134258 -5.96618 -13.7516 36.583 0.0842386 0.0518728 -0.014597 
qwerty 188 105 0.00537225 0.128885 -5.96446 -13.7507 36.5824 0.0822515 0.0401567 -0.0402757 
qwerty 188 105 0.00506994 0.123815 -5.96297 -13.75 36.5816 0.0810464 0.0456243 -0.0367409 
qwerty 188 105 0.00340989 0.120405 -5.96193 -13.7496 36.581 0.0748101 0.0375351 -0.0547227 
qwerty 188 105 0.00251809 0.117887 -5.96105 -13.7494 36.5804 0.0824212 0.0263044 -0.050148 
qwerty 188 105 0.00256857 0.115319 -5.96013 -13.7492 36.5797 0.0830482 0.00479776 -0.0554975 
qwerty 188 105 0.00367747 0.111641 -5.95926 -13.7491 36.5791 0.0704606 0.0246168 -0.0665531 
qwerty 188 105 0.00448292 0.107158 -5.95841 -13.749 36.5785 0.085812 0.0267155 -0.0438473 
qwerty 188 105 0.00177931 0.105379 -5.95765 -13.7487 36.5779 0.0885972 0.0137134 -0.0442998 
qwerty 188 105 0.00454778 0.100831 -5.95682 -13.7486 36.5773 0.0746246 -0.0528809 -0.0404324 
qwerty 188 105 0.0046021 0.0962292 -5.95579 -13.7491 36.5769 0.0877634 -0.0115033 -0.0465323 
qwerty 188 105 0.00387574 0.0923535 -5.9546 -13.7492 36.5766 0.0901411 -0.0431726 0.00327413 
qwerty 188 105 0.006596 0.0857575 -5.95374 -13.7496 36.5764 0.0938756 -0.0224951 -0.0261024 
qwerty 188 105 0.00302998 0.0827275 -5.95285 -13.75 36.5762 0.0928913 -0.023211 -0.0288522 
qwerty 188 105 0.000171804 0.0825557 -5.95269 -13.75 36.5762 0.0957978 -0.0207185 -0.0198374 
qwerty 188 105 0.00106693 0.0814888 -5.95223 -13.7501 36.576 0.0954296 -0.0195526 -0.0226027 
qwerty 188 105 0.001559 0.0799298 -5.95168 -13.7501 36.5758 0.0834004 -0.0102922 -0.0542074 
qwerty 188 105 0.00291736 0.0770124 -5.95124 -13.7503 36.5755 0.083265 -0.0112625 -0.0542226 
qwerty 188 105 0.00273342 0.074279 -5.95085 -13.7503 36.5751 0.0693777 -0.0291101 -0.0658736 
qwerty 188 105 0.00122693 0.0730521 -5.95053 -13.7505 36.5749 0.0733519 -0.0296886 -0.0611399 
qwerty 188 105 0.0135405 0.0595116 -5.9501 -13.7506 36.5746 0.0919697 -0.0337642 -0.020039 
qwerty 188 105 0.00285678 0.0566548 -5.94965 -13.7508 36.5746 0.0809768 -0.0418351 -0.041141 
qwerty 188 105 0.0054027 0.0512521 -5.9492 -13.7509 36.5743 0.0655517 -0.0523067 -0.05447 
qwerty 188 105 0.00263296 0.0486191 -5.94882 -13.7512 36.574 0.0762675 -0.0440397 -0.0473685 
qwerty 188 105 0.00488847 0.0437307 -5.94832 -13.7514 36.5736 0.0817402 -0.0107337 -0.056598 
qwerty 188 105 0.00357036 0.0401603 -5.94782 -13.7516 36.5729 0.0358135 0.00937345 -0.0928953 
qwerty 188 105 0.00531823 0.0348421 -5.94723 -13.7516 36.5723 0.0423866 -0.0569218 -0.0704506 
qwerty 188 105 0.0128994 0.0219426 -5.94703 -13.7526 36.572 -0.0537088 -0.0646968 -0.0541267 
qwerty 188 105 0.0219426 0 -5.94733 -13.753 36.5717 -0.0537088 -0.0646968 -0.0541267 
qwerty 187 105 0.492772 1.51566 -4.50021 -13.75 36.6484 0.0126231 -0.0110969 0.0985775 
qwerty 187 105 0.113661 1.402 -4.4936 -13.7558 36.7 0.0166155 -0.00667833 0.0983836 
qwerty 104 98 0 13.1259 -0.931972 -3.53017 9.7 -0.0149345 -0.0442437 0.0884277 
qwerty 104 98 0 13.1259 -1.04597 -3.8679 10.375 -0.0149345 -0.0442437 0.0884277 
qwerty 103 98 0 53.5043 -0.881786 -3.49023 9.7 -0.00786879 -0.0398562 0.0913759 
qwerty 192 103 0.845899 10.1277 -1.02366 -3.57938 10.375 -0.0255482 -0.00792546 0.096356 
qwerty 192 103 1.15838 4.32365 -1.42527 -4.25786 11.0074 -0.0707016 -0.0518381 0.0481051 
qwerty 192 103 0.126478 4.19717 -1.48784 -4.30374 11.05 -0.0571737 -0.0516479 0.0637468 
qwerty 198 192 0 0.513723 -2.00394 -4.54374 11.05 -0.0706303 -0.0593091 0.0386496 
qwerty 198 192 0 0.513723 -3.23747 -5.57955 11.725 -0.0706303 -0.0593091 0.0386496 
qwerty 198 192 0 0.513723 -4.0359 -6.25 12.1619 -0.0706303 -0.0593091 0.0386496 
qwerty 198 192 0 0.513723 -4.471 -6.61536 12.4 -0.0706303 -0.0593091 0.0386496 
qwerty 198 192 0 0.513723 -5.70453 -7.65117 13.075 -0.0706303 -0.0593091 0.0386496 
qwerty 198 192 0 0.228389 -5.74302 -7.82806 12.575 0.00214103 -0.024751 -0.0968649 
qwerty 196 192 0 0.362143 -0.994328 -3.70517 11.05 0.00508615 -0.0180928 0.098218 
qwerty 196 192 0 0.362143 -0.959374 -3.82952 11.725 0.00508615 -0.0180928 0.098218 
qwerty 196 192 0 0.362143 -0.92442 -3.95386 12.4 0.00508615 -0.0180928 0.098218 
qwerty 195 192 0 13.2448 -1.07366 -3.68688 10.375 -0.0309105 -0.0237147 0.0920986 
qwerty 195 192 0 13.2448 -1.15593 -3.75 10.6201 -0.0309105 -0.0237147 0.0920986 
qwerty 195 192 0 13.2448 -1.30021 -3.86069 11.05 -0.0309105 -0.0237147 0.0920986 
qwerty 195 192 0 13.2448 -1.52675 -4.03449 11.725 -0.0309105 -0.0237147 0.0920986 
qwerty 208 195 0.843517 5.08596 -1.73353 -4.17946 12.4 -0.0334816 -0.0601495 0.0725329 
qwerty 100 98 0 9.73897 -0.840911 -3.18532 9.025 -0.0113585 -0.0353428 0.092854 
qwerty 212 100 0.680888 1.87751 -1.057 -3.33437 9.53591 -0.0775973 0.043145 0.0460127 
qwerty 212 100 0.526347 1.35116 -1.28819 -3.20826 9.6972 -0.099571 0.00924567 0.000361982 
qwerty 212 100 0.414781 0.936383 -1.52748 -3.18701 9.69642 -0.0186679 0.0571571 -0.0799035 
qwerty 212 100 0.394992 0.541391 -1.52829 -3.08221 9.54446 0.00611973 -0.0304354 -0.0950591 
qwerty 212 100 0.303489 0.237902 -1.51337 -3.03904 9.41578 -0.046434 0.0409411 -0.0785348 
qwerty 212 100 0.237902 0 -1.52914 -3.02513 9.3891 -0.046434 0.0409411 -0.0785348 
qwerty 215 212 0 0.202772 -0.827468 -3.25219 9.7 0.00189995 -0.00310647 0.0999337 
qwerty 214 212 0 2.70862 -0.91614 -3.15649 9.7 -0.0105359 0.00983952 0.0989554 
qwerty 214 212 0 2.70862 -0.988009 -3.08937 10.375 -0.0105359 0.00983952 0.0989554 
qwerty 214 212 0 2.70862 -1.05988 -3.02225 11.05 -0.0105359 0.00983952 0.0989554 
qwerty 214 212 0 2.70862 -1.13175 -2.95514 11.725 -0.0105359 0.00983952 0.0989554 
qwerty 214 212 0 2.70862 -1.20361 -2.88802 12.4 -0.0105359 0.00983952 0.0989554 
qwerty 214 212 0 2.70862 -1.25 -2.8447 12.8357 -0.0105359 0.00983952 0.0989554 
qwerty 214 212 0 2.70862 -1.27548 -2.8209 13.075 -0.0105359 0.00983952 0.0989554 
qwerty 214 212 0 2.70862 -1.34735 -2.75378 13.75 -0.0105359 0.00983952 0.0989554 
qwerty 214 212 0 2.70862 -1.41922 -2.68666 14.425 -0.0105359 0.00983952 0.0989554 
qwerty 214 212 0 2.70862 -1.49109 -2.61955 15.1 -0.0105359 0.00983952 0.0989554 
qwerty 214 212 0 2.70862 -1.56296 -2.55243 15.775 -0.0105359 0.00983952 0.0989554 
qwerty 214 212 0 2.70862 -1.63482 -2.48531 16.45 -0.0105359 0.00983952 0.0989554 
qwerty 214 212 0 2.70862 -1.70669 -2.41819 17.125 -0.0105359 0.00983952 0.0989554 
qwerty 214 212 0 2.70862 -1.77856 -2.35108 17.8 -0.0105359 0.00983952 0.0989554 
qwerty 214 212 0 2.70862 -1.85043 -2.28396 18.475 -0.0105359 0.00983952 0.0989554 
qwerty 214 212 0 2.70862 -1.9223 -2.21684 19.15 -0.0105359 0.00983952 0.0989554 
qwerty 214 212 0 2.70862 -1.99417 -2.14972 19.825 -0.0105359 0.00983952 0.0989554 
qwerty 214 212 0 2.70862 -2.06603 -2.0826 20.5 -0.0105359 0.00983952 0.0989554 
qwerty 214 212 0 2.70862 -2.1379 -2.01549 21.175 -0.0105359 0.00983952 0.0989554 
qwerty 214 212 0 2.70862 -2.20977 -1.94837 21.85 -0.0105359 0.00983952 0.0989554 
qwerty 214 212 0 2.70862 -2.28164 -1.88125 22.525 -0.0105359 0.00983952 0.0989554 
qwerty 214 212 0 2.70862 -2.35351 -1.81413 23.2 -0.0105359 0.00983952 0.0989554 
qwerty 214 212 0 2.70862 -2.42538 -1.74701 23.875 -0.0105359 0.00983952 0.0989554 
qwerty 214 212 0 2.70862 -2.49724 -1.6799 24.55 -0.0105359 0.00983952 0.0989554 
qwerty 99 98 0 19.4682 -0.724202 -2.89648 8.35 -0.00762518 -0.0324548 0.0942791 
qwerty 223 99 1.0623 4.15269 -1.25 -2.72522 8.60183 -0.0467018 0.0883372 0.00393349 
qwerty 223 99 0.904219 3.24847 -1.60929 -2.24961 8.59849 -0.0524594 0.0712678 -0.0465716 
qwerty 223 99 0.224483 3.02399 -1.69207 -2.13715 8.525 -0.0392947 0.0762929 -0.0513355 
qwerty 209 195 0.0209237 5.73269 -1.58876 -4.0823 11.9156 -0.00663594 -0.0208389 0.0975792 
qwerty 209 195 0.840454 4.89223 -1.6217 -4.18575 12.4 0.0632571 -0.00172355 0.0774311 
qwerty 209 195 0.514245 1.21509 -1.52581 -4.41005 12.8385 0.0225751 -0.0365648 0.0902961 
qwerty 209 195 0.424857 0.790231 -1.49196 -4.46603 13.0552 0.0177049 0.00898053 0.0980096 
qwerty 209 195 0.0477582 0.742473 -1.48839 -4.46422 13.075 0.0492011 -0.0219106 0.0842566 
qwerty 209 195 0.0539415 0.612644 -1.45516 -4.47665 13.0681 0.0297467 0.0395678 -0.086888 
qwerty 209 195 0.0427482 0.569896 -1.45177 -4.46122 13.0426 -0.00999595 0.0366196 -0.0925153 
qwerty 209 195 0.0734868 0.496409 -1.45052 -4.45212 13.0106 -0.0252503 0.0411844 -0.0875572 
qwerty 209 195 0.074864 0.421545 -1.45084 -4.42591 12.978 0.028248 0.0423318 -0.0860817 
qwerty 209 195 0.108829 0.312716 -1.44663 -4.41232 12.9295 0.0100053 0.0398547 -0.0911674 
qwerty 209 195 0.312716 0 -1.44143 -4.39159 12.882 0.0100053 0.0398547 -0.0911674 
qwerty 209 195 0 0 -1.44143 -4.39159 12.882 0.0100053 0.0398547 -0.0911674 
qwerty 230 209 0.0217761 0.466685 -1.60143 -4.08628 11.919 -0.0981275 -0.00450794 0.018726 
qwerty 230 209 0.0316345 0.43505 -1.61356 -4.08915 11.9198 -0.0990071 -0.0138726 -0.0022688 
qwerty 230 209 0.0236469 0.411403 -1.62843 -4.09363 11.9162 -0.093332 -0.00815079 -0.0349672 
qwerty 230 209 0.0270283 0.384375 -1.64204 -4.09406 11.9135 -0.0857616 -0.0243947 -0.0452753 
qwerty 230 209 0.0745871 0.309788 -1.65231 -4.09396 11.9075 -0.0850808 -0.0295774 -0.043433 
qwerty 230 209 0.045543 0.264245 -1.66563 -4.09821 11.9016 -0.0415503 -0.0798955 0.0434773 
qwerty 230 209 0.0264729 0.237772 -1.67207 -4.10952 11.9039 -0.0686727 -0.0683493 0.0247476 
qwerty 230 209 0.0354492 0.202323 -1.68002 -4.12152 11.9041 -0.0788059 -0.058595 0.0188746 
qwerty 230 209 0.049789 0.152534 -1.6918 -4.12955 11.9003 -0.0643969 -0.0764869 0.00167313 
qwerty 230 209 0.0446269 0.107907 -1.7002 -4.1394 11.901 -0.092888 0.00390964 0.0368311 
qwerty 230 209 0.0687383 0.0391687 -1.70806 -4.13496 11.9054 0.0926778 -9.40587e-05 -0.0375608 
qwerty 230 209 0.0391687 0 -1.70662 -4.13496 11.9048 0.0926778 -9.40587e-05 -0.0375608 
qwerty 239 222 0 1.1013 -1.25 -5.09875 8.79361 -0.0226484 -0.0964763 0.0133934 
qwerty 239 222 0 1.1013 -1.64128 -6.76549 9.025 -0.0226484 -0.0964763 0.0133934 
qwerty 238 222 0 0.109264 -0.920122 -5.43094 8.84896 -0.0371103 0.0755616 0.0539747 
qwerty 238 222 0 0.109264 -1.04116 -5.18449 9.025 -0.0371103 0.0755616 0.0539747 
qwerty 244 238 0.0594811 0 -0.919729 -5.43415 8.8485 0.0120169 -0.0983009 -0.0138753 
qwerty 236 222 0 2.55976 -0.728886 -3.06219 9.025 0.000669761 -0.0228674 0.097348 
qwerty 236 222 0 2.55976 -0.724242 -3.22076 9.7 0.000669761 -0.0228674 0.097348 
qwerty 236 222 0 2.55976 -0.719598 -3.37932 10.375 0.000669761 -0.0228674 0.097348 
qwerty 236 222 0 2.55976 -0.714954 -3.53788 11.05 0.000669761 -0.0228674 0.097348 
qwerty 236 222 0 0 -0.713488 -3.58794 11.2631 0.000669761 -0.0228674 0.097348 
qwerty 247 236 0.185397 0.979359 -0.674683 -3.60072 11.3727 0.0389198 -0.0558701 0.0732378 
qwerty 247 236 0.204512 0.774847 -0.668811 -3.6863 11.4587 0.00208772 -0.0660691 0.0750368 
qwerty 247 236 0.252726 0.522121 -0.666472 -3.71202 11.5903 0.0316818 -0.0281886 0.090563 
qwerty 247 236 0.242759 0.279361 -0.655108 -3.70052 11.6962 -0.0933587 -0.00129748 0.0358117 
qwerty 247 236 0.279361 0 -0.695965 -3.70109 11.7119 -0.0933587 -0.00129748 0.0358117 
qwerty 235 222 0 0.70585 -0.745858 -3.19125 9.025 -0.00246713 -0.0406995 0.0913097 
qwerty 235 222 0 0.70585 -0.764096 -3.49211 9.7 -0.00246713 -0.0406995 0.0913097 
qwerty 235 222 0 0.70585 -0.782334 -3.79298 10.375 -0.00246713 -0.0406995 0.0913097 
qwerty 234 209 0 0.510999 -2.90948 -3.98475 13.075 -0.095604 0.0264948 0.0125662 
qwerty 234 209 0 0.193943 -1.93442 -3.21972 12.575 0.0763083 0.0531805 -0.036727 
qwerty 233 209 0 0.510999 -1.25 -4.44464 12.8569 0.095604 -0.0264948 -0.0125662 
qwerty 233 209 0 0.510999 0.894538 -5.03896 12.575 0.095604 -0.0264948 -0.0125662 
qwerty 233 209 0 0.412266 1.25 -5.34482 12.6204 0.0541529 -0.0810377 0.0223685 
qwerty 233 209 0 0.181694 1.90052 -6.3183 12.8891 0.0378258 0.0883316 -0.02769 
qwerty 233 209 0 0.181694 2.32957 -5.31637 12.575 0.0378258 0.0883316 -0.02769 
qwerty 254 233 0.230571 0 1.90981 -6.34804 12.8977 0.0287541 -0.0920316 0.0265216 
qwerty 232 209 0 0.38362 -1.74977 -4.62041 13.075 -0.017876 -0.0538314 0.0823567 
qwerty 232 209 0 0.38362 -1.89629 -5.06161 13.75 -0.017876 -0.0538314 0.0823567 
qwerty 232 209 0 0.38362 -2.0428 -5.50282 14.425 -0.017876 -0.0538314 0.0823567 
qwerty 232 209 0 0.38362 -2.18931 -5.94402 15.1 -0.017876 -0.0538314 0.0823567 
qwerty 232 209 0 0.38362 -2.33582 -6.38523 15.775 -0.017876 -0.0538314 0.0823567 
qwerty 232 209 0 0.38362 -2.48234 -6.82643 16.45 -0.017876 -0.0538314 0.0823567 
qwerty 232 209 0 0.38362 -2.62885 -7.26764 17.125 -0.017876 -0.0538314 0.0823567 
qwerty 231 209 0 0.207843 -1.45703 -4.33407 13.075 0.0228389 -0.0209497 0.0950763 
qwerty 228 213 0 0.510999 -1.25 -3.24921 8.53005 -0.0567141 -0.0014867 -0.0823487 
qwerty 228 213 0 0.510999 -1.25348 -3.2493 8.525 -0.0567141 -0.0014867 -0.0823487 
qwerty 228 213 0 0.510999 -1.71835 -3.26149 7.85 -0.0567141 -0.0014867 -0.0823487 
qwerty 226 223 0 0.510999 -1.66415 -1.54817 7.85 0.00202455 0.0632883 -0.0773983 
qwerty 226 223 0 0.510999 -1.6465 -0.996222 7.175 0.00202455 0.0632883 -0.0773983 
qwerty 226 223 0 0.510999 -1.62884 -0.444277 6.5 0.00202455 0.0632883 -0.0773983 
qwerty 226 223 0 0.510999 -1.61118 0.107668 5.825 0.00202455 0.0632883 -0.0773983 
qwerty 226 223 0 0.510999 -1.59353 0.659614 5.15 0.00202455 0.0632883 -0.0773983 
qwerty 226 223 0 0.510999 -1.57587 1.21156 4.475 0.00202455 0.0632883 -0.0773983 
qwerty 226 223 0 0.510999 -1.55821 1.7635 3.8 0.00202455 0.0632883 -0.0773983 
qwerty 226 223 0 0.499924 -1.62353 2.50681 3.125 -0.00847302 0.0760585 -0.0643686 
qwerty 226 223 0 0.478568 -1.67697 2.95333 2.45 -0.00643935 0.0534376 -0.084279 
qwerty 226 223 0 0.478568 -1.72855 3.38132 1.775 -0.00643935 0.0534376 -0.084279 
qwerty 226 223 0 0.478568 -1.77297 3.75 1.19354 -0.00643935 0.0534376 -0.084279 
qwerty 226 223 0 0.478568 -1.78012 3.80931 1.1 -0.00643935 0.0534376 -0.084279 
qwerty 226 223 0 0.319266 -1.97622 3.95038 0.894728 -0.0447982 -0.00349287 -0.089336 
qwerty 226 223 0 0.213023 -2.17469 3.9349 0.498953 0.0784169 -0.00735016 -0.0616179 
qwerty 226 223 0 0.213023 -2.08057 3.92608 0.425 0.0784169 -0.00735016 -0.0616179 
qwerty 267 226 0.106243 0 -2.18271 3.93502 0.494973 -0.0895591 0.00130147 -0.0444687 
qwerty 266 226 0.0479692 0 -1.97763 3.95182 0.895695 -0.0629303 0.0645586 0.0432662 
qwerty 224 223 0 0.308162 -0.785994 -2.22851 9.025 0.0328985 0.00716804 0.0941611 
qwerty 224 223 0 0.308162 -0.550159 -2.17712 9.7 0.0328985 0.00716804 0.0941611 
qwerty 224 223 0 0.308162 -0.314324 -2.12574 10.375 0.0328985 0.00716804 0.0941611 
qwerty 224 223 0 0.308162 -0.0784883 -2.07435 11.05 0.0328985 0.00716804 0.0941611 
qwerty 224 223 0 0.308162 0.157347 -2.02297 11.725 0.0328985 0.00716804 0.0941611 
qwerty 224 223 0 0.308162 0.393182 -1.97158 12.4 0.0328985 0.00716804 0.0941611 
qwerty 224 223 0 0.308162 0.629018 -1.9202 13.075 0.0328985 0.00716804 0.0941611 
qwerty 224 223 0 0.308162 0.864853 -1.86881 13.75 0.0328985 0.00716804 0.0941611 
qwerty 224 223 0 0.308162 1.10069 -1.81743 14.425 0.0328985 0.00716804 0.0941611 
qwerty 224 223 0 0.308162 1.33652 -1.76605 15.1 0.0328985 0.00716804 0.0941611 
qwerty 224 223 0 0.308162 1.57236 -1.71466 15.775 0.0328985 0.00716804 0.0941611 
qwerty 224 223 0 0.308162 1.6824 -1.67774 16.45 0.0130228 0.0050579 0.0990193 
qwerty 224 223 0 0.308162 1.77118 -1.64326 17.125 0.0130228 0.0050579 0.0990193 
qwerty 248 236 0.0361428 0.336866 -0.713742 -3.60447 11.277 -0.0364984 -0.0910014 0.0196623 
qwerty 248 236 0.0765855 0.26028 -0.715669 -3.63572 11.2792 0.00510162 -0.095584 -0.0289427 
qwerty 248 236 0.0718883 0.188392 -0.712157 -3.65763 11.2601 0.0435729 0.0846136 -0.0306912 
qwerty 248 236 0.0542901 0.134102 -0.702626 -3.64118 11.2635 0.0419574 0.0815002 -0.039966 
qwerty 248 236 0.134102 0 -0.697144 -3.63053 11.2583 0.0419574 0.0815002 -0.039966 
qwerty 248 236 0 0 -0.697144 -3.63053 11.2583 0.0419574 0.0815002 -0.039966 
qwerty 193 103 1.00782 24.0428 -0.98762 -3.87341 10.375 -0.0214734 -0.05182 0.0827863 
qwerty 193 103 0.962641 18.2054 -1.26679 -4.18967 11.05 -0.0268659 -0.0404651 0.0874117 
qwerty 193 103 0.558185 12.8942 -1.51931 -4.4166 11.45 -0.0566076 -0.0259383 0.0782483 
qwerty 193 103 0.621397 12.2728 -1.71827 -4.50776 11.725 -0.055556 -0.0434518 0.0708906 
qwerty 177 111 0.954026 9.04788 -0.895707 -4.34414 13.75 -0.0366165 0.0343008 0.0865025 
qwerty 177 111 0.699017 1.53919 -1.10942 -4.07933 14.1646 -0.0412585 0.0219838 0.0883994 
qwerty 177 111 0.562102 0.977087 -1.21107 -3.99844 14.3995 0.00863544 0.0501789 0.0860669 
qwerty 177 111 0.0425177 0.934569 -1.20851 -3.98357 14.425 0.0192825 0.0261897 0.0945636 
qwerty 299 90 0 0.460712 -1.86388 1.46186 9.2 0.0298113 -0.078412 -0.0544321 
qwerty 299 90 0 0.460712 -1.4942 0.489489 8.525 0.0298113 -0.078412 -0.0544321 
qwerty 299 90 0 0.460712 -1.12452 -0.48288 7.85 0.0298113 -0.078412 -0.0544321 
qwerty 299 90 0 0.460712 -0.754836 -1.45525 7.175 0.0298113 -0.078412 -0.0544321 
qwerty 298 90 0 0.510999 -1.99256 3.37935 10.375 0.0156602 0.0866021 0.0474851 
qwerty 297 90 0 0.161917 -1.99654 2.05057 10.375 0.0316969 0.0461672 0.0828487 
qwerty 293 153 0 0.510999 -0.50647 -15.1598 8.35 -0.0354846 0.0748456 0.0560267 
qwerty 290 177 0 0.510999 -0.727709 -4.47475 15.1 0.0487102 -0.0527762 0.0695844 
qwerty 290 177 0 0.510999 -0.255198 -4.9867 15.775 0.0487102 -0.0527762 0.0695844 
qwerty 290 177 0 0.510999 0.217313 -5.49866 16.45 0.0487102 -0.0527762 0.0695844 
qwerty 289 177 0 0.510999 -1.25 -3.90886 14.3539 -0.0487102 0.0527762 -0.0695844 
qwerty 289 177 0 0.510999 -1.55023 -3.58357 13.925 -0.0487102 0.0527762 -0.0695844 
qwerty 289 177 0 0.510999 -2.02274 -3.07162 13.25 -0.0487102 0.0527762 -0.0695844 
qwerty 289 177 0 0.510999 -2.49525 -2.55967 12.575 -0.0487102 0.0527762 -0.0695844 
qwerty 315 289 0.0192735 0.351794 -2.49321 -2.56008 12.5808 0.064366 -0.00609213 0.0762883 
qwerty 315 289 0.0161482 0.335646 -2.48838 -2.56175 12.5867 0.0704727 0.00448461 0.070806 
qwerty 315 289 0.0143212 0.321325 -2.48131 -2.56178 12.5911 0.0623155 -0.00522244 0.0780353 
qwerty 315 289 0.0165524 0.304772 -2.4753 -2.56071 12.5982 0.0685137 0.0250688 0.0683918 
qwerty 315 289 0.0395262 0.265246 -2.46705 -2.5586 12.6115 0.062496 0.015974 0.0764139 
qwerty 315 289 0.0517047 0.213541 -2.45039 -2.56252 12.6234 0.0938116 0.0244879 -0.0244894 
qwerty 315 289 0.0916841 0.121857 -2.42598 -2.57315 12.6104 0.0394915 -0.0718826 0.0572129 
qwerty 315 289 0.121857 0 -2.42152 -2.58128 12.6169 0.0394915 -0.0718826 0.0572129 
qwerty 288 177 0 4.86213 -1.06052 -4.4765 14.425 -0.0236105 -0.0310544 0.092077 
qwerty 288 177 0 1.11261 -1.47416 -5.99969 15.1 -0.023417 -0.0913265 0.0333333 
qwerty 288 177 0 0.295387 -0.360683 -6.29651 14.6 0.0837504 0.00541668 -0.054374 
qwerty 316 288 0.687911 1.43042 -1.09324 -4.65716 14.9192 0.042421 0.019602 0.0884094 
qwerty 316 288 0.568852 0.861564 -1.00649 -4.61707 15.1 0.0662698 0.0186462 0.0725303 
qwerty 287 177 0 0.128744 -0.848068 -4.37459 13.75 -0.0126872 0.0426119 0.0895727 
qwerty 286 191 0 1.44566 -1.20566 -3.80451 9.875 -0.0470849 0.0408401 -0.0781991 
qwerty 286 191 0 1.44566 -1.61208 -3.45198 9.2 -0.0470849 0.0408401 -0.0781991 
qwerty 286 191 0 1.44566 -2.01851 -3.09946 8.525 -0.0470849 0.0408401 -0.0781991 
qwerty 286 191 0 1.44566 -2.42494 -2.74694 7.85 -0.0470849 0.0408401 -0.0781991 
qwerty 285 191 0 1.88705 -1.40435 -1.25 10.8708 -0.0187142 0.0972307 0.013999 
qwerty 285 191 0 1.88705 -1.6439 -0.00538365 11.05 -0.0187142 0.0972307 0.013999 
qwerty 285 191 0 1.88705 -2.54626 4.68287 11.725 -0.0187142 0.0972307 0.013999 
qwerty 285 191 0 0.768575 -2.56559 6.42511 11.225 0.0171021 0.074837 -0.0640854 
qwerty 285 191 0 0.768575 -2.38546 7.21335 10.55 0.0171021 0.074837 -0.0640854 
qwerty 284 191 0 0.677539 -0.781305 -4.64838 9.875 0.0101659 -0.066291 -0.0741765 
qwerty 284 191 0 0.187368 -0.723559 -5.02494 9.45365 -0.0307779 0.0701939 0.0642304 
qwerty 284 191 0 0.187368 -0.841606 -4.75571 9.7 -0.0307779 0.0701939 0.0642304 
qwerty 326 284 0.33716 0.153011 -0.709056 -5.09148 9.38226 -0.0950883 -0.0301549 -0.00699308 
qwerty 326 284 0.153011 0 -0.724803 -5.09648 9.3811 -0.0950883 -0.0301549 -0.00699308 
qwerty 283 191 0 0.720839 -0.847661 -4.28033 9.875 0.00330111 -0.0279845 -0.0959478 
qwerty 283 191 0 0.623424 -0.833775 -4.39805 9.4714 -0.032375 -0.0531094 -0.0783023 
qwerty 283 191 0 0.623424 -0.945989 -4.58213 9.2 -0.032375 -0.0531094 -0.0783023 
qwerty 283 191 0 0.623424 -1.22508 -5.03995 8.525 -0.032375 -0.0531094 -0.0783023 
qwerty 283 191 0 0.623424 -1.50416 -5.49778 7.85 -0.032375 -0.0531094 -0.0783023 
qwerty 283 191 0 0.623424 -1.78325 -5.9556 7.175 -0.032375 -0.0531094 -0.0783023 
qwerty 283 191 0 0.623424 -1.96271 -6.25 6.74095 -0.032375 -0.0531094 -0.0783023 
qwerty 283 191 0 0.623424 -2.06234 -6.41343 6.5 -0.032375 -0.0531094 -0.0783023 
qwerty 283 191 0 0.623424 -2.34142 -6.87126 5.825 -0.032375 -0.0531094 -0.0783023 
qwerty 283 191 0 0.623424 -2.62051 -7.32908 5.15 -0.032375 -0.0531094 -0.0783023 
qwerty 283 191 0 0.245194 -3.17455 -7.46725 5.65 -0.0688535 -0.0133407 0.0712826 
qwerty 328 283 0.097415 0 -0.828504 -4.39502 9.46665 0.0683263 0.0391776 -0.0616169 
qwerty 281 193 0 0.510999 -1.79292 -5.10018 12.4 0.000750407 -0.0674437 0.0738294 
qwerty 281 193 0 0.510999 -1.78606 -5.7168 13.075 0.000750407 -0.0674437 0.0738294 
qwerty 281 193 0 0.510999 -1.78013 -6.25 13.6587 0.000750407 -0.0674437 0.0738294 
qwerty 281 193 0 0.510999 -1.7792 -6.33341 13.75 0.000750407 -0.0674437 0.0738294 
qwerty 281 193 0 0.449805 -1.84216 -6.55469 14.425 -0.0107481 -0.0221114 0.0969307 
qwerty 280 193 0 0.244812 -1.25 -4.8424 11.5495 0.0817383 -0.0475846 -0.032474 
qwerty 280 193 0 0.244812 -0.433274 -5.31787 11.225 0.0817383 -0.0475846 -0.032474 
qwerty 279 193 0 8.99708 -1.89635 -5.27065 12.4 -0.0111553 -0.0767962 0.0630706 
qwerty 279 193 0 8.99708 -2.01574 -6.09255 13.075 -0.0111553 -0.0767962 0.0630706 
qwerty 279 193 0 8.99708 -2.13512 -6.91445 13.75 -0.0111553 -0.0767962 0.0630706 
qwerty 278 193 0 0.992727 -1.72945 -4.50318 11.725 -0.0589004 -0.0242665 0.0770836 
qwerty 278 193 0 0.992727 -2.24523 -4.71567 12.4 -0.0589004 -0.0242665 0.0770836 
qwerty 278 193 0 0.992727 -2.761 -4.92817 13.075 -0.0589004 -0.0242665 0.0770836 
qwerty 278 193 0 0.67306 -2.91677 -4.99234 13.2789 -0.0278169 0.0373195 0.0885069 
qwerty 278 193 0 0.67306 -3.06485 -4.79368 13.75 -0.0278169 0.0373195 0.0885069 
qwerty 278 193 0 0.67306 -3.27699 -4.50907 14.425 -0.0278169 0.0373195 0.0885069 
qwerty 278 193 0 0.552311 -3.71904 -4.56705 15.1 -0.0567251 -0.0120213 0.0814724 
qwerty 278 193 0 0.552311 -4.18901 -4.66665 15.775 -0.0567251 -0.0120213 0.0814724 
qwerty 278 193 0 0.552311 -4.65898 -4.76624 16.45 -0.0567251 -0.0120213 0.0814724 
qwerty 338 278 0.0311522 0.288515 -2.9283 -5.00246 13.2877 -0.0871498 0.0481814 -0.0091361 
qwerty 338 278 0.0543801 0.234135 -2.94714 -4.99296 13.2811 -0.0612347 0.0779599 -0.0131366 
qwerty 338 278 0.0400709 0.194064 -2.96208 -4.98357 13.2825 -0.0623818 -0.0581091 -0.0522671 
qwerty 338 278 0.0745185 0.119546 -2.96881 -4.9887 13.2654 0.0141532 -0.0630626 -0.0763072 
qwerty 338 278 0.0370393 0.0825064 -2.9636 -4.99419 13.2613 0.00452246 -0.0657122 -0.0752426 
qwerty 338 278 0.0422903 0.0402161 -2.96482 -4.99437 13.2546 0.0189368 -0.0136537 -0.0972367 
qwerty 338 278 0.0402161 0 -2.96451 -4.9946 13.253 0.0189368 -0.0136537 -0.0972367 
qwerty 277 193 0 0.348136 -1.5698 -4.6277 11.725 -0.0361629 -0.0500915 0.0786326 
qwerty 276 193 0 1.1498 -1.3786 -4.41627 11.05 -0.042052 -0.0600274 0.0680319 
qwerty 276 193 0 1.1498 -1.79584 -5.01185 11.725 -0.042052 -0.0600274 0.0680319 
qwerty 276 193 0 1.1498 -2.21307 -5.60743 12.4 -0.042052 -0.0600274 0.0680319 
qwerty 276 193 0 1.1498 -2.6303 -6.20302 13.075 -0.042052 -0.0600274 0.0680319 
qwerty 276 193 0 1.1498 -3.04753 -6.7986 13.75 -0.042052 -0.0600274 0.0680319 
qwerty 275 193 0 0.719556 -1.33015 -4.25969 11.05 -0.0412977 -0.0470429 0.0779838 
qwerty 275 193 0 0.719556 -1.68761 -4.66688 11.725 -0.0412977 -0.0470429 0.0779838 
qwerty 275 193 0 0.719556 -2.04507 -5.07406 12.4 -0.0412977 -0.0470429 0.0779838 
qwerty 274 193 0 0.288114 -0.897515 -3.81196 10.375 -0.00184451 -0.0438319 0.089863 
qwerty 273 248 0 0.510999 -0.875808 -3.75261 11.725 -0.0347295 -0.0237308 0.0907233 
qwerty 273 248 0 0.510999 -1.1342 -3.92917 12.4 -0.0347295 -0.0237308 0.0907233 
qwerty 273 248 0 0.510999 -1.25 -4.0083 12.7025 -0.0347295 -0.0237308 0.0907233 
qwerty 273 248 0 0.510999 -1.3926 -4.10574 13.075 -0.0347295 -0.0237308 0.0907233 
qwerty 273 248 0 0.510999 -1.65099 -4.2823 13.75 -0.0347295 -0.0237308 0.0907233 
qwerty 273 248 0 0.510999 -1.90939 -4.45886 14.425 -0.0347295 -0.0237308 0.0907233 
qwerty 273 248 0 0.510999 -2.16778 -4.63542 15.1 -0.0347295 -0.0237308 0.0907233 
qwerty 273 248 0 0.510999 -2.42618 -4.81198 15.775 -0.0347295 -0.0237308 0.0907233 
qwerty 273 248 0 0.510999 -2.68457 -4.98855 16.45 -0.0347295 -0.0237308 0.0907233 
qwerty 273 248 0 0.510999 -2.94297 -5.16511 17.125 -0.0347295 -0.0237308 0.0907233 
qwerty 272 248 0 0.510999 -0.684405 -3.62183 11.225 0.0347295 0.0237308 -0.0907233 
qwerty 272 248 0 0.510999 -0.42601 -3.44526 10.55 0.0347295 0.0237308 -0.0907233 
qwerty 272 248 0 0.510999 -0.167615 -3.2687 9.875 0.0347295 0.0237308 -0.0907233 
qwerty 272 248 0 0.510999 0.0907793 -3.09214 9.2 0.0347295 0.0237308 -0.0907233 
qwerty 337 279 1.53753 5.14738 -2.31156 -7.80149 14.425 -0.0351379 -0.0914276 0.0201577 
qwerty 337 279 0.853308 2.54946 -2.7623 -7.73419 14.1072 -0.0790099 -0.00923891 -0.0605977 
qwerty 337 279 0.00495628 1.89802 -2.76506 -7.73447 14.1051 -0.0572161 0.0101014 -0.0813897 
qwerty 337 279 0.410347 1.48768 -2.8917 -7.71211 13.925 -0.0476625 -0.0737837 -0.0477939 
qwerty 349 337 0.19352 0.452963 -2.84669 -7.76489 14.1586 -0.088635 0.000681261 0.0462967 
qwerty 349 337 0.418177 0.0347856 -2.92594 -7.76428 14.2 0.0384031 -0.086277 0.0328858 
qwerty 349 337 0.0347856 0 -2.92546 -7.76537 14.2005 0.0384031 -0.086277 0.0328858 
qwerty 351 337 0 0.510999 -3.13745 -7.28843 13.25 -0.0259268 0.0520162 -0.0813764 
qwerty 351 337 0 0.486312 -3.34548 -6.49033 12.575 -0.0190062 0.0762356 -0.0618619 
qwerty 21 17 0.484642 1.05685 -2.57005 4.38678 12.095 0.0357989 0.0115749 0.0926524 
qwerty 21 17 0.551485 0.505364 -2.40049 4.36275 12.2497 0.083656 0.0422645 0.0348623 
qwerty 21 17 0.277781 0.227583 -2.34263 4.46192 12.286 -0.0395439 0.0583562 0.0709284 
qwerty 21 17 0.227583 0 -2.35505 4.48024 12.3083 -0.0395439 0.0583562 0.0709284 
qwerty 21 17 0 0 -2.35505 4.48024 12.3083 -0.0395439 0.0583562 0.0709284 
qwerty 5 3 1.37081 32.5593 0.461496 1.96176 2.95 0.0172047 0.0701375 0.0691718 
qwerty 5 3 0.607973 18.2057 0.395077 2.34187 3.46147 -0.0120322 0.0483995 0.0866759 
qwerty 5 3 0.317303 17.8884 0.372376 2.43318 3.625 -0.0166016 0.0458533 0.0873033 
qwerty 5 3 0.910112 11.2306 0.276609 2.58212 4.3 -0.0217796 0.0145312 0.0965116 
qwerty 5 3 0.789615 5.96935 0.450308 2.08644 3.98002 0.0353279 -0.0811845 -0.0464868 
qwerty 5 3 0.580019 5.38933 0.587115 1.77206 3.8 0.0303428 -0.0811866 -0.0498803 
qwerty 377 5 0.218828 0.530375 0.567696 2.09538 3.96867 0.0931755 -0.0354242 0.00796628 
qwerty 377 5 0.276595 0.25378 0.65211 2.0842 4.02717 0.00190296 -0.0621793 0.0782951 
qwerty 377 5 0.25378 0 0.652826 2.0608 4.05663 0.00190296 -0.0621793 0.0782951 
qwerty 373 5 0.173258 0.295971 0.33851 2.38804 3.50376 -0.0879721 -0.0402092 0.0253798 
qwerty 373 5 0.295971 0 0.296389 2.36879 3.51591 -0.0879721 -0.0402092 0.0253798 
qwerty 380 5 0 0.211928 1.17523 2.39148 4.3 0.0335773 0.0828449 0.0448251 
qwerty 379 5 0 1.6915 3.75 0.539469 3.58221 0.0941119 -0.0335825 -0.00389422 
qwerty 379 5 0 1.6915 6.25 -0.352621 3.47877 0.0941119 -0.0335825 -0.00389422 
qwerty 379 5 0 1.6915 8.75 -1.24471 3.37532 0.0941119 -0.0335825 -0.00389422 
qwerty 379 5 0 1.6915 11.25 -2.1368 3.27188 0.0941119 -0.0335825 -0.00389422 
qwerty 379 5 0 0.439907 12.069 -2.42905 3.23799 -0.00389006 -0.0618381 0.0784915 
qwerty 379 5 0 0.254445 12.0609 -2.5585 3.40229 -0.0604742 0.0536839 0.0588294 
qwerty 379 5 0 0.254445 11.8319 -2.35526 3.625 -0.0604742 0.0536839 0.0588294 
qwerty 387 379 0.185463 0 12.0674 -2.57813 3.41169 0.0288999 -0.0863498 0.041334 
qwerty 386 379 0.237386 1.01421 12.2121 -2.44808 3.25376 0.0845322 0.0532388 0.00446516 
qwerty 386 379 0.247865 0.766344 12.3651 -2.4175 3.23931 0.0900848 0.0313741 0.0300067 
qwerty 386 379 0.228715 0.537629 12.4883 -2.38359 3.25196 0.0807461 0.0482701 0.0339127 
qwerty 386 379 0.314542 0.223087 12.611 -2.42208 3.33683 0.0244944 -0.0741661 -0.0624452 
qwerty 386 379 0.223087 0 12.6185 -2.44481 3.31769 0.0244944 -0.0741661 -0.0624452 
qwerty 378 5 0 0.502753 0.663436 1.17646 3.125 0.00815914 -0.0635807 -0.0767523 
qwerty 378 5 0 0.502753 0.735192 0.617301 2.45 0.00815914 -0.0635807 -0.0767523 
qwerty 376 5 0 0.91136 -0.463152 1.25 4.13298 -0.0483095 -0.08669 -0.0122895 
qwerty 376 5 0 0.552315 -1.02107 0.248836 3.99105 0.0182129 -0.0743323 -0.0643661 
qwerty 376 5 0 0.552315 -0.967008 0.0281996 3.8 0.0182129 -0.0743323 -0.0643661 
qwerty 376 5 0 0.552315 -0.776012 -0.751315 3.125 0.0182129 -0.0743323 -0.0643661 
qwerty 390 376 0.359045 0 -1.07053 0.214132 4.01332 0.0228005 0.057345 0.0786873 
qwerty 375 5 0 3.49144 0.332924 2.60527 4.3 -0.0034115 0.0218828 0.0975167 
qwerty 375 5 0 3.49144 0.309309 2.75674 4.975 -0.0034115 0.0218828 0.0975167 
qwerty 375 5 0 3.49144 0.285695 2.90821 5.65 -0.0034115 0.0218828 0.0975167 
qwerty 375 5 0 3.49144 0.262081 3.05968 6.325 -0.0034115 0.0218828 0.0975167 
qwerty 375 5 0 3.49144 0.238467 3.21115 7 -0.0034115 0.0218828 0.0975167 
qwerty 375 5 0 3.49144 0.214853 3.36262 7.675 -0.0034115 0.0218828 0.0975167 
qwerty 375 5 0 3.49144 0.191239 3.51409 8.35 -0.0034115 0.0218828 0.0975167 
qwerty 375 5 0 3.49144 0.167625 3.66556 9.025 -0.0034115 0.0218828 0.0975167 
qwerty 375 5 0 3.49144 0.154461 3.75 9.40129 -0.0034115 0.0218828 0.0975167 
qwerty 375 5 0 3.49144 0.144011 3.81703 9.7 -0.0034115 0.0218828 0.0975167 
qwerty 375 5 0 3.49144 0.120397 3.9685 10.375 -0.0034115 0.0218828 0.0975167 
qwerty 375 5 0 3.49144 0.0967832 4.11997 11.05 -0.0034115 0.0218828 0.0975167 
qwerty 375 5 0 3.49144 0.0731692 4.27144 11.725 -0.0034115 0.0218828 0.0975167 
qwerty 375 5 0 3.49144 0.0495551 4.42291 12.4 -0.0034115 0.0218828 0.0975167 
qwerty 375 5 0 3.49144 0.0259411 4.57438 13.075 -0.0034115 0.0218828 0.0975167 
qwerty 375 5 0 3.49144 0.00232708 4.72585 13.75 -0.0034115 0.0218828 0.0975167 
qwerty 375 5 0 3.49144 -0.021287 4.87732 14.425 -0.0034115 0.0218828 0.0975167 
qwerty 375 5 0 3.49144 -0.044901 5.0288 15.1 -0.0034115 0.0218828 0.0975167 
qwerty 375 5 0 3.49144 -0.068515 5.18027 15.775 -0.0034115 0.0218828 0.0975167 
qwerty 375 5 0 3.49144 -0.092129 5.33174 16.45 -0.0034115 0.0218828 0.0975167 
qwerty 375 5 0 3.49144 -0.115743 5.48321 17.125 -0.0034115 0.0218828 0.0975167 
qwerty 375 5 0 0.300853 -0.129821 5.57351 17.5274 0.0780243 0.0215358 -0.0587233 
qwerty 375 5 0 0.300853 0.172327 5.6569 17.3 0.0780243 0.0215358 -0.0587233 
qwerty 395 375 0.495326 2.69526 -0.156754 5.62673 17.8 -0.0072945 0.054075 0.0838015 
qwerty 397 395 0 0.399615 -0.0595723 5.59606 18.475 0.0120208 -0.00096417 0.0992702 
qwerty 370 5 0 1.05924 0.439777 2.63479 3.625 -0.0025045 0.0697347 0.0716296 
qwerty 370 5 0 1.05924 0.416176 3.29193 4.3 -0.0025045 0.0697347 0.0716296 
qwerty 370 5 0 1.05924 0.392575 3.94907 4.975 -0.0025045 0.0697347 0.0716296 
qwerty 370 5 0 1.05924 0.368973 4.60622 5.65 -0.0025045 0.0697347 0.0716296 
qwerty 368 21 0 0.510999 -1.56682 5.00335 11.9 0.0765013 0.0507691 -0.0396239 
qwerty 368 21 0 0.510999 -0.263603 5.86821 11.225 0.0765013 0.0507691 -0.0396239 
qwerty 367 21 0 0.510999 -2.53216 4.36271 12.4 -0.0765013 -0.0507691 0.0396239 
qwerty 367 21 0 0.29042 -3.38198 3.79874 12.8402 -0.0804929 0.0390602 -0.0446677 
qwerty 367 21 0 0.29042 -3.75 3.97732 12.6359 -0.0804929 0.0390602 -0.0446677 
qwerty 367 21 0 0.29042 -3.85982 4.03061 12.575 -0.0804929 0.0390602 -0.0446677 
qwerty 367 21 0 0.29042 -5.07619 4.62087 11.9 -0.0804929 0.0390602 -0.0446677 
qwerty 367 21 0 0.29042 -6.25 5.19048 11.2486 -0.0804929 0.0390602 -0.0446677 
qwerty 367 21 0 0.29042 -6.29257 5.21114 11.225 -0.0804929 0.0390602 -0.0446677 
qwerty 407 367 0.220579 0 -3.39102 3.77729 12.8593 -0.0300178 -0.0712217 0.0634539 
qwerty 366 62 0 0.510999 1.09141 3.75 8.24687 0.00508039 -0.0373688 -0.0926162 
qwerty 366 62 0 0.510999 1.11318 3.58987 7.85 0.00508039 -0.0373688 -0.0926162 
qwerty 365 62 0 0.510999 1.04872 4.06396 9.025 -0.00508039 0.0373688 0.0926162 
qwerty 365 62 0 0.510999 1.0117 4.33631 9.7 -0.00508039 0.0373688 0.0926162 
qwerty 365 62 0 0.510999 0.97467 4.60866 10.375 -0.00508039 0.0373688 0.0926162 
qwerty 365 62 0 0.420382 0.946222 4.8179 10.8936 0.0495617 0.0592421 0.0635139 
qwerty 365 62 0 0.420382 1.06827 4.96379 11.05 0.0495617 0.0592421 0.0635139 
qwerty 365 62 0 0.420382 1.25 5.18102 11.2829 0.0495617 0.0592421 0.0635139 
qwerty 365 62 0 0.420382 1.59499 5.59339 11.725 0.0495617 0.0592421 0.0635139 
qwerty 365 62 0 0.311002 1.80958 5.84989 12 -0.0230746 0.0953961 0.0191611 
qwerty 365 62 0 0.311002 1.7128 6.25 12.0804 -0.0230746 0.0953961 0.0191611 
qwerty 365 62 0 0.311002 1.32787 7.84136 12.4 -0.0230746 0.0953961 0.0191611 
qwerty 411 365 0.10938 0 1.81707 5.84861 12.0055 0.0796263 -0.0135426 0.0589597 
qwerty 410 365 0.0906164 0 0.941196 4.81666 10.898 -0.0737928 -0.0182944 0.064961 
qwerty 364 62 0 0.830226 -1.23018 12.9868 8.86813 -0.0433865 0.0792102 0.0429343 
qwerty 364 62 0 0.830226 -1.25 13.023 8.88774 -0.0433865 0.0792102 0.0429343 
qwerty 364 62 0 0.830226 -1.3887 13.2762 9.025 -0.0433865 0.0792102 0.0429343 
qwerty 414 364 0.0409009 0.534669 -1.38352 13.3022 9.02232 0.0680164 0.0696012 -0.0230094 
qwerty 414 364 0.0291834 0.505485 -1.37089 13.3143 9.02216 0.0636884 0.0770958 0.000144095 
qwerty 414 364 0.0427625 0.462723 -1.36133 13.3287 9.02431 0.0764642 0.0615463 0.0191122 
qwerty 414 364 0.00665947 0.456063 -1.35857 13.3309 9.025 0.0925586 0.025975 0.0275355 
qwerty 413 364 0.0433478 0.136087 -1.2239 12.9907 8.85901 0.0266905 0.0268654 -0.092552 
qwerty 413 364 0.0723183 0.0637691 -1.21884 13.0025 8.85038 -0.0524069 0.0816802 -0.0241218 
qwerty 413 364 0.0637691 0 -1.22077 13.0055 8.84949 -0.0524069 0.0816802 -0.0241218 
qwerty 361 62 0 0.62222 2.03968 3.68988 8.64098 0.0788409 -0.0172038 0.0590605 
qwerty 361 62 0 0.62222 2.55232 3.57802 9.025 0.0788409 -0.0172038 0.0590605 
qwerty 361 62 0 0.62222 3.45339 3.3814 9.7 0.0788409 -0.0172038 0.0590605 
qwerty 361 62 0 0.62222 3.75 3.31667 9.9222 0.0788409 -0.0172038 0.0590605 
qwerty 361 62 0 0.62222 4.35446 3.18478 10.375 0.0788409 -0.0172038 0.0590605 
qwerty 417 361 0.0986889 0 2.04474 3.6898 8.63492 0.0640351 -0.001033 -0.0768013 
qwerty 357 75 0 0.510999 3.4579 4.11366 13.075 0.0547936 -0.0774874 0.0315177 
qwerty 403 371 1.53763 4.58723 0.979767 2.56635 3.60144 0.0730272 0.0649063 0.0213119 
qwerty 403 371 0.174195 4.41304 1.06051 2.63812 3.625 0.0560845 0.0794185 0.0233932 
qwerty 403 371 0.114854 0.875846 1.05219 2.67846 3.57017 -0.0482895 -0.0267084 -0.0833954 
qwerty 403 371 0.257057 0.618789 1.02568 2.65184 3.50293 -0.0909955 -0.00731089 -0.0408211 
qwerty 403 371 0.15421 0.46458 0.963622 2.6235 3.44729 -0.0546615 -0.0793451 -0.026767 
qwerty 403 371 0.339975 0.124605 0.912866 2.54982 3.42243 -0.0741217 0.0195005 0.0642316 
qwerty 403 371 0.124605 0 0.90432 2.55207 3.42984 -0.0741217 0.0195005 0.0642316 
qwerty 403 371 0 0 0.90432 2.55207 3.42984 -0.0741217 0.0195005 0.0642316 
qwerty 426 403 0 0.380561 0.154958 2.21995 3.17863 -0.0939453 0.0233287 0.025101 
qwerty 426 403 0 0.380561 -1.25 2.56883 3.55402 -0.0939453 0.0233287 0.025101 
qwerty 426 403 0 0.380561 -1.51566 2.6348 3.625 -0.0939453 0.0233287 0.025101 
qwerty 427 426 0.130438 0 0.152043 2.21057 3.17061 -0.0229928 -0.0739578 -0.0632579 
qwerty 425 403 0 0.510999 1.25 2.70528 3.54572 0.0874102 0.0387406 0.0293022 
qwerty 425 403 0 0.510999 1.4865 2.8101 3.625 0.0874102 0.0387406 0.0293022 
qwerty 425 403 0 0.420773 3.25106 3.55874 3.125 0.0859726 0.0361153 -0.0361164 
qwerty 425 403 0 0.420773 3.70636 3.75 2.93373 0.0859726 0.0361153 -0.0361164 
qwerty 425 403 0 0.420773 4.85785 4.23372 2.45 0.0859726 0.0361153 -0.0361164 
qwerty 425 403 0 0.275408 5.69979 3.9009 2.95 0.0781594 -0.0350598 0.0515937 
qwerty 424 403 0 2.76649 0.681529 3.17011 3.125 -0.0504503 0.0612982 -0.0608054 
qwerty 424 403 0 0.902229 0.71373 6.25 2.80409 0.0334696 0.0935932 -0.0109593 
qwerty 424 403 0 0.902229 1.60775 8.75 2.51135 0.0334696 0.0935932 -0.0109593 
qwerty 424 403 0 0.902229 1.79512 9.27395 2.45 0.0334696 0.0935932 -0.0109593 
qwerty 424 403 0 0.290768 3.0463 12.7727 2.04031 0.0552144 -0.0481283 -0.0680811 
qwerty 424 403 0 0.290768 3.26147 12.5852 1.775 0.0552144 -0.0481283 -0.0680811 
qwerty 435 424 0.262239 0.349222 3.09816 12.881 2.01538 0.0448116 0.0635728 -0.0628523 
qwerty 435 424 0.349222 0 3.12583 12.9203 1.97657 -0.0415928 -0.0731895 0.0539754 
