qwerty 1 0 0 200 0 0 -0.249997 0 0 0.1 
qwerty 3 1 0 133.671 0.206969 0.192863 0.25 0.036027 0.0335717 0.0870344 
qwerty 3 1 0 133.671 0.486378 0.45323 0.925 0.036027 0.0335717 0.0870344 
qwerty 3 1 0 133.671 0.765787 0.713598 1.6 0.036027 0.0335717 0.0870344 
qwerty 3 1 0 133.671 1.0452 0.973965 2.275 0.036027 0.0335717 0.0870344 
qwerty 3 1 0 133.671 1.32461 1.23433 2.95 0.036027 0.0335717 0.0870344 
qwerty 3 1 0 133.671 1.60402 1.4947 3.625 0.036027 0.0335717 0.0870344 
qwerty 3 1 0 133.671 1.88342 1.75507 4.3 0.036027 0.0335717 0.0870344 
qwerty 3 1 0 133.671 2.16283 2.01543 4.975 0.036027 0.0335717 0.0870344 
qwerty 3 1 0 133.671 2.44224 2.2758 5.65 0.036027 0.0335717 0.0870344 
qwerty 4 3 1.23764 88.4232 2.7159 2.54764 6.325 0.0348275 0.0336019 0.0875098 
qwerty 4 3 0.92961 57.9686 3.0094 2.78909 7 0.0356694 0.0302811 0.0883784 
qwerty 4 3 0.864702 29.9465 3.36726 2.96699 7.675 0.0450118 0.0149185 0.0880419 
qwerty 4 3 1.29341 15.3928 3.97089 2.7356 8.2582 0.0813408 -0.0400864 0.0421515 
qwerty 4 3 0.327194 15.0656 4.14804 2.6483 8.35 0.0833461 -0.0405856 0.0374999 
qwerty 4 3 0.345097 2.4436 4.23422 2.23175 8.63075 -0.0224655 -0.0929641 0.0292057 
qwerty 4 3 0.466495 1.27414 4.09421 1.97092 8.72852 0.00275283 -0.095469 0.0296326 
qwerty 4 3 0.43775 0.826696 4.10549 1.81649 8.82011 0.000652731 -0.0999653 0.00255027 
qwerty 4 3 0.385989 0.440707 3.99826 1.65189 8.82801 -0.0494284 -0.0665355 -0.0559451 
qwerty 4 3 0.33733 0.103377 3.95562 1.59449 8.77975 -0.0944016 -0.0161795 0.0287499 
qwerty 4 3 0.103377 0 3.94756 1.59311 8.78221 -0.0944016 -0.0161795 0.0287499 
qwerty 23 4 0.187109 0.515848 4.025 1.8712 8.72597 -0.0798452 -0.030127 0.0521259 
qwerty 23 4 0.281531 0.234317 3.96456 1.77294 8.75507 0.0384534 -0.0608625 0.0694053 
qwerty 23 4 0.234317 0 3.97731 1.75276 8.77808 0.0384534 -0.0608625 0.0694053 
qwerty 24 4 0.00029101 0 4.63311 1.27393 8.68496 0.0686315 -0.0705742 -0.0175785 
qwerty 25 24 0.00940681 0 4.63314 1.27393 8.68508 0.0192413 0.00121628 0.0981239 
qwerty 22 4 0 0.951163 3.75 1.25054 8.83885 -0.0434748 -0.0880957 0.0186838 
qwerty 22 4 0 0.728372 3.70586 1.1611 8.85782 -0.0120543 -0.0751559 0.0648559 
qwerty 22 4 0 0.728372 3.67479 0.967367 9.025 -0.0120543 -0.0751559 0.0648559 
qwerty 22 4 0 0.47569 3.2487 0.776448 9.7 -0.0596632 -0.00477136 0.0801095 
qwerty 22 4 0 0.47569 2.74598 0.736245 10.375 -0.0596632 -0.00477136 0.0801095 
qwerty 22 4 0 0.47569 2.24326 0.696041 11.05 -0.0596632 -0.00477136 0.0801095 
qwerty 22 4 0 0.47569 1.74054 0.655838 11.725 -0.0596632 -0.00477136 0.0801095 
qwerty 22 4 0 0.47569 1.23782 0.615635 12.4 -0.0596632 -0.00477136 0.0801095 
qwerty 22 4 0 0.418864 1.06792 0.304384 13.075 -0.0211397 -0.0416733 0.0884107 
qwerty 22 4 0 0.418864 0.906527 -0.0137836 13.75 -0.0211397 -0.0416733 0.0884107 
qwerty 22 4 0 0.367688 0.516909 -0.00998685 14.425 -0.0532092 0.00681774 0.0843937 
qwerty 22 4 0 0.367688 0.09133 0.044543 15.1 -0.0532092 0.00681774 0.0843937 
qwerty 22 4 0 0.367688 -0.334249 0.0990728 15.775 -0.0532092 0.00681774 0.0843937 
qwerty 22 4 0 0.367688 -0.759828 0.153603 16.45 -0.0532092 0.00681774 0.0843937 
qwerty 22 4 0 0.367688 -1.18541 0.208132 17.125 -0.0532092 0.00681774 0.0843937 
qwerty 22 4 0 0.367688 -1.61099 0.262662 17.8 -0.0532092 0.00681774 0.0843937 
qwerty 26 22 0.0591923 0.163599 3.7024 1.14365 8.84496 0.0686775 0.0686768 0.0238098 
qwerty 26 22 0.163599 0 3.71511 1.15636 8.84936 0.0686775 0.0686768 0.0238098 
qwerty 21 4 0 3.99404 4.21813 1.25293 9.025 -0.00606831 -0.0916256 0.039597 
qwerty 21 4 0 3.99404 4.11469 -0.308994 9.7 -0.00606831 -0.0916256 0.039597 
qwerty 33 31 0 0.189646 4.35256 -0.835376 9.2 0.0357394 -0.0451249 -0.0817707 
qwerty 20 4 0 1.48265 4.73043 1.45713 9.025 0.0341749 -0.0827267 0.0445912 
qwerty 20 4 0 1.48265 5.24775 0.204849 9.7 0.0341749 -0.0827267 0.0445912 
qwerty 20 4 0 0.86916 5.12166 -0.586101 10.375 -0.0297444 -0.0672112 0.067808 
qwerty 17 4 0 0.265423 4.15613 2.64764 8.35 0.082448 -0.0391517 0.040859 
qwerty 16 4 0 1.68653 3.56072 3.0388 8.11215 0.00967334 0.0405244 0.0909076 
qwerty 16 4 0 1.68653 3.58603 3.14483 8.35 0.00967334 0.0405244 0.0909076 
qwerty 16 4 0 1.68653 3.65785 3.44572 9.025 0.00967334 0.0405244 0.0909076 
qwerty 16 4 0 1.68653 3.72968 3.74662 9.7 0.00967334 0.0405244 0.0909076 
qwerty 16 4 0 1.68653 3.75 3.83176 9.89099 0.00967334 0.0405244 0.0909076 
qwerty 16 4 0 1.68653 3.8015 4.04752 10.375 0.00967334 0.0405244 0.0909076 
qwerty 16 4 0 1.68653 3.87333 4.34842 11.05 0.00967334 0.0405244 0.0909076 
qwerty 16 4 0 1.68653 3.94515 4.64932 11.725 0.00967334 0.0405244 0.0909076 
qwerty 16 4 0 1.68653 4.01698 4.95022 12.4 0.00967334 0.0405244 0.0909076 
qwerty 16 4 0 1.68653 4.08881 5.25112 13.075 0.00967334 0.0405244 0.0909076 
qwerty 16 4 0 1.68653 4.16063 5.55201 13.75 0.00967334 0.0405244 0.0909076 
qwerty 16 4 0 1.68653 4.23246 5.85291 14.425 0.00967334 0.0405244 0.0909076 
qwerty 16 4 0 1.68653 4.30428 6.15381 15.1 0.00967334 0.0405244 0.0909076 
qwerty 16 4 0 1.68653 4.37611 6.45471 15.775 0.00967334 0.0405244 0.0909076 
qwerty 16 4 0 1.68653 4.44793 6.75561 16.45 0.00967334 0.0405244 0.0909076 
qwerty 16 4 0 1.68653 4.51976 7.05651 17.125 0.00967334 0.0405244 0.0909076 
qwerty 16 4 0 1.68653 4.59159 7.35741 17.8 0.00967334 0.0405244 0.0909076 
qwerty 16 4 0 1.68653 4.66341 7.6583 18.475 0.00967334 0.0405244 0.0909076 
qwerty 16 4 0 1.68653 4.73524 7.9592 19.15 0.00967334 0.0405244 0.0909076 
qwerty 16 4 0 1.68653 4.80706 8.2601 19.825 0.00967334 0.0405244 0.0909076 
qwerty 16 4 0 0.908449 5.54381 8.75 20.4096 0.070942 0.0459902 0.0534053 
qwerty 16 4 0 0.908449 5.66388 8.82784 20.5 0.070942 0.0459902 0.0534053 
qwerty 16 4 0 0.908449 6.25 9.20781 20.9412 0.070942 0.0459902 0.0534053 
qwerty 16 4 0 0.908449 6.56053 9.40912 21.175 0.070942 0.0459902 0.0534053 
qwerty 16 4 0 0.908449 7.45718 9.9904 21.85 0.070942 0.0459902 0.0534053 
qwerty 16 4 0 0.908449 8.35383 10.5717 22.525 0.070942 0.0459902 0.0534053 
qwerty 16 4 0 0.314213 8.49767 10.7871 22.707 0.022802 0.0681926 0.069497 
qwerty 16 4 0 0.314213 8.65244 11.25 23.1788 0.022802 0.0681926 0.069497 
qwerty 16 4 0 0.314213 8.65941 11.2708 23.2 0.022802 0.0681926 0.069497 
qwerty 54 16 0.022589 0.0498458 8.49404 10.7864 22.7052 -0.0969882 -0.022275 -0.00985512 
qwerty 54 16 0.0498458 0 8.49171 10.7858 22.705 -0.0969882 -0.022275 -0.00985512 
qwerty 51 16 0.221279 0.541801 3.68851 3.0045 8.14129 0.0941136 -0.0332395 0.00614571 
qwerty 51 16 0.38584 0.155962 3.76365 2.96196 8.19916 0.0250677 -0.0905719 0.034181 
qwerty 51 16 0.155962 0 3.76794 2.94648 8.205 0.0250677 -0.0905719 0.034181 
qwerty 15 4 0 7.98696 3.56581 3.13141 8.35 0.0270239 0.0234956 0.0933684 
qwerty 15 4 0 7.98696 3.75 3.29155 8.98637 0.0270239 0.0234956 0.0933684 
qwerty 15 4 0 7.98696 3.76118 3.30127 9.025 0.0270239 0.0234956 0.0933684 
qwerty 15 4 0 7.98696 3.95655 3.47113 9.7 0.0270239 0.0234956 0.0933684 
qwerty 15 4 0 7.98696 4.15192 3.64099 10.375 0.0270239 0.0234956 0.0933684 
qwerty 15 4 0 7.98696 4.27729 3.75 10.8082 0.0270239 0.0234956 0.0933684 
qwerty 15 4 0 7.98696 4.34728 3.81085 11.05 0.0270239 0.0234956 0.0933684 
qwerty 15 4 0 7.98696 4.54265 3.98071 11.725 0.0270239 0.0234956 0.0933684 
qwerty 15 4 0 7.98696 4.73802 4.15057 12.4 0.0270239 0.0234956 0.0933684 
qwerty 13 4 0 10.09 3.33841 2.92029 7.675 0.0449388 0.0166629 0.0877659 
qwerty 13 4 0 10.09 3.68404 3.04844 8.35 0.0449388 0.0166629 0.0877659 
qwerty 13 4 0 10.09 4.02966 3.17659 9.025 0.0449388 0.0166629 0.0877659 
qwerty 13 4 0 10.09 4.37528 3.30475 9.7 0.0449388 0.0166629 0.0877659 
qwerty 13 4 0 10.09 4.7209 3.4329 10.375 0.0449388 0.0166629 0.0877659 
qwerty 13 4 0 10.09 5.06652 3.56105 11.05 0.0449388 0.0166629 0.0877659 
qwerty 13 4 0 10.09 5.41214 3.6892 11.725 0.0449388 0.0166629 0.0877659 
qwerty 13 4 0 10.09 5.5761 3.75 12.0452 0.0449388 0.0166629 0.0877659 
qwerty 13 4 0 10.09 5.75776 3.81736 12.4 0.0449388 0.0166629 0.0877659 
qwerty 13 4 0 10.09 6.10338 3.94551 13.075 0.0449388 0.0166629 0.0877659 
qwerty 13 4 0 10.09 6.449 4.07366 13.75 0.0449388 0.0166629 0.0877659 
qwerty 13 4 0 10.09 6.79462 4.20182 14.425 0.0449388 0.0166629 0.0877659 
qwerty 13 4 0 10.09 7.14024 4.32997 15.1 0.0449388 0.0166629 0.0877659 
qwerty 59 13 0.878408 5.37111 7.57625 4.69544 15.4032 0.0592041 0.0746809 0.0302925 
qwerty 59 13 0.25561 4.83048 7.66668 4.82542 15.4417 0.0439347 0.08687 0.0228769 
qwerty 59 13 0.551157 3.52125 7.89346 5.11561 15.5101 0.0701958 0.0706244 -0.00920512 
qwerty 59 13 0.881932 2.25805 8.14271 5.56626 15.4179 0.0640579 0.0692519 -0.0331775 
qwerty 59 13 0.821209 1.43684 8.38789 5.79492 15.2979 0.0606195 0.0203023 -0.0768967 
qwerty 59 13 0.0433023 1.39354 8.40596 5.80098 15.275 0.0703515 0.0197584 -0.0682662 
qwerty 59 13 0.19144 1.01915 8.39382 5.79404 15.4119 0.02284 0.0575113 0.0785543 
qwerty 59 13 0.282051 0.737096 8.39625 5.91535 15.4907 -0.0168627 0.0735806 0.0655862 
qwerty 59 13 0.295765 0.441332 8.43603 6.03711 15.5529 0.00474369 0.0998816 0.0010798 
qwerty 59 13 0.377784 0.0635478 8.44013 6.12343 15.5539 0.0160559 0.0969819 -0.0183498 
qwerty 59 13 0.0635478 0 8.44072 6.12699 15.5532 0.0160559 0.0969819 -0.0183498 
qwerty 64 59 0.38126 0 8.1379 5.62943 15.4487 0.0257554 -0.0623125 -0.07385 
qwerty 63 59 0.394394 0.363683 7.92167 5.24796 15.5305 0.0222635 0.0739558 0.0635207 
qwerty 63 59 0.335756 0.0279271 7.93628 5.29651 15.5722 -0.0319125 -0.0826222 -0.0464237 
qwerty 63 59 0.0279271 0 7.93601 5.29581 15.5718 -0.0319125 -0.0826222 -0.0464237 
qwerty 62 59 0.285023 0 7.71139 4.8233 15.4476 0.0990241 -0.00469927 0.0131203 
qwerty 61 59 0.127464 0.525119 7.57604 4.75568 15.4519 0.0392329 0.0741262 0.0544617 
qwerty 61 59 0.216268 0.308851 7.64693 4.79114 15.5143 0.0807316 0.0473568 0.0352099 
qwerty 61 59 0.308851 0 7.68822 4.81536 15.5323 0.0807316 0.0473568 0.0352099 
qwerty 12 4 0 13.9365 3.31247 2.90107 7.675 0.0413456 0.0139073 0.089984 
qwerty 12 4 0 13.9365 3.62262 3.00539 8.35 0.0413456 0.0139073 0.089984 
qwerty 12 4 0 13.9365 3.75 3.04824 8.62723 0.0413456 0.0139073 0.089984 
qwerty 12 4 0 13.9365 3.93277 3.10971 9.025 0.0413456 0.0139073 0.089984 
qwerty 12 4 0 13.9365 4.24291 3.21404 9.7 0.0413456 0.0139073 0.089984 
qwerty 12 4 0 13.9365 4.55306 3.31836 10.375 0.0413456 0.0139073 0.089984 
qwerty 12 4 0 13.9365 4.86321 3.42268 11.05 0.0413456 0.0139073 0.089984 
qwerty 12 4 0 13.9365 5.17335 3.52701 11.725 0.0413456 0.0139073 0.089984 
qwerty 12 4 0 13.9365 5.4835 3.63133 12.4 0.0413456 0.0139073 0.089984 
qwerty 12 4 0 13.9365 5.79365 3.73565 13.075 0.0413456 0.0139073 0.089984 
qwerty 12 4 0 13.9365 6.1038 3.83998 13.75 0.0413456 0.0139073 0.089984 
qwerty 12 4 0 13.9365 6.25 3.88916 14.0682 0.0413456 0.0139073 0.089984 
qwerty 12 4 0 13.9365 6.41394 3.9443 14.425 0.0413456 0.0139073 0.089984 
qwerty 12 4 0 13.9365 6.72409 4.04863 15.1 0.0413456 0.0139073 0.089984 
qwerty 12 4 0 13.9365 7.03424 4.15295 15.775 0.0413456 0.0139073 0.089984 
qwerty 66 12 1.10478 6.11352 7.36118 4.56934 16.45 -0.0295622 0.0660544 0.0690137 
qwerty 66 12 0 0.475829 7.28683 4.61258 16.45 0.0404586 0.0806847 0.0430475 
qwerty 66 12 0.0100953 0.321856 7.28792 4.61655 16.4461 0.0370682 -0.0626259 -0.0685853 
qwerty 66 12 0.00860719 0.313248 7.29066 4.61277 16.443 0.0271551 -0.0673258 -0.0687738 
qwerty 66 12 0.0194528 0.293795 7.29328 4.60825 16.4393 0.0247203 -0.0664409 -0.0705303 
qwerty 66 12 0.00800825 0.285787 7.29432 4.60555 16.4349 0.0234028 -0.0686895 -0.0688045 
qwerty 66 12 0.0175101 0.268277 7.29795 4.60074 16.4293 0.0344006 -0.0799824 -0.0491876 
qwerty 66 12 0.0272623 0.241015 7.30499 4.59104 16.4265 0.0439624 -0.066699 -0.0601544 
qwerty 66 12 0.0501885 0.190826 7.3168 4.5847 16.4187 0.0761254 -0.0644978 -0.0067047 
qwerty 66 12 0.0442118 0.146615 7.3247 4.57255 16.4202 0.0111028 -0.0989054 0.0097182 
qwerty 66 12 0.0477608 0.0988538 7.32177 4.5607 16.4293 -0.0178089 -0.0958156 0.0224102 
qwerty 66 12 0.0988538 0 7.32036 4.55312 16.431 -0.0178089 -0.0958156 0.0224102 
qwerty 69 66 0 1.29305 8.09201 3.97489 15.95 0.0690663 -0.055532 -0.0463255 
qwerty 69 66 0 1.29305 8.75 3.44584 15.5087 0.0690663 -0.055532 -0.0463255 
qwerty 69 66 0 1.29305 9.09836 3.16574 15.275 0.0690663 -0.055532 -0.0463255 
qwerty 69 66 0 0.231257 10.9589 2.79862 15.6014 -0.0333226 -0.0684451 -0.0648449 
qwerty 69 66 0 0.231257 10.7911 2.45411 15.275 -0.0333226 -0.0684451 -0.0648449 
qwerty 71 69 0.411102 0 11.0295 2.80721 15.6344 0.048954 -0.0437828 -0.0754093 
qwerty 68 66 0 0.801731 7.35416 4.24847 16.45 0.0427937 0.0146499 0.0891856 
qwerty 68 66 0 0.801731 7.67804 4.35935 17.125 0.0427937 0.0146499 0.0891856 
qwerty 68 66 0 0.801731 8.00193 4.47023 17.8 0.0427937 0.0146499 0.0891856 
qwerty 68 66 0 0.434332 7.65285 5.43917 18.475 -0.0299476 0.0793273 0.0530125 
qwerty 10 4 0 0.592828 3.02412 2.81366 7 0.0385781 0.0345129 0.0855604 
qwerty 10 4 0 0.592828 3.32847 3.08593 7.675 0.0385781 0.0345129 0.0855604 
qwerty 10 4 0 0.592828 3.63282 3.35821 8.35 0.0385781 0.0345129 0.0855604 
qwerty 9 4 0 6.27246 3.04048 2.81941 7 0.0406644 0.034974 0.0843992 
qwerty 9 4 0 6.27246 3.36571 3.09913 7.675 0.0406644 0.034974 0.0843992 
qwerty 9 4 0 6.27246 3.69093 3.37884 8.35 0.0406644 0.034974 0.0843992 
qwerty 9 4 0 6.27246 4.01615 3.65855 9.025 0.0406644 0.034974 0.0843992 
qwerty 9 4 0 6.27246 4.12248 3.75 9.24569 0.0406644 0.034974 0.0843992 
qwerty 9 4 0 6.27246 4.34137 3.93826 9.7 0.0406644 0.034974 0.0843992 
qwerty 9 4 0 6.27246 4.66659 4.21797 10.375 0.0406644 0.034974 0.0843992 
qwerty 9 4 0 6.27246 4.99181 4.49768 11.05 0.0406644 0.034974 0.0843992 
qwerty 9 4 0 6.27246 5.31704 4.77739 11.725 0.0406644 0.034974 0.0843992 
qwerty 9 4 0 6.27246 5.64226 5.0571 12.4 0.0406644 0.034974 0.0843992 
qwerty 9 4 0 6.27246 5.96748 5.33682 13.075 0.0406644 0.034974 0.0843992 
qwerty 9 4 0 6.27246 6.2927 5.61653 13.75 0.0406644 0.034974 0.0843992 
qwerty 9 4 0 6.27246 6.61792 5.89624 14.425 0.0406644 0.034974 0.0843992 
qwerty 9 4 0 6.27246 6.94314 6.17595 15.1 0.0406644 0.034974 0.0843992 
qwerty 9 4 0 6.27246 7.26837 6.45566 15.775 0.0406644 0.034974 0.0843992 
qwerty 79 77 0 0.538585 6.96852 7.07686 15.9767 -0.0768913 0.0446258 0.045785 
qwerty 79 77 0 0.538585 6.1736 7.53821 16.45 -0.0768913 0.0446258 0.045785 
qwerty 84 79 0.127878 0 6.97339 7.08791 15.9745 0.0396617 0.0901158 -0.0174956 
qwerty 8 4 0 19.1705 3.02019 2.7874 7 0.0386483 0.0307705 0.0869453 
qwerty 8 4 0 19.1705 3.32024 3.02629 7.675 0.0386483 0.0307705 0.0869453 
qwerty 8 4 0 19.1705 3.62028 3.26518 8.35 0.0386483 0.0307705 0.0869453 
qwerty 8 4 0 19.1705 3.75 3.36845 8.64182 0.0386483 0.0307705 0.0869453 
qwerty 8 4 0 19.1705 3.92033 3.50406 9.025 0.0386483 0.0307705 0.0869453 
qwerty 8 4 0 19.1705 4.22038 3.74295 9.7 0.0386483 0.0307705 0.0869453 
qwerty 88 86 0 0.650935 4.30937 4.09987 9.2 0.00471877 0.0453206 -0.0890156 
qwerty 88 86 0 0.650935 4.34515 4.44354 8.525 0.00471877 0.0453206 -0.0890156 
qwerty 7 4 0 0.604232 3.08498 2.75263 7 0.0470523 0.0250327 0.0846135 
qwerty 7 4 0 0.604232 3.46033 2.95232 7.675 0.0470523 0.0250327 0.0846135 
qwerty 7 4 0 0.604232 3.83569 3.15202 8.35 0.0470523 0.0250327 0.0846135 
qwerty 7 4 0 0.523526 4.20154 3.34666 9.0079 0.00459755 0.0011219 0.099888 
qwerty 7 4 0 0.523526 4.20233 3.34685 9.025 0.00459755 0.0011219 0.099888 
qwerty 90 7 0.0807061 0 4.2064 3.34937 9.00768 0.0872337 0.0487336 -0.00391439 
qwerty 2 1 0 201.305 -0.126571 -0.117945 0.25 -0.0239228 -0.0222924 0.0945027 
qwerty 94 2 0.451261 13.28 -0.114818 0.0165302 0.605203 0.0211154 0.0528765 0.0822083 
qwerty 94 2 0.576436 12.7036 -0.0326773 0.222224 0.925 0.0144057 0.056026 0.0815694 
qwerty 87 8 0.797855 11.8273 4.47626 3.87805 10.375 0.0272007 0.0179887 0.0945332 
qwerty 87 8 0.796017 2.91253 4.65276 3.73083 9.92992 0.0512983 -0.0369219 -0.0774936 
qwerty 87 8 0.118936 2.79359 4.68911 3.70466 9.875 0.0545631 -0.040138 -0.073565 
qwerty 57 15 0.971631 3.16404 5.33435 4.32055 12.7847 0.0881624 -0.0321271 0.0345722 
qwerty 57 15 0.684582 2.47946 5.72158 4.05294 12.9054 0.0893251 -0.0389651 0.022422 
qwerty 57 15 0.628943 1.85051 6.08753 3.90605 12.9124 0.069915 -0.0691777 -0.018065 
qwerty 57 15 0.348707 1.50181 6.25 3.74529 12.8705 0.0868324 -0.0478325 0.0131219 
qwerty 57 15 0.451384 1.05042 6.52859 3.71678 12.923 0.0979894 0.00247104 -0.0197985 
qwerty 57 15 0.457686 0.592735 6.74343 3.66619 12.9682 0.0812177 0.0199051 0.0548404 
qwerty 57 15 0.301061 0.291674 6.84139 3.72812 13.0236 0.078565 0.0441276 -0.0433624 
qwerty 57 15 0.291674 0 6.87803 3.7487 13.0033 0.078565 0.0441276 -0.0433624 
qwerty 57 15 0 0 6.87803 3.7487 13.0033 0.078565 0.0441276 -0.0433624 
qwerty 5 3 0.607483 41.1576 2.65366 2.48981 6.13038 0.0381835 0.0369556 0.0847131 
qwerty 5 3 0.372291 40.7854 2.74138 2.57472 6.325 0.0428895 0.0332946 0.083976 
qwerty 5 3 1.30048 21.5047 3.27596 3.09122 7 0.0391232 0.0530997 0.0751651 
qwerty 5 3 1.2144 14.2699 3.75 3.35516 7.5984 0.0636365 0.037376 0.0674791 
qwerty 5 3 0.172187 14.0977 3.82224 3.39759 7.675 0.0623859 0.0316823 0.0714439 
qwerty 5 3 0.875955 7.79822 3.57398 3.40308 8.35 -0.0484613 0.0164528 0.0859116 
qwerty 128 5 0.0827414 0.579123 2.62391 2.51862 6.15503 -0.0368179 0.0611928 0.0699992 
qwerty 128 5 0.192876 0.386247 2.59417 2.5602 6.24033 -0.0926182 0.0373524 -0.00516335 
qwerty 128 5 0.160885 0.225362 2.54982 2.57171 6.25352 -0.0966322 -0.018376 -0.0180149 
qwerty 128 5 0.225362 0 2.51971 2.56599 6.24791 -0.0966322 -0.018376 -0.0180149 
qwerty 93 2 0.843182 171.278 -0.288799 -0.310314 0.925 -0.0208122 -0.0276488 0.0938211 
qwerty 93 2 0.106322 40.1301 -0.34201 -0.389512 1.17226 -0.0240812 -0.0306578 0.092088 
qwerty 93 2 0.407559 37.5988 -0.405659 -0.465751 1.41772 -0.0131638 -0.0262695 0.0955857 
qwerty 93 2 0.278329 37.3205 -0.430762 -0.515847 1.6 -0.01571 -0.0249279 0.0955604 
qwerty 93 2 0.777863 15.815 -0.4708 -0.664579 2.275 0.00111862 -0.0102388 0.0994682 
qwerty 93 2 1.14192 10.7376 -0.657049 -0.384243 2.95 -0.0646473 0.025748 0.0718176 
qwerty 93 2 1.34814 3.99441 -0.213192 -0.0268067 2.71662 0.0542197 0.0834965 -0.00941026 
qwerty 93 2 1.04535 2.94906 -0.0366488 0.53295 2.70492 0.0711698 0.0679781 -0.0177156 
qwerty 93 2 0.753703 2.19536 0.320749 0.752076 2.50252 0.0976241 -0.0191489 0.0101418 
qwerty 93 2 0.627716 1.56764 0.650778 0.613389 2.49024 0.078862 -0.0600356 0.0132855 
qwerty 93 2 0.420965 1.14668 0.82227 0.408554 2.56859 0.0969411 -0.0167364 0.017953 
qwerty 93 2 0.408277 0.7384 1.012 0.350231 2.67209 0.0817226 0.0573235 0.00595318 
qwerty 93 2 0.349059 0.38934 1.15223 0.416731 2.60925 0.0378248 0.0526826 -0.0761172 
qwerty 93 2 0.329791 0.0595489 1.1797 0.454987 2.55397 -0.0102966 -0.0987378 0.0120346 
qwerty 93 2 0.0595489 0 1.17936 0.451753 2.55437 -0.0102966 -0.0987378 0.0120346 
qwerty 147 93 0.442008 1.68172 -0.559307 -0.64383 1.6 -0.0852192 -0.0175313 0.0492985 
qwerty 146 93 0.112484 0.206072 -0.322191 -0.424363 1.1738 0.00649628 0.033991 -0.0938211 
qwerty 146 93 0.206072 0 -0.320438 -0.415191 1.14848 0.00649628 0.033991 -0.0938211 
qwerty 155 147 0 0.101915 -0.803962 -1.25 1.15878 -0.0295439 -0.0777131 -0.0555683 
qwerty 155 147 0 0.101915 -0.835215 -1.33221 1.1 -0.0295439 -0.0777131 -0.0555683 
qwerty 154 147 0 0.296343 -0.785973 -0.364074 1.1 -0.0353666 0.0425498 -0.083299 
qwerty 154 147 0 0.296343 -1.07256 -0.0192788 0.425 -0.0353666 0.0425498 -0.083299 
qwerty 154 147 0 0.289147 -1.30509 0.151079 -0.25 -0.0299632 0.0158507 -0.0940796 
qwerty 153 93 0 1.41582 -0.754581 0.341375 2.45 0.0102592 0.0780759 -0.0616352 
qwerty 153 93 0 1.41582 -0.642227 1.19643 1.775 0.0102592 0.0780759 -0.0616352 
qwerty 153 93 0 1.41582 -0.529873 2.05148 1.1 0.0102592 0.0780759 -0.0616352 
qwerty 153 93 0 1.41582 -0.417519 2.90653 0.425 0.0102592 0.0780759 -0.0616352 
qwerty 153 93 0 1.41582 -0.306686 3.75 -0.240862 0.0102592 0.0780759 -0.0616352 
qwerty 153 93 0 1.41582 -0.305165 3.76158 -0.25 0.0102592 0.0780759 -0.0616352 
qwerty 152 93 0 1.038 -0.560015 -0.807808 2.95 -0.010381 -0.0263233 0.0959131 
qwerty 152 93 0 1.038 -0.633073 -0.993062 3.625 -0.010381 -0.0263233 0.0959131 
qwerty 152 93 0 1.038 -0.706131 -1.17831 4.3 -0.010381 -0.0263233 0.0959131 
qwerty 152 93 0 1.038 -0.779188 -1.36357 4.975 -0.010381 -0.0263233 0.0959131 
qwerty 152 93 0 1.038 -0.852246 -1.54882 5.65 -0.010381 -0.0263233 0.0959131 
qwerty 152 93 0 1.038 -0.925303 -1.73407 6.325 -0.010381 -0.0263233 0.0959131 
qwerty 152 93 0 1.038 -0.998361 -1.91933 7 -0.010381 -0.0263233 0.0959131 
qwerty 152 93 0 1.038 -1.07142 -2.10458 7.675 -0.010381 -0.0263233 0.0959131 
qwerty 152 93 0 1.038 -1.14448 -2.28983 8.35 -0.010381 -0.0263233 0.0959131 
qwerty 152 93 0 1.038 -1.21753 -2.47509 9.025 -0.010381 -0.0263233 0.0959131 
qwerty 152 93 0 1.038 -1.29059 -2.66034 9.7 -0.010381 -0.0263233 0.0959131 
qwerty 152 93 0 0.232765 -1.358 -2.83127 10.3228 -0.0529088 0.0561605 -0.0636134 
qwerty 152 93 0 0.232765 -1.73046 -2.43592 9.875 -0.0529088 0.0561605 -0.0636134 
qwerty 158 152 0.112765 0.692464 -1.35976 -2.84155 10.3702 0.00914323 0.0349566 0.093244 
qwerty 158 152 0.00667205 0.685792 -1.35928 -2.83974 10.375 0.0193283 0.0217613 0.0956706 
qwerty 150 93 0 0.14198 -0.586994 -0.690301 2.82299 0.0858476 0.0465665 -0.0214883 
qwerty 150 93 0 0.14198 0.903142 0.117997 2.45 0.0858476 0.0465665 -0.0214883 
qwerty 161 150 0.0913524 0 -0.590703 -0.691924 2.82859 -0.0536984 -0.0234958 0.0810211 
qwerty 149 93 0 0.667122 -0.432399 -0.892528 2.275 0.00095023 -0.0515087 0.0857085 
qwerty 149 93 0 0.667122 -0.425805 -1.25 2.86982 0.00095023 -0.0515087 0.0857085 
qwerty 149 93 0 0.667122 -0.424916 -1.29819 2.95 0.00095023 -0.0515087 0.0857085 
qwerty 149 93 0 0.667122 -0.417432 -1.70385 3.625 0.00095023 -0.0515087 0.0857085 
qwerty 149 93 0 0.667122 -0.409949 -2.1095 4.3 0.00095023 -0.0515087 0.0857085 
qwerty 149 93 0 0.667122 -0.402465 -2.51516 4.975 0.00095023 -0.0515087 0.0857085 
qwerty 149 93 0 0.667122 -0.394982 -2.92082 5.65 0.00095023 -0.0515087 0.0857085 
qwerty 149 93 0 0.667122 -0.387498 -3.32648 6.325 0.00095023 -0.0515087 0.0857085 
qwerty 149 93 0 0.667122 -0.380014 -3.73214 7 0.00095023 -0.0515087 0.0857085 
qwerty 149 93 0 0.574072 -0.24611 -3.87582 7.675 0.0246881 -0.00904042 0.096482 
qwerty 149 93 0 0.574072 -0.0733885 -3.93907 8.35 0.0246881 -0.00904042 0.096482 
qwerty 149 93 0 0.574072 0.0993327 -4.00232 9.025 0.0246881 -0.00904042 0.096482 
qwerty 149 93 0 0.574072 0.272054 -4.06557 9.7 0.0246881 -0.00904042 0.096482 
qwerty 149 93 0 0.574072 0.444775 -4.12881 10.375 0.0246881 -0.00904042 0.096482 
qwerty 149 93 0 0.574072 0.617496 -4.19206 11.05 0.0246881 -0.00904042 0.096482 
qwerty 149 93 0 0.574072 0.790218 -4.25531 11.725 0.0246881 -0.00904042 0.096482 
qwerty 149 93 0 0.574072 0.962939 -4.31856 12.4 0.0246881 -0.00904042 0.096482 
qwerty 149 93 0 0.574072 1.13566 -4.38181 13.075 0.0246881 -0.00904042 0.096482 
qwerty 148 93 0 16.879 -0.423826 -0.804044 2.275 0.00254076 -0.0404139 0.0914345 
qwerty 148 93 0 16.879 -0.405069 -1.10239 2.95 0.00254076 -0.0404139 0.0914345 
qwerty 148 93 0 16.879 -0.386312 -1.40074 3.625 0.00254076 -0.0404139 0.0914345 
qwerty 148 93 0 16.879 -0.367556 -1.69909 4.3 0.00254076 -0.0404139 0.0914345 
qwerty 148 93 0 16.879 -0.348799 -1.99744 4.975 0.00254076 -0.0404139 0.0914345 
qwerty 148 93 0 16.879 -0.330042 -2.29579 5.65 0.00254076 -0.0404139 0.0914345 
qwerty 148 93 0 16.879 -0.311285 -2.59414 6.325 0.00254076 -0.0404139 0.0914345 
qwerty 168 148 0 0.548261 -0.705485 -2.72559 5.825 -0.0591063 -0.0179981 -0.078629 
qwerty 168 148 0 0.548261 -1.21289 -2.8801 5.15 -0.0591063 -0.0179981 -0.078629 
qwerty 168 148 0 0.548261 -1.71847 -3.04535 4.475 -0.0587558 -0.0195564 -0.0785195 
qwerty 168 148 0 0.548261 -2.22357 -3.21346 3.8 -0.0587558 -0.0195564 -0.0785195 
qwerty 168 148 0 0.548261 -2.72867 -3.38158 3.125 -0.0587558 -0.0195564 -0.0785195 
qwerty 166 148 0 0.233311 0.0951647 -3.10933 5.825 0.0678373 -0.0436384 -0.0591084 
qwerty 166 148 0 0.218745 0.731482 -3.51866 5.27056 0.0490962 -0.00142735 -0.0871064 
qwerty 166 148 0 0.218745 0.799434 -3.52063 5.15 0.0490962 -0.00142735 -0.0871064 
qwerty 173 166 0.0145661 0 0.731592 -3.51887 5.27067 0.0414045 -0.080317 0.0428352 
qwerty 165 148 0 14.6295 -0.333827 -2.30072 7 -0.00323794 0.0424309 0.0904938 
qwerty 165 148 0 14.6295 -0.357979 -1.98423 7.675 -0.00323794 0.0424309 0.0904938 
qwerty 165 148 0 14.6295 -0.382131 -1.66773 8.35 -0.00323794 0.0424309 0.0904938 
qwerty 165 148 0 14.6295 -0.406283 -1.35124 9.025 -0.00323794 0.0424309 0.0904938 
qwerty 165 148 0 14.6295 -0.414008 -1.25 9.24091 -0.00323794 0.0424309 0.0904938 
qwerty 165 148 0 14.6295 -0.430435 -1.03474 9.7 -0.00323794 0.0424309 0.0904938 
qwerty 165 148 0 14.6295 -0.454587 -0.718248 10.375 -0.00323794 0.0424309 0.0904938 
qwerty 165 148 0 14.6295 -0.478739 -0.401752 11.05 -0.00323794 0.0424309 0.0904938 
qwerty 165 148 0 14.6295 -0.502891 -0.0852568 11.725 -0.00323794 0.0424309 0.0904938 
qwerty 165 148 0 14.6295 -0.527043 0.231239 12.4 -0.00323794 0.0424309 0.0904938 
qwerty 165 148 0 14.6295 -0.551195 0.547734 13.075 -0.00323794 0.0424309 0.0904938 
qwerty 165 148 0 14.6295 -0.575347 0.864229 13.75 -0.00323794 0.0424309 0.0904938 
qwerty 165 148 0 14.6295 -0.599499 1.18072 14.425 -0.00323794 0.0424309 0.0904938 
qwerty 165 148 0 14.6295 -0.623651 1.49722 15.1 -0.00323794 0.0424309 0.0904938 
qwerty 165 148 0 14.6295 -0.647803 1.81372 15.775 -0.00323794 0.0424309 0.0904938 
qwerty 165 148 0 14.6295 -0.671955 2.13021 16.45 -0.00323794 0.0424309 0.0904938 
qwerty 145 93 0 10.1187 -0.418442 -0.553561 1.6 -0.0174037 -0.0347862 0.0921251 
qwerty 145 93 0 10.1187 -0.545959 -0.808439 2.275 -0.0174037 -0.0347862 0.0921251 
qwerty 145 93 0 10.1187 -0.673475 -1.06332 2.95 -0.0174037 -0.0347862 0.0921251 
qwerty 145 93 0 10.1187 -0.800991 -1.3182 3.625 -0.0174037 -0.0347862 0.0921251 
qwerty 145 93 0 10.1187 -0.928508 -1.57307 4.3 -0.0174037 -0.0347862 0.0921251 
qwerty 145 93 0 10.1187 -1.05602 -1.82795 4.975 -0.0174037 -0.0347862 0.0921251 
qwerty 145 93 0 10.1187 -1.18354 -2.08283 5.65 -0.0174037 -0.0347862 0.0921251 
qwerty 145 93 0 10.1187 -1.25 -2.21567 6.0018 -0.0174037 -0.0347862 0.0921251 
qwerty 145 93 0 10.1187 -1.31106 -2.33771 6.325 -0.0174037 -0.0347862 0.0921251 
qwerty 145 93 0 10.1187 -1.43857 -2.59258 7 -0.0174037 -0.0347862 0.0921251 
qwerty 145 93 0 10.1187 -1.56609 -2.84746 7.675 -0.0174037 -0.0347862 0.0921251 
qwerty 145 93 0 10.1187 -1.69361 -3.10234 8.35 -0.0174037 -0.0347862 0.0921251 
qwerty 145 93 0 10.1187 -1.82112 -3.35722 9.025 -0.0174037 -0.0347862 0.0921251 
qwerty 145 93 0 10.1187 -1.94864 -3.6121 9.7 -0.0174037 -0.0347862 0.0921251 
qwerty 145 93 0 10.1187 -2.07616 -3.86697 10.375 -0.0174037 -0.0347862 0.0921251 
qwerty 145 93 0 10.1187 -2.20367 -4.12185 11.05 -0.0174037 -0.0347862 0.0921251 
qwerty 145 93 0 10.1187 -2.33119 -4.37673 11.725 -0.0174037 -0.0347862 0.0921251 
qwerty 145 93 0 10.1187 -2.4587 -4.63161 12.4 -0.0174037 -0.0347862 0.0921251 
qwerty 145 93 0 10.1187 -2.58622 -4.88649 13.075 -0.0174037 -0.0347862 0.0921251 
qwerty 145 93 0 10.1187 -2.71374 -5.14136 13.75 -0.0174037 -0.0347862 0.0921251 
qwerty 145 93 0 10.1187 -2.84125 -5.39624 14.425 -0.0174037 -0.0347862 0.0921251 
qwerty 145 93 0 10.1187 -2.96877 -5.65112 15.1 -0.0174037 -0.0347862 0.0921251 
qwerty 145 93 0 10.1187 -3.09629 -5.906 15.775 -0.0174037 -0.0347862 0.0921251 
qwerty 145 93 0 10.1187 -3.2238 -6.16088 16.45 -0.0174037 -0.0347862 0.0921251 
qwerty 145 93 0 10.1187 -3.35132 -6.41575 17.125 -0.0174037 -0.0347862 0.0921251 
qwerty 145 93 0 10.1187 -3.47884 -6.67063 17.8 -0.0174037 -0.0347862 0.0921251 
qwerty 145 93 0 10.1187 -3.60635 -6.92551 18.475 -0.0174037 -0.0347862 0.0921251 
qwerty 145 93 0 10.1187 -3.73387 -7.18039 19.15 -0.0174037 -0.0347862 0.0921251 
qwerty 179 177 0 0.52975 -4.25957 -8.16983 19.825 -0.0450854 -0.0726166 0.0519051 
qwerty 179 177 0 0.52975 -4.61978 -8.75 20.2397 -0.0450854 -0.0726166 0.0519051 
qwerty 179 177 0 0.52975 -4.84588 -9.11417 20.5 -0.0450854 -0.0726166 0.0519051 
qwerty 179 177 0 0.52975 -5.43219 -10.0585 21.175 -0.0450854 -0.0726166 0.0519051 
qwerty 179 177 0 0.52975 -6.01851 -11.0029 21.85 -0.0450854 -0.0726166 0.0519051 
qwerty 144 93 0 4.94485 -0.413509 -0.537157 1.6 -0.0163944 -0.0321593 0.0932577 
qwerty 144 93 0 4.94485 -0.532172 -0.769926 2.275 -0.0163944 -0.0321593 0.0932577 
qwerty 144 93 0 4.94485 -0.650835 -1.0027 2.95 -0.0163944 -0.0321593 0.0932577 
qwerty 144 93 0 4.94485 -0.769498 -1.23547 3.625 -0.0163944 -0.0321593 0.0932577 
qwerty 144 93 0 4.94485 -0.888161 -1.46823 4.3 -0.0163944 -0.0321593 0.0932577 
qwerty 144 93 0 4.94485 -1.00682 -1.701 4.975 -0.0163944 -0.0321593 0.0932577 
qwerty 144 93 0 4.94485 -1.12549 -1.93377 5.65 -0.0163944 -0.0321593 0.0932577 
qwerty 144 93 0 4.94485 -1.24415 -2.16654 6.325 -0.0163944 -0.0321593 0.0932577 
qwerty 144 93 0 4.94485 -1.36281 -2.39931 7 -0.0163944 -0.0321593 0.0932577 
qwerty 144 93 0 4.94485 -1.48147 -2.63208 7.675 -0.0163944 -0.0321593 0.0932577 
qwerty 144 93 0 4.94485 -1.60014 -2.86485 8.35 -0.0163944 -0.0321593 0.0932577 
qwerty 144 93 0 4.94485 -1.7188 -3.09762 9.025 -0.0163944 -0.0321593 0.0932577 
qwerty 144 93 0 4.94485 -1.83746 -3.33039 9.7 -0.0163944 -0.0321593 0.0932577 
qwerty 144 93 0 4.94485 -1.95613 -3.56316 10.375 -0.0163944 -0.0321593 0.0932577 
qwerty 144 93 0 2.24636 -2.02075 -3.68992 10.7426 0.0306666 -0.0157987 0.0938614 
qwerty 144 93 0 2.24636 -1.92031 -3.74167 11.05 0.0306666 -0.0157987 0.0938614 
qwerty 144 93 0 2.24636 -1.69978 -3.85528 11.725 0.0306666 -0.0157987 0.0938614 
qwerty 144 93 0 2.24636 -1.47924 -3.9689 12.4 0.0306666 -0.0157987 0.0938614 
qwerty 144 93 0 2.24636 -1.2587 -4.08251 13.075 0.0306666 -0.0157987 0.0938614 
qwerty 144 93 0 2.24636 -1.03816 -4.19613 13.75 0.0306666 -0.0157987 0.0938614 
qwerty 183 144 0.243346 2.45514 -2.09368 -3.75 10.8643 -0.0535778 -0.0359105 0.0764189 
qwerty 183 144 0.481769 1.97337 -2.22385 -3.83725 11.05 -0.0464662 -0.0316865 0.0826853 
qwerty 183 144 0.217568 1.0575 -2.30715 -3.8063 10.9707 -0.0850566 0.0420256 -0.0316106 
qwerty 183 144 0.281176 0.776321 -2.42109 -3.75 10.9283 -0.0896205 0.0132686 -0.0423333 
qwerty 183 144 0.193759 0.582562 -2.46345 -3.74963 10.9102 -0.0585412 -0.0348047 -0.0732226 
qwerty 183 144 0.000629123 0.581933 -2.46406 -3.75 10.9095 -0.065314 -0.0272772 -0.0706402 
qwerty 183 144 0.20967 0.372264 -2.47458 -3.75588 10.8922 -0.0217401 -0.0783124 -0.0582627 
qwerty 183 144 0.0387344 0.333529 -2.47654 -3.77709 10.8857 0.0188297 -0.0879204 -0.0437658 
qwerty 183 144 0.0427221 0.290807 -2.47625 -3.79213 10.8707 0.0225165 -0.0758901 -0.061104 
qwerty 183 144 0.0426911 0.248116 -2.46829 -3.8014 10.8551 0.0208523 -0.0417701 -0.0884332 
qwerty 183 144 0.0688425 0.179274 -2.46225 -3.81902 10.839 0.0794704 -0.0606758 -0.00170659 
qwerty 183 144 0.179274 0 -2.44515 -3.83207 10.8387 0.0794704 -0.0606758 -0.00170659 
qwerty 186 183 0.0649085 0.221649 -2.31084 -3.82741 10.946 0.030047 -0.0133562 -0.0944394 
qwerty 186 183 0.221649 0 -2.30172 -3.83146 10.9174 0.030047 -0.0133562 -0.0944394 
qwerty 143 93 0 113.3 -0.422469 -0.479531 1.6 -0.0187776 -0.0236226 0.0953382 
qwerty 143 93 0 113.3 -0.555415 -0.64678 2.275 -0.0187776 -0.0236226 0.0953382 
qwerty 143 93 0 113.3 -0.688362 -0.814029 2.95 -0.0187776 -0.0236226 0.0953382 
qwerty 143 93 0 113.3 -0.821309 -0.981278 3.625 -0.0187776 -0.0236226 0.0953382 
qwerty 143 93 0 113.3 -0.954255 -1.14853 4.3 -0.0187776 -0.0236226 0.0953382 
qwerty 143 93 0 113.3 -1.0872 -1.31578 4.975 -0.0187776 -0.0236226 0.0953382 
qwerty 143 93 0 113.3 -1.22015 -1.48302 5.65 -0.0187776 -0.0236226 0.0953382 
qwerty 143 93 0 113.3 -1.3531 -1.65027 6.325 -0.0187776 -0.0236226 0.0953382 
qwerty 143 93 0 113.3 -1.48604 -1.81752 7 -0.0187776 -0.0236226 0.0953382 
qwerty 142 93 0 0.315436 -0.25347 -0.261286 0.763783 -0.0984257 -0.0140686 0.0106984 
qwerty 142 93 0 0.315436 -1.25 -0.403725 0.8721 -0.0984257 -0.0140686 0.0106984 
qwerty 142 93 0 0.315436 -1.73668 -0.47329 0.925 -0.0984257 -0.0140686 0.0106984 
qwerty 142 93 0 0.258149 -2.54488 -1.39757 0.425 -0.0591896 -0.0706607 -0.038777 
qwerty 141 93 0 0.986074 -0.287187 -0.306189 0.925 -0.0222844 -0.0268746 0.0937079 
qwerty 141 93 0 0.986074 -0.447707 -0.499773 1.6 -0.0222844 -0.0268746 0.0937079 
qwerty 141 93 0 0.986074 -0.608227 -0.693357 2.275 -0.0222844 -0.0268746 0.0937079 
qwerty 141 93 0 0.986074 -0.768747 -0.88694 2.95 -0.0222844 -0.0268746 0.0937079 
qwerty 141 93 0 0.986074 -0.929267 -1.08052 3.625 -0.0222844 -0.0268746 0.0937079 
qwerty 141 93 0 0.986074 -1.0698 -1.25 4.21594 -0.0222844 -0.0268746 0.0937079 
qwerty 141 93 0 0.986074 -1.08979 -1.27411 4.3 -0.0222844 -0.0268746 0.0937079 
qwerty 141 93 0 0.986074 -1.25 -1.46732 4.97371 -0.0222844 -0.0268746 0.0937079 
qwerty 141 93 0 0.986074 -1.25031 -1.46769 4.975 -0.0222844 -0.0268746 0.0937079 
qwerty 141 93 0 0.986074 -1.41083 -1.66128 5.65 -0.0222844 -0.0268746 0.0937079 
qwerty 141 93 0 0.986074 -1.57135 -1.85486 6.325 -0.0222844 -0.0268746 0.0937079 
qwerty 141 93 0 0.986074 -1.73187 -2.04844 7 -0.0222844 -0.0268746 0.0937079 
qwerty 141 93 0 0.986074 -1.89239 -2.24203 7.675 -0.0222844 -0.0268746 0.0937079 
qwerty 141 93 0 0.986074 -2.05291 -2.43561 8.35 -0.0222844 -0.0268746 0.0937079 
qwerty 141 93 0 0.986074 -2.21343 -2.6292 9.025 -0.0222844 -0.0268746 0.0937079 
qwerty 141 93 0 0.986074 -2.37395 -2.82278 9.7 -0.0222844 -0.0268746 0.0937079 
qwerty 141 93 0 0.986074 -2.53447 -3.01636 10.375 -0.0222844 -0.0268746 0.0937079 
qwerty 141 93 0 0.986074 -2.69499 -3.20995 11.05 -0.0222844 -0.0268746 0.0937079 
qwerty 141 93 0 0.986074 -2.85551 -3.40353 11.725 -0.0222844 -0.0268746 0.0937079 
qwerty 141 93 0 0.986074 -3.01603 -3.59711 12.4 -0.0222844 -0.0268746 0.0937079 
qwerty 141 93 0 0.986074 -3.17655 -3.7907 13.075 -0.0222844 -0.0268746 0.0937079 
qwerty 141 93 0 0.419062 -3.26481 -3.89714 13.4461 0.0547299 0.057026 0.0612591 
qwerty 141 93 0 0.419062 -3.1236 -3.75 13.6042 0.0547299 0.057026 0.0612591 
qwerty 141 93 0 0.419062 -2.99335 -3.61429 13.75 0.0547299 0.057026 0.0612591 
qwerty 141 93 0 0.419062 -2.39029 -2.98593 14.425 0.0547299 0.057026 0.0612591 
qwerty 139 93 0 4.59748 -0.290368 -0.28628 0.925 -0.0228194 -0.0236661 0.0944415 
qwerty 139 93 0 4.59748 -0.453465 -0.455429 1.6 -0.0228194 -0.0236661 0.0944415 
qwerty 139 93 0 4.59748 -0.616562 -0.624578 2.275 -0.0228194 -0.0236661 0.0944415 
qwerty 139 93 0 4.59748 -0.779658 -0.793726 2.95 -0.0228194 -0.0236661 0.0944415 
qwerty 139 93 0 4.59748 -0.942755 -0.962875 3.625 -0.0228194 -0.0236661 0.0944415 
qwerty 139 93 0 4.59748 -1.10585 -1.13202 4.3 -0.0228194 -0.0236661 0.0944415 
qwerty 139 93 0 4.59748 -1.25 -1.28152 4.89658 -0.0228194 -0.0236661 0.0944415 
qwerty 139 93 0 4.59748 -1.26895 -1.30117 4.975 -0.0228194 -0.0236661 0.0944415 
qwerty 139 93 0 4.59748 -1.43205 -1.47032 5.65 -0.0228194 -0.0236661 0.0944415 
qwerty 139 93 0 4.59748 -1.59514 -1.63947 6.325 -0.0228194 -0.0236661 0.0944415 
qwerty 139 93 0 4.59748 -1.75824 -1.80862 7 -0.0228194 -0.0236661 0.0944415 
qwerty 139 93 0 4.59748 -1.92134 -1.97777 7.675 -0.0228194 -0.0236661 0.0944415 
qwerty 139 93 0 4.59748 -2.08443 -2.14692 8.35 -0.0228194 -0.0236661 0.0944415 
qwerty 139 93 0 4.59748 -2.24753 -2.31606 9.025 -0.0228194 -0.0236661 0.0944415 
qwerty 139 93 0 4.59748 -2.41063 -2.48521 9.7 -0.0228194 -0.0236661 0.0944415 
qwerty 139 93 0 4.59748 -2.57372 -2.65436 10.375 -0.0228194 -0.0236661 0.0944415 
qwerty 139 93 0 4.59748 -2.73682 -2.82351 11.05 -0.0228194 -0.0236661 0.0944415 
qwerty 139 93 0 4.59748 -2.89992 -2.99266 11.725 -0.0228194 -0.0236661 0.0944415 
qwerty 138 128 0 0.119396 2.67702 2.56516 6.325 0.0288534 0.0252836 0.0923483 
qwerty 137 5 0 0.510999 2.8961 3.25505 7.85 -0.0658716 -0.0364384 -0.0658269 
qwerty 136 5 0 0.510999 3.75 3.7274 8.70332 0.0658716 0.0364384 0.0658269 
qwerty 136 5 0 0.510999 4.0719 3.90547 9.025 0.0658716 0.0364384 0.0658269 
qwerty 136 5 0 0.510999 4.74736 4.27911 9.7 0.0658716 0.0364384 0.0658269 
qwerty 136 5 0 0.510999 5.42281 4.65276 10.375 0.0658716 0.0364384 0.0658269 
qwerty 136 5 0 0.510999 6.09827 5.0264 11.05 0.0658716 0.0364384 0.0658269 
qwerty 136 5 0 0.510999 6.77373 5.40005 11.725 0.0658716 0.0364384 0.0658269 
qwerty 135 5 0 0.264828 3.41291 3.82521 9.025 -0.00818217 0.0386111 0.0918816 
qwerty 135 5 0 0.264828 3.3528 4.10887 9.7 -0.00818217 0.0386111 0.0918816 
qwerty 133 5 0 0.877603 2.87312 3.56175 9.025 -0.071352 0.0155612 0.0683135 
qwerty 133 5 0 0.877603 2.16809 3.71551 9.7 -0.071352 0.0155612 0.0683135 
qwerty 133 5 0 0.79434 1.78978 3.87601 10.375 -0.0429046 0.0210187 0.0878488 
qwerty 133 5 0 0.79434 1.46012 4.03751 11.05 -0.0429046 0.0210187 0.0878488 
qwerty 133 5 0 0.220253 1.45292 4.29861 10.55 -0.00120518 0.0462014 -0.0886791 
qwerty 133 5 0 0.220253 1.44375 4.65028 9.875 -0.00120518 0.0462014 -0.0886791 
qwerty 132 5 0 0.681021 3.90551 3.75 8.07045 0.0015617 0.0633484 0.0773598 
qwerty 132 5 0 0.681021 3.91115 3.97892 8.35 0.0015617 0.0633484 0.0773598 
qwerty 132 5 0 0.681021 3.92478 4.53166 9.025 0.0015617 0.0633484 0.0773598 
qwerty 132 5 0 0.449229 4.33325 4.61083 9.7 0.0591852 -0.00307869 0.0805459 
qwerty 131 5 0 3.23179 3.60574 3.23422 7.675 0.0411 0.0158734 0.089771 
qwerty 131 5 0 2.94642 3.81415 3.28049 8.35 0.0282526 0.00561021 0.0957618 
qwerty 131 5 0 2.94642 4.0133 3.32004 9.025 0.0282526 0.00561021 0.0957618 
qwerty 131 5 0 2.94642 4.21244 3.35958 9.7 0.0282526 0.00561021 0.0957618 
qwerty 131 5 0 2.94642 4.41159 3.39913 10.375 0.0282526 0.00561021 0.0957618 
qwerty 131 5 0 2.94642 4.61073 3.43867 11.05 0.0282526 0.00561021 0.0957618 
qwerty 131 5 0 2.94642 4.80988 3.47822 11.725 0.0282526 0.00561021 0.0957618 
qwerty 131 5 0 2.94642 5.00902 3.51776 12.4 0.0282526 0.00561021 0.0957618 
qwerty 131 5 0 2.94642 5.20817 3.55731 13.075 0.0282526 0.00561021 0.0957618 
qwerty 131 5 0 2.94642 5.40731 3.59685 13.75 0.0282526 0.00561021 0.0957618 
qwerty 131 5 0 2.94642 5.60646 3.6364 14.425 0.0282526 0.00561021 0.0957618 
qwerty 131 5 0 2.94642 5.8056 3.67594 15.1 0.0282526 0.00561021 0.0957618 
qwerty 131 5 0 2.94642 6.00475 3.71549 15.775 0.0282526 0.00561021 0.0957618 
qwerty 131 5 0 0.309403 3.2478 5.82426 16.45 -0.0806974 0.057345 0.0141236 
qwerty 130 5 0 13.5559 3.31393 2.99635 7 0.0601148 0.0440852 0.0666536 
qwerty 130 5 0 13.5559 3.75 3.31614 7.4835 0.0601148 0.0440852 0.0666536 
qwerty 130 5 0 13.5559 3.92271 3.4428 7.675 0.0601148 0.0440852 0.0666536 
qwerty 125 57 0 0.510999 6.84067 3.7235 13.075 -0.0441345 -0.029771 0.0846513 
qwerty 124 57 0 0.510999 7.10136 3.89934 12.575 0.0441345 0.029771 -0.0846513 
qwerty 121 60 0 0.510999 6.96076 4.57755 15.775 -0.0420614 0.0344058 0.0839468 
qwerty 121 60 0 0.475619 6.70436 4.78728 16.2867 -0.0101294 0.0178468 0.0978718 
qwerty 121 60 0 0.475619 6.68746 4.81706 16.45 -0.0101294 0.0178468 0.0978718 
qwerty 119 67 0 0.510999 7.42973 3.75 16.0874 0.0591665 -0.0716232 0.037006 
qwerty 119 67 0 0.510999 8.00954 3.04812 16.45 0.0591665 -0.0716232 0.037006 
qwerty 119 67 0 0.318852 7.6992 2.40937 17.125 -0.0513365 -0.0499874 0.0697554 
qwerty 118 67 0 0.510999 6.25 5.1781 15.3495 -0.0591665 0.0716232 -0.037006 
qwerty 118 67 0 0.510999 6.1309 5.32227 15.275 -0.0591665 0.0716232 -0.037006 
qwerty 118 67 0 0.414001 5.54749 5.61997 14.6 -0.0593738 0.017252 -0.0785946 
qwerty 117 78 0 0.510999 7.70046 7.55596 15.275 0.0325221 0.0848738 -0.0416984 
qwerty 116 78 0 0.510999 6.78404 5.16433 16.45 -0.0325221 -0.0848738 0.0416984 
qwerty 116 78 0 0.510999 6.25758 3.79042 17.125 -0.0325221 -0.0848738 0.0416984 
qwerty 115 87 0 0.510999 4.81545 4.65627 10.375 0.00975213 0.0879048 0.0466653 
qwerty 114 87 0 0.510999 4.5699 2.44289 9.2 -0.00975213 -0.0879048 -0.0466653 
qwerty 114 87 0 0.510999 4.42884 1.17137 8.525 -0.00975213 -0.0879048 -0.0466653 
qwerty 113 87 0 2.83223 3.00931 6.25 10.6743 -0.0557231 0.0826228 0.00827112 
qwerty 113 87 0 2.83223 1.32324 8.75 10.9246 -0.0557231 0.0826228 0.00827112 
qwerty 113 87 0 2.83223 0.4781 10.0031 11.05 -0.0557231 0.0826228 0.00827112 
qwerty 113 87 0 2.83223 -1.25 12.5655 11.3065 -0.0557231 0.0826228 0.00827112 
qwerty 113 87 0 2.83223 -3.75 16.2723 11.6776 -0.0557231 0.0826228 0.00827112 
qwerty 113 87 0 2.83223 -4.06942 16.7459 11.725 -0.0557231 0.0826228 0.00827112 
qwerty 111 87 0 0.890403 5.47808 4.70046 11.05 0.0708918 0.0546828 0.0445438 
qwerty 111 87 0 0.890403 6.25 5.29589 11.535 0.0708918 0.0546828 0.0445438 
qwerty 111 87 0 0.890403 6.55234 5.5291 11.725 0.0708918 0.0546828 0.0445438 
qwerty 109 87 0 0.399481 4.44626 4.18963 11.05 -0.00507483 0.0417788 0.0907126 
qwerty 109 87 0 0.375334 4.09131 4.6738 11.725 -0.040105 0.0537937 0.0741473 
qwerty 109 87 0 0.375334 3.72622 5.16351 12.4 -0.040105 0.0537937 0.0741473 
qwerty 108 87 0 0.694612 4.54642 4.01277 10.375 0.041799 0.0363992 0.0832343 
qwerty 108 87 0 0.694612 4.8854 4.30795 11.05 0.041799 0.0363992 0.0832343 
qwerty 108 87 0 0.655073 5.43187 4.88498 11.725 0.0527928 0.0560994 0.0637634 
qwerty 107 94 0 0.510999 -0.381636 0.615287 0.425 -0.0457035 0.0243126 -0.0855575 
qwerty 107 94 0 0.510999 -0.742211 0.8071 -0.25 -0.0457035 0.0243126 -0.0855575 
qwerty 106 94 0 0.510999 0.246031 0.281391 1.6 0.0457035 -0.0243126 0.0855575 
qwerty 106 94 0 0.510999 0.606606 0.0895782 2.275 0.0457035 -0.0243126 0.0855575 
qwerty 106 94 0 0.510999 0.967181 -0.102235 2.95 0.0457035 -0.0243126 0.0855575 
qwerty 106 94 0 0.510999 1.25 -0.252684 3.47944 0.0457035 -0.0243126 0.0855575 
qwerty 106 94 0 0.2191 1.29376 -0.275961 3.56135 0.0338647 -0.0586352 -0.0735873 
qwerty 106 94 0 0.135027 1.39954 -0.459117 3.33149 -0.0663539 0.0704364 -0.0252165 
qwerty 106 94 0 0.135027 1.25 -0.300378 3.27466 -0.0663539 0.0704364 -0.0252165 
qwerty 106 94 0 0.135027 0.856179 0.117674 3.125 -0.0663539 0.0704364 -0.0252165 
qwerty 105 94 0 0.522329 -2.17524 1.25 1.21002 -0.093191 0.0356383 0.00673446 
qwerty 105 94 0 0.280343 -5.73579 2.61163 1.46732 -0.0502062 -0.086098 -0.0081528 
qwerty 105 94 0 0.280343 -6.5298 1.25 1.33839 -0.0502062 -0.086098 -0.0081528 
qwerty 105 94 0 0.252155 -6.88738 0.63679 1.28032 0.000181611 -0.0881071 -0.0472981 
qwerty 105 94 0 0.252155 -6.88669 0.300887 1.1 0.000181611 -0.0881071 -0.0472981 
qwerty 104 94 0 0.248904 -0.491623 0.334759 1.6 -0.06576 -0.0150018 0.073828 
qwerty 103 94 0 0.432174 -0.468811 -0.21817 0.425 -0.0473755 -0.0617582 -0.0627813 
qwerty 99 94 0 2.78349 -0.611156 1.01552 1.6 -0.0511318 0.0645924 0.0566864 
qwerty 99 94 0 2.78349 -1.22001 1.78467 2.275 -0.0511318 0.0645924 0.0566864 
qwerty 99 94 0 2.78349 -1.82887 2.55381 2.95 -0.0511318 0.0645924 0.0566864 
qwerty 99 94 0 2.78349 -2.43773 3.32295 3.625 -0.0511318 0.0645924 0.0566864 
qwerty 99 94 0 2.78349 -2.77579 3.75 3.99978 -0.0511318 0.0645924 0.0566864 
qwerty 99 94 0 2.78349 -3.04659 4.09209 4.3 -0.0511318 0.0645924 0.0566864 
qwerty 99 94 0 2.78349 -3.65545 4.86123 4.975 -0.0511318 0.0645924 0.0566864 
qwerty 99 94 0 0.316849 -3.81464 5.06234 5.15149 0.0419667 0.038794 -0.0820599 
qwerty 99 94 0 0.316849 -3.81388 5.06305 5.15 0.0419667 0.038794 -0.0820599 
qwerty 98 94 0 0.0177578 -0.0363233 0.218126 0.925 0.0203302 0.0522135 0.0828278 
qwerty 97 94 0 0.404421 -0.0837131 0.0656358 0.925 0.012958 0.0304923 0.0943521 
qwerty 96 94 0 0.129726 -0.142637 -0.0891482 0.494591 -0.0351586 0.0714479 0.0604903 
qwerty 96 94 0 0.118716 -0.345194 0.322479 0.84309 0.0162208 0.014134 0.0976581 
qwerty 96 94 0 0.118716 -0.331589 0.334334 0.925 0.0162208 0.014134 0.0976581 
qwerty 95 94 0 3.14723 -0.206899 -0.147176 0.925 -0.0104434 -0.00354515 0.09939 
qwerty 95 94 0 3.14723 -0.277824 -0.171253 1.6 -0.0104434 -0.00354515 0.09939 
qwerty 95 94 0 3.14723 -0.348749 -0.19533 2.275 -0.0104434 -0.00354515 0.09939 
qwerty 95 94 0 3.14723 -0.419675 -0.219406 2.95 -0.0104434 -0.00354515 0.09939 
qwerty 95 94 0 3.14723 -0.4906 -0.243483 3.625 -0.0104434 -0.00354515 0.09939 
qwerty 95 94 0 3.14723 -0.561525 -0.267559 4.3 -0.0104434 -0.00354515 0.09939 
qwerty 95 94 0 3.14723 -0.632451 -0.291636 4.975 -0.0104434 -0.00354515 0.09939 
qwerty 95 94 0 3.14723 -0.703376 -0.315713 5.65 -0.0104434 -0.00354515 0.09939 
qwerty 95 94 0 3.14723 -0.774301 -0.339789 6.325 -0.0104434 -0.00354515 0.09939 
qwerty 95 94 0 3.14723 -0.845226 -0.363866 7 -0.0104434 -0.00354515 0.09939 
qwerty 95 94 0 3.14723 -0.916152 -0.387943 7.675 -0.0104434 -0.00354515 0.09939 
qwerty 95 94 0 3.14723 -0.987077 -0.412019 8.35 -0.0104434 -0.00354515 0.09939 
qwerty 95 94 0 3.14723 -1.058 -0.436096 9.025 -0.0104434 -0.00354515 0.09939 
qwerty 95 94 0 3.14723 -1.12893 -0.460172 9.7 -0.0104434 -0.00354515 0.09939 
qwerty 95 94 0 3.14723 -1.19985 -0.484249 10.375 -0.0104434 -0.00354515 0.09939 
qwerty 95 94 0 3.14723 -1.27078 -0.508326 11.05 -0.0104434 -0.00354515 0.09939 
qwerty 95 94 0 3.14723 -1.3417 -0.532402 11.725 -0.0104434 -0.00354515 0.09939 
qwerty 95 94 0 3.14723 -1.41263 -0.556479 12.4 -0.0104434 -0.00354515 0.09939 
qwerty 95 94 0 3.14723 -1.48355 -0.580556 13.075 -0.0104434 -0.00354515 0.09939 
qwerty 95 94 0 3.14723 -1.55448 -0.604632 13.75 -0.0104434 -0.00354515 0.09939 
qwerty 95 94 0 3.14723 -1.6254 -0.628709 14.425 -0.0104434 -0.00354515 0.09939 
qwerty 95 94 0 3.14723 -1.69633 -0.652785 15.1 -0.0104434 -0.00354515 0.09939 
qwerty 95 94 0 3.14723 -1.76725 -0.676862 15.775 -0.0104434 -0.00354515 0.09939 
qwerty 95 94 0 3.14723 -1.83818 -0.700939 16.45 -0.0104434 -0.00354515 0.09939 
qwerty 95 94 0 3.14723 -1.90911 -0.725015 17.125 -0.0104434 -0.00354515 0.09939 
qwerty 95 94 0 3.14723 -1.98003 -0.749092 17.8 -0.0104434 -0.00354515 0.09939 
qwerty 188 143 0.0060126 44.6936 -1.51137 -1.87413 7.18139 0.00435021 -0.0293716 0.0954902 
qwerty 188 143 0.94707 43.7465 -1.48888 -2.02596 7.675 -0.00060784 -0.0383653 0.0923457 
qwerty 188 143 0.880548 15.0781 -1.40221 -2.36263 8.35 0.0163729 -0.0529673 0.083225 
qwerty 188 143 0.850829 10.0085 -1.454 -2.17064 9.025 -0.0137561 0.0182314 0.097357 
qwerty 178 145 0.855094 5.60663 -3.8292 -7.46679 19.825 0.00553345 -0.0265089 0.0962635 
qwerty 176 165 1.81233 6.50663 -0.551906 3.22727 16.9698 0.0111795 0.0913286 0.0391676 
qwerty 176 165 0.674425 5.8322 -0.50761 3.58914 17.125 0.0332379 0.0914433 0.0230945 
qwerty 176 165 1.14802 3.39708 -0.221986 4.16093 16.8388 0.0323657 0.0518061 -0.0791744 
qwerty 176 165 0.398291 2.99879 -0.134579 4.30084 16.625 0.0441405 0.0488369 -0.0752767 
qwerty 285 188 0.0145965 0.314359 -1.51347 -1.87102 7.18475 -0.0525126 0.0391322 0.0755718 
qwerty 285 188 0.0253184 0.28904 -1.51555 -1.86857 7.18886 -0.0428622 0.0454807 0.0780662 
qwerty 285 188 0.0133006 0.27574 -1.51878 -1.86584 7.19384 -0.0931535 0.0244987 0.0268744 
qwerty 285 188 0.0279795 0.24776 -1.52841 -1.85988 7.19981 -0.0939704 0.0213744 0.0266964 
qwerty 285 188 0.0368814 0.210879 -1.54209 -1.85902 7.20105 -0.0853722 -0.0214717 0.04744 
qwerty 285 188 0.0737302 0.137149 -1.55329 -1.86668 7.21102 -0.0604295 -0.0582885 0.0543206 
qwerty 285 188 0.137149 0 -1.56163 -1.87472 7.21851 -0.0604295 -0.0582885 0.0543206 
qwerty 270 96 0.0110097 0 -0.345292 0.322594 0.843033 -0.0608248 0.0711774 -0.0351301 
qwerty 269 96 0.0127664 0 -0.142513 -0.0892769 0.494702 0.059052 -0.0611853 0.0526233 
qwerty 264 99 0.699936 1.7667 -4.09815 5.17893 5.41288 -0.0663508 0.0322442 0.0675121 
qwerty 264 99 0.457795 0.667037 -4.31963 5.24999 5.59414 -0.0660359 -0.0737125 0.014343 
qwerty 264 99 0.580464 0.0865726 -4.43493 5.16964 5.59781 -0.0556981 0.0625463 0.0546414 
qwerty 264 99 0.0865726 0 -4.43843 5.17357 5.60125 -0.0556981 0.0625463 0.0546414 
qwerty 309 264 0.0411543 0.600718 -4.33781 5.2483 5.61906 -0.0446076 0.0184608 0.0875749 
qwerty 309 264 0.0474293 0.553289 -4.35041 5.25523 5.64133 -0.0622605 0.0311441 0.0717891 
qwerty 309 264 0.0196401 0.533649 -4.35793 5.25899 5.65 -0.0495319 0.0558114 0.0665708 
qwerty 257 105 0.0281884 0 -6.88809 0.636693 1.28081 -0.0820711 -0.0111614 0.0560335 
qwerty 256 105 0.241986 0 -5.75763 2.63861 1.47099 -0.0625645 0.0773019 0.010493 
qwerty 254 106 0.0840727 0 1.40275 -0.463503 3.329 0.0537127 -0.073318 -0.0417063 
qwerty 253 106 0.0708553 0.221044 1.29267 -0.2752 3.58497 0.0767589 0.00484035 0.0639112 
qwerty 253 106 0.0479983 0.173045 1.31196 -0.270781 3.58917 0.065047 0.0127715 0.0748717 
qwerty 253 106 0.0645875 0.108458 1.3206 -0.275599 3.60352 -0.064114 -0.0382431 0.0665347 
qwerty 253 106 0.108458 0 1.31466 -0.279146 3.60969 -0.064114 -0.0382431 0.0665347 
qwerty 226 120 0 0.296901 7.27985 2.98702 15.1 -0.077224 -0.0317977 0.0550032 
qwerty 226 120 0.00858035 0.278819 7.27671 2.98999 15.0973 -0.0462704 0.0284248 -0.0839707 
qwerty 226 120 0.0112971 0.267522 7.27407 2.99188 15.0936 -0.0431345 0.0102743 -0.0896318 
qwerty 226 120 0.0162902 0.251232 7.27088 2.99183 15.0894 -0.0486961 -0.0171613 -0.0856398 
qwerty 226 120 0.015203 0.236029 7.26828 2.99085 15.0842 -0.0373687 -0.0695743 -0.0613433 
qwerty 226 120 0.0198255 0.216203 7.26212 2.98421 15.0802 -0.0762452 -0.0182149 -0.0620877 
qwerty 226 120 0.0279051 0.188298 7.25171 2.98761 15.0722 -0.0863185 -0.0261128 -0.0432115 
qwerty 226 120 0.0582323 0.130066 7.24108 2.98317 15.0626 0.0484337 -0.0473306 -0.0735798 
qwerty 226 120 0.130066 0 7.24719 2.9772 15.0533 0.0484337 -0.0473306 -0.0735798 
qwerty 223 121 0.0353803 0 6.70324 4.78789 16.2865 -0.0862156 0.0470127 -0.0188861 
qwerty 210 131 0 1.20586 6.15416 3.75752 15.95 0.0208208 -0.0632719 -0.0745866 
qwerty 210 131 0.231033 0.749268 6.19396 3.69309 15.9999 0.0841088 -0.0438926 0.0316094 
qwerty 210 131 0.158118 0.59115 6.24477 3.63685 16.011 -0.0914506 -0.0211301 0.0345007 
qwerty 210 131 0.163488 0.427662 6.16925 3.60236 16.0115 -0.0822735 -0.0562442 -0.00822549 
qwerty 210 131 0.170839 0.256823 6.10045 3.59038 16.0142 -0.0744195 0.0478349 -0.0466214 
qwerty 210 131 0.256823 0 6.07191 3.60872 15.9963 -0.0744195 0.0478349 -0.0466214 
qwerty 192 141 0.183429 0.383583 -3.2761 -3.9631 13.5061 -0.077215 -0.0394248 0.049835 
qwerty 192 141 0.32454 0.059043 -3.33096 -3.99111 13.5415 0.0850153 -0.050842 0.0136927 
qwerty 192 141 0.059043 0 -3.32822 -3.99275 13.5419 0.0850153 -0.050842 0.0136927 
qwerty 189 142 0.201465 0 -0.243546 -0.266315 0.787298 0.0381494 -0.0193351 0.0903924 
qwerty 187 143 0.835814 42.6388 -1.57634 -1.99993 7.675 -0.0129178 -0.0265068 0.0955537 
qwerty 187 143 0.758851 33.2836 -1.59186 -2.06642 8.35 0.00636149 -0.00321921 0.0997455 
qwerty 187 143 0.291525 27.6273 -1.57072 -2.05152 8.72632 0.0128487 0.00859182 0.0987982 
qwerty 187 143 0.605286 27.022 -1.53188 -2.02555 9.025 0.0128765 0.0106181 0.0985974 
qwerty 187 143 1.34771 18.8731 -1.02304 -1.81144 9.7 0.0564448 0.0296758 0.0770281 
qwerty 187 143 0.972494 13.5589 -1.25 -1.23429 10.0712 -0.0582738 0.0735234 0.034619 
qwerty 187 143 1.95066 11.6083 -1.76146 -0.588982 10.375 -0.0501261 0.0763048 0.0408038 
qwerty 187 143 1.7803 5.89601 -2.92692 -0.617521 10.1896 -0.0886547 0.00503476 -0.0459892 
qwerty 187 143 0.671218 4.88716 -3.30781 -0.641605 9.92372 -0.0597597 0.036786 -0.071243 
qwerty 187 143 0.100923 4.78623 -3.34867 -0.616451 9.875 -0.0589844 0.0307424 -0.0746709 
qwerty 329 187 0.0710401 0.266592 -3.31261 -0.655836 9.8993 -0.0793503 0.0380512 -0.0474936 
qwerty 329 187 0.0228833 0.243709 -3.31949 -0.648368 9.89315 -0.0644199 0.0384785 -0.0661021 
qwerty 329 187 0.0233485 0.22036 -3.32403 -0.643724 9.8861 -0.0754633 0.0577489 -0.0311505 
qwerty 329 187 0.0148176 0.205542 -3.32838 -0.640769 9.88268 -0.0905821 0.00216934 -0.0423105 
qwerty 329 187 0.0142369 0.191306 -3.33411 -0.63844 9.87968 -0.0718424 0.0244049 -0.0651389 
qwerty 329 187 0.0155965 0.175709 -3.33815 -0.638092 9.87603 -0.0753337 0.0233581 -0.0614755 
qwerty 329 187 0.00420635 0.171503 -3.33941 -0.6377 9.875 -0.0746213 0.0175289 -0.0642215 
qwerty 323 187 0.307961 0.165374 -1.60488 -1.97967 8.77738 -0.0280423 -0.0194731 -0.0939916 
qwerty 323 187 0.165374 0 -1.61016 -1.98334 8.75967 -0.0280423 -0.0194731 -0.0939916 
qwerty 328 187 0 0.466874 -3.75 -0.0495167 9.94436 -0.0942673 0.00741832 -0.0325369 
qwerty 328 187 0 0.466874 -3.95094 -0.0337036 9.875 -0.0942673 0.00741832 -0.0325369 
qwerty 327 187 0 0.195851 -1.25 -1.15424 10.2257 -0.0432479 0.0732366 0.052593 
qwerty 327 187 0 0.195851 -1.37279 -0.946309 10.375 -0.0432479 0.0732366 0.052593 
qwerty 326 187 0 0.296989 -1.06409 -1.77455 9.7 0.061212 0.0278925 0.0739939 
qwerty 326 187 0 0.296989 -0.505696 -1.52011 10.375 0.061212 0.0278925 0.0739939 
qwerty 325 187 0 1.07046 -1.46112 -1.87341 9.7 0.00969798 0.0224755 0.0969577 
qwerty 325 187 0 1.07046 -1.39361 -1.71694 10.375 0.00969798 0.0224755 0.0969577 
qwerty 325 187 0 1.07046 -1.32609 -1.56047 11.05 0.00969798 0.0224755 0.0969577 
qwerty 325 187 0 0.858478 -1.27986 -1.45332 11.5122 -0.00978095 0.0624593 0.0774801 
qwerty 325 187 0 0.858478 -1.30672 -1.28181 11.725 -0.00978095 0.0624593 0.0774801 
qwerty 325 187 0 0.858478 -1.39193 -0.737667 12.4 -0.00978095 0.0624593 0.0774801 
qwerty 325 187 0 0.858478 -1.47714 -0.193527 13.075 -0.00978095 0.0624593 0.0774801 
qwerty 325 187 0 0.858478 -1.56235 0.350613 13.75 -0.00978095 0.0624593 0.0774801 
qwerty 325 187 0 0.858478 -1.64756 0.894753 14.425 -0.00978095 0.0624593 0.0774801 
qwerty 336 325 0.0389561 0.173028 -1.27773 -1.45794 11.5271 -0.0139652 -0.042893 0.0892478 
qwerty 336 325 0.0294995 0.135387 -1.27728 -1.45829 11.5392 0.0706942 -0.0170058 0.0686523 
qwerty 336 325 0.135387 0 -1.26773 -1.46059 11.5485 0.0706942 -0.0170058 0.0686523 
qwerty 338 336 0 0.00814164 -1.25 -1.44703 11.5601 0.0754923 0.0311729 0.0576989 
qwerty 338 336 0.00029101 0 -1.14869 -1.40519 11.6375 0.0754923 0.0311729 0.0576989 
qwerty 339 338 0.00785063 0 -1.14866 -1.40519 11.6376 0.0352374 0.00489488 0.0934578 
qwerty 324 187 0 2.71092 -1.38154 -1.97456 9.7 0.0217588 0.00725444 0.0973341 
qwerty 324 187 0 2.71092 -1.25 -1.93071 10.2884 0.0217588 0.00725444 0.0973341 
qwerty 324 187 0 2.71092 -1.23064 -1.92426 10.375 0.0217588 0.00725444 0.0973341 
qwerty 324 187 0 2.71092 -1.07975 -1.87395 11.05 0.0217588 0.00725444 0.0973341 
qwerty 324 187 0 2.71092 -0.928855 -1.82364 11.725 0.0217588 0.00725444 0.0973341 
qwerty 324 187 0 2.71092 -0.777961 -1.77333 12.4 0.0217588 0.00725444 0.0973341 
qwerty 324 187 0 2.71092 -0.627066 -1.72302 13.075 0.0217588 0.00725444 0.0973341 
qwerty 324 187 0 2.71092 -0.476172 -1.67271 13.75 0.0217588 0.00725444 0.0973341 
qwerty 324 187 0 2.71092 -0.325278 -1.6224 14.425 0.0217588 0.00725444 0.0973341 
qwerty 324 187 0 2.71092 -0.174383 -1.5721 15.1 0.0217588 0.00725444 0.0973341 
qwerty 324 187 0 2.71092 -0.023489 -1.52179 15.775 0.0217588 0.00725444 0.0973341 
qwerty 324 187 0 2.71092 0.127405 -1.47148 16.45 0.0217588 0.00725444 0.0973341 
qwerty 324 187 0 2.71092 0.2783 -1.42117 17.125 0.0217588 0.00725444 0.0973341 
qwerty 324 187 0 2.71092 0.429194 -1.37086 17.8 0.0217588 0.00725444 0.0973341 
qwerty 324 187 0 2.71092 0.580088 -1.32055 18.475 0.0217588 0.00725444 0.0973341 
qwerty 324 187 0 2.71092 0.730983 -1.27024 19.15 0.0217588 0.00725444 0.0973341 
qwerty 324 187 0 2.71092 0.881877 -1.21994 19.825 0.0217588 0.00725444 0.0973341 
qwerty 324 187 0 2.71092 1.03277 -1.16963 20.5 0.0217588 0.00725444 0.0973341 
qwerty 324 187 0 2.71092 1.18367 -1.11932 21.175 0.0217588 0.00725444 0.0973341 
qwerty 324 187 0 2.71092 1.33456 -1.06901 21.85 0.0217588 0.00725444 0.0973341 
qwerty 324 187 0 2.71092 1.48545 -1.0187 22.525 0.0217588 0.00725444 0.0973341 
qwerty 324 187 0 2.71092 1.63635 -0.968392 23.2 0.0217588 0.00725444 0.0973341 
qwerty 324 187 0 2.71092 1.78724 -0.918083 23.875 0.0217588 0.00725444 0.0973341 
qwerty 324 187 0 2.71092 1.93814 -0.867775 24.55 0.0217588 0.00725444 0.0973341 
qwerty 324 187 0 2.71092 2.08903 -0.817466 25.225 0.0217588 0.00725444 0.0973341 
qwerty 324 187 0 2.71092 2.23993 -0.767157 25.9 0.0217588 0.00725444 0.0973341 
qwerty 324 187 0 2.71092 2.39082 -0.716849 26.575 0.0217588 0.00725444 0.0973341 
qwerty 324 187 0 2.71092 2.54172 -0.66654 27.25 0.0217588 0.00725444 0.0973341 
qwerty 324 187 0 2.71092 2.69261 -0.616231 27.925 0.0217588 0.00725444 0.0973341 
qwerty 324 187 0 2.71092 2.8435 -0.565923 28.6 0.0217588 0.00725444 0.0973341 
qwerty 324 187 0 2.71092 2.9944 -0.515614 29.275 0.0217588 0.00725444 0.0973341 
qwerty 324 187 0 2.71092 3.14529 -0.465305 29.95 0.0217588 0.00725444 0.0973341 
qwerty 324 187 0 1.11477 3.75 -0.576255 30.4422 0.0797089 -0.0155472 0.0583504 
qwerty 324 187 0 1.11477 3.99968 -0.624955 30.625 0.0797089 -0.0155472 0.0583504 
qwerty 324 187 0 1.11477 4.92175 -0.804806 31.3 0.0797089 -0.0155472 0.0583504 
qwerty 324 187 0 1.11477 5.84383 -0.984657 31.975 0.0797089 -0.0155472 0.0583504 
qwerty 324 187 0 1.11477 6.76591 -1.16451 32.65 0.0797089 -0.0155472 0.0583504 
qwerty 324 187 0 1.11477 7.68798 -1.34436 33.325 0.0797089 -0.0155472 0.0583504 
qwerty 324 187 0 1.11477 8.61006 -1.52421 34 0.0797089 -0.0155472 0.0583504 
qwerty 324 187 0 1.01185 10.0826 -2.09133 34.675 0.086198 -0.0355143 0.0361751 
qwerty 324 187 0 1.01185 11.691 -2.754 35.35 0.086198 -0.0355143 0.0361751 
qwerty 324 187 0 1.01185 13.2994 -3.41667 36.025 0.086198 -0.0355143 0.0361751 
qwerty 324 187 0 1.01185 14.1084 -3.75 36.3645 0.086198 -0.0355143 0.0361751 
qwerty 324 187 0 1.01185 14.9078 -4.07934 36.7 0.086198 -0.0355143 0.0361751 
qwerty 324 187 0 1.0005 16.25 -4.75142 37.2257 0.0835308 -0.0448848 0.0317484 
qwerty 324 187 0 1.0005 16.6429 -4.96253 37.375 0.0835308 -0.0448848 0.0317484 
qwerty 322 187 0 2.8106 -1.58605 -2.10419 9.025 0.000725028 -0.00573844 0.0998326 
qwerty 322 187 0 2.8106 -1.58114 -2.14299 9.7 0.000725028 -0.00573844 0.0998326 
qwerty 322 187 0 2.8106 -1.57624 -2.18179 10.375 0.000725028 -0.00573844 0.0998326 
qwerty 322 187 0 2.8106 -1.57134 -2.22059 11.05 0.000725028 -0.00573844 0.0998326 
qwerty 322 187 0 2.8106 -1.56644 -2.25939 11.725 0.000725028 -0.00573844 0.0998326 
qwerty 322 187 0 2.8106 -1.56154 -2.29819 12.4 0.000725028 -0.00573844 0.0998326 
qwerty 322 187 0 2.8106 -1.55663 -2.33699 13.075 0.000725028 -0.00573844 0.0998326 
qwerty 322 187 0 2.8106 -1.55173 -2.37579 13.75 0.000725028 -0.00573844 0.0998326 
qwerty 322 187 0 2.8106 -1.54683 -2.41459 14.425 0.000725028 -0.00573844 0.0998326 
qwerty 322 187 0 2.8106 -1.54193 -2.45339 15.1 0.000725028 -0.00573844 0.0998326 
qwerty 322 187 0 2.8106 -1.53702 -2.49219 15.775 0.000725028 -0.00573844 0.0998326 
qwerty 322 187 0 2.8106 -1.53212 -2.53099 16.45 0.000725028 -0.00573844 0.0998326 
qwerty 322 187 0 2.8106 -1.52722 -2.56979 17.125 0.000725028 -0.00573844 0.0998326 
qwerty 322 187 0 2.8106 -1.52232 -2.60859 17.8 0.000725028 -0.00573844 0.0998326 
qwerty 322 187 0 2.8106 -1.51742 -2.64739 18.475 0.000725028 -0.00573844 0.0998326 
qwerty 322 187 0 2.8106 -1.51251 -2.68618 19.15 0.000725028 -0.00573844 0.0998326 
qwerty 322 187 0 2.8106 -1.50761 -2.72498 19.825 0.000725028 -0.00573844 0.0998326 
qwerty 322 187 0 2.8106 -1.50271 -2.76378 20.5 0.000725028 -0.00573844 0.0998326 
qwerty 322 187 0 2.8106 -1.49781 -2.80258 21.175 0.000725028 -0.00573844 0.0998326 
qwerty 322 187 0 2.8106 -1.49291 -2.84138 21.85 0.000725028 -0.00573844 0.0998326 
qwerty 322 187 0 2.8106 -1.488 -2.88018 22.525 0.000725028 -0.00573844 0.0998326 
qwerty 322 187 0 2.8106 -1.4831 -2.91898 23.2 0.000725028 -0.00573844 0.0998326 
qwerty 322 187 0 2.8106 -1.4782 -2.95778 23.875 0.000725028 -0.00573844 0.0998326 
qwerty 322 187 0 2.8106 -1.4733 -2.99658 24.55 0.000725028 -0.00573844 0.0998326 
qwerty 322 187 0 2.8106 -1.46839 -3.03538 25.225 0.000725028 -0.00573844 0.0998326 
qwerty 322 187 0 2.8106 -1.46349 -3.07418 25.9 0.000725028 -0.00573844 0.0998326 
qwerty 322 187 0 2.8106 -1.45859 -3.11298 26.575 0.000725028 -0.00573844 0.0998326 
qwerty 322 187 0 2.8106 -1.45369 -3.15178 27.25 0.000725028 -0.00573844 0.0998326 
qwerty 322 187 0 2.8106 -1.44879 -3.19058 27.925 0.000725028 -0.00573844 0.0998326 
qwerty 322 187 0 2.8106 -1.44388 -3.22938 28.6 0.000725028 -0.00573844 0.0998326 
qwerty 322 187 0 2.8106 -1.43898 -3.26818 29.275 0.000725028 -0.00573844 0.0998326 
qwerty 322 187 0 2.45796 -1.4341 -3.3068 29.9469 0.0156849 -0.0225987 0.096142 
qwerty 322 187 0 2.45796 -1.4336 -3.30752 29.95 0.0156849 -0.0225987 0.096142 
qwerty 322 187 0 2.45796 -1.32348 -3.46619 30.625 0.0156849 -0.0225987 0.096142 
qwerty 322 187 0 2.45796 -1.21335 -3.62485 31.3 0.0156849 -0.0225987 0.096142 
qwerty 322 187 0 2.45796 -1.10323 -3.78351 31.975 0.0156849 -0.0225987 0.096142 
qwerty 322 187 0 2.45796 -0.993111 -3.94217 32.65 0.0156849 -0.0225987 0.096142 
qwerty 322 187 0 2.45796 -0.882989 -4.10084 33.325 0.0156849 -0.0225987 0.096142 
qwerty 322 187 0 2.45796 -0.772867 -4.2595 34 0.0156849 -0.0225987 0.096142 
qwerty 322 187 0 2.45796 -0.662746 -4.41816 34.675 0.0156849 -0.0225987 0.096142 
qwerty 322 187 0 1.12773 -0.61871 -4.48161 34.9449 0.0746441 -0.0304459 0.0591718 
qwerty 322 187 0 1.12773 -0.107711 -4.69003 35.35 0.0746441 -0.0304459 0.0591718 
qwerty 322 187 0 1.12773 0.743788 -5.03735 36.025 0.0746441 -0.0304459 0.0591718 
qwerty 322 187 0 1.12773 1.59529 -5.38466 36.7 0.0746441 -0.0304459 0.0591718 
qwerty 347 322 0.207373 1.12286 -0.677749 -4.51017 35.0762 -0.0383027 -0.0890234 0.0246524 
qwerty 347 322 0.328046 0.794815 -0.716451 -4.66568 35.1388 0.041663 -0.0691832 0.0589736 
qwerty 347 322 0.389235 0.40558 -0.700373 -4.76508 35.2688 -0.0247636 0.0559061 0.0791282 
qwerty 347 322 0.372014 0.0335665 -0.728603 -4.73787 35.338 0.0185625 -0.00144412 0.0982515 
qwerty 347 322 0.0335665 0 -0.728383 -4.73788 35.3392 0.0185625 -0.00144412 0.0982515 
qwerty 346 322 0.00915285 0.343489 -1.43665 -3.30405 29.95 -0.0380726 0.0546597 0.0745842 
qwerty 346 322 0 0.329037 -1.43768 -3.30348 29.95 -0.00302082 0.0956888 0.0288882 
qwerty 346 322 0.0123312 0.29271 -1.43482 -3.30741 29.949 0.0248667 -0.0961754 -0.0114866 
qwerty 346 322 0.0334554 0.259255 -1.43278 -3.31246 29.9486 -0.000455977 -0.0998088 -0.00616351 
qwerty 346 322 0.0151522 0.244103 -1.43172 -3.31734 29.9482 0.0138905 -0.0906482 -0.0398742 
qwerty 346 322 0.0153691 0.228734 -1.43189 -3.32263 29.9442 -0.00387802 -0.093497 -0.0352602 
qwerty 346 322 0.0138252 0.214908 -1.43172 -3.32821 29.943 0.0121773 -0.0790178 -0.0600658 
qwerty 346 322 0.0210785 0.19383 -1.43138 -3.33319 29.9409 0.0779625 -0.0624324 0.00490426 
qwerty 346 322 0.011694 0.182136 -1.42776 -3.33665 29.9403 0.0630545 0.0293871 -0.0718369 
qwerty 346 322 0.0124277 0.169708 -1.42391 -3.33441 29.9376 0.0928708 -0.036604 0.00593024 
qwerty 346 322 0.0189512 0.150757 -1.41774 -3.33754 29.9356 0.0953987 -0.0274549 0.0120544 
qwerty 346 322 0.0294973 0.12126 -1.41152 -3.34189 29.9391 0.0689131 -0.0702239 0.0178773 
qwerty 346 322 0.0223576 0.098902 -1.40748 -3.34663 29.9377 -0.0533851 -0.0794035 -0.029071 
qwerty 346 322 0.0328354 0.0660667 -1.41134 -3.3497 29.9325 -0.0808631 -0.0231295 -0.0540943 
qwerty 346 322 0.0660667 0 -1.41452 -3.35061 29.9303 -0.0808631 -0.0231295 -0.0540943 
qwerty 349 348 0 0.257453 2.06428 -5.49692 36.2 0.0574463 -0.0120163 -0.0809663 
qwerty 321 187 0 5.00217 -1.67519 -2.08457 8.35 -0.0135173 -0.00940077 0.0986352 
qwerty 321 187 0 5.00217 -1.76769 -2.14891 9.025 -0.0135173 -0.00940077 0.0986352 
qwerty 321 187 0 5.00217 -1.86019 -2.21324 9.7 -0.0135173 -0.00940077 0.0986352 
qwerty 321 187 0 5.00217 -1.9527 -2.27757 10.375 -0.0135173 -0.00940077 0.0986352 
qwerty 321 187 0 5.00217 -2.0452 -2.34191 11.05 -0.0135173 -0.00940077 0.0986352 
qwerty 321 187 0 5.00217 -2.13771 -2.40624 11.725 -0.0135173 -0.00940077 0.0986352 
qwerty 321 187 0 5.00217 -2.23021 -2.47057 12.4 -0.0135173 -0.00940077 0.0986352 
qwerty 321 187 0 5.00217 -2.32272 -2.53491 13.075 -0.0135173 -0.00940077 0.0986352 
qwerty 321 187 0 5.00217 -2.41522 -2.59924 13.75 -0.0135173 -0.00940077 0.0986352 
qwerty 321 187 0 5.00217 -2.50772 -2.66357 14.425 -0.0135173 -0.00940077 0.0986352 
qwerty 321 187 0 5.00217 -2.60023 -2.72791 15.1 -0.0135173 -0.00940077 0.0986352 
qwerty 321 187 0 5.00217 -2.69273 -2.79224 15.775 -0.0135173 -0.00940077 0.0986352 
qwerty 321 187 0 5.00217 -2.78524 -2.85657 16.45 -0.0135173 -0.00940077 0.0986352 
qwerty 321 187 0 5.00217 -2.87774 -2.92091 17.125 -0.0135173 -0.00940077 0.0986352 
qwerty 321 187 0 5.00217 -2.97024 -2.98524 17.8 -0.0135173 -0.00940077 0.0986352 
qwerty 321 187 0 5.00217 -3.06275 -3.04957 18.475 -0.0135173 -0.00940077 0.0986352 
qwerty 321 187 0 5.00217 -3.15525 -3.11391 19.15 -0.0135173 -0.00940077 0.0986352 
qwerty 321 187 0 5.00217 -3.24776 -3.17824 19.825 -0.0135173 -0.00940077 0.0986352 
qwerty 321 187 0 5.00217 -3.34026 -3.24257 20.5 -0.0135173 -0.00940077 0.0986352 
qwerty 321 187 0 2.62742 -3.63571 -3.48356 21.175 -0.0434164 -0.0358102 0.0826598 
qwerty 321 187 0 2.62742 -3.95874 -3.75 21.79 -0.0434164 -0.0358102 0.0826598 
qwerty 321 187 0 2.62742 -3.99025 -3.77599 21.85 -0.0434164 -0.0358102 0.0826598 
qwerty 321 187 0 0.389147 -5.01173 -3.89461 21.35 -0.0809853 -0.00380907 -0.0585396 
qwerty 352 321 0.549993 1.66223 -4.21093 -4.00918 22.3198 0.014684 -0.0049389 0.0987926 
qwerty 352 321 0.333514 1.32872 -4.18043 -4.01944 22.525 0.0448558 -0.0194963 0.087223 
qwerty 351 321 0.574899 1.44751 -3.34051 -3.24141 21.0125 -0.0541516 0.0174445 0.0822393 
qwerty 351 321 0.351468 1.09604 -3.44748 -3.20695 21.175 -0.0206308 0.0490456 0.0846693 
qwerty 316 187 0 5.7549 -1.60426 -2.00056 7.675 -0.0165131 -0.025845 0.0951807 
qwerty 316 187 0 5.7549 -1.72136 -2.18385 8.35 -0.0165131 -0.025845 0.0951807 
qwerty 316 187 0 5.7549 -1.83847 -2.36714 9.025 -0.0165131 -0.025845 0.0951807 
qwerty 316 187 0 5.7549 -1.95558 -2.55042 9.7 -0.0165131 -0.025845 0.0951807 
qwerty 316 187 0 5.7549 -2.07268 -2.73371 10.375 -0.0165131 -0.025845 0.0951807 
qwerty 316 187 0 5.7549 -2.18979 -2.917 11.05 -0.0165131 -0.025845 0.0951807 
qwerty 316 187 0 5.7549 -2.3069 -3.10028 11.725 -0.0165131 -0.025845 0.0951807 
qwerty 316 187 0 5.7549 -2.42401 -3.28357 12.4 -0.0165131 -0.025845 0.0951807 
qwerty 316 187 0 5.7549 -2.54111 -3.46686 13.075 -0.0165131 -0.025845 0.0951807 
qwerty 316 187 0 5.7549 -2.65822 -3.65014 13.75 -0.0165131 -0.025845 0.0951807 
qwerty 316 187 0 5.7549 -2.77533 -3.83343 14.425 -0.0165131 -0.025845 0.0951807 
qwerty 316 187 0 5.7549 -2.89244 -4.01672 15.1 -0.0165131 -0.025845 0.0951807 
qwerty 316 187 0 5.7549 -3.00954 -4.2 15.775 -0.0165131 -0.025845 0.0951807 
qwerty 315 187 0 0.280122 -1.57833 -2.02624 7.675 -0.0125577 -0.0296666 0.0946689 
qwerty 310 239 0 0.143833 4.50259 0.355233 7.96615 0.0967527 -0.0115031 -0.0225078 
qwerty 310 239 0 0.143833 5.00187 0.295873 7.85 0.0967527 -0.0115031 -0.0225078 
qwerty 366 310 0.0309254 0 4.50195 0.354547 7.96574 -0.0624958 -0.0670278 -0.0400194 
qwerty 306 176 0 0.510999 0.278848 5.47585 17.125 0.0272864 0.0876689 0.0396185 
qwerty 303 176 0 0.210313 1.25 5.20294 16.9866 0.0736496 0.0673753 -0.00602573 
qwerty 303 176 0 0.210313 3.75 7.48996 16.7821 0.0736496 0.0673753 -0.00602573 
qwerty 303 176 0 0.210313 5.67027 9.24665 16.625 0.0736496 0.0673753 -0.00602573 
qwerty 373 303 0.00808215 0.109332 5.67366 9.24908 16.6259 0.0648319 -0.00401741 0.0760308 
qwerty 373 303 0.00295299 0.106379 5.67435 9.24922 16.6266 0.0594876 0.0187077 0.0781744 
qwerty 373 303 0.00373161 0.102647 5.67493 9.24949 16.6274 0.0698694 0.0359096 0.061877 
qwerty 373 303 0.00383083 0.0988162 5.67573 9.25009 16.6286 0.0840163 0.0149032 0.0521455 
qwerty 373 303 0.00740247 0.0914137 5.67765 9.2497 16.6297 0.0965834 -0.0151926 0.020996 
qwerty 373 303 0.0107696 0.0806441 5.68058 9.24955 16.6292 0.096029 0.027096 -0.00665072 
qwerty 373 303 0.0112832 0.0693609 5.6831 9.24932 16.6288 0.0978446 -0.0175257 -0.010922 
qwerty 373 303 0.0475345 0.0218264 5.68503 9.24827 16.6277 0.0946314 -0.0219369 -0.0237419 
qwerty 373 303 0.0218264 0 5.68555 9.24815 16.6276 0.0946314 -0.0219369 -0.0237419 
qwerty 302 178 0 0.510999 -3.94545 -7.74751 19.325 0.00143439 -0.0396433 -0.0917952 
qwerty 302 178 0 0.510999 -3.9349 -8.03902 18.65 0.00143439 -0.0396433 -0.0917952 
qwerty 301 178 0 0.510999 -3.96381 -7.24007 20.5 -0.00143439 0.0396433 0.0917952 
qwerty 301 178 0 0.510999 -3.97436 -6.94856 21.175 -0.00143439 0.0396433 0.0917952 
qwerty 301 178 0 0.510999 -3.98491 -6.65705 21.85 -0.00143439 0.0396433 0.0917952 
qwerty 301 178 0 0.510999 -3.99545 -6.36554 22.525 -0.00143439 0.0396433 0.0917952 
qwerty 301 178 0 0.510999 -3.99963 -6.25 22.7925 -0.00143439 0.0396433 0.0917952 
qwerty 301 178 0 0.510999 -4.006 -6.07403 23.2 -0.00143439 0.0396433 0.0917952 
qwerty 301 178 0 0.510999 -4.01655 -5.78252 23.875 -0.00143439 0.0396433 0.0917952 
qwerty 301 178 0 0.510999 -4.0271 -5.49101 24.55 -0.00143439 0.0396433 0.0917952 
qwerty 300 178 0 0.993794 -4.00739 -7.49868 20.5 -0.0106342 -0.00224583 0.0994076 
qwerty 298 185 0 0.510999 -1.20064 -4.16366 14.425 -0.0275267 0.00617707 0.0959381 
qwerty 298 185 0 0.510999 -1.39431 -4.1202 15.1 -0.0275267 0.00617707 0.0959381 
qwerty 298 185 0 0.510999 -1.58798 -4.07674 15.775 -0.0275267 0.00617707 0.0959381 
qwerty 298 185 0 0.510999 -1.78165 -4.03328 16.45 -0.0275267 0.00617707 0.0959381 
qwerty 298 185 0 0.510999 -1.97533 -3.98982 17.125 -0.0275267 0.00617707 0.0959381 
qwerty 298 185 0 0.510999 -2.169 -3.94636 17.8 -0.0275267 0.00617707 0.0959381 
qwerty 298 185 0 0.510999 -2.36267 -3.9029 18.475 -0.0275267 0.00617707 0.0959381 
qwerty 298 185 0 0.510999 -2.55634 -3.85944 19.15 -0.0275267 0.00617707 0.0959381 
qwerty 295 188 0 0.510999 -2.2853 -4.74509 8.525 -0.0275891 -0.0946419 -0.0167852 
qwerty 294 188 0 0.510999 -0.537667 1.25 9.58826 0.0275891 0.0946419 0.0167852 
qwerty 294 188 0 0.431037 -0.459921 1.5167 9.63556 0.0535232 0.0598932 0.0595657 
qwerty 294 188 0 0.431037 -0.402017 1.58149 9.7 0.0535232 0.0598932 0.0595657 
qwerty 294 188 0 0.431037 0.204509 2.26021 10.375 0.0535232 0.0598932 0.0595657 
qwerty 385 294 0.0799622 0 -0.461578 1.52087 9.6324 -0.0302265 0.0759521 -0.0575989 
qwerty 290 188 0 0.274408 -1.74682 -1.96954 9.7 -0.0387 0.0266004 0.0882878 
qwerty 290 188 0 0.274408 -2.0427 -1.76617 10.375 -0.0387 0.0266004 0.0882878 
qwerty 290 188 0 0.274408 -2.33858 -1.5628 11.05 -0.0387 0.0266004 0.0882878 
qwerty 289 188 0 0.600053 -1.52395 -2.13961 9.025 -0.0239806 0.0394213 0.0887181 
qwerty 289 188 0 0.600053 -1.70641 -1.83968 9.7 -0.0239806 0.0394213 0.0887181 
qwerty 289 188 0 0.600053 -1.88886 -1.53975 10.375 -0.0239806 0.0394213 0.0887181 
qwerty 289 188 0 0.600053 -2.06512 -1.25 11.0271 -0.0239806 0.0394213 0.0887181 
qwerty 289 188 0 0.600053 -2.07131 -1.23982 11.05 -0.0239806 0.0394213 0.0887181 
qwerty 289 188 0 0.600053 -2.25376 -0.939884 11.725 -0.0239806 0.0394213 0.0887181 
qwerty 289 188 0 0.600053 -2.43622 -0.639952 12.4 -0.0239806 0.0394213 0.0887181 
qwerty 289 188 0 0.600053 -2.61867 -0.34002 13.075 -0.0239806 0.0394213 0.0887181 
qwerty 289 188 0 0.600053 -2.80112 -0.0400886 13.75 -0.0239806 0.0394213 0.0887181 
qwerty 288 188 0 24.3597 -1.4906 -2.238 8.35 -0.00242907 -0.0285086 0.0958194 
qwerty 288 188 0 24.3597 -1.50771 -2.43883 9.025 -0.00242907 -0.0285086 0.0958194 
qwerty 288 188 0 24.3597 -1.52482 -2.63966 9.7 -0.00242907 -0.0285086 0.0958194 
qwerty 392 288 0.252085 0.983807 -1.59004 -2.69966 9.59511 -0.0564471 0.00840383 -0.0821164 
qwerty 392 288 0.233 0.750807 -1.69735 -2.73722 9.50316 -0.0379147 -0.0499268 -0.0779088 
qwerty 392 288 0.436036 0.31477 -1.78312 -2.80731 9.43342 -0.0565783 -0.0321229 -0.0759409 
qwerty 392 288 0.31477 0 -1.81291 -2.82422 9.39343 -0.0565783 -0.0321229 -0.0759409 
qwerty 395 392 0 0.2202 -1.60767 -3.45856 9.2 -0.0117811 -0.0802153 -0.0585381 
qwerty 287 188 0 0.317382 -1.4757 -2.24395 8.35 1.55312e-05 -0.029551 0.095534 
qwerty 287 188 0 0.317382 -1.66211 -2.39849 9.025 -0.0300519 -0.0200958 0.0932365 
qwerty 287 188 0 0.317382 -1.87968 -2.54398 9.7 -0.0300519 -0.0200958 0.0932365 
qwerty 286 188 0 0.922186 -1.45755 -2.25849 8.35 0.00371638 -0.0319128 0.0946983 
qwerty 286 188 0 0.922186 -1.43106 -2.48596 9.025 0.00371638 -0.0319128 0.0946983 
qwerty 286 188 0 0.922186 -1.40457 -2.71343 9.7 0.00371638 -0.0319128 0.0946983 
qwerty 286 188 0 0.499412 -1.38876 -2.8492 10.1029 0.0786505 -0.0501175 0.036088 
qwerty 286 188 0 0.499412 -1.25 -2.93762 10.1665 0.0786505 -0.0501175 0.036088 
qwerty 286 188 0 0.499412 -0.795654 -3.22713 10.375 0.0786505 -0.0501175 0.036088 
qwerty 399 286 0.199388 0.223385 -1.39481 -2.86589 10.1768 0.043468 -0.0856005 0.0279836 
qwerty 399 286 0.223385 0 -1.38145 -2.89219 10.1854 0.043468 -0.0856005 0.0279836 
qwerty 284 188 0 12.838 -1.56681 -2.00588 7.675 -0.0105368 -0.0257049 0.0960637 
qwerty 284 188 0 12.838 -1.64085 -2.1865 8.35 -0.0105368 -0.0257049 0.0960637 
qwerty 284 188 0 12.838 -1.71488 -2.36712 9.025 -0.0105368 -0.0257049 0.0960637 
qwerty 284 188 0 12.838 -1.78892 -2.54774 9.7 -0.0105368 -0.0257049 0.0960637 
qwerty 284 188 0 12.838 -1.86296 -2.72835 10.375 -0.0105368 -0.0257049 0.0960637 
qwerty 284 188 0 12.838 -1.937 -2.90897 11.05 -0.0105368 -0.0257049 0.0960637 
qwerty 284 188 0 12.838 -2.01103 -3.08959 11.725 -0.0105368 -0.0257049 0.0960637 
qwerty 284 188 0 12.838 -2.08507 -3.27021 12.4 -0.0105368 -0.0257049 0.0960637 
qwerty 284 188 0 12.838 -2.15911 -3.45082 13.075 -0.0105368 -0.0257049 0.0960637 
qwerty 284 188 0 12.838 -2.23315 -3.63144 13.75 -0.0105368 -0.0257049 0.0960637 
qwerty 284 188 0 12.838 -2.30718 -3.81206 14.425 -0.0105368 -0.0257049 0.0960637 
qwerty 284 188 0 12.838 -2.38122 -3.99268 15.1 -0.0105368 -0.0257049 0.0960637 
qwerty 284 188 0 12.838 -2.45526 -4.17329 15.775 -0.0105368 -0.0257049 0.0960637 
qwerty 281 196 0 0.497836 -5.19143 -3.71801 12.2773 -0.0833456 -0.0492614 0.0250365 
qwerty 281 196 0 0.497836 -5.24556 -3.75 12.2936 -0.0833456 -0.0492614 0.0250365 
qwerty 281 196 0 0.497836 -5.59973 -3.95934 12.4 -0.0833456 -0.0492614 0.0250365 
qwerty 279 213 0 0.510999 3.59842 2.67974 8.35 -0.0367568 -0.0722616 0.0585423 
qwerty 278 213 0 0.510999 4.33616 4.13009 7.175 0.0367568 0.0722616 -0.0585423 
qwerty 278 213 0 0.510999 4.75997 4.96328 6.5 0.0367568 0.0722616 -0.0585423 
qwerty 278 213 0 0.510999 5.27694 5.45651 5.825 0.052846 0.0497305 -0.0688054 
qwerty 278 213 0 0.510999 5.79537 5.94438 5.15 0.052846 0.0497305 -0.0688054 
qwerty 277 242 0 0.365992 -6.57715 20.162 12.2075 -0.00104995 0.0207497 0.0978179 
qwerty 277 242 0 0.365992 -6.57922 20.2028 12.4 -0.00104995 0.0207497 0.0978179 
qwerty 275 273 0 0.510999 -1.25 -1.21005 18.3694 0.0753469 -0.0463839 0.0465981 
qwerty 275 273 0 0.510999 -1.0792 -1.3152 18.475 0.0753469 -0.0463839 0.0465981 
qwerty 275 273 0 0.510999 0.0122426 -1.9871 19.15 0.0753469 -0.0463839 0.0465981 
qwerty 274 273 0 0.510999 -2.97912 -0.145599 17.3 -0.0753469 0.0463839 -0.0465981 
qwerty 274 273 0 0.510999 -3.75 0.328958 16.8233 -0.0753469 0.0463839 -0.0465981 
qwerty 274 273 0 0.510999 -4.07056 0.5263 16.625 -0.0753469 0.0463839 -0.0465981 
qwerty 274 273 0 0.510999 -5.16201 1.1982 15.95 -0.0753469 0.0463839 -0.0465981 
qwerty 274 273 0 0.510999 -6.25 1.86797 15.2771 -0.0753469 0.0463839 -0.0465981 
qwerty 274 273 0 0.510999 -6.25345 1.8701 15.275 -0.0753469 0.0463839 -0.0465981 
qwerty 274 273 0 0.235616 -7.29731 2.5127 14.6294 -0.0377745 -0.09244 0.00528439 
qwerty 274 273 0 0.235616 -7.8133 1.25 14.7016 -0.0377745 -0.09244 0.00528439 
qwerty 274 273 0 0.192158 -7.91022 1.01281 14.7152 0.0599444 -0.0798925 -0.00488512 
qwerty 274 273 0 0.192158 -6.49697 -0.870734 14.6 0.0599444 -0.0798925 -0.00488512 
qwerty 393 288 0.443285 14.5039 -1.25 -2.67746 9.94832 0.0937508 -0.00399234 0.0345666 
qwerty 393 288 0.249411 14.1063 -1.09162 -2.68431 10.0016 0.0932754 -0.00488857 0.0357183 
qwerty 393 288 1.74018 12.3661 -0.116603 -2.73541 10.375 0.0907507 0.00690833 0.0414317 
qwerty 421 393 0.0699522 0.566164 -1.52436 -2.69868 9.89398 -0.0429195 -0.0545481 0.071989 
qwerty 421 393 0.173061 0.393102 -1.5346 -2.71312 9.90892 -0.0367255 -0.0450868 0.0813537 
qwerty 421 393 0.0598779 0.333224 -1.53947 -2.72676 9.93188 -0.0452737 -0.0455843 0.0766314 
qwerty 421 393 0.0781995 0.255025 -1.56296 -2.73231 9.95504 -0.0327486 0.0453036 0.0829163 
qwerty 421 393 0.255025 0 -1.57538 -2.71513 9.98649 -0.0327486 0.0453036 0.0829163 
qwerty 417 274 0.0434584 0 -7.912 1.01225 14.7154 -0.0948922 -0.0298744 0.0101486 
qwerty 416 274 0.0479768 0.227406 -7.3085 2.5206 14.6187 -0.0527601 0.0531041 -0.0663048 
qwerty 416 274 0.0238598 0.203546 -7.31719 2.52418 14.6118 -0.0729244 0.0541368 -0.0418477 
qwerty 416 274 0.0171396 0.186407 -7.32294 2.52644 14.6077 -0.0803075 0.0266059 -0.0533182 
qwerty 416 274 0.0119601 0.174446 -7.32647 2.52826 14.606 -0.0651804 0.0614403 -0.0444591 
qwerty 416 274 0.00982398 0.164622 -7.32832 2.53081 14.604 -0.0772605 0.0605698 -0.0190291 
qwerty 416 274 0.0141537 0.150469 -7.33135 2.53486 14.604 -0.0457886 0.0855326 -0.02424 
qwerty 416 274 0.0140296 0.136439 -7.33321 2.53808 14.6034 -0.0603205 0.079534 -0.0059818 
qwerty 416 274 0.0110951 0.125344 -7.33469 2.54189 14.6039 -0.0449125 0.0839432 0.0306007 
qwerty 416 274 0.0108269 0.114517 -7.33621 2.54451 14.606 -0.04067 0.0847337 0.034149 
qwerty 416 274 0.0195236 0.0949936 -7.33841 2.54827 14.6058 -0.0109018 0.098194 -0.0154622 
qwerty 416 274 0.0162486 0.078745 -7.34087 2.55178 14.6049 -0.0419365 0.0757876 -0.0499757 
qwerty 416 274 0.0321398 0.0466052 -7.3425 2.55526 14.6046 0.0538551 0.0808002 0.0238946 
qwerty 416 274 0.0466052 0 -7.34135 2.55698 14.6051 0.0538551 0.0808002 0.0238946 
qwerty 412 277 0.145007 0 -6.56215 20.161 12.2057 0.0990921 -0.00629921 -0.0118777 
qwerty 406 281 0.0131632 0 -5.19155 -3.71783 12.2773 -0.0544229 0.0802437 -0.0244764 
qwerty 401 284 0.892744 7.62842 -2.61121 -4.36413 16.45 -0.0395245 -0.0192418 0.0898196 
qwerty 401 284 0.556583 1.48822 -2.60611 -4.58939 16.8451 0.00690806 -0.0434918 0.0897816 
qwerty 401 284 0.53899 0.949231 -2.55391 -4.6713 17.0892 0.0339251 -0.0200771 0.0919021 
qwerty 401 284 0.0685646 0.880666 -2.54068 -4.67913 17.125 0.0405683 -0.0329184 0.0852678 
qwerty 435 401 0 0.917115 -2.76915 -4.29971 17.125 -0.0132468 0.00839845 0.0987623 
qwerty 435 401 0 0.917115 -2.85969 -4.24231 17.8 -0.0132468 0.00839845 0.0987623 
qwerty 435 401 0 0.917115 -2.95023 -4.18491 18.475 -0.0132468 0.00839845 0.0987623 
qwerty 435 401 0 0.917115 -3.04076 -4.12751 19.15 -0.0132468 0.00839845 0.0987623 
qwerty 435 401 0 0.904505 -3.13653 -4.13732 19.825 -0.0142321 -0.00402638 0.0989001 
qwerty 435 401 0 0.904505 -3.23366 -4.1648 20.5 -0.0142321 -0.00402638 0.0989001 
qwerty 435 401 0 0.904505 -3.3308 -4.19228 21.175 -0.0142321 -0.00402638 0.0989001 
qwerty 435 401 0 0.904505 -3.42793 -4.21976 21.85 -0.0142321 -0.00402638 0.0989001 
qwerty 434 401 0 1.09241 -2.61615 -4.93108 17.125 0.00999417 -0.0751992 0.0651552 
qwerty 434 401 0 1.09241 -2.51261 -5.71014 17.8 0.00999417 -0.0751992 0.0651552 
qwerty 434 401 0 1.09241 -2.40907 -6.48919 18.475 0.00999417 -0.0751992 0.0651552 
qwerty 434 401 0 1.09241 -2.30553 -7.26825 19.15 0.00999417 -0.0751992 0.0651552 
qwerty 434 401 0 0.672119 -3.11649 -8.37932 19.825 -0.0614204 -0.0688837 0.0385042 
qwerty 434 401 0 0.672119 -3.447 -8.75 20.0322 -0.0614204 -0.0688837 0.0385042 
qwerty 434 401 0 0.672119 -4.19322 -9.58689 20.5 -0.0614204 -0.0688837 0.0385042 
qwerty 432 359 0 0.510999 -1.25 -3.89068 15.6362 0.0969687 0.0162887 -0.0182139 
qwerty 432 359 0 0.510999 0.673115 -3.56764 15.275 0.0969687 0.0162887 -0.0182139 
qwerty 432 359 0 0.263531 0.74046 -3.23654 14.6 -0.0174736 0.0417105 -0.0891903 
qwerty 431 359 0 0.510999 -6.44573 -4.77497 16.45 -0.0975246 -0.0166496 0.0145514 
qwerty 445 431 0.00435743 0.184466 -6.48136 -4.78064 16.4487 0.0253406 -0.0613799 -0.0747687 
qwerty 445 431 0.00435735 0.180109 -6.48042 -4.78187 16.4467 0.0317209 -0.070312 -0.0636397 
qwerty 445 431 0.00473832 0.17537 -6.47962 -4.78344 16.4453 0.0293746 -0.0600574 -0.0743656 
qwerty 445 431 0.00611406 0.169256 -6.47915 -4.78562 16.4433 0.0451091 -0.0861835 -0.0231857 
qwerty 445 431 0.00719147 0.162065 -6.47791 -4.78893 16.4426 0.0600384 -0.0768257 -0.0222084 
qwerty 445 431 0.022907 0.139158 -6.47535 -4.79116 16.441 0.0556052 -0.0764467 -0.0326184 
qwerty 445 431 0.0186778 0.12048 -6.47185 -4.79426 16.4399 0.0846884 -0.0503325 -0.0171616 
qwerty 445 431 0.019023 0.101457 -6.46736 -4.79535 16.4377 0.0597171 -0.0753918 -0.0273851 
qwerty 445 431 0.0380777 0.0633794 -6.46442 -4.79923 16.4333 0.0856865 -0.0377545 -0.0351058 
qwerty 445 431 0.0633794 0 -6.46129 -4.80061 16.432 0.0856865 -0.0377545 -0.0351058 
qwerty 430 393 0 0.510999 0.176728 -2.02456 11.05 -0.0226765 0.0642761 0.0731735 
qwerty 429 393 0 0.18624 0.543388 -2.46268 11.05 0.0262994 0.016844 0.094998 
qwerty 424 393 0 0.505236 1.07835 -1.25 10.6743 0.057384 0.0803221 0.0159824 
qwerty 424 393 0 0.505236 2.42735 0.638238 11.05 0.057384 0.0803221 0.0159824 
qwerty 423 393 0 0.148163 0.069616 -2.68695 10.375 0.0952 -0.000216061 0.0306092 
qwerty 420 402 0 0.510999 -3.75 -5.17029 15.5092 -0.0775899 -0.0602727 -0.018628 
qwerty 420 402 0 0.510999 -4.72531 -5.92793 15.275 -0.0775899 -0.0602727 -0.018628 
