qwerty 1 0 0 200 0 0 -0.249974 0 0 0.1 
qwerty 3 1 0 48.216 0.917306 0.100354 0.25 0.0874023 0.00956189 0.0476383 
qwerty 3 1 0 48.216 1.25 0.136751 0.431334 0.0874023 0.00956189 0.0476383 
qwerty 3 1 0 48.216 2.15573 0.235839 0.925 0.0874023 0.00956189 0.0476383 
qwerty 4 3 1.88035 19.6 3.45693 1.00476 1.13071 0.0849258 0.0526827 0.00348553 
qwerty 4 3 0.956839 18.6432 3.85227 1.25 1.14694 0.0900132 0.0394673 0.018438 
qwerty 4 3 1.9982 15.0464 4.88635 1.666 1.27676 0.087835 0.0477229 -0.00274701 
qwerty 4 3 1.66234 12.7542 5.82985 2.24428 1.31304 0.0939822 0.0339799 0.00356519 
qwerty 4 3 1.06625 9.64431 6.42752 2.40996 1.35766 0.0898258 0.0385245 -0.0211468 
qwerty 4 3 0.000812404 9.64024 6.42824 2.41027 1.35749 0.0898841 0.0384928 -0.0209561 
qwerty 4 3 1.41933 8.22091 7.11307 2.62072 1.14014 0.0982497 0.0130436 -0.0132992 
qwerty 4 3 0.430783 7.79012 7.40963 2.66009 1.1 0.0959841 0.0219622 -0.0174562 
qwerty 4 3 1.76872 5.62771 8.3008 2.66996 1.53705 0.0703057 0.0300581 0.0644486 
qwerty 4 3 0.139532 5.48818 8.36947 2.69932 1.6 0.0673465 0.0310816 0.06707 
qwerty 11 4 0.605437 1.43821 6.69475 2.5576 1.51853 0.0766417 0.0194494 0.0612191 
qwerty 11 4 0.240972 1.19724 6.79675 2.58349 1.6 0.0926457 -0.0375574 0.00249279 
qwerty 11 4 0 1.14211 6.80002 2.58212 1.6 -0.0912171 -0.00824539 0.0401429 
qwerty 9 4 0.493979 1.10454 5.15045 1.74115 1.37124 0.0917503 0.00932186 0.038665 
qwerty 9 4 0.384127 0.720411 5.34327 1.6861 1.46053 0.0949593 -0.00210367 0.0312779 
qwerty 9 4 0.484416 0.235995 5.45924 1.61936 1.56999 0.0220083 -0.0945978 -0.0238096 
qwerty 9 4 0.235995 0 5.46663 1.58764 1.56201 0.0220083 -0.0945978 -0.0238096 
qwerty 8 4 0.0551906 0.300011 3.4609 1.01222 1.14581 -0.0101199 0.0825036 0.0555944 
qwerty 8 4 0.0618025 0.238208 3.45598 1.02548 1.16833 -0.0880192 0.022631 0.0417188 
qwerty 8 4 0.238208 0 3.42602 1.03319 1.18253 -0.0880192 0.022631 0.0417188 
qwerty 13 4 0 0.326917 8.17963 3.75 1.31497 -0.0197252 0.094088 -0.0275386 
qwerty 13 4 0 0.326917 8.02565 4.48447 1.1 -0.0197252 0.094088 -0.0275386 
qwerty 12 4 0.00029101 0 6.45567 2.42228 1.35052 0.0892196 0.0390658 -0.0226655 
qwerty 15 12 0.00297453 0 6.45568 2.4223 1.35053 0.00934623 0.08097 0.0579353 
qwerty 10 4 0 0.362318 9.42199 3.55883 1.39553 0.0361352 0.01214 0.0924493 
qwerty 10 4 0 0.362318 9.50191 3.58568 1.6 0.0361352 0.01214 0.0924493 
qwerty 10 4 0 0.362318 9.76575 3.67432 2.275 0.0361352 0.01214 0.0924493 
qwerty 16 10 0.267558 0 9.45406 3.57084 1.37315 0.0783887 0.029355 -0.0547128 
qwerty 7 4 0 0.611718 3.40103 0.882223 1.6 0.0804664 0.0441843 0.03966 
qwerty 7 4 0 0.611718 4.77054 1.63422 2.275 0.0804664 0.0441843 0.03966 
qwerty 7 4 0 0.611718 6.14005 2.38622 2.95 0.0804664 0.0441843 0.03966 
qwerty 6 4 0 12.831 3.79271 0.837038 1.6 0.0873897 0.0330573 0.0356407 
qwerty 6 4 0 12.831 5.44778 1.46311 2.275 0.0873897 0.0330573 0.0356407 
qwerty 6 4 0 12.831 7.10286 2.08919 2.95 0.0873897 0.0330573 0.0356407 
qwerty 6 4 0 12.831 8.75 2.71226 3.62176 0.0873897 0.0330573 0.0356407 
qwerty 6 4 0 12.831 8.75794 2.71526 3.625 0.0873897 0.0330573 0.0356407 
qwerty 22 6 0 0.563845 8.83313 1.836 4.3 -0.00206976 -0.0821819 0.0569373 
qwerty 22 6 0 0.563845 8.80859 0.861725 4.975 -0.00206976 -0.0821819 0.0569373 
qwerty 22 6 0 0.563845 8.78405 -0.112554 5.65 -0.00206976 -0.0821819 0.0569373 
qwerty 22 6 0 0.340009 8.07893 -0.765213 5.98933 -0.0178653 -0.0585124 0.0791021 
qwerty 22 6 0 0.340009 8.00312 -1.01351 6.325 -0.0178653 -0.0585124 0.0791021 
qwerty 22 6 0 0.340009 7.93091 -1.25 6.6447 -0.0178653 -0.0585124 0.0791021 
qwerty 22 6 0 0.340009 7.85067 -1.51281 7 -0.0178653 -0.0585124 0.0791021 
qwerty 22 6 0 0.340009 7.69822 -2.01212 7.675 -0.0178653 -0.0585124 0.0791021 
qwerty 27 22 0.0772203 0 8.07454 -0.766147 5.98677 -0.0850116 -0.0181108 -0.0494472 
qwerty 21 6 0 1.2791 8.75 2.81357 3.30637 -0.0280185 0.0161271 -0.0946302 
qwerty 21 6 0 1.2791 8.6963 2.84448 3.125 -0.0280185 0.0161271 -0.0946302 
qwerty 21 6 0 1.2791 8.49644 2.95951 2.45 -0.0280185 0.0161271 -0.0946302 
qwerty 21 6 0 0.803669 8.36135 3.03727 1.99374 0.0362948 -0.00810602 -0.0928277 
qwerty 21 6 0 0.803669 8.44688 3.01817 1.775 0.0362948 -0.00810602 -0.0928277 
qwerty 21 6 0 0.803669 8.7108 2.95922 1.1 0.0362948 -0.00810602 -0.0928277 
qwerty 21 6 0 0.803669 8.97472 2.90028 0.425 0.0362948 -0.00810602 -0.0928277 
qwerty 21 6 0 0.803669 9.23863 2.84134 -0.25 0.0362948 -0.00810602 -0.0928277 
qwerty 29 21 0.32941 0.146023 8.28811 3.06785 1.94142 0.0469029 0.0328029 -0.0820005 
qwerty 29 21 0.146023 0 8.2953 3.07287 1.92886 0.0469029 0.0328029 -0.0820005 
qwerty 30 20 0.150617 4.26858 7.53685 2.89588 3.58457 -0.0860507 -0.00843113 -0.0502413 
qwerty 30 20 0.94299 3.32559 7.03538 2.92174 3.25134 -0.0948755 -0.00369282 -0.0313846 
qwerty 30 20 0.815052 2.51054 6.65346 2.90688 3.125 -0.0686517 -0.0427554 -0.0588126 
qwerty 30 20 0.535738 1.42278 6.89545 2.90104 3.3742 0.0959627 -0.00265799 0.0280019 
qwerty 30 20 0.419205 1.00357 7.13693 2.9779 3.44581 0.0952832 -0.00820383 0.0292201 
qwerty 30 20 0.484321 0.519251 7.28899 2.9219 3.59002 -0.0316423 -0.0947811 0.00391355 
qwerty 30 20 0.338603 0.180648 7.22725 2.83203 3.59941 -0.0290263 0.0844983 -0.0449167 
qwerty 30 20 0.180648 0 7.22093 2.85044 3.58963 -0.0290263 0.0844983 -0.0449167 
qwerty 32 30 0.196359 0.398436 7.53186 2.87175 3.57646 -0.0324714 -0.0883761 -0.0336938 
qwerty 32 30 0.0640226 0.334413 7.51054 2.84679 3.56771 -0.0692206 -0.0397241 -0.0602537 
qwerty 32 30 0.0574605 0.276953 7.50081 2.82842 3.54231 0.0576917 -0.0596413 0.0558085 
qwerty 32 30 0.117233 0.159719 7.53965 2.82739 3.56873 0.0757375 0.0242648 -0.0606222 
qwerty 32 30 0.159719 0 7.55312 2.8317 3.55795 0.0757375 0.0242648 -0.0606222 
qwerty 2 1 0 286.761 -0.0742917 -0.00812759 0.25 -0.0146959 -0.00160774 0.0989012 
qwerty 2 1 0 286.761 -0.174591 -0.0191004 0.925 -0.0146959 -0.00160774 0.0989012 
qwerty 2 1 0 286.761 -0.27489 -0.0300732 1.6 -0.0146959 -0.00160774 0.0989012 
qwerty 2 1 0 286.761 -0.375189 -0.041046 2.275 -0.0146959 -0.00160774 0.0989012 
qwerty 34 2 0.941269 101.354 -0.494144 -0.0177151 2.95 -0.0176527 0.00396105 0.0983498 
qwerty 34 2 0.715748 97.6532 -0.635934 -0.00625916 3.43229 -0.0219434 0.0112071 0.0969169 
qwerty 34 2 0.32125 97.3319 -0.679568 0.0160256 3.625 -0.0218212 0.0114248 0.0969191 
qwerty 34 2 0.888391 93.5015 -0.922661 0.0190628 4.3 -0.0365571 0.000162766 0.0930782 
qwerty 34 2 0.864074 87.218 -1.20717 0.0517218 4.975 -0.0374706 0.00287067 0.0926699 
qwerty 34 2 0.902091 0 -1.19815 0.252282 5.5661 0.00853988 0.0449492 0.0889193 
qwerty 31 20 0.971757 2.87208 7.31305 3.3118 3.37329 -0.0440899 0.0563135 -0.0698919 
qwerty 31 20 0.619139 2.25294 7.15642 3.51185 3.125 -0.00968967 0.0964907 -0.0244061 
qwerty 31 20 0.468131 1.02531 7.26568 3.34769 3.26969 0.0696512 -0.0448401 0.0560185 
qwerty 31 20 0.372295 0.653015 7.36945 3.17702 3.35505 0.0530776 -0.0602183 0.0596366 
qwerty 31 20 0.320375 0.33264 7.45228 3.07981 3.40872 0.00825663 -0.0832093 0.0548456 
qwerty 31 20 0.33264 0 7.457 3.03217 3.44012 0.00825663 -0.0832093 0.0548456 
qwerty 31 20 0 0 7.457 3.03217 3.44012 0.00825663 -0.0832093 0.0548456 
qwerty 38 34 0.301302 0.175166 -0.612572 -0.0691233 3.50001 -0.0940684 -0.00189779 0.0338753 
qwerty 38 34 0.175166 0 -0.632051 -0.0695163 3.50703 -0.0940684 -0.00189779 0.0338753 
qwerty 33 2 0.950484 85.7129 -0.43136 -0.10261 2.95 -0.00945601 -0.0113965 0.0988974 
qwerty 33 2 0.793918 69.717 -0.466159 -0.18767 3.625 -0.00494843 -0.0127497 0.0990604 
qwerty 33 2 0.455983 29.2951 -0.445048 -0.300171 4.03648 -0.00371026 -0.0248672 0.0967877 
qwerty 33 2 0.415844 28.8793 -0.45515 -0.367876 4.3 -0.00384255 -0.0230844 0.0972232 
qwerty 33 2 0.926668 20.6735 -0.290083 -0.0729251 4.975 0.0215973 0.0512208 0.0831263 
qwerty 33 2 1.57576 13.7823 -0.0745572 0.738901 5.65 0.0137563 0.0839458 0.0525724 
qwerty 33 2 1.34857 4.25814 -0.692098 0.46775 5.82828 -0.0841536 -0.0491045 0.022515 
qwerty 33 2 1.07646 3.18168 -1.18793 0.144734 5.91553 -0.0471114 -0.086616 0.0166787 
qwerty 33 2 0.198982 2.98269 -1.25 0.0306074 5.93751 -0.0428083 -0.0805747 0.0409289 
qwerty 33 2 0.974434 2.00826 -1.51171 -0.320396 6.05569 -0.0935116 -0.0159581 0.0316372 
qwerty 33 2 0.493012 1.51525 -1.83613 -0.280172 6.14229 -0.0828866 -0.0499453 0.0252046 
qwerty 33 2 0.775891 0.739358 -2.01946 -0.496052 6.15048 -0.070396 -0.0629827 -0.0328265 
qwerty 33 2 0.329698 0.40966 -2.16191 -0.562597 6.12928 0.0529904 -0.0214572 0.0820464 
qwerty 33 2 0.335666 0.0739936 -2.12053 -0.579353 6.19335 -0.0727705 -0.0216407 -0.0650855 
qwerty 33 2 0.0739936 0 -2.12402 -0.58039 6.19023 -0.0727705 -0.0216407 -0.0650855 
qwerty 74 33 0.691211 21.9527 -0.389212 -0.414806 4.3 0.0113438 -0.0481321 0.0869173 
qwerty 74 33 0.657401 1.10518 -0.686645 -0.522288 4.55326 -0.0725373 -0.0469117 0.0503749 
qwerty 74 33 0.538932 0.566244 -0.875929 -0.605925 4.61253 -0.0513338 -0.0790992 -0.0332889 
qwerty 74 33 0.495265 0.0709786 -1.0114 -0.63913 4.55326 -0.054462 -0.0516326 -0.0660906 
qwerty 74 33 0.0709786 0 -1.01383 -0.641431 4.55031 -0.054462 -0.0516326 -0.0660906 
qwerty 89 74 0 7.74226 -0.212481 -0.404682 4.975 0.0287436 0.0169162 0.0942743 
qwerty 89 74 0 7.74226 -0.0066786 -0.283563 5.65 0.0287436 0.0169162 0.0942743 
qwerty 89 74 0 7.74226 0.199124 -0.162443 6.325 0.0287436 0.0169162 0.0942743 
qwerty 89 74 0 7.74226 0.404927 -0.0413236 7 0.0287436 0.0169162 0.0942743 
qwerty 89 74 0 7.74226 0.61073 0.079796 7.675 0.0287436 0.0169162 0.0942743 
qwerty 89 74 0 7.74226 0.816532 0.200916 8.35 0.0287436 0.0169162 0.0942743 
qwerty 89 74 0 7.74226 1.02234 0.322035 9.025 0.0287436 0.0169162 0.0942743 
qwerty 89 74 0 7.74226 1.22814 0.443155 9.7 0.0287436 0.0169162 0.0942743 
qwerty 89 74 0 7.74226 1.43394 0.564274 10.375 0.0287436 0.0169162 0.0942743 
qwerty 89 74 0 5.01531 1.78797 0.621199 11.05 0.0510296 0.00464825 0.0858742 
qwerty 89 74 0 5.01531 2.18908 0.657735 11.725 0.0510296 0.00464825 0.0858742 
qwerty 89 74 0 5.01531 2.59019 0.694272 12.4 0.0510296 0.00464825 0.0858742 
qwerty 89 74 0 5.01531 2.9913 0.730809 13.075 0.0510296 0.00464825 0.0858742 
qwerty 89 74 0 5.01531 3.39241 0.767346 13.75 0.0510296 0.00464825 0.0858742 
qwerty 89 74 0 5.01531 3.75 0.799918 14.3518 0.0510296 0.00464825 0.0858742 
qwerty 89 74 0 5.01531 3.79352 0.803883 14.425 0.0510296 0.00464825 0.0858742 
qwerty 89 74 0 5.01531 4.19463 0.840419 15.1 0.0510296 0.00464825 0.0858742 
qwerty 89 74 0 5.01531 4.59574 0.876956 15.775 0.0510296 0.00464825 0.0858742 
qwerty 89 74 0 5.01531 4.99685 0.913493 16.45 0.0510296 0.00464825 0.0858742 
qwerty 89 74 0 5.01531 5.39796 0.95003 17.125 0.0510296 0.00464825 0.0858742 
qwerty 89 74 0 5.01531 5.79907 0.986567 17.8 0.0510296 0.00464825 0.0858742 
qwerty 89 74 0 5.01531 6.20018 1.0231 18.475 0.0510296 0.00464825 0.0858742 
qwerty 89 74 0 5.01531 6.60129 1.05964 19.15 0.0510296 0.00464825 0.0858742 
qwerty 89 74 0 5.01531 7.0024 1.09618 19.825 0.0510296 0.00464825 0.0858742 
qwerty 89 74 0 5.01531 7.40351 1.13271 20.5 0.0510296 0.00464825 0.0858742 
qwerty 89 74 0 5.01531 7.80462 1.16925 21.175 0.0510296 0.00464825 0.0858742 
qwerty 89 74 0 0.260083 7.41684 0.655695 20.675 -0.0497574 -0.0538564 -0.0679977 
qwerty 91 89 1.07207 3.47456 8.31959 0.724797 21.5903 0.069643 -0.0555698 0.0454076 
qwerty 91 89 0.768061 2.7065 8.67976 0.435979 21.7905 0.0439189 -0.0886116 0.0148028 
qwerty 91 89 0.649807 2.05669 8.85615 0.0800824 21.85 -0.0382765 -0.0923179 0.0035104 
qwerty 91 89 0.664113 1.31588 8.89351 -0.243427 21.784 0.0338098 -0.0881091 0.0330709 
qwerty 91 89 0.355026 0.960849 8.96098 -0.419259 21.85 -0.0177381 -0.0446294 0.0877131 
qwerty 91 89 0.0704149 0.738133 8.9648 -0.447561 21.8103 0.0105966 -0.0237393 -0.0965617 
qwerty 91 89 0.0583417 0.679791 8.97486 -0.458142 21.7704 -0.0143524 -0.00114521 -0.0989581 
qwerty 91 89 0.0670464 0.612745 8.97242 -0.451303 21.733 -0.0552201 0.0574959 -0.0603736 
qwerty 91 89 0.167542 0.445202 8.93006 -0.403748 21.7082 -0.0911816 0.0386398 0.0138881 
qwerty 91 89 0.159847 0.285356 8.85676 -0.409478 21.7157 -0.0828166 0.0262724 0.0495092 
qwerty 91 89 0.285356 0 8.81929 -0.397593 21.7381 -0.0828166 0.0262724 0.0495092 
qwerty 90 89 0.770838 1.84197 1.61722 0.980158 10.6635 -0.0208645 0.0961882 0.0176777 
qwerty 90 89 0.547464 1.29451 1.55869 1.25 10.7131 -0.0131012 0.0214055 0.0967996 
qwerty 90 89 0.104328 0.772705 1.54713 1.25537 10.7668 -0.0762836 0.0180384 0.0620921 
qwerty 90 89 0.356845 0.41586 1.43966 1.30338 10.8343 -0.0756598 -0.00630002 -0.0650838 
qwerty 90 89 0.297295 0.118565 1.37344 1.29238 10.7898 0.0191149 0.0815763 -0.0545887 
qwerty 90 89 0.118565 0 1.3755 1.30119 10.7839 0.0191149 0.0815763 -0.0545887 
qwerty 93 90 0.0181057 0.399369 1.54902 1.25562 10.7766 0.0250299 -0.0141657 0.0957749 
qwerty 93 90 0.0133117 0.386057 1.55213 1.25425 10.7844 0.00172979 -0.0303137 0.095279 
qwerty 93 90 0.0214312 0.364626 1.55232 1.25238 10.794 0.0208261 0.0110022 0.0971865 
qwerty 93 90 0.0198805 0.344745 1.55411 1.25573 10.8035 0.021941 0.0334994 0.0916318 
qwerty 93 90 0.0432887 0.301457 1.55832 1.25831 10.8116 0.0474125 0.0647021 0.0597134 
qwerty 93 90 0.014418 0.287039 1.56451 1.26383 10.816 0.0640412 0.057245 0.0512029 
qwerty 93 90 0.0188815 0.268157 1.5682 1.26887 10.8213 0.0718299 0.0594117 0.0362039 
qwerty 93 90 0.0223305 0.245827 1.57516 1.27809 10.8239 0.0329469 0.0872897 0.0359862 
qwerty 93 90 0.0418027 0.204024 1.58132 1.28843 10.8319 -0.00459837 0.0350839 0.0935306 
qwerty 93 90 0.0590164 0.145008 1.57932 1.29046 10.8502 0.0174848 0.0522753 0.0834361 
qwerty 93 90 0.145008 0 1.58197 1.29838 10.8628 0.0174848 0.0522753 0.0834361 
qwerty 88 74 0 9.50921 -0.281196 -0.728348 4.975 0.0141242 -0.0416347 0.0898168 
qwerty 88 74 0 9.50921 -0.175048 -1.04124 5.65 0.0141242 -0.0416347 0.0898168 
qwerty 94 88 1.48778 4.32332 0.378964 -0.743208 6.27404 0.0736923 0.0326627 0.0591827 
qwerty 94 88 0.21285 4.11047 0.442421 -0.715082 6.325 0.0784107 0.0456381 0.0420585 
qwerty 98 94 0 0.481565 -0.688123 1.16741 7 -0.0507093 0.0810998 0.0291788 
qwerty 98 94 0 0.481565 -1.25 2.06603 7.32331 -0.0507093 0.0810998 0.0291788 
qwerty 98 94 0 0.210604 -1.53197 2.51698 7.48556 0.024099 -0.0579712 0.0778369 
qwerty 98 94 0 0.210604 -1.47332 2.37589 7.675 0.024099 -0.0579712 0.0778369 
qwerty 98 94 0 0.210604 -1.26433 1.87317 8.35 0.024099 -0.0579712 0.0778369 
qwerty 101 98 0.270961 0 -1.55276 2.55312 7.48391 -0.0498316 0.0866093 -0.00395554 
qwerty 97 94 0 0.498925 2.49619 0.690432 7 0.0791765 0.0549776 0.0266187 
qwerty 96 94 0 0.347431 1.25 -0.462127 6.05057 0.0874818 0.020553 -0.0438692 
qwerty 96 94 0 0.347431 1.69983 -0.356444 5.825 0.0874818 0.020553 -0.0438692 
qwerty 87 33 0 0.203947 1.25 0.839065 6.27641 0.0938769 0.00363246 0.0342627 
qwerty 87 33 0 0.203947 1.38313 0.844216 6.325 0.0938769 0.00363246 0.0342627 
qwerty 86 33 0 0.398867 0.727136 0.648312 6.325 0.0808069 -0.0170263 0.0563945 
qwerty 85 33 0 1.26655 1.20432 0.219675 6.325 0.0841988 -0.039951 0.0362558 
qwerty 85 33 0 0.376194 1.40429 0.108107 7 -0.0300921 0.0112278 0.0947016 
qwerty 85 33 0 0.376194 1.25 0.198997 7.50774 -0.0282504 0.0184114 0.0941432 
qwerty 85 33 0 0.376194 1.19981 0.231707 7.675 -0.0282504 0.0184114 0.0941432 
qwerty 85 33 0 0.376194 0.997255 0.363716 8.35 -0.0282504 0.0184114 0.0941432 
qwerty 84 33 0 0.48504 0.398053 0.296281 6.325 0.0514836 -0.0592936 0.061917 
qwerty 84 33 0 0.48504 0.959311 -0.35012 7 0.0514836 -0.0592936 0.061917 
qwerty 84 33 0 0.48504 1.25 -0.684907 7.3496 0.0514836 -0.0592936 0.061917 
qwerty 84 33 0 0.48504 1.52057 -0.996521 7.675 0.0514836 -0.0592936 0.061917 
qwerty 84 33 0 0.48504 1.74066 -1.25 7.93969 0.0514836 -0.0592936 0.061917 
qwerty 84 33 0 0.48504 2.08183 -1.64292 8.35 0.0514836 -0.0592936 0.061917 
qwerty 84 33 0 0.273717 2.63878 -2.28436 9.01982 -0.0691957 -0.0187587 0.0697142 
qwerty 84 33 0 0.273717 2.63364 -2.28576 9.025 -0.0691957 -0.0187587 0.0697142 
qwerty 111 84 0.00594079 0.205382 2.64144 -2.28633 9.02037 0.069645 -0.0695836 0.0175414 
qwerty 111 84 0.00623053 0.199152 2.64301 -2.28799 9.02122 0.082648 -0.0420037 0.0374833 
qwerty 111 84 0.00578869 0.193363 2.6453 -2.28865 9.02238 0.0992417 -0.0114667 0.00442748 
qwerty 111 84 0.00633012 0.187033 2.64785 -2.2893 9.02292 0.0944558 -0.00520114 0.0324198 
qwerty 111 84 0.00716655 0.179866 2.65065 -2.28965 9.02383 0.0881575 0.02371 0.0408178 
qwerty 111 84 0.00607019 0.173796 2.65294 -2.28913 9.02478 0.0838822 0.0239886 0.0488704 
qwerty 111 84 0.00110223 0.172694 2.65333 -2.28902 9.025 0.0819546 0.0254135 0.0513575 
qwerty 111 84 0.0041337 0.135335 2.6531 -2.28965 9.0237 0.0278375 -0.0160393 -0.0946986 
qwerty 111 84 0.00791297 0.127422 2.65352 -2.2897 9.02251 0.0232215 -0.013833 -0.0962778 
qwerty 111 84 0.00436756 0.123055 2.65394 -2.28982 9.02121 0.0190612 -0.00822964 -0.097821 
qwerty 111 84 0.00646739 0.116587 2.65385 -2.28954 9.01878 -0.031391 -0.0264795 -0.0911781 
qwerty 111 84 0.0113455 0.105242 2.6521 -2.29162 9.01598 -0.0172701 -0.0686332 -0.0706486 
qwerty 111 84 0.0217346 0.0835073 2.65122 -2.29613 9.01441 0.0191775 -0.0919357 -0.0343519 
qwerty 111 84 0.0311238 0.0523834 2.65058 -2.29962 9.00951 0.059931 0.00436312 -0.0799327 
qwerty 111 84 0.0523834 0 2.65215 -2.29951 9.00742 0.059931 0.00436312 -0.0799327 
qwerty 81 33 0 0.433766 -0.245447 0.522043 5.65 0.00560843 0.0678185 0.0732748 
qwerty 81 33 0 0.433766 -0.193783 1.14678 6.325 0.00560843 0.0678185 0.0732748 
qwerty 81 33 0 0.433766 -0.142119 1.77152 7 0.00560843 0.0678185 0.0732748 
qwerty 79 33 0 1.66173 -0.179231 0.391181 5.65 0.0127288 0.0567984 0.0813137 
qwerty 79 33 0 1.66173 -0.073567 0.862675 6.325 0.0127288 0.0567984 0.0813137 
qwerty 79 33 0 1.66173 0.0132341 1.25 6.8795 0.0127288 0.0567984 0.0813137 
qwerty 79 33 0 1.66173 0.0320969 1.33417 7 0.0127288 0.0567984 0.0813137 
qwerty 79 33 0 0.681112 0.064445 1.47851 7.20665 0.0765053 -0.0100856 0.063602 
qwerty 79 33 0 0.681112 0.627817 1.40424 7.675 0.0765053 -0.0100856 0.063602 
qwerty 79 33 0 0.681112 1.43976 1.29721 8.35 0.0765053 -0.0100856 0.063602 
qwerty 79 33 0 0.681112 2.2517 1.19017 9.025 0.0765053 -0.0100856 0.063602 
qwerty 79 33 0 0.681112 3.06364 1.08313 9.7 0.0765053 -0.0100856 0.063602 
qwerty 79 33 0 0.681112 3.75 0.99265 10.2706 0.0765053 -0.0100856 0.063602 
qwerty 79 33 0 0.681112 3.87558 0.976095 10.375 0.0765053 -0.0100856 0.063602 
qwerty 79 33 0 0.681112 4.68752 0.869057 11.05 0.0765053 -0.0100856 0.063602 
qwerty 79 33 0 0.681112 5.49946 0.76202 11.725 0.0765053 -0.0100856 0.063602 
qwerty 79 33 0 0.681112 6.3114 0.654982 12.4 0.0765053 -0.0100856 0.063602 
qwerty 79 33 0 0.681112 7.19241 0.627113 13.075 0.0798438 -0.00102691 0.060199 
qwerty 79 33 0 0.681112 8.08768 0.615599 13.75 0.0798438 -0.00102691 0.060199 
qwerty 79 33 0 0.681112 8.75 0.60708 14.2494 0.0798438 -0.00102691 0.060199 
qwerty 79 33 0 0.410458 8.95258 0.604475 14.4021 0.062751 0.0778342 0.00203634 
qwerty 79 33 0 0.410458 9.65835 1.47989 14.425 0.062751 0.0778342 0.00203634 
qwerty 119 79 0.0286918 0.241963 8.96139 0.600934 14.4124 0.0794032 -0.0288898 0.0534837 
qwerty 119 79 0.0185178 0.223445 8.96806 0.601038 14.4181 0.0766156 -0.0501939 0.0401324 
qwerty 119 79 0.0124076 0.211037 8.971 0.598502 14.4198 0.0378167 -0.071556 0.0587336 
qwerty 119 79 0.0112755 0.199762 8.97169 0.595256 14.423 -0.000373225 -0.0937839 0.0347049 
qwerty 119 79 0.0120764 0.187685 8.97163 0.591383 14.4237 0.00620883 -0.0900601 0.0430189 
qwerty 119 79 0.0127392 0.174946 8.97181 0.588748 14.425 0.0101622 -0.093559 0.0338149 
qwerty 119 79 0.00473875 0.130722 8.97085 0.588911 14.4242 -0.0774999 -0.00703053 -0.062804 
qwerty 119 79 0.0028167 0.127906 8.96987 0.588714 14.4234 -0.0730975 -0.00456244 -0.0680877 
qwerty 119 79 0.00425749 0.123648 8.96902 0.58872 14.4225 -0.0644204 -0.0310125 -0.069916 
qwerty 119 79 0.00543655 0.118211 8.96797 0.587876 14.4214 -0.0640516 -0.0138724 -0.0755311 
qwerty 119 79 0.00623967 0.111972 8.96689 0.587099 14.4196 -0.0283133 -0.0180384 -0.0941964 
qwerty 119 79 0.00904257 0.102929 8.96689 0.586483 14.417 0.00325061 -0.0166545 -0.0985498 
qwerty 119 79 0.0217419 0.0811874 8.9666 0.587033 14.4126 0.0550968 0.0823952 -0.0132431 
qwerty 119 79 0.0811874 0 8.9697 0.591672 14.4119 0.0550968 0.0823952 -0.0132431 
qwerty 118 79 0.116399 0.864219 0.06476 1.53346 7.26317 -0.0133916 0.082427 0.0550133 
qwerty 118 79 0.125431 0.738788 0.0768047 1.60078 7.29687 -0.0269343 0.0817854 0.0508496 
qwerty 118 79 0.190815 0.547973 0.0612163 1.65481 7.35502 0.0210439 0.0914189 0.0346371 
qwerty 118 79 0.237311 0.310661 0.0255317 1.74139 7.38701 -0.0393089 -0.0057112 0.0917725 
qwerty 118 79 0.310661 0 0.00524559 1.73844 7.43437 -0.0393089 -0.0057112 0.0917725 
qwerty 78 33 0 2.00239 -0.274594 -0.184102 4.975 0.028524 0.0328617 0.090036 
qwerty 76 33 0 0.21631 -0.349731 -0.264723 4.975 0.0167013 0.0202276 0.0964982 
qwerty 75 33 0 2.86909 -0.395543 -0.417228 4.975 0.00809189 -0.00613409 0.0994831 
qwerty 75 33 0 2.40869 -0.441675 -0.600289 5.65 -0.00722714 -0.0269719 0.0960223 
qwerty 75 33 0 2.40869 -0.492479 -0.789891 6.325 -0.00722714 -0.0269719 0.0960223 
qwerty 75 33 0 2.40869 -0.543283 -0.979494 7 -0.00722714 -0.0269719 0.0960223 
qwerty 75 33 0 2.40869 -0.594087 -1.1691 7.675 -0.00722714 -0.0269719 0.0960223 
qwerty 75 33 0 2.40869 -0.615765 -1.25 7.96303 -0.00722714 -0.0269719 0.0960223 
qwerty 75 33 0 2.40869 -0.644891 -1.3587 8.35 -0.00722714 -0.0269719 0.0960223 
qwerty 75 33 0 2.40869 -0.695695 -1.5483 9.025 -0.00722714 -0.0269719 0.0960223 
qwerty 75 33 0 2.40869 -0.746499 -1.7379 9.7 -0.00722714 -0.0269719 0.0960223 
qwerty 75 33 0 2.40869 -0.797303 -1.9275 10.375 -0.00722714 -0.0269719 0.0960223 
qwerty 75 33 0 2.40869 -0.848107 -2.11711 11.05 -0.00722714 -0.0269719 0.0960223 
qwerty 75 33 0 2.40869 -0.898911 -2.30671 11.725 -0.00722714 -0.0269719 0.0960223 
qwerty 75 33 0 2.40869 -0.949715 -2.49631 12.4 -0.00722714 -0.0269719 0.0960223 
qwerty 75 33 0 2.40869 -1.00052 -2.68591 13.075 -0.00722714 -0.0269719 0.0960223 
qwerty 75 33 0 2.40869 -1.05132 -2.87552 13.75 -0.00722714 -0.0269719 0.0960223 
qwerty 75 33 0 2.40869 -1.10213 -3.06512 14.425 -0.00722714 -0.0269719 0.0960223 
qwerty 73 33 0 2.31195 -0.414517 -0.337345 4.3 0.00894133 -0.0238617 0.0966989 
qwerty 73 33 0 2.31195 -0.352103 -0.50391 4.975 0.00894133 -0.0238617 0.0966989 
qwerty 73 33 0 2.31195 -0.289688 -0.670475 5.65 0.00894133 -0.0238617 0.0966989 
qwerty 73 33 0 2.31195 -0.227274 -0.83704 6.325 0.00894133 -0.0238617 0.0966989 
qwerty 73 33 0 2.31195 -0.16486 -1.00361 7 0.00894133 -0.0238617 0.0966989 
qwerty 73 33 0 1.06113 0.458371 -1.7742 7.675 0.0534586 -0.0675876 0.0507356 
qwerty 73 33 0 1.06113 1.1696 -2.67341 8.35 0.0534586 -0.0675876 0.0507356 
qwerty 73 33 0 1.06113 1.88083 -3.57261 9.025 0.0534586 -0.0675876 0.0507356 
qwerty 73 33 0 1.06113 2.59206 -4.47181 9.7 0.0534586 -0.0675876 0.0507356 
qwerty 73 33 0 1.06113 3.30328 -5.37102 10.375 0.0534586 -0.0675876 0.0507356 
qwerty 73 33 0 1.06113 3.99852 -6.25 11.0348 0.0534586 -0.0675876 0.0507356 
qwerty 73 33 0 1.06113 4.01451 -6.27022 11.05 0.0534586 -0.0675876 0.0507356 
qwerty 73 33 0 1.06113 4.72574 -7.16943 11.725 0.0534586 -0.0675876 0.0507356 
qwerty 73 33 0 1.06113 5.43697 -8.06863 12.4 0.0534586 -0.0675876 0.0507356 
qwerty 133 129 0 0.426059 -0.440452 -0.772496 6.5 -0.0402232 0.0359621 -0.0841951 
qwerty 133 129 0 0.426059 -0.762925 -0.484184 5.825 -0.0402232 0.0359621 -0.0841951 
qwerty 71 33 0 0.42516 -0.477084 -0.256017 4.3 -0.00129941 -0.0101006 0.0994801 
qwerty 70 33 0 2.29585 -0.484338 -0.244859 4.3 -0.00256752 -0.00828979 0.0996227 
qwerty 70 33 0 2.29585 -0.501734 -0.301027 4.975 -0.00256752 -0.00828979 0.0996227 
qwerty 70 33 0 2.29585 -0.51913 -0.357195 5.65 -0.00256752 -0.00828979 0.0996227 
qwerty 70 33 0 2.29585 -0.536527 -0.413363 6.325 -0.00256752 -0.00828979 0.0996227 
qwerty 140 139 0 0.145553 -0.499339 -0.38957 6.54632 -0.0119634 -0.0426844 -0.0896377 
qwerty 140 139 0 0.145553 -0.505521 -0.411625 6.5 -0.0119634 -0.0426844 -0.0896377 
qwerty 141 140 0.18278 0 -0.500039 -0.377208 6.56475 -0.00315353 0.0556748 0.0830083 
qwerty 69 33 0 10.0877 -0.496515 -0.258227 4.3 -0.00443774 -0.010314 0.0993676 
qwerty 143 69 0.894297 6.01354 -0.574101 -0.211768 4.975 -0.0102767 0.000677352 0.0994682 
qwerty 145 143 0 0.127676 -0.808771 -0.849346 5.65 -0.0287927 -0.0675045 0.0679274 
qwerty 68 33 0 6.2252 -0.482089 -0.196066 3.625 -0.00696889 -0.0141638 0.0987463 
qwerty 68 33 0 6.2252 -0.529727 -0.292886 4.3 -0.00696889 -0.0141638 0.0987463 
qwerty 68 33 0 6.2252 -0.577364 -0.389705 4.975 -0.00696889 -0.0141638 0.0987463 
qwerty 68 33 0 6.2252 -0.625001 -0.486524 5.65 -0.00696889 -0.0141638 0.0987463 
qwerty 68 33 0 6.2252 -0.672638 -0.583343 6.325 -0.00696889 -0.0141638 0.0987463 
qwerty 68 33 0 6.2252 -0.720276 -0.680162 7 -0.00696889 -0.0141638 0.0987463 
qwerty 68 33 0 6.2252 -0.767913 -0.776982 7.675 -0.00696889 -0.0141638 0.0987463 
qwerty 68 33 0 6.2252 -0.81555 -0.873801 8.35 -0.00696889 -0.0141638 0.0987463 
qwerty 68 33 0 6.2252 -0.863188 -0.97062 9.025 -0.00696889 -0.0141638 0.0987463 
qwerty 68 33 0 6.2252 -0.910825 -1.06744 9.7 -0.00696889 -0.0141638 0.0987463 
qwerty 68 33 0 6.2252 -0.958462 -1.16426 10.375 -0.00696889 -0.0141638 0.0987463 
qwerty 68 33 0 6.2252 -1.00065 -1.25 10.9728 -0.00696889 -0.0141638 0.0987463 
qwerty 68 33 0 6.2252 -1.0061 -1.26108 11.05 -0.00696889 -0.0141638 0.0987463 
qwerty 68 33 0 6.2252 -1.05374 -1.3579 11.725 -0.00696889 -0.0141638 0.0987463 
qwerty 68 33 0 6.2252 -1.10137 -1.45472 12.4 -0.00696889 -0.0141638 0.0987463 
qwerty 68 33 0 6.2252 -1.14901 -1.55154 13.075 -0.00696889 -0.0141638 0.0987463 
qwerty 68 33 0 6.2252 -1.19665 -1.64835 13.75 -0.00696889 -0.0141638 0.0987463 
qwerty 68 33 0 6.2252 -1.24429 -1.74517 14.425 -0.00696889 -0.0141638 0.0987463 
qwerty 68 33 0 6.2252 -1.29192 -1.84199 15.1 -0.00696889 -0.0141638 0.0987463 
qwerty 68 33 0 6.2252 -1.33956 -1.93881 15.775 -0.00696889 -0.0141638 0.0987463 
qwerty 66 33 0 5.84844 -0.486087 -0.17192 3.625 -0.00802159 -0.0101584 0.0991588 
qwerty 154 153 0 5.09925 -0.855397 -0.998764 4.3 -0.0335511 -0.0765383 0.0549201 
qwerty 154 153 0 5.09925 -1.25 -1.89895 4.94593 -0.0335511 -0.0765383 0.0549201 
qwerty 154 153 0 5.09925 -1.26776 -1.93946 4.975 -0.0335511 -0.0765383 0.0549201 
qwerty 154 153 0 5.09925 -1.68012 -2.88016 5.65 -0.0335511 -0.0765383 0.0549201 
qwerty 154 153 0 5.09925 -2.09249 -3.82087 6.325 -0.0335511 -0.0765383 0.0549201 
qwerty 65 33 0 0.390703 -0.432996 -0.1126 2.95 -0.00829718 -0.0117528 0.0989597 
qwerty 65 33 0 0.390703 -0.489591 -0.192765 3.625 -0.00829718 -0.0117528 0.0989597 
qwerty 64 33 0 20.5822 -0.438538 -0.094117 2.95 -0.00878122 -0.00820389 0.0992753 
qwerty 64 33 0 20.5822 -0.498244 -0.149898 3.625 -0.00878122 -0.00820389 0.0992753 
qwerty 64 33 0 20.5822 -0.55795 -0.205678 4.3 -0.00878122 -0.00820389 0.0992753 
qwerty 64 33 0 20.5822 -0.617656 -0.261458 4.975 -0.00878122 -0.00820389 0.0992753 
qwerty 64 33 0 20.5822 -0.677362 -0.317239 5.65 -0.00878122 -0.00820389 0.0992753 
qwerty 64 33 0 20.5822 -0.737067 -0.373019 6.325 -0.00878122 -0.00820389 0.0992753 
qwerty 158 64 1.4505 12.7019 -0.79953 -1.25 6.87586 0.0194548 -0.0877575 0.0438193 
qwerty 158 64 0.405992 12.2959 -0.744416 -1.49861 7 0.0184448 -0.0849508 0.0494283 
qwerty 158 64 0 7.51038 -0.644243 -1.5134 7.175 0.0985346 0.0157769 -0.0064831 
qwerty 158 64 1.74981 5.39671 0.118948 -1.11575 7.64498 0.069285 0.0582676 0.042479 
qwerty 158 64 0.098035 5.29868 0.167916 -1.07456 7.675 0.0749394 0.0531719 0.0394567 
qwerty 164 158 0 2.59728 1.04311 -1.57612 7.175 0.0728883 -0.0484448 -0.0483778 
qwerty 164 158 0 2.59728 2.06009 -2.25205 6.5 0.0728883 -0.0484448 -0.0483778 
qwerty 164 158 0 0.249162 2.87827 -2.79585 5.95695 -0.0619086 0.0783865 0.0047839 
qwerty 164 158 0 0.249162 1.25 -0.734191 6.08278 -0.0619086 0.0783865 0.0047839 
qwerty 164 158 0 0.249162 -1.25 2.43122 6.27596 -0.0619086 0.0783865 0.0047839 
qwerty 164 158 0 0.249162 -1.88463 3.23476 6.325 -0.0619086 0.0783865 0.0047839 
qwerty 166 164 0.0113741 0.219156 -1.88933 3.23524 6.32369 -0.0826677 -0.0450548 -0.0337063 
qwerty 166 164 0.00474572 0.21441 -1.89205 3.23405 6.32248 -0.090232 -0.0389951 -0.018373 
qwerty 166 164 0.00517442 0.209235 -1.89526 3.23312 6.32136 -0.0878526 -0.0331643 -0.034381 
qwerty 166 164 0.00513714 0.204098 -1.89782 3.23196 6.31989 -0.070912 -0.0440942 -0.0550199 
qwerty 166 164 0.00590657 0.198192 -1.90014 3.23018 6.31838 -0.087574 -0.0268454 -0.0401263 
qwerty 166 164 0.00931322 0.188879 -1.90376 3.22997 6.3169 -0.0910361 -0.0133067 -0.0391836 
qwerty 166 164 0.0109138 0.177965 -1.90881 3.22883 6.31616 -0.0880161 -0.0440578 -0.0176655 
qwerty 166 164 0.012031 0.165934 -1.91319 3.22755 6.31428 -0.0708318 -0.0421058 -0.0566565 
qwerty 166 164 0.0384432 0.127491 -1.91811 3.22568 6.31182 -0.0507367 -0.0747718 -0.0428365 
qwerty 166 164 0.0629151 0.0645754 -1.92024 3.21978 6.31067 -0.0349111 -0.0912537 -0.021307 
qwerty 166 164 0.0645754 0 -1.92156 3.21634 6.30987 -0.0349111 -0.0912537 -0.021307 
qwerty 165 164 0.487503 1.86062 3.09126 -2.94706 5.825 0.0761507 0.0280521 -0.0584308 
qwerty 165 164 0.373253 1.04231 3.25998 -2.84464 5.91652 0.0928206 0.0324416 0.0182175 
qwerty 165 164 0.342165 0.700141 3.42174 -2.76179 5.92756 -0.0461132 -0.0359313 -0.0811327 
qwerty 165 164 0.393347 0.306794 3.36345 -2.80721 5.825 0.0167573 -0.0553303 -0.0815951 
qwerty 161 158 0 0.336814 -0.564968 -2.01516 7.675 0.0197693 -0.0591872 0.0781412 
qwerty 161 158 0 0.227052 -0.503794 -2.19831 7.9168 -0.0538244 0.0369727 0.0757361 
qwerty 161 158 0 0.227052 -0.811663 -1.98683 8.35 -0.0538244 0.0369727 0.0757361 
qwerty 168 161 0.109762 0 -0.498724 -2.20591 7.91925 0.0535657 -0.0803786 0.0258842 
qwerty 160 158 0 1.09432 -0.818474 -0.60583 7 -0.011365 -0.0355045 0.0927915 
qwerty 160 158 0 1.09432 -0.901147 -0.864103 7.675 -0.011365 -0.0355045 0.0927915 
qwerty 160 158 0 1.09432 -0.98382 -1.12238 8.35 -0.011365 -0.0355045 0.0927915 
qwerty 160 158 0 1.09432 -1.06649 -1.38065 9.025 -0.011365 -0.0355045 0.0927915 
qwerty 160 158 0 1.09432 -1.14917 -1.63892 9.7 -0.011365 -0.0355045 0.0927915 
qwerty 160 158 0 1.09432 -1.23184 -1.89719 10.375 -0.011365 -0.0355045 0.0927915 
qwerty 160 158 0 1.09432 -1.31451 -2.15547 11.05 -0.011365 -0.0355045 0.0927915 
qwerty 160 158 0 1.09432 -1.39719 -2.41374 11.725 -0.011365 -0.0355045 0.0927915 
qwerty 160 158 0 1.09432 -1.47986 -2.67201 12.4 -0.011365 -0.0355045 0.0927915 
qwerty 160 158 0 1.09432 -1.56253 -2.93029 13.075 -0.011365 -0.0355045 0.0927915 
qwerty 160 158 0 1.09432 -1.64521 -3.18856 13.75 -0.011365 -0.0355045 0.0927915 
qwerty 160 158 0 1.09432 -1.72788 -3.44683 14.425 -0.011365 -0.0355045 0.0927915 
qwerty 160 158 0 1.09432 -1.81055 -3.70511 15.1 -0.011365 -0.0355045 0.0927915 
qwerty 63 33 0 20.7324 -0.455468 -0.0925784 2.95 -0.0115699 -0.00796641 0.0990085 
qwerty 63 33 0 20.7324 -0.534347 -0.14689 3.625 -0.0115699 -0.00796641 0.0990085 
qwerty 63 33 0 20.7324 -0.613226 -0.201202 4.3 -0.0115699 -0.00796641 0.0990085 
qwerty 63 33 0 20.7324 -0.692105 -0.255514 4.975 -0.0115699 -0.00796641 0.0990085 
qwerty 63 33 0 20.7324 -0.770984 -0.309826 5.65 -0.0115699 -0.00796641 0.0990085 
qwerty 63 33 0 20.7324 -0.849863 -0.364137 6.325 -0.0115699 -0.00796641 0.0990085 
qwerty 63 33 0 20.7324 -0.928742 -0.418449 7 -0.0115699 -0.00796641 0.0990085 
qwerty 63 33 0 20.7324 -1.00762 -0.472761 7.675 -0.0115699 -0.00796641 0.0990085 
qwerty 63 33 0 20.7324 -1.0865 -0.527073 8.35 -0.0115699 -0.00796641 0.0990085 
qwerty 63 33 0 20.7324 -1.16538 -0.581385 9.025 -0.0115699 -0.00796641 0.0990085 
qwerty 63 33 0 20.7324 -1.24426 -0.635697 9.7 -0.0115699 -0.00796641 0.0990085 
qwerty 63 33 0 20.7324 -1.32314 -0.690008 10.375 -0.0115699 -0.00796641 0.0990085 
qwerty 171 63 1.09986 15.9683 -1.60451 -0.813455 11.05 -0.0499047 -0.0134231 0.0856116 
qwerty 171 63 0.835324 5.90679 -1.98514 -0.696963 11.5734 -0.0718678 0.0247344 0.0649863 
qwerty 171 63 0.0446792 5.54331 -2.0097 -0.687852 11.5952 -0.0840372 0.0183812 0.050989 
qwerty 171 63 0.417727 5.12558 -2.22362 -0.641062 11.725 -0.0632561 0.0408613 0.0657953 
qwerty 175 171 0.318806 0 -2.01918 -0.636639 11.6083 -0.0176602 0.0953581 0.0243916 
qwerty 174 171 0.34337 0.0194327 -2.02324 -0.744619 11.597 -0.00695807 0.0957592 -0.0279601 
qwerty 174 171 0.0194327 0 -2.02327 -0.744192 11.5968 -0.00695807 0.0957592 -0.0279601 
qwerty 177 171 0 1.28448 -1.32828 -0.911909 11.225 0.0827973 -0.0269188 -0.0491934 
qwerty 177 171 0 1.28448 -0.288377 -1.25 10.6071 0.0827973 -0.0269188 -0.0491934 
qwerty 177 171 0 1.28448 -0.192191 -1.28127 10.55 0.0827973 -0.0269188 -0.0491934 
qwerty 177 171 0 1.28448 0.9439 -1.65063 9.875 0.0827973 -0.0269188 -0.0491934 
qwerty 177 171 0 1.28448 2.07999 -2.02 9.2 0.0827973 -0.0269188 -0.0491934 
qwerty 177 171 0 1.28448 3.21608 -2.38936 8.525 0.0827973 -0.0269188 -0.0491934 
qwerty 177 171 0 1.28448 4.35217 -2.75872 7.85 0.0827973 -0.0269188 -0.0491934 
qwerty 177 171 0 1.28448 5.48826 -3.12809 7.175 0.0827973 -0.0269188 -0.0491934 
qwerty 177 171 0 1.28448 6.62435 -3.49745 6.5 0.0827973 -0.0269188 -0.0491934 
qwerty 177 171 0 0.835736 6.88249 -3.75246 5.825 0.0313116 -0.0332557 -0.0889587 
qwerty 177 171 0 0.428111 6.2675 -3.77249 5.15 -0.0697729 -0.000264457 -0.0716357 
qwerty 177 171 0 0.428111 5.61005 -3.77498 4.475 -0.0697729 -0.000264457 -0.0716357 
qwerty 177 171 0 0.428111 4.9526 -3.77747 3.8 -0.0697729 -0.000264457 -0.0716357 
qwerty 177 171 0 0.153205 4.85847 -4.70558 4.1192 -0.00815126 -0.036993 -0.0925477 
qwerty 177 171 0 0.153205 4.83036 -4.83317 3.8 -0.00815126 -0.036993 -0.0925477 
qwerty 183 177 0.0618067 0 4.85841 -4.70754 4.12209 -0.00187363 -0.0560167 0.0828167 
qwerty 173 171 0 5.75794 -1.84998 -0.675544 11.725 -0.0336561 0.0229657 0.0913227 
qwerty 173 171 0 5.75794 -2.09874 -0.505796 12.4 -0.0336561 0.0229657 0.0913227 
qwerty 173 171 0 5.75794 -2.34751 -0.336048 13.075 -0.0336561 0.0229657 0.0913227 
qwerty 173 171 0 5.75794 -2.59627 -0.1663 13.75 -0.0336561 0.0229657 0.0913227 
qwerty 173 171 0 5.75794 -2.84504 0.00344838 14.425 -0.0336561 0.0229657 0.0913227 
qwerty 173 171 0 5.75794 -3.0938 0.173196 15.1 -0.0336561 0.0229657 0.0913227 
qwerty 173 171 0 5.75794 -3.34257 0.342944 15.775 -0.0336561 0.0229657 0.0913227 
qwerty 173 171 0 5.75794 -3.59133 0.512692 16.45 -0.0336561 0.0229657 0.0913227 
qwerty 173 171 0 5.75794 -3.75 0.620962 16.8805 -0.0336561 0.0229657 0.0913227 
qwerty 173 171 0 5.75794 -3.8401 0.68244 17.125 -0.0336561 0.0229657 0.0913227 
qwerty 62 33 0 1.44187 -0.466422 -0.0754385 2.95 -0.0132927 -0.00521285 0.0989754 
qwerty 62 33 0 1.44187 -0.557077 -0.110989 3.625 -0.0132927 -0.00521285 0.0989754 
qwerty 62 33 0 1.44187 -0.647731 -0.14654 4.3 -0.0132927 -0.00521285 0.0989754 
qwerty 62 33 0 1.44187 -0.738386 -0.182091 4.975 -0.0132927 -0.00521285 0.0989754 
qwerty 62 33 0 1.44187 -0.829041 -0.217642 5.65 -0.0132927 -0.00521285 0.0989754 
qwerty 61 33 0 0.154016 -0.276605 -0.00750101 2.95 0.0170479 0.00548787 0.0983832 
qwerty 60 5 0 0.510999 1.74696 1.25 1.32709 -0.047066 0.0851979 0.0229372 
qwerty 60 5 0 0.510412 1.42739 1.82848 1.48283 -0.047983 0.0858128 0.0182702 
qwerty 60 5 0 0.510412 1.11968 2.3788 1.6 -0.047983 0.0858128 0.0182702 
qwerty 60 5 0 0.435471 0.621778 3.82367 2.275 -0.00763223 0.0793265 0.0604075 
qwerty 60 5 0 0.435471 0.536495 4.71007 2.95 -0.00763223 0.0793265 0.0604075 
qwerty 190 60 0.000586972 0 1.42739 1.82848 1.48283 0.0179774 -0.010769 0.0977796 
qwerty 53 31 0 0.510999 7.52116 3.02099 3.625 0.0327277 -0.00570226 0.0943206 
qwerty 53 31 0 0.510999 7.75537 2.98019 4.3 0.0327277 -0.00570226 0.0943206 
qwerty 53 31 0 0.510999 7.98958 2.93938 4.975 0.0327277 -0.00570226 0.0943206 
qwerty 52 31 0 0.510999 7.34766 3.05122 3.125 -0.0327277 0.00570226 -0.0943206 
qwerty 52 31 0 0.510999 7.11345 3.09203 2.45 -0.0327277 0.00570226 -0.0943206 
qwerty 52 31 0 0.510999 6.87924 3.13284 1.775 -0.0327277 0.00570226 -0.0943206 
qwerty 52 31 0 0.510999 6.64502 3.17365 1.1 -0.0327277 0.00570226 -0.0943206 
qwerty 50 34 0 12.0771 -1.18997 0.304636 5.65 0.00823663 0.0527574 0.0845507 
qwerty 50 34 0 12.0771 -1.12422 0.725818 6.325 0.00823663 0.0527574 0.0845507 
qwerty 205 50 1.00184 2.9217 -0.990975 1.12273 5.90248 0.0932874 0.0184556 -0.0309331 
qwerty 205 50 0.128543 1.68532 -0.905151 1.15042 5.87497 -0.0683823 0.0449549 -0.057471 
qwerty 205 50 0.178067 1.50726 -0.964609 1.1895 5.825 -0.0692147 0.0541948 -0.0476681 
qwerty 205 50 0.459127 0.887727 -1.13332 1.15468 5.91023 -0.0958066 -0.0245031 0.0148557 
qwerty 205 50 0.234379 0.653348 -1.25 1.12483 5.92832 -0.082746 -0.0558019 0.00626433 
qwerty 205 50 0.0845102 0.568838 -1.28241 1.10877 5.93912 -0.0700856 -0.0699441 0.0139939 
qwerty 205 50 0.0430653 0.525773 -1.30387 1.0931 5.94644 -0.0676825 -0.0702406 0.0220304 
qwerty 205 50 0.0465603 0.479213 -1.31993 1.06697 5.94648 -0.0856768 -0.0495937 0.0141404 
qwerty 205 50 0.0828626 0.39635 -1.3495 1.03126 5.94174 -0.0615154 -0.0786019 0.00613231 
qwerty 205 50 0.12187 0.27448 -1.3691 0.983717 5.91853 -0.0694679 -0.0417971 -0.0585424 
qwerty 205 50 0.27448 0 -1.39868 0.965923 5.89361 -0.0694679 -0.0417971 -0.0585424 
qwerty 207 205 0.0847861 1.02305 -0.911162 1.14198 5.825 -0.0402413 0.0139218 -0.090481 
qwerty 207 205 0.108858 0.829224 -0.933817 1.07743 5.86095 -0.0267043 -0.0818803 0.0508182 
qwerty 207 205 0.0109041 0.479785 -0.93647 1.0709 5.86538 0.00767499 -0.0961532 0.0263751 
qwerty 207 205 0.108744 0.371041 -0.962782 1.01662 5.89505 0.011883 -0.0951567 0.028355 
qwerty 207 205 0.156851 0.21419 -0.987758 0.959754 5.89931 -0.0800799 0.0321127 0.0505568 
qwerty 207 205 0.21419 0 -1.01076 0.968976 5.91383 -0.0800799 0.0321127 0.0505568 
qwerty 208 207 0.0495013 0.289034 -0.956152 1.07131 5.8785 -0.0308034 -0.0125069 0.0943119 
qwerty 208 207 0.0799531 0.20908 -0.959201 1.06508 5.90657 -0.0570791 -0.0308382 0.0760985 
qwerty 208 207 0.20908 0 -0.974967 1.05656 5.92759 -0.0570791 -0.0308382 0.0760985 
qwerty 49 34 0 1.47051 -1.19095 0.22071 5.65 0.00800469 -0.0351045 0.0932931 
qwerty 49 34 0 1.47051 -1.13303 -0.03328 6.325 0.00800469 -0.0351045 0.0932931 
qwerty 49 34 0 1.47051 -1.07512 -0.28727 7 0.00800469 -0.0351045 0.0932931 
qwerty 49 34 0 1.47051 -1.0172 -0.54126 7.675 0.00800469 -0.0351045 0.0932931 
qwerty 49 34 0 1.47051 -0.959283 -0.795251 8.35 0.00800469 -0.0351045 0.0932931 
qwerty 49 34 0 1.47051 -0.901367 -1.04924 9.025 0.00800469 -0.0351045 0.0932931 
qwerty 49 34 0 1.47051 -0.855589 -1.25 9.55853 0.00800469 -0.0351045 0.0932931 
qwerty 49 34 0 1.47051 -0.843451 -1.30323 9.7 0.00800469 -0.0351045 0.0932931 
qwerty 49 34 0 1.47051 -0.785535 -1.55722 10.375 0.00800469 -0.0351045 0.0932931 
qwerty 49 34 0 1.47051 -0.727619 -1.81121 11.05 0.00800469 -0.0351045 0.0932931 
qwerty 49 34 0 1.47051 -0.669703 -2.0652 11.725 0.00800469 -0.0351045 0.0932931 
qwerty 49 34 0 1.47051 -0.611787 -2.31919 12.4 0.00800469 -0.0351045 0.0932931 
qwerty 49 34 0 1.47051 -0.553871 -2.57318 13.075 0.00800469 -0.0351045 0.0932931 
qwerty 49 34 0 0.983906 -0.523777 -2.70516 13.4257 -0.00616517 0.0216337 0.097437 
qwerty 49 34 0 0.983906 -0.544294 -2.63317 13.75 -0.00616517 0.0216337 0.097437 
qwerty 49 34 0 0.983906 -0.587004 -2.4833 14.425 -0.00616517 0.0216337 0.097437 
qwerty 49 34 0 0.983906 -0.629713 -2.33343 15.1 -0.00616517 0.0216337 0.097437 
qwerty 49 34 0 0.983906 -0.672423 -2.18356 15.775 -0.00616517 0.0216337 0.097437 
qwerty 49 34 0 0.983906 -0.715132 -2.03369 16.45 -0.00616517 0.0216337 0.097437 
qwerty 49 34 0 0.983906 -0.757842 -1.88382 17.125 -0.00616517 0.0216337 0.097437 
qwerty 49 34 0 0.472231 0.127815 -1.88441 17.8 0.085955 -0.00312778 0.0510094 
qwerty 49 34 0 0.472231 1.25 -1.92524 18.466 0.085955 -0.00312778 0.0510094 
qwerty 49 34 0 0.472231 1.26524 -1.9258 18.475 0.085955 -0.00312778 0.0510094 
qwerty 49 34 0 0.472231 2.40267 -1.96719 19.15 0.085955 -0.00312778 0.0510094 
qwerty 49 34 0 0.200601 1.43464 -2.75028 19.825 -0.0776774 -0.0512944 0.0365392 
qwerty 209 49 0.241272 0.24533 -0.547387 -2.76184 13.5039 0.0160138 -0.0247821 0.0955479 
qwerty 209 49 0.24533 0 -0.541674 -2.77068 13.538 0.0160138 -0.0247821 0.0955479 
qwerty 48 34 0 0.258719 -1.10589 0.091137 5.65 0.0219427 0.00636328 0.0973552 
qwerty 47 34 0 11.5888 -1.20811 0.0672134 5.65 0.00449647 0.00231314 0.0998721 
qwerty 47 34 0 11.5888 -1.17771 0.0828471 6.325 0.00449647 0.00231314 0.0998721 
qwerty 214 47 1.00321 3.79763 -1.008 0.455549 7 -0.00985548 0.0754915 0.0648375 
qwerty 214 47 0.692158 1.45415 -0.980012 0.819823 6.97848 -0.0141989 0.0980982 0.0132339 
qwerty 214 47 0.291976 1.16218 -1.0031 0.979318 7 0.0106792 0.0993898 0.00276157 
qwerty 214 47 0.168676 0.947719 -1.07648 0.994333 6.92734 -0.0646537 0.00993213 -0.075639 
qwerty 214 47 0.160761 0.786958 -1.15022 0.961439 6.8452 -0.0943599 -0.0236683 -0.0231522 
qwerty 214 47 0.229126 0.557832 -1.24951 0.972718 6.83424 -0.0854467 0.0026519 0.0518828 
qwerty 214 47 0.162451 0.395381 -1.30246 1.00962 6.90026 -0.0500559 0.0259658 0.0825844 
qwerty 214 47 0.273192 0.122189 -1.29896 1.0489 6.96939 -0.0381405 -0.00234093 0.0924111 
qwerty 214 47 0.122189 0 -1.30329 1.04863 6.97989 -0.0381405 -0.00234093 0.0924111 
qwerty 217 214 0 1.24836 -1.25 1.83998 7.23011 -0.0253234 0.0956195 0.0146844 
qwerty 217 214 0 1.24836 -2.01721 4.73691 7.675 -0.0253234 0.0956195 0.0146844 
qwerty 46 34 0 12.2264 -1.33451 0.0343064 5.65 -0.0173291 -0.00252484 0.0984547 
qwerty 46 34 0 12.2264 -1.45332 0.0169963 6.325 -0.0173291 -0.00252484 0.0984547 
qwerty 46 34 0 12.2264 -1.57212 -0.000313919 7 -0.0173291 -0.00252484 0.0984547 
qwerty 46 34 0 3.98665 -1.91848 0.102944 7.675 -0.0511167 0.0170683 0.0842363 
qwerty 46 34 0 3.98665 -2.32809 0.239715 8.35 -0.0511167 0.0170683 0.0842363 
qwerty 46 34 0 3.98665 -2.73769 0.376487 9.025 -0.0511167 0.0170683 0.0842363 
qwerty 46 34 0 3.98665 -3.1473 0.513258 9.7 -0.0511167 0.0170683 0.0842363 
qwerty 46 34 0 3.98665 -3.55691 0.650029 10.375 -0.0511167 0.0170683 0.0842363 
qwerty 46 34 0 3.98665 -3.96652 0.7868 11.05 -0.0511167 0.0170683 0.0842363 
qwerty 46 34 0 3.98665 -4.37612 0.923572 11.725 -0.0511167 0.0170683 0.0842363 
qwerty 46 34 0 3.46326 -4.53958 0.97815 11.9944 -0.0629262 0.027696 0.072617 
qwerty 46 34 0 3.46326 -4.89108 1.13286 12.4 -0.0629262 0.027696 0.072617 
qwerty 46 34 0 3.46326 -5.476 1.3903 13.075 -0.0629262 0.027696 0.072617 
qwerty 46 34 0 3.46326 -6.06093 1.64775 13.75 -0.0629262 0.027696 0.072617 
qwerty 46 34 0 3.46326 -6.25 1.73097 13.9682 -0.0629262 0.027696 0.072617 
qwerty 46 34 0 3.46326 -6.64585 1.90519 14.425 -0.0629262 0.027696 0.072617 
qwerty 46 34 0 3.46326 -7.23077 2.16264 15.1 -0.0629262 0.027696 0.072617 
qwerty 46 34 0 3.46326 -7.81569 2.42008 15.775 -0.0629262 0.027696 0.072617 
qwerty 46 34 0 0.297105 -8.03629 2.34516 15.275 -0.0261659 -0.0170236 -0.0950029 
qwerty 46 34 0 0.297105 -7.52806 2.25892 14.6 0.0713138 -0.00795453 -0.0696496 
qwerty 223 46 0.149517 0.373871 -4.55175 0.964112 12.0486 0.00800612 -0.0591561 0.0802276 
qwerty 223 46 0.304028 0.0698428 -4.54628 0.923639 12.1035 0.0438791 -0.0223419 -0.0870372 
qwerty 223 46 0.0698428 0 -4.54438 0.922671 12.0998 0.0438791 -0.0223419 -0.0870372 
qwerty 222 46 1.18904 6.67794 -1.77293 0.328153 7.675 -0.0221652 0.0648769 0.072799 
qwerty 226 224 0 0.201678 -8.1593 2.42822 16.45 -0.0411801 0.0021094 0.0911029 
qwerty 45 34 0 46.0725 -1.38249 0.058224 5.65 -0.0249202 0.000871783 0.0968412 
qwerty 45 34 0 46.0725 -1.55619 0.0643005 6.325 -0.0249202 0.000871783 0.0968412 
qwerty 45 34 0 46.0725 -1.72989 0.070377 7 -0.0249202 0.000871783 0.0968412 
qwerty 230 45 0.806882 22.1756 -1.88445 -0.0263361 7.675 -0.0184947 -0.0115176 0.0975976 
qwerty 236 230 0 0.243962 -4.39838 0.390874 8.35 -0.0965923 0.0156682 0.0206017 
qwerty 235 230 0 6.90743 -2.65875 -0.571975 8.35 -0.0680706 -0.0490969 0.0543681 
qwerty 235 230 0 6.90743 -3.50387 -1.18153 9.025 -0.0680706 -0.0490969 0.0543681 
qwerty 235 230 0 6.90743 -4.349 -1.79109 9.7 -0.0680706 -0.0490969 0.0543681 
qwerty 235 230 0 6.90743 -5.19412 -2.40065 10.375 -0.0680706 -0.0490969 0.0543681 
qwerty 235 230 0 6.90743 -6.03924 -3.0102 11.05 -0.0680706 -0.0490969 0.0543681 
qwerty 235 230 0 6.90743 -6.88436 -3.61976 11.725 -0.0680706 -0.0490969 0.0543681 
qwerty 235 230 0 6.90743 -7.72949 -4.22932 12.4 -0.0680706 -0.0490969 0.0543681 
qwerty 235 230 0 6.90743 -8.57461 -4.83887 13.075 -0.0680706 -0.0490969 0.0543681 
qwerty 235 230 0 6.90743 -9.41973 -5.44843 13.75 -0.0680706 -0.0490969 0.0543681 
qwerty 235 230 0 6.90743 -10.2649 -6.05799 14.425 -0.0680706 -0.0490969 0.0543681 
qwerty 235 230 0 6.90743 -10.5311 -6.25 14.6376 -0.0680706 -0.0490969 0.0543681 
qwerty 235 230 0 6.90743 -11.11 -6.66755 15.1 -0.0680706 -0.0490969 0.0543681 
qwerty 235 230 0 6.90743 -11.9551 -7.2771 15.775 -0.0680706 -0.0490969 0.0543681 
qwerty 235 230 0 6.90743 -12.8002 -7.88666 16.45 -0.0680706 -0.0490969 0.0543681 
qwerty 242 240 0 0.418476 -12.2278 -8.31063 17.125 0.0612003 -0.0421026 0.066947 
qwerty 234 230 0 6.95975 -2.23431 -0.217801 8.35 -0.0451143 -0.0250868 0.0856467 
qwerty 234 230 0 6.95975 -2.58986 -0.415515 9.025 -0.0451143 -0.0250868 0.0856467 
qwerty 233 230 0 3.11192 -2.02094 -0.0893331 8.35 -0.0197457 -0.00908549 0.0976092 
qwerty 233 230 0 3.11192 -2.15749 -0.152162 9.025 -0.0197457 -0.00908549 0.0976092 
qwerty 233 230 0 3.11192 -2.29404 -0.214991 9.7 -0.0197457 -0.00908549 0.0976092 
qwerty 233 230 0 3.11192 -2.43059 -0.277821 10.375 -0.0197457 -0.00908549 0.0976092 
qwerty 233 230 0 3.11192 -2.56714 -0.34065 11.05 -0.0197457 -0.00908549 0.0976092 
qwerty 233 230 0 3.11192 -2.70368 -0.403479 11.725 -0.0197457 -0.00908549 0.0976092 
qwerty 233 230 0 3.11192 -2.84023 -0.466308 12.4 -0.0197457 -0.00908549 0.0976092 
qwerty 233 230 0 3.11192 -2.97678 -0.529137 13.075 -0.0197457 -0.00908549 0.0976092 
qwerty 233 230 0 3.11192 -3.11333 -0.591966 13.75 -0.0197457 -0.00908549 0.0976092 
qwerty 233 230 0 3.11192 -3.24988 -0.654795 14.425 -0.0197457 -0.00908549 0.0976092 
qwerty 233 230 0 3.11192 -3.38643 -0.717625 15.1 -0.0197457 -0.00908549 0.0976092 
qwerty 233 230 0 3.11192 -3.52297 -0.780454 15.775 -0.0197457 -0.00908549 0.0976092 
qwerty 233 230 0 3.11192 -3.65952 -0.843283 16.45 -0.0197457 -0.00908549 0.0976092 
qwerty 233 230 0 3.11192 -3.75 -0.884914 16.8973 -0.0197457 -0.00908549 0.0976092 
qwerty 233 230 0 3.11192 -3.79607 -0.906112 17.125 -0.0197457 -0.00908549 0.0976092 
qwerty 233 230 0 3.11192 -3.93262 -0.968941 17.8 -0.0197457 -0.00908549 0.0976092 
qwerty 233 230 0 3.11192 -4.06917 -1.03177 18.475 -0.0197457 -0.00908549 0.0976092 
qwerty 233 230 0 3.11192 -4.20571 -1.0946 19.15 -0.0197457 -0.00908549 0.0976092 
qwerty 233 230 0 3.11192 -4.34226 -1.15743 19.825 -0.0197457 -0.00908549 0.0976092 
qwerty 233 230 0 2.17976 -4.31917 -1.25 20.1925 0.0125625 -0.0279217 0.0951975 
qwerty 233 230 0 2.17976 -4.27859 -1.34019 20.5 0.0125625 -0.0279217 0.0951975 
qwerty 233 230 0 2.17976 -4.18952 -1.53817 21.175 0.0125625 -0.0279217 0.0951975 
qwerty 233 230 0 2.17976 -4.10044 -1.73615 21.85 0.0125625 -0.0279217 0.0951975 
qwerty 233 230 0 2.17976 -4.01137 -1.93413 22.525 0.0125625 -0.0279217 0.0951975 
qwerty 233 230 0 2.17976 -3.92229 -2.13211 23.2 0.0125625 -0.0279217 0.0951975 
qwerty 233 230 0 2.17976 -3.83322 -2.33009 23.875 0.0125625 -0.0279217 0.0951975 
qwerty 233 230 0 2.17976 -3.74414 -2.52807 24.55 0.0125625 -0.0279217 0.0951975 
qwerty 233 230 0 2.17976 -3.65507 -2.72605 25.225 0.0125625 -0.0279217 0.0951975 
qwerty 233 230 0 2.17976 -3.56599 -2.92403 25.9 0.0125625 -0.0279217 0.0951975 
qwerty 233 230 0 2.17976 -3.47692 -3.12201 26.575 0.0125625 -0.0279217 0.0951975 
qwerty 233 230 0 2.17976 -3.38784 -3.31999 27.25 0.0125625 -0.0279217 0.0951975 
qwerty 233 230 0 2.17976 -3.29877 -3.51796 27.925 0.0125625 -0.0279217 0.0951975 
qwerty 233 230 0 2.17976 -3.20969 -3.71594 28.6 0.0125625 -0.0279217 0.0951975 
qwerty 233 230 0 2.17976 -3.12062 -3.91392 29.275 0.0125625 -0.0279217 0.0951975 
qwerty 233 230 0 2.17976 -3.03154 -4.1119 29.95 0.0125625 -0.0279217 0.0951975 
qwerty 233 230 0 2.17976 -2.94247 -4.30988 30.625 0.0125625 -0.0279217 0.0951975 
qwerty 233 230 0 2.17976 -2.85339 -4.50786 31.3 0.0125625 -0.0279217 0.0951975 
qwerty 233 230 0 2.17976 -2.76432 -4.70584 31.975 0.0125625 -0.0279217 0.0951975 
qwerty 233 230 0 2.17976 -2.67524 -4.90382 32.65 0.0125625 -0.0279217 0.0951975 
qwerty 233 230 0 2.17976 -2.58617 -5.1018 33.325 0.0125625 -0.0279217 0.0951975 
qwerty 233 230 0 2.04573 -2.42537 -5.38309 34 0.0236119 -0.0398373 0.0886311 
qwerty 233 230 0 2.04573 -2.24555 -5.68649 34.675 0.0236119 -0.0398373 0.0886311 
qwerty 232 230 0 16.5785 -1.92964 -0.0873048 7.675 -0.0275266 -0.0247119 0.0929065 
qwerty 232 230 0 16.5785 -2.12963 -0.266846 8.35 -0.0275266 -0.0247119 0.0929065 
qwerty 232 230 0 16.5785 -2.32962 -0.446387 9.025 -0.0275266 -0.0247119 0.0929065 
qwerty 43 34 0 0.66618 -1.05364 0.03202 4.60979 0.0308131 -0.038437 0.0870239 
qwerty 43 34 0 0.66618 -0.924326 -0.129286 4.975 0.0308131 -0.038437 0.0870239 
qwerty 43 34 0 0.66618 -0.685324 -0.427422 5.65 0.0308131 -0.038437 0.0870239 
qwerty 43 34 0 0.66618 -0.446322 -0.725558 6.325 0.0308131 -0.038437 0.0870239 
qwerty 43 34 0 0.66618 -0.210005 -0.965676 7 0.0314387 -0.0299788 0.0900716 
qwerty 43 34 0 0.66618 0.0255981 -1.19034 7.675 0.0314387 -0.0299788 0.0900716 
qwerty 43 34 0 0.66618 0.0881657 -1.25 7.85426 0.0314387 -0.0299788 0.0900716 
qwerty 43 34 0 0.66618 0.261201 -1.415 8.35 0.0314387 -0.0299788 0.0900716 
qwerty 259 43 0.12724 0.321021 -1.12102 0.0249959 4.62761 -0.0942367 0.0300473 -0.0147174 
qwerty 259 43 0.321021 0 -1.17217 0.0413058 4.61962 -0.0942367 0.0300473 -0.0147174 
qwerty 42 34 0 0.735818 -1.21108 0.0488933 4.975 -0.0393376 0.00379357 0.0918595 
qwerty 42 34 0 0.735818 -1.50014 0.0767691 5.65 -0.0393376 0.00379357 0.0918595 
qwerty 42 34 0 0.735818 -1.7892 0.104645 6.325 -0.0393376 0.00379357 0.0918595 
qwerty 42 34 0 0.735818 -2.07826 0.132521 7 -0.0393376 0.00379357 0.0918595 
qwerty 42 34 0 0.735818 -2.36732 0.160397 7.675 -0.0393376 0.00379357 0.0918595 
qwerty 42 34 0 0.735818 -2.65638 0.188272 8.35 -0.0393376 0.00379357 0.0918595 
qwerty 42 34 0 0.735818 -2.94544 0.216148 9.025 -0.0393376 0.00379357 0.0918595 
qwerty 42 34 0 0.735818 -3.2345 0.244024 9.7 -0.0393376 0.00379357 0.0918595 
qwerty 42 34 0 0.735818 -3.52356 0.2719 10.375 -0.0393376 0.00379357 0.0918595 
qwerty 42 34 0 0.735818 -3.81262 0.299776 11.05 -0.0393376 0.00379357 0.0918595 
qwerty 42 34 0 0.735818 -4.10168 0.327651 11.725 -0.0393376 0.00379357 0.0918595 
qwerty 42 34 0 0.735818 -4.39074 0.355527 12.4 -0.0393376 0.00379357 0.0918595 
qwerty 42 34 0 0.735818 -4.6798 0.383403 13.075 -0.0393376 0.00379357 0.0918595 
qwerty 42 34 0 0.735818 -4.96886 0.411279 13.75 -0.0393376 0.00379357 0.0918595 
qwerty 42 34 0 0.735818 -5.25792 0.439155 14.425 -0.0393376 0.00379357 0.0918595 
qwerty 42 34 0 0.735818 -5.54698 0.46703 15.1 -0.0393376 0.00379357 0.0918595 
qwerty 42 34 0 0.735818 -5.83604 0.494906 15.775 -0.0393376 0.00379357 0.0918595 
qwerty 42 34 0 0.735818 -6.1251 0.522782 16.45 -0.0393376 0.00379357 0.0918595 
qwerty 42 34 0 0.735818 -6.25 0.534827 16.7417 -0.0393376 0.00379357 0.0918595 
qwerty 42 34 0 0.735818 -6.41416 0.550658 17.125 -0.0393376 0.00379357 0.0918595 
qwerty 42 34 0 0.683871 -6.54128 0.436648 17.8 -0.0160821 -0.0182949 0.0969879 
qwerty 41 34 0 0.526613 -1.18873 0.0723717 4.975 -0.0361421 0.00775882 0.0929169 
qwerty 41 34 0 0.526613 -1.45128 0.128736 5.65 -0.0361421 0.00775882 0.0929169 
qwerty 41 34 0 0.526613 -1.71384 0.1851 6.325 -0.0361421 0.00775882 0.0929169 
qwerty 41 34 0 0.526613 -1.9764 0.241465 7 -0.0361421 0.00775882 0.0929169 
qwerty 41 34 0 0.282303 -2.11122 0.270408 7.34662 0.0823124 -0.0243579 0.0512967 
qwerty 41 34 0 0.282303 -1.58429 0.114478 7.675 0.0823124 -0.0243579 0.0512967 
qwerty 41 34 0 0.271855 -1.0662 -0.239902 8.35 0.0544845 -0.0402791 0.0735461 
qwerty 41 34 0 0.271855 -0.566149 -0.60958 9.025 0.0544845 -0.0402791 0.0735461 
qwerty 41 34 0 0.271855 -0.0660956 -0.979258 9.7 0.0544845 -0.0402791 0.0735461 
qwerty 41 34 0 0.271855 0.433958 -1.34894 10.375 0.0544845 -0.0402791 0.0735461 
qwerty 264 41 0.24431 0 -2.13815 0.277392 7.36856 -0.075996 0.0197086 0.0619368 
qwerty 37 34 0 0.225751 -0.624609 0.00322657 3.625 -0.0188734 0.00306822 0.0981549 
qwerty 36 34 0 1.76458 -0.4776 -0.0315564 2.95 -0.015499 0.0017899 0.0987754 
qwerty 36 34 0 1.76458 -0.583515 -0.0193248 3.625 -0.015499 0.0017899 0.0987754 
qwerty 36 34 0 1.76458 -0.689431 -0.00709311 4.3 -0.015499 0.0017899 0.0987754 
qwerty 36 34 0 1.76458 -0.795346 0.00513853 4.975 -0.015499 0.0017899 0.0987754 
qwerty 36 34 0 1.76458 -0.901262 0.0173702 5.65 -0.015499 0.0017899 0.0987754 
qwerty 36 34 0 1.76458 -1.00718 0.0296018 6.325 -0.015499 0.0017899 0.0987754 
qwerty 36 34 0 1.76458 -1.11309 0.0418335 7 -0.015499 0.0017899 0.0987754 
qwerty 36 34 0 0.439276 -2.17731 -1.25 6.65273 -0.0517379 -0.0774301 -0.0364386 
qwerty 36 34 0 0.439276 -2.39417 -1.57455 6.5 -0.0517379 -0.0774301 -0.0364386 
qwerty 35 34 0 48.1065 -0.466747 -0.0482532 2.95 -0.0135344 -0.00131265 0.0990712 
qwerty 35 34 0 48.1065 -0.558961 -0.0571967 3.625 -0.0135344 -0.00131265 0.0990712 
qwerty 35 34 0 48.1065 -0.651174 -0.0661401 4.3 -0.0135344 -0.00131265 0.0990712 
qwerty 35 34 0 48.1065 -0.743388 -0.0750836 4.975 -0.0135344 -0.00131265 0.0990712 
qwerty 35 34 0 48.1065 -0.835602 -0.0840271 5.65 -0.0135344 -0.00131265 0.0990712 
qwerty 35 34 0 48.1065 -0.927816 -0.0929705 6.325 -0.0135344 -0.00131265 0.0990712 
qwerty 275 35 1.01665 17.7972 -1.27533 -0.0997883 7 -0.0577787 -0.0104597 0.0809457 
qwerty 275 35 0.607296 9.02242 -1.25 0.0395418 7.38565 0.0427397 0.0456841 0.0780146 
qwerty 275 35 0.673667 8.34876 -1.09148 0.208978 7.675 0.0400439 0.0580458 0.0709026 
qwerty 275 35 0.0420477 2.48603 -0.917974 0.179278 7.86926 0.0617572 -0.039855 0.0678058 
qwerty 275 35 0.654728 0.892175 -0.788283 0.000578747 8.16018 0.0641276 0.0163449 0.07497 
qwerty 275 35 0.396539 0.495636 -0.71903 0.0398351 8.32748 0.0286976 -0.00148842 0.0957822 
qwerty 275 35 0.0381459 0.45749 -0.712282 0.0394851 8.35 -0.010934 -0.0217359 0.0969948 
qwerty 275 35 0.0185933 0.418343 -0.717845 0.0467056 8.34251 -0.0362142 0.0858292 -0.0363577 
qwerty 275 35 0.0266685 0.391674 -0.724602 0.0556643 8.33754 -0.0672126 0.0712623 0.0201036 
qwerty 275 35 0.0156628 0.376012 -0.732096 0.0619059 8.33816 -0.0632792 0.0755426 -0.0170016 
qwerty 275 35 0.0238224 0.352189 -0.739634 0.0702288 8.33432 -0.0564323 0.0791058 -0.0236151 
qwerty 275 35 0.0166163 0.335573 -0.744924 0.0776665 8.3331 -0.0306505 0.0950017 -0.00593582 
qwerty 275 35 0.0172187 0.318354 -0.748407 0.0868517 8.33013 -0.0360826 0.0910314 -0.020281 
qwerty 275 35 0.0237832 0.294571 -0.749938 0.0974992 8.32918 0.00816247 0.0896836 -0.0434768 
qwerty 275 35 0.0269432 0.267628 -0.74698 0.108427 8.3263 0.0251267 0.0789996 -0.0559259 
qwerty 275 35 0.0366288 0.230999 -0.738319 0.119895 8.32059 0.0679882 0.0293858 -0.0671869 
qwerty 275 35 0.0363409 0.194658 -0.732111 0.121174 8.30531 0.058734 -0.0527901 -0.0613475 
qwerty 275 35 0.155933 0.0387248 -0.706341 0.113525 8.30209 0.016571 -0.0560794 0.0811203 
qwerty 275 35 0.0387248 0 -0.706095 0.112695 8.30329 0.016571 -0.0560794 0.0811203 
qwerty 275 35 0 0 -0.706095 0.112695 8.30329 0.016571 -0.0560794 0.0811203 
qwerty 282 275 0.185633 0.753491 -0.686768 -0.0523039 8.18869 0.0735142 -0.0332685 0.0590667 
qwerty 282 275 0.0115768 0.706668 -0.680372 -0.0556778 8.19312 0.0829338 -0.0353721 0.0432527 
qwerty 282 275 0.148773 0.557896 -0.626192 -0.120086 8.22975 0.0633958 -0.070814 -0.0310862 
qwerty 282 275 0.282506 0.27539 -0.588361 -0.191631 8.22865 0.0722953 -0.0682828 -0.0105288 
qwerty 282 275 0.27539 0 -0.557423 -0.220852 8.22414 0.0722953 -0.0682828 -0.0105288 
qwerty 281 275 0.0651564 0.571834 -0.924948 0.189745 7.89534 -0.0535514 0.0181557 0.082478 
qwerty 281 275 0.041275 0.530558 -0.935748 0.194955 7.91871 -0.0455212 0.0283865 0.0843921 
qwerty 281 275 0.0651732 0.465385 -0.942358 0.20118 7.9615 0.0107797 0.0544396 0.0831873 
qwerty 281 275 0.16217 0.303215 -0.942658 0.213434 8.01453 0.0527652 -0.0331716 0.0782015 
qwerty 281 275 0.303215 0 -0.91643 0.196946 8.05341 0.0527652 -0.0331716 0.0782015 
qwerty 274 35 0.994532 20.2413 -0.631635 -0.104138 7 0.0606364 -0.00941847 0.078959 
qwerty 274 35 0.107694 14.237 -0.473977 -0.278903 7.25023 -0.00975512 -0.0509932 0.0854665 
qwerty 274 35 0.175506 13.6498 -0.479543 -0.308036 7.29605 -0.00642234 -0.0500932 0.0863101 
qwerty 274 35 0.815492 12.8343 -0.507741 -0.527972 7.675 -0.0163016 -0.0414457 0.089535 
qwerty 274 35 1.25077 6.1867 -0.980293 -0.393201 8.35 -0.0553105 0.0208829 0.0806514 
qwerty 292 274 0.137013 0.274676 -0.542716 -0.336424 7.28818 -0.0790355 0.0218071 0.0572524 
qwerty 292 274 0.274676 0 -0.576401 -0.32713 7.31258 -0.0790355 0.0218071 0.0572524 
qwerty 298 274 0 1.47287 -1.25986 -1.25 8.19842 -0.0259121 -0.0941624 -0.0214942 
qwerty 298 274 0 1.47287 -1.67989 -2.77636 7.85 -0.0259121 -0.0941624 -0.0214942 
qwerty 298 274 0 1.17763 -1.89984 -3.90608 7.175 -0.0132072 -0.079953 -0.0585925 
qwerty 298 274 0 1.02971 -1.73416 -4.67381 6.5 0.0205804 -0.0725469 -0.0656764 
qwerty 298 274 0 1.02971 -1.52264 -5.41942 5.825 0.0205804 -0.0725469 -0.0656764 
qwerty 298 274 0 0.368483 -1.37103 -5.95386 5.34117 -0.0948896 -0.0265094 -0.0171235 
qwerty 298 274 0 0.237024 -1.64305 -6.02986 5.29208 0.000176713 -0.0252156 -0.0967685 
qwerty 298 274 0 0.237024 -1.64279 -6.06688 5.15 0.000176713 -0.0252156 -0.0967685 
qwerty 302 298 0.131459 0 -1.6546 -6.03111 5.29757 -0.0899002 -0.00973691 0.0426984 
qwerty 301 298 0.170769 0.490461 -1.35863 -6.02006 5.27359 0.000478587 -0.0927752 -0.0373167 
qwerty 301 298 0.146966 0.343495 -1.39333 -6.07283 5.22546 0.0203973 -0.072669 -0.0655986 
qwerty 301 298 0.0811729 0.262322 -1.3984 -6.0995 5.198 -0.0448526 -0.00606107 -0.0891712 
qwerty 301 298 0.0682322 0.19409 -1.4153 -6.10537 5.17879 0.0143605 0.00977114 -0.09848 
qwerty 301 298 0.102064 0.0920267 -1.41712 -6.10032 5.15546 -0.0738715 -0.048375 -0.0469347 
qwerty 301 298 0.0920267 0 -1.42229 -6.1037 5.15218 -0.0738715 -0.048375 -0.0469347 
qwerty 297 274 0 1.19053 -2.74592 -1.25 8.18501 -0.0905241 -0.0413148 -0.00992302 
qwerty 297 274 0 1.19053 -5.80212 -2.64484 7.85 -0.0905241 -0.0413148 -0.00992302 
qwerty 295 274 0 1.74095 -0.590831 -0.663146 8.35 -0.0173398 -0.0242157 0.0954617 
qwerty 295 274 0 1.74095 -0.713439 -0.834372 9.025 -0.0173398 -0.0242157 0.0954617 
qwerty 295 274 0 1.74095 -0.836047 -1.0056 9.7 -0.0173398 -0.0242157 0.0954617 
qwerty 295 274 0 1.74095 -0.958655 -1.17683 10.375 -0.0173398 -0.0242157 0.0954617 
qwerty 295 274 0 1.74095 -1.01105 -1.25 10.6635 -0.0173398 -0.0242157 0.0954617 
qwerty 295 274 0 1.74095 -1.08126 -1.34805 11.05 -0.0173398 -0.0242157 0.0954617 
qwerty 295 274 0 1.74095 -1.20387 -1.51928 11.725 -0.0173398 -0.0242157 0.0954617 
qwerty 295 274 0 1.74095 -1.32648 -1.69051 12.4 -0.0173398 -0.0242157 0.0954617 
qwerty 295 274 0 1.74095 -1.44909 -1.86173 13.075 -0.0173398 -0.0242157 0.0954617 
qwerty 295 274 0 1.74095 -1.5717 -2.03296 13.75 -0.0173398 -0.0242157 0.0954617 
qwerty 295 274 0 1.74095 -1.6943 -2.20418 14.425 -0.0173398 -0.0242157 0.0954617 
qwerty 295 274 0 1.74095 -1.81691 -2.37541 15.1 -0.0173398 -0.0242157 0.0954617 
qwerty 295 274 0 1.74095 -1.93952 -2.54664 15.775 -0.0173398 -0.0242157 0.0954617 
qwerty 295 274 0 1.74095 -2.06213 -2.71786 16.45 -0.0173398 -0.0242157 0.0954617 
qwerty 295 274 0 1.74095 -2.18474 -2.88909 17.125 -0.0173398 -0.0242157 0.0954617 
qwerty 295 274 0 1.74095 -2.30734 -3.06032 17.8 -0.0173398 -0.0242157 0.0954617 
qwerty 295 274 0 1.74095 -2.42995 -3.23154 18.475 -0.0173398 -0.0242157 0.0954617 
qwerty 295 274 0 1.74095 -2.55256 -3.40277 19.15 -0.0173398 -0.0242157 0.0954617 
qwerty 295 274 0 1.74095 -2.67517 -3.574 19.825 -0.0173398 -0.0242157 0.0954617 
qwerty 295 274 0 1.74095 -2.79778 -3.74522 20.5 -0.0173398 -0.0242157 0.0954617 
qwerty 295 274 0 1.16605 -2.873 -3.86382 20.8042 -0.0674605 -0.0407537 0.0615485 
qwerty 295 274 0 1.16605 -3.27946 -4.10937 21.175 -0.0674605 -0.0407537 0.0615485 
qwerty 295 274 0 1.16605 -4.0193 -4.55631 21.85 -0.0674605 -0.0407537 0.0615485 
qwerty 295 274 0 1.16605 -4.75914 -5.00326 22.525 -0.0674605 -0.0407537 0.0615485 
qwerty 295 274 0 0.804789 -5.41799 -5.40128 23.1261 -0.0130377 -0.0360201 0.0923719 
qwerty 295 274 0 0.804789 -5.42842 -5.43009 23.2 -0.0130377 -0.0360201 0.0923719 
qwerty 295 274 0 0.804789 -5.52369 -5.6933 23.875 -0.0130377 -0.0360201 0.0923719 
qwerty 295 274 0 0.804789 -5.61896 -5.95652 24.55 -0.0130377 -0.0360201 0.0923719 
qwerty 295 274 0 0.804789 -5.71423 -6.21973 25.225 -0.0130377 -0.0360201 0.0923719 
qwerty 295 274 0 0.804789 -5.8095 -6.48294 25.9 -0.0130377 -0.0360201 0.0923719 
qwerty 295 274 0 0.804789 -5.90478 -6.74616 26.575 -0.0130377 -0.0360201 0.0923719 
qwerty 295 274 0 0.804789 -6.00005 -7.00937 27.25 -0.0130377 -0.0360201 0.0923719 
qwerty 295 274 0 0.802582 -6.06423 -7.2443 27.925 -0.00864873 -0.0324984 0.0941756 
qwerty 295 274 0 0.802582 -6.12622 -7.47723 28.6 -0.00864873 -0.0324984 0.0941756 
qwerty 295 274 0 0.802582 -6.18821 -7.71016 29.275 -0.00864873 -0.0324984 0.0941756 
qwerty 295 274 0 0.593509 -5.73997 -7.99087 29.95 0.0559175 -0.0322494 0.0763754 
qwerty 295 274 0 0.593509 -5.24577 -8.27589 30.625 0.0559175 -0.0322494 0.0763754 
qwerty 295 274 0 0.593509 -4.75158 -8.56091 31.3 0.0559175 -0.0322494 0.0763754 
qwerty 295 274 0 0.593509 -4.25739 -8.84593 31.975 0.0559175 -0.0322494 0.0763754 
qwerty 295 274 0 0.593509 -3.76319 -9.13094 32.65 0.0559175 -0.0322494 0.0763754 
qwerty 295 274 0 0.593509 -3.269 -9.41596 33.325 0.0559175 -0.0322494 0.0763754 
qwerty 310 295 0.119987 0.241272 -5.46148 -5.39818 23.1245 -0.0769331 0.0166075 -0.0616887 
qwerty 310 295 0.241272 0 -5.48821 -5.39241 23.1031 -0.0769331 0.0166075 -0.0616887 
qwerty 309 295 0.122172 0.344268 -2.86682 -3.90415 20.8582 0.0305424 -0.0421 0.0854093 
qwerty 309 295 0.344268 0 -2.84836 -3.92958 20.9098 0.00520394 0.0956491 -0.0287084 
qwerty 294 274 0 0.613835 -0.383821 -0.468758 8.35 0.0180959 0.0114034 0.0976857 
qwerty 294 274 0 0.613835 -0.25878 -0.389962 9.025 0.0180959 0.0114034 0.0976857 
qwerty 294 274 0 0.613835 -0.133739 -0.311165 9.7 0.0180959 0.0114034 0.0976857 
qwerty 294 274 0 0.613835 -0.00869804 -0.232369 10.375 0.0180959 0.0114034 0.0976857 
qwerty 294 274 0 0.613835 0.116343 -0.153573 11.05 0.0180959 0.0114034 0.0976857 
qwerty 294 274 0 0.613835 0.241384 -0.0747767 11.725 0.0180959 0.0114034 0.0976857 
qwerty 294 274 0 0.613835 0.366425 0.0040195 12.4 0.0180959 0.0114034 0.0976857 
qwerty 294 274 0 0.613835 0.491466 0.0828157 13.075 0.0180959 0.0114034 0.0976857 
qwerty 294 274 0 0.613835 0.616507 0.161612 13.75 0.0180959 0.0114034 0.0976857 
qwerty 294 274 0 0.613835 0.741548 0.240408 14.425 0.0180959 0.0114034 0.0976857 
qwerty 314 294 0.0273709 0.489231 0.764693 0.276621 14.6043 -0.0503606 0.0813195 0.029171 
qwerty 314 294 0.0245299 0.464701 0.758426 0.289469 14.6064 -0.0454949 0.0776913 0.0435232 
qwerty 314 294 0.0267425 0.437958 0.75164 0.301621 14.6124 -0.0635963 0.0714317 0.0292067 
qwerty 314 294 0.0351723 0.402786 0.743655 0.314136 14.6187 -0.0489172 0.0820092 0.0296916 
qwerty 314 294 0.0301544 0.372632 0.733256 0.327997 14.6211 -0.0641571 0.0762169 -0.00865097 
qwerty 314 294 0.0300487 0.342583 0.72395 0.342601 14.6234 -0.0277681 0.0958153 0.0069542 
qwerty 314 294 0.0292554 0.313327 0.719806 0.356959 14.6222 -0.0495838 0.0867976 -0.00276017 
qwerty 314 294 0.0306151 0.282712 0.71563 0.37297 14.6194 -0.0509406 0.0832884 -0.0216355 
qwerty 314 294 0.0394884 0.243224 0.702029 0.383801 14.6132 -0.0840752 0.0521409 -0.0145837 
qwerty 314 294 0.0370093 0.206215 0.688943 0.390978 14.6134 -0.0908211 -0.0188358 0.0373729 
qwerty 314 294 0.0531033 0.153111 0.67543 0.395246 14.6269 -0.0323759 -0.0271401 0.0906378 
qwerty 314 294 0.0714433 0.0816682 0.678988 0.386258 14.6399 -0.034058 0.0156197 0.092715 
qwerty 314 294 0.0816682 0 0.677051 0.387147 14.6452 -0.034058 0.0156197 0.092715 
qwerty 293 274 0 0.645758 -0.644264 -0.840057 8.35 -0.0180611 -0.0412758 0.0892754 
qwerty 293 274 0 0.645758 -0.780822 -1.15214 9.025 -0.0180611 -0.0412758 0.0892754 
qwerty 293 274 0 0.645758 -0.823644 -1.25 9.23667 -0.0180611 -0.0412758 0.0892754 
qwerty 293 274 0 0.645758 -0.91738 -1.46422 9.7 -0.0180611 -0.0412758 0.0892754 
qwerty 293 274 0 0.645758 -1.05394 -1.7763 10.375 -0.0180611 -0.0412758 0.0892754 
qwerty 293 274 0 0.645758 -1.1905 -2.08838 11.05 -0.0180611 -0.0412758 0.0892754 
qwerty 291 274 0 1.85702 -0.575515 -0.535494 7.675 -0.0200457 -0.0506564 0.0838576 
qwerty 291 274 0 0.2494 -0.476918 -0.644505 7.175 0.0194017 -0.0153342 -0.0968939 
qwerty 287 274 0 2.04965 -0.968999 0.00448831 7 -0.00568659 0.0154141 0.0986411 
qwerty 287 274 0 2.04965 -1.00791 0.109967 7.675 -0.00568659 0.0154141 0.0986411 
qwerty 287 274 0 2.04965 -1.04683 0.215446 8.35 -0.00568659 0.0154141 0.0986411 
qwerty 287 274 0 2.04965 -1.08574 0.320924 9.025 -0.00568659 0.0154141 0.0986411 
qwerty 287 274 0 2.04965 -1.12465 0.426403 9.7 -0.00568659 0.0154141 0.0986411 
qwerty 287 274 0 2.04965 -1.16356 0.531881 10.375 -0.00568659 0.0154141 0.0986411 
qwerty 287 274 0 0.702165 -1.18817 0.598583 10.8019 0.0156085 -0.0740671 0.0653486 
qwerty 287 274 0 0.702165 -1.1289 0.31733 11.05 0.0156085 -0.0740671 0.0653486 
qwerty 287 274 0 0.702165 -1.01445 -0.440396 11.725 0.00977173 -0.0742096 0.0663132 
qwerty 287 274 0 0.702165 -0.914981 -1.19577 12.4 0.00977173 -0.0742096 0.0663132 
qwerty 323 287 0.258768 0.957204 -1.17692 0.650409 10.9261 0.0146233 0.00298707 0.0988799 
qwerty 323 287 0.30523 0.651974 -1.1586 0.654153 11.05 -0.0239299 0.026049 0.0935351 
qwerty 323 287 0.0402471 0.351652 -1.14699 0.668521 11.0471 0.0883831 0.0382854 -0.0268824 
qwerty 323 287 0.0144556 0.337197 -1.13974 0.670772 11.044 0.0959298 -0.0022255 -0.0281517 
qwerty 323 287 0.0150549 0.322142 -1.13066 0.670764 11.0433 0.0947661 -0.0319276 0.000133861 
qwerty 323 287 0.0123964 0.309746 -1.12334 0.667405 11.0423 0.0860072 -0.0409413 -0.0304395 
qwerty 323 287 0.0166307 0.293115 -1.1164 0.663611 11.0414 0.0840798 -0.0472955 -0.0263387 
qwerty 323 287 0.0148389 0.278276 -1.10836 0.661634 11.0386 0.0837483 -0.0264691 -0.0478081 
qwerty 323 287 0.0116141 0.266662 -1.10194 0.661083 11.0353 0.0775714 -0.0322818 -0.054227 
qwerty 323 287 0.0213343 0.245328 -1.09705 0.65699 11.0318 0.083453 -0.0520642 -0.0180256 
qwerty 323 287 0.0313685 0.213959 -1.08667 0.65279 11.0326 -0.0404464 -0.0395081 0.0824815 
qwerty 323 287 0.0281069 0.185852 -1.09317 0.64812 11.0385 -0.0244852 -0.0378335 0.0892698 
qwerty 323 287 0.0724606 0.113392 -1.0978 0.643506 11.0447 -0.0601371 -0.0382133 0.0701661 
qwerty 323 287 0.0901431 0.0232484 -1.1023 0.640609 11.05 -0.0385448 -0.0883941 0.0264722 
qwerty 323 287 0.00135885 0.0218896 -1.10234 0.640511 11.05 -0.0366762 -0.0895659 -0.0251557 
qwerty 323 287 0.000769667 0.0211199 -1.10236 0.640461 11.05 -0.0507085 -0.0824635 -0.0250681 
qwerty 323 287 0.000338397 0.0207815 -1.10238 0.640408 11.05 -0.0301451 -0.0933508 -0.0194138 
qwerty 323 287 0.0014271 0.0193544 -1.1024 0.640357 11.05 -0.0365496 -0.0795356 -0.0483552 
qwerty 323 287 0.000381325 0.0189731 -1.10242 0.640308 11.0499 -0.0507655 -0.0693245 -0.0511564 
qwerty 323 287 0.000446963 0.0185261 -1.10246 0.640267 11.0499 -0.0908275 -0.00159271 -0.0418071 
qwerty 323 287 0.000266845 0.0182593 -1.10251 0.64026 11.0499 -0.0857485 -0.000233528 -0.0514504 
qwerty 323 287 0.00093201 0.0173273 -1.10256 0.640254 11.0499 -0.0790408 -0.0130351 -0.0598551 
qwerty 323 287 0.000535452 0.0167918 -1.10261 0.640248 11.0498 -0.0637904 -0.0277752 -0.0718284 
qwerty 323 287 0.00157583 0.015216 -1.10271 0.640238 11.0498 -0.0308685 0.073875 -0.0599134 
qwerty 323 287 0.00377862 0.0114374 -1.10279 0.640327 11.0497 -0.0721269 0.0418718 -0.0551766 
qwerty 323 287 0.00476448 0.00667289 -1.1029 0.640299 11.0496 -0.0967795 -0.0244935 0.00581444 
qwerty 323 287 0.00667289 0 -1.10297 0.640283 11.0496 -0.0967795 -0.0244935 0.00581444 
qwerty 325 323 0 0.131513 -1.12895 0.682103 11.05 0.0351148 0.0232003 0.0907121 
qwerty 285 282 0 0.0352454 -0.170332 -0.158583 8.35 0.0938515 -0.0189353 0.0288677 
qwerty 284 275 0 0.510999 -0.661398 0.172098 8.35 0.0509088 0.0676581 0.0532041 
qwerty 283 275 0 0.510999 -1.13983 -0.463737 7.85 -0.0509088 -0.0676581 -0.0532041 
qwerty 280 275 0 0.394169 -0.884439 -0.50703 8.35 0.0157859 -0.0766636 0.0622374 
qwerty 279 275 0 1.17724 -1.91003 -0.566638 7.675 -0.0564693 -0.0499402 0.0657053 
qwerty 279 275 0 1.17724 -2.49015 -1.07968 8.35 -0.0564693 -0.0499402 0.0657053 
qwerty 279 275 0 1.17724 -3.07027 -1.59272 9.025 -0.0564693 -0.0499402 0.0657053 
qwerty 279 275 0 1.17724 -3.65038 -2.10577 9.7 -0.0564693 -0.0499402 0.0657053 
qwerty 279 275 0 1.17724 -4.2305 -2.61881 10.375 -0.0564693 -0.0499402 0.0657053 
qwerty 278 275 0 2.19972 -1.9442 -0.505534 7.675 -0.060749 -0.0436893 0.0663385 
qwerty 278 275 0 2.19972 -2.56233 -0.950076 8.35 -0.060749 -0.0436893 0.0663385 
qwerty 278 275 0 2.19972 -3.18045 -1.39462 9.025 -0.060749 -0.0436893 0.0663385 
qwerty 278 275 0 2.19972 -3.79858 -1.83916 9.7 -0.060749 -0.0436893 0.0663385 
qwerty 278 275 0 2.19972 -4.41671 -2.2837 10.375 -0.060749 -0.0436893 0.0663385 
qwerty 278 275 0 2.19972 -5.03483 -2.72825 11.05 -0.060749 -0.0436893 0.0663385 
qwerty 278 275 0 2.19972 -5.65296 -3.17279 11.725 -0.060749 -0.0436893 0.0663385 
qwerty 278 275 0 2.19972 -6.27108 -3.61733 12.4 -0.060749 -0.0436893 0.0663385 
qwerty 278 275 0 1.93508 -7.03305 -3.89934 13.075 -0.0742894 -0.0226955 0.0629762 
qwerty 278 275 0 1.93508 -7.82931 -4.1426 13.75 -0.0742894 -0.0226955 0.0629762 
qwerty 278 275 0 1.93508 -8.62557 -4.38586 14.425 -0.0742894 -0.0226955 0.0629762 
qwerty 253 232 0.69883 2.18445 -2.68052 -0.440323 9.52578 -0.081978 0.0302989 0.0485961 
qwerty 253 232 0.0664328 2.06065 -2.71707 -0.430949 9.54913 -0.0813901 0.0228059 0.0534373 
qwerty 253 232 0.47594 1.58471 -2.94687 -0.366559 9.7 -0.0782857 0.0605793 -0.0141948 
qwerty 253 232 0.469541 1.11517 -3.13839 -0.170519 9.66773 0.0419458 0.0118125 0.0900057 
qwerty 253 232 0.0682848 1.04688 -3.12335 -0.166283 9.7 0.0462318 -0.00678336 0.0884116 
qwerty 231 45 0.553745 1.43407 -1.64985 -0.242088 6.84208 0.034138 -0.0935754 0.00884531 
qwerty 231 45 0.678602 0.755468 -1.54738 -0.483435 6.75916 -0.0290723 -0.0831085 -0.0474108 
qwerty 231 45 0.360427 0.395041 -1.68593 -0.571912 6.6755 -0.0794003 -0.0502058 0.0342778 
qwerty 231 45 0.305369 0.0896719 -1.74495 -0.609233 6.70098 -0.0625605 0.0431288 0.0650084 
qwerty 231 45 0.0896719 0 -1.74904 -0.606414 6.70523 -0.0625605 0.0431288 0.0650084 
qwerty 231 45 0 0 -1.74904 -0.606414 6.70523 -0.0625605 0.0431288 0.0650084 
qwerty 148 68 1.36543 2.73984 -1.70299 -1.92053 16.4229 -0.0328451 0.0395426 0.0857763 
qwerty 148 68 0.0502413 2.6896 -1.71335 -1.90805 16.45 -0.0342806 0.0556968 0.0756486 
qwerty 148 68 0.241209 0 -1.88328 -1.82004 16.384 -0.0244521 0.0273169 -0.093037 
qwerty 144 69 0.516767 1.26648 -0.450379 -0.523746 4.66512 -0.0244291 -0.0748727 0.0616223 
qwerty 144 69 0.409721 0.856755 -0.390282 -0.694122 4.85661 -0.00991479 -0.0852156 0.0513809 
qwerty 144 69 0.336105 0.52065 -0.407831 -0.855131 4.91815 -0.0811615 -0.030292 -0.049952 
qwerty 144 69 0.210159 0.28624 -0.452248 -0.86925 4.81861 -0.0498566 0.0560966 -0.066087 
qwerty 144 69 0.28624 0 -0.474822 -0.843851 4.78869 -0.0498566 0.0560966 -0.066087 
qwerty 144 69 0 0 -0.474822 -0.843851 4.78869 -0.0498566 0.0560966 -0.066087 
qwerty 380 95 0 0.510999 0.258302 -2.19057 6.325 0.032445 -0.0840167 0.0434571 
qwerty 380 95 0 0.510999 0.762256 -3.49556 7 0.032445 -0.0840167 0.0434571 
qwerty 380 95 0 0.510999 1.25 -4.75858 7.65329 0.032445 -0.0840167 0.0434571 
qwerty 380 95 0 0.510999 1.26621 -4.80056 7.675 0.032445 -0.0840167 0.0434571 
qwerty 380 95 0 0.510999 1.77016 -6.10555 8.35 0.032445 -0.0840167 0.0434571 
qwerty 380 95 0 0.510999 2.27412 -7.41054 9.025 0.032445 -0.0840167 0.0434571 
qwerty 380 95 0 0.380216 2.71596 -8.55469 9.6168 0.0544464 -0.075721 -0.0360822 
qwerty 380 95 0 0.380216 2.85639 -8.75 9.52374 0.0544464 -0.075721 -0.0360822 
qwerty 380 95 0 0.380216 3.34489 -9.42938 9.2 0.0544464 -0.075721 -0.0360822 
qwerty 380 95 0 0.380216 3.75 -9.99278 8.93153 0.0544464 -0.075721 -0.0360822 
qwerty 380 95 0 0.380216 4.36343 -10.8459 8.525 0.0544464 -0.075721 -0.0360822 
qwerty 381 380 0.130783 0 2.7146 -8.55933 9.62859 -0.0106161 -0.0364221 0.0925242 
qwerty 379 95 0 0.510999 -0.61895 0.0810905 5.15 -0.032445 0.0840167 -0.0434571 
qwerty 379 95 0 0.510999 -1.1229 1.38609 4.475 -0.032445 0.0840167 -0.0434571 
qwerty 379 95 0 0.500042 -2.09149 3.26357 3.8 -0.0459537 0.0844608 -0.0274706 
qwerty 379 95 0 0.47183 -2.60952 4.44828 3.125 -0.028261 0.0773252 -0.0567638 
qwerty 378 124 0 0.510999 -0.320816 0.213922 5.65 -0.0109923 0.0524881 0.0844048 
qwerty 378 124 0 0.510999 -0.408724 0.633679 6.325 -0.0109923 0.0524881 0.0844048 
qwerty 378 124 0 0.510999 -0.496631 1.05344 7 -0.0109923 0.0524881 0.0844048 
qwerty 378 124 0 0.510999 -0.584539 1.47319 7.675 -0.0109923 0.0524881 0.0844048 
qwerty 378 124 0 0.510999 -0.672446 1.89295 8.35 -0.0109923 0.0524881 0.0844048 
qwerty 378 124 0 0.510999 -0.760354 2.3127 9.025 -0.0109923 0.0524881 0.0844048 
qwerty 378 124 0 0.510999 -0.848261 2.73246 9.7 -0.0109923 0.0524881 0.0844048 
qwerty 378 124 0 0.510999 -0.936169 3.15222 10.375 -0.0109923 0.0524881 0.0844048 
qwerty 378 124 0 0.510999 -1.02408 3.57197 11.05 -0.0109923 0.0524881 0.0844048 
qwerty 377 124 0 0.510999 -0.167792 -0.516765 4.475 0.0109923 -0.0524881 -0.0844048 
qwerty 377 124 0 0.510999 -0.079884 -0.936521 3.8 0.0109923 -0.0524881 -0.0844048 
qwerty 377 124 0 0.510999 0.00802356 -1.35628 3.125 0.0109923 -0.0524881 -0.0844048 
qwerty 377 124 0 0.510999 0.0959311 -1.77603 2.45 0.0109923 -0.0524881 -0.0844048 
qwerty 376 144 0 0.510999 -0.540563 -0.883671 4.975 -0.0326187 -0.0197573 0.0924428 
qwerty 376 144 0 0.510999 -0.778738 -1.02793 5.65 -0.0326187 -0.0197573 0.0924428 
qwerty 375 144 0 0.510999 -0.364137 -0.776808 4.475 0.0326187 0.0197573 -0.0924428 
qwerty 375 144 0 0.510999 -0.125961 -0.632544 3.8 0.0326187 0.0197573 -0.0924428 
qwerty 374 144 0 0.0242509 -0.424421 -0.903154 4.475 0.00803348 -0.00978762 -0.0991951 
qwerty 373 148 0 0.539727 -3.53872 -3.75 16.0637 -0.0645953 -0.0753072 -0.0125006 
qwerty 373 148 0 0.539727 -4.12606 -4.43474 15.95 -0.0645953 -0.0753072 -0.0125006 
qwerty 373 148 0 0.249925 -4.74298 -4.13236 15.275 -0.0460323 0.0570064 -0.0680536 
qwerty 372 148 0 2.03573 -1.91728 -1.58945 15.95 -0.0068996 0.0468064 -0.0880997 
qwerty 372 148 0 0.429086 -1.96797 -1.24557 15.3027 0.0855424 0.0501088 0.0130995 
qwerty 372 148 0 0.429086 -1.25 -0.824997 15.4127 0.0855424 0.0501088 0.0130995 
qwerty 372 148 0 0.429086 1.11599 0.560948 15.775 0.0855424 0.0501088 0.0130995 
qwerty 396 372 0.0810057 1.52564 -1.97558 -1.2345 15.275 -0.0283483 0.0364159 -0.0887145 
qwerty 396 372 0.449598 0.98806 -2.14269 -1.38997 15.2831 -0.0722868 -0.0690877 -0.00123188 
qwerty 396 372 0.394589 0.593471 -2.27774 -1.52272 15.2859 0.0198875 -0.0973649 0.0111606 
qwerty 396 372 0.297964 0.295507 -2.27563 -1.64628 15.291 -0.0767869 -0.0596587 0.0233368 
qwerty 396 372 0.295507 0 -2.31231 -1.67477 15.3022 -0.0767869 -0.0596587 0.0233368 
qwerty 371 156 0 0.510999 -2.40059 -4.24098 5.825 -0.0342326 -0.0438202 -0.0831139 
qwerty 371 156 0 0.510999 -2.67861 -4.59686 5.15 -0.0342326 -0.0438202 -0.0831139 
qwerty 371 156 0 0.510999 -2.95662 -4.95274 4.475 -0.0342326 -0.0438202 -0.0831139 
qwerty 371 156 0 0.371079 -3.06481 -5.09123 4.21233 -0.0933034 -0.0290761 -0.0211908 
qwerty 371 156 0 0.27626 -4.76637 -5.62149 3.82588 -0.0660922 0.0617725 -0.0426143 
qwerty 371 156 0 0.27626 -4.8065 -5.58398 3.8 -0.0660922 0.0617725 -0.0426143 
qwerty 399 371 0.0948197 0 -4.77007 -5.62779 3.82676 -0.0502873 -0.0855972 0.0120127 
qwerty 398 371 0.13992 0 -3.05875 -5.09534 4.20009 0.0424849 -0.0287756 -0.0858312 
qwerty 370 156 0 0.510999 -2.01703 -3.75 6.75625 0.0342326 0.0438202 0.0831139 
qwerty 370 156 0 0.510999 -1.91664 -3.62149 7 0.0342326 0.0438202 0.0831139 
qwerty 370 156 0 0.510999 -1.63862 -3.26561 7.675 0.0342326 0.0438202 0.0831139 
qwerty 368 156 0 1.48461 -1.79401 -4.21624 7 0.0463537 -0.0395179 0.0793074 
qwerty 368 156 0 1.48461 -1.39949 -4.55259 7.675 0.0463537 -0.0395179 0.0793074 
qwerty 368 156 0 1.48461 -1.00496 -4.88893 8.35 0.0463537 -0.0395179 0.0793074 
qwerty 368 156 0 1.48461 -0.61044 -5.22528 9.025 0.0463537 -0.0395179 0.0793074 
qwerty 368 156 0 1.48461 -0.215916 -5.56162 9.7 0.0463537 -0.0395179 0.0793074 
qwerty 368 156 0 1.48461 0.178609 -5.89797 10.375 0.0463537 -0.0395179 0.0793074 
qwerty 368 156 0 1.48461 0.573134 -6.23431 11.05 0.0463537 -0.0395179 0.0793074 
qwerty 368 156 0 0.859775 0.533563 -6.8646 11.725 -0.0157165 -0.0715254 0.0680964 
qwerty 368 156 0 0.859775 0.377775 -7.57359 12.4 -0.0157165 -0.0715254 0.0680964 
qwerty 368 156 0 0.279868 0.256187 -8.12693 12.9268 0.0850738 -0.0284187 -0.0442134 
qwerty 368 156 0 0.279868 0.933134 -8.35307 12.575 0.0850738 -0.0284187 -0.0442134 
qwerty 404 368 0.198467 0.38144 0.225596 -8.20671 12.9567 -0.0226188 -0.0637467 0.0736529 
qwerty 404 368 0.181043 0.200397 0.248143 -8.25558 13.0013 0.018812 0.0775555 -0.0602599 
qwerty 404 368 0.200397 0 0.252995 -8.23558 12.9858 0.018812 0.0775555 -0.0602599 
qwerty 367 159 0 0.510999 2.49995 1.25 6.62788 0.0886886 0.0457722 0.00626332 
qwerty 367 159 0 0.510999 7.34398 3.75 6.96998 0.0886886 0.0457722 0.00626332 
qwerty 367 159 0 0.510999 7.76911 3.96941 7 0.0886886 0.0457722 0.00626332 
qwerty 367 159 0 0.353924 8.38019 4.45561 6.5 0.0435929 0.0475059 -0.0764386 
qwerty 364 172 0 0.510999 -1.44935 -0.577311 11.05 -0.0191618 0.0195634 0.0961774 
qwerty 364 172 0 0.510999 -1.58383 -0.44001 11.725 -0.0191618 0.0195634 0.0961774 
qwerty 364 172 0 0.332869 -1.65498 -0.367368 12.0821 0.0755922 -0.00785797 0.0649929 
qwerty 364 172 0 0.332869 -1.28526 -0.405801 12.4 0.0755922 -0.00785797 0.0649929 
qwerty 412 364 0.17813 0 -1.67107 -0.361562 12.0948 -0.0755986 0.0272785 0.0595041 
qwerty 363 187 0 0.510999 -4.13756 -0.359641 17.8 -0.0215376 -0.084642 0.0487019 
qwerty 363 187 0 0.510999 -4.43607 -1.53277 18.475 -0.0215376 -0.084642 0.0487019 
qwerty 361 206 0 0.510999 -1.62436 1.25 6.73132 -0.0546992 0.0684083 0.0482525 
qwerty 361 206 0 0.510999 -1.92894 1.63091 7 -0.0546992 0.0684083 0.0482525 
qwerty 361 206 0 0.510999 -2.69412 2.58787 7.675 -0.0546992 0.0684083 0.0482525 
qwerty 360 206 0 0.510999 -0.596955 -0.0349013 5.825 0.0546992 -0.0684083 -0.0482525 
qwerty 360 206 0 0.510999 0.168228 -0.991859 5.15 0.0546992 -0.0684083 -0.0482525 
qwerty 359 206 0 0.60363 -0.736083 0.725959 5.825 0.0682948 -0.00257862 -0.0730012 
qwerty 359 206 0 0.60363 -0.1046 0.702116 5.15 0.0682948 -0.00257862 -0.0730012 
qwerty 359 206 0 0.60363 0.526882 0.678273 4.475 0.0682948 -0.00257862 -0.0730012 
qwerty 357 215 0 0.510999 -1.48693 -0.376433 7 -0.0437796 -0.0532928 0.0724101 
qwerty 357 215 0 0.510999 -1.89504 -0.873224 7.675 -0.0437796 -0.0532928 0.0724101 
qwerty 357 215 0 0.510999 -2.20456 -1.25 8.18693 -0.0437796 -0.0532928 0.0724101 
qwerty 357 215 0 0.510999 -2.30315 -1.37002 8.35 -0.0437796 -0.0532928 0.0724101 
qwerty 356 215 0 0.510999 -0.776519 0.488351 5.825 0.0437796 0.0532928 -0.0724101 
qwerty 356 215 0 0.46048 -0.514978 0.908989 5.30682 -0.0105625 0.0587814 -0.0802071 
qwerty 356 215 0 0.46048 -0.53563 1.02392 5.15 -0.0105625 0.0587814 -0.0802071 
qwerty 356 215 0 0.46048 -0.62452 1.51861 4.475 -0.0105625 0.0587814 -0.0802071 
qwerty 423 356 0.0467558 0 -0.512868 0.909331 5.30686 0.0986958 0.0160178 0.00160266 
qwerty 354 231 0 0.404932 -0.87346 -0.124363 6.60695 0.063344 0.0506434 0.0585045 
qwerty 354 231 0 0.245757 -0.80984 -0.0734993 6.66571 0.079272 0.0068837 -0.0605687 
qwerty 354 231 0 0.245757 -0.592963 -0.0546665 6.5 0.079272 0.0068837 -0.0605687 
qwerty 427 354 0.159176 0 -0.807325 -0.0658267 6.68144 0.0142259 0.043393 0.0889645 
qwerty 426 354 0.106067 0 -0.868583 -0.123326 6.59954 0.0546372 0.0116201 -0.0829443 
qwerty 353 231 0 0.510999 -2.91803 -1.25 6.83644 -0.0871808 -0.0479974 0.00978563 
qwerty 353 231 0 0.510999 -4.37518 -2.05224 7 -0.0871808 -0.0479974 0.00978563 
qwerty 351 241 0 2.67832 -13.0335 -8.2038 15.95 -0.0321852 -0.0475923 -0.0818479 
qwerty 351 241 0 2.67832 -13.2989 -8.5963 15.275 -0.0321852 -0.0475923 -0.0818479 
qwerty 351 241 0 2.67832 -13.4028 -8.75 15.0107 -0.0321852 -0.0475923 -0.0818479 
qwerty 351 241 0 2.67832 -13.5643 -8.98879 14.6 -0.0321852 -0.0475923 -0.0818479 
qwerty 351 241 0 2.67832 -13.75 -9.26336 14.1278 -0.0321852 -0.0475923 -0.0818479 
qwerty 351 241 0 2.67832 -13.8297 -9.38128 13.925 -0.0321852 -0.0475923 -0.0818479 
qwerty 351 241 0 2.67832 -14.0952 -9.77378 13.25 -0.0321852 -0.0475923 -0.0818479 
qwerty 351 241 0 2.67832 -14.3606 -10.1663 12.575 -0.0321852 -0.0475923 -0.0818479 
qwerty 351 241 0 2.67832 -14.626 -10.5588 11.9 -0.0321852 -0.0475923 -0.0818479 
qwerty 351 241 0 2.67832 -14.8915 -10.9513 11.225 -0.0321852 -0.0475923 -0.0818479 
qwerty 350 241 0 0.697108 -10.952 -8.64876 15.95 0.0903214 -0.0354298 -0.0242235 
qwerty 350 241 0 0.697108 -8.75 -9.51253 15.3594 0.0903214 -0.0354298 -0.0242235 
qwerty 350 241 0 0.697108 -8.43517 -9.63603 15.275 0.0903214 -0.0354298 -0.0242235 
qwerty 350 241 0 0.697108 -5.91832 -10.6233 14.6 0.0903214 -0.0354298 -0.0242235 
qwerty 350 241 0 0.440602 -5.63057 -11.7395 13.925 0.0166936 -0.0844465 -0.0508931 
qwerty 349 245 0 0.510999 -3.18315 -0.203491 9.7 -0.069685 0.0252835 0.0671174 
qwerty 349 245 0 0.153253 -2.67751 -0.0553813 10.1421 0.0379954 0.0146249 -0.0913371 
qwerty 349 245 0 0.153253 -2.5664 -0.0126121 9.875 0.0379954 0.0146249 -0.0913371 
qwerty 436 349 0.0661703 0 -2.67544 -0.0553024 10.1455 0.0524065 0.00200042 0.0851443 
qwerty 348 245 0 0.510999 -1.9632 -0.64612 8.525 0.069685 -0.0252835 -0.0671174 
qwerty 348 245 0 0.510999 -1.26238 -0.900397 7.85 0.069685 -0.0252835 -0.0671174 
qwerty 347 245 0 0.161803 -2.21783 -0.857828 8.525 0.045116 -0.0520588 -0.0724874 
qwerty 346 245 0 0.182312 -2.54921 -0.508894 9.7 0.00901925 -0.0161835 0.0982688 
qwerty 344 251 0 0.510999 -3.13976 -6.11768 35.35 -0.0817888 -0.0325383 0.0474538 
qwerty 344 251 0 0.277053 -3.36936 -6.25 35.2867 -0.0477884 -0.0409973 -0.0776884 
qwerty 344 251 0 0.277053 -3.63799 -6.48046 34.85 -0.0477884 -0.0409973 -0.0776884 
qwerty 343 253 0 0.510999 -2.70138 -0.382369 9.2 0.0600459 -0.0278225 -0.0749693 
qwerty 343 253 0 0.510999 -2.16074 -0.632874 8.525 0.0600459 -0.0278225 -0.0749693 
qwerty 341 253 0 0.0573715 -3.62908 0.0733479 9.7 -0.0866092 0.0478911 0.0143279 
qwerty 340 253 0 6.23502 -2.52068 -0.356046 9.7 -0.0270682 0.020249 0.0941132 
qwerty 340 253 0 2.59554 -2.66829 0.16146 10.375 -0.0159639 0.0631672 0.0758621 
qwerty 340 253 0 2.59554 -2.81033 0.723504 11.05 -0.0159639 0.0631672 0.0758621 
qwerty 340 253 0 2.59554 -2.95237 1.28555 11.725 -0.0159639 0.0631672 0.0758621 
qwerty 340 253 0 2.59554 -3.09442 1.84759 12.4 -0.0159639 0.0631672 0.0758621 
qwerty 340 253 0 2.59554 -3.23646 2.40964 13.075 -0.0159639 0.0631672 0.0758621 
qwerty 340 253 0 2.59554 -3.3785 2.97168 13.75 -0.0159639 0.0631672 0.0758621 
qwerty 340 253 0 2.59554 -3.52054 3.53373 14.425 -0.0159639 0.0631672 0.0758621 
qwerty 340 253 0 2.59554 -3.5752 3.75 14.6847 -0.0159639 0.0631672 0.0758621 
qwerty 340 253 0 2.59554 -3.66259 4.09577 15.1 -0.0159639 0.0631672 0.0758621 
qwerty 340 253 0 2.59554 -3.75 4.44166 15.5154 -0.0159639 0.0631672 0.0758621 
qwerty 340 253 0 2.59554 -3.80463 4.65782 15.775 -0.0159639 0.0631672 0.0758621 
qwerty 340 253 0 2.59554 -3.94667 5.21986 16.45 -0.0159639 0.0631672 0.0758621 
qwerty 340 253 0 2.59554 -4.08871 5.7819 17.125 -0.0159639 0.0631672 0.0758621 
qwerty 340 253 0 2.59554 -4.20701 6.25 17.6872 -0.0159639 0.0631672 0.0758621 
qwerty 340 253 0 2.59554 -4.23076 6.34395 17.8 -0.0159639 0.0631672 0.0758621 
qwerty 340 253 0 2.59554 -4.3728 6.90599 18.475 -0.0159639 0.0631672 0.0758621 
qwerty 340 253 0 2.59554 -4.51484 7.46804 19.15 -0.0159639 0.0631672 0.0758621 
qwerty 450 340 0.0364711 0.585196 -4.53753 7.64039 19.3438 0.0485682 0.0607997 0.0628054 
qwerty 450 340 0.0513111 0.533885 -4.51707 7.66173 19.3581 0.0597733 0.0695443 0.0398841 
qwerty 450 340 0.0459109 0.487974 -4.50167 7.68251 19.3648 0.0808071 0.0444808 0.0386221 
qwerty 450 340 0.0519043 0.436069 -4.48131 7.70044 19.3746 0.0622906 0.0731606 -0.0277021 
qwerty 450 340 0.0634408 0.372629 -4.46796 7.72609 19.3717 0.0487807 0.0821925 -0.029408 
qwerty 450 340 0.0464887 0.32614 -4.46332 7.74816 19.3627 0.00299938 0.0998249 0.00509842 
qwerty 450 340 0.0493489 0.276791 -4.45941 7.77286 19.3702 -0.0321798 0.0791918 0.0518952 
qwerty 450 340 0.102139 0.174652 -4.47323 7.79724 19.3713 -0.00405879 0.070826 0.0704784 
qwerty 450 340 0.174652 0 -4.47405 7.81166 19.3856 -0.00405879 0.070826 0.0704784 
qwerty 450 340 0 0 -4.47405 7.81166 19.3856 -0.00405879 0.070826 0.0704784 
qwerty 456 448 0 1.48142 -2.65024 1.21973 10.375 -0.00601019 0.0932999 0.0354824 
qwerty 456 448 0 1.48142 -2.76458 2.99463 11.05 -0.00601019 0.0932999 0.0354824 
qwerty 456 448 0 1.48142 -2.87891 4.76952 11.725 -0.00601019 0.0932999 0.0354824 
qwerty 456 448 0 1.462 -2.89221 6.18892 12.4 -0.00083817 0.0903002 0.0429555 
qwerty 456 448 0 1.462 -2.90538 7.6079 13.075 -0.00083817 0.0903002 0.0429555 
qwerty 456 448 0 1.09241 -2.91583 8.7338 13.6106 0.0067223 0.0596697 0.0799646 
qwerty 456 448 0 1.09241 -2.91401 8.75 13.6323 0.0067223 0.0596697 0.0799646 
qwerty 456 448 0 1.09241 -2.90411 8.83783 13.75 0.0067223 0.0596697 0.0799646 
qwerty 456 448 0 1.09241 -2.84737 9.34151 14.425 0.0067223 0.0596697 0.0799646 
qwerty 456 448 0 1.09241 -2.79062 9.8452 15.1 0.0067223 0.0596697 0.0799646 
qwerty 456 448 0 1.09241 -2.73388 10.3489 15.775 0.0067223 0.0596697 0.0799646 
qwerty 456 448 0 1.09241 -2.67713 10.8526 16.45 0.0067223 0.0596697 0.0799646 
qwerty 456 448 0 1.02146 -2.42586 11.362 17.125 0.0317224 0.0571991 0.0756436 
qwerty 456 448 0 1.02146 -2.14279 11.8725 17.8 0.0317224 0.0571991 0.0756436 
qwerty 456 448 0 1.02146 -1.85972 12.3829 18.475 0.0317224 0.0571991 0.0756436 
qwerty 456 448 0 1.02146 -1.57665 12.8933 19.15 0.0317224 0.0571991 0.0756436 
qwerty 456 448 0 1.02146 -1.29357 13.4037 19.825 0.0317224 0.0571991 0.0756436 
qwerty 456 448 0 1.02146 -1.10151 13.75 20.283 0.0317224 0.0571991 0.0756436 
qwerty 456 448 0 1.02146 -1.0105 13.9141 20.5 0.0317224 0.0571991 0.0756436 
qwerty 456 448 0 1.02146 -0.727428 14.4245 21.175 0.0317224 0.0571991 0.0756436 
qwerty 456 448 0 1.02146 -0.444356 14.9349 21.85 0.0317224 0.0571991 0.0756436 
qwerty 456 448 0 1.02146 -0.161283 15.4453 22.525 0.0317224 0.0571991 0.0756436 
qwerty 456 448 0 1.02146 0.12179 15.9557 23.2 0.0317224 0.0571991 0.0756436 
qwerty 456 448 0 1.02146 0.404863 16.4662 23.875 0.0317224 0.0571991 0.0756436 
qwerty 456 448 0 1.02146 0.687935 16.9766 24.55 0.0317224 0.0571991 0.0756436 
qwerty 459 456 0.0177056 0.351889 -2.91794 8.74278 13.609 -0.0190604 0.0918274 -0.0347049 
qwerty 459 456 0.0120176 0.339871 -2.91955 8.74916 13.6075 0.0103385 0.0993362 0.00504326 
qwerty 459 456 0.0025144 0.337357 -2.91946 8.75 13.6076 0.0105903 0.0990016 0.00930209 
qwerty 459 456 0.0127593 0.324598 -2.91748 8.75639 13.6087 0.0203621 0.097905 -2.37277e-05 
qwerty 459 456 0.0102176 0.31438 -2.91491 8.7623 13.6086 0.0401527 0.0839929 0.0365098 
qwerty 459 456 0.0133555 0.301025 -2.91252 8.76809 13.6123 0.0208891 0.0864418 0.0457325 
qwerty 459 456 0.0193969 0.281628 -2.90976 8.7767 13.6143 0.0518584 0.0804781 0.0288787 
qwerty 459 456 0.0301724 0.251455 -2.89706 8.78545 13.6214 0.0257287 0.0860647 0.0439421 
qwerty 459 456 0.0523478 0.199107 -2.90066 8.80453 13.6281 -0.0419048 0.0381208 0.0824063 
qwerty 459 456 0.199107 0 -2.91136 8.81426 13.6492 -0.0419048 0.0381208 0.0824063 
qwerty 455 449 0 0.132407 -4.11968 7.40521 19.825 0.0623323 -0.0299493 0.0722339 
qwerty 454 432 0 0.510999 -14.7128 -10.8187 10.55 0.0362082 0.0322057 -0.0874743 
qwerty 454 432 0 0.510999 -14.4334 -10.5701 9.875 0.0362082 0.0322057 -0.0874743 
qwerty 454 432 0 0.510999 -14.154 -10.3216 9.2 0.0362082 0.0322057 -0.0874743 
qwerty 454 432 0 0.510999 -13.8746 -10.0731 8.525 0.0362082 0.0322057 -0.0874743 
qwerty 454 432 0 0.171498 -14.1055 -10.1387 9.025 -0.0414091 -0.0128802 0.0901076 
qwerty 453 432 0 0.510999 -15.1991 -11.2513 11.725 -0.0362082 -0.0322057 0.0874743 
qwerty 453 432 0 0.510999 -15.4785 -11.4998 12.4 -0.0362082 -0.0322057 0.0874743 
qwerty 452 450 0 0.510999 -4.53869 8.56607 19.825 -0.00738332 0.0861772 0.0501893 
qwerty 451 450 0 0.510999 -4.46513 7.70754 19.325 0.00738332 -0.0861772 -0.0501893 
qwerty 451 450 0 0.510999 -4.36584 6.54854 18.65 0.00738332 -0.0861772 -0.0501893 
qwerty 451 450 0 0.510999 -4.26654 5.38954 17.975 0.00738332 -0.0861772 -0.0501893 
qwerty 451 450 0 0.510999 -4.16724 4.23053 17.3 0.00738332 -0.0861772 -0.0501893 
