qwerty 1 0 0 200 0 0 -0.249997 0 0 0.1 
qwerty 3 1 0 28.2941 -2.33557 1.25 -0.137352 -0.0880872 0.0471444 0.00424847 
qwerty 3 1 0 28.2941 -7.00671 3.75 0.0879382 -0.0880872 0.0471444 0.00424847 
qwerty 3 1 0 28.2941 -10.3669 5.54837 0.25 -0.0880872 0.0471444 0.00424847 
qwerty 2 1 0 306.682 0.0408075 -0.0218403 0.25 0.00812681 -0.00434948 0.0995743 
qwerty 2 1 0 306.682 0.095898 -0.0513248 0.925 0.00812681 -0.00434948 0.0995743 
qwerty 2 1 0 306.682 0.150989 -0.0808093 1.6 0.00812681 -0.00434948 0.0995743 
qwerty 2 1 0 306.682 0.206079 -0.110294 2.275 0.00812681 -0.00434948 0.0995743 
qwerty 2 1 0 306.682 0.26117 -0.139778 2.95 0.00812681 -0.00434948 0.0995743 
qwerty 7 2 0.0601015 35.5737 0.275397 -0.151605 3.16139 0.000544467 -0.0108291 0.0994104 
qwerty 7 2 0.7694 34.8043 0.277936 -0.202108 3.625 -0.00574389 -0.0114563 0.0991754 
qwerty 7 2 0.872303 31.2373 0.0328283 -0.324303 4.3 -0.0393805 -0.0122326 0.0911018 
qwerty 7 2 0.790307 24.4587 -0.188895 -0.470365 4.975 -0.0351493 -0.0175345 0.0919623 
qwerty 7 2 1.68863 18.603 -0.663946 -0.695835 5.65 -0.0634293 -0.0160925 0.0756159 
qwerty 5 3 0 6.85063 -12.8146 6.77887 0.25 -0.0658921 0.0574691 0.0485339 
qwerty 8 7 0.0547145 0.277656 0.263675 -0.160161 3.17343 -0.0448095 -0.088927 -0.0091706 
qwerty 8 7 0.0641495 0.213506 0.243413 -0.177053 3.17664 -0.0539011 -0.0840868 -0.00490744 
qwerty 8 7 0.160606 0.0528998 0.2456 -0.207248 3.17181 -0.00530944 -0.0967218 -0.0248336 
qwerty 8 7 0.0528998 0 0.245458 -0.209819 3.17115 -0.00530944 -0.0967218 -0.0248336 
qwerty 6 2 0.829927 268.574 0.319452 -0.171338 3.625 0.0090461 -0.00492847 0.099468 
qwerty 6 2 0.119181 261.366 0.346222 -0.179706 3.88091 0.0109888 -0.00320286 0.0993428 
qwerty 6 2 0.631725 260.735 0.39258 -0.193218 4.3 0.0110147 -0.00281265 0.0993517 
qwerty 6 2 0.466676 255.654 0.458135 -0.188051 4.76117 0.0145199 0.00197874 0.0989205 
qwerty 6 2 0.438477 255.216 0.489521 -0.183774 4.975 0.0145185 0.00160136 0.0989275 
qwerty 6 2 0.284696 13.0877 0.533919 -0.198196 5.24416 0.00918281 0.00340341 0.0995193 
qwerty 6 2 0.745206 12.3425 0.571366 -0.184317 5.65 0.00226309 0.000684319 0.099972 
qwerty 6 2 0.847385 8.62025 0.79269 -0.364202 6.325 0.0245383 -0.0431036 0.0868329 
qwerty 6 2 0.530379 3.08865 0.776565 -0.671844 6.69285 0.0104172 -0.0806066 0.0582586 
qwerty 6 2 0.917324 2.17133 0.793076 -1.02633 6.98211 -0.0432676 -0.0759653 0.0485509 
qwerty 6 2 0.0485854 2.12274 0.77713 -1.05433 7 -0.0429781 -0.0691412 0.0580722 
qwerty 6 2 0.57004 1.34096 0.986674 -1.11029 6.74681 0.0420418 -0.0113749 -0.0900172 
qwerty 6 2 0.374491 0.966471 1.05913 -1.1454 6.51973 0.030373 -0.0163469 -0.093863 
qwerty 6 2 0.0254069 0.941064 1.06551 -1.14883 6.5 -0.0704996 0.0467972 -0.05329 
qwerty 6 2 0.129318 0.767363 0.989965 -1.14089 6.51778 -0.0744298 0.0542134 0.0390014 
qwerty 6 2 0.0884122 0.678951 0.956029 -1.09783 6.53337 -0.0542708 0.0684587 0.048663 
qwerty 6 2 0.289106 0.389845 0.92314 -1.04754 6.5493 -0.0828482 0.0530122 0.0180522 
qwerty 6 2 0.198697 0.191148 0.857658 -1.04212 6.54919 -0.0932263 0.032746 -0.01538 
qwerty 6 2 0.191148 0 0.83539 -1.0343 6.54552 -0.0932263 0.032746 -0.01538 
qwerty 41 6 0.850687 6.8858 0.670718 -0.349968 5.65 0.0286188 -0.0332321 0.0898698 
qwerty 38 6 0.188024 0.709774 0.373282 -0.141073 4.85376 -0.096015 0.0185002 -0.0209488 
qwerty 38 6 0.122643 0.587131 0.308503 -0.108952 4.84484 -0.0912083 0.0283207 -0.0296477 
qwerty 38 6 0.14031 0.446821 0.245149 -0.119388 4.82395 -0.0935894 0.0207203 -0.0284903 
qwerty 38 6 0.222269 0.224552 0.200357 -0.0908326 4.76361 0.0560323 -0.066259 -0.0497004 
qwerty 38 6 0.224552 0 0.217716 -0.111359 4.74821 0.0560323 -0.066259 -0.0497004 
qwerty 34 6 0.072253 0.673823 0.31619 -0.175159 3.90604 -0.0606289 0.0101872 0.0788692 
qwerty 34 6 0.182198 0.491626 0.275009 -0.157294 3.93654 -0.0262893 0.0715133 0.0647667 
qwerty 34 6 0.192723 0.298903 0.264997 -0.0886935 3.96479 0.0211811 0.0782734 0.0585203 
qwerty 34 6 0.298903 0 0.275295 -0.0506388 3.99324 0.0211811 0.0782734 0.0585203 
qwerty 49 41 0 1.50855 0.157778 -0.80999 5.15 -0.0625567 -0.0480527 -0.0614622 
qwerty 49 41 0 1.50855 -0.529241 -1.33772 4.475 -0.0625567 -0.0480527 -0.0614622 
qwerty 49 41 0 1.50855 -1.21626 -1.86545 3.8 -0.0625567 -0.0480527 -0.0614622 
qwerty 48 41 0 2.10917 1.00903 -0.558849 6.325 0.0404446 -0.0281274 0.0870235 
qwerty 48 41 0 2.10917 1.32274 -0.77702 7 0.0404446 -0.0281274 0.0870235 
qwerty 48 41 0 2.10917 1.63645 -0.99519 7.675 0.0404446 -0.0281274 0.0870235 
qwerty 48 41 0 2.10917 1.95016 -1.21336 8.35 0.0404446 -0.0281274 0.0870235 
qwerty 47 6 0.00029101 0 0.745832 -0.683351 6.72868 -0.0632606 -0.0236858 0.0737366 
qwerty 53 47 0.00652057 0 0.745831 -0.683412 6.72869 -0.000412924 -0.0957007 0.0290037 
qwerty 46 6 0 0.501252 0.736638 -0.186932 7 -0.013597 0.0302414 0.0943429 
qwerty 45 6 0 1.80124 1.04406 -0.723834 7 0.0312362 -0.0446901 0.0838278 
qwerty 45 6 0 1.80124 1.25 -1.01848 7.55268 0.0312362 -0.0446901 0.0838278 
qwerty 45 6 0 1.80124 1.29558 -1.08369 7.675 0.0312362 -0.0446901 0.0838278 
qwerty 45 6 0 1.80124 1.41182 -1.25 7.98696 0.0312362 -0.0446901 0.0838278 
qwerty 45 6 0 1.80124 1.5471 -1.44354 8.35 0.0312362 -0.0446901 0.0838278 
qwerty 45 6 0 1.80124 1.79862 -1.8034 9.025 0.0312362 -0.0446901 0.0838278 
qwerty 45 6 0 1.80124 2.05014 -2.16325 9.7 0.0312362 -0.0446901 0.0838278 
qwerty 45 6 0 1.80124 2.30166 -2.52311 10.375 0.0312362 -0.0446901 0.0838278 
qwerty 45 6 0 1.80124 2.55318 -2.88296 11.05 0.0312362 -0.0446901 0.0838278 
qwerty 45 6 0 1.80124 2.8047 -3.24282 11.725 0.0312362 -0.0446901 0.0838278 
qwerty 45 6 0 1.80124 3.05622 -3.60267 12.4 0.0312362 -0.0446901 0.0838278 
qwerty 45 6 0 1.80124 3.30775 -3.96253 13.075 0.0312362 -0.0446901 0.0838278 
qwerty 45 6 0 1.80124 3.55927 -4.32238 13.75 0.0312362 -0.0446901 0.0838278 
qwerty 45 6 0 1.80124 3.75 -4.59527 14.2619 0.0312362 -0.0446901 0.0838278 
qwerty 45 6 0 1.80124 3.81079 -4.68224 14.425 0.0312362 -0.0446901 0.0838278 
qwerty 45 6 0 1.80124 4.06231 -5.04209 15.1 0.0312362 -0.0446901 0.0838278 
qwerty 45 6 0 1.80124 4.31383 -5.40194 15.775 0.0312362 -0.0446901 0.0838278 
qwerty 45 6 0 1.80124 4.56535 -5.7618 16.45 0.0312362 -0.0446901 0.0838278 
qwerty 45 6 0 1.80124 4.81687 -6.12165 17.125 0.0312362 -0.0446901 0.0838278 
qwerty 45 6 0 1.80124 4.90658 -6.25 17.3657 0.0312362 -0.0446901 0.0838278 
qwerty 45 6 0 1.80124 5.06839 -6.48151 17.8 0.0312362 -0.0446901 0.0838278 
qwerty 45 6 0 1.80124 5.31991 -6.84136 18.475 0.0312362 -0.0446901 0.0838278 
qwerty 45 6 0 1.80124 5.57143 -7.20122 19.15 0.0312362 -0.0446901 0.0838278 
qwerty 45 6 0 1.80124 5.82295 -7.56107 19.825 0.0312362 -0.0446901 0.0838278 
qwerty 45 6 0 1.80124 6.07447 -7.92093 20.5 0.0312362 -0.0446901 0.0838278 
qwerty 45 6 0 1.80124 6.25 -8.17206 20.9711 0.0312362 -0.0446901 0.0838278 
qwerty 45 6 0 1.80124 6.32599 -8.28078 21.175 0.0312362 -0.0446901 0.0838278 
qwerty 45 6 0 1.80124 6.57752 -8.64064 21.85 0.0312362 -0.0446901 0.0838278 
qwerty 45 6 0 1.80124 6.82904 -9.00049 22.525 0.0312362 -0.0446901 0.0838278 
qwerty 45 6 0 1.80124 7.08056 -9.36035 23.2 0.0312362 -0.0446901 0.0838278 
qwerty 45 6 0 1.80124 7.33208 -9.7202 23.875 0.0312362 -0.0446901 0.0838278 
qwerty 45 6 0 0.77138 7.48045 -9.93248 24.2732 0.035147 0.0422567 0.0835408 
qwerty 45 6 0 0.77138 7.59691 -9.79246 24.55 0.035147 0.0422567 0.0835408 
qwerty 45 6 0 0.726053 8.1477 -9.49127 25.225 0.0600804 0.0325125 0.0730293 
qwerty 45 6 0 0.552629 8.81036 -8.75 25.571 0.0610262 0.0759006 0.0226916 
qwerty 45 6 0 0.279799 9.23475 -8.22218 25.7288 0.014459 0.029565 -0.0944291 
qwerty 45 6 0 0.279799 9.28509 -8.11924 25.4 0.014459 0.029565 -0.0944291 
qwerty 58 45 0.27283 0 9.25581 -8.19828 25.7564 0.0499345 0.0566533 0.0655512 
qwerty 55 45 0.203509 0.826357 7.48438 -10.0081 24.3802 -0.0468571 -0.0622351 0.0626993 
qwerty 55 45 0.151623 0.674734 7.43167 -10.063 24.4266 -0.030956 -0.0914198 0.0261561 
qwerty 55 45 0.366965 0.307769 7.36273 -10.1315 24.4546 -0.0309302 -0.0945422 -0.0102517 
qwerty 55 45 0.307769 0 7.34699 -10.1796 24.4493 -0.0309302 -0.0945422 -0.0102517 
qwerty 44 6 0 0.182503 0.86186 -0.375584 6.325 0.0437551 -0.0318975 0.0840717 
qwerty 43 6 0 0.295899 0.57872 -0.463128 6.325 -0.00413077 -0.0478191 0.0877284 
qwerty 43 6 0 0.295899 0.546937 -0.831057 7 -0.00413077 -0.0478191 0.0877284 
qwerty 43 6 0 0.295899 0.515154 -1.19899 7.675 -0.00413077 -0.0478191 0.0877284 
qwerty 43 6 0 0.295899 0.483371 -1.56692 8.35 -0.00413077 -0.0478191 0.0877284 
qwerty 40 6 0 72.4866 0.634851 -0.269305 5.65 0.0229304 -0.015489 0.0960952 
qwerty 40 6 0 72.4866 0.795921 -0.378104 6.325 0.0229304 -0.015489 0.0960952 
qwerty 40 6 0 72.4866 0.956991 -0.486903 7 0.0229304 -0.015489 0.0960952 
qwerty 40 6 0 72.4866 1.11806 -0.595702 7.675 0.0229304 -0.015489 0.0960952 
qwerty 40 6 0 72.4866 1.27913 -0.704501 8.35 0.0229304 -0.015489 0.0960952 
qwerty 40 6 0 72.4866 1.4402 -0.8133 9.025 0.0229304 -0.015489 0.0960952 
qwerty 64 40 0.250436 6.68139 1.46458 -0.847676 9.36834 -0.00567596 -0.00173005 0.0998238 
qwerty 64 40 0.659038 6.02236 1.44572 -0.853424 9.7 -0.0172528 -0.00157957 0.0984878 
qwerty 66 64 0.246404 0.267709 1.42888 -0.938213 9.36491 -0.0799782 -0.0567496 -0.0195698 
qwerty 66 64 0.267709 0 1.39614 -0.961445 9.3569 -0.0799782 -0.0567496 -0.0195698 
qwerty 67 64 0 1.10507 1.51501 -0.799951 10.375 0.00945491 0.00540303 0.0994053 
qwerty 67 64 0 1.10507 1.57921 -0.763263 11.05 0.00945491 0.00540303 0.0994053 
qwerty 67 64 0 1.10507 1.64341 -0.726574 11.725 0.00945491 0.00540303 0.0994053 
qwerty 67 64 0 1.10507 1.70761 -0.689885 12.4 0.00945491 0.00540303 0.0994053 
qwerty 67 64 0 1.10507 1.77182 -0.653197 13.075 0.00945491 0.00540303 0.0994053 
qwerty 67 64 0 1.10507 1.83602 -0.616508 13.75 0.00945491 0.00540303 0.0994053 
qwerty 67 64 0 1.10507 1.90022 -0.57982 14.425 0.00945491 0.00540303 0.0994053 
qwerty 67 64 0 1.10507 1.96442 -0.543131 15.1 0.00945491 0.00540303 0.0994053 
qwerty 67 64 0 1.10507 2.02863 -0.506442 15.775 0.00945491 0.00540303 0.0994053 
qwerty 67 64 0 1.10507 2.09283 -0.469754 16.45 0.00945491 0.00540303 0.0994053 
qwerty 67 64 0 1.10507 2.15703 -0.433065 17.125 0.00945491 0.00540303 0.0994053 
qwerty 67 64 0 0.913265 2.23636 -0.665729 17.8 0.0111481 -0.0379806 0.0918324 
qwerty 67 64 0 0.913265 2.3183 -0.944899 18.475 0.0111481 -0.0379806 0.0918324 
qwerty 39 6 0 159.585 0.583865 -0.166304 5.65 0.0137647 0.00249462 0.0990167 
qwerty 37 6 0 0.236574 0.485504 -0.193836 4.975 0.0138163 -8.10417e-05 0.0990409 
qwerty 35 6 0 1.01208 0.46908 -0.209366 4.975 0.0112585 -0.00237328 0.0993359 
qwerty 35 6 0 1.01208 0.545584 -0.225493 5.65 0.0112585 -0.00237328 0.0993359 
qwerty 35 6 0 1.01208 0.622087 -0.24162 6.325 0.0112585 -0.00237328 0.0993359 
qwerty 35 6 0 1.01208 0.69859 -0.257747 7 0.0112585 -0.00237328 0.0993359 
qwerty 35 6 0 1.01208 0.775094 -0.273873 7.675 0.0112585 -0.00237328 0.0993359 
qwerty 35 6 0 1.01208 0.851597 -0.29 8.35 0.0112585 -0.00237328 0.0993359 
qwerty 35 6 0 1.01208 0.9281 -0.306127 9.025 0.0112585 -0.00237328 0.0993359 
qwerty 35 6 0 0.471982 0.566448 -1.25 9.67425 -0.0334703 -0.0831635 0.0443121 
qwerty 35 6 0 0.471982 0.546997 -1.29833 9.7 -0.0334703 -0.0831635 0.0443121 
qwerty 35 6 0 0.471982 0.0371476 -2.56515 10.375 -0.0334703 -0.0831635 0.0443121 
qwerty 33 6 0 0.499355 0.389183 -0.198334 4.3 0.0102688 -0.00416448 0.0993841 
qwerty 33 6 0 0.499355 0.458927 -0.226618 4.975 0.0102688 -0.00416448 0.0993841 
qwerty 33 6 0 0.499355 0.528671 -0.254903 5.65 0.0102688 -0.00416448 0.0993841 
qwerty 33 6 0 0.499355 0.598415 -0.283187 6.325 0.0102688 -0.00416448 0.0993841 
qwerty 33 6 0 0.499355 0.668159 -0.311471 7 0.0102688 -0.00416448 0.0993841 
qwerty 33 6 0 0.499355 0.737902 -0.339756 7.675 0.0102688 -0.00416448 0.0993841 
qwerty 33 6 0 0.499355 0.807646 -0.36804 8.35 0.0102688 -0.00416448 0.0993841 
qwerty 32 6 0 1.28181 0.389591 -0.186096 4.3 0.0103502 -0.00187062 0.0994453 
qwerty 32 6 0 1.28181 0.459845 -0.198793 4.975 0.0103502 -0.00187062 0.0994453 
qwerty 32 6 0 1.28181 0.530098 -0.21149 5.65 0.0103502 -0.00187062 0.0994453 
qwerty 32 6 0 1.28181 0.600351 -0.224187 6.325 0.0103502 -0.00187062 0.0994453 
qwerty 32 6 0 1.28181 0.670605 -0.236884 7 0.0103502 -0.00187062 0.0994453 
qwerty 32 6 0 1.28181 0.740858 -0.249581 7.675 0.0103502 -0.00187062 0.0994453 
qwerty 32 6 0 1.23009 0.919737 -0.238491 8.35 0.027887 0.00211265 0.0960096 
qwerty 32 6 0 1.23009 1.1158 -0.223638 9.025 0.027887 0.00211265 0.0960096 
qwerty 32 6 0 1.23009 1.31186 -0.208785 9.7 0.027887 0.00211265 0.0960096 
qwerty 32 6 0 1.23009 1.50792 -0.193932 10.375 0.027887 0.00211265 0.0960096 
qwerty 32 6 0 1.23009 1.70398 -0.179079 11.05 0.027887 0.00211265 0.0960096 
qwerty 32 6 0 1.23009 1.90004 -0.164226 11.725 0.027887 0.00211265 0.0960096 
qwerty 32 6 0 1.23009 2.0961 -0.149373 12.4 0.027887 0.00211265 0.0960096 
qwerty 31 6 0 0.234753 0.391558 -0.185794 4.3 0.0107047 -0.0018146 0.0994088 
qwerty 30 6 0 0.477138 0.393339 -0.182756 4.3 0.0110231 -0.00125911 0.0993826 
qwerty 28 5 0 0.510999 -11.2791 6.45351 0.925 0.0922873 -0.0169892 0.0345604 
qwerty 28 5 0 0.172257 -12.5661 7.09545 0.425 -0.084732 0.0416956 -0.0328933 
qwerty 26 5 0 1.40226 -13.6215 6.63556 0.925 -0.0762757 -0.0175561 0.0622399 
qwerty 23 5 0 1.04267 -15.0705 7.45199 -0.25 -0.0931146 0.0275348 -0.023906 
qwerty 22 5 0 1.97335 -13.4415 8.18751 0.925 -0.0445745 0.0837659 0.0315657 
qwerty 22 5 0 1.23006 -14.9198 10.9392 0.425 -0.0459661 0.0854103 -0.0243352 
qwerty 22 5 0 1.23006 -16.1948 13.3083 -0.25 -0.0459661 0.0854103 -0.0243352 
qwerty 20 5 0 0.421517 -15.1163 6.78917 -0.25 -0.0974159 0.00583023 -0.0218211 
qwerty 19 5 0 2.0464 -13.75 6.98874 0.491404 -0.09597 0.0263895 0.00966194 
qwerty 19 5 0 2.0464 -16.25 7.67618 0.743095 -0.09597 0.0263895 0.00966194 
qwerty 19 5 0 2.0464 -18.0568 8.17302 0.925 -0.09597 0.0263895 0.00966194 
qwerty 19 5 0 0.298554 -17.8452 8.75 1.19537 0.0691661 0.0649455 0.0315931 
qwerty 19 5 0 0.26701 -17.4444 9.1263 1.37842 0.0890494 0.00606867 0.0450929 
qwerty 19 5 0 0.26701 -17.0069 9.15612 1.6 0.0890494 0.00606867 0.0450929 
qwerty 18 7 0 0.181534 -0.357453 -0.366977 5.5656 -0.0128873 -0.0982331 -0.0135708 
qwerty 18 7 0 0.181534 -0.473298 -1.25 5.44361 -0.0128873 -0.0982331 -0.0135708 
qwerty 18 7 0 0.181534 -0.752119 -3.3753 5.15 -0.0128873 -0.0982331 -0.0135708 
qwerty 17 7 0 0.510999 -1.25 -1.606 5.94038 -0.0567653 -0.0788007 0.0238359 
qwerty 17 7 0 0.510999 -2.16597 -2.87754 6.325 -0.0567653 -0.0788007 0.0238359 
qwerty 14 7 0 14.7745 -1.12632 -0.885045 6.325 -0.0549341 -0.0228859 0.0803647 
qwerty 13 7 0 0.601666 -1.15403 -0.80589 6.325 -0.0581585 -0.0129953 0.0803039 
qwerty 13 7 0 0.194945 -1.1345 -1.00412 5.825 0.00994009 -0.0322222 -0.0941431 
qwerty 12 7 0 0.239114 -0.443687 -0.708597 5.65 -0.0350805 -0.03066 0.0884835 
qwerty 11 7 0 1.73119 -0.428317 -0.730321 5.65 -0.0326883 -0.0338581 0.0882332 
qwerty 11 7 0 1.73119 -0.678389 -0.989341 6.325 -0.0326883 -0.0338581 0.0882332 
qwerty 11 7 0 1.73119 -0.928461 -1.24836 7 -0.0326883 -0.0338581 0.0882332 
qwerty 11 7 0 1.73119 -1.17853 -1.50738 7.675 -0.0326883 -0.0338581 0.0882332 
qwerty 11 7 0 1.73119 -1.4286 -1.7664 8.35 -0.0326883 -0.0338581 0.0882332 
qwerty 11 7 0 1.73119 -1.67868 -2.02542 9.025 -0.0326883 -0.0338581 0.0882332 
qwerty 10 7 0 3.71545 -0.203909 -0.413829 4.975 -0.0272896 -0.011733 0.0954862 
qwerty 9 7 0 0.675462 0.0891055 -0.310082 4.3 -0.0272131 -0.0155917 0.0949544 
qwerty 9 7 0 0.675462 -0.104343 -0.420918 4.975 -0.0272131 -0.0155917 0.0949544 
qwerty 116 10 0.379987 0.922115 -0.401974 -0.419792 5.16683 -0.0907207 -0.0388581 0.0161184 
qwerty 116 10 0.221273 0.700842 -0.534219 -0.44272 5.21106 0.0241221 0.0948522 -0.0205227 
qwerty 116 10 0.468112 0.23273 -0.482605 -0.305143 5.20782 0.0228975 0.0916873 0.0326976 
qwerty 116 10 0.23273 0 -0.47515 -0.275293 5.21846 0.0228975 0.0916873 0.0326976 
qwerty 116 10 0 0 -0.47515 -0.275293 5.21846 0.0228975 0.0916873 0.0326976 
qwerty 77 39 0.116131 0.89219 0.455695 -0.0590204 5.82671 -0.0951972 -0.0288045 0.0103824 
qwerty 77 39 0.118358 0.773832 0.37802 -0.0806467 5.82532 -0.0915639 -0.0167243 -0.0365561 
qwerty 77 39 0.00114069 0.772691 0.377226 -0.0807917 5.825 -0.0912678 -0.0214779 -0.034769 
qwerty 77 39 0.0436027 0.624379 0.399329 -0.0927109 5.82524 0.0602491 -0.0798126 -7.11152e-05 
qwerty 77 39 0.0426378 0.581741 0.416904 -0.115636 5.8252 0.054216 -0.0805487 -0.0239277 
qwerty 77 39 0.00100577 0.580736 0.417352 -0.116302 5.825 0.0548882 -0.0817353 -0.0175107 
qwerty 65 40 1.07206 62.4828 1.61099 -0.988251 9.7 0.0237115 -0.027483 0.0931797 
qwerty 65 40 1.27626 57.0857 1.73415 -1.16033 10.375 0.0165039 -0.0193202 0.0967179 
qwerty 65 40 0.61564 32.0216 1.8423 -1.25 10.8935 0.00232987 -0.0176607 0.0984006 
qwerty 65 40 0.236251 31.7853 1.846 -1.27809 11.05 0.00373813 -0.0167236 0.0985208 
qwerty 65 40 0.796268 21.3037 1.95123 -1.11147 11.725 0.00251466 0.0364046 0.0931042 
qwerty 65 40 0.808003 16.4881 2.25503 -1.09662 12.4 0.045708 -0.00779002 0.0886007 
qwerty 65 40 0.0847701 6.45724 2.44909 -0.990583 12.3455 0.000294924 -0.0265186 -0.0964193 
qwerty 65 40 0.66897 5.78383 2.47137 -1.11581 11.9258 0.0305286 -0.00988753 -0.0947114 
qwerty 65 40 0.042232 5.7416 2.4797 -1.11851 11.9 0.0364965 -0.01112 -0.0924357 
qwerty 117 9 0.04101 0.495207 -0.150013 -0.439505 5.1597 0.0187664 0.0839696 0.0509601 
qwerty 117 9 0.0235494 0.471658 -0.145178 -0.426692 5.16646 0.0573019 0.0642232 0.0509104 
qwerty 117 9 0.0397842 0.431873 -0.13831 -0.413634 5.179 0.0703801 0.0541033 0.0460377 
qwerty 117 9 0.0282205 0.403653 -0.128216 -0.40142 5.18449 0.0813862 0.0572204 -0.0101053 
qwerty 117 9 0.0473491 0.356304 -0.110916 -0.390739 5.17837 0.0947484 0.017987 -0.0264427 
qwerty 117 9 0.042001 0.314303 -0.0958117 -0.384754 5.16977 0.0708071 0.0055963 -0.0703921 
qwerty 117 9 0.0991398 0.215163 -0.0881617 -0.381465 5.15456 0.0780244 -0.0183446 -0.0597969 
qwerty 117 9 0.0278646 0.187298 -0.0822155 -0.382863 5.15 0.0508416 -0.0173319 -0.0843489 
qwerty 107 14 0.979571 9.95406 -1.65954 -0.870547 7 -0.0557296 0.0103649 0.0823819 
qwerty 107 14 0.328787 6.362 -1.66303 -0.878634 7.28773 0.0724796 -0.0180453 0.0664912 
qwerty 107 14 1.02338 5.33863 -1.25 -0.981467 7.66664 0.0493961 0.00122119 0.0869398 
qwerty 107 14 0.0211872 5.31744 -1.24525 -0.98135 7.675 0.0475299 0.000616953 0.0879803 
qwerty 107 14 0.489673 2.75375 -1.25 -1.05824 7.40985 -0.0304585 -0.0234157 -0.0923254 
qwerty 107 14 0.43211 2.32164 -1.32748 -1.1178 7.175 -0.027602 -0.0215078 -0.0936779 
qwerty 101 18 0.224335 0.10513 -0.3604 -0.313874 5.57604 -0.0646721 0.0537781 -0.0540873 
qwerty 101 18 0.10513 0 -0.366086 -0.309145 5.57129 -0.0646721 0.0537781 -0.0540873 
qwerty 99 19 0.0315441 0 -17.4446 9.12734 1.37827 -0.0171545 0.0974734 -0.0143061 
qwerty 88 30 0.0118974 0.368351 0.410673 -0.187397 4.48273 -0.010818 -0.0538762 0.0835483 
qwerty 88 30 0.120708 0.247643 0.410758 -0.193084 4.48946 -0.00806316 -0.0617336 0.0782557 
qwerty 88 30 0.0239239 0.22372 0.411841 -0.197162 4.49618 0.0348559 -0.0683392 0.0641469 
qwerty 88 30 0.0303216 0.193398 0.413099 -0.205129 4.50367 0.0507347 -0.0370321 0.0778114 
qwerty 88 30 0.0484098 0.144988 0.425595 -0.212577 4.51154 0.069306 0.0585111 -0.0421086 
qwerty 88 30 0.144988 0 0.436087 -0.203719 4.50516 0.069306 0.0585111 -0.0421086 
qwerty 76 39 0.897216 135.946 0.695951 -0.0919408 6.325 0.0168722 0.0115416 0.0978883 
qwerty 76 39 0.567237 133.07 0.773992 -0.0123058 6.86882 0.0128381 0.0164994 0.0977903 
qwerty 76 39 0.171145 132.899 0.791214 0.00982785 7 0.0131095 0.0171428 0.0976436 
qwerty 76 39 1.1907 126.038 0.825015 0.17668 7.675 0.00617646 0.0232191 0.0970707 
qwerty 76 39 0.92198 122.041 0.932624 0.269242 8.35 0.0171788 0.00912736 0.0980897 
qwerty 76 39 0.306246 89.9722 1.01253 0.307067 8.70384 0.0264524 0.0107434 0.0958376 
qwerty 76 39 0.506608 89.4655 1.10117 0.343069 9.025 0.0281278 0.00965421 0.0954758 
qwerty 76 39 0.235342 70.4554 1.18826 0.365161 9.34055 0.0233565 0.00615319 0.0970392 
qwerty 76 39 0.560806 69.8946 1.27478 0.387953 9.7 0.0244353 0.00805985 0.0966331 
qwerty 168 76 0.348569 0.879777 1.02019 0.44205 8.76908 -0.0374177 0.0889311 0.0262902 
qwerty 168 76 0.272696 0.607081 0.99416 0.576401 8.76711 -0.0303549 0.0834995 -0.0458957 
qwerty 168 76 0.461487 0.145594 1.04111 0.694796 8.68461 0.00232895 0.067829 -0.0734425 
qwerty 168 76 0.145594 0 1.04147 0.705137 8.67341 0.00232895 0.067829 -0.0734425 
qwerty 161 76 0.311158 0 0.789691 -0.0514213 6.89882 0.0303441 -0.0756086 0.0579877 
qwerty 178 76 0 0.121947 1.4473 0.354937 10.375 -0.00332917 -0.00923778 0.0995167 
qwerty 177 76 0 0.88456 3.46576 1.87356 10.375 0.0786442 0.0577071 0.0220223 
qwerty 177 76 0 0.134669 3.81899 2.23787 10.6045 0.0328031 0.0935542 -0.0130988 
qwerty 177 76 0 0.134669 3.95538 2.62687 10.55 0.0328031 0.0935542 -0.0130988 
qwerty 181 177 0.0875087 0 3.81391 2.23457 10.6066 -0.0791385 -0.0515351 0.0328821 
qwerty 176 76 0 0.440511 3.84409 1.25 9.22762 0.0929891 0.0284248 -0.0233464 
qwerty 176 76 0 0.440511 3.95411 1.28363 9.2 0.0929891 0.0284248 -0.0233464 
qwerty 175 76 0 58.3671 1.43376 0.422122 10.375 0.0228569 0.00474158 0.0972372 
qwerty 175 76 0 58.3671 1.59243 0.455037 11.05 0.0228569 0.00474158 0.0972372 
qwerty 175 76 0 58.3671 1.75109 0.487952 11.725 0.0228569 0.00474158 0.0972372 
qwerty 175 76 0 58.3671 1.90976 0.520867 12.4 0.0228569 0.00474158 0.0972372 
qwerty 175 76 0 58.3671 2.06843 0.553782 13.075 0.0228569 0.00474158 0.0972372 
qwerty 175 76 0 58.3671 2.2271 0.586697 13.75 0.0228569 0.00474158 0.0972372 
qwerty 184 175 0.969022 17.413 2.5367 0.684163 14.425 0.045465 0.00376223 0.0889875 
qwerty 184 175 0.792206 5.30797 2.98053 0.648466 14.864 0.0698077 -0.000689491 0.071599 
qwerty 184 175 0.664135 4.64383 3.21064 0.646193 15.1 0.064495 0.039547 0.0653944 
qwerty 184 175 0.0443632 0.652928 3.2403 0.60275 15.0868 0.0805214 -0.0497625 -0.0322489 
qwerty 184 175 0.05987 0.593058 3.26823 0.588779 15.0731 0.0949556 -0.0301483 -0.00863158 
qwerty 184 175 0.0830054 0.510052 3.29467 0.579293 15.0672 0.0845643 -0.0354654 0.0398885 
qwerty 184 175 0.0776499 0.432402 3.3181 0.560878 15.0927 0.0646955 -0.0252695 0.071944 
qwerty 184 175 0.0176618 0.41474 3.32469 0.558302 15.1 0.0717972 -0.00765609 0.0691849 
qwerty 189 184 0.228953 0.594686 3.04442 0.559676 14.9432 -0.0224409 -0.0904611 0.0362381 
qwerty 189 184 0.187935 0.406751 2.99451 0.500483 14.9611 -0.0636065 -0.0355348 0.0684945 
qwerty 189 184 0.205304 0.201447 2.93551 0.484086 14.9937 -0.0237496 -0.0855968 0.0459254 
qwerty 189 184 0.201447 0 2.92934 0.461822 15.0057 -0.0237496 -0.0855968 0.0459254 
qwerty 188 184 0 6.61661 2.72767 0.739767 15.1 0.0260697 0.00769268 0.0962351 
qwerty 188 184 0 6.61661 2.91053 0.793724 15.775 0.0260697 0.00769268 0.0962351 
qwerty 187 184 0 0.881197 2.76899 0.725836 15.1 0.032388 0.00553065 0.094448 
qwerty 187 184 0 0.881197 3.00046 0.765362 15.775 0.032388 0.00553065 0.094448 
qwerty 187 184 0 0.881197 3.23193 0.804888 16.45 0.032388 0.00553065 0.094448 
qwerty 187 184 0 0.881197 3.4634 0.844415 17.125 0.032388 0.00553065 0.094448 
qwerty 187 184 0 0.881197 3.69487 0.883941 17.8 0.032388 0.00553065 0.094448 
qwerty 187 184 0 0.881197 3.92634 0.923467 18.475 0.032388 0.00553065 0.094448 
qwerty 186 184 0 11.157 2.3869 0.528298 14.425 0.0223767 -0.00853153 0.0970901 
qwerty 186 184 0 11.157 2.54247 0.468984 15.1 0.0223767 -0.00853153 0.0970901 
qwerty 186 184 0 11.157 2.69804 0.40967 15.775 0.0223767 -0.00853153 0.0970901 
qwerty 186 184 0 11.157 2.85361 0.350357 16.45 0.0223767 -0.00853153 0.0970901 
qwerty 186 184 0 11.157 3.00918 0.291043 17.125 0.0223767 -0.00853153 0.0970901 
qwerty 186 184 0 11.157 3.16475 0.231729 17.8 0.0223767 -0.00853153 0.0970901 
qwerty 186 184 0 11.157 3.32032 0.172415 18.475 0.0223767 -0.00853153 0.0970901 
qwerty 186 184 0 11.157 3.47588 0.113101 19.15 0.0223767 -0.00853153 0.0970901 
qwerty 186 184 0 11.157 3.63145 0.0537876 19.825 0.0223767 -0.00853153 0.0970901 
qwerty 186 184 0 4.80935 3.70459 0.0259032 20.1423 0.0399762 -0.0357109 0.0844194 
qwerty 186 184 0 4.80935 3.87396 -0.125398 20.5 0.0399762 -0.0357109 0.0844194 
qwerty 186 184 0 4.80935 4.1936 -0.410936 21.175 0.0399762 -0.0357109 0.0844194 
qwerty 186 184 0 4.80935 4.51324 -0.696473 21.85 0.0399762 -0.0357109 0.0844194 
qwerty 186 184 0 4.80935 4.83289 -0.98201 22.525 0.0399762 -0.0357109 0.0844194 
qwerty 186 184 0 4.80935 5.13288 -1.25 23.1585 0.0399762 -0.0357109 0.0844194 
qwerty 186 184 0 4.80935 5.15253 -1.26755 23.2 0.0399762 -0.0357109 0.0844194 
qwerty 186 184 0 4.80935 5.47217 -1.55308 23.875 0.0399762 -0.0357109 0.0844194 
qwerty 186 184 0 4.80935 5.79181 -1.83862 24.55 0.0399762 -0.0357109 0.0844194 
qwerty 186 184 0 4.80935 6.11145 -2.12416 25.225 0.0399762 -0.0357109 0.0844194 
qwerty 186 184 0 4.80935 6.43109 -2.4097 25.9 0.0399762 -0.0357109 0.0844194 
qwerty 186 184 0 4.80935 6.75073 -2.69523 26.575 0.0399762 -0.0357109 0.0844194 
qwerty 186 184 0 4.80935 7.07037 -2.98077 27.25 0.0399762 -0.0357109 0.0844194 
qwerty 186 184 0 4.80935 7.39002 -3.26631 27.925 0.0399762 -0.0357109 0.0844194 
qwerty 186 184 0 4.80935 7.70966 -3.55184 28.6 0.0399762 -0.0357109 0.0844194 
qwerty 186 184 0 4.80935 8.0293 -3.83738 29.275 0.0399762 -0.0357109 0.0844194 
qwerty 186 184 0 4.80935 8.34894 -4.12292 29.95 0.0399762 -0.0357109 0.0844194 
qwerty 196 186 0.896722 2.4486 8.49815 -4.51126 30.5033 0.0353024 -0.0390828 -0.0850075 
qwerty 196 186 0.918048 1.53055 8.58118 -4.65399 30.1582 -0.0111817 -0.0630284 -0.076827 
qwerty 196 186 0.0682239 1.46232 8.57635 -4.68119 30.125 0.0179 -0.0659953 -0.0729672 
qwerty 195 186 0.588849 5.7588 3.7349 0.0663374 20.5 0.0154137 0.0208462 0.0965808 
qwerty 200 195 0 0.333252 3.57094 -0.446783 21.175 -0.0187391 -0.070058 0.0688529 
qwerty 199 195 0 0.526805 3.6493 -0.754384 21.175 -0.00511758 -0.08479 0.0527681 
qwerty 199 195 0 0.526805 3.61939 -1.25 21.4834 -0.00511758 -0.08479 0.0527681 
qwerty 199 195 0 0.526805 3.58384 -1.839 21.85 -0.00511758 -0.08479 0.0527681 
qwerty 199 195 0 0.317466 3.5491 -1.99439 22.525 -0.00368132 0.018801 0.0981477 
qwerty 199 195 0 0.317466 3.52379 -1.86509 23.2 -0.00368132 0.018801 0.0981477 
qwerty 199 195 0 0.317466 3.49847 -1.73579 23.875 -0.00368132 0.018801 0.0981477 
qwerty 198 195 0 1.30175 4.21952 -0.284271 21.175 0.0581381 -0.0418207 0.0697925 
qwerty 198 195 0 1.30175 4.7818 -0.688741 21.85 0.0581381 -0.0418207 0.0697925 
qwerty 198 195 0 1.30175 5.34409 -1.09321 22.525 0.0581381 -0.0418207 0.0697925 
qwerty 198 195 0 1.30175 5.56205 -1.25 22.7867 0.0581381 -0.0418207 0.0697925 
qwerty 198 195 0 1.30175 5.90637 -1.49768 23.2 0.0581381 -0.0418207 0.0697925 
qwerty 198 195 0 1.30175 6.25 -1.74487 23.6125 0.0581381 -0.0418207 0.0697925 
qwerty 198 195 0 1.30175 6.46866 -1.90215 23.875 0.0581381 -0.0418207 0.0697925 
qwerty 198 195 0 1.30175 7.03094 -2.30662 24.55 0.0581381 -0.0418207 0.0697925 
qwerty 198 195 0 0.634057 7.38752 -2.56312 24.9781 0.0739528 0.0454288 0.049671 
qwerty 198 195 0 0.634057 7.75518 -2.33727 25.225 0.0739528 0.0454288 0.049671 
qwerty 198 195 0 0.634057 8.76016 -1.71992 25.9 0.0739528 0.0454288 0.049671 
qwerty 198 195 0 0.634057 9.76513 -1.10257 26.575 0.0739528 0.0454288 0.049671 
qwerty 205 198 0.347773 0.319922 7.45669 -2.63805 25.0389 -0.00181504 -0.0914367 0.040448 
qwerty 205 198 0.319922 0 7.45571 -2.68743 25.0607 -0.00181504 -0.0914367 0.040448 
qwerty 174 76 0 3.89033 1.4349 0.443451 10.375 0.0229376 0.0079436 0.0970091 
qwerty 174 76 0 3.89033 1.59451 0.498723 11.05 0.0229376 0.0079436 0.0970091 
qwerty 174 76 0 3.89033 1.75411 0.553996 11.725 0.0229376 0.0079436 0.0970091 
qwerty 174 76 0 3.89033 1.91371 0.609268 12.4 0.0229376 0.0079436 0.0970091 
qwerty 174 76 0 3.89033 2.07331 0.664541 13.075 0.0229376 0.0079436 0.0970091 
qwerty 174 76 0 3.89033 2.23291 0.719813 13.75 0.0229376 0.0079436 0.0970091 
qwerty 174 76 0 3.89033 2.39252 0.775086 14.425 0.0229376 0.0079436 0.0970091 
qwerty 174 76 0 3.89033 2.55212 0.830358 15.1 0.0229376 0.0079436 0.0970091 
qwerty 174 76 0 3.89033 2.71172 0.88563 15.775 0.0229376 0.0079436 0.0970091 
qwerty 174 76 0 3.89033 2.87132 0.940903 16.45 0.0229376 0.0079436 0.0970091 
qwerty 174 76 0 3.89033 3.03093 0.996175 17.125 0.0229376 0.0079436 0.0970091 
qwerty 174 76 0 3.89033 3.19053 1.05145 17.8 0.0229376 0.0079436 0.0970091 
qwerty 174 76 0 3.89033 3.35013 1.10672 18.475 0.0229376 0.0079436 0.0970091 
qwerty 174 76 0 3.89033 3.50973 1.16199 19.15 0.0229376 0.0079436 0.0970091 
qwerty 174 76 0 3.89033 3.66934 1.21727 19.825 0.0229376 0.0079436 0.0970091 
qwerty 174 76 0 3.89033 3.76386 1.25 20.2248 0.0229376 0.0079436 0.0970091 
qwerty 174 76 0 3.89033 3.82894 1.27254 20.5 0.0229376 0.0079436 0.0970091 
qwerty 174 76 0 3.89033 3.98854 1.32781 21.175 0.0229376 0.0079436 0.0970091 
qwerty 174 76 0 3.89033 4.14814 1.38308 21.85 0.0229376 0.0079436 0.0970091 
qwerty 174 76 0 1.3691 4.22977 1.41135 22.1952 0.0120539 -0.05864 0.0801003 
qwerty 174 76 0 1.3691 4.2794 1.16992 22.525 0.0120539 -0.05864 0.0801003 
qwerty 174 76 0 1.3691 4.38097 0.67576 23.2 0.0120539 -0.05864 0.0801003 
qwerty 174 76 0 1.3691 4.48255 0.181605 23.875 0.0120539 -0.05864 0.0801003 
qwerty 174 76 0 1.3691 4.58413 -0.31255 24.55 0.0120539 -0.05864 0.0801003 
qwerty 174 76 0 1.3691 4.68571 -0.806705 25.225 0.0120539 -0.05864 0.0801003 
qwerty 174 76 0 1.3691 4.77683 -1.25 25.8305 0.0120539 -0.05864 0.0801003 
qwerty 174 76 0 1.3691 4.78728 -1.30086 25.9 0.0120539 -0.05864 0.0801003 
qwerty 174 76 0 1.3691 4.88886 -1.79501 26.575 0.0120539 -0.05864 0.0801003 
qwerty 174 76 0 1.3691 4.99044 -2.28917 27.25 0.0120539 -0.05864 0.0801003 
qwerty 174 76 0 1.3691 5.09202 -2.78332 27.925 0.0120539 -0.05864 0.0801003 
qwerty 174 76 0 1.3691 5.1936 -3.27748 28.6 0.0120539 -0.05864 0.0801003 
qwerty 174 76 0 1.3691 5.29517 -3.77164 29.275 0.0120539 -0.05864 0.0801003 
qwerty 174 76 0 1.3691 5.39675 -4.26579 29.95 0.0120539 -0.05864 0.0801003 
qwerty 174 76 0 1.3691 5.49833 -4.75995 30.625 0.0120539 -0.05864 0.0801003 
qwerty 174 76 0 1.3691 5.59991 -5.2541 31.3 0.0120539 -0.05864 0.0801003 
qwerty 174 76 0 1.3691 5.70148 -5.74826 31.975 0.0120539 -0.05864 0.0801003 
qwerty 174 76 0 1.3691 5.80306 -6.24241 32.65 0.0120539 -0.05864 0.0801003 
qwerty 174 76 0 1.3691 5.90464 -6.73657 33.325 0.0120539 -0.05864 0.0801003 
qwerty 174 76 0 1.3691 6.00622 -7.23072 34 0.0120539 -0.05864 0.0801003 
qwerty 174 76 0 1.3691 6.1078 -7.72488 34.675 0.0120539 -0.05864 0.0801003 
qwerty 174 76 0 1.3691 6.20937 -8.21903 35.35 0.0120539 -0.05864 0.0801003 
qwerty 174 76 0 1.3691 6.25 -8.41667 35.62 0.0120539 -0.05864 0.0801003 
qwerty 174 76 0 1.3691 6.31095 -8.71319 36.025 0.0120539 -0.05864 0.0801003 
qwerty 174 76 0 1.3691 6.41253 -9.20734 36.7 0.0120539 -0.05864 0.0801003 
qwerty 174 76 0 1.3691 6.51411 -9.7015 37.375 0.0120539 -0.05864 0.0801003 
qwerty 174 76 0 1.3691 6.61568 -10.1957 38.05 0.0120539 -0.05864 0.0801003 
qwerty 174 76 0 1.3691 6.71726 -10.6898 38.725 0.0120539 -0.05864 0.0801003 
qwerty 174 76 0 1.3691 6.81884 -11.184 39.4 0.0120539 -0.05864 0.0801003 
qwerty 174 76 0 1.3691 6.92042 -11.6781 40.075 0.0120539 -0.05864 0.0801003 
qwerty 208 174 0.558317 1.96291 4.31936 1.54831 22.525 0.0543684 0.0564323 0.0621246 
qwerty 208 174 0.236798 1.27531 4.31096 1.42868 22.4124 0.0143095 -0.0354038 -0.0924219 
qwerty 208 174 0.440045 0.835266 4.34958 1.25619 22.2355 -0.00967024 -0.0791167 -0.0603907 
qwerty 208 174 0.479344 0.355922 4.24119 1.15526 22.1112 -0.0423984 -0.0807409 -0.0410279 
qwerty 208 174 0.355922 0 4.19335 1.13751 22.0406 0.0230172 -0.0541738 -0.0808419 
qwerty 209 208 0.311645 0 4.26591 1.41592 22.3901 -0.0868696 -0.0245876 -0.0430014 
qwerty 172 76 0 0.0962468 1.2749 0.387921 9.7 0.0233876 0.00614408 0.0970323 
qwerty 171 76 0 14.3618 1.29601 0.377474 9.7 0.0271945 0.00437068 0.096132 
qwerty 171 76 0 14.3618 1.48696 0.408164 10.375 0.0271945 0.00437068 0.096132 
qwerty 171 76 0 14.3618 1.67791 0.438853 11.05 0.0271945 0.00437068 0.096132 
qwerty 171 76 0 14.3618 1.86886 0.469542 11.725 0.0271945 0.00437068 0.096132 
qwerty 171 76 0 0 1.99745 0.49021 12.1796 0.0271945 0.00437068 0.096132 
qwerty 212 171 0.453357 7.43203 2.06016 0.413352 12.4 0.026952 -0.0369507 0.0889283 
qwerty 212 171 0.706737 1.32231 1.98618 0.21312 12.8466 -0.0604766 -0.0786783 0.0123414 
qwerty 212 171 0.45348 0.868832 1.86021 -0.00171375 12.7749 -0.0175035 -0.095248 -0.0249289 
qwerty 212 171 0.446373 0.42246 1.72472 -0.151942 12.7585 -0.0336687 -0.0443189 0.0830798 
qwerty 212 171 0.42246 0 1.69728 -0.188058 12.8263 -0.00279618 0.0481447 -0.0876029 
qwerty 215 212 0 0.319056 1.89076 0.363192 13.075 -0.0296662 -0.00482198 0.0953764 
qwerty 215 212 0 0.319056 1.6808 0.329066 13.75 -0.0296662 -0.00482198 0.0953764 
qwerty 215 212 0 0.319056 1.47085 0.29494 14.425 -0.0296662 -0.00482198 0.0953764 
qwerty 215 212 0 0.253908 1.32092 1.00638 15.1 -0.0127005 0.077636 0.0617362 
qwerty 170 76 0 1.54639 1.28053 0.427735 9.7 0.0254811 0.012042 0.0959463 
qwerty 170 76 0 1.54639 1.45979 0.512453 10.375 0.0254811 0.012042 0.0959463 
qwerty 170 76 0 1.54639 1.63906 0.597171 11.05 0.0254811 0.012042 0.0959463 
qwerty 170 76 0 1.54639 1.81832 0.681889 11.725 0.0254811 0.012042 0.0959463 
qwerty 170 76 0 0.387685 1.93897 0.738904 12.1793 -0.0949103 0.0204858 0.0239241 
qwerty 170 76 0 0.387685 1.06331 0.927909 12.4 -0.0949103 0.0204858 0.0239241 
qwerty 220 170 0.286391 0.872315 2.03755 0.753122 12.2694 0.0235706 0.027001 0.0933562 
qwerty 220 170 0.220831 0.651485 2.06033 0.80878 12.3664 0.0383727 0.0115148 0.0916239 
qwerty 220 170 0.0766694 0.574815 2.07439 0.813 12.4 0.0325702 -0.0359737 0.0874361 
qwerty 167 76 0 9.29775 1.06191 0.340022 9.025 0.018742 0.0102676 0.0976899 
qwerty 167 76 0 9.29775 1.19141 0.410967 9.7 0.018742 0.0102676 0.0976899 
qwerty 167 76 0 9.29775 1.25 0.443063 10.0054 0.018742 0.0102676 0.0976899 
qwerty 167 76 0 3.19546 1.31488 0.478604 10.3435 0.019981 0.0533603 0.0821793 
qwerty 167 76 0 3.19546 1.32253 0.499042 10.375 0.019981 0.0533603 0.0821793 
qwerty 167 76 0 0.508974 0.749593 1.25 10.5617 -0.0297337 0.088086 0.0368343 
qwerty 167 76 0 0.508974 0.355404 2.41778 11.05 -0.0297337 0.088086 0.0368343 
qwerty 224 167 0.0561155 6.04618 1.32026 0.474945 10.375 0.0151168 -0.0113746 0.0981942 
qwerty 224 167 0 2.47551 1.3651 0.453946 10.375 0.0999006 0.00407353 0.00181021 
qwerty 224 167 0 1.9278 1.39808 0.437811 10.375 0.0331529 -0.0421488 0.084406 
qwerty 231 224 0 0.289423 1.33664 0.108862 9.875 -0.00175357 -0.0539744 -0.0841646 
qwerty 230 224 0 1.73724 1.84902 0.538809 11.05 0.0620728 0.00796844 0.0779966 
qwerty 230 224 0 1.73724 2.38621 0.607769 11.725 0.0620728 0.00796844 0.0779966 
qwerty 230 224 0 1.73724 2.9234 0.67673 12.4 0.0620728 0.00796844 0.0779966 
qwerty 230 224 0 1.73724 3.46059 0.745691 13.075 0.0620728 0.00796844 0.0779966 
qwerty 230 224 0 1.73724 3.99778 0.814651 13.75 0.0620728 0.00796844 0.0779966 
qwerty 230 224 0 1.73724 4.53497 0.883612 14.425 0.0620728 0.00796844 0.0779966 
qwerty 230 224 0 1.73724 5.07217 0.952573 15.1 0.0620728 0.00796844 0.0779966 
qwerty 230 224 0 1.73724 5.60936 1.02153 15.775 0.0620728 0.00796844 0.0779966 
qwerty 230 224 0 1.73724 6.14655 1.09049 16.45 0.0620728 0.00796844 0.0779966 
qwerty 230 224 0 1.73724 6.68374 1.15945 17.125 0.0620728 0.00796844 0.0779966 
qwerty 230 224 0 1.73724 7.22093 1.22842 17.8 0.0620728 0.00796844 0.0779966 
qwerty 230 224 0 1.73724 7.75812 1.29738 18.475 0.0620728 0.00796844 0.0779966 
qwerty 230 224 0 1.73724 8.29532 1.36634 19.15 0.0620728 0.00796844 0.0779966 
qwerty 230 224 0 1.73724 8.75 1.42471 19.7213 0.0620728 0.00796844 0.0779966 
qwerty 230 224 0 1.73724 8.83251 1.4353 19.825 0.0620728 0.00796844 0.0779966 
qwerty 230 224 0 0.746625 8.67108 1.59187 20.5 -0.0235379 0.022068 0.0946519 
qwerty 230 224 0 0.746625 8.50322 1.74924 21.175 -0.0235379 0.022068 0.0946519 
qwerty 230 224 0 0.416961 8.45735 1.79225 21.3595 0.00213088 0.096391 0.0265375 
qwerty 230 224 0 0.416961 8.49674 3.57404 21.85 0.00213088 0.096391 0.0265375 
qwerty 230 224 0 0.215806 8.47031 3.31527 22.525 -0.00372987 -0.0399068 0.0916162 
qwerty 234 230 0.0128626 0.3168 8.45515 1.79104 21.3651 -0.0330373 -0.0182982 0.0925943 
qwerty 234 230 0.0179628 0.298838 8.45337 1.78902 21.3743 -0.0526121 0.0102712 0.0844184 
qwerty 234 230 0.0377266 0.261111 8.44521 1.79466 21.3859 -0.0130087 0.0536253 0.0833973 
qwerty 234 230 0.0360587 0.225052 8.44318 1.80785 21.4001 -0.0830797 0.00964949 0.0548147 
qwerty 234 230 0.0986236 0.126429 8.43238 1.81352 21.4259 0.0677645 -0.0664831 0.031432 
qwerty 234 230 0.126429 0 8.44053 1.80552 21.4297 0.0677645 -0.0664831 0.031432 
qwerty 233 230 0.103251 0.742974 8.87166 1.4611 19.7821 0.0230287 0.0204472 -0.0951398 
qwerty 233 230 0.0920682 0.650906 8.89547 1.47515 19.7371 0.0302495 0.0238997 -0.0922701 
qwerty 233 230 0.106442 0.544463 8.92501 1.49529 19.6941 0.0405737 0.0676655 -0.0614423 
qwerty 233 230 0.228423 0.316041 8.93958 1.5727 19.6703 0.056295 0.0810803 0.0160269 
qwerty 233 230 0.316041 0 8.96941 1.61566 19.6788 0.056295 0.0810803 0.0160269 
qwerty 166 76 0 3.35843 1.04875 0.329005 9.025 0.0168545 0.00866322 0.098188 
qwerty 166 76 0 3.35843 1.16462 0.388561 9.7 0.0168545 0.00866322 0.098188 
qwerty 166 76 0 3.35843 1.25 0.432447 10.1974 0.0168545 0.00866322 0.098188 
qwerty 166 76 0 3.35843 1.28049 0.448117 10.375 0.0168545 0.00866322 0.098188 
qwerty 166 76 0 3.35843 1.39636 0.507673 11.05 0.0168545 0.00866322 0.098188 
qwerty 166 76 0 3.35843 1.51222 0.567229 11.725 0.0168545 0.00866322 0.098188 
qwerty 166 76 0 0.603232 1.12506 0.876309 12.2642 -0.0342922 0.0905348 0.02505 
qwerty 166 76 0 0.449553 1.03651 1.11011 12.3289 -0.0518002 0.0375888 0.0768363 
qwerty 166 76 0 0.449553 0.988593 1.14488 12.4 -0.0518002 0.0375888 0.0768363 
qwerty 166 76 0 0.449553 0.533534 1.4751 13.075 -0.0518002 0.0375888 0.0768363 
qwerty 240 166 0.153679 0 1.03753 1.12491 12.3213 0.00611854 0.0887291 -0.0457134 
qwerty 239 166 0.191284 0 1.10935 0.867594 12.28 -0.0657065 -0.036441 0.0659903 
qwerty 238 166 0.563298 1.8923 1.26149 0.5666 12.1949 -0.0266818 -0.0343492 0.0900456 
qwerty 238 166 0.616447 1.27586 1.20073 0.48838 12.4 -0.0496252 -0.0300779 0.0814412 
qwerty 165 76 0 15.5814 1.0613 0.329824 9.025 0.018651 0.00877175 0.0978529 
qwerty 165 76 0 15.5814 1.18995 0.390333 9.7 0.018651 0.00877175 0.0978529 
qwerty 165 76 0 15.5814 1.25 0.418574 10.015 0.018651 0.00877175 0.0978529 
qwerty 165 76 0 15.5814 1.31861 0.450841 10.375 0.018651 0.00877175 0.0978529 
qwerty 165 76 0 15.5814 1.44727 0.511349 11.05 0.018651 0.00877175 0.0978529 
qwerty 165 76 0 15.5814 1.57592 0.571858 11.725 0.018651 0.00877175 0.0978529 
qwerty 165 76 0 15.5814 1.70458 0.632366 12.4 0.018651 0.00877175 0.0978529 
qwerty 165 76 0 15.5814 1.83324 0.692875 13.075 0.018651 0.00877175 0.0978529 
qwerty 165 76 0 15.5814 1.96189 0.753383 13.75 0.018651 0.00877175 0.0978529 
qwerty 165 76 0 15.5814 2.09055 0.813892 14.425 0.018651 0.00877175 0.0978529 
qwerty 165 76 0 15.5814 2.21921 0.8744 15.1 0.018651 0.00877175 0.0978529 
qwerty 165 76 0 15.5814 2.34786 0.934909 15.775 0.018651 0.00877175 0.0978529 
qwerty 242 165 0.455547 9.2676 2.19598 0.702266 16.1429 -0.0528922 -0.0615952 0.0583819 
qwerty 242 165 0.96339 8.30421 1.9178 0.378314 16.45 -0.0560085 -0.061667 0.0553193 
qwerty 242 165 0.636171 2.71287 1.87617 0.281253 16.0748 0.0390122 -0.0369093 -0.0843549 
qwerty 242 165 0.292599 2.42027 1.93388 0.226649 15.95 0.0412738 -0.0641738 -0.064639 
qwerty 242 165 0.543819 1.01436 1.63742 0.238613 16.0075 -0.0838909 0.0300355 0.0453893 
qwerty 242 165 0.486886 0.527473 1.4524 0.230006 16.097 -0.0557624 0.0803043 0.0210185 
qwerty 242 165 0.341841 0.185632 1.33684 0.292421 16.0608 -0.0368353 0.0633938 -0.0680028 
qwerty 242 165 0.185632 0 1.32845 0.306857 16.0453 -0.0368353 0.0633938 -0.0680028 
qwerty 251 242 0.0711317 0.273173 1.63325 0.268056 15.9905 0.029465 0.0329089 -0.0897152 
qwerty 251 242 0.0629023 0.210271 1.6316 0.279793 15.9704 0.059456 0.053543 -0.0599844 
qwerty 251 242 0.0275604 0.182711 1.63758 0.282654 15.9602 -0.0934736 0.00391239 -0.0353183 
qwerty 251 242 0.0159525 0.166758 1.63169 0.284759 15.9579 -0.0123111 0.0331434 -0.0935412 
qwerty 251 242 0.0299696 0.136789 1.63191 0.287823 15.9525 0.0112002 0.0724687 -0.0679915 
qwerty 251 242 0.0122171 0.124572 1.63232 0.290484 15.95 0.00678898 0.0465958 -0.0882198 
qwerty 251 242 0.00347353 0.0614281 1.63254 0.289959 15.9502 0.000156795 -0.0867078 0.049817 
qwerty 251 242 0.00243381 0.0589943 1.63249 0.289668 15.9504 -0.00949393 -0.0810323 0.0578241 
qwerty 251 242 0.000958403 0.0580359 1.63239 0.289384 15.9507 -0.0270844 -0.0714811 0.064474 
qwerty 251 242 0.00225258 0.0557834 1.63221 0.28914 15.9509 -0.0117166 -0.0706524 0.0697922 
qwerty 251 242 0.00175209 0.0540313 1.63219 0.288722 15.9512 0.0153179 -0.0707906 0.0689496 
qwerty 251 242 0.00296083 0.0510704 1.63246 0.288209 15.9516 0.0153168 -0.0874692 0.0459841 
qwerty 251 242 0.00529185 0.0457786 1.6325 0.287295 15.9518 0.0372488 -0.0926362 -0.0055724 
qwerty 251 242 0.00590909 0.0398695 1.63325 0.286573 15.9517 0.0298921 -0.0918627 -0.0258402 
qwerty 251 242 0.00853397 0.0313355 1.63337 0.285832 15.9513 0.0311582 -0.0898686 -0.0308675 
qwerty 251 242 0.011288 0.0200475 1.63346 0.285001 15.9515 0.0710954 -0.0255825 0.0655056 
qwerty 251 242 0.0200475 0 1.6338 0.284881 15.9518 0.0710954 -0.0255825 0.0655056 
qwerty 250 242 0.108084 0.817575 1.82671 0.247565 16.0292 -0.0636106 -0.0476618 -0.0606799 
qwerty 250 242 0.160986 0.656589 1.78649 0.227785 15.9772 -0.0630383 -0.00432184 -0.0775081 
qwerty 250 242 0.0596326 0.596956 1.76437 0.226268 15.95 -0.0754285 0.0203773 -0.0624123 
qwerty 246 242 0.30583 0 2.15541 0.680483 16.1225 -0.0805265 -0.043244 -0.040564 
qwerty 245 242 0 1.83874 2.37478 0.562234 16.45 0.00344405 -0.0550081 0.0834401 
qwerty 245 242 0 1.83874 2.40264 0.117238 17.125 0.00344405 -0.0550081 0.0834401 
qwerty 245 242 0 1.83874 2.4305 -0.327758 17.8 0.00344405 -0.0550081 0.0834401 
qwerty 245 242 0 1.83874 2.45836 -0.772753 18.475 0.00344405 -0.0550081 0.0834401 
qwerty 245 242 0 1.83874 2.48623 -1.21775 19.15 0.00344405 -0.0550081 0.0834401 
qwerty 245 242 0 1.83874 2.51409 -1.66274 19.825 0.00344405 -0.0550081 0.0834401 
qwerty 245 242 0 1.34868 2.5637 -1.78143 20.5 0.00755841 -0.0129982 0.0988631 
qwerty 245 242 0 1.34868 2.6153 -1.87018 21.175 0.00755841 -0.0129982 0.0988631 
qwerty 245 242 0 1.34868 2.66691 -1.95892 21.85 0.00755841 -0.0129982 0.0988631 
qwerty 245 242 0 1.34868 2.71851 -2.04767 22.525 0.00755841 -0.0129982 0.0988631 
qwerty 245 242 0 1.34868 2.77012 -2.13642 23.2 0.00755841 -0.0129982 0.0988631 
qwerty 245 242 0 1.34868 2.82173 -2.22516 23.875 0.00755841 -0.0129982 0.0988631 
qwerty 245 242 0 1.34868 2.87333 -2.31391 24.55 0.00755841 -0.0129982 0.0988631 
qwerty 245 242 0 1.34868 2.92494 -2.40266 25.225 0.00755841 -0.0129982 0.0988631 
qwerty 245 242 0 1.34868 2.97654 -2.4914 25.9 0.00755841 -0.0129982 0.0988631 
qwerty 245 242 0 1.34868 3.02815 -2.58015 26.575 0.00755841 -0.0129982 0.0988631 
qwerty 245 242 0 1.34868 3.07976 -2.6689 27.25 0.00755841 -0.0129982 0.0988631 
qwerty 245 242 0 1.34868 3.13136 -2.75764 27.925 0.00755841 -0.0129982 0.0988631 
qwerty 245 242 0 1.34868 3.18297 -2.84639 28.6 0.00755841 -0.0129982 0.0988631 
qwerty 245 242 0 1.34868 3.23457 -2.93514 29.275 0.00755841 -0.0129982 0.0988631 
qwerty 245 242 0 1.34868 3.28618 -3.02388 29.95 0.00755841 -0.0129982 0.0988631 
qwerty 245 242 0 1.34868 3.33779 -3.11263 30.625 0.00755841 -0.0129982 0.0988631 
qwerty 245 242 0 1.34868 3.38939 -3.20138 31.3 0.00755841 -0.0129982 0.0988631 
qwerty 245 242 0 0.21781 3.42833 -3.26833 31.8093 0.00520858 -0.00920355 -0.0994393 
qwerty 245 242 0 0.122778 3.44229 -3.293 31.5427 0.0240727 0.0578146 0.0779614 
qwerty 245 242 0 0.122778 3.57577 -2.97244 31.975 0.0240727 0.0578146 0.0779614 
qwerty 257 245 0.0950324 0 3.44188 -3.29507 31.5356 -0.00558944 -0.0279392 -0.0958549 
qwerty 256 245 0.190405 0.940462 3.43077 -3.25346 31.9161 0.0419754 0.0403732 0.08129 
qwerty 256 245 0.113051 0.827411 3.46117 -3.22423 31.975 0.0618736 0.0441568 0.0649756 
qwerty 256 245 0.0373628 0.551565 3.48352 -3.21815 31.9632 0.0602368 0.0762533 -0.0236 
qwerty 256 245 0.0572948 0.494271 3.493 -3.19906 31.9564 0.0504682 0.0740722 -0.0443426 
qwerty 256 245 0.0404363 0.453834 3.5016 -3.18551 31.9442 0.0442034 0.075777 -0.047999 
qwerty 256 245 0.0381855 0.415649 3.51518 -3.17066 31.9317 0.0308541 0.0907148 -0.0286154 
qwerty 256 245 0.0508515 0.364797 3.52953 -3.14902 31.9275 0.0217287 0.0972044 -0.00889734 
qwerty 256 245 0.0644164 0.300381 3.53634 -3.12205 31.9152 0.0463394 0.0873527 0.0149053 
qwerty 256 245 0.0743434 0.226038 3.55364 -3.10113 31.9356 0.0446165 0.088665 -0.0121609 
qwerty 256 245 0.0675154 0.158522 3.55374 -3.07883 31.9265 0.0169072 0.0970256 -0.0173256 
qwerty 256 245 0.158522 0 3.55671 -3.06179 31.9235 0.0169072 0.0970256 -0.0173256 
qwerty 244 242 0 0.682414 2.27915 0.545805 16.45 -0.0112866 -0.0555521 0.0823807 
qwerty 244 242 0 0.668073 2.2438 0.371831 16.708 -0.0285904 -0.0510294 0.0811085 
qwerty 244 242 0 0.668073 2.09681 0.109471 17.125 -0.0285904 -0.0510294 0.0811085 
qwerty 244 242 0 0.668073 1.85887 -0.315205 17.8 -0.0285904 -0.0510294 0.0811085 
qwerty 244 242 0 0.668073 1.62094 -0.739882 18.475 -0.0285904 -0.0510294 0.0811085 
qwerty 244 242 0 0.668073 1.383 -1.16456 19.15 -0.0285904 -0.0510294 0.0811085 
qwerty 244 242 0 0.668073 1.25 -1.40195 19.5273 -0.0285904 -0.0510294 0.0811085 
qwerty 244 242 0 0.289534 1.21401 -1.46619 19.6294 -0.000827266 0.0847708 0.0530398 
qwerty 244 242 0 0.289534 1.21096 -1.15362 19.825 -0.000827266 0.0847708 0.0530398 
qwerty 244 242 0 0.289534 1.20043 -0.0748032 20.5 -0.000827266 0.0847708 0.0530398 
qwerty 260 244 0.0442368 0.334302 1.21546 -1.48325 19.6426 0.00147981 0.0257828 0.0966078 
qwerty 260 244 0.0352903 0.299012 1.21356 -1.47232 19.6583 0.0308197 0.0620691 0.0720942 
qwerty 260 244 0.040691 0.258321 1.22129 -1.46563 19.6775 -0.0142023 0.0161828 0.0976546 
qwerty 260 244 0.0462734 0.212047 1.21601 -1.46522 19.6929 0.0283152 0.0151089 0.0947099 
qwerty 260 244 0.0607121 0.151335 1.22924 -1.46494 19.708 0.0387336 0.00498487 0.092059 
qwerty 260 244 0.0437138 0.107621 1.23597 -1.45986 19.7176 0.0936175 0.0320586 -0.0144227 
qwerty 260 244 0.0391673 0.0684541 1.24143 -1.45574 19.7126 0.00324612 -0.0500291 -0.0865249 
qwerty 260 244 0.0684541 0 1.24156 -1.45784 19.709 0.00324612 -0.0500291 -0.0865249 
qwerty 259 244 0.0143415 0 2.24404 0.37175 16.708 0.0934959 -0.031319 0.0166626 
qwerty 162 76 0 2.94128 0.874902 0.177279 7.675 0.012053 0.0243154 0.096247 
qwerty 160 76 0 0.584589 0.690938 -0.104225 6.325 0.0158413 0.0101332 0.0982159 
qwerty 159 76 0 9.12813 0.674133 -0.152064 6.325 0.0132256 0.00206349 0.0991001 
qwerty 159 76 0 9.12813 0.764217 -0.138009 7 0.0132256 0.00206349 0.0991001 
qwerty 159 76 0 9.12813 0.8543 -0.123954 7.675 0.0132256 0.00206349 0.0991001 
qwerty 159 76 0 9.12813 0.944383 -0.109899 8.35 0.0132256 0.00206349 0.0991001 
qwerty 159 76 0 9.12813 1.03447 -0.0958439 9.025 0.0132256 0.00206349 0.0991001 
qwerty 159 76 0 9.12813 1.12455 -0.0817889 9.7 0.0132256 0.00206349 0.0991001 
qwerty 159 76 0 9.12813 1.21463 -0.0677339 10.375 0.0132256 0.00206349 0.0991001 
qwerty 159 76 0 9.12813 1.30472 -0.0536788 11.05 0.0132256 0.00206349 0.0991001 
qwerty 159 76 0 9.12813 1.3948 -0.0396238 11.725 0.0132256 0.00206349 0.0991001 
qwerty 159 76 0 9.12813 1.48488 -0.0255688 12.4 0.0132256 0.00206349 0.0991001 
qwerty 159 76 0 9.12813 1.57497 -0.0115137 13.075 0.0132256 0.00206349 0.0991001 
qwerty 159 76 0 9.12813 1.66505 0.0025413 13.75 0.0132256 0.00206349 0.0991001 
qwerty 159 76 0 9.12813 1.75513 0.0165963 14.425 0.0132256 0.00206349 0.0991001 
qwerty 159 76 0 9.12813 1.84522 0.0306514 15.1 0.0132256 0.00206349 0.0991001 
qwerty 159 76 0 9.12813 1.9353 0.0447064 15.775 0.0132256 0.00206349 0.0991001 
qwerty 159 76 0 9.12813 2.02538 0.0587614 16.45 0.0132256 0.00206349 0.0991001 
qwerty 159 76 0 9.12813 2.11547 0.0728165 17.125 0.0132256 0.00206349 0.0991001 
qwerty 159 76 0 9.12813 2.20555 0.0868715 17.8 0.0132256 0.00206349 0.0991001 
qwerty 272 270 0 0.13901 2.00704 -0.0394905 17.3 -0.0356126 -0.0220119 -0.0908142 
qwerty 158 98 0 0.378185 -18.7685 8.75 1.35721 -0.053129 0.0656443 0.053555 
qwerty 158 98 0 0.378185 -19.0093 9.0476 1.6 -0.053129 0.0656443 0.053555 
qwerty 158 98 0 0.378185 -19.679 9.87497 2.275 -0.053129 0.0656443 0.053555 
qwerty 156 107 0 0.173227 -1.26462 -0.949739 7.675 0.0711263 -0.012694 0.0691369 
qwerty 155 107 0 0.217717 -2.15467 -0.520168 7.675 -0.0507234 0.0445451 0.0737758 
qwerty 153 51 0 0.35031 -1.25 -2.95465 3.5467 -0.0374947 -0.0865121 -0.0333136 
qwerty 153 51 0 0.35031 -1.72462 -4.04976 3.125 -0.0374947 -0.0865121 -0.0333136 
qwerty 152 51 0 0.510999 -1.98212 -1.25 4.21051 -0.063497 0.06262 0.0452422 
qwerty 152 51 0 0.510999 -2.10772 -1.12614 4.3 -0.063497 0.06262 0.0452422 
qwerty 150 65 0 0.245104 2.33016 -1.70697 12.4 -0.0599129 -0.0108676 0.0793243 
qwerty 147 65 0 0.00443972 2.48021 -1.11711 11.9 0.0323259 -0.00474373 -0.0945121 
qwerty 146 65 0 0.122257 2.42739 -1.18055 11.9 -0.00447633 -0.039185 -0.0918939 
qwerty 144 65 0 0.550348 2.70463 -0.78227 11.9 0.0411885 0.0354792 -0.0839329 
qwerty 144 65 0 0.550348 3.03587 -0.496941 11.225 0.0411885 0.0354792 -0.0839329 
qwerty 142 65 0 0.34029 2.97058 0.0435703 11.9 0.041527 0.0791944 -0.0447633 
qwerty 140 65 0 1.5245 2.82488 -1.4909 13.075 0.0592825 -0.0416229 0.0689428 
qwerty 140 65 0 1.5245 3.4053 -1.89841 13.75 0.0592825 -0.0416229 0.0689428 
qwerty 140 65 0 1.5245 3.75 -2.14043 14.1509 0.0592825 -0.0416229 0.0689428 
qwerty 140 65 0 1.5245 3.98572 -2.30593 14.425 0.0592825 -0.0416229 0.0689428 
qwerty 140 65 0 1.5245 4.56614 -2.71345 15.1 0.0592825 -0.0416229 0.0689428 
qwerty 140 65 0 1.5245 5.14656 -3.12097 15.775 0.0592825 -0.0416229 0.0689428 
qwerty 140 65 0 1.5245 5.72698 -3.52849 16.45 0.0592825 -0.0416229 0.0689428 
qwerty 140 65 0 1.5245 6.25 -3.89571 17.0583 0.0592825 -0.0416229 0.0689428 
qwerty 140 65 0 1.5245 6.30739 -3.93601 17.125 0.0592825 -0.0416229 0.0689428 
qwerty 140 65 0 1.5245 6.88781 -4.34352 17.8 0.0592825 -0.0416229 0.0689428 
qwerty 140 65 0 1.5245 7.46823 -4.75104 18.475 0.0592825 -0.0416229 0.0689428 
qwerty 139 65 0 0.465669 2.50368 -1.30101 13.075 0.0322954 -0.0275273 0.0905498 
qwerty 139 65 0 0.465669 2.74443 -1.50621 13.75 0.0322954 -0.0275273 0.0905498 
qwerty 139 65 0 0.352989 3.75 -2.72003 14.2086 0.0613173 -0.0741079 0.0273532 
qwerty 139 65 0 0.352989 4.23511 -3.30633 14.425 0.0613173 -0.0741079 0.0273532 
qwerty 137 65 0 1.35793 2.65363 -1.32514 13.075 0.0486591 -0.0284803 0.0825903 
qwerty 137 65 0 0.846801 2.61703 -1.63112 13.75 -0.016983 -0.0423793 0.0889695 
qwerty 137 65 0 0.846801 2.48818 -1.95264 14.425 -0.016983 -0.0423793 0.0889695 
qwerty 137 65 0 0.846801 2.35934 -2.27417 15.1 -0.016983 -0.0423793 0.0889695 
qwerty 137 65 0 0.846801 2.23049 -2.59569 15.775 -0.016983 -0.0423793 0.0889695 
qwerty 135 65 0 0.784613 2.16088 -0.958741 12.4 0.0303692 0.0181713 0.0935282 
qwerty 133 65 0 1.98403 1.94233 -1.34931 11.725 0.0141218 -0.0100396 0.0984875 
qwerty 133 65 0 1.98403 2.03911 -1.41812 12.4 0.0141218 -0.0100396 0.0984875 
qwerty 133 65 0 1.98403 2.1359 -1.48692 13.075 0.0141218 -0.0100396 0.0984875 
qwerty 133 65 0 1.98403 2.23268 -1.55573 13.75 0.0141218 -0.0100396 0.0984875 
qwerty 133 65 0 1.98403 2.32947 -1.62454 14.425 0.0141218 -0.0100396 0.0984875 
qwerty 133 65 0 1.57295 2.60198 -1.82928 15.1 0.041242 -0.0311339 0.0856141 
qwerty 133 65 0 1.23473 3.18145 -2.42641 15.775 0.0557025 -0.059501 0.0579385 
qwerty 133 65 0 1.23473 3.8304 -3.11962 16.45 0.0557025 -0.059501 0.0579385 
qwerty 132 65 0 5.60991 1.935 -1.38677 11.725 0.0131231 -0.0159573 0.0978425 
qwerty 132 65 0 5.60991 2.02553 -1.49686 12.4 0.0131231 -0.0159573 0.0978425 
qwerty 132 65 0 5.60991 2.11607 -1.60694 13.075 0.0131231 -0.0159573 0.0978425 
qwerty 132 65 0 5.60991 2.2066 -1.71703 13.75 0.0131231 -0.0159573 0.0978425 
qwerty 132 65 0 5.60991 2.29714 -1.82712 14.425 0.0131231 -0.0159573 0.0978425 
qwerty 132 65 0 5.60991 2.38767 -1.9372 15.1 0.0131231 -0.0159573 0.0978425 
qwerty 132 65 0 5.60991 2.4782 -2.04729 15.775 0.0131231 -0.0159573 0.0978425 
qwerty 132 65 0 5.60991 2.56874 -2.15738 16.45 0.0131231 -0.0159573 0.0978425 
qwerty 132 65 0 5.60991 2.65927 -2.26747 17.125 0.0131231 -0.0159573 0.0978425 
qwerty 132 65 0 5.60991 2.74981 -2.37755 17.8 0.0131231 -0.0159573 0.0978425 
qwerty 132 65 0 5.60991 2.84034 -2.48764 18.475 0.0131231 -0.0159573 0.0978425 
qwerty 132 65 0 5.60991 2.93087 -2.59773 19.15 0.0131231 -0.0159573 0.0978425 
qwerty 132 65 0 5.60991 3.02141 -2.70781 19.825 0.0131231 -0.0159573 0.0978425 
qwerty 132 65 0 5.60991 3.11194 -2.8179 20.5 0.0131231 -0.0159573 0.0978425 
qwerty 132 65 0 5.60991 3.20248 -2.92799 21.175 0.0131231 -0.0159573 0.0978425 
qwerty 132 65 0 5.60991 3.29301 -3.03807 21.85 0.0131231 -0.0159573 0.0978425 
qwerty 132 65 0 5.60991 3.38355 -3.14816 22.525 0.0131231 -0.0159573 0.0978425 
qwerty 132 65 0 5.60991 3.47408 -3.25825 23.2 0.0131231 -0.0159573 0.0978425 
qwerty 132 65 0 5.60991 3.56461 -3.36834 23.875 0.0131231 -0.0159573 0.0978425 
qwerty 132 65 0 5.60991 3.65515 -3.47842 24.55 0.0131231 -0.0159573 0.0978425 
qwerty 132 65 0 5.60991 3.74568 -3.58851 25.225 0.0131231 -0.0159573 0.0978425 
qwerty 132 65 0 5.60991 3.83622 -3.6986 25.9 0.0131231 -0.0159573 0.0978425 
qwerty 132 65 0 5.60991 3.92675 -3.80868 26.575 0.0131231 -0.0159573 0.0978425 
qwerty 132 65 0 5.60991 4.01728 -3.91877 27.25 0.0131231 -0.0159573 0.0978425 
qwerty 132 65 0 5.60991 4.10782 -4.02886 27.925 0.0131231 -0.0159573 0.0978425 
qwerty 132 65 0 5.60991 4.19835 -4.13895 28.6 0.0131231 -0.0159573 0.0978425 
qwerty 132 65 0 5.60991 4.28889 -4.24903 29.275 0.0131231 -0.0159573 0.0978425 
qwerty 132 65 0 5.60991 4.37942 -4.35912 29.95 0.0131231 -0.0159573 0.0978425 
qwerty 132 65 0 5.60991 4.46996 -4.46921 30.625 0.0131231 -0.0159573 0.0978425 
qwerty 132 65 0 5.60991 4.56049 -4.57929 31.3 0.0131231 -0.0159573 0.0978425 
qwerty 132 65 0 5.60991 4.65102 -4.68938 31.975 0.0131231 -0.0159573 0.0978425 
qwerty 132 65 0 5.60991 4.74156 -4.79947 32.65 0.0131231 -0.0159573 0.0978425 
qwerty 132 65 0 5.60991 4.83209 -4.90956 33.325 0.0131231 -0.0159573 0.0978425 
qwerty 132 65 0 5.60991 4.92263 -5.01964 34 0.0131231 -0.0159573 0.0978425 
qwerty 132 65 0 5.60991 5.01316 -5.12973 34.675 0.0131231 -0.0159573 0.0978425 
qwerty 132 65 0 5.60991 5.1037 -5.23982 35.35 0.0131231 -0.0159573 0.0978425 
qwerty 132 65 0 5.60991 5.19423 -5.3499 36.025 0.0131231 -0.0159573 0.0978425 
qwerty 132 65 0 1.02065 5.90695 -4.80518 36.7 0.0636276 0.0487801 0.0597664 
qwerty 132 65 0 1.02065 6.25 -4.54218 37.0222 0.0636276 0.0487801 0.0597664 
qwerty 132 65 0 1.02065 6.62555 -4.25426 37.375 0.0636276 0.0487801 0.0597664 
qwerty 132 65 0 1.02065 7.2833 -3.75 37.9928 0.0636276 0.0487801 0.0597664 
qwerty 132 65 0 1.02065 7.34416 -3.70334 38.05 0.0636276 0.0487801 0.0597664 
qwerty 132 65 0 1.02065 8.06277 -3.15242 38.725 0.0636276 0.0487801 0.0597664 
qwerty 325 322 0 0.543672 4.83324 -4.88854 36.7 -0.0500215 0.054649 0.0671665 
qwerty 325 322 0 0.543672 4.33054 -4.33933 37.375 -0.0500215 0.054649 0.0671665 
qwerty 131 65 0 22.3717 1.8863 -1.21094 11.05 0.0233365 -0.00614637 0.0970445 
qwerty 131 65 0 22.3717 2.04862 -1.25369 11.725 0.0233365 -0.00614637 0.0970445 
qwerty 131 65 0 22.3717 2.21094 -1.29644 12.4 0.0233365 -0.00614637 0.0970445 
qwerty 131 65 0 22.3717 2.37326 -1.33919 13.075 0.0233365 -0.00614637 0.0970445 
qwerty 329 131 0.550327 8.38049 2.44759 -1.25 13.5913 0.0187848 0.0235348 0.0953585 
qwerty 329 131 0.26549 8.115 2.47886 -1.21082 13.75 0.0150398 0.0192427 0.0969718 
qwerty 334 329 0 3.3518 3.17083 -0.867025 13.25 0.0709946 0.0217927 -0.066969 
qwerty 334 329 0 3.3518 3.75 -0.689241 12.7037 0.0709946 0.0217927 -0.066969 
qwerty 334 329 0 3.3518 3.8864 -0.64737 12.575 0.0709946 0.0217927 -0.066969 
qwerty 334 329 0 3.3518 4.60198 -0.427716 11.9 0.0709946 0.0217927 -0.066969 
qwerty 334 329 0 3.3518 5.31755 -0.208061 11.225 0.0709946 0.0217927 -0.066969 
qwerty 334 329 0 3.3518 6.03313 0.0115937 10.55 0.0709946 0.0217927 -0.066969 
qwerty 334 329 0 3.3518 6.25 0.0781648 10.3454 0.0709946 0.0217927 -0.066969 
qwerty 334 329 0 3.3518 6.7487 0.231248 9.875 0.0709946 0.0217927 -0.066969 
qwerty 334 329 0 3.3518 7.46428 0.450903 9.2 0.0709946 0.0217927 -0.066969 
qwerty 334 329 0 3.3518 8.17986 0.670558 8.525 0.0709946 0.0217927 -0.066969 
qwerty 333 329 0 0.144092 2.67678 -1.25 13.6769 0.0415871 -0.0828061 -0.0375988 
qwerty 333 329 0 0.144092 3.14899 -2.19024 13.25 0.0415871 -0.0828061 -0.0375988 
qwerty 331 329 0 0.795148 2.39243 -1.3008 13.75 -0.00271453 0.00871161 0.0995828 
qwerty 331 329 0 0.795148 2.37403 -1.24175 14.425 -0.00271453 0.00871161 0.0995828 
qwerty 331 329 0 0.795148 2.35563 -1.1827 15.1 -0.00271453 0.00871161 0.0995828 
qwerty 130 65 0 1.10338 1.77174 -1.15057 10.375 0.0233681 -0.0210208 0.0949319 
qwerty 130 65 0 1.10338 1.88228 -1.25 10.824 0.0233681 -0.0210208 0.0949319 
qwerty 130 65 0 1.10338 1.9379 -1.30003 11.05 0.0233681 -0.0210208 0.0949319 
qwerty 130 65 0 1.10338 2.10406 -1.4495 11.725 0.0233681 -0.0210208 0.0949319 
qwerty 130 65 0 1.10338 2.27021 -1.59897 12.4 0.0233681 -0.0210208 0.0949319 
qwerty 130 65 0 0.895247 2.65026 -2.09179 13.075 0.0425464 -0.0559405 0.0711369 
qwerty 130 65 0 0.895247 3.05398 -2.6226 13.75 0.0425464 -0.0559405 0.0711369 
qwerty 130 65 0 0.895247 3.45769 -3.1534 14.425 0.0425464 -0.0559405 0.0711369 
qwerty 130 65 0 0.895247 3.8614 -3.68421 15.1 0.0425464 -0.0559405 0.0711369 
qwerty 130 65 0 0.895247 4.26511 -4.21501 15.775 0.0425464 -0.0559405 0.0711369 
qwerty 130 65 0 0.895247 4.66882 -4.74582 16.45 0.0425464 -0.0559405 0.0711369 
qwerty 130 65 0 0.895247 5.04606 -5.27631 17.125 0.0401708 -0.0565867 0.0720017 
qwerty 129 65 0 0.901664 1.77111 -1.15227 10.375 0.0225758 -0.0222925 0.0948334 
qwerty 129 65 0 0.901664 1.87008 -1.25 10.7908 0.0225758 -0.0222925 0.0948334 
qwerty 129 65 0 0.901664 1.9318 -1.31094 11.05 0.0225758 -0.0222925 0.0948334 
qwerty 129 65 0 0.901664 2.09248 -1.46961 11.725 0.0225758 -0.0222925 0.0948334 
qwerty 129 65 0 0.901664 2.25317 -1.62829 12.4 0.0225758 -0.0222925 0.0948334 
qwerty 129 65 0 0.901664 2.41386 -1.78696 13.075 0.0225758 -0.0222925 0.0948334 
qwerty 129 65 0 0.901664 2.57455 -1.94563 13.75 0.0225758 -0.0222925 0.0948334 
qwerty 129 65 0 0.901664 2.73524 -2.1043 14.425 0.0225758 -0.0222925 0.0948334 
qwerty 129 65 0 0.901664 2.89593 -2.26298 15.1 0.0225758 -0.0222925 0.0948334 
qwerty 129 65 0 0.901664 3.05662 -2.42165 15.775 0.0225758 -0.0222925 0.0948334 
qwerty 129 65 0 0.901664 3.2173 -2.58032 16.45 0.0225758 -0.0222925 0.0948334 
qwerty 129 65 0 0.901664 3.37799 -2.73899 17.125 0.0225758 -0.0222925 0.0948334 
qwerty 129 65 0 0.901664 3.53868 -2.89767 17.8 0.0225758 -0.0222925 0.0948334 
qwerty 129 65 0 0.901664 3.69937 -3.05634 18.475 0.0225758 -0.0222925 0.0948334 
qwerty 129 65 0 0.901664 3.86006 -3.21501 19.15 0.0225758 -0.0222925 0.0948334 
qwerty 129 65 0 0.750549 3.76631 -3.26415 19.825 -0.0213608 -0.00374755 0.09762 
qwerty 129 65 0 0.750549 3.61861 -3.29006 20.5 -0.0213608 -0.00374755 0.09762 
qwerty 129 65 0 0.750549 3.47091 -3.31598 21.175 -0.0213608 -0.00374755 0.09762 
qwerty 129 65 0 0.750549 3.32321 -3.34189 21.85 -0.0213608 -0.00374755 0.09762 
qwerty 129 65 0 0.750549 3.17551 -3.3678 22.525 -0.0213608 -0.00374755 0.09762 
qwerty 129 65 0 0.750549 3.0278 -3.39371 23.2 -0.0213608 -0.00374755 0.09762 
qwerty 129 65 0 0.750549 2.8801 -3.41963 23.875 -0.0213608 -0.00374755 0.09762 
qwerty 129 65 0 0.750549 2.7324 -3.44554 24.55 -0.0213608 -0.00374755 0.09762 
qwerty 129 65 0 0.325209 2.6417 -3.46145 24.9645 -0.0994061 0.00317525 -0.0104089 
qwerty 129 65 0 0.325209 1.25 -3.417 24.8188 -0.0994061 0.00317525 -0.0104089 
qwerty 129 65 0 0.325209 0.354079 -3.38838 24.725 -0.0994061 0.00317525 -0.0104089 
qwerty 349 129 0.310623 0.114718 2.65878 -3.46548 25.0449 0.0803506 -0.0499009 0.0324605 
qwerty 349 129 0.114718 0 2.66698 -3.47057 25.0482 0.0803506 -0.0499009 0.0324605 
qwerty 128 77 0 0.510999 -0.265162 -0.176456 6.325 -0.0801955 -0.00706696 0.059319 
qwerty 128 77 0 0.414949 -0.835888 -0.226749 6.74715 -0.0735321 -0.0639164 0.0225327 
qwerty 128 77 0 0.414949 -1.66101 -0.943973 7 -0.0735321 -0.0639164 0.0225327 
qwerty 128 77 0 0.390946 -3.38111 -2.43914 7.5271 -0.0519309 -0.0655537 0.0548261 
qwerty 128 77 0 0.390946 -3.52121 -2.61598 7.675 -0.0519309 -0.0655537 0.0548261 
qwerty 128 77 0 0.390946 -4.16056 -3.42306 8.35 -0.0519309 -0.0655537 0.0548261 
qwerty 353 128 0.0240026 0 -3.38153 -2.43917 7.5266 -0.0644355 -0.00564258 -0.0762642 
qwerty 352 128 0.0960501 0 -0.838294 -0.221485 6.75197 -0.0319428 0.0699136 0.0639668 
qwerty 126 77 0 0.255857 0.655863 -0.358754 6.325 0.0144331 -0.0587896 0.0795956 
qwerty 125 77 0 0.26881 0.954609 0.0445561 5.15 0.0654851 -0.00971224 -0.0749491 
qwerty 125 77 0 0.26881 1.25 0.00611581 4.8437 0.0722929 -0.00833078 -0.0685881 
qwerty 125 77 0 0.26881 1.63862 -0.038667 4.475 0.0722929 -0.00833078 -0.0685881 
qwerty 121 108 0 0.510999 -1.00068 -1.25 6.68866 0.0260522 -0.069526 0.0669881 
qwerty 121 108 0 0.510999 -0.879598 -1.57314 7 0.0260522 -0.069526 0.0669881 
qwerty 121 108 0 0.385899 -1.25 -2.00686 7.43396 -0.0535367 -0.059668 0.0597792 
qwerty 121 108 0 0.385899 -1.46587 -2.24745 7.675 -0.0535367 -0.059668 0.0597792 
qwerty 121 108 0 0.362198 -2.54975 -3.75 8.17968 -0.0563066 -0.079322 0.0231859 
qwerty 121 108 0 0.362198 -2.96336 -4.33267 8.35 -0.0563066 -0.079322 0.0231859 
qwerty 121 108 0 0.362198 -3.75 -5.44086 8.67392 -0.0563066 -0.079322 0.0231859 
qwerty 121 108 0 0.362198 -4.60258 -6.64194 9.025 -0.0563066 -0.079322 0.0231859 
qwerty 120 108 0 0.510999 -1.25 -0.584642 6.04759 -0.0260522 0.069526 -0.0669881 
qwerty 120 108 0 0.510999 -1.33657 -0.353623 5.825 -0.0260522 0.069526 -0.0669881 
qwerty 120 108 0 0.313014 -1.83326 0.546402 6.325 -0.0434489 0.0787283 0.04375 
qwerty 119 116 0 0.510999 -0.49094 -0.366373 5.15 -0.0137261 -0.079179 -0.0595171 
qwerty 119 116 0 0.510999 -0.646611 -1.26436 4.475 -0.0137261 -0.079179 -0.0595171 
qwerty 119 116 0 0.510999 -0.802282 -2.16235 3.8 -0.0137261 -0.079179 -0.0595171 
qwerty 118 116 0 0.510999 -0.375628 0.298805 5.65 0.0137261 0.079179 0.0595171 
qwerty 118 116 0 0.510999 -0.219957 1.1968 6.325 0.0137261 0.079179 0.0595171 
qwerty 330 131 0.891505 9.76686 2.62284 -1.55061 13.75 0.00971278 -0.0330954 0.0938635 
qwerty 213 171 0.539004 4.91537 2.05926 0.633963 12.4 -0.00755553 0.0434965 0.0897272 
qwerty 185 175 1.86977 6.55622 2.26689 -0.453148 14.2819 0.0480066 -0.0724518 0.0494581 
qwerty 185 175 0.548418 6.0078 2.40581 -0.662809 14.425 0.0438424 -0.0667303 0.0602072 
qwerty 398 185 0 0.510999 2.02475 -0.686969 15.1 -0.0607248 0.0062536 0.0792047 
qwerty 398 185 0 0.510999 1.50724 -0.633674 15.775 -0.0607248 0.0062536 0.0792047 
qwerty 398 185 0 0.510999 0.989734 -0.58038 16.45 -0.0607248 0.0062536 0.0792047 
qwerty 398 185 0 0.510999 0.472224 -0.527085 17.125 -0.0607248 0.0062536 0.0792047 
qwerty 398 185 0 0.510999 -0.0452861 -0.473791 17.8 -0.0607248 0.0062536 0.0792047 
qwerty 398 185 0 0.510999 -0.562796 -0.420496 18.475 -0.0607248 0.0062536 0.0792047 
qwerty 398 185 0 0.510999 -1.08031 -0.367202 19.15 -0.0607248 0.0062536 0.0792047 
qwerty 396 185 0 0.208157 2.47403 -1.57481 13.925 0.00148348 -0.0813785 -0.0580977 
qwerty 394 185 0 0.156644 2.00038 0.263322 14.425 -0.038959 -0.0499812 0.0773568 
qwerty 393 185 0 14.9736 2.34799 0.67154 14.425 0.0173355 0.0126146 0.0976747 
qwerty 393 185 0 14.9736 2.46779 0.758715 15.1 0.0173355 0.0126146 0.0976747 
qwerty 393 185 0 14.9736 2.58759 0.845891 15.775 0.0173355 0.0126146 0.0976747 
qwerty 392 193 0 0.446323 4.78572 0.576259 16.2206 0.0751103 -0.00138909 0.0660039 
qwerty 392 193 0 0.446323 5.04681 0.57143 16.45 0.0751103 -0.00138909 0.0660039 
qwerty 392 193 0 0.446323 5.81494 0.557224 17.125 0.0751103 -0.00138909 0.0660039 
qwerty 392 193 0 0.446323 6.58307 0.543019 17.8 0.0751103 -0.00138909 0.0660039 
qwerty 392 193 0 0.446323 7.3512 0.528813 18.475 0.0751103 -0.00138909 0.0660039 
qwerty 408 392 0.0646756 0 4.78803 0.575327 16.2177 0.0610151 -0.0246165 -0.0753073 
qwerty 388 193 0 0.877411 3.32291 0.993864 16.45 0.052263 0.0262119 0.0811265 
qwerty 388 193 0 0.184737 3.1962 1.12246 16.3944 -0.0927712 -0.0280665 0.0246126 
qwerty 388 193 0 0.184737 2.98682 1.05912 16.45 -0.0927712 -0.0280665 0.0246126 
qwerty 415 388 0.0514744 0 3.19624 1.12443 16.3928 0.00147857 0.0774893 -0.0631919 
qwerty 387 197 0 0.510999 8.34208 -3.9584 30.625 -0.0145526 0.0406263 0.0902094 
qwerty 387 197 0 0.510999 8.26743 -3.75 31.0878 -0.0145526 0.0406263 0.0902094 
qwerty 387 197 0 0.510999 8.23319 -3.65441 31.3 -0.0145526 0.0406263 0.0902094 
qwerty 387 197 0 0.510999 8.1243 -3.35042 31.975 -0.0145526 0.0406263 0.0902094 
qwerty 386 197 0 0.510999 8.53164 -4.48757 29.45 0.0145526 -0.0406263 -0.0902094 
qwerty 385 213 0 0.421201 1.29315 1.13448 11.9 -0.0625364 0.0374658 -0.0684508 
qwerty 385 213 0 0.177189 1.07822 1.26325 11.6647 0.0815739 0.0375382 0.0440066 
qwerty 385 213 0 0.177189 1.18991 1.31464 11.725 0.0815739 0.0375382 0.0440066 
qwerty 424 385 0.104022 0.13999 1.06149 1.28721 11.6481 -0.0665179 0.0537479 0.0518317 
qwerty 424 385 0.13999 0 1.052 1.29489 11.6555 -0.0665179 0.0537479 0.0518317 
qwerty 382 243 0 0.510999 2.64903 1.26991 15.275 0.0412768 0.0468962 -0.0780832 
qwerty 382 243 0 0.510999 3.00585 1.67531 14.6 0.0412768 0.0468962 -0.0780832 
qwerty 382 243 0 0.510999 3.36268 2.08071 13.925 0.0412768 0.0468962 -0.0780832 
qwerty 382 243 0 0.510999 3.7195 2.48611 13.25 0.0412768 0.0468962 -0.0780832 
qwerty 382 243 0 0.510999 4.07632 2.89151 12.575 0.0412768 0.0468962 -0.0780832 
qwerty 381 243 0 0.510999 2.0279 0.564212 16.45 -0.0412768 -0.0468962 0.0780832 
qwerty 380 271 0 0.510999 3.37615 0.541247 17.3 0.0849412 0.0317614 -0.0421451 
qwerty 380 271 0 0.510999 3.75 0.681037 17.1145 0.0849412 0.0317614 -0.0421451 
qwerty 380 271 0 0.510999 4.73658 1.04994 16.625 0.0849412 0.0317614 -0.0421451 
qwerty 380 271 0 0.510999 5.27161 1.25 16.3595 0.0849412 0.0317614 -0.0421451 
qwerty 380 271 0 0.342035 5.64652 1.39019 16.1735 0.00812252 0.0941357 -0.032749 
qwerty 380 271 0 0.342035 5.70196 2.03267 15.95 0.00812252 0.0941357 -0.032749 
qwerty 380 271 0 0.342035 5.86937 3.97293 15.275 0.00812252 0.0941357 -0.032749 
qwerty 380 271 0 0.200001 5.91334 4.48244 15.0977 -0.0738474 -0.0222502 -0.0636514 
qwerty 380 271 0 0.200001 5.33586 4.30844 14.6 -0.0738474 -0.0222502 -0.0636514 
qwerty 380 271 0 0.167942 5.12367 4.28458 14.2153 0.0546248 0.0130917 -0.0827329 
qwerty 380 271 0 0.167942 5.31531 4.33052 13.925 0.0546248 0.0130917 -0.0827329 
qwerty 433 380 0.0320594 0 5.12261 4.28443 14.215 -0.0963041 -0.0143486 -0.0227956 
qwerty 432 380 0.00368449 0.138349 5.91412 4.48355 15.0977 0.0632231 0.0754445 0.0176344 
qwerty 432 380 0.00457196 0.133777 5.91502 4.48459 15.0983 0.0444129 0.0822726 0.0354782 
qwerty 432 380 0.00391168 0.129866 5.9155 4.4857 15.0985 0.0519952 0.0848947 0.00945452 
qwerty 432 380 0.00359346 0.126272 5.91625 4.48666 15.0988 0.0451364 0.0859925 0.0238326 
qwerty 432 380 0.00943953 0.116833 5.91702 4.48771 15.0992 0.0387174 0.0917408 0.00919673 
qwerty 432 380 0.0050545 0.111778 5.91749 4.48913 15.0995 0.0594598 0.079474 0.0121828 
qwerty 432 380 0.00702742 0.104751 5.91821 4.49039 15.0996 0.0750927 0.0586427 0.0303665 
qwerty 432 380 0.00322191 0.101529 5.91914 4.49117 15.1 0.0513006 0.0836173 0.0194009 
qwerty 432 380 0.000967456 0.100561 5.91923 4.49131 15.1 0.0533061 0.0842033 0.0082618 
qwerty 432 380 0.00140736 0.097416 5.91917 4.49208 15.0998 -0.0366095 0.0923888 0.011138 
qwerty 432 380 0.00159145 0.0958246 5.91883 4.49279 15.0999 -0.0337091 0.0880613 -0.0333001 
qwerty 432 380 0.0156578 0.0801668 5.91858 4.49341 15.0996 -0.0232903 0.0912402 -0.0336568 
qwerty 432 380 0.00318595 0.0769808 5.9185 4.49418 15.0993 -0.0272304 0.0878526 -0.0392483 
qwerty 432 380 0.00137041 0.0756104 5.91825 4.49482 15.0991 -0.0280634 0.0943987 -0.0173589 
qwerty 432 380 0.00452612 0.0710843 5.91822 4.49566 15.0989 -0.0399342 0.0916754 0.000934166 
qwerty 432 380 0.00200345 0.0690808 5.91801 4.49635 15.0988 -0.0339462 0.093683 0.00843452 
qwerty 432 380 0.0028003 0.0662805 5.9178 4.49697 15.0987 0.0317587 0.0937457 -0.0142526 
qwerty 432 380 0.00258077 0.0636998 5.91788 4.49778 15.0987 -0.00834161 0.0968143 -0.0236094 
qwerty 432 380 0.00389474 0.059805 5.91784 4.49849 15.0986 0.00312484 0.0937268 -0.0347205 
qwerty 432 380 0.00592161 0.0538834 5.91765 4.49934 15.0983 0.0342151 0.0928749 -0.0142685 
qwerty 432 380 0.00767408 0.0462093 5.9181 4.50026 15.098 0.0193656 0.0969582 0.0149694 
qwerty 432 380 0.00755569 0.0386536 5.9181 4.50133 15.0978 0.0276591 0.0423717 -0.0862532 
qwerty 432 380 0.0115869 0.0270668 5.91816 4.50126 15.0966 0.00953988 0.0499233 -0.08612 
qwerty 432 380 0.0270668 0 5.91824 4.50167 15.0959 0.00953988 0.0499233 -0.08612 
qwerty 431 380 0.168964 0 5.66419 1.38324 16.169 0.0905659 -0.0355954 -0.0230386 
qwerty 379 271 0 0.510999 1.25 -0.302323 18.3805 -0.0829416 -0.0352139 0.0433667 
qwerty 379 271 0 0.510999 1.0693 -0.379042 18.475 -0.0829416 -0.0352139 0.0433667 
qwerty 379 271 0 0.50336 0.173297 -0.76716 19.15 -0.0744996 -0.0323533 0.058336 
qwerty 376 271 0 0.206 2.98371 0.128334 18.475 0.075599 0.00644965 0.0651397 
qwerty 374 330 0 0.178928 2.66165 -2.04972 14.0516 -0.0225777 0.0465009 -0.0856032 
qwerty 374 330 0 0.178928 2.62827 -1.98097 13.925 -0.0225777 0.0465009 -0.0856032 
qwerty 442 374 0.33207 0 2.68635 -2.0888 14.0852 0.0432015 -0.0683464 0.0588422 
qwerty 371 330 0 3.99037 2.91787 -4.46527 14.425 0.0105142 -0.097221 0.020917 
qwerty 371 330 0 3.99037 3.11089 -6.25 14.809 0.0105142 -0.097221 0.020917 
qwerty 371 330 0 3.99037 3.25717 -7.60262 15.1 0.0105142 -0.097221 0.020917 
qwerty 371 330 0 3.99037 3.59647 -10.74 15.775 0.0105142 -0.097221 0.020917 
qwerty 371 330 0 3.99037 3.922 -13.75 16.4226 0.0105142 -0.097221 0.020917 
qwerty 371 330 0 3.99037 3.93577 -13.8773 16.45 0.0105142 -0.097221 0.020917 
qwerty 371 330 0 1.11526 3.87979 -15.5849 15.95 -0.0115089 -0.0821592 -0.0558338 
qwerty 371 330 0 1.11526 3.75 -16.5114 15.3203 -0.0115089 -0.0821592 -0.0558338 
qwerty 371 330 0 1.11526 3.74066 -16.5781 15.275 -0.0115089 -0.0821592 -0.0558338 
qwerty 371 330 0 1.11526 3.60152 -17.5714 14.6 -0.0115089 -0.0821592 -0.0558338 
qwerty 371 330 0 1.11526 3.46238 -18.5647 13.925 -0.0115089 -0.0821592 -0.0558338 
qwerty 371 330 0 1.11526 3.32325 -19.5579 13.25 -0.0115089 -0.0821592 -0.0558338 
qwerty 371 330 0 1.11526 3.18411 -20.5512 12.575 -0.0115089 -0.0821592 -0.0558338 
qwerty 371 330 0 1.11526 3.08622 -21.25 12.1001 -0.0115089 -0.0821592 -0.0558338 
qwerty 371 330 0 1.11526 3.04497 -21.5444 11.9 -0.0115089 -0.0821592 -0.0558338 
qwerty 371 330 0 1.11526 2.90584 -22.5377 11.225 -0.0115089 -0.0821592 -0.0558338 
qwerty 371 330 0 1.11526 2.7667 -23.531 10.55 -0.0115089 -0.0821592 -0.0558338 
qwerty 371 330 0 1.11526 2.62756 -24.5242 9.875 -0.0115089 -0.0821592 -0.0558338 
qwerty 371 330 0 1.11526 2.48843 -25.5175 9.2 -0.0115089 -0.0821592 -0.0558338 
qwerty 371 330 0 1.11526 2.34929 -26.5107 8.525 -0.0115089 -0.0821592 -0.0558338 
qwerty 371 330 0 0.406715 2.27693 -27.0491 8.13432 -0.0972607 -0.0207697 0.010439 
qwerty 371 330 0 0.406715 0.267402 -27.4782 8.35 -0.0972607 -0.0207697 0.010439 
qwerty 405 393 0.389716 6.06206 2.60348 0.946635 16.1014 0.00822548 0.0516945 0.0852057 
qwerty 405 393 0.900498 5.16156 2.63713 1.1581 16.45 0.00953157 0.0662223 0.074322 
qwerty 447 371 0.29885 0.4097 2.26591 -27.1053 8.02128 0.0623532 -0.059167 -0.0511012 
qwerty 447 371 0.291644 0.118056 2.3146 -27.1515 7.98137 -0.0422479 0.0767013 -0.048291 
qwerty 447 371 0.118056 0 2.31008 -27.1433 7.9762 -0.0422479 0.0767013 -0.048291 
qwerty 446 371 0.778103 1.89563 4.2272 -14.8396 16.9366 0.052593 -0.0749712 0.0401657 
qwerty 446 371 0.629107 1.26652 4.42366 -15.0307 17.0952 0.0337862 -0.0908344 0.0246496 
qwerty 446 371 0.230183 1.03634 4.46451 -15.1405 17.125 0.0727338 -0.0399014 -0.0558362 
qwerty 446 371 0.194012 0.842328 4.55757 -15.1771 17.0828 0.0961316 0.0178456 -0.0209821 
qwerty 446 371 0.270042 0.572287 4.63698 -15.1838 17.0679 0.0937951 0.0295034 -0.0182216 
qwerty 446 371 0.175767 0.39652 4.72468 -15.1843 17.0684 0.0738703 -0.0113417 0.066442 
qwerty 446 371 0.211389 0.185131 4.78243 -15.1942 17.1063 0.0190528 0.066662 -0.0720636 
qwerty 446 371 0.185131 0 4.78675 -15.1791 17.0899 0.0190528 0.066662 -0.0720636 
qwerty 455 405 0 0.470864 6.25 -0.564943 16.8792 0.0937753 -0.033185 0.0102442 
qwerty 455 405 0 0.454154 8.26473 -1.27791 17.0993 0.0846187 -0.0526763 -0.00805443 
qwerty 455 405 0 0.454154 8.75 -1.58 17.0531 0.0846187 -0.0526763 -0.00805443 
qwerty 455 405 0 0.454154 11.25 -3.13628 16.8151 0.0846187 -0.0526763 -0.00805443 
qwerty 455 405 0 0.454154 13.2472 -4.37957 16.625 0.0846187 -0.0526763 -0.00805443 
qwerty 455 405 0 0.287844 14.0725 -4.16229 15.95 0.0599265 0.0404071 -0.0691092 
qwerty 459 455 0.01671 0 8.26487 -1.27769 17.0995 0.0434588 0.0629818 0.0643788 
qwerty 454 405 0 0.134501 0.518315 1.04982 15.9885 0.0308103 0.0177414 0.0934664 
qwerty 454 405 0 0.134501 0.670442 1.13742 16.45 0.0308103 0.0177414 0.0934664 
qwerty 462 454 0.0906696 0 0.512744 1.04884 15.9847 -0.0817065 -0.0144174 -0.0558228 
qwerty 452 405 0 0.285326 2.9926 1.157 17.125 0.0467754 -0.00657877 0.0881407 
qwerty 451 405 0.00029101 0 2.74559 1.02133 16.4393 0.037987 0.0199655 0.0903237 
qwerty 467 451 0.0082658 0 2.74565 1.0213 16.4394 0.0600852 -0.0281523 0.0748145 
qwerty 450 405 0 2.25852 2.64188 1.02283 16.45 0.0103162 0.0287511 0.0952205 
qwerty 450 405 0 2.25852 2.71501 1.22664 17.125 0.0103162 0.0287511 0.0952205 
qwerty 449 405 0 1.0047 2.526 0.912733 16.45 -0.0120945 0.00781367 0.0989579 
qwerty 449 405 0 1.0047 2.4435 0.96603 17.125 -0.0120945 0.00781367 0.0989579 
qwerty 449 405 0 0.143 2.45874 1.01629 17.0671 0.0452357 -0.0888889 -0.00724584 
qwerty 449 405 0 0.0922138 2.82448 0.2976 17.0085 -0.0349546 0.0886447 0.0303362 
qwerty 449 405 0 0.0922138 2.69022 0.638092 17.125 -0.0349546 0.0886447 0.0303362 
qwerty 472 449 0.0507867 0 2.82551 0.295387 17.0081 0.0415224 -0.0894771 -0.0164238 
qwerty 471 449 0.0683093 0 2.45832 1.01932 17.0642 -0.0102119 0.0727945 -0.0677988 
qwerty 476 469 0 0.510999 2.14641 3.81412 16.625 -0.0213412 0.0954193 -0.0209695 
qwerty 476 469 0 0.510999 1.60161 6.25 16.0897 -0.0213412 0.0954193 -0.0209695 
qwerty 476 469 0 0.510999 1.45945 6.88563 15.95 -0.0213412 0.0954193 -0.0209695 
