qwerty 1 0 0 200 0 0 -0.24999 0 0 0.1 
qwerty 3 1 0 137.645 0.238834 0.134816 0.25 0.041881 0.0236408 0.0876761 
qwerty 4 3 0.854723 98.8501 0.584789 0.241509 0.925 0.0467372 0.0122723 0.0875501 
qwerty 4 3 0.848922 52.0399 0.877797 0.283998 1.6 0.0359289 0.00223814 0.0932958 
qwerty 4 3 0.967006 45.8667 1.07298 0.435533 2.275 0.0243446 0.0208073 0.0947333 
qwerty 4 3 0.883625 35.3954 1.10629 0.486652 2.95 0.00523518 0.00718902 0.0996038 
qwerty 4 3 0.390608 14.0523 1.25 0.47166 3.31156 0.0406578 -0.00911194 0.0909061 
qwerty 4 3 0.636271 13.4161 1.39019 0.440243 3.625 0.031732 -0.00150643 0.0948199 
qwerty 19 4 0 3.97944 0.804714 -0.715199 4.3 -0.0415632 -0.0804884 0.042357 
qwerty 19 4 0 3.97944 0.142364 -1.99786 4.975 -0.0415632 -0.0804884 0.042357 
qwerty 19 4 0 3.97944 -0.519986 -3.28052 5.65 -0.0415632 -0.0804884 0.042357 
qwerty 19 4 0 3.97944 -1.18234 -4.56319 6.325 -0.0415632 -0.0804884 0.042357 
qwerty 19 4 0 3.97944 -1.84469 -5.84585 7 -0.0415632 -0.0804884 0.042357 
qwerty 19 4 0 3.97944 -2.50704 -7.12851 7.675 -0.0415632 -0.0804884 0.042357 
qwerty 19 4 0 2.78819 -2.99068 -7.72615 8.35 -0.0473023 -0.058181 0.0661624 
qwerty 19 4 0 2.78819 -3.47327 -8.31972 9.025 -0.0473023 -0.058181 0.0661624 
qwerty 19 4 0 2.78819 -3.82309 -8.75 9.51431 -0.0473023 -0.058181 0.0661624 
qwerty 19 4 0 2.78819 -3.95585 -8.91329 9.7 -0.0473023 -0.058181 0.0661624 
qwerty 19 4 0 2.78819 -4.43844 -9.50687 10.375 -0.0473023 -0.058181 0.0661624 
qwerty 19 4 0 2.78819 -4.92102 -10.1004 11.05 -0.0473023 -0.058181 0.0661624 
qwerty 19 4 0 2.78819 -5.40361 -10.694 11.725 -0.0473023 -0.058181 0.0661624 
qwerty 19 4 0 2.78819 -5.85564 -11.25 12.3573 -0.0473023 -0.058181 0.0661624 
qwerty 19 4 0 2.78819 -5.88619 -11.2876 12.4 -0.0473023 -0.058181 0.0661624 
qwerty 19 4 0 2.78819 -6.25 -11.7351 12.9089 -0.0473023 -0.058181 0.0661624 
qwerty 19 4 0 2.78819 -6.36878 -11.8812 13.075 -0.0473023 -0.058181 0.0661624 
qwerty 19 4 0 2.78819 -6.85137 -12.4747 13.75 -0.0473023 -0.058181 0.0661624 
qwerty 19 4 0 2.78819 -7.33395 -13.0683 14.425 -0.0473023 -0.058181 0.0661624 
qwerty 19 4 0 2.78819 -7.81654 -13.6619 15.1 -0.0473023 -0.058181 0.0661624 
qwerty 19 4 0 2.78819 -8.29912 -14.2554 15.775 -0.0473023 -0.058181 0.0661624 
qwerty 19 4 0 2.78819 -8.78171 -14.849 16.45 -0.0473023 -0.058181 0.0661624 
qwerty 19 4 0 2.78819 -9.26429 -15.4426 17.125 -0.0473023 -0.058181 0.0661624 
qwerty 19 4 0 2.78819 -9.74688 -16.0362 17.8 -0.0473023 -0.058181 0.0661624 
qwerty 19 4 0 2.78819 -10.2295 -16.6297 18.475 -0.0473023 -0.058181 0.0661624 
qwerty 19 4 0 2.78819 -10.712 -17.2233 19.15 -0.0473023 -0.058181 0.0661624 
qwerty 19 4 0 2.78819 -11.1946 -17.8169 19.825 -0.0473023 -0.058181 0.0661624 
qwerty 19 4 0 2.78819 -11.6772 -18.4104 20.5 -0.0473023 -0.058181 0.0661624 
qwerty 19 4 0 2.78819 -12.1598 -19.004 21.175 -0.0473023 -0.058181 0.0661624 
qwerty 19 4 0 2.78819 -12.6424 -19.5976 21.85 -0.0473023 -0.058181 0.0661624 
qwerty 19 4 0 2.78819 -13.125 -20.1912 22.525 -0.0473023 -0.058181 0.0661624 
qwerty 19 4 0 2.13599 -13.7737 -20.5893 23.2 -0.0683766 -0.0322079 0.0654775 
qwerty 19 4 0 2.13599 -14.4785 -20.9214 23.875 -0.0683766 -0.0322079 0.0654775 
qwerty 19 4 0 2.13599 -15.1762 -21.25 24.5431 -0.0683766 -0.0322079 0.0654775 
qwerty 19 4 0 2.13599 -15.1834 -21.2534 24.55 -0.0683766 -0.0322079 0.0654775 
qwerty 19 4 0 2.13599 -15.8883 -21.5854 25.225 -0.0683766 -0.0322079 0.0654775 
qwerty 19 4 0 2.13599 -16.5932 -21.9174 25.9 -0.0683766 -0.0322079 0.0654775 
qwerty 19 4 0 2.13599 -17.2981 -22.2495 26.575 -0.0683766 -0.0322079 0.0654775 
qwerty 19 4 0 1.70095 -18.1856 -23.0062 27.25 -0.0645282 -0.0610019 0.0459878 
qwerty 19 4 0 1.70095 -18.75 -23.5398 27.6522 -0.0645282 -0.0610019 0.0459878 
qwerty 19 4 0 1.70095 -19.1327 -23.9016 27.925 -0.0645282 -0.0610019 0.0459878 
qwerty 19 4 0 1.70095 -20.0799 -24.797 28.6 -0.0645282 -0.0610019 0.0459878 
qwerty 19 4 0 1.70095 -21.027 -25.6923 29.275 -0.0645282 -0.0610019 0.0459878 
qwerty 19 4 0 1.70095 -21.6169 -26.25 29.6954 -0.0645282 -0.0610019 0.0459878 
qwerty 19 4 0 1.70095 -21.9741 -26.5877 29.95 -0.0645282 -0.0610019 0.0459878 
qwerty 19 4 0 1.70095 -22.9213 -27.4831 30.625 -0.0645282 -0.0610019 0.0459878 
qwerty 19 4 0 1.70095 -23.8684 -28.3784 31.3 -0.0645282 -0.0610019 0.0459878 
qwerty 19 4 0 1.70095 -24.8155 -29.2738 31.975 -0.0645282 -0.0610019 0.0459878 
qwerty 19 4 0 1.70095 -25.7627 -30.1692 32.65 -0.0645282 -0.0610019 0.0459878 
qwerty 19 4 0 1.70095 -26.25 -30.6299 32.9973 -0.0645282 -0.0610019 0.0459878 
qwerty 19 4 0 1.70095 -26.7098 -31.0646 33.325 -0.0645282 -0.0610019 0.0459878 
qwerty 19 4 0 1.70095 -27.6569 -31.9599 34 -0.0645282 -0.0610019 0.0459878 
qwerty 19 4 0 1.70095 -28.6041 -32.8553 34.675 -0.0645282 -0.0610019 0.0459878 
qwerty 19 4 0 1.70095 -29.5505 -33.75 35.3495 -0.0645282 -0.0610019 0.0459878 
qwerty 19 4 0 1.70095 -29.5512 -33.7507 35.35 -0.0645282 -0.0610019 0.0459878 
qwerty 19 4 0 1.70095 -30.4983 -34.6461 36.025 -0.0645282 -0.0610019 0.0459878 
qwerty 19 4 0 1.70095 -31.4455 -35.5414 36.7 -0.0645282 -0.0610019 0.0459878 
qwerty 19 4 0 1.70095 -32.3926 -36.4368 37.375 -0.0645282 -0.0610019 0.0459878 
qwerty 19 4 0 1.70095 -33.3397 -37.3322 38.05 -0.0645282 -0.0610019 0.0459878 
qwerty 19 4 0 1.70095 -33.75 -37.72 38.3424 -0.0645282 -0.0610019 0.0459878 
qwerty 19 4 0 1.70095 -34.2869 -38.2276 38.725 -0.0645282 -0.0610019 0.0459878 
qwerty 19 4 0 1.70095 -34.8395 -38.75 39.1189 -0.0645282 -0.0610019 0.0459878 
qwerty 19 4 0 1.70095 -35.234 -39.1229 39.4 -0.0645282 -0.0610019 0.0459878 
qwerty 19 4 0 1.70095 -36.1811 -40.0183 40.075 -0.0645282 -0.0610019 0.0459878 
qwerty 35 19 0 1.04615 -2.51536 -7.14619 7.675 -0.0638127 -0.0437587 0.0633491 
qwerty 35 19 0.0846091 0.87381 -2.51345 -7.11578 7.62104 0.00836192 0.0817882 -0.0569278 
qwerty 35 19 0.13748 0.736331 -2.53075 -7.05233 7.56157 -0.0220995 0.0622722 -0.0750585 
qwerty 35 19 0.142486 0.593844 -2.55884 -6.98009 7.52625 0.0742114 0.0637147 0.020811 
qwerty 35 19 0.184853 0.408991 -2.4829 -6.9355 7.50165 0.04404 0.0809951 -0.0387335 
qwerty 35 19 0.307714 0.101277 -2.44859 -6.8724 7.47147 0.0944831 0.0312077 0.00995137 
qwerty 35 19 0.101277 0 -2.4408 -6.86982 7.47229 0.0944831 0.0312077 0.00995137 
qwerty 17 4 0 0.611627 1.25 0.486744 3.3087 0.042453 -0.00529218 0.0903866 
qwerty 17 4 0 0.611627 1.39856 0.468225 3.625 0.042453 -0.00529218 0.0903866 
qwerty 17 4 0 0.611627 1.7156 0.428703 4.3 0.042453 -0.00529218 0.0903866 
qwerty 17 4 0 0.611627 2.03263 0.389181 4.975 0.042453 -0.00529218 0.0903866 
qwerty 16 4 0 7.23462 1.25 0.571546 3.47785 0.0269179 0.01743 0.0947186 
qwerty 16 4 0 7.23462 1.29182 0.598624 3.625 0.0269179 0.01743 0.0947186 
qwerty 16 4 0 7.23462 1.48365 0.722837 4.3 0.0269179 0.01743 0.0947186 
qwerty 16 4 0 7.23462 1.67547 0.847049 4.975 0.0269179 0.01743 0.0947186 
qwerty 16 4 0 7.23462 1.8673 0.971262 5.65 0.0269179 0.01743 0.0947186 
qwerty 16 4 0 7.23462 2.05913 1.09547 6.325 0.0269179 0.01743 0.0947186 
qwerty 16 4 0 7.23462 2.25095 1.21969 7 0.0269179 0.01743 0.0947186 
qwerty 41 16 0.0428556 0.674742 2.26431 1.21236 6.96919 0.00921525 0.0114938 -0.0989089 
qwerty 41 16 0.0727284 0.602014 2.26873 1.21981 6.93348 -0.0498666 0.005657 -0.0864946 
qwerty 41 16 0.0751989 0.526815 2.24732 1.22427 6.90623 -0.0859127 0.0222763 -0.0460735 
qwerty 41 16 0.0629195 0.463896 2.22126 1.24251 6.8916 -0.0932971 -0.0044743 -0.035716 
qwerty 41 16 0.0648728 0.399023 2.19684 1.2486 6.87861 -0.0879927 0.0341981 -0.0329813 
qwerty 41 16 0.00588643 0.393136 2.19323 1.25 6.87725 -0.0858306 0.0319506 -0.040153 
qwerty 41 16 0.0236887 0.369448 2.18616 1.25317 6.87462 -0.0965844 0.0230621 -0.0118149 
qwerty 41 16 0.0142858 0.355162 2.17823 1.25402 6.87329 -0.0939648 0.0304425 0.0156162 
qwerty 41 16 0.0212545 0.333908 2.16947 1.25649 6.87438 -0.0852357 0.0130533 0.0506407 
qwerty 41 16 0.0146409 0.319267 2.16225 1.25893 6.87795 -0.0749627 0.0441238 0.0493325 
qwerty 41 16 0.015539 0.303728 2.15557 1.2644 6.88087 -0.0682954 0.0531026 0.0501582 
qwerty 41 16 0.0154649 0.288263 2.14835 1.2671 6.88575 -0.0695063 0.0295175 0.065556 
qwerty 41 16 0.0165174 0.271745 2.14383 1.27056 6.89358 -0.0439594 -0.00499865 0.0896804 
qwerty 41 16 0.023804 0.247941 2.13776 1.27349 6.90368 -0.00399899 0.039738 0.0916782 
qwerty 41 16 0.0253671 0.222574 2.13451 1.27899 6.91561 -0.00970354 0.0551828 0.0828293 
qwerty 41 16 0.0396755 0.182899 2.13352 1.29424 6.92384 0.0108151 0.0813442 0.0571502 
qwerty 41 16 0.182899 0 2.13592 1.31232 6.93654 0.0108151 0.0813442 0.0571502 
qwerty 44 41 0 0.128516 2.24491 1.25 6.97734 -0.0173234 0.0772657 -0.0610729 
qwerty 44 41 0 0.128516 2.10951 1.8539 6.5 -0.0173234 0.0772657 -0.0610729 
qwerty 43 41 0 0.277267 2.2288 1.23014 6.5 -0.00473894 0.00227066 -0.0998618 
qwerty 15 4 0 11.0094 1.25 0.514226 3.62419 0.0210538 0.00300016 0.0977125 
qwerty 15 4 0 11.0094 1.25017 0.514251 3.625 0.0210538 0.00300016 0.0977125 
qwerty 15 4 0 11.0094 1.39561 0.534976 4.3 0.0210538 0.00300016 0.0977125 
qwerty 48 15 0.484208 4.00215 1.39227 0.409808 4.74609 0.0104341 -0.0380307 0.0918956 
qwerty 48 15 0.134265 3.49412 1.39793 0.382734 4.83096 0.0209658 -0.00680219 0.0975406 
qwerty 48 15 0.264635 3.22949 1.42889 0.372689 4.975 0.00269609 -0.00908271 0.0995502 
qwerty 52 48 0.277152 0.0966079 1.39562 0.320413 4.85902 -0.0907435 0.0408384 0.00989093 
qwerty 52 48 0.0966079 0 1.38872 0.323519 4.85977 -0.0907435 0.0408384 0.00989093 
qwerty 53 48 0 0.294055 1.3277 0.632363 5.37211 -0.0847069 -0.0316062 0.0427292 
qwerty 53 48 0 0.294055 0.776816 0.426815 5.65 -0.0847069 -0.0316062 0.0427292 
qwerty 60 53 0.172306 0 1.33425 0.647792 5.3833 0.0325176 0.0765585 0.0555104 
qwerty 51 48 0 0.0327528 1.41526 0.306753 4.975 0.00912148 -0.0408808 0.0908051 
qwerty 50 48 0 1.3704 1.25 0.163565 4.89811 -0.0325497 -0.0469812 0.0820566 
qwerty 50 48 0 1.3704 1.2195 0.11954 4.975 -0.0325497 -0.0469812 0.0820566 
qwerty 50 48 0 1.3704 0.951743 -0.266928 5.65 -0.0325497 -0.0469812 0.0820566 
qwerty 50 48 0 1.3704 0.683988 -0.653397 6.325 -0.0325497 -0.0469812 0.0820566 
qwerty 50 48 0 1.3704 0.416234 -1.03987 7 -0.0325497 -0.0469812 0.0820566 
qwerty 50 48 0 1.3704 0.148479 -1.42633 7.675 -0.0325497 -0.0469812 0.0820566 
qwerty 50 48 0 1.3704 -0.119276 -1.8128 8.35 -0.0325497 -0.0469812 0.0820566 
qwerty 50 48 0 1.3704 -0.387031 -2.19927 9.025 -0.0325497 -0.0469812 0.0820566 
qwerty 50 48 0 1.3704 -0.654786 -2.58574 9.7 -0.0325497 -0.0469812 0.0820566 
qwerty 50 48 0 1.3704 -0.922541 -2.97221 10.375 -0.0325497 -0.0469812 0.0820566 
qwerty 50 48 0 1.3704 -1.1903 -3.35867 11.05 -0.0325497 -0.0469812 0.0820566 
qwerty 50 48 0 1.3704 -1.45805 -3.74514 11.725 -0.0325497 -0.0469812 0.0820566 
qwerty 50 48 0 1.3704 -1.72581 -4.13161 12.4 -0.0325497 -0.0469812 0.0820566 
qwerty 50 48 0 0.884373 -1.73072 -4.15044 13.075 0.00335679 0.00292682 0.0999008 
qwerty 50 48 0 0.884373 -1.70804 -4.13066 13.75 0.00335679 0.00292682 0.0999008 
qwerty 50 48 0 0.884373 -1.68536 -4.11089 14.425 0.00335679 0.00292682 0.0999008 
qwerty 50 48 0 0.884373 -1.66268 -4.09111 15.1 0.00335679 0.00292682 0.0999008 
qwerty 50 48 0 0.884373 -1.64 -4.07134 15.775 0.00335679 0.00292682 0.0999008 
qwerty 50 48 0 0.884373 -1.61732 -4.05156 16.45 0.00335679 0.00292682 0.0999008 
qwerty 50 48 0 0.884373 -1.59464 -4.03179 17.125 0.00335679 0.00292682 0.0999008 
qwerty 50 48 0 0.884373 -1.57196 -4.01201 17.8 0.00335679 0.00292682 0.0999008 
qwerty 50 48 0 0.884373 -1.54928 -3.99223 18.475 0.00335679 0.00292682 0.0999008 
qwerty 14 4 0 0.707126 1.19656 0.544477 2.95 0.016244 0.0147809 0.0975585 
qwerty 14 4 0 0.707126 1.25 0.593099 3.27092 0.016244 0.0147809 0.0975585 
qwerty 14 4 0 0.707126 1.30896 0.646745 3.625 0.016244 0.0147809 0.0975585 
qwerty 14 4 0 0.707126 1.42135 0.749013 4.3 0.016244 0.0147809 0.0975585 
qwerty 14 4 0 0.707126 1.70438 0.667727 4.975 0.0409315 -0.0142331 0.0901223 
qwerty 14 4 0 0.707126 2.01095 0.561124 5.65 0.0409315 -0.0142331 0.0901223 
qwerty 14 4 0 0.707126 2.31752 0.45452 6.325 0.0409315 -0.0142331 0.0901223 
qwerty 13 4 0 6.52476 1.26489 0.627734 2.95 0.0256494 0.027108 0.0927753 
qwerty 13 4 0 6.52476 1.45151 0.824962 3.625 0.0256494 0.027108 0.0927753 
qwerty 13 4 0 6.52476 1.63812 1.02219 4.3 0.0256494 0.027108 0.0927753 
qwerty 13 4 0 6.52476 1.82474 1.21942 4.975 0.0256494 0.027108 0.0927753 
qwerty 13 4 0 6.52476 2.01135 1.41665 5.65 0.0256494 0.027108 0.0927753 
qwerty 13 4 0 6.52476 2.19797 1.61387 6.325 0.0256494 0.027108 0.0927753 
qwerty 13 4 0 6.52476 2.38458 1.8111 7 0.0256494 0.027108 0.0927753 
qwerty 13 4 0 6.52476 2.5712 2.00833 7.675 0.0256494 0.027108 0.0927753 
qwerty 13 4 0 6.52476 2.75782 2.20556 8.35 0.0256494 0.027108 0.0927753 
qwerty 13 4 0 6.52476 2.94443 2.40279 9.025 0.0256494 0.027108 0.0927753 
qwerty 13 4 0 6.52476 3.13105 2.60002 9.7 0.0256494 0.027108 0.0927753 
qwerty 13 4 0 6.52476 3.31766 2.79724 10.375 0.0256494 0.027108 0.0927753 
qwerty 13 4 0 0.454724 3.48154 2.97044 10.9677 -0.00298041 0.0947737 -0.0317657 
qwerty 13 4 0 0.454724 3.45702 3.75 10.7065 -0.00298041 0.0947737 -0.0317657 
qwerty 13 4 0 0.454724 3.44234 4.2168 10.55 -0.00298041 0.0947737 -0.0317657 
qwerty 13 4 0 0.445529 3.526 5.4772 9.875 0.00703188 0.086831 -0.0491013 
qwerty 69 13 0.217729 5.8523 3.50393 2.98819 11.05 0.0287243 0.021722 0.0932902 
qwerty 74 69 0 2.55611 1.65753 3.72623 11.725 -0.0897525 0.0321977 0.0301297 
qwerty 74 69 0 2.55611 -0.353207 4.44756 12.4 -0.0897525 0.0321977 0.0301297 
qwerty 77 75 0 0.244893 -0.682113 3.71935 13.075 -0.0212053 -0.0739123 0.063932 
qwerty 72 69 0 0.476513 3.26509 3.61708 11.725 -0.028268 0.0649917 0.0705478 
qwerty 12 4 0 0.671099 1.05613 0.388964 2.275 0.0229177 0.0150139 0.0961736 
qwerty 12 4 0 0.671099 1.21698 0.494341 2.95 0.0229177 0.0150139 0.0961736 
qwerty 12 4 0 0.671099 1.37783 0.599717 3.625 0.0229177 0.0150139 0.0961736 
qwerty 12 4 0 0.671099 1.53868 0.705093 4.3 0.0229177 0.0150139 0.0961736 
qwerty 12 4 0 0.671099 1.69953 0.810469 4.975 0.0229177 0.0150139 0.0961736 
qwerty 12 4 0 0.671099 1.86038 0.915845 5.65 0.0229177 0.0150139 0.0961736 
qwerty 12 4 0 0.671099 2.02123 1.02122 6.325 0.0229177 0.0150139 0.0961736 
qwerty 12 4 0 0.671099 2.18208 1.1266 7 0.0229177 0.0150139 0.0961736 
qwerty 12 4 0 0.671099 2.34292 1.23197 7.675 0.0229177 0.0150139 0.0961736 
qwerty 12 4 0 0.671099 2.50377 1.33735 8.35 0.0229177 0.0150139 0.0961736 
qwerty 12 4 0 0.671099 2.66462 1.44273 9.025 0.0229177 0.0150139 0.0961736 
qwerty 12 4 0 0.671099 2.82547 1.5481 9.7 0.0229177 0.0150139 0.0961736 
qwerty 12 4 0 0.671099 2.98632 1.65348 10.375 0.0229177 0.0150139 0.0961736 
qwerty 12 4 0 0.671099 3.14717 1.75885 11.05 0.0229177 0.0150139 0.0961736 
qwerty 12 4 0 0.671099 3.30802 1.86423 11.725 0.0229177 0.0150139 0.0961736 
qwerty 12 4 0 0.671099 3.46887 1.96961 12.4 0.0229177 0.0150139 0.0961736 
qwerty 12 4 0 0.671099 3.62972 2.07498 13.075 0.0229177 0.0150139 0.0961736 
qwerty 12 4 0 0.671099 3.79056 2.18036 13.75 0.0229177 0.0150139 0.0961736 
qwerty 12 4 0 0.671099 3.95141 2.28574 14.425 0.0229177 0.0150139 0.0961736 
qwerty 12 4 0 0.671099 4.11226 2.39111 15.1 0.0229177 0.0150139 0.0961736 
qwerty 12 4 0 0.671099 4.27311 2.49649 15.775 0.0229177 0.0150139 0.0961736 
qwerty 12 4 0 0.671099 4.43396 2.60186 16.45 0.0229177 0.0150139 0.0961736 
qwerty 12 4 0 0.370148 4.5423 2.67284 16.9046 0.0701624 0.0702506 0.0119203 
qwerty 12 4 0 0.370148 5.8393 3.97148 17.125 0.0701624 0.0702506 0.0119203 
qwerty 12 4 0 0.177848 6.00735 4.07718 16.625 -0.0220452 -0.0325137 -0.0919612 
qwerty 12 4 0 0.177848 5.84554 3.83852 15.95 -0.0220452 -0.0325137 -0.0919612 
qwerty 81 12 0.300951 0 4.53405 2.66044 16.9515 -0.016784 -0.0252419 0.095295 
qwerty 11 4 0 5.79117 0.89775 0.289316 1.6 0.0400657 0.00486376 0.0914936 
qwerty 11 4 0 5.79117 1.19334 0.325199 2.275 0.0400657 0.00486376 0.0914936 
qwerty 11 4 0 0.269876 1.47474 0.359359 2.91761 0.0174987 0.0186989 -0.0966651 
qwerty 11 4 0 0.269876 1.55939 0.449813 2.45 0.0174987 0.0186989 -0.0966651 
qwerty 11 4 0 0.269876 1.68158 0.580385 1.775 0.0174987 0.0186989 -0.0966651 
qwerty 84 11 0.052788 5.4685 1.48798 0.360706 2.95 0.0444602 0.00141369 0.0895617 
qwerty 84 11 0.694346 1.80144 1.45051 0.126739 2.59742 -0.0181541 -0.0295209 -0.0938027 
qwerty 84 11 0.236404 1.56504 1.42198 0.0803426 2.45 -0.035147 -0.0579764 -0.073508 
qwerty 86 84 0.328627 0.0519676 1.44934 0.178678 2.55015 -0.0514401 0.0581524 0.0630255 
qwerty 86 84 0.0519676 0 1.44801 0.180176 2.55177 -0.0514401 0.0581524 0.0630255 
qwerty 10 4 0 11.3234 0.911167 0.29419 1.6 0.0420341 0.00570844 0.0905569 
qwerty 10 4 0 11.3234 1.22448 0.33674 2.275 0.0420341 0.00570844 0.0905569 
qwerty 10 4 0 11.3234 1.5378 0.37929 2.95 0.0420341 0.00570844 0.0905569 
qwerty 10 4 0 11.3234 1.85112 0.42184 3.625 0.0420341 0.00570844 0.0905569 
qwerty 89 9 0 0.118149 0.673094 0.257374 1.1 -0.0250623 -0.0600121 -0.0759633 
qwerty 89 9 0.00180278 0.0856915 0.67367 0.257589 1.10049 -0.015139 0.0709821 0.0687921 
qwerty 89 9 0.00181672 0.0838748 0.673508 0.258038 1.10087 -0.0274091 0.0786428 0.0553539 
qwerty 89 9 0.00176214 0.0821127 0.673223 0.258571 1.1012 -0.0415755 0.0751972 0.0511552 
qwerty 89 9 0.00462248 0.0774902 0.672926 0.259147 1.10145 -0.0380008 0.0879767 0.0285662 
qwerty 89 9 0.00337736 0.0741128 0.672699 0.260014 1.10182 -0.0493931 0.0813346 0.030741 
qwerty 89 9 0.0047088 0.0694041 0.672397 0.260951 1.10212 -0.0623598 0.0632101 0.0459971 
qwerty 89 9 0.006674 0.0627301 0.671532 0.261882 1.10244 -0.0704255 0.0709649 0.00205619 
qwerty 89 9 0.00671327 0.0560168 0.670545 0.262858 1.1026 -0.0680167 0.0732334 0.00325535 
qwerty 89 9 0.0155762 0.0404406 0.669514 0.263859 1.10204 -0.093717 0.00352733 -0.0347086 
qwerty 89 9 0.0117637 0.0286769 0.668428 0.263915 1.10202 0.0274188 0.0409365 0.0870196 
qwerty 89 9 0.0286769 0 0.668673 0.264282 1.1028 0.0274188 0.0409365 0.0870196 
qwerty 7 4 0 21.2608 1.00839 0.37761 1.6 0.0528423 0.0169758 0.0831836 
qwerty 7 4 0 21.2608 1.25 0.455229 1.98034 0.0528423 0.0169758 0.0831836 
qwerty 7 4 0 21.2608 1.43718 0.515361 2.275 0.0528423 0.0169758 0.0831836 
qwerty 90 7 0.776362 12.0691 1.75199 0.501554 2.95 0.0380244 -0.0136902 0.0914698 
qwerty 90 7 0.624427 4.33992 2.31325 0.411949 3.25496 0.0924293 -0.0205173 0.0321848 
qwerty 90 7 1.38924 2.95068 2.83879 0.215707 3.50102 0.0835778 -0.0454009 0.0308789 
qwerty 90 7 0.575933 2.37475 3.17435 0.033426 3.625 0.0670388 -0.0620967 -0.0406176 
qwerty 90 7 0.609088 1.76566 3.41005 -0.156482 3.39462 0.0380252 -0.0917455 -0.011698 
qwerty 90 7 0.517805 1.24785 3.64155 -0.375658 3.35346 0.0515024 -0.08471 0.0131042 
qwerty 90 7 0.302379 0.925998 3.74717 -0.51801 3.3723 0.0289719 -0.0896099 -0.0336258 
qwerty 90 7 0.0145861 0.911412 3.75 -0.526776 3.36901 0.0338293 -0.0887478 -0.0312955 
qwerty 90 7 0.104091 0.80732 3.78567 -0.581672 3.35034 0.00947308 -0.098305 -0.0156969 
qwerty 90 7 0.122734 0.684586 3.81092 -0.64 3.34445 0.0262052 -0.0804992 0.0532275 
qwerty 90 7 0.15455 0.530036 3.82645 -0.705944 3.35763 0.0350898 -0.0919012 0.0179689 
qwerty 90 7 0.147884 0.382153 3.81849 -0.773775 3.37766 -0.036623 -0.0744612 -0.0558057 
qwerty 90 7 0.125061 0.257092 3.79576 -0.809473 3.35155 -0.0416278 -0.0212521 -0.0884052 
qwerty 90 7 0.257092 0 3.77977 -0.817636 3.31759 -0.0416278 -0.0212521 -0.0884052 
qwerty 94 90 0.290272 0 2.33899 0.386483 3.22586 0.055421 -0.0548185 -0.0626375 
qwerty 95 90 0 0.0194751 3.75 -0.525398 3.37549 0.0332226 -0.086602 0.0373678 
qwerty 95 90 0 0.0189152 3.84912 -0.783777 3.48698 -0.0832478 -0.0422706 0.0358191 
qwerty 95 90 0 0.0189152 3.75 -0.834107 3.52963 -0.0832478 -0.0422706 0.0358191 
qwerty 95 90 0 0.0189152 3.52834 -0.946657 3.625 -0.0832478 -0.0422706 0.0358191 
qwerty 96 95 0.000559883 0 3.84912 -0.783777 3.48698 0.0928508 -0.0370718 0.00209874 
qwerty 92 90 0 3.32871 2.36091 0.496861 3.625 0.0672566 -0.00111883 0.0739953 
qwerty 92 90 0 3.32871 2.97444 0.486655 4.3 0.0672566 -0.00111883 0.0739953 
qwerty 92 90 0 3.32871 3.58797 0.476448 4.975 0.0672566 -0.00111883 0.0739953 
qwerty 92 90 0 3.32871 4.20149 0.466242 5.65 0.0672566 -0.00111883 0.0739953 
qwerty 92 90 0 3.32871 4.81502 0.456036 6.325 0.0672566 -0.00111883 0.0739953 
qwerty 92 90 0 3.32871 5.42855 0.44583 7 0.0672566 -0.00111883 0.0739953 
qwerty 92 90 0 3.32871 6.04208 0.435624 7.675 0.0672566 -0.00111883 0.0739953 
qwerty 92 90 0 3.32871 6.65561 0.425417 8.35 0.0672566 -0.00111883 0.0739953 
qwerty 92 90 0 3.32871 7.26913 0.415211 9.025 0.0672566 -0.00111883 0.0739953 
qwerty 92 90 0 3.32871 7.88266 0.405005 9.7 0.0672566 -0.00111883 0.0739953 
qwerty 92 90 0 3.32871 8.49619 0.394799 10.375 0.0672566 -0.00111883 0.0739953 
qwerty 92 90 0 3.32871 9.10972 0.384593 11.05 0.0672566 -0.00111883 0.0739953 
qwerty 92 90 0 3.32871 9.72325 0.374386 11.725 0.0672566 -0.00111883 0.0739953 
qwerty 92 90 0 3.32871 10.3368 0.36418 12.4 0.0672566 -0.00111883 0.0739953 
qwerty 92 90 0 3.32871 10.9503 0.353974 13.075 0.0672566 -0.00111883 0.0739953 
qwerty 92 90 0 3.32871 11.5638 0.343768 13.75 0.0672566 -0.00111883 0.0739953 
qwerty 92 90 0 3.32871 12.1774 0.333561 14.425 0.0672566 -0.00111883 0.0739953 
qwerty 92 90 0 3.32871 12.7909 0.323355 15.1 0.0672566 -0.00111883 0.0739953 
qwerty 92 90 0 3.32871 13.4044 0.313149 15.775 0.0672566 -0.00111883 0.0739953 
qwerty 92 90 0 3.32871 14.0179 0.302943 16.45 0.0672566 -0.00111883 0.0739953 
qwerty 92 90 0 3.00166 14.4781 0.363881 17.125 0.0547314 0.00845892 0.0832642 
qwerty 92 90 0 3.00166 14.9218 0.432455 17.8 0.0547314 0.00845892 0.0832642 
qwerty 92 90 0 3.00166 15.3655 0.501029 18.475 0.0547314 0.00845892 0.0832642 
qwerty 92 90 0 3.00166 15.8092 0.569603 19.15 0.0547314 0.00845892 0.0832642 
qwerty 92 90 0 3.00166 16.25 0.637735 19.8206 0.0547314 0.00845892 0.0832642 
qwerty 92 90 0 3.00166 16.2529 0.638178 19.825 0.0547314 0.00845892 0.0832642 
qwerty 92 90 0 3.00166 16.6966 0.706752 20.5 0.0547314 0.00845892 0.0832642 
qwerty 92 90 0 3.00166 17.1403 0.775326 21.175 0.0547314 0.00845892 0.0832642 
qwerty 92 90 0 3.00166 17.5839 0.8439 21.85 0.0547314 0.00845892 0.0832642 
qwerty 102 100 0 0.467378 16.8635 0.777666 21.35 -0.0789965 -0.00823311 -0.0607599 
qwerty 102 100 0 0.467378 16.25 0.713727 20.8781 -0.0789965 -0.00823311 -0.0607599 
qwerty 102 100 0 0.467378 15.9859 0.686201 20.675 -0.0789965 -0.00823311 -0.0607599 
qwerty 102 100 0 0.467378 15.1083 0.594737 20 -0.0789965 -0.00823311 -0.0607599 
qwerty 102 100 0 0.467378 14.2307 0.503273 19.325 -0.0789965 -0.00823311 -0.0607599 
qwerty 6 4 0 4.36258 0.592596 0.241938 0.925 0.0469539 0.0116617 0.0875176 
qwerty 2 1 0 197.332 -0.155047 -0.0875203 0.25 -0.0292132 -0.0164901 0.0942055 
qwerty 109 2 0.302457 135.186 -0.2539 -0.142442 0.5518 -0.0316232 -0.0173252 0.0932728 
qwerty 109 2 0.691067 134.495 -0.38043 -0.211763 0.925 -0.0321468 -0.0178611 0.0929923 
qwerty 109 2 1.05756 128.945 -0.574442 -0.310929 1.6 -0.024879 -0.0134521 0.095917 
qwerty 109 2 0.869281 124.442 -0.789172 -0.382246 2.275 -0.031095 -0.00981526 0.0945344 
qwerty 109 2 0.827006 120.551 -0.987932 -0.443712 2.95 -0.0269881 -0.00999236 0.0957695 
qwerty 109 2 0.942726 116.066 -1.19994 -0.501204 3.625 -0.0326905 -0.00776012 0.0941866 
qwerty 109 2 0.159876 112.807 -1.31439 -0.561373 3.9091 -0.0371653 -0.0243801 0.0895788 
qwerty 109 2 0.919627 111.887 -1.47657 -0.667763 4.3 -0.0362437 -0.0241928 0.0900061 
qwerty 109 2 0.620992 105.607 -1.76992 -0.832471 4.83274 -0.0488807 -0.0231673 0.0841068 
qwerty 109 2 0.303952 105.303 -1.85259 -0.871656 4.975 -0.0486092 -0.023281 0.0842326 
qwerty 109 2 1.17792 87.4907 -2.27695 -1.04996 5.65 -0.0547201 -0.0196948 0.08135 
qwerty 109 2 0.962753 23.1336 -2.78619 -1.23587 6.325 -0.0535035 -0.0277835 0.0797837 
qwerty 109 2 0.767199 6.67552 -3.38997 -1.25 6.72545 -0.0848937 0.0228193 0.0476691 
qwerty 109 2 0.688876 5.98305 -3.65277 -1.1903 6.91126 -0.0844652 -0.00204163 0.0534927 
qwerty 109 2 0.33145 5.6516 -3.79288 -1.19369 7 -0.0805465 -0.000138178 0.0592642 
qwerty 107 6 0.585983 2.06467 0.806117 0.569429 1.354 0.0219946 0.0701589 0.0677788 
qwerty 107 6 0.580424 1.48425 0.86441 0.798721 1.59102 0.0274046 0.093006 0.024472 
qwerty 107 6 0.100034 1.38421 0.874469 0.83286 1.6 0.0280591 0.0959777 -0.00098009 
qwerty 107 6 0.312408 1.07181 0.92555 1.01394 1.59855 -0.0229208 0.0935711 -0.0268157 
qwerty 107 6 0.346755 0.725051 0.899802 1.1821 1.59542 -0.0303246 0.0948837 -0.00880363 
qwerty 107 6 0.131743 0.593308 0.878101 1.25 1.58912 -0.0316314 0.0862433 -0.0395164 
qwerty 107 6 0.0490848 0.544223 0.875514 1.27484 1.57983 -0.0150164 0.0930048 -0.0335352 
qwerty 107 6 0.0308989 0.513324 0.869412 1.29119 1.57012 -0.00909055 0.0768378 -0.0633508 
qwerty 107 6 0.0299519 0.483373 0.871739 1.30525 1.55281 0.0273758 0.0760201 -0.0589195 
qwerty 107 6 0.039445 0.443928 0.87553 1.32249 1.53628 -0.0169902 0.0563589 -0.0808394 
qwerty 107 6 0.0772911 0.366636 0.856415 1.33301 1.50157 -0.0581671 0.0461767 -0.0669649 
qwerty 107 6 0.122941 0.243696 0.816549 1.34658 1.48056 -0.0805622 0.0587895 -0.00731667 
qwerty 107 6 0.243696 0 0.788306 1.36719 1.478 -0.0805622 0.0587895 -0.00731667 
qwerty 107 6 0 0 0.788306 1.36719 1.478 -0.0805622 0.0587895 -0.00731667 
qwerty 91 7 0.952283 3.60803 1.69077 0.046349 2.8222 0.0320048 -0.0808892 0.0493216 
qwerty 91 7 0.584073 3.02396 1.7737 -0.163252 2.95 0.0248405 -0.0679181 0.0690658 
qwerty 91 7 0.0795101 0.65316 1.8244 -0.316005 2.94614 0.0822156 -0.0353807 0.0445959 
qwerty 91 7 0.0100124 0.643148 1.83152 -0.31907 2.95 0.0873384 -0.0304119 0.0380411 
qwerty 91 7 0.0207869 0.469022 1.85191 -0.329868 2.94244 0.0703928 -0.0495966 -0.0508433 
qwerty 91 7 0.0256836 0.443338 1.86446 -0.338687 2.93803 0.0417606 -0.0872334 -0.0254242 
qwerty 91 7 0.0572712 0.386067 1.87245 -0.350092 2.93196 0.078656 -0.0599556 -0.0147838 
qwerty 91 7 0.0219796 0.364087 1.88628 -0.35732 2.93329 0.0633353 -0.0713551 0.0299514 
qwerty 91 7 0.0268131 0.337274 1.89545 -0.369 2.93558 0.0864494 -0.0409017 0.0292155 
qwerty 91 7 0.0599771 0.277297 1.90679 -0.377518 2.93687 -0.0744617 0.0293528 -0.0599489 
qwerty 91 7 0.0177855 0.259512 1.89832 -0.377618 2.92813 -0.0650921 0.0325085 -0.0686019 
qwerty 91 7 0.031973 0.227539 1.8885 -0.373826 2.92074 -0.0929126 -0.0365777 -0.00541405 
qwerty 91 7 0.0405286 0.18701 1.87792 -0.380253 2.92387 -0.0854647 -0.0328045 0.0402449 
qwerty 91 7 0.0395266 0.147483 1.86567 -0.379643 2.92839 -0.0636898 -0.0572169 0.0516704 
qwerty 91 7 0.0823028 0.0651806 1.8657 -0.392311 2.93899 -0.0217838 -0.0608995 0.0762674 
qwerty 91 7 0.0651806 0 1.86489 -0.394586 2.94184 -0.0217838 -0.0608995 0.0762674 
qwerty 91 7 0 0 1.86489 -0.394586 2.94184 -0.0217838 -0.0608995 0.0762674 
qwerty 88 10 0.535064 4.43343 2.06806 0.404802 4.15899 0.0379687 -0.0141772 0.0914187 
qwerty 88 10 0.238705 4.19473 2.12663 0.382934 4.3 0.0435309 -0.0140131 0.0889308 
qwerty 88 10 0.0588865 0.702522 2.1601 0.390562 4.27379 -0.0860216 0.00431253 -0.0508103 
qwerty 88 10 0.0839177 0.618604 2.12836 0.399497 4.24374 -0.06807 0.0178367 -0.0710516 
qwerty 88 10 0.0767127 0.541892 2.09793 0.41202 4.22547 -0.0726113 0.0142483 -0.067265 
qwerty 88 10 0.0737039 0.468188 2.0633 0.40121 4.19411 -0.039475 -0.0230044 -0.0889524 
qwerty 88 10 0.168569 0.299619 2.05251 0.385176 4.14118 0.0200772 -0.0233101 -0.0951501 
qwerty 88 10 0.299619 0 2.06228 0.373837 4.09489 0.0200772 -0.0233101 -0.0951501 
qwerty 88 10 0 0 2.06228 0.373837 4.09489 0.0200772 -0.0233101 -0.0951501 
qwerty 42 16 0 1.47115 2.19726 1.15507 7 -0.0988761 0.00738538 0.0129991 
qwerty 42 16 0.38693 1.00605 2.14135 1.25 6.97292 0.03112 0.021728 -0.0925173 
qwerty 42 16 0.147595 0.858455 2.18177 1.26872 6.9057 0.0458295 0.0746618 -0.0482211 
qwerty 42 16 0.145756 0.712699 2.23546 1.33335 6.88829 0.0913698 0.0282205 -0.0292431 
qwerty 42 16 0.174437 0.538262 2.30496 1.36558 6.86649 0.0741662 0.0472019 0.0476587 
qwerty 42 16 0.179293 0.358969 2.3672 1.40829 6.90293 0.0274286 0.0947507 0.0164311 
qwerty 42 16 0.32005 0 2.40364 1.47061 6.85341 0.0991926 0.00764428 -0.0101186 
qwerty 156 88 0.190202 2.12055 2.0308 0.416671 4.27362 0.00264894 -0.0224547 0.0974103 
qwerty 156 88 0.0841425 2.03641 2.03152 0.41059 4.3 0.011737 -0.0221265 0.0968125 
qwerty 156 88 0.527386 0.919605 1.83789 0.335334 4.17811 -0.055559 -0.0279553 -0.0783051 
qwerty 156 88 0.398435 0.52117 1.77303 0.324401 3.9996 0.0140047 -0.0781184 -0.060839 
qwerty 156 88 0.335643 0.185528 1.7878 0.241966 3.9354 -0.00917537 -0.0981273 -0.0169364 
qwerty 156 88 0.185528 0 1.78572 0.219641 3.93155 -0.00917537 -0.0981273 -0.0169364 
qwerty 170 156 0.0791681 0.663797 2.00813 0.434384 4.29766 -0.0464138 0.0405084 0.0787708 
qwerty 170 156 0.00458147 0.659215 2.00675 0.435589 4.3 -0.034906 0.0352725 0.0868183 
qwerty 152 91 0.281992 0 1.69039 0.0506139 2.8664 -0.000850927 0.00960379 0.0995341 
qwerty 124 109 0.241727 1.11843 -1.8085 -0.938314 4.94231 0.0072688 -0.0933671 0.0350677 
qwerty 124 109 0.165226 0.953199 -1.80172 -1.02536 4.975 -0.0200568 -0.0828993 0.0522056 
qwerty 124 109 0.252672 0.675156 -1.82257 -1.09092 4.93885 -0.0367507 -0.0923354 -0.0111155 
qwerty 124 109 0.0998424 0.575314 -1.85827 -1.1338 4.94011 -0.0405192 -0.0914213 -0.000587135 
qwerty 124 109 0.120126 0.455188 -1.89174 -1.18383 4.94828 -0.0358413 -0.0231957 0.0904288 
qwerty 124 109 0.228022 0.227166 -1.90233 -1.19068 4.975 -0.0251198 -0.0576095 0.0777827 
qwerty 124 109 0.00560921 0.190902 -1.90369 -1.19338 4.9732 -0.0534114 -0.0506756 -0.0676698 
qwerty 124 109 0.00580594 0.185096 -1.90459 -1.19488 4.97163 -0.0524745 -0.0624379 -0.0578613 
qwerty 124 109 0.00518389 0.179912 -1.90586 -1.19627 4.97009 -0.0848538 -0.0439195 -0.0295111 
qwerty 124 109 0.00557096 0.174341 -1.9077 -1.19732 4.96893 -0.0741385 -0.0531604 -0.0409568 
qwerty 124 109 0.0881856 0.0861555 -1.91093 -1.19861 4.96777 -0.0570888 -0.0667897 -0.0477494 
qwerty 124 109 0.0207913 0.0653642 -1.91141 -1.20204 4.96561 -0.0104481 -0.0675541 -0.0729883 
qwerty 124 109 0.0653642 0 -1.91182 -1.20465 4.9628 -0.0104481 -0.0675541 -0.0729883 
qwerty 112 109 0.151107 0.393629 -0.312254 -0.195436 0.551445 -0.0793855 0.00359642 0.0607043 
qwerty 112 109 0.172448 0.22118 -0.349912 -0.155427 0.594494 -0.0735538 0.0673864 -0.00699372 
qwerty 112 109 0.22118 0 -0.372153 -0.13505 0.592379 -0.0735538 0.0673864 -0.00699372 
qwerty 108 2 0.0771964 57.1777 -0.219457 -0.12512 0.465749 -0.0259005 -0.0164222 0.0951813 
qwerty 108 2 0.843026 56.3347 -0.344427 -0.204357 0.925 -0.0232883 -0.0143988 0.0961786 
qwerty 108 2 0.861471 53.1054 -0.496978 -0.284073 1.6 -0.0209429 -0.0117551 0.0970732 
qwerty 108 2 0.783003 48.0754 -0.476894 -0.382591 2.275 0.00805579 -0.015491 0.0984639 
qwerty 108 2 0.877665 43.3612 -0.309441 -0.536807 2.95 0.0239061 -0.020098 0.0949977 
qwerty 108 2 1.19414 37.4011 0.189309 -0.68381 3.625 0.0668052 -0.0143672 0.0730113 
qwerty 180 108 0 26.8916 0.719052 -0.899412 4.3 0.0598599 -0.0246842 0.0762068 
qwerty 180 108 0 26.8916 1.24926 -1.11805 4.975 0.0598599 -0.0246842 0.0762068 
qwerty 180 108 0 26.8916 1.56924 -1.25 5.38236 0.0598599 -0.0246842 0.0762068 
qwerty 180 108 0 26.8916 1.77947 -1.33669 5.65 0.0598599 -0.0246842 0.0762068 
qwerty 180 108 0 26.8916 2.30968 -1.55533 6.325 0.0598599 -0.0246842 0.0762068 
qwerty 180 108 0 26.8916 2.83988 -1.77397 7 0.0598599 -0.0246842 0.0762068 
qwerty 180 108 0 26.8916 3.37009 -1.99261 7.675 0.0598599 -0.0246842 0.0762068 
qwerty 180 108 0 0 3.54746 -2.06575 7.9008 0.0598599 -0.0246842 0.0762068 
qwerty 188 180 0.983696 2.9382 3.88623 -2.165 8.33146 0.0697643 -0.0261614 0.0666973 
qwerty 188 180 0.0281036 2.56895 3.90218 -2.17247 8.3461 0.053345 -0.0486949 0.0691601 
qwerty 188 180 0.00971685 2.55924 3.90519 -2.17521 8.35 0.0566746 -0.0490822 0.0661735 
qwerty 188 180 0.17622 0.690241 3.87647 -2.07735 8.29617 0.0313891 0.0917529 -0.0244158 
qwerty 188 180 0.0243091 0.665932 3.88271 -2.06246 8.28962 0.0208327 0.0961652 -0.0178399 
qwerty 188 180 0.368698 0.297234 3.96035 -1.94791 8.2372 0.0227321 0.0973819 -8.4284e-05 
qwerty 188 180 0.297234 0 3.9713 -1.90097 8.23716 0.0227321 0.0973819 -8.4284e-05 
qwerty 191 188 0.0501761 0.639582 3.85374 -2.04712 8.29525 -0.0886155 0.0462998 0.00190571 
qwerty 191 188 0.0539663 0.585616 3.8304 -2.03645 8.30075 -0.0928796 0.0264754 0.0259315 
qwerty 191 188 0.0445602 0.541056 3.80269 -2.02554 8.30358 -0.0723577 0.0688243 0.0052516 
qwerty 191 188 0.058798 0.482258 3.78028 -2.00955 8.30069 -0.0645312 0.0690838 0.032606 
qwerty 191 188 0.079412 0.402846 3.7529 -1.99149 8.31399 -0.0925939 0.0192973 0.0324651 
qwerty 191 188 0.0608297 0.342016 3.72555 -1.99355 8.33269 -0.0462806 0.0252806 0.0849647 
qwerty 191 188 0.0497352 0.292281 3.71612 -1.9884 8.35 -0.0692914 -0.0124642 0.0710165 
qwerty 190 188 0.010615 0.330522 3.90708 -2.16873 8.3496 0.0727898 0.0441848 0.0524342 
qwerty 190 188 0.00138685 0.329136 3.90764 -2.16839 8.35 0.0694689 0.0498829 0.0518243 
qwerty 190 188 0.0209382 0.293995 3.90696 -2.17192 8.34717 -0.0178053 -0.0794844 -0.0580103 
qwerty 190 188 0.014556 0.279438 3.90615 -2.17593 8.34328 -0.031804 -0.0597306 -0.0736258 
qwerty 190 188 0.0106741 0.268764 3.9038 -2.18024 8.33951 -0.0217717 -0.0843032 -0.0491829 
qwerty 190 188 0.0108815 0.257883 3.90127 -2.1851 8.33677 -0.00138096 -0.0797066 -0.0603734 
qwerty 190 188 0.0190607 0.238822 3.90309 -2.19181 8.3314 0.0146615 -0.0611379 -0.0777638 
qwerty 190 188 0.0255958 0.213226 3.90977 -2.19772 8.32158 0.057757 -0.0792651 -0.0195237 
qwerty 190 188 0.0750376 0.138189 3.92061 -2.21064 8.32529 0.0177424 -0.098222 -0.00613507 
qwerty 190 188 0.0515065 0.0866823 3.92575 -2.22174 8.32989 0.0576084 -0.0816796 0.00311531 
qwerty 190 188 0.0866823 0 3.92939 -2.22689 8.33009 0.0576084 -0.0816796 0.00311531 
qwerty 179 108 0 0.408069 -0.174953 -0.593375 3.22679 -0.076789 0.0348442 0.0537525 
qwerty 179 108 0 0.408069 -0.743826 -0.33524 3.625 -0.076789 0.0348442 0.0537525 
qwerty 192 179 0.182996 1.0132 -0.113105 -0.583515 3.31558 0.0828938 0.0194901 0.0524285 
qwerty 192 179 0.251051 0.762152 0.00194302 -0.549028 3.33565 0.0982365 -0.0155658 0.010358 
qwerty 192 179 0.263665 0.498487 0.120642 -0.5634 3.29728 0.0961304 -0.0269702 0.00561677 
qwerty 192 179 0.292546 0.205941 0.224078 -0.573602 3.22278 0.0370288 -0.0697011 -0.0614054 
qwerty 192 179 0.205941 0 0.234059 -0.592391 3.20623 0.0370288 -0.0697011 -0.0614054 
qwerty 178 108 0 0.175382 0.0541061 -0.679809 3.625 0.0480882 -0.0174858 0.0859172 
qwerty 177 108 0 0.567263 0.0134712 -0.742262 3.625 0.0427734 -0.0262459 0.0864962 
qwerty 177 108 0 0.567263 0.344235 -0.956756 4.3 0.0422114 -0.0277036 0.0863175 
qwerty 177 108 0 0.567263 0.674327 -1.1734 4.975 0.0422114 -0.0277036 0.0863175 
qwerty 175 108 0 0.587219 -0.320582 -0.468516 2.95 0.0233123 -0.0114888 0.0965637 
qwerty 174 108 0 0.312572 -0.555147 -0.37451 2.275 -0.00712258 -0.013665 0.0988055 
qwerty 173 108 0 0.448822 -0.656768 -0.351123 2.275 -0.0230094 -0.00944421 0.0968575 
qwerty 173 108 0 0.448822 -0.81712 -0.41694 2.95 -0.0230094 -0.00944421 0.0968575 
qwerty 173 108 0 0.448822 -0.977472 -0.482757 3.625 -0.0230094 -0.00944421 0.0968575 
qwerty 172 108 0 1.58606 -0.62384 -0.393655 2.275 -0.0182318 -0.0158939 0.0970308 
qwerty 172 108 0 1.58606 -0.75067 -0.504222 2.95 -0.0182318 -0.0158939 0.0970308 
qwerty 172 108 0 1.58606 -0.8775 -0.614789 3.625 -0.0182318 -0.0158939 0.0970308 
qwerty 172 108 0 1.45584 -0.978857 -0.703149 4.16443 -0.0349409 -0.0308574 0.0884701 
qwerty 172 108 0 1.45584 -1.0324 -0.750435 4.3 -0.0349409 -0.0308574 0.0884701 
qwerty 172 108 0 1.45584 -1.25 -0.942604 4.85096 -0.0349409 -0.0308574 0.0884701 
qwerty 172 108 0 1.45584 -1.29899 -0.985868 4.975 -0.0349409 -0.0308574 0.0884701 
qwerty 201 172 0.130226 0 -0.971692 -0.696713 4.17262 0.0566691 0.0508946 0.0647947 
qwerty 171 108 0 0.160352 -0.352689 -0.204461 0.925 -0.0274861 -0.0163683 0.0947449 
qwerty 169 5 0 32.1224 0.622005 0.248057 0.925 0.0502104 0.0126077 0.0855568 
qwerty 169 5 0 32.1224 1.01814 0.347525 1.6 0.0502104 0.0126077 0.0855568 
qwerty 169 5 0 32.1224 1.25 0.405745 1.99508 0.0502104 0.0126077 0.0855568 
qwerty 169 5 0 32.1224 1.41427 0.446994 2.275 0.0502104 0.0126077 0.0855568 
qwerty 206 169 1.38705 3.39905 1.4866 1.09488 2.7687 -0.0198675 0.0735268 0.0648004 
qwerty 206 169 0.157171 3.23132 1.47656 1.147 2.80742 -0.00700585 0.0782616 0.061855 
qwerty 206 169 0.197964 3.03335 1.46734 1.25 2.88883 0.0155424 0.0789184 0.0594165 
qwerty 206 169 0.132697 2.90066 1.48334 1.33125 2.95 0.0205082 0.0772564 0.0600905 
qwerty 206 169 0 2.66731 1.50304 1.3461 2.95 0.0484008 -0.0782794 0.0391113 
qwerty 206 169 0.661342 1.49757 1.36689 1.47893 2.63626 -0.0579674 0.0704757 -0.0409018 
qwerty 206 169 0.431517 1.06606 1.17438 1.60574 2.49305 -0.0541892 0.0573073 -0.0614769 
qwerty 206 169 0.124593 0.941462 1.13643 1.64587 2.45 -0.0525356 0.0467899 -0.0710684 
qwerty 210 206 0 0.0105593 1.49524 1.25 2.93384 0.0113821 0.0627535 0.0770223 
qwerty 210 206 0 0.0105593 1.49763 1.26316 2.95 0.0113821 0.0627535 0.0770223 
qwerty 209 206 0 0.309953 0.691839 1.02106 2.95 -0.0747582 0.0477319 0.0461831 
qwerty 208 206 0 18.0634 1.82904 0.728557 2.95 0.0486033 0.0372341 0.0790654 
qwerty 208 206 0 18.0634 2.24397 1.04643 3.625 0.0486033 0.0372341 0.0790654 
qwerty 215 208 0.933899 3.88647 2.2507 0.882799 4.3 0.0431267 -0.0394708 0.0811304 
qwerty 215 208 0.92481 2.70078 2.09247 1.0376 3.83057 -0.000388245 0.0378061 -0.0925772 
qwerty 215 208 0.042365 2.65842 2.09234 1.05008 3.8 0.00583931 0.0349358 -0.0935168 
qwerty 215 208 0.634379 1.0756 2.23422 0.892653 4.04977 0.0486101 -0.00249542 0.0873546 
qwerty 215 208 0.408127 0.667469 2.29136 0.947565 4.24737 -0.0551802 0.00190269 0.0833758 
qwerty 215 208 0.113917 0.553553 2.25652 0.948766 4.3 0.0131273 -0.0846329 0.0516231 
qwerty 215 208 0.010816 0.340239 2.26151 0.952523 4.29788 0.040464 0.0759741 -0.0508979 
qwerty 215 208 0.0902847 0.249955 2.26399 0.957752 4.29259 -0.0182247 0.083209 -0.0523844 
qwerty 215 208 0.024313 0.225642 2.26148 0.962759 4.28854 -0.0287156 0.0547617 -0.0785911 
qwerty 215 208 0.0172531 0.208388 2.25902 0.96732 4.2839 -0.00421013 0.0416178 -0.0908308 
qwerty 215 208 0.0232583 0.18513 2.2566 0.972276 4.27624 -0.0448439 0.0563509 -0.0693801 
qwerty 215 208 0.050214 0.134916 2.25552 0.981625 4.26564 0.0130753 0.0786875 -0.0603102 
qwerty 215 208 0.134916 0 2.25727 0.992184 4.25754 0.0130753 0.0786875 -0.0603102 
qwerty 168 5 0 0.441504 -1.25 0.991624 0.784982 -0.0857431 0.045882 0.0233016 
qwerty 168 5 0 0.441504 -1.76523 1.26733 0.925 -0.0857431 0.045882 0.0233016 
qwerty 168 5 0 0.441504 -4.24903 2.59644 1.6 -0.0857431 0.045882 0.0233016 
qwerty 168 5 0 0.189915 -4.05538 2.03972 2.275 0.042477 -0.0674907 0.0603383 
qwerty 167 42 0 0.580489 2.63333 1.57731 6.5 0.0528271 0.0245413 -0.0812836 
qwerty 167 42 0 0.580489 3.07202 1.78111 5.825 0.0528271 0.0245413 -0.0812836 
qwerty 167 42 0 0.580489 3.51071 1.98491 5.15 0.0528271 0.0245413 -0.0812836 
qwerty 167 42 0 0.580489 3.75 2.09607 4.78181 0.0528271 0.0245413 -0.0812836 
qwerty 167 42 0 0.580489 3.9494 2.18871 4.475 0.0528271 0.0245413 -0.0812836 
qwerty 219 167 0.0162629 0.415516 3.94465 2.18142 4.48144 -0.0141179 -0.0881872 0.0449857 
qwerty 219 167 0.0247775 0.390738 3.94247 2.17286 4.48728 -0.0313393 -0.092469 0.0216176 
qwerty 219 167 0.0225459 0.368192 3.93979 2.16175 4.48755 -0.0279725 -0.0906752 0.0315523 
qwerty 219 167 0.0209369 0.347255 3.93485 2.15261 4.49284 -0.0334126 -0.0937772 0.00945688 
qwerty 219 167 0.0205767 0.326679 3.93036 2.14393 4.49212 -0.0354872 -0.0912067 -0.0205423 
qwerty 219 167 0.0162027 0.310476 3.92925 2.13382 4.48907 -0.0560108 -0.0809872 -0.0174319 
qwerty 219 167 0.0173795 0.293097 3.92409 2.12509 4.48536 -0.0469566 -0.0813579 -0.0342922 
qwerty 219 167 0.0242547 0.268842 3.91722 2.11675 4.48098 -0.0451105 -0.0857641 -0.0246893 
qwerty 219 167 0.0198953 0.248947 3.91365 2.10758 4.47588 0.0142863 -0.092472 -0.0352822 
qwerty 219 167 0.00562477 0.243322 3.91401 2.10527 4.475 -0.00644721 -0.0838118 -0.0541666 
qwerty 166 42 0 0.480428 2.3695 1.42938 7 -0.0218758 -0.0264195 0.0939333 
qwerty 166 42 0 0.480428 2.2123 1.23953 7.675 -0.0218758 -0.0264195 0.0939333 
qwerty 166 42 0 0.480428 2.0551 1.04968 8.35 -0.0218758 -0.0264195 0.0939333 
qwerty 163 49 0 0.510999 0.26513 -1.25 3.81872 -0.0525905 -0.0816167 -0.0239365 
qwerty 163 49 0 0.510999 0.224001 -1.31383 3.8 -0.0525905 -0.0816167 -0.0239365 
qwerty 163 49 0 0.461836 -0.824216 -3.75 4.28585 -0.0384011 -0.090337 0.0190941 
qwerty 163 49 0 0.461836 -0.852667 -3.81693 4.3 -0.0384011 -0.090337 0.0190941 
qwerty 162 49 0 0.206284 1.25 0.528874 4.8611 -0.0467958 -0.0323795 0.0822297 
qwerty 162 49 0 0.206284 1.18518 0.484024 4.975 -0.0467958 -0.0323795 0.0822297 
qwerty 160 88 0 0.510999 2.3237 0.269587 4.3 0.0750669 -0.0299351 0.058897 
qwerty 160 88 0 0.510999 3.18402 -0.0734903 4.975 0.0750669 -0.0299351 0.058897 
qwerty 160 88 0 0.510999 4.04434 -0.416567 5.65 0.0750669 -0.0299351 0.058897 
qwerty 160 88 0 0.510999 4.90466 -0.759644 6.325 0.0750669 -0.0299351 0.058897 
qwerty 160 88 0 0.510999 5.76497 -1.10272 7 0.0750669 -0.0299351 0.058897 
qwerty 159 88 0 0.510999 1.68643 0.523718 3.8 -0.0750669 0.0299351 -0.058897 
qwerty 159 88 0 0.510999 1.25 0.697756 3.45758 -0.0750669 0.0299351 -0.058897 
qwerty 159 88 0 0.510999 0.826108 0.866795 3.125 -0.0750669 0.0299351 -0.058897 
qwerty 159 88 0 0.510999 -0.0342111 1.20987 2.45 -0.0750669 0.0299351 -0.058897 
qwerty 159 88 0 0.510999 -0.89453 1.55295 1.775 -0.0750669 0.0299351 -0.058897 
qwerty 159 88 0 0.200771 -1.4027 1.7556 1.3763 -0.0111603 -0.0685466 0.07195 
qwerty 159 88 0 0.200771 -1.43739 1.54247 1.6 -0.0111603 -0.0685466 0.07195 
qwerty 232 159 0.310228 0 -1.43163 1.77887 1.34062 -0.0561823 0.0452013 -0.0692848 
qwerty 157 88 0 1.83363 2.72065 -0.3187 4.975 0.0518381 -0.0618971 0.0590047 
qwerty 157 88 0 0.186622 3.75 -0.172828 4.70805 -0.0913268 0.000391526 -0.040734 
qwerty 157 88 0 0.143594 3.7263 -0.172727 4.69748 -0.0368069 -0.0850229 0.0376347 
qwerty 157 88 0 0.143594 3.45489 -0.799684 4.975 -0.0368069 -0.0850229 0.0376347 
qwerty 237 157 0.0430277 0 3.72529 -0.171669 4.69636 -0.0549277 0.0573732 -0.0607558 
qwerty 154 91 0 0.510999 1.86687 -0.369688 2.95 0.00756235 0.0947503 0.0310677 
qwerty 154 91 0 0.510999 2.03118 1.68893 3.625 0.00756235 0.0947503 0.0310677 
qwerty 153 91 0 0.182018 1.82213 -0.930312 2.76618 -0.0433924 0.090004 -0.00404623 
qwerty 153 91 0 0.182018 0.770965 1.25 2.66816 -0.0433924 0.090004 -0.00404623 
qwerty 153 91 0 0.154976 -0.343426 3.56146 2.56424 0.000734559 0.060608 0.079537 
qwerty 153 91 0 0.154976 -0.341141 3.75 2.81167 0.000734559 0.060608 0.079537 
qwerty 153 91 0 0.154976 -0.339863 3.85541 2.95 0.000734559 0.060608 0.079537 
qwerty 243 153 0.0270423 0 -0.343809 3.56179 2.56362 -0.0475692 0.0414987 -0.0775566 
qwerty 242 153 0.328981 0 1.82554 -0.985094 2.75338 0.00605078 -0.0971993 -0.0227086 
qwerty 151 91 0 0.260351 1.85241 -0.0427023 2.95 0.0376286 -0.0672347 0.0637463 
qwerty 150 107 0 0.510999 1.20743 1.89603 1.6 0.0611211 0.0771211 0.0177919 
qwerty 149 107 0 0.510999 0.695429 1.25 1.45096 -0.0611211 -0.0771211 -0.0177919 
qwerty 149 107 0 0.510999 -0.510234 -0.271275 1.1 -0.0611211 -0.0771211 -0.0177919 
qwerty 148 107 0 0.195774 0.729295 -0.247028 1.6 0.00672032 -0.0705721 0.0705295 
qwerty 147 109 0 0.510999 -3.84885 -0.973869 6.5 0.00663907 0.0248057 -0.0966468 
qwerty 147 109 0 0.510999 -3.80249 -0.800621 5.825 0.00663907 0.0248057 -0.0966468 
qwerty 146 109 0 0.510999 -3.92957 -1.27545 7.675 -0.00663907 -0.0248057 0.0966468 
qwerty 146 109 0 0.510999 -3.97594 -1.4487 8.35 -0.00663907 -0.0248057 0.0966468 
qwerty 146 109 0 0.510999 -4.02231 -1.62194 9.025 -0.00663907 -0.0248057 0.0966468 
qwerty 146 109 0 0.510999 -4.06868 -1.79519 9.7 -0.00663907 -0.0248057 0.0966468 
qwerty 146 109 0 0.510999 -4.11504 -1.96844 10.375 -0.00663907 -0.0248057 0.0966468 
qwerty 146 109 0 0.393524 -3.59181 -2.40907 11.05 0.0601383 -0.0469143 0.0646718 
qwerty 146 109 0 0.393524 -2.96413 -2.89873 11.725 0.0601383 -0.0469143 0.0646718 
qwerty 146 109 0 0.393524 -2.33645 -3.38839 12.4 0.0601383 -0.0469143 0.0646718 
qwerty 146 109 0 0.393524 -1.70876 -3.87805 13.075 0.0601383 -0.0469143 0.0646718 
qwerty 145 109 0 0.194457 -3.8946 -0.919301 7.675 -0.000495129 0.0384072 0.092329 
qwerty 142 109 0.00029101 0 -3.65965 -1.19042 6.91609 -0.0818467 -0.0014267 0.0574377 
qwerty 257 142 0.00331023 0 -3.65967 -1.19042 6.91608 -0.0761704 0.0327064 -0.0559318 
qwerty 141 109 0 0.204828 -3.58497 -1.40269 6.70663 0.0583602 -0.0477224 -0.0657013 
qwerty 141 109 0 0.204828 -3.40142 -1.55277 6.5 0.0583602 -0.0477224 -0.0657013 
qwerty 258 141 0.279757 0.167053 -3.6349 -1.35794 6.77064 0.00232393 -0.0160416 0.0986776 
qwerty 258 141 0.167053 0 -3.63445 -1.36101 6.78954 0.00232393 -0.0160416 0.0986776 
qwerty 140 109 0 0.487675 -3.90096 -2.29178 7 -0.0660831 -0.0657884 0.0361236 
qwerty 140 109 0 0.487675 -5.08839 -3.49886 7.675 -0.0650389 -0.0662672 0.0371295 
qwerty 140 109 0 0.487675 -6.27077 -4.70357 8.35 -0.0650389 -0.0662672 0.0371295 
qwerty 139 109 0 0.621764 -3.42611 -1.57189 7 -0.0652523 -0.0351537 0.0671294 
qwerty 139 109 0 0.621764 -3.75 -1.74638 7.33321 -0.0652523 -0.0351537 0.0671294 
qwerty 139 109 0 0.332378 -3.79123 -1.7686 7.37563 -0.0545442 -0.0694034 -0.0469904 
qwerty 139 109 0 0.332378 -4.02411 -2.06492 7.175 -0.0545442 -0.0694034 -0.0469904 
qwerty 139 109 0 0.161941 -4.60941 -2.80967 6.67076 0.0293614 0.00126238 0.0955841 
qwerty 139 109 0 0.161941 -4.50828 -2.80532 7 0.0293614 0.00126238 0.0955841 
qwerty 262 139 0.170437 0 -4.61946 -2.81989 6.65711 -0.0507615 -0.0516232 -0.0689805 
qwerty 261 139 0.0561941 0.233192 -3.80366 -1.77119 7.39141 -0.0404547 -0.0277378 0.0871437 
qwerty 261 139 0.119469 0.113723 -3.81792 -1.75674 7.42048 -0.00779071 -0.00643146 0.0994884 
qwerty 261 139 0.113723 0 -3.8187 -1.75738 7.43048 -0.00779071 -0.00643146 0.0994884 
qwerty 138 109 0 1.88809 -3.12735 -1.3785 7 -0.0439545 -0.0165267 0.0882885 
qwerty 138 109 0 1.88809 -3.4634 -1.50485 7.675 -0.0439545 -0.0165267 0.0882885 
qwerty 138 109 0 1.88809 -3.79944 -1.6312 8.35 -0.0439545 -0.0165267 0.0882885 
qwerty 138 109 0 1.88809 -4.13549 -1.75756 9.025 -0.0439545 -0.0165267 0.0882885 
qwerty 138 109 0 0.756236 -3.81209 -1.9469 9.7 0.0456625 -0.0244429 0.0855423 
qwerty 138 109 0 0.756236 -3.45177 -2.13978 10.375 0.0456625 -0.0244429 0.0855423 
qwerty 138 109 0 0.705748 -3.20687 -2.17889 11.05 0.0300309 0.000569224 0.0953825 
qwerty 138 109 0 0.705748 -2.99435 -2.17487 11.725 0.0300309 0.000569224 0.0953825 
qwerty 138 109 0 0.471897 -3.1183 -2.6246 12.4 -0.0229404 -0.0622582 0.0748175 
qwerty 138 109 0 0.471897 -3.32526 -3.18629 13.075 -0.0229404 -0.0622582 0.0748175 
qwerty 138 109 0 0.471897 -3.53223 -3.74799 13.75 -0.0229404 -0.0622582 0.0748175 
qwerty 138 109 0 0.426443 -3.75 -4.10649 14.0138 -0.0532595 -0.074748 0.0397009 
qwerty 138 109 0 0.426443 -4.30158 -4.88061 14.425 -0.0532595 -0.074748 0.0397009 
qwerty 137 109 0 7.224 -3.21722 -1.37971 7 -0.0538451 -0.0156694 0.082796 
qwerty 137 109 0 3.83011 -3.52525 -1.68492 7.675 -0.0330844 -0.0443458 0.0832999 
qwerty 137 109 0 3.83011 -3.79334 -2.04427 8.35 -0.0330844 -0.0443458 0.0832999 
qwerty 137 109 0 3.83011 -4.06144 -2.40361 9.025 -0.0330844 -0.0443458 0.0832999 
qwerty 137 109 0 3.83011 -4.32953 -2.76296 9.7 -0.0330844 -0.0443458 0.0832999 
qwerty 137 109 0 3.83011 -4.59762 -3.1223 10.375 -0.0330844 -0.0443458 0.0832999 
qwerty 137 109 0 3.83011 -4.86571 -3.48165 11.05 -0.0330844 -0.0443458 0.0832999 
qwerty 137 109 0 1.68565 -5.01706 -3.68452 11.4311 0.00538173 -0.00380813 0.0997824 
qwerty 137 109 0 1.68565 -5.00121 -3.69573 11.725 0.00538173 -0.00380813 0.0997824 
qwerty 137 109 0 1.68565 -4.9648 -3.72149 12.4 0.00538173 -0.00380813 0.0997824 
qwerty 137 109 0 1.68565 -4.9284 -3.74725 13.075 0.00538173 -0.00380813 0.0997824 
qwerty 137 109 0 0.344033 -6.8395 -1.40038 13.7214 -0.0361571 0.0746114 -0.0559089 
qwerty 137 109 0 0.344033 -6.91238 -1.25 13.6087 -0.0361571 0.0746114 -0.0559089 
qwerty 137 109 0 0.344033 -7.14435 -0.771316 13.25 -0.0361571 0.0746114 -0.0559089 
qwerty 274 137 0.0966481 0 -6.84292 -1.39859 13.7279 -0.0449838 0.0236219 0.0861305 
qwerty 272 137 0.634475 1.50999 -5.13265 -3.88467 11.6996 -0.0478865 0.0193579 0.085628 
qwerty 272 137 0.106072 1.40392 -5.14684 -3.87894 11.725 -0.0345915 0.0119111 0.0930675 
qwerty 271 137 0.691221 2.12695 -3.28585 -1.49209 7.59094 0.0231433 0.00521353 0.0971453 
qwerty 271 137 0.122707 2.00424 -3.26583 -1.48758 7.675 0.0346955 0.00600721 0.0935956 
qwerty 276 271 0 0.360923 -3.32315 -1.54974 7.675 0.000741487 -0.026233 0.096495 
qwerty 135 109 0 1.08327 -3.07906 -1.42678 7 -0.0379929 -0.0237304 0.0894058 
qwerty 135 109 0 1.08327 -3.36591 -1.60594 7.675 -0.0379929 -0.0237304 0.0894058 
qwerty 135 109 0 1.08327 -3.65275 -1.7851 8.35 -0.0379929 -0.0237304 0.0894058 
qwerty 135 109 0 1.08327 -3.75 -1.84584 8.57886 -0.0379929 -0.0237304 0.0894058 
qwerty 135 109 0 1.08327 -3.93959 -1.96426 9.025 -0.0379929 -0.0237304 0.0894058 
qwerty 135 109 0 1.08327 -4.22643 -2.14342 9.7 -0.0379929 -0.0237304 0.0894058 
qwerty 135 109 0 1.08327 -4.51327 -2.32258 10.375 -0.0379929 -0.0237304 0.0894058 
qwerty 135 109 0 1.08327 -4.80011 -2.50174 11.05 -0.0379929 -0.0237304 0.0894058 
qwerty 135 109 0 1.08327 -5.08695 -2.68091 11.725 -0.0379929 -0.0237304 0.0894058 
qwerty 135 109 0 1.08327 -5.37379 -2.86007 12.4 -0.0379929 -0.0237304 0.0894058 
qwerty 135 109 0 1.08327 -5.66063 -3.03923 13.075 -0.0379929 -0.0237304 0.0894058 
qwerty 135 109 0 1.08327 -5.94747 -3.21839 13.75 -0.0379929 -0.0237304 0.0894058 
qwerty 135 109 0 1.08327 -6.23431 -3.39755 14.425 -0.0379929 -0.0237304 0.0894058 
qwerty 135 109 0 0.90408 -6.40583 -3.30701 15.1 -0.0229329 0.01627 0.0959654 
qwerty 135 109 0 0.203567 -6.04469 -3.39756 14.6 0.0534962 -0.014904 -0.0831627 
qwerty 133 109 0 27.2687 -2.87225 -1.21435 6.325 -0.0656633 -0.0177148 0.0733111 
qwerty 133 109 0 27.2687 -3.47683 -1.37746 7 -0.0656633 -0.0177148 0.0733111 
qwerty 133 109 0 27.2687 -3.75 -1.45115 7.30498 -0.0656633 -0.0177148 0.0733111 
qwerty 133 109 0 27.2687 -4.08142 -1.54056 7.675 -0.0656633 -0.0177148 0.0733111 
qwerty 133 109 0 27.2687 -4.686 -1.70367 8.35 -0.0656633 -0.0177148 0.0733111 
qwerty 133 109 0 0.590219 -7.29263 -2.22169 7.85 -0.0768719 -0.010153 -0.0631477 
qwerty 133 109 0 0.590219 -8.11433 -2.33022 7.175 -0.0768719 -0.010153 -0.0631477 
qwerty 133 109 0 0.514629 -8.85657 -2.10824 6.5 -0.0697611 0.0293873 -0.0653435 
qwerty 133 109 0 0.514629 -9.5772 -1.80467 5.825 -0.0697611 0.0293873 -0.0653435 
qwerty 293 285 0 0.634169 -3.75 -1.26287 8.67408 0.0832846 0.05266 0.017047 
qwerty 293 285 0 0.634169 -2.03555 -0.17884 9.025 0.0832846 0.05266 0.017047 
qwerty 292 285 0 22.2704 -5.49638 -1.63149 9.025 -0.0774723 0.00967557 0.0624854 
qwerty 292 285 0 22.2704 -6.33328 -1.52697 9.7 -0.0774723 0.00967557 0.0624854 
qwerty 292 285 0 22.2704 -7.17018 -1.42245 10.375 -0.0774723 0.00967557 0.0624854 
qwerty 292 285 0 22.2704 -8.00707 -1.31793 11.05 -0.0774723 0.00967557 0.0624854 
qwerty 292 285 0 22.2704 -8.75 -1.22514 11.6492 -0.0774723 0.00967557 0.0624854 
qwerty 292 285 0 22.2704 -8.84397 -1.21341 11.725 -0.0774723 0.00967557 0.0624854 
qwerty 292 285 0 22.2704 -9.68087 -1.10889 12.4 -0.0774723 0.00967557 0.0624854 
qwerty 292 285 0 22.2704 -10.5178 -1.00437 13.075 -0.0774723 0.00967557 0.0624854 
qwerty 297 292 0.87713 8.92592 -10.7425 -0.795684 13.75 -0.0030066 0.00633857 0.0997536 
qwerty 297 292 1.24349 4.3098 -11.0556 -1.3414 14.1767 -0.00510803 -0.0884175 0.0464355 
qwerty 297 292 0.915162 3.39463 -11.0829 -1.81423 14.425 0.049962 -0.0821222 -0.0275633 
qwerty 297 292 0.925182 2.46945 -10.9401 -2.26763 14.2473 -0.00390329 -0.0988519 0.0145968 
qwerty 297 292 0.618751 1.8507 -10.9981 -2.62617 14.4144 -0.0779293 -0.0602648 0.0171805 
qwerty 297 292 0.124125 1.72658 -11.0464 -2.66352 14.425 -0.0626421 -0.0774217 0.00904674 
qwerty 300 297 0.344887 0 -11.1044 -1.35141 14.2111 -0.0572118 0.00391802 0.0819235 
qwerty 132 109 0 2.31219 -2.87909 -1.21792 6.325 -0.0660919 -0.0181057 0.0728289 
qwerty 132 109 0 0.67511 -2.76624 -1.25 6.63739 0.0350426 -0.00940945 0.0931852 
qwerty 132 109 0 0.67511 -2.62988 -1.28661 7 0.0350426 -0.00940945 0.0931852 
qwerty 132 109 0 0.67511 -2.37604 -1.35477 7.675 0.0350426 -0.00940945 0.0931852 
qwerty 132 109 0 0.67511 -2.12221 -1.42293 8.35 0.0350426 -0.00940945 0.0931852 
qwerty 132 109 0 0.67511 -1.86837 -1.49109 9.025 0.0350426 -0.00940945 0.0931852 
qwerty 132 109 0 0.67511 -1.61454 -1.55925 9.7 0.0350426 -0.00940945 0.0931852 
qwerty 132 109 0 0.67511 -1.3607 -1.62741 10.375 0.0350426 -0.00940945 0.0931852 
qwerty 132 109 0 0.219212 -3.37446 -1.55333 9.875 -0.0967955 0.00363908 -0.0248472 
qwerty 303 132 0.0396886 0.554138 -2.88563 -1.24584 6.30772 -0.0307421 -0.0819931 -0.0482913 
qwerty 303 132 0.0577872 0.496351 -2.89734 -1.26164 6.29328 -0.00961351 -0.0459396 -0.0883014 
qwerty 303 132 0.0304779 0.465873 -2.90266 -1.27594 6.27702 0.0359195 -0.0843342 -0.0399691 
qwerty 303 132 0.0385003 0.427373 -2.8897 -1.30009 6.27481 0.0164296 -0.0985372 -0.00452714 
qwerty 303 132 0.0854678 0.341905 -2.89049 -1.32558 6.27434 0.00890216 -0.0995935 0.00137522 
qwerty 303 132 0.102386 0.239519 -2.87918 -1.35143 6.28077 0.00526692 -0.063426 0.0771324 
qwerty 303 132 0.05887 0.180649 -2.88469 -1.36164 6.29872 -0.0577365 -0.0361447 0.0732124 
qwerty 303 132 0.0523473 0.128302 -2.88648 -1.36577 6.31785 -0.0527497 -0.0692545 0.0492066 
qwerty 303 132 0.128302 0 -2.89298 -1.37431 6.32392 -0.0527497 -0.0692545 0.0492066 
qwerty 131 109 0 4.88023 -2.87823 -1.25615 6.325 -0.0654289 -0.0224706 0.072209 
qwerty 131 109 0 4.88023 -3.48985 -1.46621 7 -0.0654289 -0.0224706 0.072209 
qwerty 131 109 0 4.88023 -3.75 -1.55555 7.28711 -0.0654289 -0.0224706 0.072209 
qwerty 131 109 0 4.88023 -4.10147 -1.67626 7.675 -0.0654289 -0.0224706 0.072209 
qwerty 131 109 0 4.88023 -4.71309 -1.88631 8.35 -0.0654289 -0.0224706 0.072209 
qwerty 131 109 0 4.88023 -5.32471 -2.09636 9.025 -0.0654289 -0.0224706 0.072209 
qwerty 131 109 0 4.88023 -5.93633 -2.30641 9.7 -0.0654289 -0.0224706 0.072209 
qwerty 131 109 0 4.88023 -6.25 -2.41414 10.0462 -0.0654289 -0.0224706 0.072209 
qwerty 131 109 0 4.88023 -6.54795 -2.51647 10.375 -0.0654289 -0.0224706 0.072209 
qwerty 131 109 0 4.88023 -7.15957 -2.72652 11.05 -0.0654289 -0.0224706 0.072209 
qwerty 131 109 0 4.88023 -7.77119 -2.93657 11.725 -0.0654289 -0.0224706 0.072209 
qwerty 308 306 0 0.589708 -7.5459 -3.29316 11.225 0.0301269 -0.0525213 -0.0795857 
qwerty 308 306 0 0.434569 -7.46921 -3.42684 11.0224 -0.0227343 0.00295433 -0.0973367 
qwerty 308 306 0 0.434569 -7.57956 -3.4125 10.55 -0.0227343 0.00295433 -0.0973367 
qwerty 308 306 0 0.434569 -7.73721 -3.39202 9.875 -0.0227343 0.00295433 -0.0973367 
qwerty 308 306 0 0.434569 -7.89487 -3.37153 9.2 -0.0227343 0.00295433 -0.0973367 
qwerty 308 306 0 0.434569 -8.05252 -3.35104 8.525 -0.0227343 0.00295433 -0.0973367 
qwerty 309 308 0.0672898 0.0878496 -7.46616 -3.44471 11.03 0.0549464 -0.0332015 0.0766717 
qwerty 309 308 0.0878496 0 -7.46261 -3.44686 11.0349 0.0549464 -0.0332015 0.0766717 
qwerty 130 109 0 24.1871 -2.75007 -1.19364 6.325 -0.0564883 -0.0170874 0.0807285 
qwerty 128 109 0 0.285627 -2.25834 -1.03891 5.65 -0.0513277 -0.0201483 0.0834237 
qwerty 127 109 0 11.2846 -2.25364 -1.06737 5.65 -0.0501622 -0.0244067 0.0829944 
qwerty 127 109 0 11.2846 -2.66161 -1.26588 6.325 -0.0501622 -0.0244067 0.0829944 
qwerty 127 109 0 11.2846 -3.06958 -1.46438 7 -0.0501622 -0.0244067 0.0829944 
qwerty 127 109 0 11.2846 -3.47755 -1.66288 7.675 -0.0501622 -0.0244067 0.0829944 
qwerty 127 109 0 11.2846 -3.88553 -1.86138 8.35 -0.0501622 -0.0244067 0.0829944 
qwerty 127 109 0 11.2846 -4.2935 -2.05988 9.025 -0.0501622 -0.0244067 0.0829944 
qwerty 127 109 0 11.2846 -4.70147 -2.25838 9.7 -0.0501622 -0.0244067 0.0829944 
qwerty 127 109 0 11.2846 -5.10945 -2.45689 10.375 -0.0501622 -0.0244067 0.0829944 
qwerty 127 109 0 11.2846 -5.51742 -2.65539 11.05 -0.0501622 -0.0244067 0.0829944 
qwerty 127 109 0 11.2846 -5.92539 -2.85389 11.725 -0.0501622 -0.0244067 0.0829944 
qwerty 127 109 0 11.2846 -6.33337 -3.05239 12.4 -0.0501622 -0.0244067 0.0829944 
qwerty 127 109 0 11.2846 -6.74134 -3.25089 13.075 -0.0501622 -0.0244067 0.0829944 
qwerty 127 109 0 11.2846 -7.14931 -3.4494 13.75 -0.0501622 -0.0244067 0.0829944 
qwerty 127 109 0 11.2846 -7.55729 -3.6479 14.425 -0.0501622 -0.0244067 0.0829944 
qwerty 127 109 0 11.2846 -7.76713 -3.75 14.7722 -0.0501622 -0.0244067 0.0829944 
qwerty 127 109 0 11.2846 -7.96526 -3.8464 15.1 -0.0501622 -0.0244067 0.0829944 
qwerty 127 109 0 11.2846 -8.37323 -4.0449 15.775 -0.0501622 -0.0244067 0.0829944 
qwerty 127 109 0 11.2846 -8.7812 -4.2434 16.45 -0.0501622 -0.0244067 0.0829944 
qwerty 127 109 0 11.2846 -9.18918 -4.4419 17.125 -0.0501622 -0.0244067 0.0829944 
qwerty 127 109 0 11.2846 -9.59715 -4.64041 17.8 -0.0501622 -0.0244067 0.0829944 
qwerty 127 109 0 11.2846 -10.0051 -4.83891 18.475 -0.0501622 -0.0244067 0.0829944 
qwerty 127 109 0 11.2846 -10.4131 -5.03741 19.15 -0.0501622 -0.0244067 0.0829944 
qwerty 127 109 0 11.2846 -10.8211 -5.23591 19.825 -0.0501622 -0.0244067 0.0829944 
qwerty 127 109 0 11.2846 -11.229 -5.43441 20.5 -0.0501622 -0.0244067 0.0829944 
qwerty 127 109 0 11.2846 -11.637 -5.63292 21.175 -0.0501622 -0.0244067 0.0829944 
qwerty 127 109 0 11.2846 -12.045 -5.83142 21.85 -0.0501622 -0.0244067 0.0829944 
qwerty 127 109 0 11.2846 -12.453 -6.02992 22.525 -0.0501622 -0.0244067 0.0829944 
qwerty 127 109 0 11.2846 -12.8609 -6.22842 23.2 -0.0501622 -0.0244067 0.0829944 
qwerty 127 109 0 11.2846 -13.2689 -6.42692 23.875 -0.0501622 -0.0244067 0.0829944 
qwerty 127 109 0 11.2846 -13.6769 -6.62542 24.55 -0.0501622 -0.0244067 0.0829944 
qwerty 127 109 0 11.2846 -14.0849 -6.82393 25.225 -0.0501622 -0.0244067 0.0829944 
qwerty 127 109 0 11.2846 -14.4928 -7.02243 25.9 -0.0501622 -0.0244067 0.0829944 
qwerty 323 320 0 0.257032 -14.9936 -7.29695 25.4 -0.0676955 -0.0199551 -0.0708457 
qwerty 322 320 0 0.72257 -12.0075 -6.9583 25.4 0.0965817 0.00315785 -0.0257294 
qwerty 322 320 0 0.72257 -11.25 -6.93353 25.1982 0.0965817 0.00315785 -0.0257294 
qwerty 322 320 0 0.565555 -10.6942 -6.91536 25.0501 0.0900873 -0.0379005 0.021162 
qwerty 322 320 0 0.565555 -9.94979 -7.22853 25.225 0.0900873 -0.0379005 0.021162 
qwerty 327 322 0.157015 0 -10.6866 -6.90583 25.0379 0.0437823 0.0551218 -0.0710261 
qwerty 126 109 0 1.09723 -2.19857 -1.05195 5.65 -0.0442203 -0.0231302 0.0866577 
qwerty 126 109 0 1.09723 -2.54301 -1.23211 6.325 -0.0442203 -0.0231302 0.0866577 
qwerty 126 109 0 1.09723 -2.88746 -1.41228 7 -0.0442203 -0.0231302 0.0866577 
qwerty 126 109 0 1.09723 -3.2319 -1.59245 7.675 -0.0442203 -0.0231302 0.0866577 
qwerty 126 109 0 1.09723 -3.57634 -1.77262 8.35 -0.0442203 -0.0231302 0.0866577 
qwerty 126 109 0 1.09723 -3.75 -1.86345 8.69031 -0.0442203 -0.0231302 0.0866577 
qwerty 126 109 0 1.09723 -3.92079 -1.95278 9.025 -0.0442203 -0.0231302 0.0866577 
qwerty 126 109 0 1.09723 -4.26523 -2.13295 9.7 -0.0442203 -0.0231302 0.0866577 
qwerty 126 109 0 1.09723 -4.60967 -2.31312 10.375 -0.0442203 -0.0231302 0.0866577 
qwerty 126 109 0 1.09723 -4.95412 -2.49329 11.05 -0.0442203 -0.0231302 0.0866577 
qwerty 126 109 0 1.09723 -5.29856 -2.67345 11.725 -0.0442203 -0.0231302 0.0866577 
qwerty 126 109 0 1.09723 -5.643 -2.85362 12.4 -0.0442203 -0.0231302 0.0866577 
qwerty 126 109 0 0.973997 -6.25 -3.01066 12.9673 -0.0719423 -0.0185368 0.0669379 
qwerty 126 109 0 0.973997 -6.3658 -3.0405 13.075 -0.0719423 -0.0185368 0.0669379 
qwerty 126 109 0 0.973997 -7.09126 -3.22742 13.75 -0.0719423 -0.0185368 0.0669379 
qwerty 126 109 0 0.973997 -7.81672 -3.41434 14.425 -0.0719423 -0.0185368 0.0669379 
qwerty 126 109 0 0.973997 -8.54219 -3.60127 15.1 -0.0719423 -0.0185368 0.0669379 
qwerty 126 109 0 0.973997 -8.75 -3.65481 15.2934 -0.0719423 -0.0185368 0.0669379 
qwerty 126 109 0 0.973997 -9.26765 -3.78819 15.775 -0.0719423 -0.0185368 0.0669379 
qwerty 126 109 0 0.973997 -9.99312 -3.97512 16.45 -0.0719423 -0.0185368 0.0669379 
qwerty 126 109 0 0.973997 -10.7186 -4.16204 17.125 -0.0719423 -0.0185368 0.0669379 
qwerty 126 109 0 0.973997 -11.444 -4.34896 17.8 -0.0719423 -0.0185368 0.0669379 
qwerty 126 109 0 0.450353 -11.9456 -4.4782 18.2667 0.012417 -0.0871311 0.0474762 
qwerty 126 109 0 0.450353 -11.8911 -4.86055 18.475 0.012417 -0.0871311 0.0474762 
qwerty 126 109 0 0.450353 -11.7146 -6.09934 19.15 0.012417 -0.0871311 0.0474762 
qwerty 126 109 0 0.390264 -11.25 -6.69677 19.821 0.0528966 -0.0496985 0.0687896 
qwerty 126 109 0 0.390264 -11.2469 -6.69969 19.825 0.0528966 -0.0496985 0.0687896 
qwerty 332 126 0.327068 0.196576 -12.0751 -4.5274 18.2757 -0.0744038 -0.0411255 0.052657 
qwerty 332 126 0.196576 0 -12.0937 -4.53768 18.2889 -0.0744038 -0.0411255 0.052657 
qwerty 125 109 0 0.876814 -2.22773 -1.05807 5.65 -0.047186 -0.0234674 0.0849869 
qwerty 125 109 0 0.876814 -2.6025 -1.24446 6.325 -0.047186 -0.0234674 0.0849869 
qwerty 125 109 0 0.876814 -2.97727 -1.43085 7 -0.047186 -0.0234674 0.0849869 
qwerty 125 109 0 0.876814 -3.35204 -1.61724 7.675 -0.047186 -0.0234674 0.0849869 
qwerty 125 109 0 0.391432 -3.53823 -1.70984 8.01036 -0.08152 -0.0513412 -0.026806 
qwerty 125 109 0 0.391432 -4.02591 -2.01697 7.85 -0.08152 -0.0513412 -0.026806 
qwerty 335 125 0.298074 0.187308 -3.57649 -1.65904 8.08968 -0.09996 0.000534885 -0.00277786 
qwerty 335 125 0.187308 0 -3.59959 -1.65891 8.08904 -0.09996 0.000534885 -0.00277786 
qwerty 123 109 0 1.65503 -1.78751 -0.882842 4.975 -0.0402967 -0.0279336 0.0871544 
qwerty 123 109 0 1.65503 -2.09961 -1.09918 5.65 -0.0402967 -0.0279336 0.0871544 
qwerty 123 109 0 1.65503 -2.4117 -1.31553 6.325 -0.0402967 -0.0279336 0.0871544 
qwerty 123 109 0 1.65503 -2.72379 -1.53187 7 -0.0402967 -0.0279336 0.0871544 
qwerty 123 109 0 1.65503 -3.03589 -1.74821 7.675 -0.0402967 -0.0279336 0.0871544 
qwerty 123 109 0 1.65503 -3.34798 -1.96455 8.35 -0.0402967 -0.0279336 0.0871544 
qwerty 123 109 0 1.01261 -3.63306 -1.77452 9.025 -0.0372838 0.0247479 0.0894285 
qwerty 123 109 0 1.01261 -3.91448 -1.58773 9.7 -0.0372838 0.0247479 0.0894285 
qwerty 123 109 0 1.01261 -4.19589 -1.40093 10.375 -0.0372838 0.0247479 0.0894285 
qwerty 123 109 0 1.01261 -4.42327 -1.25 10.9204 -0.0372838 0.0247479 0.0894285 
qwerty 123 109 0 1.01261 -4.47731 -1.21414 11.05 -0.0372838 0.0247479 0.0894285 
qwerty 123 109 0 1.01261 -4.75872 -1.02734 11.725 -0.0372838 0.0247479 0.0894285 
qwerty 123 109 0 0.876832 -5.2852 -0.508299 12.4 -0.0530281 0.0527428 0.0663793 
qwerty 123 109 0 0.876832 -5.82443 0.0280343 13.075 -0.0530281 0.0527428 0.0663793 
qwerty 123 109 0 0.365133 -5.32519 2.3691 12.575 0.0251621 0.0931423 -0.0262941 
qwerty 122 109 0 0.087843 -1.47958 -0.669962 4.3 -0.0377101 -0.0247892 0.0892381 
qwerty 121 109 0 0.399396 -1.46393 -0.642642 4.3 -0.0356648 -0.0203091 0.0911897 
qwerty 121 109 0 0.399396 -1.72792 -0.792973 4.975 -0.0356648 -0.0203091 0.0911897 
qwerty 121 109 0 0.399396 -1.99192 -0.943303 5.65 -0.0356648 -0.0203091 0.0911897 
qwerty 119 109 0 0.513787 -1.14929 -0.522555 3.625 -0.0230149 -0.011292 0.0966582 
qwerty 119 109 0 0.513787 -1.31001 -0.601411 4.3 -0.0230149 -0.011292 0.0966582 
qwerty 119 109 0 0.513787 -1.47074 -0.680268 4.975 -0.0230149 -0.011292 0.0966582 
qwerty 118 109 0 1.00972 -1.18334 -0.496521 3.625 -0.0277295 -0.00749201 0.0957859 
qwerty 118 109 0 1.00972 -1.37875 -0.549316 4.3 -0.0277295 -0.00749201 0.0957859 
qwerty 118 109 0 1.00972 -1.57416 -0.602112 4.975 -0.0277295 -0.00749201 0.0957859 
qwerty 118 109 0 1.00972 -1.76956 -0.654908 5.65 -0.0277295 -0.00749201 0.0957859 
qwerty 118 109 0 1.00972 -1.96497 -0.707704 6.325 -0.0277295 -0.00749201 0.0957859 
qwerty 118 109 0 1.00972 -2.16038 -0.7605 7 -0.0277295 -0.00749201 0.0957859 
qwerty 118 109 0 1.00972 -2.35579 -0.813296 7.675 -0.0277295 -0.00749201 0.0957859 
qwerty 117 109 0 0.646805 -0.986308 -0.438873 2.95 -0.0274124 -0.00803581 0.0958331 
qwerty 117 109 0 0.646805 -1.17939 -0.495473 3.625 -0.0274124 -0.00803581 0.0958331 
qwerty 117 109 0 0.646805 -1.37247 -0.552073 4.3 -0.0274124 -0.00803581 0.0958331 
qwerty 117 109 0 0.646805 -1.56555 -0.608674 4.975 -0.0274124 -0.00803581 0.0958331 
qwerty 117 109 0 0.397107 -1.63974 -0.630424 5.23439 -0.0411805 0.0779114 0.047265 
qwerty 117 109 0 0.377976 -1.90406 -0.130348 5.53776 -0.0418667 0.0898479 0.0132111 
qwerty 117 109 0 0.377976 -2.25976 0.632997 5.65 -0.0418667 0.0898479 0.0132111 
qwerty 350 117 0.0191311 0 -1.90408 -0.130441 5.53818 -0.0037445 -0.021407 0.09761 
qwerty 349 117 0.249697 0 -1.64064 -0.653947 5.26252 -0.00244436 -0.0641285 0.0766914 
qwerty 116 109 0 1.25854 -0.775419 -0.388325 2.275 -0.02869 -0.0104507 0.0952243 
qwerty 115 109 0 0.191364 -0.571794 -0.313172 1.6 -0.0253519 -0.0140479 0.0957076 
qwerty 114 109 0 1.50386 -0.607054 -0.312186 1.6 -0.0313251 -0.0135658 0.0939931 
qwerty 114 109 0 1.50386 -0.832012 -0.409608 2.275 -0.0313251 -0.0135658 0.0939931 
qwerty 114 109 0 1.50386 -1.05697 -0.507029 2.95 -0.0313251 -0.0135658 0.0939931 
qwerty 114 109 0 1.50386 -1.25 -0.590624 3.5292 -0.0313251 -0.0135658 0.0939931 
qwerty 114 109 0 1.50386 -1.28193 -0.60445 3.625 -0.0313251 -0.0135658 0.0939931 
qwerty 114 109 0 0.352987 -1.36413 -0.640049 3.87165 0.063607 0.0744007 0.020462 
qwerty 114 109 0 0.352987 -0.0326024 0.91743 4.3 0.063607 0.0744007 0.020462 
qwerty 110 109 0 0.525786 -0.368148 -0.204505 0.925 -0.0297913 -0.0162716 0.0940623 
qwerty 110 109 0 0.525786 -0.581933 -0.321272 1.6 -0.0297913 -0.0162716 0.0940623 
qwerty 110 109 0 0.525786 -0.795719 -0.438038 2.275 -0.0297913 -0.0162716 0.0940623 
qwerty 110 109 0 0.491737 -1.01037 -0.348502 2.95 -0.0296973 0.0204065 0.0932826 
qwerty 110 109 0 0.491737 -1.22526 -0.200839 3.625 -0.0296973 0.0204065 0.0932826 
qwerty 110 109 0 0.491737 -1.44015 -0.0531759 4.3 -0.0296973 0.0204065 0.0932826 
qwerty 110 109 0 0.491737 -1.65504 0.0944872 4.975 -0.0296973 0.0204065 0.0932826 
qwerty 313 130 1.65072 16.3316 -3.25306 -2.02923 6.85813 -0.0375216 -0.0780996 0.0499258 
qwerty 313 130 0.460027 15.8716 -3.35968 -2.25116 7 -0.0347272 -0.0825327 0.0445238 
qwerty 313 130 1.05391 9.29194 -3.23509 -2.52002 7.675 0.0236838 -0.0479581 0.0844932 
qwerty 366 313 0.508904 1.23687 -3.37784 -2.29114 6.75167 0.0299833 0.00777501 -0.0950818 
qwerty 366 313 0.580292 0.656577 -3.28463 -2.24836 6.54816 0.0502399 0.022684 -0.0834349 
qwerty 366 313 0.0894549 0.567122 -3.25563 -2.23526 6.5 -0.0330872 -0.00464991 -0.0942529 
qwerty 355 114 0.214494 0.936376 -1.41802 -0.649344 3.9743 -0.0642506 -0.0242928 0.0726755 
qwerty 355 114 0.182357 0.754019 -1.4603 -0.685279 4.07622 -0.0183967 -0.00288796 0.0982508 
qwerty 355 114 0.21763 0.536389 -1.52083 -0.649969 4.17575 0.000515077 0.0731084 0.0682268 
qwerty 355 114 0.536389 0 -1.48055 -0.55103 4.20947 0.00811434 -0.0253257 -0.096399 
qwerty 372 313 0 0.19279 -2.84042 -3.57881 7.40937 -0.0934368 0.0356197 -0.000897806 
qwerty 372 313 0 0.19279 -3.75 -3.23206 7.40063 -0.0934368 0.0356197 -0.000897806 
qwerty 372 313 0 0.157167 -4.27452 -3.0321 7.39559 -0.066935 -0.0644291 -0.0369946 
qwerty 372 313 0 0.157167 -4.67364 -3.41628 7.175 -0.066935 -0.0644291 -0.0369946 
qwerty 374 372 0.0356223 0 -4.27503 -3.03095 7.39597 -0.0386071 0.0875488 0.0290636 
qwerty 373 372 0.318209 0 -2.81001 -3.62032 7.39454 0.0567931 -0.0775119 -0.0276847 
qwerty 371 313 0 0.499246 -3.52936 -1.9986 8.06861 -0.0322768 0.0932762 0.016055 
qwerty 371 313 0 0.499246 -3.7884 -1.25 8.19746 -0.0322768 0.0932762 0.016055 
qwerty 371 313 0 0.499246 -4.09507 -0.363763 8.35 -0.0322768 0.0932762 0.016055 
qwerty 376 371 0.0117527 0 -3.52941 -1.99865 8.06877 -0.0268609 -0.0255498 0.0928746 
qwerty 369 313 0 3.25405 -2.58181 -3.42846 8.35 0.0520912 -0.0703554 0.0483386 
qwerty 369 313 0 3.25405 -1.85441 -4.4109 9.025 0.0520912 -0.0703554 0.0483386 
qwerty 369 313 0 3.25405 -1.12701 -5.39334 9.7 0.0520912 -0.0703554 0.0483386 
qwerty 369 313 0 3.25405 -0.399606 -6.37579 10.375 0.0520912 -0.0703554 0.0483386 
qwerty 369 313 0 3.25405 0.327796 -7.35823 11.05 0.0520912 -0.0703554 0.0483386 
qwerty 369 313 0 2.6124 1.19 -8.08487 11.725 0.0698206 -0.0492798 0.0519287 
qwerty 369 313 0 2.6124 2.09757 -8.72544 12.4 0.0698206 -0.0492798 0.0519287 
qwerty 369 313 0 2.6124 3.00514 -9.36601 13.075 0.0698206 -0.0492798 0.0519287 
qwerty 369 313 0 2.6124 3.91271 -10.0066 13.75 0.0698206 -0.0492798 0.0519287 
qwerty 380 369 0.0122537 0.322297 0.514205 -7.61214 11.2279 -0.0933072 -0.00454892 0.03568 
qwerty 380 369 0.0127931 0.309504 0.508198 -7.61246 11.2305 -0.0990976 0.0133246 0.00145802 
qwerty 380 369 0.0120527 0.297451 0.502144 -7.61119 11.2299 -0.0972193 0.0233533 -0.00173846 
qwerty 380 369 0.0194145 0.278036 0.495347 -7.60919 11.2281 -0.0947962 0.0288529 0.013461 
qwerty 380 369 0.029819 0.248218 0.490138 -7.6074 11.23 -0.0772211 0.0553043 0.0312785 
qwerty 380 369 0.0098498 0.238368 0.486691 -7.60527 11.2321 -0.0829931 0.037111 0.0416524 
qwerty 380 369 0.0192595 0.219108 0.481825 -7.60324 11.2341 -0.0627127 0.0416247 0.0658369 
qwerty 380 369 0.0170126 0.202096 0.479079 -7.60027 11.2374 -0.0591663 0.0600362 0.0538052 
qwerty 380 369 0.0210889 0.181007 0.474005 -7.59771 11.2424 -0.0562902 0.0417324 0.071343 
qwerty 380 369 0.0315842 0.149423 0.466663 -7.59523 11.2485 -0.0589252 0.00900496 0.0802915 
qwerty 380 369 0.0501998 0.0992228 0.455672 -7.60106 11.2553 -0.0294311 -0.058849 0.0753034 
qwerty 380 369 0.0992228 0 0.453328 -7.60575 11.2613 -0.0294311 -0.058849 0.0753034 
qwerty 367 313 0 1.09952 -3.45987 -4.73351 7.675 -0.00266403 -0.096726 0.0252384 
qwerty 385 367 0.019665 0.449579 -3.50804 -5.17371 7.85367 0.0673652 -0.0588747 0.0446733 
qwerty 385 367 0.0228032 0.426776 -3.50141 -5.1831 7.85935 0.0620558 -0.059078 0.0515643 
qwerty 385 367 0.0190658 0.40771 -3.49415 -5.18968 7.86347 0.0433163 -0.0756188 0.0490458 
qwerty 385 367 0.0673889 0.340321 -3.4873 -5.1988 7.86809 0.0575354 -0.0800187 0.0169319 
qwerty 385 367 0.0262874 0.314034 -3.47969 -5.21053 7.86619 0.0663254 -0.0693028 0.0282502 
qwerty 385 367 0.034781 0.279253 -3.46962 -5.217 7.8707 0.0835128 -0.0482442 0.0264218 
qwerty 385 367 0.0347955 0.244457 -3.45724 -5.22298 7.87175 0.0585954 -0.0697669 0.0412208 
qwerty 385 367 0.0452577 0.1992 -3.45089 -5.23041 7.87864 0.0209463 -0.0967589 0.0141056 
qwerty 385 367 0.0525416 0.146658 -3.4541 -5.24843 7.87446 -0.0443308 -0.0887898 0.0122946 
qwerty 385 367 0.041651 0.105007 -3.45263 -5.26071 7.8768 -0.0307583 -0.0943421 -0.012389 
qwerty 385 367 0.105007 0 -3.45533 -5.26898 7.87572 -0.0307583 -0.0943421 -0.012389 
qwerty 364 321 0 0.44745 -14.8553 -5.4827 26.575 -0.0194671 0.0907795 0.0371498 
qwerty 364 321 0 0.440102 -15.1899 -3.75 26.9758 -0.0181942 0.0965668 0.0185424 
qwerty 364 321 0 0.440102 -15.459 -2.32196 27.25 -0.0181942 0.0965668 0.0185424 
qwerty 363 321 0 0.273482 -14.5363 -7.00959 25.4 -0.0127341 0.013673 -0.0982389 
qwerty 363 321 0 0.273482 -14.6238 -6.91564 24.725 -0.0127341 0.013673 -0.0982389 
qwerty 307 131 0.0180668 0.437939 -7.78473 -2.93717 11.7179 0.012289 0.0583883 -0.0802483 
qwerty 307 131 0.0213957 0.416543 -7.78219 -2.93098 11.7067 0.0482525 0.0360759 -0.0798137 
qwerty 307 131 0.0285358 0.388007 -7.77518 -2.92759 11.695 0.0622391 0.015765 -0.0766666 
qwerty 307 131 0.0332568 0.354751 -7.7623 -2.92875 11.6814 0.0762165 -0.0115271 -0.0637038 
qwerty 307 131 0.0574453 0.297305 -7.73787 -2.9303 11.6709 0.0804397 -0.0586539 0.00944263 
qwerty 307 131 0.154863 0.142443 -7.71956 -2.95343 11.6688 0.0913802 -0.00649053 0.0400941 
qwerty 307 131 0.142443 0 -7.70633 -2.95437 11.6746 0.0913802 -0.00649053 0.0400941 
qwerty 307 131 0 0 -7.70633 -2.95437 11.6746 0.0913802 -0.00649053 0.0400941 
qwerty 216 208 0.384117 10.3454 2.36445 1.25 3.98548 0.0191188 0.0505283 0.0841509 
qwerty 216 208 0.675245 9.67017 2.43591 1.43885 4.3 0.0116044 0.0572543 0.0811621 
qwerty 216 208 0.583845 1.47938 2.62903 1.83827 4.58204 0.0420871 0.0907003 0.00145972 
qwerty 216 208 0.594773 0.884605 2.75666 2.06349 4.68443 0.0789056 -0.054172 0.0289706 
qwerty 216 208 0.453523 0.431082 2.94294 2.05442 4.76434 0.0431358 0.00482369 0.090089 
qwerty 216 208 0.37619 0.0548922 2.97922 2.05848 4.84011 0.081497 0.045218 -0.0362434 
qwerty 216 208 0.0548922 0 2.98147 2.05973 4.83911 0.081497 0.045218 -0.0362434 
qwerty 216 208 0 0 2.98147 2.05973 4.83911 0.081497 0.045218 -0.0362434 
qwerty 189 180 0.0297578 21.4121 3.55923 -2.07109 7.9165 0.0567515 -0.0281431 0.0773772 
qwerty 189 180 0.79941 20.6127 3.87718 -2.22876 8.35 0.0559866 -0.0244102 0.0791811 
qwerty 417 187 0 0.510999 -0.00465204 0.947321 3.125 -0.00987576 0.0946639 -0.0306792 
qwerty 416 187 0 0.389187 0.495474 -1.25 3.80434 0.0786189 -0.0608181 0.0109648 
qwerty 416 187 0 0.279477 0.814783 -1.49701 3.84887 0.0760267 0.0290753 0.058091 
qwerty 416 187 0 0.279477 1.40519 -1.27122 4.3 0.0760267 0.0290753 0.058091 
qwerty 416 187 0 0.279477 2.2886 -0.933372 4.975 0.0760267 0.0290753 0.058091 
qwerty 416 187 0 0.279477 3.17201 -0.595525 5.65 0.0760267 0.0290753 0.058091 
qwerty 421 416 0.10971 0 0.817292 -1.50554 3.84566 0.0265343 -0.090235 -0.0339642 
qwerty 415 189 0 0.510999 3.75 -1.95525 8.85527 -0.0407377 0.061913 0.0671358 
qwerty 415 189 0 0.510999 3.64701 -1.79872 9.025 -0.0407377 0.061913 0.0671358 
qwerty 415 189 0 0.510999 3.28596 -1.25 9.62 -0.0407377 0.061913 0.0671358 
qwerty 415 189 0 0.510999 3.23742 -1.17623 9.7 -0.0407377 0.061913 0.0671358 
qwerty 415 189 0 0.510999 2.82783 -0.553738 10.375 -0.0407377 0.061913 0.0671358 
qwerty 415 189 0 0.510999 2.41825 0.0687506 11.05 -0.0407377 0.061913 0.0671358 
qwerty 415 189 0 0.510999 2.00866 0.69124 11.725 -0.0407377 0.061913 0.0671358 
qwerty 415 189 0 0.443261 1.64893 1.23795 12.3178 -0.0604196 0.077641 0.0179259 
qwerty 415 189 0 0.443261 1.63956 1.25 12.3206 -0.0604196 0.077641 0.0179259 
qwerty 415 189 0 0.443261 1.37199 1.59383 12.4 -0.0604196 0.077641 0.0179259 
qwerty 423 415 0.0677384 0 1.64983 1.23753 12.3218 0.021954 -0.0102237 0.0970232 
qwerty 414 189 0 0.510999 4.35999 -2.88231 7.85 0.0407377 -0.061913 -0.0671358 
qwerty 414 189 0 0.510999 4.76958 -3.5048 7.175 0.0407377 -0.061913 -0.0671358 
qwerty 414 189 0 0.510999 4.93092 -3.75 6.90911 0.0407377 -0.061913 -0.0671358 
qwerty 414 189 0 0.510999 5.17916 -4.12729 6.5 0.0407377 -0.061913 -0.0671358 
qwerty 414 189 0 0.510999 5.58875 -4.74977 5.825 0.0407377 -0.061913 -0.0671358 
qwerty 414 189 0 0.510999 5.99834 -5.37226 5.15 0.0407377 -0.061913 -0.0671358 
qwerty 414 189 0 0.510999 6.25 -5.75474 4.73526 0.0407377 -0.061913 -0.0671358 
qwerty 414 189 0 0.510999 6.40792 -5.99475 4.475 0.0407377 -0.061913 -0.0671358 
qwerty 414 189 0 0.510999 6.57587 -6.25 4.19822 0.0407377 -0.061913 -0.0671358 
qwerty 414 189 0 0.510999 6.81751 -6.61724 3.8 0.0407377 -0.061913 -0.0671358 
qwerty 414 189 0 0.510999 7.2271 -7.23973 3.125 0.0407377 -0.061913 -0.0671358 
qwerty 414 189 0 0.455765 7.58536 -7.78422 2.53457 0.00829382 -0.035521 -0.09311 
qwerty 414 189 0 0.455765 7.5929 -7.81649 2.45 0.00829382 -0.035521 -0.09311 
qwerty 414 189 0 0.455765 7.64514 -8.08551 1.775 0.00689681 -0.0372699 -0.0925386 
qwerty 425 414 0.0552341 0 7.58737 -7.78604 2.53553 0.0698444 -0.0633317 0.0333295 
qwerty 413 189 0 10.5083 3.75 -2.66906 8.83917 -0.0429923 -0.0668902 0.0606413 
qwerty 413 189 0 10.5083 3.61825 -2.87404 9.025 -0.0429923 -0.0668902 0.0606413 
qwerty 427 413 0.913612 2.59221 3.58867 -2.74689 9.64917 0.00283371 0.0787428 0.0615754 
qwerty 427 413 0.130687 2.46153 3.59101 -2.68189 9.7 0.00371478 0.0867068 0.0496804 
qwerty 412 189 0 5.22201 4.44414 -2.18303 9.025 0.0643975 0.00597347 0.0762711 
qwerty 412 189 0 5.22201 5.01405 -2.13016 9.7 0.0643975 0.00597347 0.0762711 
qwerty 412 189 0 5.22201 5.58397 -2.0773 10.375 0.0643975 0.00597347 0.0762711 
qwerty 412 189 0 5.22201 6.15389 -2.02443 11.05 0.0643975 0.00597347 0.0762711 
qwerty 412 189 0 5.22201 6.72381 -1.97157 11.725 0.0643975 0.00597347 0.0762711 
qwerty 412 189 0 5.22201 7.29373 -1.9187 12.4 0.0643975 0.00597347 0.0762711 
qwerty 437 435 0 0.28322 7.07135 -1.99905 13.075 -0.0329391 -0.0115644 0.0937085 
qwerty 437 435 0 0.28322 6.83408 -2.08235 13.75 -0.0329391 -0.0115644 0.0937085 
qwerty 437 435 0 0.28322 6.59681 -2.16565 14.425 -0.0329391 -0.0115644 0.0937085 
qwerty 411 189 0 0.505819 3.87804 -2.23047 8.35 0.0568068 -0.0283997 0.0772427 
qwerty 411 189 0 0.505819 4.37446 -2.47865 9.025 0.0568068 -0.0283997 0.0772427 
qwerty 439 411 0.0186133 0.39019 4.5087 -2.54584 9.20936 0.0390557 -0.00662837 0.0918189 
qwerty 439 411 0.0207187 0.369471 4.51384 -2.54599 9.21764 0.0184598 0.00793896 0.0979602 
qwerty 439 411 0.0208752 0.348596 4.51584 -2.5441 9.22649 -0.00697795 0.0503028 0.0861448 
qwerty 439 411 0.028848 0.319748 4.51276 -2.53773 9.24119 0.0156044 0.00769455 0.0984749 
qwerty 439 411 0.0409334 0.278815 4.50906 -2.53897 9.26118 -0.00446213 0.0208859 0.0976927 
qwerty 439 411 0.0809211 0.197893 4.51083 -2.55212 9.29573 0.0259417 0.0393224 0.0882087 
qwerty 439 411 0.197893 0 4.51738 -2.54218 9.31802 0.0259417 0.0393224 0.0882087 
qwerty 409 207 0 0.510999 1.25 0.571571 2.19121 -0.067104 0.0541708 -0.0506219 
qwerty 409 207 0 0.510999 0.698281 1.01696 1.775 -0.067104 0.0541708 -0.0506219 
qwerty 408 207 0 0.61629 1.72056 -0.609519 1.775 0.0154135 -0.0855942 -0.0493564 
qwerty 408 207 0 0.61629 1.83589 -1.25 1.40568 0.0154135 -0.0855942 -0.0493564 
qwerty 408 207 0 0.61629 1.93135 -1.78011 1.1 0.0154135 -0.0855942 -0.0493564 
qwerty 408 207 0 0.61629 2.14215 -2.9507 0.425 0.0154135 -0.0855942 -0.0493564 
qwerty 407 207 0 1.73152 2.75106 -0.174824 2.95 0.082581 -0.041953 0.0376872 
qwerty 407 207 0 1.73152 3.75 -0.68231 3.40589 0.082581 -0.041953 0.0376872 
qwerty 407 207 0 1.73152 4.23013 -0.926226 3.625 0.082581 -0.041953 0.0376872 
qwerty 405 216 0 0.510999 3.13638 1.39038 4.975 0.0221199 -0.0955733 0.0194027 
qwerty 404 216 0 0.510999 2.56636 3.85327 4.475 -0.0221199 0.0955733 -0.0194027 
qwerty 403 216 0 0.793877 2.42936 2.02312 4.975 -0.0108841 0.0697987 0.0707791 
qwerty 403 216 0 0.793877 2.32556 2.68877 5.65 -0.0108841 0.0697987 0.0707791 
qwerty 403 216 0 0.793877 2.22176 3.35442 6.325 -0.0108841 0.0697987 0.0707791 
qwerty 402 216 0 3.3796 2.63232 1.75089 4.975 0.0234865 0.040058 0.0885649 
qwerty 402 216 0 3.3796 2.81132 2.0562 5.65 0.0234865 0.040058 0.0885649 
qwerty 402 216 0 3.3796 2.99032 2.3615 6.325 0.0234865 0.040058 0.0885649 
qwerty 402 216 0 3.3796 3.16933 2.6668 7 0.0234865 0.040058 0.0885649 
qwerty 402 216 0 3.3796 3.34833 2.97211 7.675 0.0234865 0.040058 0.0885649 
qwerty 402 216 0 3.3796 3.52733 3.27741 8.35 0.0234865 0.040058 0.0885649 
qwerty 402 216 0 3.3796 3.70634 3.58271 9.025 0.0234865 0.040058 0.0885649 
qwerty 402 216 0 3.3796 3.80442 3.75 9.39486 0.0234865 0.040058 0.0885649 
qwerty 402 216 0 3.3796 3.88534 3.88801 9.7 0.0234865 0.040058 0.0885649 
qwerty 402 216 0 0.51445 5.03116 5.38819 9.2 0.057887 0.075198 -0.0315333 
qwerty 402 216 0 0.51445 6.25 6.97152 8.53605 0.057887 0.075198 -0.0315333 
qwerty 402 216 0 0.51445 6.27029 6.99787 8.525 0.057887 0.075198 -0.0315333 
qwerty 402 216 0 0.199135 6.25 7.01371 8.55562 -0.0643663 0.00538866 0.076341 
qwerty 402 216 0 0.199135 5.85425 7.04685 9.025 -0.0643663 0.00538866 0.076341 
qwerty 452 402 0.250555 0.994399 3.97863 4.04763 10.0061 0.00928305 0.0191571 0.0977079 
qwerty 452 402 0.192653 0.801745 4.01493 4.06597 10.1183 0.0746458 0.0252811 0.0615538 
qwerty 452 402 0.424879 0.376866 4.12653 4.09296 10.1723 0.025944 -0.024028 0.0935391 
qwerty 452 402 0.26236 0.114506 4.14449 4.07633 10.237 0.0574806 0.0713692 -0.0400302 
qwerty 452 402 0.114506 0 4.15034 4.08359 10.2329 0.0574806 0.0713692 -0.0400302 
qwerty 400 298 0 5.03021 -11.25 -0.940028 12.8127 -0.0767743 0.00939835 -0.0633828 
qwerty 400 298 0 5.03021 -11.538 -0.904776 12.575 -0.0767743 0.00939835 -0.0633828 
qwerty 400 298 0 5.03021 -12.3556 -0.804688 11.9 -0.0767743 0.00939835 -0.0633828 
qwerty 400 298 0 5.03021 -13.1732 -0.704599 11.225 -0.0767743 0.00939835 -0.0633828 
qwerty 400 298 0 5.03021 -13.9908 -0.604511 10.55 -0.0767743 0.00939835 -0.0633828 
qwerty 400 298 0 5.03021 -14.8084 -0.504422 9.875 -0.0767743 0.00939835 -0.0633828 
qwerty 400 298 0 5.03021 -15.626 -0.404334 9.2 -0.0767743 0.00939835 -0.0633828 
qwerty 400 298 0 5.03021 -16.25 -0.327952 8.68487 -0.0767743 0.00939835 -0.0633828 
qwerty 400 298 0 5.03021 -16.4437 -0.304246 8.525 -0.0767743 0.00939835 -0.0633828 
qwerty 400 298 0 5.03021 -17.2613 -0.204157 7.85 -0.0767743 0.00939835 -0.0633828 
qwerty 400 298 0 5.03021 -18.0789 -0.104069 7.175 -0.0767743 0.00939835 -0.0633828 
qwerty 400 298 0 5.03021 -18.8965 -0.00398036 6.5 -0.0767743 0.00939835 -0.0633828 
qwerty 400 298 0 5.03021 -19.7141 0.096108 5.825 -0.0767743 0.00939835 -0.0633828 
qwerty 400 298 0 5.03021 -20.5317 0.196196 5.15 -0.0767743 0.00939835 -0.0633828 
qwerty 400 298 0 5.03021 -21.25 0.284125 4.55701 -0.0767743 0.00939835 -0.0633828 
qwerty 400 298 0 5.03021 -21.3493 0.296285 4.475 -0.0767743 0.00939835 -0.0633828 
qwerty 400 298 0 5.03021 -22.1669 0.396373 3.8 -0.0767743 0.00939835 -0.0633828 
qwerty 456 400 0.863071 1.89547 -22.7607 0.601557 3.57879 -0.0862061 -0.00288383 -0.0505983 
qwerty 456 400 0.590342 1.30512 -23.0711 0.559795 3.49681 -0.0858804 -0.0506431 -0.00773494 
qwerty 456 400 0.465169 0.839955 -23.258 0.43046 3.39288 -0.0386612 -0.074037 -0.0549894 
qwerty 456 400 0.363833 0.476122 -23.2338 0.315435 3.22848 -0.0660369 -0.0437474 -0.0610351 
qwerty 456 400 0.318828 0.157295 -23.3281 0.276671 3.20229 -0.0340618 -0.0823008 -0.0454574 
qwerty 456 400 0.157295 0 -23.334 0.262403 3.19441 -0.0340618 -0.0823008 -0.0454574 
qwerty 399 298 0 0.68345 -13.3027 0.174782 13.75 -0.0853474 -0.015533 0.0497448 
qwerty 399 298 0 0.68345 -13.75 0.0933707 14.0107 -0.0853474 -0.015533 0.0497448 
qwerty 399 298 0 0.68345 -14.4608 -0.0359893 14.425 -0.0853474 -0.015533 0.0497448 
qwerty 461 459 0 0.216705 -15.0331 -0.285887 15.1 -0.0482045 -0.0316706 0.0816903 
qwerty 398 298 0 0.944435 -11.5811 -1.25 13.3579 -0.0948007 -0.026734 0.017266 
qwerty 398 298 0 0.944435 -13.7338 -1.85707 13.75 -0.0948007 -0.026734 0.017266 
qwerty 397 298 0 0.671855 -11.1273 -1.13821 13.75 -0.0628685 -0.0197544 0.0752151 
qwerty 397 298 0 0.671855 -11.6915 -1.31549 14.425 -0.0628685 -0.0197544 0.0752151 
qwerty 397 298 0 0.671855 -12.2557 -1.49277 15.1 -0.0628685 -0.0197544 0.0752151 
qwerty 396 307 0 0.510999 -7.83585 -3.12697 11.225 -0.0259695 -0.0346072 -0.090155 
qwerty 395 307 0 0.510999 -7.69183 -2.93503 11.725 0.0259695 0.0346072 0.090155 
qwerty 395 307 0 0.510999 -7.49739 -2.67593 12.4 0.0259695 0.0346072 0.090155 
qwerty 395 307 0 0.510999 -7.30296 -2.41682 13.075 0.0259695 0.0346072 0.090155 
qwerty 395 307 0 0.510999 -7.10852 -2.15771 13.75 0.0259695 0.0346072 0.090155 
qwerty 395 307 0 0.510999 -6.91408 -1.8986 14.425 0.0259695 0.0346072 0.090155 
qwerty 395 307 0 0.244506 -6.53047 -2.36316 14.9829 -0.00374109 -0.00802216 0.0996075 
qwerty 395 307 0 0.244506 -6.53486 -2.37259 15.1 -0.00374109 -0.00802216 0.0996075 
qwerty 470 395 0.0641589 0 -6.52835 -2.36602 14.9818 0.0565673 -0.076561 -0.0306357 
qwerty 394 382 0 0.510999 3.75 -10.0841 14.2752 -0.0498607 -0.00164468 0.0866672 
qwerty 394 382 0 0.510999 3.6638 -10.087 14.425 -0.0498607 -0.00164468 0.0866672 
qwerty 394 382 0 0.510999 3.27547 -10.0998 15.1 -0.0498607 -0.00164468 0.0866672 
qwerty 394 382 0 0.375252 3.38222 -10.0118 15.775 0.0331331 0.0158726 0.0930068 
qwerty 393 382 0 0.510999 4.33979 -10.0647 13.25 0.0498607 0.00164468 -0.0866672 
qwerty 393 382 0 0.510999 4.72813 -10.0519 12.575 0.0498607 0.00164468 -0.0866672 
qwerty 393 382 0 0.510999 5.11646 -10.0391 11.9 0.0498607 0.00164468 -0.0866672 
qwerty 457 400 0.302814 0.929373 -22.4065 0.316978 3.51987 0.00962029 -0.0728162 -0.067862 
qwerty 457 400 0.26764 0.661734 -22.3967 0.190027 3.45949 -0.0337949 -0.0936632 -0.00922577 
qwerty 457 400 0.311115 0.350618 -22.3766 0.0484498 3.46776 0.0222859 -0.0956137 0.0190094 
qwerty 457 400 0.32108 0.029538 -22.3628 -0.0109274 3.47956 -0.080336 0.0562732 0.0194796 
qwerty 457 400 0.029538 0 -22.3635 -0.0104142 3.47974 -0.080336 0.0562732 0.0194796 
qwerty 457 400 0 0 -22.3635 -0.0104142 3.47974 -0.080336 0.0562732 0.0194796 
qwerty 484 428 0 0.510999 3.78464 -3.75 9.46488 0.0305229 -0.0866311 0.0395399 
qwerty 484 428 0 0.510999 3.96614 -4.26514 9.7 0.0305229 -0.0866311 0.0395399 
qwerty 483 428 0 0.510999 3.0591 -1.69074 8.525 -0.0305229 0.0866311 -0.0395399 
qwerty 483 428 0 0.455714 0.704787 1.25 8.15602 -0.0650731 0.0756786 -0.00618378 
qwerty 483 428 0 0.183709 0.47689 1.51504 8.13436 -0.00652369 -0.0891972 0.0447359 
qwerty 483 428 0 0.183709 0.457506 1.25 8.26729 -0.00652369 -0.0891972 0.0447359 
qwerty 483 428 0 0.183709 0.445444 1.08508 8.35 -0.00652369 -0.0891972 0.0447359 
qwerty 487 483 0.272004 0 0.456758 1.55103 8.12655 -0.0479647 0.0857516 -0.0186026 
qwerty 481 428 0 1.46348 3.71553 -3.75 9.57094 0.0214447 -0.0835312 0.0506227 
qwerty 481 428 0 1.46348 3.7702 -3.96295 9.7 0.0214447 -0.0835312 0.0506227 
qwerty 481 428 0 0.247305 3.93891 -4.62011 10.0983 -0.00323533 0.0266374 -0.0963327 
qwerty 481 428 0 0.247305 3.93141 -4.55838 9.875 -0.00323533 0.0266374 -0.0963327 
qwerty 490 481 0.237453 0.978718 3.98648 -4.72949 10.142 0.0671412 -0.0598858 0.0436549 
qwerty 490 481 0.235231 0.743487 4.06162 -4.82315 10.2183 -0.0199438 -0.0781885 -0.0590661 
qwerty 490 481 0.2126 0.530888 4.0783 -4.93796 10.1827 -0.0372562 -0.0778949 0.0504416 
qwerty 490 481 0.530888 0 4.08884 -5.02847 10.2547 -0.0260456 -0.0572052 0.0777765 
qwerty 479 436 0 0.510999 6.87588 -3.75 12.3179 -0.0199309 -0.0977407 -0.00703616 
qwerty 479 436 0 0.510999 6.36609 -6.25 12.1379 -0.0199309 -0.0977407 -0.00703616 
qwerty 479 436 0 0.510999 5.8563 -8.75 11.958 -0.0199309 -0.0977407 -0.00703616 
qwerty 479 436 0 0.510999 5.69213 -9.55511 11.9 -0.0199309 -0.0977407 -0.00703616 
qwerty 478 447 0 0.432045 4.92551 -0.315113 3.35018 0.0853051 0.0515915 0.00783312 
qwerty 478 447 0 0.432045 6.25 0.48592 3.4718 0.0853051 0.0515915 0.00783312 
qwerty 478 447 0 0.168732 6.89424 0.875548 3.53096 -0.0480078 -0.0866357 0.0137663 
qwerty 478 447 0 0.161747 6.63127 0.400987 3.60636 -0.0108115 -0.0974575 -0.0196251 
qwerty 478 447 0 0.111417 6.57348 -0.11991 3.50147 0.0886275 0.0263223 0.0381092 
qwerty 478 447 0 0.111417 6.86077 -0.0345864 3.625 0.0886275 0.0263223 0.0381092 
qwerty 497 478 0.0503307 0 6.57227 -0.121869 3.50069 -0.0500321 -0.0804773 -0.0319404 
qwerty 496 478 0.00698501 0 6.63122 0.400996 3.60641 -0.0749213 0.0135087 0.0648407 
qwerty 495 478 0.263312 0 6.92506 0.900853 3.53168 0.0772768 0.0634427 0.00182455 
qwerty 494 478 0.0789541 0 4.92383 -0.312195 3.346 -0.0314814 0.0543793 -0.0777934 
qwerty 477 447 0 0.510999 4.25284 -1.25 3.82714 -0.0539609 -0.0749952 0.0382615 
qwerty 477 447 0 0.510999 3.58596 -2.17683 4.3 -0.0539609 -0.0749952 0.0382615 
qwerty 477 447 0 0.418534 2.91311 -2.6159 4.975 -0.0638888 -0.0438712 0.0631944 
qwerty 476 457 0 0.510999 -21.25 1.36334 3.4271 0.0629399 0.0776512 -0.00297542 
qwerty 476 457 0 0.510999 -18.75 4.44768 3.30892 0.0629399 0.0776512 -0.00297542 
qwerty 476 457 0 0.510999 -16.25 7.53202 3.19073 0.0629399 0.0776512 -0.00297542 
qwerty 476 457 0 0.510999 -14.8596 9.24746 3.125 0.0629399 0.0776512 -0.00297542 
qwerty 475 457 0 0.510999 -23.75 -1.721 3.54529 -0.0629399 -0.0776512 0.00297542 
qwerty 475 457 0 0.510999 -25.4362 -3.80134 3.625 -0.0629399 -0.0776512 0.00297542 
qwerty 503 475 0.0249528 0.405198 -25.4703 -3.83408 3.61922 0.0225554 0.0644053 -0.0730973 
qwerty 503 475 0.0118924 0.393306 -25.469 -3.82862 3.61168 -0.00365596 0.0517172 -0.0855101 
qwerty 503 475 0.0138407 0.379465 -25.4693 -3.82505 3.60277 -0.00912883 0.0501242 -0.0860479 
qwerty 503 475 0.0235467 0.355918 -25.4728 -3.81835 3.59398 -0.0357035 0.042554 -0.0831529 
qwerty 503 475 0.0374314 0.318487 -25.4764 -3.81358 3.57497 -0.0498887 0.0384453 -0.0776729 
qwerty 503 475 0.0892494 0.229237 -25.4938 -3.81008 3.55333 0.00568467 0.0283398 -0.0957316 
qwerty 503 475 0.229237 0 -25.492 -3.801 3.52268 0.00568467 0.0283398 -0.0957316 
