qwerty 1 0 0 200 0 0 -0.249999 0 0 0.1 
qwerty 3 1 0 288.358 0.0392056 0.0612565 0.25 0.00775947 0.0121237 0.0989586 
qwerty 3 1 0 288.358 0.0921332 0.143953 0.925 0.00775947 0.0121237 0.0989586 
qwerty 3 1 0 288.358 0.145061 0.226649 1.6 0.00775947 0.0121237 0.0989586 
qwerty 3 1 0 288.358 0.197989 0.309345 2.275 0.00775947 0.0121237 0.0989586 
qwerty 3 1 0 288.358 0.250916 0.392042 2.95 0.00775947 0.0121237 0.0989586 
qwerty 2 1 0 46.6184 -0.527126 -0.823603 0.25 -0.0479963 -0.0749914 0.0455263 
qwerty 7 2 0.0202257 8.36781 -0.710732 -1.12077 0.433246 -0.0025014 -0.0731127 0.0681783 
qwerty 7 2 0.615381 7.02142 -0.680049 -1.43759 0.685487 -0.00739103 -0.0749223 0.065818 
qwerty 7 2 0.836612 6.18481 -0.706945 -1.71024 0.925 -0.0516064 -0.0247632 0.0819974 
qwerty 5 3 0.925748 159.582 0.289108 0.42993 3.625 0.00576345 0.00339034 0.0997762 
qwerty 5 3 0.709629 104.081 0.286295 0.419264 4.2675 -0.00241278 -0.0052902 0.0998308 
qwerty 5 3 0.0530089 104.028 0.28551 0.417542 4.3 -0.00249415 -0.00533138 0.0998266 
qwerty 5 3 0.961353 77.4248 0.28075 0.303841 4.975 0.00154524 -0.0184731 0.0982668 
qwerty 5 3 0.978426 68.3495 0.339231 0.0835577 5.65 0.00834312 -0.0380394 0.0921054 
qwerty 5 3 0.951659 16.9134 0.154432 -0.27159 6.325 -0.0443149 -0.048336 0.0754972 
qwerty 22 5 0.0489052 2.14403 0.292604 0.438078 4.3 0.0174785 0.0639178 0.0748934 
qwerty 22 5 0.358916 1.07018 0.286954 0.421952 4.11936 -0.0168068 -0.0390306 -0.0905215 
qwerty 22 5 0.302808 0.767373 0.300495 0.403932 3.93961 -0.0173069 -0.0211627 -0.0961905 
qwerty 22 5 0.303691 0.463682 0.275376 0.373216 3.8 0.0311729 0.00859418 -0.0946276 
qwerty 22 5 0.0211722 0.347793 0.269295 0.381796 3.80311 -0.0477108 0.0619549 0.062332 
qwerty 22 5 0.0123725 0.335421 0.266757 0.387154 3.80681 -0.0460119 0.0539588 0.0705078 
qwerty 22 5 0.0170819 0.318339 0.262317 0.390318 3.81177 -0.0611588 0.0342664 0.0713121 
qwerty 22 5 0.0158021 0.302537 0.258834 0.394297 3.81778 -0.0377386 0.0367542 0.0849996 
qwerty 22 5 0.018044 0.284493 0.254098 0.39681 3.82635 -0.0379475 -0.0245822 0.0891947 
qwerty 22 5 0.0396112 0.244881 0.250403 0.398047 3.84062 -0.0252245 -0.0500514 0.0828165 
qwerty 22 5 0.0453402 0.199541 0.247846 0.394569 3.86025 -0.0147498 -0.0511756 0.0846374 
qwerty 22 5 0.199541 0 0.244068 0.381461 3.88193 -0.0147498 -0.0511756 0.0846374 
qwerty 6 2 2.38381 32.9276 -1.25 -2.25161 0.896367 -0.0446693 -0.0832292 0.0328262 
qwerty 6 2 0.184854 32.7427 -1.28896 -2.32421 0.925 -0.043687 -0.0828951 0.0349263 
qwerty 4 3 0.79838 104.13 0.261222 0.483284 3.625 -2.85686e-05 0.013444 0.0990922 
qwerty 4 3 1.05296 95.4345 0.175003 0.583108 4.3 -0.0146225 0.0181684 0.0972424 
qwerty 4 3 0.716181 29.8091 0.223198 0.605447 4.975 0.00809086 0.0046153 0.0995652 
qwerty 4 3 1.02737 26.771 0.350092 0.365807 5.65 0.0282025 -0.042258 0.0861329 
qwerty 4 3 1.42535 20.6988 0.773339 -0.317752 6.325 0.0407278 -0.0757987 0.050949 
qwerty 54 4 0 0.333715 0.261358 -0.799009 5.825 -0.0677219 -0.0429006 -0.0597769 
qwerty 54 4 0 0.333715 -0.450568 -1.25 5.1966 -0.0677219 -0.0429006 -0.0597769 
qwerty 54 4 0 0.333715 -0.503357 -1.28344 5.15 -0.0677219 -0.0429006 -0.0597769 
qwerty 54 4 0 0.217283 -0.266739 -1.48998 4.475 0.0559492 -0.0171713 -0.0810854 
qwerty 53 4 0 8.94598 1.17246 -1.1602 7 0.0350267 -0.0716635 0.0603115 
qwerty 53 4 0 8.94598 1.56447 -1.96225 7.675 0.0350267 -0.0716635 0.0603115 
qwerty 53 4 0 8.94598 1.95649 -2.7643 8.35 0.0350267 -0.0716635 0.0603115 
qwerty 53 4 0 8.94598 2.3485 -3.56635 9.025 0.0350267 -0.0716635 0.0603115 
qwerty 53 4 0 8.94598 2.74052 -4.3684 9.7 0.0350267 -0.0716635 0.0603115 
qwerty 53 4 0 8.94598 3.13253 -5.17045 10.375 0.0350267 -0.0716635 0.0603115 
qwerty 53 4 0 8.94598 3.52455 -5.97251 11.05 0.0350267 -0.0716635 0.0603115 
qwerty 57 53 0.476332 4.28156 3.75 -6.42452 11.4326 0.0313149 -0.0621036 0.0718507 
qwerty 57 53 0.68687 3.59469 3.87742 -6.67722 11.725 0.0123149 -0.0570806 0.0811797 
qwerty 60 57 0 0.496791 4.42545 -6.59413 12.4 0.0634169 0.0144796 0.0759515 
qwerty 59 57 0 1.47127 3.55937 -8.15153 11.725 -0.00251744 -0.0966952 0.0253713 
qwerty 52 4 0 2.22796 1.26393 -1.25 6.87752 0.0411033 -0.0783811 0.0465503 
qwerty 52 4 0 2.22796 1.37208 -1.45622 7 0.0411033 -0.0783811 0.0465503 
qwerty 52 4 0 2.22796 1.96809 -2.59279 7.675 0.0411033 -0.0783811 0.0465503 
qwerty 52 4 0 2.22796 2.56411 -3.72935 8.35 0.0411033 -0.0783811 0.0465503 
qwerty 52 4 0 0.870681 2.70693 -5.63042 7.85 0.00561309 -0.095775 -0.0282071 
qwerty 52 4 0 0.870681 2.84125 -7.92233 7.175 0.00561309 -0.095775 -0.0282071 
qwerty 51 4 0 4.92328 1.40239 -1.25 6.89427 0.049964 -0.0739926 0.0450411 
qwerty 51 4 0 4.92328 1.51968 -1.4237 7 0.049964 -0.0739926 0.0450411 
qwerty 51 4 0 4.92328 2.26846 -2.53257 7.675 0.049964 -0.0739926 0.0450411 
qwerty 51 4 0 4.92328 3.01723 -3.64145 8.35 0.049964 -0.0739926 0.0450411 
qwerty 51 4 0 4.92328 3.75 -4.72662 9.01057 0.049964 -0.0739926 0.0450411 
qwerty 51 4 0 4.92328 3.76601 -4.75033 9.025 0.049964 -0.0739926 0.0450411 
qwerty 51 4 0 4.92328 4.51479 -5.8592 9.7 0.049964 -0.0739926 0.0450411 
qwerty 51 4 0 4.92328 5.26356 -6.96808 10.375 0.049964 -0.0739926 0.0450411 
qwerty 51 4 0 4.92328 6.01234 -8.07695 11.05 0.049964 -0.0739926 0.0450411 
qwerty 51 4 0 4.92328 6.25 -8.42891 11.2642 0.049964 -0.0739926 0.0450411 
qwerty 51 4 0 4.92328 6.76111 -9.18583 11.725 0.049964 -0.0739926 0.0450411 
qwerty 51 4 0 4.92328 7.50989 -10.2947 12.4 0.049964 -0.0739926 0.0450411 
qwerty 51 4 0 0.416058 8.25115 -9.61947 13.075 0.0480359 0.0759503 0.0438646 
qwerty 70 51 0.762699 2.65675 7.62142 -10.8735 12.9529 -0.0296494 -0.0556311 0.0776279 
qwerty 70 51 0.249912 2.40683 7.57479 -10.961 13.075 -0.0326394 -0.0533554 0.0780248 
qwerty 73 70 0 0.641031 8.06818 -10.7718 13.075 0.0558681 -0.0332929 0.0759628 
qwerty 73 70 0 0.641031 8.56462 -11.0677 13.75 0.0558681 -0.0332929 0.0759628 
qwerty 73 70 0 0.326707 8.75 -10.95 13.9988 0.0329162 0.0839354 0.0432594 
qwerty 73 70 0 0.326707 9.07433 -10.1229 14.425 0.0329162 0.0839354 0.0432594 
qwerty 50 4 0 1.31192 0.608337 -0.443794 6.325 0.0232095 -0.0784262 0.0575383 
qwerty 50 4 0 1.31192 0.846926 -1.25 6.91648 0.0232095 -0.0784262 0.0575383 
qwerty 50 4 0 1.31192 0.880615 -1.36384 7 0.0232095 -0.0784262 0.0575383 
qwerty 50 4 0 1.31192 1.15289 -2.28388 7.675 0.0232095 -0.0784262 0.0575383 
qwerty 50 4 0 1.31192 1.42517 -3.20392 8.35 0.0232095 -0.0784262 0.0575383 
qwerty 50 4 0 1.31192 1.69745 -4.12396 9.025 0.0232095 -0.0784262 0.0575383 
qwerty 50 4 0 1.31192 1.96972 -5.044 9.7 0.0232095 -0.0784262 0.0575383 
qwerty 50 4 0 1.31192 2.242 -5.96405 10.375 0.0232095 -0.0784262 0.0575383 
qwerty 50 4 0 1.31192 2.32663 -6.25 10.5848 0.0232095 -0.0784262 0.0575383 
qwerty 50 4 0 1.31192 2.51428 -6.88409 11.05 0.0232095 -0.0784262 0.0575383 
qwerty 50 4 0 0.388859 2.40578 -7.66927 10.55 -0.0183544 -0.067486 -0.0714755 
qwerty 50 4 0 0.388859 2.23244 -8.3066 9.875 -0.0183544 -0.067486 -0.0714755 
qwerty 50 4 0 0.359094 2.14898 -8.55478 9.50022 0.0271887 -0.0564971 -0.0779029 
qwerty 50 4 0 0.359094 2.24293 -8.75 9.23104 0.0271887 -0.0564971 -0.0779029 
qwerty 50 4 0 0.359094 2.25376 -8.77251 9.2 0.0271887 -0.0564971 -0.0779029 
qwerty 79 50 0.0297652 0 2.14808 -8.5547 9.49993 -0.0948554 0.0088608 -0.0303964 
qwerty 48 4 0 0.20079 -1.24326 0.177318 4.975 -0.0894144 -0.0269907 0.0357292 
qwerty 47 4 0 1.32964 0.0958002 0.700745 4.975 -0.0114675 0.0170514 0.097866 
qwerty 47 4 0 1.32964 0.0167064 0.818352 5.65 -0.0114675 0.0170514 0.097866 
qwerty 47 4 0 1.32964 -0.0623874 0.935958 6.325 -0.0114675 0.0170514 0.097866 
qwerty 47 4 0 1.32964 -0.141481 1.05357 7 -0.0114675 0.0170514 0.097866 
qwerty 47 4 0 1.32964 -0.220575 1.17117 7.675 -0.0114675 0.0170514 0.097866 
qwerty 47 4 0 1.32964 -0.273589 1.25 8.12743 -0.0114675 0.0170514 0.097866 
qwerty 47 4 0 1.32964 -0.299669 1.28878 8.35 -0.0114675 0.0170514 0.097866 
qwerty 47 4 0 1.32964 -0.378763 1.40638 9.025 -0.0114675 0.0170514 0.097866 
qwerty 47 4 0 1.32964 -0.457857 1.52399 9.7 -0.0114675 0.0170514 0.097866 
qwerty 47 4 0 1.32964 -0.53695 1.6416 10.375 -0.0114675 0.0170514 0.097866 
qwerty 46 4 0 60.7027 0.0921164 0.710728 4.975 -0.0119664 0.0184482 0.0975524 
qwerty 46 4 0 60.7027 0.00931639 0.838377 5.65 -0.0119664 0.0184482 0.0975524 
qwerty 46 4 0 60.7027 -0.0734836 0.966026 6.325 -0.0119664 0.0184482 0.0975524 
qwerty 46 4 0 60.7027 -0.156284 1.09368 7 -0.0119664 0.0184482 0.0975524 
qwerty 88 46 0.36123 40.9614 -0.193044 1.16418 7.39817 -0.00651837 0.0167157 0.0983773 
qwerty 88 46 0.407607 40.5538 -0.211387 1.21121 7.675 -0.00711116 0.0171256 0.0982657 
qwerty 88 46 0.180923 36.9789 -0.271023 1.25 7.94326 -0.0184901 0.00669726 0.0980472 
qwerty 88 46 0.796281 36.1827 -0.347728 1.27778 8.35 -0.0173744 0.00956951 0.098013 
qwerty 88 46 1.24614 9.44043 -0.627597 1.69413 9.025 -0.0451905 0.0626609 0.0634936 
qwerty 90 88 0.243373 0.576324 -0.173062 1.26831 7.45794 -0.0479312 0.0863414 0.0157407 
qwerty 90 88 0.392848 0.183475 -0.281363 1.31849 7.50608 -0.0486616 0.0453297 0.0746811 
qwerty 90 88 0.183475 0 -0.292234 1.32862 7.52276 -0.0486616 0.0453297 0.0746811 
qwerty 98 88 0 0.715685 -0.962162 1.76498 9.7 -0.0351495 0.00416385 0.0935263 
qwerty 98 88 0 0.715685 -1.21584 1.79503 10.375 -0.0351495 0.00416385 0.0935263 
qwerty 98 88 0 0.715685 -1.46953 1.82508 11.05 -0.0351495 0.00416385 0.0935263 
qwerty 98 88 0 0.715685 -1.72321 1.85513 11.725 -0.0351495 0.00416385 0.0935263 
qwerty 98 88 0 0.715685 -1.97689 1.88518 12.4 -0.0351495 0.00416385 0.0935263 
qwerty 98 88 0 0.715685 -2.23057 1.91523 13.075 -0.0351495 0.00416385 0.0935263 
qwerty 98 88 0 0.715685 -2.48425 1.94529 13.75 -0.0351495 0.00416385 0.0935263 
qwerty 98 88 0 0.715685 -2.73793 1.97534 14.425 -0.0351495 0.00416385 0.0935263 
qwerty 98 88 0 0.715685 -2.99161 2.00539 15.1 -0.0351495 0.00416385 0.0935263 
qwerty 98 88 0 0.715685 -3.24866 2.04662 15.775 -0.0355916 0.00595464 0.0932619 
qwerty 98 88 0 0.715685 -3.50626 2.08972 16.45 -0.0355916 0.00595464 0.0932619 
qwerty 98 88 0 0.715685 -3.75 2.1305 17.0887 -0.0355916 0.00595464 0.0932619 
qwerty 98 88 0 0.715685 -3.76386 2.13282 17.125 -0.0355916 0.00595464 0.0932619 
qwerty 98 88 0 0.715685 -4.02146 2.17592 17.8 -0.0355916 0.00595464 0.0932619 
qwerty 98 88 0 0.715685 -4.27906 2.21902 18.475 -0.0355916 0.00595464 0.0932619 
qwerty 97 88 0 4.30507 -1.20819 1.25 9.59805 -0.0564571 -0.0562523 0.0604009 
qwerty 97 88 0 4.30507 -1.30348 1.15505 9.7 -0.0564571 -0.0562523 0.0604009 
qwerty 96 88 0 5.99727 -0.554728 1.26912 9.025 -0.034569 -0.00351917 0.0937689 
qwerty 96 88 0 5.99727 -0.742501 1.25 9.53433 -0.034569 -0.00351917 0.0937689 
qwerty 96 88 0 5.99727 -0.803575 1.24378 9.7 -0.034569 -0.00351917 0.0937689 
qwerty 96 88 0 5.99727 -1.05242 1.21845 10.375 -0.034569 -0.00351917 0.0937689 
qwerty 96 88 0 5.99727 -1.30127 1.19312 11.05 -0.034569 -0.00351917 0.0937689 
qwerty 96 88 0 5.99727 -1.55012 1.16778 11.725 -0.034569 -0.00351917 0.0937689 
qwerty 96 88 0 5.37787 -1.70964 1.14452 12.104 -0.0394742 0.00552816 0.0917127 
qwerty 96 88 0 5.37787 -1.83702 1.16236 12.4 -0.0394742 0.00552816 0.0917127 
qwerty 96 88 0 2.87897 -1.96705 1.38646 13.075 -0.0128946 0.036231 0.0923095 
qwerty 96 88 0 2.87897 -2.06134 1.6514 13.75 -0.0128946 0.036231 0.0923095 
qwerty 96 88 0 2.87897 -2.15563 1.91633 14.425 -0.0128946 0.036231 0.0923095 
qwerty 96 88 0 2.87897 -2.24992 2.18126 15.1 -0.0128946 0.036231 0.0923095 
qwerty 96 88 0 2.87897 -2.34421 2.4462 15.775 -0.0128946 0.036231 0.0923095 
qwerty 96 88 0 2.87897 -2.4385 2.71113 16.45 -0.0128946 0.036231 0.0923095 
qwerty 96 88 0 2.87897 -2.53279 2.97607 17.125 -0.0128946 0.036231 0.0923095 
qwerty 96 88 0 2.87897 -2.62708 3.241 17.8 -0.0128946 0.036231 0.0923095 
qwerty 96 88 0 2.87897 -2.72137 3.50594 18.475 -0.0128946 0.036231 0.0923095 
qwerty 96 88 0 2.87897 -2.80823 3.75 19.0968 -0.0128946 0.036231 0.0923095 
qwerty 96 88 0 2.87897 -2.81566 3.77087 19.15 -0.0128946 0.036231 0.0923095 
qwerty 96 88 0 2.87897 -2.90995 4.03581 19.825 -0.0128946 0.036231 0.0923095 
qwerty 96 88 0 2.87897 -3.00424 4.30074 20.5 -0.0128946 0.036231 0.0923095 
qwerty 96 88 0 0.269265 -2.88634 3.75 20.3965 0.020513 -0.0892714 -0.0401228 
qwerty 96 88 0 0.269265 -2.68365 2.86789 20 0.020513 -0.0892714 -0.0401228 
qwerty 109 96 0.643775 1.9646 -3.17764 4.51068 21.0318 -0.0723774 0.0423134 0.0545076 
qwerty 109 96 0.41896 1.54564 -3.36773 4.62181 21.175 -0.0078657 -0.0651538 0.0754527 
qwerty 108 96 0.434935 1.00914 -1.73043 1.36211 12.6812 0.097815 0.0200166 -0.00561893 
qwerty 108 96 0.306673 0.702472 -1.57702 1.47095 12.7228 0.0850787 0.0522268 0.00582922 
qwerty 108 96 0.345242 0.35723 -1.47381 1.56503 12.8185 -0.0125122 0.0927226 0.0352983 
qwerty 108 96 0.354872 0.00235844 -1.48181 1.62428 12.841 -0.0931419 -0.0114192 0.034557 
qwerty 108 96 0.00235844 0 -1.48182 1.62427 12.841 -0.0931419 -0.0114192 0.034557 
qwerty 107 96 0.129992 0.319121 -1.76125 1.10638 12.1365 -0.0463561 -0.0885769 0.00229223 
qwerty 107 96 0.319121 0 -1.78618 1.05874 12.1378 -0.0463561 -0.0885769 0.00229223 
qwerty 95 88 0 2.29218 -0.480332 1.32937 9.025 -0.0224046 0.00729764 0.0971842 
qwerty 95 88 0 2.29218 -0.635945 1.38006 9.7 -0.0224046 0.00729764 0.0971842 
qwerty 95 88 0 2.29218 -0.791558 1.43075 10.375 -0.0224046 0.00729764 0.0971842 
qwerty 95 88 0 2.29218 -0.947171 1.48143 11.05 -0.0224046 0.00729764 0.0971842 
qwerty 95 88 0 2.29218 -1.10278 1.53212 11.725 -0.0224046 0.00729764 0.0971842 
qwerty 95 88 0 2.29218 -1.2584 1.58281 12.4 -0.0224046 0.00729764 0.0971842 
qwerty 95 88 0 2.29218 -1.41401 1.63349 13.075 -0.0224046 0.00729764 0.0971842 
qwerty 95 88 0 2.29218 -1.56962 1.68418 13.75 -0.0224046 0.00729764 0.0971842 
qwerty 95 88 0 2.29218 -1.72523 1.73487 14.425 -0.0224046 0.00729764 0.0971842 
qwerty 95 88 0 2.29218 -1.88085 1.78555 15.1 -0.0224046 0.00729764 0.0971842 
qwerty 95 88 0 2.29218 -2.03646 1.83624 15.775 -0.0224046 0.00729764 0.0971842 
qwerty 95 88 0 2.29218 -2.19207 1.88692 16.45 -0.0224046 0.00729764 0.0971842 
qwerty 95 88 0 2.29218 -2.34769 1.93761 17.125 -0.0224046 0.00729764 0.0971842 
qwerty 95 88 0 2.29218 -2.5033 1.9883 17.8 -0.0224046 0.00729764 0.0971842 
qwerty 95 88 0 2.29218 -2.65891 2.03898 18.475 -0.0224046 0.00729764 0.0971842 
qwerty 95 88 0 2.29218 -2.81452 2.08967 19.15 -0.0224046 0.00729764 0.0971842 
qwerty 95 88 0 2.29218 -2.97014 2.14036 19.825 -0.0224046 0.00729764 0.0971842 
qwerty 95 88 0 2.29218 -3.12575 2.19104 20.5 -0.0224046 0.00729764 0.0971842 
qwerty 95 88 0 2.29218 -3.28136 2.24173 21.175 -0.0224046 0.00729764 0.0971842 
qwerty 95 88 0 2.29218 -3.43697 2.29241 21.85 -0.0224046 0.00729764 0.0971842 
qwerty 95 88 0 2.29218 -3.59259 2.3431 22.525 -0.0224046 0.00729764 0.0971842 
qwerty 115 114 0 0.219208 -3.67483 1.92143 22.025 -0.00840172 -0.0630052 -0.0771995 
qwerty 94 88 0 0.193156 -0.392834 1.2286 9.025 -0.00618738 -0.00752099 0.0995246 
qwerty 93 88 0 14.4946 -0.400293 1.29909 9.025 -0.00739736 0.00320964 0.0996744 
qwerty 93 88 0 14.4946 -0.450388 1.32083 9.7 -0.00739736 0.00320964 0.0996744 
qwerty 93 88 0 14.4946 -0.500483 1.34256 10.375 -0.00739736 0.00320964 0.0996744 
qwerty 93 88 0 14.4946 -0.550578 1.3643 11.05 -0.00739736 0.00320964 0.0996744 
qwerty 93 88 0 14.4946 -0.600674 1.38604 11.725 -0.00739736 0.00320964 0.0996744 
qwerty 93 88 0 14.4946 -0.650769 1.40777 12.4 -0.00739736 0.00320964 0.0996744 
qwerty 93 88 0 14.4946 -0.700864 1.42951 13.075 -0.00739736 0.00320964 0.0996744 
qwerty 93 88 0 14.4946 -0.75096 1.45124 13.75 -0.00739736 0.00320964 0.0996744 
qwerty 93 88 0 14.4946 -0.801055 1.47298 14.425 -0.00739736 0.00320964 0.0996744 
qwerty 93 88 0 14.4946 -0.85115 1.49471 15.1 -0.00739736 0.00320964 0.0996744 
qwerty 93 88 0 14.4946 -0.901246 1.51645 15.775 -0.00739736 0.00320964 0.0996744 
qwerty 93 88 0 14.4946 -0.951341 1.53819 16.45 -0.00739736 0.00320964 0.0996744 
qwerty 93 88 0 14.4946 -1.00144 1.55992 17.125 -0.00739736 0.00320964 0.0996744 
qwerty 121 93 0.496128 1.22045 -1.17144 1.64869 17.559 -0.0183135 0.0584927 0.079014 
qwerty 121 93 0.407028 0.813421 -1.15612 1.76087 17.7612 0.043374 0.0500333 0.0749358 
qwerty 121 93 0.123593 0.689828 -1.13364 1.78681 17.8 0.0212584 0.0637136 0.0740855 
qwerty 121 93 0.0377622 0.506749 -1.13644 1.77185 17.7815 -0.0544015 -0.067799 -0.0494345 
qwerty 121 93 0.0383907 0.468359 -1.14937 1.76104 17.7742 -0.0743668 -0.0246496 -0.0621448 
qwerty 121 93 0.0507623 0.417596 -1.16124 1.76076 17.7628 -0.0539813 -0.00820238 -0.0837779 
qwerty 121 93 0.0354573 0.382139 -1.17273 1.75904 17.7499 -0.05792 -0.0443772 -0.0683809 
qwerty 121 93 0.0642539 0.317885 -1.1955 1.7497 17.7317 -0.0769645 0.0396647 -0.0500318 
qwerty 121 93 0.0982363 0.219649 -1.23179 1.75091 17.7201 -0.0709327 -0.0408595 -0.0574374 
qwerty 121 93 0.219649 0 -1.253 1.73869 17.7029 -0.0709327 -0.0408595 -0.0574374 
qwerty 92 88 0 0.934038 -0.26501 1.25 7.87952 -0.0310058 0.0197559 0.0929965 
qwerty 92 88 0 0.934038 -0.421873 1.34995 8.35 -0.0310058 0.0197559 0.0929965 
qwerty 92 88 0 0.934038 -0.646924 1.49334 9.025 -0.0310058 0.0197559 0.0929965 
qwerty 92 88 0 0.934038 -0.871975 1.63674 9.7 -0.0310058 0.0197559 0.0929965 
qwerty 92 88 0 0.934038 -1.09703 1.78013 10.375 -0.0310058 0.0197559 0.0929965 
qwerty 92 88 0 0.934038 -1.32208 1.92353 11.05 -0.0310058 0.0197559 0.0929965 
qwerty 92 88 0 0.170747 -0.875484 2.15234 11.4696 -0.0221071 -0.0495757 -0.0839853 
qwerty 92 88 0 0.170747 -0.939877 2.00793 11.225 -0.0221071 -0.0495757 -0.0839853 
qwerty 124 92 0.26386 0 -0.850705 2.16844 11.4966 0.0619197 0.0402296 0.0674354 
qwerty 45 4 0 5.63539 0.229648 0.569223 4.3 -0.00467808 0.0126048 0.099092 
qwerty 45 4 0 5.63539 0.197781 0.655085 4.975 -0.00467808 0.0126048 0.099092 
qwerty 45 4 0 5.63539 0.165915 0.740947 5.65 -0.00467808 0.0126048 0.099092 
qwerty 45 4 0 5.63539 0.134049 0.826809 6.325 -0.00467808 0.0126048 0.099092 
qwerty 45 4 0 5.63539 0.102182 0.912672 7 -0.00467808 0.0126048 0.099092 
qwerty 45 4 0 5.63539 0.0703159 0.998534 7.675 -0.00467808 0.0126048 0.099092 
qwerty 45 4 0 5.63539 0.0384495 1.0844 8.35 -0.00467808 0.0126048 0.099092 
qwerty 45 4 0 5.63539 0.00658311 1.17026 9.025 -0.00467808 0.0126048 0.099092 
qwerty 45 4 0 5.63539 -0.0230119 1.25 9.65189 -0.00467808 0.0126048 0.099092 
qwerty 45 4 0 5.63539 -0.0252833 1.25612 9.7 -0.00467808 0.0126048 0.099092 
qwerty 45 4 0 5.63539 -0.0571496 1.34198 10.375 -0.00467808 0.0126048 0.099092 
qwerty 45 4 0 5.63539 -0.089016 1.42784 11.05 -0.00467808 0.0126048 0.099092 
qwerty 45 4 0 5.63539 -0.120882 1.51371 11.725 -0.00467808 0.0126048 0.099092 
qwerty 45 4 0 5.63539 -0.152749 1.59957 12.4 -0.00467808 0.0126048 0.099092 
qwerty 45 4 0 5.63539 -0.184615 1.68543 13.075 -0.00467808 0.0126048 0.099092 
qwerty 45 4 0 5.63539 -0.216482 1.77129 13.75 -0.00467808 0.0126048 0.099092 
qwerty 45 4 0 5.63539 -0.248348 1.85716 14.425 -0.00467808 0.0126048 0.099092 
qwerty 45 4 0 5.63539 -0.280214 1.94302 15.1 -0.00467808 0.0126048 0.099092 
qwerty 45 4 0 5.63539 -0.312081 2.02888 15.775 -0.00467808 0.0126048 0.099092 
qwerty 45 4 0 5.63539 -0.343947 2.11474 16.45 -0.00467808 0.0126048 0.099092 
qwerty 45 4 0 5.63539 -0.375813 2.2006 17.125 -0.00467808 0.0126048 0.099092 
qwerty 45 4 0 5.63539 -0.40768 2.28647 17.8 -0.00467808 0.0126048 0.099092 
qwerty 45 4 0 5.63539 -0.439546 2.37233 18.475 -0.00467808 0.0126048 0.099092 
qwerty 45 4 0 5.63539 -0.471413 2.45819 19.15 -0.00467808 0.0126048 0.099092 
qwerty 45 4 0 5.63539 -0.503279 2.54405 19.825 -0.00467808 0.0126048 0.099092 
qwerty 45 4 0 5.63539 -0.535145 2.62991 20.5 -0.00467808 0.0126048 0.099092 
qwerty 45 4 0 5.63539 -0.567012 2.71578 21.175 -0.00467808 0.0126048 0.099092 
qwerty 45 4 0 5.63539 -0.598878 2.80164 21.85 -0.00467808 0.0126048 0.099092 
qwerty 45 4 0 5.63539 -0.630744 2.8875 22.525 -0.00467808 0.0126048 0.099092 
qwerty 45 4 0 5.63539 -0.662611 2.97336 23.2 -0.00467808 0.0126048 0.099092 
qwerty 45 4 0 5.63539 -0.694477 3.05923 23.875 -0.00467808 0.0126048 0.099092 
qwerty 45 4 0 5.63539 -0.726344 3.14509 24.55 -0.00467808 0.0126048 0.099092 
qwerty 45 4 0 5.63539 -0.75821 3.23095 25.225 -0.00467808 0.0126048 0.099092 
qwerty 45 4 0 5.63539 -0.790076 3.31681 25.9 -0.00467808 0.0126048 0.099092 
qwerty 45 4 0 5.63539 -0.821943 3.40267 26.575 -0.00467808 0.0126048 0.099092 
qwerty 45 4 0 5.63539 -0.853809 3.48854 27.25 -0.00467808 0.0126048 0.099092 
qwerty 45 4 0 5.63539 -0.885675 3.5744 27.925 -0.00467808 0.0126048 0.099092 
qwerty 45 4 0 1.32975 -0.672782 3.13899 28.6 0.0266052 -0.0545431 0.0794809 
qwerty 45 4 0 1.32975 -0.446834 2.67577 29.275 0.0266052 -0.0545431 0.0794809 
qwerty 45 4 0 1.20974 -0.331121 2.43855 29.6207 0.00800933 -0.0384065 0.0919826 
qwerty 45 4 0 1.20974 -0.302446 2.30105 29.95 0.00800933 -0.0384065 0.0919826 
qwerty 45 4 0 0.375414 -0.255393 2.07542 30.4904 -0.0790203 -0.0601789 -0.0115883 
qwerty 45 4 0 0.375414 -1.25 1.31796 30.3445 -0.0790203 -0.0601789 -0.0115883 
qwerty 45 4 0 0.375414 -2.74691 0.177969 30.125 -0.0790203 -0.0601789 -0.0115883 
qwerty 129 45 0.146344 0.687979 -0.247151 2.03829 30.5671 -0.0429951 -0.00792175 0.089937 
qwerty 129 45 0.203469 0.48451 -0.262971 2.04153 30.6181 -0.0507639 0.0652642 0.056246 
qwerty 129 45 0.0209339 0.463576 -0.269235 2.04958 30.625 -0.0459053 0.0552433 0.0695765 
qwerty 128 45 0.120017 0 -0.323478 2.4308 29.619 0.0693893 -0.0704101 -0.0150846 
qwerty 127 45 0.545944 1.0305 -0.982601 3.6592 27.6263 0.0277849 -0.0198713 -0.0939847 
qwerty 127 45 0.425972 0.604526 -0.933545 3.6361 27.4376 -0.0958331 0.0216445 -0.0186424 
qwerty 127 45 0.130585 0.473941 -0.998367 3.65074 27.425 -0.0882278 0.0360772 -0.0302371 
qwerty 127 45 0 0.441505 -0.999485 3.649 27.425 -0.0569309 -0.0812556 -0.0125055 
qwerty 127 45 0.0331974 0.40204 -1.00913 3.64011 27.4261 -0.0737353 -0.0659461 0.0146362 
qwerty 127 45 0.0206974 0.381342 -1.01706 3.63265 27.4255 -0.0595733 -0.0792675 0.0129496 
qwerty 127 45 0.0228318 0.358511 -1.02341 3.62282 27.4271 -0.0473553 -0.0879994 0.00368379 
qwerty 127 45 0.0198644 0.338646 -1.02749 3.61147 27.4264 0.00794167 -0.0978662 0.0189509 
qwerty 127 45 0.0173477 0.321299 -1.02589 3.60048 27.4258 0.0170301 -0.0954452 0.0244986 
qwerty 127 45 0.0258408 0.295458 -1.02605 3.58894 27.4278 -0.0611482 -0.0294731 0.0734318 
qwerty 127 45 0.0207513 0.274706 -1.03244 3.58843 27.4373 -0.062626 -0.011954 0.0770395 
qwerty 127 45 0.0138567 0.26085 -1.03667 3.58677 27.4455 -0.0277329 -0.0728555 0.0626335 
qwerty 127 45 0.0289636 0.231886 -1.04277 3.57619 27.4506 -0.038171 -0.07695 0.0512023 
qwerty 127 45 0.0399732 0.191913 -1.05248 3.56578 27.4572 -0.0530929 0.0789858 0.0306984 
qwerty 127 45 0.0805145 0.111398 -1.06709 3.57738 27.4576 -0.0838032 -0.0534777 0.0108238 
qwerty 127 45 0.111398 0 -1.07522 3.57219 27.4586 -0.0838032 -0.0534777 0.0108238 
qwerty 44 4 0 3.14283 0.278052 0.514238 3.625 0.00347789 0.0185849 0.0981963 
qwerty 44 4 0 3.14283 0.301959 0.64199 4.3 0.00347789 0.0185849 0.0981963 
qwerty 44 4 0 3.14283 0.325866 0.769742 4.975 0.00347789 0.0185849 0.0981963 
qwerty 44 4 0 3.14283 0.349773 0.897494 5.65 0.00347789 0.0185849 0.0981963 
qwerty 44 4 0 3.14283 0.37368 1.02525 6.325 0.00347789 0.0185849 0.0981963 
qwerty 44 4 0 3.14283 0.397587 1.153 7 0.00347789 0.0185849 0.0981963 
qwerty 44 4 0 3.14283 0.421494 1.28075 7.675 0.00347789 0.0185849 0.0981963 
qwerty 44 4 0 0.289003 0.440222 1.77333 7.175 0.00238288 0.0667847 -0.0743917 
qwerty 44 4 0 0.289003 0.461843 2.37931 6.5 0.00238288 0.0667847 -0.0743917 
qwerty 43 4 0 5.10789 0.285208 0.494659 3.625 0.00471169 0.0153358 0.0987047 
qwerty 43 4 0 5.10789 0.317429 0.599534 4.3 0.00471169 0.0153358 0.0987047 
qwerty 43 4 0 5.10789 0.349651 0.704409 4.975 0.00471169 0.0153358 0.0987047 
qwerty 43 4 0 5.10789 0.381872 0.809284 5.65 0.00471169 0.0153358 0.0987047 
qwerty 43 4 0 5.10789 0.414093 0.914159 6.325 0.00471169 0.0153358 0.0987047 
qwerty 43 4 0 5.10789 0.446314 1.01903 7 0.00471169 0.0153358 0.0987047 
qwerty 43 4 0 5.10789 0.478536 1.12391 7.675 0.00471169 0.0153358 0.0987047 
qwerty 43 4 0 5.10789 0.510757 1.22878 8.35 0.00471169 0.0153358 0.0987047 
qwerty 43 4 0 5.10789 0.542978 1.33366 9.025 0.00471169 0.0153358 0.0987047 
qwerty 43 4 0 5.10789 0.5752 1.43854 9.7 0.00471169 0.0153358 0.0987047 
qwerty 43 4 0 5.10789 0.607421 1.54341 10.375 0.00471169 0.0153358 0.0987047 
qwerty 43 4 0 5.10789 0.639642 1.64829 11.05 0.00471169 0.0153358 0.0987047 
qwerty 43 4 0 5.10789 0.671864 1.75316 11.725 0.00471169 0.0153358 0.0987047 
qwerty 43 4 0 5.10789 0.704085 1.85804 12.4 0.00471169 0.0153358 0.0987047 
qwerty 43 4 0 5.10789 0.736306 1.96291 13.075 0.00471169 0.0153358 0.0987047 
qwerty 43 4 0 5.10789 0.768528 2.06779 13.75 0.00471169 0.0153358 0.0987047 
qwerty 43 4 0 5.10789 0.800749 2.17266 14.425 0.00471169 0.0153358 0.0987047 
qwerty 43 4 0 5.10789 0.83297 2.27754 15.1 0.00471169 0.0153358 0.0987047 
qwerty 43 4 0 5.10789 0.865191 2.38241 15.775 0.00471169 0.0153358 0.0987047 
qwerty 43 4 0 5.10789 0.897413 2.48729 16.45 0.00471169 0.0153358 0.0987047 
qwerty 43 4 0 5.10789 0.929634 2.59216 17.125 0.00471169 0.0153358 0.0987047 
qwerty 43 4 0 5.10789 0.961855 2.69704 17.8 0.00471169 0.0153358 0.0987047 
qwerty 43 4 0 5.10789 0.994077 2.80191 18.475 0.00471169 0.0153358 0.0987047 
qwerty 43 4 0 5.10789 1.0263 2.90679 19.15 0.00471169 0.0153358 0.0987047 
qwerty 43 4 0 5.10789 1.05852 3.01166 19.825 0.00471169 0.0153358 0.0987047 
qwerty 43 4 0 5.10789 1.09074 3.11654 20.5 0.00471169 0.0153358 0.0987047 
qwerty 43 4 0 0.625665 1.25 5.35695 20.9403 0.00678816 0.0989174 0.0130101 
qwerty 43 4 0 0.625665 1.37245 7.14127 21.175 0.00678816 0.0989174 0.0130101 
qwerty 136 43 0.258816 3.77801 1.25 3.14936 20.7727 0.080946 0.0107637 0.0577225 
qwerty 136 43 0.965693 2.81232 1.63556 3.24884 21.1463 0.063942 0.0483838 0.059753 
qwerty 136 43 0.0839177 2.7284 1.66623 3.27205 21.175 0.0563205 0.0543164 0.0622714 
qwerty 136 43 0.476945 1.26162 1.55581 3.47779 20.9702 -0.0861759 0.0431356 -0.0267029 
qwerty 136 43 0.540499 0.721125 1.39734 3.65364 20.9113 0.032243 0.0506885 -0.0799441 
qwerty 136 43 0.353584 0.36754 1.4047 3.79613 20.8221 0.0394279 0.0795034 0.0460939 
qwerty 136 43 0.300443 0.0670973 1.431 3.84915 20.8528 0.0498878 -0.0130529 -0.0856787 
qwerty 136 43 0.0670973 0 1.43301 3.84862 20.8494 0.0498878 -0.0130529 -0.0856787 
qwerty 42 4 0 6.3151 0.289196 0.497779 3.625 0.00536422 0.015835 0.0985925 
qwerty 42 4 0 6.3151 0.325921 0.606191 4.3 0.00536422 0.015835 0.0985925 
qwerty 42 4 0 6.3151 0.362647 0.714604 4.975 0.00536422 0.015835 0.0985925 
qwerty 42 4 0 6.3151 0.399372 0.823016 5.65 0.00536422 0.015835 0.0985925 
qwerty 42 4 0 6.3151 0.436098 0.931429 6.325 0.00536422 0.015835 0.0985925 
qwerty 42 4 0 6.3151 0.472823 1.03984 7 0.00536422 0.015835 0.0985925 
qwerty 42 4 0 6.3151 0.509548 1.14825 7.675 0.00536422 0.015835 0.0985925 
qwerty 42 4 0 6.3151 0.544016 1.25 8.30849 0.00536422 0.015835 0.0985925 
qwerty 42 4 0 6.3151 0.546274 1.25667 8.35 0.00536422 0.015835 0.0985925 
qwerty 42 4 0 6.3151 0.582999 1.36508 9.025 0.00536422 0.015835 0.0985925 
qwerty 42 4 0 6.3151 0.619725 1.47349 9.7 0.00536422 0.015835 0.0985925 
qwerty 42 4 0 6.3151 0.65645 1.5819 10.375 0.00536422 0.015835 0.0985925 
qwerty 42 4 0 6.3151 0.693175 1.69032 11.05 0.00536422 0.015835 0.0985925 
qwerty 42 4 0 6.3151 0.729901 1.79873 11.725 0.00536422 0.015835 0.0985925 
qwerty 42 4 0 6.3151 0.766626 1.90714 12.4 0.00536422 0.015835 0.0985925 
qwerty 42 4 0 6.3151 0.803352 2.01555 13.075 0.00536422 0.015835 0.0985925 
qwerty 42 4 0 6.3151 0.840077 2.12397 13.75 0.00536422 0.015835 0.0985925 
qwerty 42 4 0 6.3151 0.876803 2.23238 14.425 0.00536422 0.015835 0.0985925 
qwerty 42 4 0 6.3151 0.913528 2.34079 15.1 0.00536422 0.015835 0.0985925 
qwerty 42 4 0 6.3151 0.950253 2.4492 15.775 0.00536422 0.015835 0.0985925 
qwerty 42 4 0 6.3151 0.986979 2.55762 16.45 0.00536422 0.015835 0.0985925 
qwerty 42 4 0 6.3151 1.0237 2.66603 17.125 0.00536422 0.015835 0.0985925 
qwerty 42 4 0 6.3151 1.06043 2.77444 17.8 0.00536422 0.015835 0.0985925 
qwerty 42 4 0 6.3151 1.09716 2.88285 18.475 0.00536422 0.015835 0.0985925 
qwerty 138 42 0.960453 2.85269 1.23595 3.03907 19.15 0.0175766 0.0400023 0.0899493 
qwerty 138 42 0 1.41409 1.24318 3.02683 19.15 0.0419465 -0.0878116 0.0230133 
qwerty 138 42 0.120933 0.744517 1.22127 3.0654 19.1369 -0.0465803 0.0833151 -0.0298139 
qwerty 138 42 0.11429 0.630226 1.20672 3.12133 19.1204 0.0176064 0.0647474 -0.0741471 
qwerty 138 42 0.105541 0.524685 1.19506 3.17072 19.0789 -0.0207231 0.068597 -0.0697496 
qwerty 138 42 0.117904 0.406781 1.18196 3.199 19.0297 -0.0697343 -0.0337147 -0.0632491 
qwerty 138 42 0.155573 0.251208 1.1663 3.14472 18.9817 0.0711649 0.0173743 -0.0680712 
qwerty 138 42 0.251208 0 1.19265 3.15115 18.9565 0.0711649 0.0173743 -0.0680712 
qwerty 41 6 0 2.42065 -3.75 -2.78335 0.704903 -0.0990632 -0.00960499 -0.00970703 
qwerty 41 6 0 2.42065 -6.25 -3.02575 0.459933 -0.0990632 -0.00960499 -0.00970703 
qwerty 41 6 0 2.42065 -6.6065 -3.06031 0.425 -0.0990632 -0.00960499 -0.00970703 
qwerty 41 6 0 2.42065 -13.4951 -3.72822 -0.25 -0.0990632 -0.00960499 -0.00970703 
qwerty 40 6 0 0.223419 -2.68487 -3.26388 1.50299 0.0675354 0.0732416 -0.00863898 
qwerty 40 6 0 0.223419 -0.827896 -1.25 1.26544 0.0675354 0.0732416 -0.00863898 
qwerty 40 6 0 0.165361 0.42513 0.108897 1.10516 0.0784033 -0.0397805 0.0476492 
qwerty 40 6 0 0.103393 1.08619 -0.226513 1.50692 -0.0619156 -0.00186417 -0.0785047 
qwerty 40 6 0 0.103393 0.76526 -0.236176 1.1 -0.0619156 -0.00186417 -0.0785047 
qwerty 144 40 0.0619679 0 1.08881 -0.227379 1.50908 0.0747239 -0.0246375 0.0617198 
qwerty 143 40 0.0181276 0.0399302 0.42649 0.110632 1.10306 0.0189218 0.0981934 0.000139881 
qwerty 143 40 0.0214959 0.0184343 0.427444 0.111908 1.10298 0.0667363 0.046704 -0.0580086 
qwerty 143 40 0.0184343 0 0.427715 0.112098 1.10274 0.0667363 0.046704 -0.0580086 
qwerty 142 40 0.201838 0.982347 -2.7926 -3.33185 1.51828 -0.0937039 -0.00272318 -0.0348162 
qwerty 142 40 0.194191 0.788156 -2.90128 -3.33189 1.50857 -0.0768407 0.00865333 -0.0634084 
qwerty 142 40 0.188952 0.599204 -2.96104 -3.28774 1.45638 0.023239 0.03119 -0.0921256 
qwerty 142 40 0.54271 0.0564948 -2.98275 -3.29462 1.33058 -0.0523296 0.0213621 -0.0824941 
qwerty 142 40 0.0564948 0 -2.98431 -3.29399 1.32812 -0.0523296 0.0213621 -0.0824941 
qwerty 38 6 0 22.0565 -1.99488 -3.33189 1.6 -0.0503385 -0.0716091 0.0483547 
qwerty 38 6 0 22.0565 -2.69757 -4.3315 2.275 -0.0503385 -0.0716091 0.0483547 
qwerty 38 6 0 22.0565 -3.40026 -5.33112 2.95 -0.0503385 -0.0716091 0.0483547 
qwerty 38 6 0 22.0565 -3.75 -5.82864 3.28596 -0.0503385 -0.0716091 0.0483547 
qwerty 38 6 0 22.0565 -4.10295 -6.33074 3.625 -0.0503385 -0.0716091 0.0483547 
qwerty 38 6 0 22.0565 -4.80564 -7.33035 4.3 -0.0503385 -0.0716091 0.0483547 
qwerty 150 147 0 0.377472 -4.18497 -8.32742 3.8 0.0553391 -0.0691133 -0.0464858 
qwerty 150 147 0 0.377472 -3.75 -8.87066 3.43462 0.0553391 -0.0691133 -0.0464858 
qwerty 150 147 0 0.377472 -3.38141 -9.33099 3.125 0.0553391 -0.0691133 -0.0464858 
qwerty 150 147 0 0.377472 -2.57786 -10.3346 2.45 0.0553391 -0.0691133 -0.0464858 
qwerty 150 147 0 0.377472 -1.77431 -11.3381 1.775 0.0553391 -0.0691133 -0.0464858 
qwerty 149 147 0 0.377015 -4.10612 -5.97867 4.975 0.0463358 0.083965 0.0283349 
qwerty 37 6 0 1.12524 -1.25 -1.87542 0.871735 -0.0518921 -0.0737772 0.0431756 
qwerty 37 6 0 1.12524 -1.31402 -1.96644 0.925 -0.0518921 -0.0737772 0.0431756 
qwerty 37 6 0 1.12524 -2.12529 -3.11986 1.6 -0.0518921 -0.0737772 0.0431756 
qwerty 37 6 0 1.12524 -2.93656 -4.27328 2.275 -0.0518921 -0.0737772 0.0431756 
qwerty 37 6 0 1.12524 -3.81726 -5.4341 2.95 -0.0555633 -0.0719043 0.0417431 
qwerty 37 6 0 0.194236 -3.88541 -3.75 2.61443 1.63567e-05 0.0983048 -0.0183347 
qwerty 37 6 0 0.194236 -3.88526 -2.86836 2.45 1.63567e-05 0.0983048 -0.0183347 
qwerty 156 37 0.014831 0.311756 -3.88433 -5.56179 2.94592 0.0394226 0.0320448 -0.0861336 
qwerty 156 37 0.00982288 0.301933 -3.88142 -5.55915 2.94133 0.0316557 0.0373089 -0.0872122 
qwerty 156 37 0.00986067 0.292072 -3.87943 -5.55633 2.93671 0.0305415 0.0551617 -0.077617 
qwerty 156 37 0.0196791 0.272393 -3.87559 -5.55063 2.93142 0.0738999 0.0321583 -0.0592 
qwerty 156 37 0.0288738 0.243519 -3.86602 -5.5458 2.92764 0.0481095 0.0820793 -0.0307971 
qwerty 156 37 0.0379357 0.205583 -3.85739 -5.53573 2.92048 0.0745304 0.0653785 -0.0130721 
qwerty 156 37 0.0383182 0.167265 -3.85064 -5.52082 2.91275 0.041988 0.0182274 -0.0889088 
qwerty 156 37 0.144459 0.0228061 -3.85432 -5.51599 2.89304 -0.0197644 -0.000362405 -0.0980267 
qwerty 156 37 0.0228061 0 -3.85444 -5.51599 2.89245 -0.0197644 -0.000362405 -0.0980267 
qwerty 158 36 0.290312 3.45172 -0.0336425 -0.332278 6.62932 -0.0227944 -0.00961209 0.0968918 
qwerty 158 36 0.57267 2.87905 -0.120847 -0.369051 7 -0.0542593 -0.00296967 0.0839471 
qwerty 160 158 0 0.3882 -0.148715 -0.372414 7 -0.0294907 -0.010286 0.0949974 
qwerty 160 158 0 0.3882 -0.35826 -0.4455 7.675 -0.0294907 -0.010286 0.0949974 
qwerty 160 158 0 0.3882 -0.567805 -0.518587 8.35 -0.0294907 -0.010286 0.0949974 
qwerty 35 5 0 1.30208 -1.25 -0.711474 6.32241 -0.0956117 -0.0290544 -0.00377439 
qwerty 35 5 0 1.30208 -3.75 -1.47117 6.22372 -0.0956117 -0.0290544 -0.00377439 
qwerty 35 5 0 1.30208 -6.25 -2.23087 6.12503 -0.0956117 -0.0290544 -0.00377439 
qwerty 35 5 0 1.30208 -8.75 -2.99057 6.02634 -0.0956117 -0.0290544 -0.00377439 
qwerty 35 5 0 1.30208 -11.25 -3.75027 5.92765 -0.0956117 -0.0290544 -0.00377439 
qwerty 35 5 0 1.30208 -13.75 -4.50996 5.82896 -0.0956117 -0.0290544 -0.00377439 
qwerty 35 5 0 1.30208 -13.8503 -4.54043 5.825 -0.0956117 -0.0290544 -0.00377439 
qwerty 35 5 0 0.917285 -15.2721 -4.96704 5.15 -0.078021 -0.023224 -0.0580807 
qwerty 35 5 0 0.838929 -15.7957 -5.12291 4.76018 -0.0936378 -0.0174587 -0.0304494 
qwerty 35 5 0 0.838929 -16.25 -5.20761 4.61246 -0.0936378 -0.0174587 -0.0304494 
qwerty 35 5 0 0.838929 -16.6727 -5.28642 4.475 -0.0936378 -0.0174587 -0.0304494 
qwerty 163 35 0.0783554 0 -15.7945 -5.12411 4.75518 0.0237986 -0.0226694 -0.0944443 
qwerty 167 162 0 0.223085 -15.1342 -5.00293 6.325 -0.077666 -0.0311976 0.0547239 
qwerty 34 5 0 2.60272 -0.388916 -0.713562 7 -0.0559155 -0.0454363 0.0693469 
qwerty 34 5 0 2.60272 -0.933179 -1.15582 7.675 -0.0559155 -0.0454363 0.0693469 
qwerty 34 5 0 2.60272 -1.47744 -1.59809 8.35 -0.0559155 -0.0454363 0.0693469 
qwerty 34 5 0 2.60272 -2.0217 -2.04035 9.025 -0.0559155 -0.0454363 0.0693469 
qwerty 34 5 0 2.44199 -2.54627 -2.34685 9.7 -0.0580787 -0.0306991 0.0753951 
qwerty 34 5 0 2.44199 -3.06624 -2.6217 10.375 -0.0580787 -0.0306991 0.0753951 
qwerty 34 5 0 2.44199 -3.5862 -2.89654 11.05 -0.0580787 -0.0306991 0.0753951 
qwerty 34 5 0 2.44199 -3.75 -2.98312 11.2626 -0.0580787 -0.0306991 0.0753951 
qwerty 34 5 0 2.44199 -4.10617 -3.17138 11.725 -0.0580787 -0.0306991 0.0753951 
qwerty 34 5 0 2.44199 -4.62614 -3.44623 12.4 -0.0580787 -0.0306991 0.0753951 
qwerty 34 5 0 2.44199 -5.14611 -3.72107 13.075 -0.0580787 -0.0306991 0.0753951 
qwerty 34 5 0 1.82798 -5.35575 -3.94357 13.75 -0.0246038 -0.0297262 0.0922551 
qwerty 34 5 0 1.82798 -5.53576 -4.16106 14.425 -0.0246038 -0.0297262 0.0922551 
qwerty 34 5 0 1.82798 -5.71578 -4.37856 15.1 -0.0246038 -0.0297262 0.0922551 
qwerty 34 5 0 1.82798 -5.8958 -4.59606 15.775 -0.0246038 -0.0297262 0.0922551 
qwerty 34 5 0 1.10888 -6.06936 -4.37478 16.45 -0.0237147 0.0304802 0.0922419 
qwerty 34 5 0 0.123288 -6.14294 -4.39936 16.3542 0.0522123 0.0595879 0.0610177 
qwerty 34 5 0 0.123288 -6.061 -4.30584 16.45 0.0522123 0.0595879 0.0610177 
qwerty 173 34 0.103941 0 -6.14691 -4.40261 16.3473 -0.0460331 -0.0377244 -0.0803606 
qwerty 171 34 0 0.536703 -5.89606 -4.59772 15.775 -0.0746465 -0.0631879 0.0208611 
qwerty 33 5 0 1.38447 0.212101 -0.325109 6.325 -0.0204118 -0.0516679 0.0831492 
qwerty 33 5 0 1.38447 0.046399 -0.744546 7 -0.0204118 -0.0516679 0.0831492 
qwerty 33 5 0 1.38447 -0.119303 -1.16398 7.675 -0.0204118 -0.0516679 0.0831492 
qwerty 33 5 0 1.38447 -0.285005 -1.58342 8.35 -0.0204118 -0.0516679 0.0831492 
qwerty 33 5 0 1.38447 -0.450706 -2.00286 9.025 -0.0204118 -0.0516679 0.0831492 
qwerty 33 5 0 1.38447 -0.616408 -2.42229 9.7 -0.0204118 -0.0516679 0.0831492 
qwerty 33 5 0 1.38447 -0.78211 -2.84173 10.375 -0.0204118 -0.0516679 0.0831492 
qwerty 33 5 0 1.38447 -0.947812 -3.26117 11.05 -0.0204118 -0.0516679 0.0831492 
qwerty 33 5 0 1.38447 -1.11351 -3.6806 11.725 -0.0204118 -0.0516679 0.0831492 
qwerty 33 5 0 1.38447 -1.27922 -4.10004 12.4 -0.0204118 -0.0516679 0.0831492 
qwerty 33 5 0 1.38447 -1.44492 -4.51948 13.075 -0.0204118 -0.0516679 0.0831492 
qwerty 33 5 0 1.38447 -1.61062 -4.93891 13.75 -0.0204118 -0.0516679 0.0831492 
qwerty 33 5 0 1.38447 -1.77632 -5.35835 14.425 -0.0204118 -0.0516679 0.0831492 
qwerty 33 5 0 1.38447 -1.94202 -5.77779 15.1 -0.0204118 -0.0516679 0.0831492 
qwerty 33 5 0 1.38447 -2.10772 -6.19722 15.775 -0.0204118 -0.0516679 0.0831492 
qwerty 33 5 0 1.38447 -2.27343 -6.61666 16.45 -0.0204118 -0.0516679 0.0831492 
qwerty 33 5 0 1.38447 -2.43913 -7.0361 17.125 -0.0204118 -0.0516679 0.0831492 
qwerty 33 5 0 1.38447 -2.60483 -7.45553 17.8 -0.0204118 -0.0516679 0.0831492 
qwerty 33 5 0 1.38447 -2.77053 -7.87497 18.475 -0.0204118 -0.0516679 0.0831492 
qwerty 33 5 0 1.38447 -2.93623 -8.29441 19.15 -0.0204118 -0.0516679 0.0831492 
qwerty 33 5 0 1.38447 -3.10193 -8.71385 19.825 -0.0204118 -0.0516679 0.0831492 
qwerty 33 5 0 1.38447 -3.26764 -9.13328 20.5 -0.0204118 -0.0516679 0.0831492 
qwerty 33 5 0 1.38447 -3.43334 -9.55272 21.175 -0.0204118 -0.0516679 0.0831492 
qwerty 176 175 0 0.257124 -3.77341 -9.77334 21.85 -0.0457613 -0.0247425 0.0854033 
qwerty 32 5 0 1.69864 0.475746 -0.220647 6.325 0.0191366 -0.0401272 0.0895745 
qwerty 32 5 0 1.69864 0.619952 -0.52303 7 0.0191366 -0.0401272 0.0895745 
qwerty 32 5 0 1.69864 0.764159 -0.825414 7.675 0.0191366 -0.0401272 0.0895745 
qwerty 32 5 0 1.69864 0.908365 -1.1278 8.35 0.0191366 -0.0401272 0.0895745 
qwerty 32 5 0 1.69864 1.05257 -1.43018 9.025 0.0191366 -0.0401272 0.0895745 
qwerty 32 5 0 1.69864 1.19678 -1.73256 9.7 0.0191366 -0.0401272 0.0895745 
qwerty 32 5 0 1.69864 1.25 -1.84416 9.94912 0.0191366 -0.0401272 0.0895745 
qwerty 32 5 0 1.69864 1.34099 -2.03495 10.375 0.0191366 -0.0401272 0.0895745 
qwerty 32 5 0 1.69864 1.48519 -2.33733 11.05 0.0191366 -0.0401272 0.0895745 
qwerty 31 5 0 45.1378 0.432344 -0.227829 6.325 0.0129629 -0.0414821 0.0900622 
qwerty 31 5 0 45.1378 0.529499 -0.538729 7 0.0129629 -0.0414821 0.0900622 
qwerty 31 5 0 45.1378 0.626653 -0.84963 7.675 0.0129629 -0.0414821 0.0900622 
qwerty 31 5 0 45.1378 0.723807 -1.16053 8.35 0.0129629 -0.0414821 0.0900622 
qwerty 31 5 0 45.1378 0.820961 -1.47143 9.025 0.0129629 -0.0414821 0.0900622 
qwerty 31 5 0 45.1378 0.918116 -1.78233 9.7 0.0129629 -0.0414821 0.0900622 
qwerty 31 5 0 45.1378 1.01527 -2.09323 10.375 0.0129629 -0.0414821 0.0900622 
qwerty 31 5 0 45.1378 1.11242 -2.40413 11.05 0.0129629 -0.0414821 0.0900622 
qwerty 31 5 0 45.1378 1.20958 -2.71503 11.725 0.0129629 -0.0414821 0.0900622 
qwerty 31 5 0 45.1378 1.30673 -3.02594 12.4 0.0129629 -0.0414821 0.0900622 
qwerty 31 5 0 45.1378 1.40389 -3.33684 13.075 0.0129629 -0.0414821 0.0900622 
qwerty 31 5 0 45.1378 1.50104 -3.64774 13.75 0.0129629 -0.0414821 0.0900622 
qwerty 31 5 0 45.1378 1.5982 -3.95864 14.425 0.0129629 -0.0414821 0.0900622 
qwerty 31 5 0 45.1378 1.69535 -4.26954 15.1 0.0129629 -0.0414821 0.0900622 
qwerty 31 5 0 45.1378 1.7925 -4.58044 15.775 0.0129629 -0.0414821 0.0900622 
qwerty 31 5 0 45.1378 1.88966 -4.89134 16.45 0.0129629 -0.0414821 0.0900622 
qwerty 31 5 0 45.1378 1.98681 -5.20224 17.125 0.0129629 -0.0414821 0.0900622 
qwerty 31 5 0 45.1378 2.08397 -5.51314 17.8 0.0129629 -0.0414821 0.0900622 
qwerty 31 5 0 45.1378 2.18112 -5.82404 18.475 0.0129629 -0.0414821 0.0900622 
qwerty 31 5 0 1.43293 2.13859 -6.25 18.7583 -0.0173681 -0.093014 0.0323534 
qwerty 31 5 0 0.877224 1.99588 -7.01424 19.0241 0.048837 -0.083314 0.0259563 
qwerty 31 5 0 0.877224 2.23269 -7.41823 19.15 0.048837 -0.083314 0.0259563 
qwerty 181 31 0.12164 0.434065 1.95381 -7.07042 19.0103 -0.0583134 -0.0812266 0.00133616 
qwerty 181 31 0.210563 0.223502 1.88986 -7.1063 19.0462 -0.0987578 -0.0155969 0.00190621 
qwerty 181 31 0.223502 0 1.8595 -7.1111 19.0468 -0.0987578 -0.0155969 0.00190621 
qwerty 180 31 0.996679 34.3991 2.30522 -6.13265 19.15 0.0212495 -0.0361718 0.0907747 
qwerty 180 31 0.885588 30.9991 2.33759 -6.36538 19.825 -0.000153991 -0.0388393 0.0921493 
qwerty 180 31 0.91906 26.325 2.5075 -6.63673 20.5 0.0301325 -0.0380691 0.087423 
qwerty 180 31 0.964077 21.8307 2.903 -6.91884 21.175 0.0457843 -0.0348944 0.0817691 
qwerty 180 31 1.05969 16.9236 3.16655 -7.31895 21.85 0.0132528 -0.0647182 0.0750727 
qwerty 180 31 1.02436 4.2466 2.84198 -7.52117 22.525 -0.0892909 -0.0387693 0.0228927 
qwerty 187 180 0 0.910084 2.3699 -6.42428 20 0.0308584 -0.0943219 -0.0122942 
qwerty 187 180 0.0781281 0.791261 2.38594 -6.47525 20.019 0.0287011 -0.095741 0.00314799 
qwerty 187 180 0.104411 0.686851 2.41123 -6.5312 20.0052 0.0335595 -0.0939962 -0.00620315 
qwerty 187 180 0.0824466 0.604404 2.42864 -6.57769 20.004 0.0448914 -0.0842337 0.0298236 
qwerty 187 180 0.125962 0.478442 2.46726 -6.62329 20.0053 0.0210909 -0.0875706 -0.0434345 
qwerty 187 180 0.0184803 0.459962 2.46983 -6.63396 20 0.00444749 -0.0651353 -0.075747 
qwerty 187 180 0.00418127 0.171859 2.47514 -6.6263 20.0009 0.00360425 -0.0861941 0.0505726 
qwerty 187 180 0.0036851 0.168174 2.47541 -6.62795 20.0019 0.0134615 -0.0871241 0.0472036 
qwerty 187 180 0.00459535 0.163579 2.47548 -6.62967 20.0026 -0.0122188 -0.0908823 0.0398886 
qwerty 187 180 0.00323619 0.160343 2.47506 -6.63123 20.0032 -0.0185468 -0.0877786 0.0441693 
qwerty 187 180 0.00404192 0.156301 2.47502 -6.63292 20.004 0.0100406 -0.0452628 0.0886028 
qwerty 187 180 0.00697525 0.149326 2.47539 -6.63418 20.0058 0.0439911 -0.0562092 0.0700379 
qwerty 187 180 0.00735709 0.141968 2.47741 -6.63526 20.0082 0.0773646 -0.0483927 0.0409007 
qwerty 187 180 0.0146078 0.127361 2.48254 -6.63623 20.0097 0.0761729 0.00594281 0.0645165 
qwerty 187 180 0.0229816 0.104379 2.48774 -6.63698 20.0116 0.0756664 -0.0476338 0.0447842 
qwerty 187 180 0.0311438 0.0732353 2.49096 -6.63884 20.0172 0.0613996 0.041804 0.0669516 
qwerty 187 180 0.0732353 0 2.49385 -6.63687 20.0204 0.0613996 0.041804 0.0669516 
qwerty 193 180 0 0.330428 1.64659 -7.19974 23.2 -0.0864857 0.0136452 0.0483118 
qwerty 192 180 0 4.96012 2.83043 -7.78606 22.525 -0.0486026 -0.0452874 0.0747452 
qwerty 192 180 0 4.96012 2.39151 -8.19504 23.2 -0.0486026 -0.0452874 0.0747452 
qwerty 191 180 0 3.64345 2.83683 -8.18556 22.525 -0.0308122 -0.0761067 0.0570822 
qwerty 191 180 0 3.64345 2.60831 -8.75 22.9483 -0.0308122 -0.0761067 0.0570822 
qwerty 191 180 0 3.64345 2.47247 -9.08553 23.2 -0.0308122 -0.0761067 0.0570822 
qwerty 191 180 0 3.64345 2.10812 -9.98549 23.875 -0.0308122 -0.0761067 0.0570822 
qwerty 191 180 0 3.64345 1.74376 -10.8855 24.55 -0.0308122 -0.0761067 0.0570822 
qwerty 191 180 0 3.64345 1.37941 -11.7854 25.225 -0.0308122 -0.0761067 0.0570822 
qwerty 191 180 0 3.64345 1.01505 -12.6854 25.9 -0.0308122 -0.0761067 0.0570822 
qwerty 191 180 0 3.64345 0.650694 -13.5854 26.575 -0.0308122 -0.0761067 0.0570822 
qwerty 191 180 0 3.64345 0.286338 -14.4853 27.25 -0.0308122 -0.0761067 0.0570822 
qwerty 191 180 0 3.64345 -0.0780179 -15.3853 27.925 -0.0308122 -0.0761067 0.0570822 
qwerty 190 180 0 0.250666 3.36172 -6.90707 21.7789 0.0173495 0.0586759 -0.0790957 
qwerty 190 180 0 0.250666 3.45581 -6.58887 21.35 0.0173495 0.0586759 -0.0790957 
qwerty 190 180 0 0.148593 3.5642 -6.22228 20.8558 -0.0689774 -0.0704347 -0.0167652 
qwerty 190 180 0 0.148593 2.82018 -6.98202 20.675 -0.0689774 -0.0704347 -0.0167652 
qwerty 202 190 0.102073 0 3.5678 -6.21607 20.8516 0.0430979 0.0743196 -0.0511779 
qwerty 201 190 0.0581481 0.651733 3.37857 -6.91824 21.8139 0.0744099 -0.0547064 0.0383456 
qwerty 201 190 0.0623068 0.589426 3.40096 -6.94161 21.8239 0.0584585 -0.0674597 0.0450754 
qwerty 201 190 0.083478 0.505948 3.42115 -6.96754 21.8346 0.0418677 -0.090813 0.000299437 
qwerty 201 190 0.0804924 0.425456 3.4421 -6.9978 21.8467 0.0613067 -0.0751493 0.0243738 
qwerty 201 190 0.0269622 0.398494 3.45052 -7.00811 21.85 0.034559 -0.0725236 0.0595483 
qwerty 201 190 0.00804049 0.189295 3.45403 -7.00763 21.8499 0.0834242 -0.0508328 0.0213642 
qwerty 201 190 0.00125493 0.18804 3.45452 -7.00793 21.85 0.0856893 -0.0494357 0.0146101 
qwerty 201 190 0.00400574 0.178332 3.45525 -7.00726 21.8479 0.0282025 0.034396 -0.089563 
qwerty 201 190 0.00352065 0.174811 3.45558 -7.00678 21.8457 0.0227301 0.0162906 -0.0960102 
qwerty 201 190 0.00562826 0.169183 3.45588 -7.00623 21.8434 0.00904347 0.035952 -0.0928745 
qwerty 201 190 0.0109907 0.158192 3.4558 -7.00577 21.84 0.0562043 -0.0211762 -0.079954 
qwerty 201 190 0.0154774 0.142715 3.46048 -7.00778 21.8367 0.0435211 -0.0771666 -0.0463813 
qwerty 201 190 0.023901 0.118814 3.46315 -7.01311 21.8331 0.0661459 -0.0575127 -0.0481353 
qwerty 201 190 0.0485718 0.070242 3.46545 -7.02008 21.8269 0.0472906 -0.0508172 -0.0719807 
qwerty 201 190 0.070242 0 3.46752 -7.0223 21.8237 0.0472906 -0.0508172 -0.0719807 
qwerty 188 180 0 0.995257 2.63034 -6.86716 21.175 0.0162298 -0.0301777 0.0939463 
qwerty 188 180 0 0.995257 2.74695 -7.08399 21.85 0.0162298 -0.0301777 0.0939463 
qwerty 188 180 0 0.995257 2.86357 -7.30081 22.525 0.0162298 -0.0301777 0.0939463 
qwerty 188 180 0 0.995257 2.98018 -7.51764 23.2 0.0162298 -0.0301777 0.0939463 
qwerty 188 180 0 0.614476 3.06408 -7.28153 23.875 0.00942763 0.0489692 0.0866783 
qwerty 186 180 0 0.192624 2.41479 -6.50738 20.5 0.0139769 -0.0166017 0.0976168 
qwerty 185 180 0 0.311588 2.2741 -6.41163 19.825 -0.00715597 -0.039944 0.0913962 
qwerty 184 180 0 8.15723 2.28032 -6.13666 19.15 0.0132918 -0.0417143 0.0899069 
qwerty 184 180 0 8.15723 2.38011 -6.44984 19.825 0.0132918 -0.0417143 0.0899069 
qwerty 184 180 0 8.15723 2.47991 -6.76302 20.5 0.0132918 -0.0417143 0.0899069 
qwerty 184 180 0 8.15723 2.5797 -7.0762 21.175 0.0132918 -0.0417143 0.0899069 
qwerty 184 180 0 8.15723 2.67949 -7.38938 21.85 0.0132918 -0.0417143 0.0899069 
qwerty 184 180 0 8.15723 2.77928 -7.70257 22.525 0.0132918 -0.0417143 0.0899069 
qwerty 184 180 0 8.15723 2.87907 -8.01575 23.2 0.0132918 -0.0417143 0.0899069 
qwerty 184 180 0 8.15723 2.97887 -8.32893 23.875 0.0132918 -0.0417143 0.0899069 
qwerty 184 180 0 8.15723 3.07866 -8.64211 24.55 0.0132918 -0.0417143 0.0899069 
qwerty 184 180 0 8.15723 3.17845 -8.95529 25.225 0.0132918 -0.0417143 0.0899069 
qwerty 184 180 0 8.15723 3.27824 -9.26847 25.9 0.0132918 -0.0417143 0.0899069 
qwerty 184 180 0 8.15723 3.37804 -9.58165 26.575 0.0132918 -0.0417143 0.0899069 
qwerty 184 180 0 8.15723 3.47783 -9.89484 27.25 0.0132918 -0.0417143 0.0899069 
qwerty 184 180 0 3.44166 3.75 -10.0518 27.7387 0.0504882 -0.0249804 0.0826252 
qwerty 184 180 0 3.44166 3.86384 -10.1081 27.925 0.0504882 -0.0249804 0.0826252 
qwerty 184 180 0 3.44166 4.2763 -10.3122 28.6 0.0504882 -0.0249804 0.0826252 
qwerty 184 180 0 3.44166 4.68876 -10.5163 29.275 0.0504882 -0.0249804 0.0826252 
qwerty 184 180 0 3.44166 5.10122 -10.7204 29.95 0.0504882 -0.0249804 0.0826252 
qwerty 184 180 0 3.44166 5.51368 -10.9244 30.625 0.0504882 -0.0249804 0.0826252 
qwerty 184 180 0 3.44166 5.92614 -11.1285 31.3 0.0504882 -0.0249804 0.0826252 
qwerty 184 180 0 3.44166 6.25 -11.2888 31.83 0.0504882 -0.0249804 0.0826252 
qwerty 184 180 0 3.44166 6.3386 -11.3326 31.975 0.0504882 -0.0249804 0.0826252 
qwerty 216 210 0 0.48147 3.46455 -8.75 26.9112 -0.00743048 0.0943003 -0.0324383 
qwerty 216 210 0 0.48147 3.42763 -8.2814 26.75 -0.00743048 0.0943003 -0.0324383 
qwerty 214 210 0 0.50098 3.61183 -10.1379 27.925 0.0196234 -0.031947 0.0927055 
qwerty 214 210 0 0.50098 3.75471 -10.3705 28.6 0.0196234 -0.031947 0.0927055 
qwerty 214 210 0 0.50098 3.89759 -10.6031 29.275 0.0196234 -0.031947 0.0927055 
qwerty 214 210 0 0.50098 4.04047 -10.8357 29.95 0.0196234 -0.031947 0.0927055 
qwerty 214 210 0 0.50098 4.18335 -11.0684 30.625 0.0196234 -0.031947 0.0927055 
qwerty 214 210 0 0.50098 4.29493 -11.25 31.1521 0.0196234 -0.031947 0.0927055 
qwerty 214 210 0 0.335081 4.31299 -11.2794 31.2375 0.000730037 0.0652911 0.0757399 
qwerty 214 210 0 0.335081 4.31332 -11.25 31.2716 0.000730037 0.0652911 0.0757399 
qwerty 214 210 0 0.335081 4.3136 -11.2255 31.3 0.000730037 0.0652911 0.0757399 
qwerty 219 214 0.0572982 0.108601 4.31828 -11.2875 31.2502 0.0828844 -0.0150265 0.0538923 
qwerty 219 214 0.108601 0 4.32598 -11.2889 31.2552 0.0828844 -0.0150265 0.0538923 
qwerty 30 5 0 1.21321 0.328945 0.0909985 5.65 0.00807394 -0.0330175 0.094046 
qwerty 30 5 0 1.21321 0.386895 -0.145979 6.325 0.00807394 -0.0330175 0.094046 
qwerty 30 5 0 1.21321 0.444844 -0.382956 7 0.00807394 -0.0330175 0.094046 
qwerty 30 5 0 1.21321 0.502794 -0.619934 7.675 0.00807394 -0.0330175 0.094046 
qwerty 30 5 0 1.21321 0.560743 -0.856911 8.35 0.00807394 -0.0330175 0.094046 
qwerty 30 5 0 0.913938 0.949259 -1.50561 9.025 0.0389844 -0.0645827 0.0656452 
qwerty 30 5 0 0.913938 1.35012 -2.16969 9.7 0.0389844 -0.0645827 0.0656452 
qwerty 30 5 0 0.913938 1.75098 -2.83376 10.375 0.0389844 -0.0645827 0.0656452 
qwerty 30 5 0 0.913938 2.15184 -3.49784 11.05 0.0389844 -0.0645827 0.0656452 
qwerty 30 5 0 0.736383 2.31922 -3.81904 11.725 0.0132058 -0.0299478 0.094492 
qwerty 30 5 0 0.736383 2.41355 -4.03297 12.4 0.0132058 -0.0299478 0.094492 
qwerty 30 5 0 0.736383 2.50789 -4.24691 13.075 0.0132058 -0.0299478 0.094492 
qwerty 30 5 0 0.736383 2.60222 -4.46084 13.75 0.0132058 -0.0299478 0.094492 
qwerty 30 5 0 0.736383 2.69656 -4.67477 14.425 0.0132058 -0.0299478 0.094492 
qwerty 30 5 0 0.736383 2.79089 -4.8887 15.1 0.0132058 -0.0299478 0.094492 
qwerty 30 5 0 0.736383 2.88523 -5.10263 15.775 0.0132058 -0.0299478 0.094492 
qwerty 30 5 0 0.736383 2.97956 -5.31656 16.45 0.0132058 -0.0299478 0.094492 
qwerty 30 5 0 0.736383 3.0739 -5.53049 17.125 0.0132058 -0.0299478 0.094492 
qwerty 30 5 0 0.736383 3.16823 -5.74442 17.8 0.0132058 -0.0299478 0.094492 
qwerty 29 5 0 1.52942 0.321305 0.0941268 5.65 0.00671347 -0.0325529 0.0943146 
qwerty 29 5 0 1.52942 0.369352 -0.138851 6.325 0.00671347 -0.0325529 0.0943146 
qwerty 29 5 0 1.52942 0.4174 -0.371829 7 0.00671347 -0.0325529 0.0943146 
qwerty 29 5 0 1.52942 0.465448 -0.604807 7.675 0.00671347 -0.0325529 0.0943146 
qwerty 29 5 0 1.52942 0.513495 -0.837785 8.35 0.00671347 -0.0325529 0.0943146 
qwerty 29 5 0 1.52942 0.561543 -1.07076 9.025 0.00671347 -0.0325529 0.0943146 
qwerty 29 5 0 1.29394 0.748049 -1.15831 9.7 0.0308641 -0.00740151 0.0948295 
qwerty 228 29 0.224383 0.980377 0.716232 -1.05355 9.91473 -0.0263793 0.0805711 0.0530324 
qwerty 228 29 0.334808 0.64557 0.698777 -0.935821 9.97207 -0.0544914 0.081111 0.0212531 
qwerty 228 29 0.330453 0.315117 0.585805 -0.851022 9.92137 -0.00622331 0.0788157 -0.061232 
qwerty 228 29 0.315117 0 0.582522 -0.809445 9.88906 -0.00622331 0.0788157 -0.061232 
qwerty 28 5 0 0.390985 0.291915 0.196443 5.65 0.000769305 -0.0151581 0.0988415 
qwerty 28 5 0 0.390985 0.297169 0.0929263 6.325 0.000769305 -0.0151581 0.0988415 
qwerty 28 5 0 0.321817 0.882591 -0.0173998 7 0.0700373 -0.011616 0.0704262 
qwerty 27 5 0 0.242842 0.29081 0.24104 5.2941 -0.00687944 0.052184 -0.0850265 
qwerty 27 5 0 0.242842 0.279151 0.329478 5.15 -0.00687944 0.052184 -0.0850265 
qwerty 231 27 0.189717 2.60821 0.296493 0.229057 5.34338 -0.00029561 -0.0243069 0.0970005 
qwerty 231 27 0.463627 2.14459 0.295559 0.152223 5.65 -0.0184453 -0.0326844 0.0926904 
qwerty 233 231 5.38305e-05 0.00968912 0.298968 0.218037 5.37131 0.0699041 -0.0510083 0.0501156 
qwerty 233 231 0.00029101 0 0.380092 0.158841 5.42947 0.0699041 -0.0510083 0.0501156 
qwerty 236 233 0.00939811 0 0.3802 0.158787 5.42945 0.0883427 -0.0441056 -0.0158198 
qwerty 26 5 0 2.40974 0.272336 0.357027 4.975 -0.00175015 -0.00940671 0.0995412 
qwerty 26 5 0 2.40974 0.260468 0.293239 5.65 -0.00175015 -0.00940671 0.0995412 
qwerty 26 5 0 2.40974 0.2486 0.229451 6.325 -0.00175015 -0.00940671 0.0995412 
qwerty 26 5 0 2.40974 0.236732 0.165663 7 -0.00175015 -0.00940671 0.0995412 
qwerty 26 5 0 2.40974 0.224865 0.101875 7.675 -0.00175015 -0.00940671 0.0995412 
qwerty 26 5 0 2.40974 0.212997 0.0380874 8.35 -0.00175015 -0.00940671 0.0995412 
qwerty 26 5 0 2.40974 0.201129 -0.0257005 9.025 -0.00175015 -0.00940671 0.0995412 
qwerty 26 5 0 2.40974 0.189261 -0.0894885 9.7 -0.00175015 -0.00940671 0.0995412 
qwerty 26 5 0 2.40974 0.177393 -0.153276 10.375 -0.00175015 -0.00940671 0.0995412 
qwerty 26 5 0 2.40974 0.165525 -0.217064 11.05 -0.00175015 -0.00940671 0.0995412 
qwerty 26 5 0 2.40974 0.153657 -0.280852 11.725 -0.00175015 -0.00940671 0.0995412 
qwerty 26 5 0 0.247629 -0.0160984 -0.750468 11.4922 -0.0833696 -0.0549156 -0.00581229 
qwerty 26 5 0 0.247629 -1.25 -1.56324 11.4061 -0.0833696 -0.0549156 -0.00581229 
qwerty 26 5 0 0.166405 -2.10523 -2.12658 11.3465 -0.0281363 0.0525358 -0.0803016 
qwerty 26 5 0 0.166405 -2.14781 -2.04708 11.225 -0.0281363 0.0525358 -0.0803016 
qwerty 239 26 0.0812247 0 -2.10824 -2.13079 11.3488 -0.0533251 -0.074632 0.0398308 
qwerty 238 26 0.0463566 0 -0.0149081 -0.751263 11.4906 0.0565481 -0.0377436 -0.073333 
qwerty 25 5 0 15.7663 0.263629 0.396862 4.975 -0.00320059 -0.00294684 0.0999053 
qwerty 25 5 0 15.7663 0.242004 0.376952 5.65 -0.00320059 -0.00294684 0.0999053 
qwerty 25 5 0 15.7663 0.22038 0.357042 6.325 -0.00320059 -0.00294684 0.0999053 
qwerty 241 25 0 0.377386 0.725096 1.65539 6.1032 -0.0133869 0.0545592 -0.082729 
qwerty 241 25 0 0.377386 0.680078 1.83887 5.825 -0.0133869 0.0545592 -0.082729 
qwerty 245 241 0.161407 0 0.735157 1.66735 6.11232 0.055602 0.066095 0.0503971 
qwerty 24 5 0 1.22217 0.261065 0.385693 4.975 -0.00360769 -0.00472067 0.0998233 
qwerty 24 5 0 1.22217 0.23667 0.353772 5.65 -0.00360769 -0.00472067 0.0998233 
qwerty 24 5 0 1.22217 0.212275 0.321851 6.325 -0.00360769 -0.00472067 0.0998233 
qwerty 24 5 0 1.22217 0.18788 0.28993 7 -0.00360769 -0.00472067 0.0998233 
qwerty 24 5 0 1.22217 0.163485 0.258009 7.675 -0.00360769 -0.00472067 0.0998233 
qwerty 24 5 0 1.22217 0.13909 0.226088 8.35 -0.00360769 -0.00472067 0.0998233 
qwerty 24 5 0 1.22217 0.114695 0.194167 9.025 -0.00360769 -0.00472067 0.0998233 
qwerty 24 5 0 1.22217 0.0902995 0.162246 9.7 -0.00360769 -0.00472067 0.0998233 
qwerty 24 5 0 1.22217 0.0659045 0.130326 10.375 -0.00360769 -0.00472067 0.0998233 
qwerty 24 5 0 1.22217 0.0415095 0.0984047 11.05 -0.00360769 -0.00472067 0.0998233 
qwerty 24 5 0 1.22217 0.0171145 0.0664838 11.725 -0.00360769 -0.00472067 0.0998233 
qwerty 24 5 0 1.22217 -0.00728054 0.034563 12.4 -0.00360769 -0.00472067 0.0998233 
qwerty 24 5 0 1.22217 -0.0316756 0.00264207 13.075 -0.00360769 -0.00472067 0.0998233 
qwerty 24 5 0 1.22217 -0.0560706 -0.0292788 13.75 -0.00360769 -0.00472067 0.0998233 
qwerty 24 5 0 1.22217 -0.0804656 -0.0611997 14.425 -0.00360769 -0.00472067 0.0998233 
qwerty 24 5 0 1.22217 -0.104861 -0.0931206 15.1 -0.00360769 -0.00472067 0.0998233 
qwerty 24 5 0 1.22217 -0.129256 -0.125041 15.775 -0.00360769 -0.00472067 0.0998233 
qwerty 24 5 0 1.22217 -0.153651 -0.156962 16.45 -0.00360769 -0.00472067 0.0998233 
qwerty 24 5 0 1.22217 -0.178046 -0.188883 17.125 -0.00360769 -0.00472067 0.0998233 
qwerty 24 5 0 1.22217 -0.202441 -0.220804 17.8 -0.00360769 -0.00472067 0.0998233 
qwerty 24 5 0 1.22217 -0.226836 -0.252725 18.475 -0.00360769 -0.00472067 0.0998233 
qwerty 24 5 0 1.16354 -0.299457 -0.171522 19.15 -0.0115639 0.0141412 0.0983174 
qwerty 24 5 0 1.16354 -0.378849 -0.0744354 19.825 -0.0115639 0.0141412 0.0983174 
qwerty 23 5 0 3.50631 0.262629 0.37936 4.975 -0.00336664 -0.00567061 0.0997823 
qwerty 23 5 0 3.50631 0.239855 0.341 5.65 -0.00336664 -0.00567061 0.0997823 
qwerty 23 5 0 3.50631 0.217081 0.302639 6.325 -0.00336664 -0.00567061 0.0997823 
qwerty 23 5 0 3.50631 0.194306 0.264279 7 -0.00336664 -0.00567061 0.0997823 
qwerty 23 5 0 3.50631 0.171532 0.225919 7.675 -0.00336664 -0.00567061 0.0997823 
qwerty 23 5 0 1.23571 0.153914 0.196244 8.19718 -0.0694462 -0.0161332 0.0701209 
qwerty 23 5 0 1.23571 0.00256038 0.161083 8.35 -0.0694462 -0.0161332 0.0701209 
qwerty 23 5 0 1.23571 -0.665945 0.00578113 9.025 -0.0694462 -0.0161332 0.0701209 
qwerty 23 5 0 1.23571 -1.33445 -0.149521 9.7 -0.0694462 -0.0161332 0.0701209 
qwerty 23 5 0 1.23571 -2.00295 -0.304822 10.375 -0.0694462 -0.0161332 0.0701209 
qwerty 23 5 0 1.23571 -2.67146 -0.460124 11.05 -0.0694462 -0.0161332 0.0701209 
qwerty 23 5 0 0.279879 -1.45134 0.519456 11.725 0.0765009 0.0569483 0.0300748 
qwerty 250 23 0.223624 2.04698 0.196884 0.196275 8.35 -0.0272545 -0.0428479 0.0861467 
qwerty 250 23 0.435853 1.06327 0.056844 0.343998 8.18464 -0.00740088 0.0940847 -0.033065 
qwerty 250 23 0.385587 0.677684 0.10099 0.515434 8.05656 -0.0199408 -0.0205339 -0.0958161 
qwerty 250 23 0.329824 0.347861 0.143059 0.464881 7.91471 0.0360776 -0.00289756 -0.0932202 
qwerty 250 23 0.347861 0 0.162457 0.469879 7.85622 0.0419554 0.0579362 0.0698794 
qwerty 21 5 0 3.50527 0.301775 0.447001 4.3 0.00121172 0.00258014 0.0999594 
qwerty 21 5 0 3.50527 0.309958 0.464424 4.975 0.00121172 0.00258014 0.0999594 
qwerty 21 5 0 3.50527 0.31814 0.481847 5.65 0.00121172 0.00258014 0.0999594 
qwerty 21 5 0 3.50527 0.326323 0.49927 6.325 0.00121172 0.00258014 0.0999594 
qwerty 21 5 0 3.50527 0.334505 0.516693 7 0.00121172 0.00258014 0.0999594 
qwerty 21 5 0 3.50527 0.342687 0.534116 7.675 0.00121172 0.00258014 0.0999594 
qwerty 21 5 0 3.50527 0.35087 0.551539 8.35 0.00121172 0.00258014 0.0999594 
qwerty 21 5 0 3.50527 0.359052 0.568962 9.025 0.00121172 0.00258014 0.0999594 
qwerty 21 5 0 3.50527 0.367235 0.586385 9.7 0.00121172 0.00258014 0.0999594 
qwerty 21 5 0 3.50527 0.375417 0.603808 10.375 0.00121172 0.00258014 0.0999594 
qwerty 21 5 0 3.50527 0.3836 0.621231 11.05 0.00121172 0.00258014 0.0999594 
qwerty 20 5 0 0.906139 0.322788 0.433152 4.3 0.00507049 -8.91656e-05 0.0998713 
qwerty 20 5 0 0.906139 0.357057 0.432549 4.975 0.00507049 -8.91656e-05 0.0998713 
qwerty 20 5 0 0.906139 0.391327 0.431947 5.65 0.00507049 -8.91656e-05 0.0998713 
qwerty 19 5 0 5.37083 0.313388 0.477817 4.3 0.00348632 0.00724222 0.0996765 
qwerty 19 5 0 5.37083 0.336997 0.526861 4.975 0.00348632 0.00724222 0.0996765 
qwerty 19 5 0 5.37083 0.360606 0.575905 5.65 0.00348632 0.00724222 0.0996765 
qwerty 19 5 0 5.37083 0.384216 0.624948 6.325 0.00348632 0.00724222 0.0996765 
qwerty 19 5 0 5.37083 0.407825 0.673992 7 0.00348632 0.00724222 0.0996765 
qwerty 19 5 0 5.37083 0.431434 0.723036 7.675 0.00348632 0.00724222 0.0996765 
qwerty 260 258 0 0.512186 0.480597 0.734096 8.35 0.00836338 -0.000668145 0.0996474 
qwerty 18 5 0 5.54763 0.334008 0.461607 4.3 0.00666741 0.00471671 0.0996659 
qwerty 18 5 0 5.54763 0.379164 0.493552 4.975 0.00666741 0.00471671 0.0996659 
qwerty 18 5 0 5.54763 0.42432 0.525496 5.65 0.00666741 0.00471671 0.0996659 
qwerty 18 5 0 5.54763 0.469476 0.557441 6.325 0.00666741 0.00471671 0.0996659 
qwerty 18 5 0 5.54763 0.514632 0.589385 7 0.00666741 0.00471671 0.0996659 
qwerty 18 5 0 5.54763 0.559788 0.62133 7.675 0.00666741 0.00471671 0.0996659 
qwerty 18 5 0 5.54763 0.604944 0.653274 8.35 0.00666741 0.00471671 0.0996659 
qwerty 18 5 0 5.54763 0.650099 0.685219 9.025 0.00666741 0.00471671 0.0996659 
qwerty 18 5 0 5.54763 0.695255 0.717163 9.7 0.00666741 0.00471671 0.0996659 
qwerty 18 5 0 5.54763 0.740411 0.749108 10.375 0.00666741 0.00471671 0.0996659 
qwerty 18 5 0 5.54763 0.785567 0.781052 11.05 0.00666741 0.00471671 0.0996659 
qwerty 18 5 0 5.54763 0.830723 0.812997 11.725 0.00666741 0.00471671 0.0996659 
qwerty 18 5 0 5.54763 0.875879 0.844941 12.4 0.00666741 0.00471671 0.0996659 
qwerty 18 5 0 5.54763 0.921035 0.876886 13.075 0.00666741 0.00471671 0.0996659 
qwerty 18 5 0 5.54763 0.96619 0.90883 13.75 0.00666741 0.00471671 0.0996659 
qwerty 18 5 0 5.54763 1.01135 0.940775 14.425 0.00666741 0.00471671 0.0996659 
qwerty 18 5 0 5.54763 1.0565 0.972719 15.1 0.00666741 0.00471671 0.0996659 
qwerty 18 5 0 5.54763 1.10166 1.00466 15.775 0.00666741 0.00471671 0.0996659 
qwerty 18 5 0 5.54763 1.14681 1.03661 16.45 0.00666741 0.00471671 0.0996659 
qwerty 18 5 0 5.54763 1.19197 1.06855 17.125 0.00666741 0.00471671 0.0996659 
qwerty 18 5 0 5.54763 1.23713 1.1005 17.8 0.00666741 0.00471671 0.0996659 
qwerty 18 5 0 5.54763 1.25 1.1096 17.9924 0.00666741 0.00471671 0.0996659 
qwerty 18 5 0 5.54763 1.28228 1.13244 18.475 0.00666741 0.00471671 0.0996659 
qwerty 18 5 0 5.54763 1.32744 1.16439 19.15 0.00666741 0.00471671 0.0996659 
qwerty 18 5 0 5.54763 1.37259 1.19633 19.825 0.00666741 0.00471671 0.0996659 
qwerty 18 5 0 5.54763 1.41775 1.22828 20.5 0.00666741 0.00471671 0.0996659 
qwerty 18 5 0 5.54763 1.4629 1.26022 21.175 0.00666741 0.00471671 0.0996659 
qwerty 17 5 0 34.1081 0.331972 0.454035 4.3 0.00633619 0.0035604 0.0997355 
qwerty 17 5 0 34.1081 0.374855 0.478131 4.975 0.00633619 0.0035604 0.0997355 
qwerty 17 5 0 34.1081 0.417738 0.502227 5.65 0.00633619 0.0035604 0.0997355 
qwerty 16 5 0 3.57843 0.30293 0.451031 3.625 0.00757536 0.00802375 0.0993893 
qwerty 16 5 0 3.57843 0.354378 0.505524 4.3 0.00757536 0.00802375 0.0993893 
qwerty 16 5 0 3.57843 0.405826 0.560017 4.975 0.00757536 0.00802375 0.0993893 
qwerty 16 5 0 3.57843 0.457274 0.61451 5.65 0.00757536 0.00802375 0.0993893 
qwerty 16 5 0 3.57843 0.508721 0.669003 6.325 0.00757536 0.00802375 0.0993893 
qwerty 16 5 0 3.57843 0.560169 0.723496 7 0.00757536 0.00802375 0.0993893 
qwerty 16 5 0 3.57843 0.611617 0.777989 7.675 0.00757536 0.00802375 0.0993893 
qwerty 16 5 0 3.57843 0.663065 0.832482 8.35 0.00757536 0.00802375 0.0993893 
qwerty 16 5 0 3.57843 0.714513 0.886975 9.025 0.00757536 0.00802375 0.0993893 
qwerty 16 5 0 3.57843 0.765961 0.941468 9.7 0.00757536 0.00802375 0.0993893 
qwerty 16 5 0 3.57843 0.817409 0.995961 10.375 0.00757536 0.00802375 0.0993893 
qwerty 16 5 0 3.57843 0.868857 1.05045 11.05 0.00757536 0.00802375 0.0993893 
qwerty 16 5 0 3.57843 0.920304 1.10495 11.725 0.00757536 0.00802375 0.0993893 
qwerty 16 5 0 3.57843 0.971752 1.15944 12.4 0.00757536 0.00802375 0.0993893 
qwerty 16 5 0 3.57843 1.0232 1.21393 13.075 0.00757536 0.00802375 0.0993893 
qwerty 16 5 0 3.57843 1.05725 1.25 13.5218 0.00757536 0.00802375 0.0993893 
qwerty 16 5 0 3.57843 1.07465 1.26843 13.75 0.00757536 0.00802375 0.0993893 
qwerty 16 5 0 3.57843 1.1261 1.32292 14.425 0.00757536 0.00802375 0.0993893 
qwerty 16 5 0 3.57843 1.17754 1.37741 15.1 0.00757536 0.00802375 0.0993893 
qwerty 16 5 0 3.57843 1.22899 1.43191 15.775 0.00757536 0.00802375 0.0993893 
qwerty 16 5 0 0.894427 1.55629 2.45126 16.45 0.0263831 0.0832188 0.0487705 
qwerty 16 5 0 0.894427 1.92144 3.60304 17.125 0.0263831 0.0832188 0.0487705 
qwerty 16 5 0 0.894427 2.28659 4.75481 17.8 0.0263831 0.0832188 0.0487705 
qwerty 16 5 0 0.894427 2.65174 5.90659 18.475 0.0263831 0.0832188 0.0487705 
qwerty 16 5 0 0.894427 2.76061 6.25 18.6763 0.0263831 0.0832188 0.0487705 
qwerty 16 5 0 0.894427 3.01689 7.05836 19.15 0.0263831 0.0832188 0.0487705 
qwerty 16 5 0 0.894427 3.38204 8.21014 19.825 0.0263831 0.0832188 0.0487705 
qwerty 16 5 0 0.894427 3.5532 8.75 20.1414 0.0263831 0.0832188 0.0487705 
qwerty 16 5 0 0.894427 3.74719 9.36191 20.5 0.0263831 0.0832188 0.0487705 
qwerty 15 5 0 0.909881 0.308683 0.469673 3.625 0.00855897 0.0112634 0.0989943 
qwerty 15 5 0 0.909881 0.367043 0.546473 4.3 0.00855897 0.0112634 0.0989943 
qwerty 15 5 0 0.909881 0.425402 0.623274 4.975 0.00855897 0.0112634 0.0989943 
qwerty 15 5 0 0.909881 0.483762 0.700074 5.65 0.00855897 0.0112634 0.0989943 
qwerty 15 5 0 0.909881 0.542122 0.776874 6.325 0.00855897 0.0112634 0.0989943 
qwerty 15 5 0 0.909881 0.600482 0.853675 7 0.00855897 0.0112634 0.0989943 
qwerty 15 5 0 0.909881 0.658842 0.930475 7.675 0.00855897 0.0112634 0.0989943 
qwerty 15 5 0 0.909881 0.717202 1.00728 8.35 0.00855897 0.0112634 0.0989943 
qwerty 15 5 0 0.909881 0.775562 1.08408 9.025 0.00855897 0.0112634 0.0989943 
qwerty 15 5 0 0.829573 1.04026 1.10936 9.7 0.0395423 0.00255534 0.0918143 
qwerty 15 5 0 0.829573 1.25 1.12291 10.187 0.0395423 0.00255534 0.0918143 
qwerty 15 5 0 0.829573 1.33097 1.12814 10.375 0.0395423 0.00255534 0.0918143 
qwerty 15 5 0 0.829573 1.62168 1.14693 11.05 0.0395423 0.00255534 0.0918143 
qwerty 15 5 0 0.829573 1.91238 1.16571 11.725 0.0395423 0.00255534 0.0918143 
qwerty 12 7 0 0.510999 -1.25 -2.35762 0.875311 -0.051706 -0.0852156 -0.00804938 
qwerty 12 7 0 0.510999 -3.75 -6.47782 0.486121 -0.051706 -0.0852156 -0.00804938 
qwerty 12 7 0 0.510999 -4.14262 -7.12488 0.425 -0.051706 -0.0852156 -0.00804938 
qwerty 9 7 0 0.731008 -0.722946 -1.79012 0.925 -0.0100145 -0.0822993 0.0559154 
qwerty 9 7 0 0.731008 -0.843839 -2.78362 1.6 -0.0100145 -0.0822993 0.0559154 
qwerty 9 7 0 0.367982 -0.942212 -2.75176 2.275 -0.0133121 0.0284159 0.0949491 
qwerty 8 7 0 0.215301 -0.744621 -1.64544 0.925 -0.00470754 -0.0728819 0.0683086 
qwerty 265 17 0.468857 8.00568 0.488031 0.354155 6.02434 0.0138327 -0.0446289 0.0884133 
qwerty 265 17 0.602363 7.40332 0.535071 0.202389 6.325 0.0175736 -0.0284068 0.0942561 
qwerty 265 17 1.38155 3.63773 0.809334 0.686424 5.83361 0.0246567 0.0387326 -0.088836 
qwerty 265 17 0.0143869 3.62334 0.811724 0.690179 5.825 0.0274249 0.0360575 -0.08915 
qwerty 159 36 1.34506 6.11656 -0.263731 -0.415466 7 -0.068397 -0.0245942 0.0686802 
qwerty 148 38 0 5.21876 -5.02367 -7.93956 4.475 0.0818969 -0.0108325 -0.0563521 
qwerty 148 38 1.05256 3.61924 -4.43606 -7.60665 4.6598 0.097908 0.0126332 0.0159508 
qwerty 148 38 1.05418 2.56506 -3.90605 -7.57602 4.66692 0.077728 -0.00844121 0.0623466 
qwerty 148 38 0.649532 1.91552 -3.75 -7.59297 4.79208 0.0574589 -0.00755829 0.0814944 
qwerty 148 38 0.334776 1.58075 -3.62103 -7.60994 4.975 0.0344367 -0.0526723 0.0777158 
qwerty 122 93 0.831566 10.158 -1.10298 1.61292 17.8 -0.00762906 -0.00041653 0.0997077 
qwerty 122 93 1.04477 0 -0.959542 2.03087 18.3895 0.00502082 0.0725534 0.0686353 
qwerty 89 46 0.238596 16.1409 -0.177387 1.15424 7.3088 0.00761492 0.0263722 0.0961588 
qwerty 89 46 0.564862 15.576 -0.148387 1.25468 7.675 0.0134458 0.0245786 0.0959953 
qwerty 243 25 0 0.148796 -4.8532 -1.25 6.91622 -0.0947887 -0.030017 0.0106809 
qwerty 243 25 0 0.148796 -5.59667 -1.48544 7 -0.0947887 -0.030017 0.0106809 
qwerty 243 25 0 0.146502 -5.73551 -1.79439 6.5 0.0602436 -0.0174585 -0.077884 
qwerty 243 25 0 0.146502 -5.21339 -1.9457 5.825 0.0602436 -0.0174585 -0.077884 
qwerty 243 25 0 0.146502 -4.69128 -2.09701 5.15 0.0602436 -0.0174585 -0.077884 
qwerty 243 25 0 0.146502 -4.16916 -2.24832 4.475 0.0602436 -0.0174585 -0.077884 
qwerty 243 25 0 0.146502 -3.64705 -2.39962 3.8 0.0602436 -0.0174585 -0.077884 
qwerty 243 25 0.0397237 0.106778 -3.44148 -2.4592 3.53423 -0.0696965 0.0547597 0.0463009 
qwerty 243 25 0 0.106778 -3.57811 -2.35185 3.625 -0.0696965 0.0547597 0.0463009 
qwerty 243 25 0 0.106778 -4.59418 -1.55353 4.3 -0.0696965 0.0547597 0.0463009 
qwerty 243 25 0.0477252 0.0590527 -4.91931 -1.29808 4.51599 -0.00589659 0.0626958 0.0776818 
qwerty 243 25 0.0454219 0.0136309 -4.92716 -1.21466 4.61935 0.0823877 0.0179446 0.0537611 
qwerty 243 25 0.000126708 0.0135041 -4.66303 -1.15713 4.7917 0.0777405 0.025533 0.0574846 
qwerty 243 25 0.00725556 0.00624858 -4.64009 -1.1496 4.80867 0.0989976 -0.00563684 -0.01295 
qwerty 243 25 0 0.00624858 -3.75 -1.20028 4.69223 0.0989976 -0.00563684 -0.01295 
qwerty 243 25 0.00556863 0.000679948 -3.45499 -1.21707 4.65364 0.0222011 -0.0837011 -0.0500124 
qwerty 243 25 0 0.000679948 -3.37568 -1.51605 4.475 0.0222011 -0.0837011 -0.0500124 
qwerty 243 25 0 0.000679948 -3.07604 -2.64574 3.8 0.0222011 -0.0837011 -0.0500124 
qwerty 243 25 7.33756e-05 0.000606572 -2.78056 -3.75975 3.13436 -0.0847485 -0.049468 -0.019251 
qwerty 243 25 0 0.000606572 -2.82178 -3.78381 3.125 -0.0847485 -0.049468 -0.019251 
qwerty 243 25 0.000185841 0.000420731 -3.64084 -4.2619 2.93895 -0.0431806 -0.0891813 -0.0134959 
qwerty 243 25 0.000240531 0.0001802 -4.16289 -5.34009 2.77578 -0.0823382 -0.0259466 -0.0504698 
qwerty 243 25 2.50697e-05 0.00015513 -4.17653 -5.34439 2.76742 -0.0644627 0.0165606 0.0746345 
qwerty 243 25 0 0.00015513 -4.33423 -5.30388 2.95 -0.0644627 0.0165606 0.0746345 
qwerty 243 25 0 0.00015513 -4.91723 -5.1541 3.625 -0.0644627 0.0165606 0.0746345 
qwerty 243 25 0.000114169 4.09607e-05 -5.13706 -5.09763 3.87951 -0.0942504 -0.0330289 -0.00509547 
qwerty 243 25 2.03109e-05 2.06498e-05 -5.41788 -5.19604 3.86433 -0.0434764 -0.0884146 -0.0171073 
qwerty 243 25 0 2.06498e-05 -5.58137 -5.52853 3.8 -0.0434764 -0.0884146 -0.0171073 
qwerty 243 25 0 2.02465e-05 -6.25 -6.6358 3.3266 -0.07235 0.0541182 -0.0428567 
qwerty 243 25 0 2.02465e-05 -6.59034 -6.38123 3.125 -0.07235 0.0541182 -0.0428567 
qwerty 243 25 0 2.02465e-05 -7.72986 -5.52886 2.45 -0.07235 0.0541182 -0.0428567 
qwerty 243 25 0 2.02465e-05 -8.75 -4.76579 1.84572 -0.07235 0.0541182 -0.0428567 
qwerty 243 25 0 2.02465e-05 -8.86939 -4.67648 1.775 -0.07235 0.0541182 -0.0428567 
qwerty 243 25 3.62091e-06 1.65787e-05 -9.20085 -4.20615 1.2506 -0.00125636 0.0870108 -0.04927 
qwerty 243 25 0 1.65787e-05 -9.20469 -3.9402 1.1 -0.00125636 0.0870108 -0.04927 
qwerty 243 25 5.94925e-06 1.06295e-05 -9.217 -3.08785 0.617358 -0.00234468 0.0991728 0.0126197 
qwerty 243 25 3.30987e-06 7.31961e-06 -9.25805 -1.35141 0.838319 0.0226749 0.0765794 0.0601785 
qwerty 243 25 0 7.31961e-06 -9.22539 -1.24111 0.925 0.0226749 0.0765794 0.0601785 
qwerty 243 25 6.1214e-07 6.70747e-06 -9.02378 -0.56022 1.46006 0.0223207 0.0910514 0.0348055 
qwerty 243 25 0 6.70747e-06 -8.93404 -0.194146 1.6 0.0223207 0.0910514 0.0348055 
qwerty 243 25 0 6.70747e-06 -8.75 0.556596 1.88698 0.0223207 0.0910514 0.0348055 
qwerty 243 25 3.40927e-06 3.2982e-06 -8.57388 1.27505 2.16162 -0.00339211 0.0924314 -0.0380122 
qwerty 243 25 8.13581e-07 2.48462e-06 -8.5806 1.45824 2.08628 0.0660387 -0.0746182 -0.00842694 
qwerty 243 25 1.18863e-06 1.29599e-06 -6.51319 -0.87776 1.82247 -0.00142242 -0.0993672 0.011142 
qwerty 243 25 1.97503e-07 1.09848e-06 -6.51428 -0.953974 1.83101 0.0185389 -0.0955169 -0.0230832 
qwerty 243 25 3.71501e-07 7.26983e-07 -6.49327 -1.06221 1.80486 -0.0120158 -0.0706859 -0.0697074 
qwerty 243 25 0 7.26983e-07 -6.49842 -1.09249 1.775 -0.0120158 -0.0706859 -0.0697074 
qwerty 243 25 0 7.2189e-07 -6.19566 -1.02906 1.1 0.0497404 0.0317213 -0.0807444 
qwerty 243 25 0 7.2189e-07 -5.77984 -0.763881 0.425 0.0497404 0.0317213 -0.0807444 
qwerty 243 25 0 7.2189e-07 -5.36403 -0.4987 -0.25 0.0497404 0.0317213 -0.0807444 
qwerty 242 25 0.0636502 0.172057 -0.694273 1.80593 6.51161 -0.0734407 0.0499005 0.0460044 
qwerty 242 25 0.0474173 0.12464 -0.906416 1.95007 6.6445 0.0675 -0.017396 -0.0717017 
qwerty 242 25 0.0268917 0.0977481 -0.88745 1.94518 6.62435 0.0467998 -0.0599478 -0.064931 
qwerty 242 25 0 0.0977481 -0.797821 1.83037 6.5 0.0467998 -0.0599478 -0.064931 
qwerty 242 25 0.0395622 0.0581859 -0.349499 1.2561 5.87799 0.0729207 0.00224273 -0.0683926 
qwerty 242 25 0.00486007 0.0533258 -0.319207 1.25703 5.84958 0.0752934 -0.0257775 -0.0605511 
qwerty 242 25 0 0.0533258 -0.288645 1.24657 5.825 0.0752934 -0.0257775 -0.0605511 
qwerty 242 25 0.0313309 0.021995 0.213546 1.07464 5.42114 0.0257291 0.0362115 -0.0895921 
qwerty 242 25 0 0.021995 0.291412 1.18423 5.15 0.0257291 0.0362115 -0.0895921 
qwerty 242 25 0 0.0216093 0.319991 1.36747 5.65 -0.00252474 0.0178153 0.0983679 
qwerty 242 25 0.0127074 0.00890193 0.304701 1.47536 6.24574 0.0604606 0.0559027 0.0567398 
qwerty 242 25 0.00164675 0.00725517 0.341071 1.50899 6.27987 -0.0350949 -0.0668034 0.0656175 
qwerty 242 25 0 0.00725517 0.316936 1.46305 6.325 -0.0350949 -0.0668034 0.0656175 
qwerty 242 25 0 0.00725517 0.205012 1.25 6.53426 -0.0350949 -0.0668034 0.0656175 
qwerty 242 25 0.000233222 0.00702195 0.195506 1.2319 6.55204 -0.0620603 -0.0777059 0.0105032 
qwerty 242 25 0.00394176 0.00308019 -0.792177 -0.0047767 6.7192 -0.0373957 -0.0444383 0.0814051 
qwerty 242 25 0.00153375 0.00154645 -0.822585 -0.0409108 6.78539 -0.077313 -0.0606784 0.0184613 
qwerty 242 25 0.00113514 0.000411308 -1.52896 -0.595302 6.95406 -0.0317439 -0.0655548 -0.0685193 
qwerty 242 25 0.000305944 0.000105364 -1.56788 -0.675682 6.87005 -0.065269 0.027877 -0.0704473 
qwerty 242 25 8.70895e-05 1.82748e-05 -1.67873 -0.628337 6.7504 -0.000314086 -0.0575373 -0.0817885 
qwerty 242 25 1.49034e-06 1.67844e-05 -1.67921 -0.715833 6.62603 0.00830038 -0.032905 -0.0940658 
qwerty 242 25 0 1.67844e-05 -1.66809 -0.759918 6.5 0.00830038 -0.032905 -0.0940658 
qwerty 242 25 0 1.67844e-05 -1.60853 -0.996039 5.825 0.00830038 -0.032905 -0.0940658 
qwerty 242 25 1.66958e-05 8.8663e-08 -1.5614 -1.18286 5.29093 -0.0140571 -0.0961381 0.0236615 
qwerty 242 25 0 8.8663e-08 -1.57122 -1.25 5.30746 -0.0140571 -0.0961381 0.0236615 
qwerty 242 25 4.68549e-08 4.18083e-08 -1.57919 -1.30456 5.32089 -0.0814536 -0.055125 0.0180706 
qwerty 242 25 2.14502e-08 2.03581e-08 -2.18225 -1.71269 5.45468 -0.0174709 -0.0840513 0.051285 
qwerty 242 25 5.5162e-09 1.48422e-08 -2.18388 -1.72052 5.45945 -0.064041 -0.0566703 0.0518385 
qwerty 242 25 0 1.48422e-08 -2.41928 -1.92883 5.65 -0.064041 -0.0566703 0.0518385 
qwerty 242 25 6.36646e-12 1.48359e-08 -2.92331 -2.37485 6.05799 -0.0632627 -0.0558921 0.0536088 
qwerty 242 25 0 1.48359e-08 -2.92331 -2.37485 6.05799 -0.0632627 -0.0558921 0.0536088 
qwerty 324 89 0.162863 0.774867 -0.243865 1.16963 7.35869 -0.0964057 -0.00852282 0.0251656 
qwerty 324 89 0.250066 0.524802 -0.330655 1.16074 7.41108 -0.0941009 0.0311989 -0.0131018 
qwerty 324 89 0.360406 0.164396 -0.430737 1.19392 7.39714 -0.0618124 0.0783788 -0.00599928 
qwerty 324 89 0.164396 0 -0.442266 1.20854 7.39602 -0.0618124 0.0783788 -0.00599928 
qwerty 264 17 1.04201 19.5061 0.426176 0.696078 6.325 0.000568591 0.0243541 0.0969874 
qwerty 264 17 0.0631753 14.4127 0.332644 0.815487 6.52172 -0.0447087 0.0668969 0.0593795 
qwerty 264 17 0.957833 13.4549 0.0422491 1.25 6.9074 -0.0441812 0.0589546 0.0676194 
qwerty 264 17 0.194985 13.2599 -0.0182508 1.33073 7 -0.0481765 0.0621457 0.0617813 
qwerty 342 264 0 0.20051 -1.73963 2.28753 6.59846 0.0942608 -0.0150248 0.0298187 
qwerty 342 264 0 0.20051 -0.470325 2.08521 7 0.0942608 -0.0150248 0.0298187 
qwerty 346 342 0.102786 0.559583 -1.7934 2.29263 6.58442 -0.031433 -0.0306301 0.0898541 
qwerty 346 342 0.09017 0.469413 -1.83157 2.28303 6.62704 -0.0679486 -0.0491798 0.0544457 
qwerty 346 342 0.133629 0.335784 -1.85886 2.24044 6.65628 0.0807956 -0.0303562 0.0505032 
qwerty 346 342 0.335784 0 -1.81188 2.22279 6.68565 0.0807956 -0.0303562 0.0505032 
qwerty 341 264 0 4.99684 -0.767085 2.8953 7.675 -0.040223 0.0843071 0.0356991 
qwerty 341 264 0 3.62305 -1.03752 3.75 7.96979 -0.0164146 0.0951221 0.0261218 
qwerty 341 264 0 3.62305 -1.27643 5.13452 8.35 -0.0164146 0.0951221 0.0261218 
qwerty 341 264 0 3.62305 -1.70059 7.59252 9.025 -0.0164146 0.0951221 0.0261218 
qwerty 341 264 0 3.62305 -1.90033 8.75 9.34286 -0.0164146 0.0951221 0.0261218 
qwerty 341 264 0 3.62305 -2.12475 10.0505 9.7 -0.0164146 0.0951221 0.0261218 
qwerty 348 341 0.468625 0.771561 -0.850551 3.27402 7.94333 0.0926439 -0.0370747 0.0065244 
qwerty 348 341 0.286419 0.485142 -0.74631 3.20279 7.99006 0.0942953 -0.032047 -0.00902162 
qwerty 348 341 0.315255 0.169887 -0.643813 3.22135 7.91535 0.0731441 -0.0181087 -0.0657421 
qwerty 348 341 0.169887 0 -0.629411 3.21779 7.90241 0.0731441 -0.0181087 -0.0657421 
qwerty 339 264 0 0.202251 0.0469674 1.25 6.92634 -0.0433577 0.0659468 0.0614095 
qwerty 339 264 0 0.202251 -0.00504171 1.32911 7 -0.0433577 0.0659468 0.0614095 
qwerty 338 264 0 0.32766 -0.0801005 1.12408 7 -0.058035 0.0449606 0.0679005 
qwerty 336 264 0 1.04938 0.535777 0.750512 6.325 0.0182469 0.0401251 0.089761 
qwerty 336 264 0 1.04938 0.672993 1.05225 7 0.0182469 0.0401251 0.089761 
qwerty 336 264 0 1.04938 0.810209 1.35399 7.675 0.0182469 0.0401251 0.089761 
qwerty 335 264 0 0.107789 0.55087 0.732505 6.325 0.0208918 0.0373855 0.0903651 
qwerty 334 58 0 0.660601 1.25 -5.7608 11.3902 -0.098142 0.0174165 0.00805103 
qwerty 334 58 0 0.660601 -1.25 -5.31714 11.5953 -0.098142 0.0174165 0.00805103 
qwerty 334 58 0 0.660601 -2.83072 -5.03662 11.725 -0.098142 0.0174165 0.00805103 
qwerty 333 58 0 0.634784 3.75 -6.04278 11.248 0.072397 0.0646151 0.0241572 
qwerty 333 58 0 0.628181 4.28992 -5.5609 11.4281 0.0685387 0.0630217 0.0364788 
qwerty 333 58 0 0.628181 4.84771 -5.04801 11.725 0.0685387 0.0630217 0.0364788 
qwerty 333 58 0 0.628181 6.11594 -3.88186 12.4 0.0685387 0.0630217 0.0364788 
qwerty 333 58 0 0.628181 7.38417 -2.71571 13.075 0.0685387 0.0630217 0.0364788 
qwerty 333 58 0 0.628181 8.65241 -1.54956 13.75 0.0685387 0.0630217 0.0364788 
qwerty 333 58 0 0.628181 9.92064 -0.383416 14.425 0.0685387 0.0630217 0.0364788 
qwerty 333 58 0 0.628181 11.1889 0.782732 15.1 0.0685387 0.0630217 0.0364788 
qwerty 360 333 0.00660363 0 4.28994 -5.56089 11.4281 0.0352085 0.0173216 -0.09198 
qwerty 332 89 0 0.510999 0.132554 3.75 8.26154 0.0103785 0.0978496 0.0178255 
qwerty 332 89 0 0.510999 0.184059 4.23559 8.35 0.0103785 0.0978496 0.0178255 
qwerty 332 89 0 0.409069 0.854889 5.17724 9.025 0.0569422 0.060568 0.0555797 
qwerty 332 89 0 0.409069 1.54644 5.91282 9.7 0.0569422 0.060568 0.0555797 
qwerty 332 89 0 0.400626 1.9337 6.61102 10.375 0.0368128 0.06683 0.0646418 
qwerty 328 89 0 0.623258 -0.753323 1.26743 8.35 -0.0706066 -0.00253031 0.0707694 
qwerty 328 89 0 0.623258 -1.25 1.24963 8.84782 -0.0706066 -0.00253031 0.0707694 
qwerty 328 89 0 0.623258 -1.42677 1.2433 9.025 -0.0706066 -0.00253031 0.0707694 
qwerty 328 89 0 0.623258 -2.10022 1.21916 9.7 -0.0706066 -0.00253031 0.0707694 
qwerty 328 89 0 0.623258 -2.77366 1.19503 10.375 -0.0706066 -0.00253031 0.0707694 
qwerty 328 89 0 0.623258 -3.44711 1.1709 11.05 -0.0706066 -0.00253031 0.0707694 
qwerty 328 89 0 0.623258 -3.75 1.16004 11.3536 -0.0706066 -0.00253031 0.0707694 
qwerty 328 89 0 0.623258 -4.12056 1.14676 11.725 -0.0706066 -0.00253031 0.0707694 
qwerty 328 89 0 0.623258 -4.79401 1.12263 12.4 -0.0706066 -0.00253031 0.0707694 
qwerty 328 89 0 0.623258 -5.46745 1.09849 13.075 -0.0706066 -0.00253031 0.0707694 
qwerty 328 89 0 0.623258 -6.1409 1.07436 13.75 -0.0706066 -0.00253031 0.0707694 
qwerty 328 89 0 0.623258 -6.81435 1.05023 14.425 -0.0706066 -0.00253031 0.0707694 
qwerty 328 89 0 0.623258 -7.4878 1.02609 15.1 -0.0706066 -0.00253031 0.0707694 
qwerty 328 89 0 0.623258 -8.16124 1.00196 15.775 -0.0706066 -0.00253031 0.0707694 
qwerty 323 103 0 0.447054 -1.46082 0.796315 9.93289 -0.00406925 -0.0534536 0.0844165 
qwerty 323 103 0 0.447054 -1.48213 0.516365 10.375 -0.00406925 -0.0534536 0.0844165 
qwerty 323 103 0 0.447054 -1.51467 0.088946 11.05 -0.00406925 -0.0534536 0.0844165 
qwerty 377 323 0.0639446 0 -1.46233 0.79356 9.93092 -0.0409032 -0.0742237 -0.0530827 
qwerty 322 103 0 0.510999 -1.32929 1.25 9.68493 0.0246532 0.0850408 -0.0464789 
qwerty 322 103 0 0.510999 -1.07208 2.13726 9.2 0.0246532 0.0850408 -0.0464789 
qwerty 322 103 0 0.510999 -0.714047 3.37228 8.525 0.0246532 0.0850408 -0.0464789 
qwerty 322 103 0 0.510999 -0.604546 3.75 8.31856 0.0246532 0.0850408 -0.0464789 
qwerty 322 103 0 0.510999 -0.356015 4.6073 7.85 0.0246532 0.0850408 -0.0464789 
qwerty 322 103 0 0.510999 0.00201634 5.84232 7.175 0.0246532 0.0850408 -0.0464789 
qwerty 321 122 0 3.77131 -0.982483 2.15005 18.475 -0.0154549 0.0802922 0.0575701 
qwerty 321 122 0 3.77131 -1.16369 3.09147 19.15 -0.0154549 0.0802922 0.0575701 
qwerty 321 122 0 3.77131 -1.25 3.53987 19.4715 -0.0154549 0.0802922 0.0575701 
qwerty 321 122 0 3.77131 -1.3449 4.03288 19.825 -0.0154549 0.0802922 0.0575701 
qwerty 321 122 0 3.77131 -1.5261 4.97429 20.5 -0.0154549 0.0802922 0.0575701 
qwerty 321 122 0 3.77131 -1.70731 5.9157 21.175 -0.0154549 0.0802922 0.0575701 
qwerty 321 122 0 3.77131 -1.77165 6.25 21.4147 -0.0154549 0.0802922 0.0575701 
qwerty 321 122 0 1.1647 -1.82417 6.52285 21.6103 -0.0816368 0.0467954 0.0338471 
qwerty 321 122 0 1.1647 -2.40224 6.85421 21.85 -0.0816368 0.0467954 0.0338471 
qwerty 380 321 0.884129 1.72248 -1.76773 6.84083 21.8427 0.045874 0.071002 0.0534256 
qwerty 380 321 0.0189339 1.70355 -1.76149 6.85048 21.85 0.0421386 0.0692636 0.0585397 
qwerty 320 122 0 1.20046 -0.88047 2.04924 18.475 0.0670864 0.0155829 0.0725024 
qwerty 319 122 0 0.425016 0.540298 1.70978 17.5356 0.0753798 0.0648472 -0.0106177 
qwerty 319 122 0 0.425016 2.2132 3.14893 17.3 0.0753798 0.0648472 -0.0106177 
qwerty 384 319 0.101759 0 0.544977 1.70322 17.5336 0.0562667 -0.0788564 -0.0248139 
qwerty 318 122 0 0.707942 0.363219 1.88908 18.1503 0.0874647 0.0425126 -0.0232938 
qwerty 318 122 0 0.707942 1.02154 2.20906 17.975 0.0874647 0.0425126 -0.0232938 
qwerty 318 122 0 0.707942 3.55605 3.44097 17.3 0.0874647 0.0425126 -0.0232938 
qwerty 318 122 0 0.431784 4.51314 3.90617 17.0451 0.00672249 0.0805159 -0.0589237 
qwerty 318 122 0 0.431784 4.56107 4.48022 16.625 0.00672249 0.0805159 -0.0589237 
qwerty 388 318 0.139098 0.137061 4.55376 3.93006 17.0401 -0.0357496 0.079206 0.0494811 
qwerty 388 318 0.137061 0 4.54884 3.94098 17.0469 -0.0357496 0.079206 0.0494811 
qwerty 387 318 0.132624 0 0.369877 1.88364 18.1601 0.0510644 -0.0416747 0.075204 
qwerty 317 139 0 0.510999 0.260466 2.5684 17.975 -0.0757441 -0.0316128 -0.0571267 
qwerty 316 139 0 0.510999 1.81839 3.21862 19.15 0.0757441 0.0316128 0.0571267 
qwerty 316 139 0 0.510999 2.71337 3.59215 19.825 0.0757441 0.0316128 0.0571267 
qwerty 316 139 0 0.510999 3.09689 5.02887 20.5 0.0227467 0.0883366 0.0409785 
qwerty 315 148 0 0.510999 -2.01312 -7.8149 5.65 0.0921048 -0.0110227 0.0373524 
qwerty 315 148 0 0.510999 -1.25 -7.90623 5.95948 0.0921048 -0.0110227 0.0373524 
qwerty 315 148 0 0.451409 -0.44194 -8.00293 6.28718 0.0697199 -0.0568367 0.0436888 
qwerty 315 148 0 0.451409 -0.381584 -8.05214 6.325 0.0697199 -0.0568367 0.0436888 
qwerty 392 315 0.0595896 0 -0.439925 -8.00035 6.2871 0.0614215 0.0788743 -0.00249938 
qwerty 314 148 0 0.510999 -3.75 -7.60704 4.94562 -0.0921048 0.0110227 -0.0373524 
qwerty 314 148 0 0.510999 -4.91048 -7.46816 4.475 -0.0921048 0.0110227 -0.0373524 
qwerty 313 148 0 2.44733 -5.52267 -8.38022 4.975 -0.0597158 -0.0530162 0.0601939 
qwerty 313 148 0 2.44733 -5.93918 -8.75 5.39484 -0.0597158 -0.0530162 0.0601939 
qwerty 313 148 0 2.44733 -6.19231 -8.97473 5.65 -0.0597158 -0.0530162 0.0601939 
qwerty 313 148 0 2.44733 -6.86195 -9.56924 6.325 -0.0597158 -0.0530162 0.0601939 
qwerty 313 148 0 2.44733 -7.53159 -10.1638 7 -0.0597158 -0.0530162 0.0601939 
qwerty 313 148 0 2.44733 -8.20122 -10.7583 7.675 -0.0597158 -0.0530162 0.0601939 
qwerty 313 148 0 2.44733 -8.7551 -11.25 8.23331 -0.0597158 -0.0530162 0.0601939 
qwerty 313 148 0 2.44733 -8.87086 -11.3528 8.35 -0.0597158 -0.0530162 0.0601939 
qwerty 313 148 0 2.44733 -9.5405 -11.9473 9.025 -0.0597158 -0.0530162 0.0601939 
qwerty 313 148 0 2.44733 -10.2101 -12.5418 9.7 -0.0597158 -0.0530162 0.0601939 
qwerty 313 148 0 2.44733 -10.8798 -13.1363 10.375 -0.0597158 -0.0530162 0.0601939 
qwerty 313 148 0 2.44733 -11.5494 -13.7308 11.05 -0.0597158 -0.0530162 0.0601939 
qwerty 313 148 0 2.44733 -12.219 -14.3253 11.725 -0.0597158 -0.0530162 0.0601939 
qwerty 313 148 0 2.44733 -12.8887 -14.9198 12.4 -0.0597158 -0.0530162 0.0601939 
qwerty 313 148 0 2.44733 -13.5583 -15.5143 13.075 -0.0597158 -0.0530162 0.0601939 
qwerty 313 148 0 2.44733 -14.228 -16.1089 13.75 -0.0597158 -0.0530162 0.0601939 
qwerty 313 148 0 2.44733 -14.8976 -16.7034 14.425 -0.0597158 -0.0530162 0.0601939 
qwerty 313 148 0 0.936471 -14.7539 -17.0915 15.1 0.018345 -0.0489624 0.0852417 
qwerty 313 148 0 0.936471 -14.6086 -17.4792 15.775 0.018345 -0.0489624 0.0852417 
qwerty 313 148 0 0.936471 -14.4634 -17.8669 16.45 0.018345 -0.0489624 0.0852417 
qwerty 313 148 0 0.936471 -14.3181 -18.2546 17.125 0.018345 -0.0489624 0.0852417 
qwerty 313 148 0 0.201575 -14.3576 -18.0341 16.625 -0.00778604 0.0407209 -0.091001 
qwerty 395 313 0.171702 0.880068 -14.9551 -16.6432 14.4113 -0.0983661 0.0179159 0.0017698 
qwerty 395 313 0.162877 0.71719 -15.0443 -16.6299 14.4245 -0.0998798 0.00485971 -0.000641378 
qwerty 395 313 0.158379 0.558811 -15.1367 -16.6264 14.4236 -0.0847499 -0.032042 -0.0423174 
qwerty 395 313 0.169731 0.389081 -15.2111 -16.6729 14.4173 -0.0578524 -0.0796208 -0.0177093 
qwerty 395 313 0.20003 0.189051 -15.2421 -16.7272 14.3879 -0.0524795 -0.015834 -0.0836372 
qwerty 395 313 0.189051 0 -15.2544 -16.7309 14.3682 -0.0524795 -0.015834 -0.0836372 
qwerty 309 159 0 5.67868 -1.07588 0.187585 7.675 -0.0665695 0.0513502 0.0541448 
qwerty 309 159 0 0.65225 -1.45573 0.480588 7.98395 -0.0716611 0.0320925 -0.0619255 
qwerty 309 159 0 0.65225 -1.61074 0.550006 7.85 -0.0716611 0.0320925 -0.0619255 
qwerty 309 159 0 0.65225 -2.39186 0.899821 7.175 -0.0716611 0.0320925 -0.0619255 
qwerty 309 159 0 0.65225 -3.17298 1.24964 6.5 -0.0716611 0.0320925 -0.0619255 
qwerty 404 309 1.02754 3.99889 -1.80434 0.765409 8.35 -0.0573095 0.0566094 0.0592536 
qwerty 404 309 0.888464 2.83181 -2.07339 1.17263 8.09074 -0.0386066 0.0906812 -0.0169247 
qwerty 404 309 0.121802 2.71 -2.10633 1.25 8.0763 -0.0511921 0.0852189 -0.0108212 
qwerty 404 309 0.780038 1.92997 -2.43309 1.52184 7.97126 -0.0569919 0.0649514 -0.0503312 
qwerty 404 309 0.382916 1.54705 -2.57039 1.67832 7.85 -0.0483141 0.0726386 -0.0488813 
qwerty 404 309 0.343107 1.12532 -2.64936 1.79376 8.00082 -0.0294615 0.0896752 0.0330209 
qwerty 404 309 0.326864 0.798451 -2.61779 1.99693 8.07889 0.00869655 0.0987919 0.0128268 
qwerty 404 309 0.471135 0.327316 -2.59131 2.1398 8.20277 0.0873397 0.0233426 0.0427423 
qwerty 404 309 0.327316 0 -2.54247 2.15286 8.22667 0.0873397 0.0233426 0.0427423 
qwerty 306 179 0 0.510999 1.14273 -1.909 10.55 -0.0437479 0.0560204 -0.0703409 
qwerty 306 179 0 0.510999 0.722917 -1.37142 9.875 -0.0437479 0.0560204 -0.0703409 
qwerty 306 179 0 0.510999 0.303107 -0.833841 9.2 -0.0437479 0.0560204 -0.0703409 
qwerty 306 179 0 0.510999 -0.116704 -0.296262 8.525 -0.0437479 0.0560204 -0.0703409 
qwerty 302 200 0 0.510999 0.675919 -16.25 28.3121 0.0773134 -0.0595712 0.0217695 
qwerty 302 200 0 0.510999 1.69849 -17.0379 28.6 0.0773134 -0.0595712 0.0217695 
qwerty 301 200 0 0.275407 0.0628641 -14.6264 28.6 0.0298071 0.0812572 0.050088 
qwerty 299 212 0 0.510999 6.46515 -11.25 32.1501 0.0423596 0.079827 0.0428172 
qwerty 299 212 0 0.510999 6.95975 -10.3179 32.65 0.0423596 0.079827 0.0428172 
qwerty 298 256 0 0.510999 0.465508 0.958425 11.725 0.0114152 0.0495118 0.0861294 
qwerty 298 256 0 0.510999 0.532732 1.25 12.2322 0.0114152 0.0495118 0.0861294 
qwerty 298 256 0 0.510999 0.554969 1.34645 12.4 0.0114152 0.0495118 0.0861294 
qwerty 298 256 0 0.510999 0.64443 1.73448 13.075 0.0114152 0.0495118 0.0861294 
qwerty 297 256 0 0.510999 0.309779 0.282973 10.55 -0.0114152 -0.0495118 -0.0861294 
qwerty 297 256 0 0.510999 0.220318 -0.105052 9.875 -0.0114152 -0.0495118 -0.0861294 
qwerty 297 256 0 0.510999 0.130857 -0.493078 9.2 -0.0114152 -0.0495118 -0.0861294 
qwerty 421 297 0.00649395 0.252956 0.134864 -0.492625 9.2034 -0.016784 -0.0333984 0.0927515 
qwerty 421 297 0.00818165 0.244774 0.13456 -0.494222 9.20669 -0.0290026 -0.0692371 0.0660687 
qwerty 421 297 0.00589083 0.238883 0.134187 -0.49682 9.20952 -0.0161989 -0.0582489 0.0796534 
qwerty 421 297 0.0174684 0.221415 0.132046 -0.500272 9.21347 -0.0307085 -0.0750716 0.0584914 
qwerty 421 297 0.0249883 0.196427 0.127946 -0.505182 9.21729 -0.0586368 -0.0687649 0.0428148 
qwerty 421 297 0.0270766 0.16935 0.123161 -0.511874 9.21998 -0.0568873 -0.0783215 0.0250912 
qwerty 421 297 0.0262877 0.143062 0.119413 -0.51952 9.22569 0.0608875 -0.0765854 0.0206734 
qwerty 421 297 0.0498182 0.0932441 0.133999 -0.524264 9.22434 0.0800455 0.0213399 0.0560118 
qwerty 421 297 0.0932441 0 0.139726 -0.522737 9.22835 0.0800455 0.0213399 0.0560118 
qwerty 296 259 0 0.292338 0.371854 0.640197 8.35 -0.0140424 -0.028024 0.0949604 
qwerty 296 259 0 0.292338 0.272037 0.440996 9.025 -0.0140424 -0.028024 0.0949604 
qwerty 295 259 0 0.510999 0.221724 -0.138077 7.175 -0.020201 -0.0819048 -0.0536985 
qwerty 295 259 0 0.258591 0.251459 -0.67313 7.675 0.00830669 -0.0580667 0.0809893 
qwerty 294 263 0 0.510999 0.89839 1.5355 21.85 -0.062489 0.0344098 0.0700791 
qwerty 294 263 0 0.510999 0.296497 1.86693 22.525 -0.062489 0.0344098 0.0700791 
qwerty 294 263 0 0.383161 0.229045 2.09987 23.2 0.0151326 0.0281641 0.0947512 
qwerty 293 263 0 0.510999 1.94613 0.958554 20.675 0.062489 -0.0344098 -0.0700791 
qwerty 291 263 0 0.323818 1.28296 1.08341 21.85 -0.0308099 -0.0298665 0.0903257 
qwerty 290 265 0 0.510999 1.25 0.230301 5.85967 0.0672668 -0.071749 0.0180904 
qwerty 290 265 0 0.510999 2.98026 -1.61525 6.325 0.0672668 -0.071749 0.0180904 
qwerty 290 265 0 0.168969 3.11384 -1.66049 5.825 -0.0299259 0.0427563 -0.0853015 
qwerty 290 265 0 0.168969 2.87704 -1.32215 5.15 -0.0299259 0.0427563 -0.0853015 
qwerty 288 265 0 0.574602 0.716922 0.0717755 7 0.025656 -0.0182279 0.0949185 
qwerty 287 265 0 0.0596238 0.539831 0.19112 6.325 0.0149746 -0.047131 0.0869162 
qwerty 285 265 0 0.245516 0.44591 0.399333 6.325 0.00470464 -0.0191388 0.0980386 
qwerty 443 350 0 0.510999 -2.33952 11.25 9.5033 -0.0160104 0.0915143 -0.0369973 
qwerty 443 350 0 0.510999 -2.47077 12.0002 9.2 -0.0160104 0.0915143 -0.0369973 
qwerty 442 350 0 0.510999 -1.96229 9.09381 10.375 0.0160104 -0.0915143 0.0369973 
qwerty 442 350 0 0.345104 -1.80388 8.68409 10.34 0.0530003 -0.0720841 -0.0446639 
qwerty 442 350 0 0.345104 -1.25213 7.93367 9.875 0.0530003 -0.0720841 -0.0446639 
qwerty 447 442 0.00974349 0.236947 -1.04531 7.64854 9.69789 -0.0386771 -0.067724 -0.0625902 
qwerty 447 442 0.00812783 0.228819 -1.04746 7.64616 9.69565 -0.0423738 -0.0728451 -0.0538336 
qwerty 447 442 0.0136441 0.215175 -1.04886 7.64387 9.69436 -0.0536535 -0.0743358 -0.0399436 
qwerty 447 442 0.00850982 0.206666 -1.05097 7.6415 9.69214 -0.056342 -0.0760384 -0.0323071 
qwerty 447 442 0.0105388 0.196127 -1.05257 7.63796 9.69017 -0.0430022 -0.0699826 -0.0570373 
qwerty 447 442 0.0118008 0.184326 -1.05384 7.63431 9.68749 -0.0133881 -0.0961017 -0.0241912 
qwerty 447 442 0.0122987 0.172027 -1.05295 7.62759 9.68738 -0.0130224 -0.0989117 -0.00684859 
qwerty 447 442 0.0255255 0.146502 -1.05415 7.62164 9.68917 0.00613483 -0.0980688 -0.0185707 
qwerty 447 442 0.019221 0.127281 -1.05439 7.61559 9.68999 0.0369838 -0.0850238 0.0374586 
qwerty 447 442 0.0335075 0.0937732 -1.05156 7.61156 9.69167 -0.00843685 -0.094129 0.0326886 
qwerty 447 442 0.0255606 0.0682126 -1.05082 7.60741 9.69327 0.0940756 -0.0207838 0.0267921 
qwerty 447 442 0.0190463 0.0491662 -1.04727 7.60764 9.69298 0.0211909 -0.013278 -0.0968227 
qwerty 447 442 0.0491662 0 -1.04677 7.60733 9.69072 0.0211909 -0.013278 -0.0968227 
qwerty 446 442 0.00118159 0 -1.80388 8.68409 10.34 -0.0533732 0.0146305 -0.0832902 
qwerty 440 372 0 0.510999 -0.264136 1.25 7.88403 -0.0668845 -0.0388991 0.0633508 
qwerty 440 372 0 0.510999 -0.756102 0.96388 8.35 -0.0668845 -0.0388991 0.0633508 
