qwerty 1 0 0 200 0 0 -0.249993 0 0 0.1 
qwerty 3 1 0 296.99 -0.0521512 0.0321166 0.25 -0.010353 0.00637576 0.0992581 
qwerty 3 1 0 296.99 -0.122556 0.0754747 0.925 -0.010353 0.00637576 0.0992581 
qwerty 3 1 0 296.99 -0.192961 0.118833 1.6 -0.010353 0.00637576 0.0992581 
qwerty 3 1 0 296.99 -0.263366 0.162191 2.275 -0.010353 0.00637576 0.0992581 
qwerty 3 1 0 296.99 -0.333771 0.205549 2.95 -0.010353 0.00637576 0.0992581 
qwerty 3 1 0 296.99 -0.404176 0.248907 3.625 -0.010353 0.00637576 0.0992581 
qwerty 3 1 0 296.99 -0.474581 0.292265 4.3 -0.010353 0.00637576 0.0992581 
qwerty 3 1 0 296.99 -0.544986 0.335623 4.975 -0.010353 0.00637576 0.0992581 
qwerty 3 1 0 296.99 -0.615392 0.378981 5.65 -0.010353 0.00637576 0.0992581 
qwerty 3 1 0 296.99 -0.685797 0.422339 6.325 -0.010353 0.00637576 0.0992581 
qwerty 3 1 0 296.99 -0.756202 0.465697 7 -0.010353 0.00637576 0.0992581 
qwerty 3 1 0 296.99 -0.826607 0.509055 7.675 -0.010353 0.00637576 0.0992581 
qwerty 4 3 0 2.0299 -0.89264 0.507007 7.85 -0.0876752 0.0467413 -0.0113274 
qwerty 4 3 0.566709 1.33319 -1.19857 0.621383 7.95836 -0.0975506 -0.0144261 -0.0166061 
qwerty 4 3 0.423989 0.909198 -1.44269 0.65264 7.93307 -0.0797781 0.0147049 0.0584741 
qwerty 4 3 0.385527 0.523671 -1.65776 0.663257 7.94012 -0.0962729 -0.0152516 0.0223365 
qwerty 4 3 0.357877 0.165794 -1.73506 0.635873 8.06323 -0.0434544 0.0637446 0.0636265 
qwerty 4 3 0.165794 0 -1.74328 0.647929 8.07526 -0.0434544 0.0637446 0.0636265 
qwerty 7 4 0 1.9085 -0.147409 0.302973 8.35 0.0806831 -0.0222306 0.0547361 
qwerty 6 4 0 26.9178 -1.42841 0.669199 8.35 -0.0707118 0.0204219 0.0676963 
qwerty 6 4 0 26.9178 -2.13348 0.872826 9.025 -0.0707118 0.0204219 0.0676963 
qwerty 9 6 0.973191 3.62773 -2.6056 0.444521 8.72152 -0.0237243 -0.0887645 -0.0394717 
qwerty 9 6 0.860742 2.76699 -2.72372 0.00258001 8.525 -0.0503462 -0.0860023 -0.00829895 
qwerty 9 6 0.811268 1.70992 -2.96944 -0.329704 8.56053 -0.000336213 -0.0985022 -0.0172394 
qwerty 9 6 0.382712 1.32721 -2.97013 -0.53271 8.525 0.0336933 -0.0940762 0.0037976 
qwerty 9 6 0.479211 0.848001 -2.91313 -0.703614 8.53736 0.0204566 -0.0916699 0.0343244 
qwerty 9 6 0.282495 0.565505 -2.90101 -0.853593 8.53275 0.00342629 0.0952599 -0.0302294 
qwerty 9 6 0.0496145 0.515891 -2.90013 -0.829161 8.525 0.00247683 0.0980386 -0.0195525 
qwerty 15 9 0 0.246069 -3.13892 1.35918 8.525 -0.0782508 0.0407801 -0.0470509 
qwerty 12 9 0 9.19904 -3.75 1.36005 8.8832 -0.0947131 0.0291707 -0.01336 
qwerty 12 9 0 9.19904 -6.25 2.13003 8.53055 -0.0947131 0.0291707 -0.01336 
qwerty 12 9 0 9.19904 -6.28935 2.14215 8.525 -0.0947131 0.0291707 -0.01336 
qwerty 12 9 0 9.19904 -11.0746 3.61597 7.85 -0.0947131 0.0291707 -0.01336 
qwerty 12 9 0 0.61176 -11.364 3.85926 7.175 -0.0021282 0.0241646 -0.0970131 
qwerty 12 9 0 0.470922 -11.3589 3.75 6.80658 0.00251624 -0.0458882 -0.0888141 
qwerty 12 9 0 0.470922 -11.3502 3.5916 6.5 0.00251624 -0.0458882 -0.0888141 
qwerty 18 12 0.82067 2.41468 -11.4103 3.93683 7.22571 -0.023951 -0.00402205 -0.097006 
qwerty 18 12 0.0743084 2.34037 -11.4229 3.93472 7.175 -0.0638129 -0.0140609 -0.0756981 
qwerty 24 18 0 0.834891 -11.3817 3.91152 7.175 0.00125766 0.0297476 -0.0954646 
qwerty 24 18 0 0.678668 -11.0921 3.94935 6.5 0.0452453 0.000707753 -0.089176 
qwerty 24 18 0 0.678668 -10.7496 3.95471 5.825 0.0452453 0.000707753 -0.089176 
qwerty 24 18 0 0.678668 -10.4071 3.96007 5.15 0.0452453 0.000707753 -0.089176 
qwerty 24 18 0 0.678668 -10.0647 3.96542 4.475 0.0452453 0.000707753 -0.089176 
qwerty 24 18 0 0.678668 -9.72218 3.97078 3.8 0.0452453 0.000707753 -0.089176 
qwerty 22 18 0 0.937515 -11.25 3.73572 7.27266 0.0337792 0.004535 -0.0940127 
qwerty 22 18 0 0.937515 -11.2149 3.74043 7.175 0.0337792 0.004535 -0.0940127 
qwerty 22 18 0 0.937515 -11.1436 3.75 6.97653 0.0337792 0.004535 -0.0940127 
qwerty 22 18 0 0.937515 -10.9724 3.77299 6.5 0.0337792 0.004535 -0.0940127 
qwerty 22 18 0 0.802111 -10.7567 3.80194 5.89974 0.0640118 0.0258936 -0.0723327 
qwerty 22 18 0 0.802111 -10.6906 3.8287 5.825 0.0640118 0.0258936 -0.0723327 
qwerty 22 18 0 0.802111 -10.0932 4.07033 5.15 0.0640118 0.0258936 -0.0723327 
qwerty 22 18 0 0.802111 -9.49586 4.31197 4.475 0.0640118 0.0258936 -0.0723327 
qwerty 22 18 0 0.520404 -7.19658 6.25 3.85048 0.075939 0.0630137 -0.0162029 
qwerty 22 18 0 0.520404 -6.95997 6.44633 3.8 0.075939 0.0630137 -0.0162029 
qwerty 22 18 0 0.520404 -3.7964 9.07144 3.125 0.075939 0.0630137 -0.0162029 
qwerty 28 22 0.135404 0 -10.7634 3.79631 5.88947 -0.0497025 -0.041725 -0.0760835 
qwerty 21 18 0 0.270902 -12.7575 4.34724 7.175 -0.0842419 0.0385625 -0.037633 
qwerty 11 9 0 1.74132 -2.76955 0.882236 9.7 -0.0684731 0.000634163 0.0728769 
qwerty 11 9 0 1.74132 -3.40376 0.88811 10.375 -0.0684731 0.000634163 0.0728769 
qwerty 11 9 0 1.74132 -4.03798 0.893983 11.05 -0.0684731 0.000634163 0.0728769 
qwerty 11 9 0 1.74132 -4.67219 0.899857 11.725 -0.0684731 0.000634163 0.0728769 
qwerty 11 9 0 1.74132 -5.3064 0.905731 12.4 -0.0684731 0.000634163 0.0728769 
qwerty 11 9 0 1.74132 -5.94061 0.911605 13.075 -0.0684731 0.000634163 0.0728769 
qwerty 11 9 0 1.4952 -6.38049 0.769053 13.75 -0.049768 -0.0215499 0.0840164 
qwerty 11 9 0 1.4952 -6.78034 0.595918 14.425 -0.049768 -0.0215499 0.0840164 
qwerty 11 9 0 1.4952 -7.18018 0.422783 15.1 -0.049768 -0.0215499 0.0840164 
qwerty 11 9 0 1.4952 -7.58002 0.249648 15.775 -0.049768 -0.0215499 0.0840164 
qwerty 11 9 0 0.942017 -7.97102 0.49569 16.45 -0.0454147 0.041445 0.0788658 
qwerty 11 9 0 0.942017 -8.35971 0.850411 17.125 -0.0454147 0.041445 0.0788658 
qwerty 11 9 0 0.942017 -8.74841 1.20513 17.8 -0.0454147 0.041445 0.0788658 
qwerty 11 9 0 0.942017 -9.13711 1.55985 18.475 -0.0454147 0.041445 0.0788658 
qwerty 11 9 0 0.942017 -9.52581 1.91457 19.15 -0.0454147 0.041445 0.0788658 
qwerty 11 9 0 0.942017 -9.9145 2.2693 19.825 -0.0454147 0.041445 0.0788658 
qwerty 11 9 0 0.942017 -10.3032 2.62402 20.5 -0.0454147 0.041445 0.0788658 
qwerty 11 9 0 0.942017 -10.6919 2.97874 21.175 -0.0454147 0.041445 0.0788658 
qwerty 11 9 0 0.942017 -11.0806 3.33346 21.85 -0.0454147 0.041445 0.0788658 
qwerty 11 9 0 0.942017 -11.25 3.48805 22.1442 -0.0454147 0.041445 0.0788658 
qwerty 11 9 0 0.942017 -11.4693 3.68818 22.525 -0.0454147 0.041445 0.0788658 
qwerty 11 9 0 0.942017 -11.858 4.0429 23.2 -0.0454147 0.041445 0.0788658 
qwerty 11 9 0 0.555083 -12.0208 4.19148 23.4827 0.0197687 -0.0131414 0.0971417 
qwerty 11 9 0 0.555083 -11.941 4.13841 23.875 0.0197687 -0.0131414 0.0971417 
qwerty 11 9 0 0.555083 -11.8036 4.0471 24.55 0.0197687 -0.0131414 0.0971417 
qwerty 11 9 0 0.555083 -11.6662 3.95578 25.225 0.0197687 -0.0131414 0.0971417 
qwerty 11 9 0 0.555083 -11.5289 3.86447 25.9 0.0197687 -0.0131414 0.0971417 
qwerty 11 9 0 0.555083 -11.3915 3.77316 26.575 0.0197687 -0.0131414 0.0971417 
qwerty 11 9 0 0.456785 -11.6261 3.57463 27.25 -0.0404102 -0.0285055 0.0869164 
qwerty 11 9 0 0.426453 -12.0084 3.64581 27.925 -0.0492449 0.0103924 0.0864114 
qwerty 11 9 0 0.180889 -11.25 4.16237 27.6128 0.0782709 0.0520184 -0.0341725 
qwerty 11 9 0 0.167471 -10.9179 4.38309 27.4678 0.0914726 -0.0138453 -0.0379614 
qwerty 11 9 0 0.167471 -10.8148 4.36749 27.425 0.0914726 -0.0138453 -0.0379614 
qwerty 40 11 0.0134178 0 -10.9179 4.38332 27.4678 -0.00984735 0.0995028 0.0014933 
qwerty 36 11 0.134159 0.252774 -12.0612 4.22612 23.4729 -0.0959752 0.0280654 -0.00104717 
qwerty 36 11 0.252774 0 -12.0971 4.23662 23.4725 -0.0959752 0.0280654 -0.00104717 
qwerty 2 1 0 37.987 1.30363 -0.802825 0.25 0.0809416 -0.0498469 0.0310443 
qwerty 2 1 0 37.987 3.06356 -1.88665 0.925 0.0809416 -0.0498469 0.0310443 
qwerty 2 1 0 37.987 4.82348 -2.97048 1.6 0.0809416 -0.0498469 0.0310443 
qwerty 2 1 0 37.987 6.25 -3.84898 2.14712 0.0809416 -0.0498469 0.0310443 
qwerty 2 1 0 37.987 6.58341 -4.05431 2.275 0.0809416 -0.0498469 0.0310443 
qwerty 5 3 0.558956 97.1604 -0.878019 0.545161 8.14541 -0.0118433 0.00894414 0.0988926 
qwerty 5 3 0.29483 96.8656 -0.902521 0.563664 8.35 -0.0117464 0.0081567 0.0989722 
qwerty 5 3 0.779443 54.4118 -1.06564 0.554807 9.025 -0.0253622 -0.00169246 0.0967155 
qwerty 5 3 0.194429 20.2968 -1.19865 0.563529 9.31148 -0.0575568 0.00889192 0.0812905 
qwerty 5 3 0.749144 19.5477 -1.47373 0.606027 9.7 -0.0566045 0.00319584 0.0823755 
qwerty 5 3 1.39222 9.00463 -1.80849 0.834181 10.375 -0.0261866 0.0257413 0.0930142 
qwerty 66 5 0.160657 0.598292 -1.22771 0.524523 9.35591 -0.0487916 -0.00300564 0.0872373 
qwerty 66 5 0.185434 0.412858 -1.23349 0.502024 9.45413 -0.0184975 -0.044162 0.0877927 
qwerty 66 5 0.333018 0.0798405 -1.24809 0.467161 9.52343 0.00124014 -0.0994552 -0.0103504 
qwerty 66 5 0.0798405 0 -1.24802 0.461721 9.52287 0.00124014 -0.0994552 -0.0103504 
qwerty 42 2 0.728743 13.5152 7.35401 -4.30431 2.68539 0.0893735 0.00754043 0.0442212 
qwerty 42 2 1.13949 12.3757 7.88879 -4.25919 2.95 0.087204 0.00488873 0.0486987 
qwerty 42 2 0.996756 5.47222 7.66904 -3.99914 3.625 -0.0531855 0.042559 0.0732122 
qwerty 80 42 0 2.5122 7.45653 -3.75 4.24836 -0.0282289 0.0343477 0.0895732 
qwerty 80 42 0 2.5122 7.44026 -3.7302 4.3 -0.0282289 0.0343477 0.0895732 
qwerty 80 42 0 2.5122 7.22753 -3.47136 4.975 -0.0282289 0.0343477 0.0895732 
qwerty 80 42 0 0.242695 7.13184 -3.35493 5.27864 0.0359974 0.00908835 -0.0928525 
qwerty 80 42 0 0.242695 7.18171 -3.34234 5.15 0.0359974 0.00908835 -0.0928525 
qwerty 81 80 0.658263 1.61124 7.04778 -3.20244 5.59351 -0.0319941 0.0137559 0.0937398 
qwerty 81 80 0.0932743 1.51796 7.0285 -3.19415 5.65 -0.0464781 0.00208428 0.088518 
qwerty 78 42 0 0.253917 7.87441 -4.25412 2.95 0.0888114 0.00856543 0.0451572 
qwerty 77 42 0 1.68504 7.94173 -4.2127 2.95 0.0885237 0.00812316 0.0457992 
qwerty 77 42 0 1.68504 8.75 -4.13853 3.36817 0.0885237 0.00812316 0.0457992 
qwerty 77 42 0 1.68504 9.24641 -4.09298 3.625 0.0885237 0.00812316 0.0457992 
qwerty 77 42 0 1.68504 10.5511 -3.97326 4.3 0.0885237 0.00812316 0.0457992 
qwerty 77 42 0 1.68504 11.25 -3.90913 4.66159 0.0885237 0.00812316 0.0457992 
qwerty 77 42 0 1.68504 11.8558 -3.85354 4.975 0.0885237 0.00812316 0.0457992 
qwerty 77 42 0 1.68504 12.9841 -3.75 5.55877 0.0885237 0.00812316 0.0457992 
qwerty 77 42 0 1.68504 13.1605 -3.73382 5.65 0.0885237 0.00812316 0.0457992 
qwerty 77 42 0 1.68504 13.75 -3.67972 5.955 0.0885237 0.00812316 0.0457992 
qwerty 77 42 0 1.68504 14.4652 -3.6141 6.325 0.0885237 0.00812316 0.0457992 
qwerty 77 42 0 0.866594 14.9081 -3.27616 7 0.0339596 0.0460785 0.081997 
qwerty 77 42 0 0.866594 15.1877 -2.89684 7.675 0.0339596 0.0460785 0.081997 
qwerty 77 42 0 0.866594 15.4672 -2.51752 8.35 0.0339596 0.0460785 0.081997 
qwerty 77 42 0 0.866594 15.7468 -2.1382 9.025 0.0339596 0.0460785 0.081997 
qwerty 77 42 0 0.866594 16.0263 -1.75888 9.7 0.0339596 0.0460785 0.081997 
qwerty 77 42 0 0.866594 16.25 -1.4554 10.24 0.0339596 0.0460785 0.081997 
qwerty 77 42 0 0.866594 16.3059 -1.37957 10.375 0.0339596 0.0460785 0.081997 
qwerty 75 42 0 8.38546 8.51112 -5.50643 2.95 0.0768548 -0.0582078 0.0265555 
qwerty 91 89 0 0.273931 6.60963 -5.90313 2.45 -0.095172 -0.0151465 -0.0266998 
qwerty 74 5 0 0.510999 -1.79726 0.151492 9.875 0.00513602 -0.075842 -0.064974 
qwerty 74 5 0 0.510999 -1.70394 -0.546278 9.2 0.0102158 -0.0708019 -0.0698765 
qwerty 74 5 0 0.510999 -1.60526 -1.23022 8.525 0.0102158 -0.0708019 -0.0698765 
qwerty 71 5 0 0.31527 -2.70351 1.25 11.0427 -0.080423 0.0381069 0.045607 
qwerty 71 5 0 0.31527 -2.71646 1.25614 11.05 -0.080423 0.0381069 0.045607 
qwerty 69 5 0 2.64 -1.87558 0.743775 11.05 -0.00969822 -0.0135937 0.0985959 
qwerty 69 5 0 2.64 -1.94198 0.650711 11.725 -0.00969822 -0.0135937 0.0985959 
qwerty 69 5 0 2.64 -2.00838 0.557647 12.4 -0.00969822 -0.0135937 0.0985959 
qwerty 69 5 0 0.496762 -1.48911 2.1285 13.075 0.0300223 0.0898363 0.032064 
qwerty 68 5 0 1.40824 -1.81256 0.846243 10.375 -0.0380665 0.0300261 0.0874607 
qwerty 68 5 0 1.40824 -2.10635 1.07798 11.05 -0.0380665 0.0300261 0.0874607 
qwerty 68 5 0 1.40824 -2.40014 1.30971 11.725 -0.0380665 0.0300261 0.0874607 
qwerty 68 5 0 1.40824 -2.69393 1.54145 12.4 -0.0380665 0.0300261 0.0874607 
qwerty 68 5 0 1.40824 -2.98771 1.77318 13.075 -0.0380665 0.0300261 0.0874607 
qwerty 68 5 0 1.40824 -3.2815 2.00491 13.75 -0.0380665 0.0300261 0.0874607 
qwerty 68 5 0 1.40824 -3.57529 2.23665 14.425 -0.0380665 0.0300261 0.0874607 
qwerty 68 5 0 1.40824 -3.86908 2.46838 15.1 -0.0380665 0.0300261 0.0874607 
qwerty 68 5 0 0.526482 -4.15002 2.68999 15.7455 0.0512854 0.0752366 0.0413432 
qwerty 68 5 0 0.526482 -4.11342 2.74368 15.775 0.0512854 0.0752366 0.0413432 
qwerty 68 5 0 0.526482 -3.42746 3.75 16.328 0.0512854 0.0752366 0.0413432 
qwerty 68 5 0 0.526482 -3.2761 3.97205 16.45 0.0512854 0.0752366 0.0413432 
qwerty 68 5 0 0.526482 -2.43878 5.20041 17.125 0.0512854 0.0752366 0.0413432 
qwerty 68 5 0 0.526482 -1.72332 6.25 17.7018 0.0512854 0.0752366 0.0413432 
qwerty 68 5 0 0.526482 -1.60145 6.42878 17.8 0.0512854 0.0752366 0.0413432 
qwerty 68 5 0 0.389995 -1.0733 8.296 17.3096 -0.000334128 0.099956 -0.0029472 
qwerty 68 5 0 0.389995 -1.07438 8.6204 17.3 -0.000334128 0.099956 -0.0029472 
qwerty 112 68 0.0195829 0 -1.07296 8.29598 17.3093 0.07402 -0.00598343 -0.0669719 
qwerty 110 68 0.123324 0.758436 -4.17348 2.69076 15.775 -0.0594556 0.00463747 0.0802716 
qwerty 67 5 0 5.20137 -2.08032 1.03914 10.375 -0.0619909 0.0462557 0.063384 
qwerty 67 5 0 5.20137 -2.36292 1.25 10.6639 -0.0619909 0.0462557 0.063384 
qwerty 67 5 0 5.20137 -2.74048 1.53173 11.05 -0.0619909 0.0462557 0.063384 
qwerty 65 5 0 0.173768 -1.36589 0.5401 9.7 -0.0435758 -0.00382351 0.0899251 
qwerty 64 5 0 30.683 -1.25898 0.549957 9.7 -0.0280481 -0.000402785 0.0959851 
qwerty 117 64 0.891828 25.8215 -1.44085 0.53943 10.2843 -0.0332592 -0.00855182 0.0939185 
qwerty 117 64 0.18546 25.636 -1.47297 0.531169 10.375 -0.0352439 -0.0102117 0.0930247 
qwerty 117 64 1.43668 19.5779 -1.87088 0.0951049 11.05 -0.0376357 -0.0532942 0.0757844 
qwerty 117 64 1.918 12.4537 -1.62164 -0.692128 11.725 0.0315476 -0.0848319 0.0425241 
qwerty 119 117 0.0835008 0.294673 -1.48054 0.523595 10.2756 -0.0899366 -0.0434677 0.00468719 
qwerty 119 117 0.294673 0 -1.52331 0.502924 10.2778 -0.0899366 -0.0434677 0.00468719 
qwerty 126 117 0 3.91454 -1.80073 -1.25 12.0863 -0.0388989 -0.076312 0.0516077 
qwerty 126 117 0 3.91454 -2.03715 -1.71381 12.4 -0.0388989 -0.076312 0.0516077 
qwerty 131 126 0.847812 1.47009 -2.19633 -2.06917 12.9512 0.0667858 0.00524895 0.0742435 
qwerty 131 126 0.327559 1.14253 -2.08495 -2.06041 13.075 -0.00272281 -0.0148897 0.0988478 
qwerty 131 126 0 0.279266 -2.08375 -2.0665 13.075 0.0461566 0.0574428 0.067601 
qwerty 133 131 0 0.172095 -2.59583 -2.43391 12.575 -0.0626889 -0.0463051 -0.0626574 
qwerty 125 117 0 0.319138 -1.51626 -1.25 12.2343 0.00812187 -0.0711075 0.0698409 
qwerty 125 117 0 0.319138 -1.49699 -1.41875 12.4 0.00812187 -0.0711075 0.0698409 
qwerty 124 117 0 0.899356 -1.40128 -1.25 11.978 0.0302845 -0.0873964 0.0380095 
qwerty 124 117 0 0.899356 -1.06507 -2.22024 12.4 0.0302845 -0.0873964 0.0380095 
qwerty 124 117 0 0.899356 -0.527256 -3.77229 13.075 0.0302845 -0.0873964 0.0380095 
qwerty 124 117 0 0.899356 0.010559 -5.32434 13.75 0.0302845 -0.0873964 0.0380095 
qwerty 122 117 0 1.02713 -2.28882 0.0102652 11.725 -0.0531961 -0.00407054 0.084579 
qwerty 122 117 0 0.317433 -2.6071 -0.0140893 12.231 0.0888497 -0.0191891 0.0416834 
qwerty 122 117 0 0.317433 -2.24696 -0.0918686 12.4 0.0888497 -0.0191891 0.0416834 
qwerty 122 117 0 0.149851 -1.28799 -0.29898 12.8499 -0.0630351 -0.0301875 -0.0715213 
qwerty 122 117 0 0.149851 -1.53027 -0.415007 12.575 -0.0630351 -0.0301875 -0.0715213 
qwerty 140 122 0.167582 0 -1.27176 -0.299656 12.8602 0.084324 -0.00351102 0.053639 
qwerty 139 122 0.212681 0.497014 -2.69089 -0.00397069 12.2603 -0.0642522 0.0724528 0.0249448 
qwerty 139 122 0.195537 0.301477 -2.76206 0.0394167 12.2439 -0.0849532 -0.0511693 0.0128317 
qwerty 139 122 0.301477 0 -2.80391 0.0142067 12.2502 -0.0849532 -0.0511693 0.0128317 
qwerty 121 117 0 1.03142 -2.16109 -0.475365 11.725 -0.0314765 -0.0622502 0.071653 
qwerty 121 117 0 0.503113 -3.32064 -0.270948 12.4 -0.0862706 0.0200109 0.0464429 
qwerty 121 117 0 0.503113 -3.75 -0.171355 12.6311 -0.0862706 0.0200109 0.0464429 
qwerty 121 117 0 0.503113 -4.57449 0.0198901 13.075 -0.0862706 0.0200109 0.0464429 
qwerty 121 117 0 0.503113 -5.82835 0.310728 13.75 -0.0862706 0.0200109 0.0464429 
qwerty 63 5 0 5.30869 -1.04734 0.551563 9.025 -0.0233387 -0.00366501 0.0971693 
qwerty 63 5 0 5.30869 -1.20946 0.526103 9.7 -0.0233387 -0.00366501 0.0971693 
qwerty 63 5 0 5.30869 -1.37159 0.500644 10.375 -0.0233387 -0.00366501 0.0971693 
qwerty 63 5 0 5.30869 -1.53371 0.475184 11.05 -0.0233387 -0.00366501 0.0971693 
qwerty 63 5 0 5.30869 -1.69584 0.449725 11.725 -0.0233387 -0.00366501 0.0971693 
qwerty 63 5 0 5.30869 -1.85796 0.424265 12.4 -0.0233387 -0.00366501 0.0971693 
qwerty 63 5 0 5.30869 -2.02009 0.398806 13.075 -0.0233387 -0.00366501 0.0971693 
qwerty 63 5 0 5.30869 -2.18221 0.373346 13.75 -0.0233387 -0.00366501 0.0971693 
qwerty 148 145 0 0.32276 -2.06767 0.370577 14.425 0.0204441 -0.011244 0.09724 
qwerty 147 145 0 2.17842 -2.25871 0.168736 14.425 -0.00952025 -0.0311064 0.0945609 
qwerty 147 145 0 2.17842 -2.32667 -0.0533096 15.1 -0.00952025 -0.0311064 0.0945609 
qwerty 147 145 0 2.17842 -2.39463 -0.275355 15.775 -0.00952025 -0.0311064 0.0945609 
qwerty 147 145 0 2.17842 -2.46259 -0.497401 16.45 -0.00952025 -0.0311064 0.0945609 
qwerty 147 145 0 2.17842 -2.53055 -0.719446 17.125 -0.00952025 -0.0311064 0.0945609 
qwerty 147 145 0 2.17842 -2.5985 -0.941492 17.8 -0.00952025 -0.0311064 0.0945609 
qwerty 147 145 0 2.17842 -2.66646 -1.16354 18.475 -0.00952025 -0.0311064 0.0945609 
qwerty 147 145 0 2.17842 -2.69293 -1.25 18.7378 -0.00952025 -0.0311064 0.0945609 
qwerty 147 145 0 2.17842 -2.73442 -1.38558 19.15 -0.00952025 -0.0311064 0.0945609 
qwerty 147 145 0 2.17842 -2.80238 -1.60763 19.825 -0.00952025 -0.0311064 0.0945609 
qwerty 147 145 0 1.39762 -2.85536 -1.78075 20.3513 0.0377029 -0.0115145 0.0919016 
qwerty 147 145 0 1.39762 -2.79436 -1.79939 20.5 0.0377029 -0.0115145 0.0919016 
qwerty 147 145 0 1.39762 -2.51743 -1.88396 21.175 0.0377029 -0.0115145 0.0919016 
qwerty 147 145 0 1.016 -2.53023 -1.78429 21.85 -0.00578002 0.0170151 0.0983721 
qwerty 147 145 0 1.01503 -2.55027 -1.72528 22.1912 -0.00449216 0.0142379 0.0988792 
qwerty 147 145 0 1.01503 -2.56544 -1.67721 22.525 -0.00449216 0.0142379 0.0988792 
qwerty 147 145 0 1.01503 -2.5961 -1.58002 23.2 -0.00449216 0.0142379 0.0988792 
qwerty 147 145 0 1.01503 -2.62677 -1.48282 23.875 -0.00449216 0.0142379 0.0988792 
qwerty 147 145 0 1.01503 -2.65743 -1.38563 24.55 -0.00449216 0.0142379 0.0988792 
qwerty 147 145 0 1.01503 -2.6881 -1.28843 25.225 -0.00449216 0.0142379 0.0988792 
qwerty 147 145 0 1.01503 -2.70023 -1.25 25.4919 -0.00449216 0.0142379 0.0988792 
qwerty 147 145 0 0.37358 -2.71688 -1.1972 25.8586 -0.0982968 0.017078 0.0067878 
qwerty 147 145 0 0.37358 -3.31678 -1.09298 25.9 -0.0982968 0.017078 0.0067878 
qwerty 155 147 0.0756964 0.565756 -2.70102 -1.20122 25.8866 0.0444823 -0.00456488 0.0894454 
qwerty 155 147 0.027696 0.53806 -2.69437 -1.20191 25.9 0.0448339 -0.00836581 0.088994 
qwerty 154 147 0.000971632 0 -2.55027 -1.72528 22.1912 -0.0416415 0.0899402 -0.0132948 
qwerty 152 147 0.200511 0.580285 -2.90125 -1.85255 20.4012 -0.0378566 -0.0194426 0.0904923 
qwerty 152 147 0.121396 0.422959 -2.93531 -1.8472 20.4492 0.00068826 0.0622215 0.0782816 
qwerty 152 147 0.102003 0.320956 -2.9332 -1.80726 20.4704 0.0652979 0.0704781 0.0277313 
qwerty 152 147 0.0812234 0.239733 -2.91035 -1.79035 20.4935 -0.0713872 0.00848305 0.0695119 
qwerty 152 147 0.0176017 0.222131 -2.91707 -1.78955 20.5 -0.0583925 -0.011357 0.0803824 
qwerty 152 147 0.003719 0.170804 -2.9167 -1.78893 20.4984 0.0594327 -0.0365023 -0.0716613 
qwerty 152 147 0.00409741 0.166706 -2.91547 -1.7894 20.497 0.0487656 -0.0498523 -0.0716705 
qwerty 152 147 0.00504178 0.161665 -2.91441 -1.79007 20.4957 0.0703449 -0.039589 -0.059028 
qwerty 152 147 0.00629685 0.155368 -2.91245 -1.79118 20.4947 0.0699381 -0.05385 -0.0469983 
qwerty 152 147 0.00830098 0.147067 -2.91062 -1.79263 20.4927 0.0698897 -0.014297 -0.0700787 
qwerty 152 147 0.0166374 0.130429 -2.90706 -1.79271 20.4902 0.0741572 -0.01024 -0.0663013 
qwerty 152 147 0.0178605 0.112569 -2.90314 -1.79167 20.4867 0.0467916 0.0233311 -0.085242 
qwerty 152 147 0.0355518 0.0770171 -2.90351 -1.78974 20.4785 -0.00845053 0.0301732 -0.094964 
qwerty 152 147 0.0770171 0 -2.90394 -1.78819 20.4737 -0.00845053 0.0301732 -0.094964 
qwerty 157 152 0 0.0359307 -2.96462 -1.80435 20.5 -0.0403533 0.0589921 0.0699396 
qwerty 62 5 0 5.90638 -1.05642 0.55303 9.025 -0.0249806 -0.00337945 0.0967706 
qwerty 62 5 0 5.90638 -1.23066 0.529457 9.7 -0.0249806 -0.00337945 0.0967706 
qwerty 62 5 0 5.90638 -1.40491 0.505884 10.375 -0.0249806 -0.00337945 0.0967706 
qwerty 62 5 0 5.90638 -1.57915 0.482312 11.05 -0.0249806 -0.00337945 0.0967706 
qwerty 62 5 0 5.90638 -1.7534 0.458739 11.725 -0.0249806 -0.00337945 0.0967706 
qwerty 62 5 0 5.90638 -1.92765 0.435167 12.4 -0.0249806 -0.00337945 0.0967706 
qwerty 62 5 0 5.90638 -2.10189 0.411594 13.075 -0.0249806 -0.00337945 0.0967706 
qwerty 62 5 0 5.90638 -2.27614 0.388022 13.75 -0.0249806 -0.00337945 0.0967706 
qwerty 62 5 0 0.702648 -2.14902 -1.08779 14.425 0.0095784 -0.0926608 0.0363625 
qwerty 62 5 0 0.465303 -2.09611 -1.59972 14.6259 0.00910802 -0.0863865 -0.0495421 
qwerty 62 5 0 0.465303 -2.09134 -1.64487 14.6 0.00910802 -0.0863865 -0.0495421 
qwerty 62 5 0 0.465303 -1.96725 -2.82186 13.925 0.00910802 -0.0863865 -0.0495421 
qwerty 160 62 0.0390262 0.198319 -2.09053 -1.60977 14.6364 -0.00335031 -0.0915325 0.040132 
qwerty 160 62 0.0690846 0.129234 -2.08294 -1.62606 14.6404 0.0566309 -0.0666237 0.0485203 
qwerty 160 62 0.129234 0 -2.07587 -1.63438 14.6465 0.0566309 -0.0666237 0.0485203 
qwerty 164 159 0 0.687406 -2.51566 1.89504 14.425 -0.0126396 0.0928991 0.0347851 
qwerty 164 159 0 0.687406 -2.76093 3.69773 15.1 -0.0126396 0.0928991 0.0347851 
qwerty 163 159 0 0.889169 -2.28882 0.839913 14.425 0.00295722 0.0622333 0.0782194 
qwerty 163 159 0 0.889169 -2.26933 1.25 14.9404 0.00295722 0.0622333 0.0782194 
qwerty 163 159 0 0.889169 -2.2633 1.37696 15.1 0.00295722 0.0622333 0.0782194 
qwerty 163 159 0 0.889169 -2.23778 1.91401 15.775 0.00295722 0.0622333 0.0782194 
qwerty 163 159 0 0.288157 -2.70409 1.25 16.3054 -0.0476996 -0.0787375 0.0390532 
qwerty 163 159 0 0.288157 -2.88067 0.958521 16.45 -0.0476996 -0.0787375 0.0390532 
qwerty 61 5 0 1.12697 -0.542085 0.385889 9.025 0.0564599 -0.0277144 0.0777444 
qwerty 61 5 0 1.12697 -0.0518837 0.145264 9.7 0.0564599 -0.0277144 0.0777444 
qwerty 61 5 0 1.12697 0.438318 -0.0953605 10.375 0.0564599 -0.0277144 0.0777444 
qwerty 61 5 0 0.794017 1.29881 -1.25 11.0218 0.0538062 -0.0750692 0.0383342 
qwerty 61 5 0 0.794017 1.33842 -1.30527 11.05 0.0538062 -0.0750692 0.0383342 
qwerty 61 5 0 0.220749 2.01985 -2.25598 11.5355 -0.0267946 0.0223623 -0.0937122 
qwerty 61 5 0 0.220749 1.93107 -2.18189 11.225 -0.0267946 0.0223623 -0.0937122 
qwerty 173 61 0.352136 0.221133 2.09054 -2.28553 11.6076 0.0274649 0.00605552 0.0959636 
qwerty 173 61 0.221133 0 2.09884 -2.2837 11.6366 0.0274649 0.00605552 0.0959636 
qwerty 171 61 0.896947 1.67939 -1.23095 0.535857 8.78792 -0.0729722 0.0249579 0.0636566 
qwerty 171 61 0.0406152 1.63878 -1.25 0.542371 8.80453 -0.0590251 0.0369442 0.0717716 
qwerty 171 61 0.797947 0.840833 -1.41233 0.664026 8.99544 0.041581 0.0641686 0.0644469 
qwerty 171 61 0.0822847 0.758548 -1.39326 0.693462 9.025 0.0268715 0.0546854 0.0792933 
qwerty 60 5 0 20.227 -0.998965 0.588709 9.025 -0.0143807 0.00291616 0.0989176 
qwerty 60 5 0 20.227 -1.0971 0.608609 9.7 -0.0143807 0.00291616 0.0989176 
qwerty 60 5 0 20.227 -1.19523 0.628508 10.375 -0.0143807 0.00291616 0.0989176 
qwerty 60 5 0 20.227 -1.29336 0.648408 11.05 -0.0143807 0.00291616 0.0989176 
qwerty 60 5 0 20.227 -1.39149 0.668307 11.725 -0.0143807 0.00291616 0.0989176 
qwerty 60 5 0 20.227 -1.48962 0.688207 12.4 -0.0143807 0.00291616 0.0989176 
qwerty 60 5 0 20.227 -1.58775 0.708106 13.075 -0.0143807 0.00291616 0.0989176 
qwerty 60 5 0 20.227 -1.68589 0.728006 13.75 -0.0143807 0.00291616 0.0989176 
qwerty 59 5 0 0.984031 -1.00673 0.592377 9.025 -0.0157804 0.00357274 0.0986824 
qwerty 59 5 0 0.984031 -1.11467 0.616815 9.7 -0.0157804 0.00357274 0.0986824 
qwerty 59 5 0 0.984031 -1.22261 0.641253 10.375 -0.0157804 0.00357274 0.0986824 
qwerty 59 5 0 0.984031 -1.33055 0.665691 11.05 -0.0157804 0.00357274 0.0986824 
qwerty 59 5 0 0.984031 -1.43849 0.690129 11.725 -0.0157804 0.00357274 0.0986824 
qwerty 59 5 0 0.984031 -1.54643 0.714567 12.4 -0.0157804 0.00357274 0.0986824 
qwerty 59 5 0 0.984031 -1.65437 0.739005 13.075 -0.0157804 0.00357274 0.0986824 
qwerty 59 5 0 0.984031 -1.76231 0.763443 13.75 -0.0157804 0.00357274 0.0986824 
qwerty 59 5 0 0.984031 -1.87025 0.787881 14.425 -0.0157804 0.00357274 0.0986824 
qwerty 59 5 0 0.984031 -1.97819 0.812319 15.1 -0.0157804 0.00357274 0.0986824 
qwerty 59 5 0 0.984031 -2.08613 0.836757 15.775 -0.0157804 0.00357274 0.0986824 
qwerty 59 5 0 0.984031 -2.19407 0.861195 16.45 -0.0157804 0.00357274 0.0986824 
qwerty 59 5 0 0.984031 -2.30201 0.885633 17.125 -0.0157804 0.00357274 0.0986824 
qwerty 59 5 0 0.984031 -2.40995 0.910071 17.8 -0.0157804 0.00357274 0.0986824 
qwerty 59 5 0 0.984031 -2.51789 0.934509 18.475 -0.0157804 0.00357274 0.0986824 
qwerty 59 5 0 0.203913 -2.57641 0.919353 18.311 -0.000892685 0.039389 -0.0919114 
qwerty 59 5 0 0.203913 -2.57968 1.06337 17.975 -0.000892685 0.039389 -0.0919114 
qwerty 181 59 0.0111519 0 -2.57645 0.919197 18.311 -0.0236349 -0.09436 -0.0231858 
qwerty 58 5 0 1.7531 -0.999476 0.610307 9.025 -0.0146417 0.00669306 0.0986956 
qwerty 58 5 0 1.7531 -1.09961 0.656082 9.7 -0.0146417 0.00669306 0.0986956 
qwerty 58 5 0 1.7531 -1.19975 0.701858 10.375 -0.0146417 0.00669306 0.0986956 
qwerty 57 5 0 0.230212 -0.902048 0.566174 8.35 -0.0116044 0.010148 0.0988046 
qwerty 57 5 0 0.230212 -0.981326 0.635501 9.025 -0.0116044 0.010148 0.0988046 
qwerty 57 5 0 0.230212 -1.0606 0.704828 9.7 -0.0116044 0.010148 0.0988046 
qwerty 56 5 0 107.583 -0.891113 0.552757 8.35 -0.00959886 0.00648501 0.0993268 
qwerty 185 56 0.938024 19.2989 -0.839806 0.524563 9.025 0.0177701 -0.0231809 0.0956393 
qwerty 185 56 1.06022 14.9943 -0.305702 0.596317 9.7 0.0733284 0.0115503 0.067004 
qwerty 191 185 0 6.4656 1.07714 0.16656 10.375 0.0850994 -0.0328161 0.0410024 
qwerty 191 185 0 6.4656 2.47809 -0.373672 11.05 0.0850994 -0.0328161 0.0410024 
qwerty 191 185 0 6.4656 3.75 -0.864148 11.6628 0.0850994 -0.0328161 0.0410024 
qwerty 191 185 0 6.4656 3.87903 -0.913905 11.725 0.0850994 -0.0328161 0.0410024 
qwerty 191 185 0 6.4656 4.7506 -1.25 12.1449 0.0850994 -0.0328161 0.0410024 
qwerty 191 185 0 6.4656 5.27998 -1.45414 12.4 0.0850994 -0.0328161 0.0410024 
qwerty 191 185 0 6.4656 6.25 -1.8282 12.8674 0.0850994 -0.0328161 0.0410024 
qwerty 191 185 0 6.4656 6.68092 -1.99437 13.075 0.0850994 -0.0328161 0.0410024 
qwerty 196 191 0.905163 2.82344 7.37718 -2.37587 13.6238 0.074235 -0.0494722 0.0451848 
qwerty 196 191 0.522553 2.30089 7.58449 -2.51403 13.75 0.0586758 -0.0637172 0.0499727 
qwerty 196 191 0.566372 1.52591 7.27549 -2.64394 13.6534 -0.061725 -0.0758662 -0.0208409 
qwerty 196 191 0.473859 1.05205 7.05942 -2.82917 13.7046 -0.0504683 -0.0859232 -0.00837615 
qwerty 196 191 0.449682 0.602364 6.91393 -2.97053 13.6585 -0.0541351 -0.0834448 -0.0103129 
qwerty 196 191 0.286009 0.316355 6.82014 -3.06537 13.7243 0.0553594 0.0254436 0.0792967 
qwerty 196 191 0.077594 0.238761 6.83809 -3.05712 13.75 -0.0162016 -0.0358427 0.0919392 
qwerty 190 185 0 2.76322 0.513613 1.1117 10.375 0.0698407 0.0438997 0.0565251 
qwerty 190 185 0 2.76322 0.73363 1.25 10.5531 0.0698407 0.0438997 0.0565251 
qwerty 190 185 0 2.76322 1.34762 1.63594 11.05 0.0698407 0.0438997 0.0565251 
qwerty 190 185 0 2.76322 2.18163 2.16017 11.725 0.0698407 0.0438997 0.0565251 
qwerty 190 185 0 2.76322 3.01564 2.6844 12.4 0.0698407 0.0438997 0.0565251 
qwerty 190 185 0 2.76322 3.75 3.146 12.9943 0.0698407 0.0438997 0.0565251 
qwerty 190 185 0 2.76322 3.84965 3.20863 13.075 0.0698407 0.0438997 0.0565251 
qwerty 190 185 0 2.76322 4.68366 3.73287 13.75 0.0698407 0.0438997 0.0565251 
qwerty 190 185 0 2.76322 5.51767 4.2571 14.425 0.0698407 0.0438997 0.0565251 
qwerty 190 185 0 2.76322 6.35168 4.78133 15.1 0.0698407 0.0438997 0.0565251 
qwerty 190 185 0 2.76322 7.18569 5.30557 15.775 0.0698407 0.0438997 0.0565251 
qwerty 190 185 0 2.76322 8.0197 5.8298 16.45 0.0698407 0.0438997 0.0565251 
qwerty 190 185 0 2.76322 8.75 6.28884 17.0411 0.0698407 0.0438997 0.0565251 
qwerty 190 185 0 2.76322 8.85371 6.35403 17.125 0.0698407 0.0438997 0.0565251 
qwerty 190 185 0 2.76322 9.68772 6.87826 17.8 0.0698407 0.0438997 0.0565251 
qwerty 190 185 0 2.76322 10.5217 7.4025 18.475 0.0698407 0.0438997 0.0565251 
qwerty 190 185 0 2.76322 11.3557 7.92673 19.15 0.0698407 0.0438997 0.0565251 
qwerty 190 185 0 2.76322 12.1898 8.45096 19.825 0.0698407 0.0438997 0.0565251 
qwerty 190 185 0 2.76322 12.6655 8.75 20.21 0.0698407 0.0438997 0.0565251 
qwerty 190 185 0 2.76322 13.0238 8.97519 20.5 0.0698407 0.0438997 0.0565251 
qwerty 190 185 0 2.76322 13.75 9.43168 21.0878 0.0698407 0.0438997 0.0565251 
qwerty 190 185 0 2.76322 13.8578 9.49943 21.175 0.0698407 0.0438997 0.0565251 
qwerty 190 185 0 2.76322 14.6918 10.0237 21.85 0.0698407 0.0438997 0.0565251 
qwerty 190 185 0 2.76322 15.5258 10.5479 22.525 0.0698407 0.0438997 0.0565251 
qwerty 190 185 0 2.76322 16.3598 11.0721 23.2 0.0698407 0.0438997 0.0565251 
qwerty 188 185 0 0.88503 -0.670905 0.516135 9.7 0.0237906 0.000151681 0.0971287 
qwerty 188 185 0 0.88503 -0.505571 0.517189 10.375 0.0237906 0.000151681 0.0971287 
qwerty 187 185 0 6.45526 -0.860961 0.59756 9.025 0.00853323 0.00476709 0.0995211 
qwerty 187 185 0 6.45526 -0.803084 0.629893 9.7 0.00853323 0.00476709 0.0995211 
qwerty 187 185 0 6.45526 -0.745208 0.662225 10.375 0.00853323 0.00476709 0.0995211 
qwerty 187 185 0 6.45526 -0.687332 0.694558 11.05 0.00853323 0.00476709 0.0995211 
qwerty 187 185 0 6.45526 -0.629455 0.726891 11.725 0.00853323 0.00476709 0.0995211 
qwerty 187 185 0 6.45526 -0.571579 0.759224 12.4 0.00853323 0.00476709 0.0995211 
qwerty 187 185 0 6.45526 -0.513702 0.791556 13.075 0.00853323 0.00476709 0.0995211 
qwerty 187 185 0 6.45526 -0.455826 0.823889 13.75 0.00853323 0.00476709 0.0995211 
qwerty 187 185 0 6.45526 -0.397949 0.856222 14.425 0.00853323 0.00476709 0.0995211 
qwerty 187 185 0 6.45526 -0.340073 0.888554 15.1 0.00853323 0.00476709 0.0995211 
qwerty 187 185 0 6.45526 -0.282197 0.920887 15.775 0.00853323 0.00476709 0.0995211 
qwerty 187 185 0 6.45526 -0.22432 0.95322 16.45 0.00853323 0.00476709 0.0995211 
qwerty 187 185 0 6.45526 -0.166444 0.985552 17.125 0.00853323 0.00476709 0.0995211 
qwerty 187 185 0 6.45526 -0.108567 1.01789 17.8 0.00853323 0.00476709 0.0995211 
qwerty 187 185 0 6.45526 -0.0506908 1.05022 18.475 0.00853323 0.00476709 0.0995211 
qwerty 187 185 0 6.45526 0.00718558 1.08255 19.15 0.00853323 0.00476709 0.0995211 
qwerty 187 185 0 6.45526 0.065062 1.11488 19.825 0.00853323 0.00476709 0.0995211 
qwerty 187 185 0 6.45526 0.122938 1.14722 20.5 0.00853323 0.00476709 0.0995211 
qwerty 187 185 0 6.45526 0.180815 1.17955 21.175 0.00853323 0.00476709 0.0995211 
qwerty 187 185 0 6.45526 0.238691 1.21188 21.85 0.00853323 0.00476709 0.0995211 
qwerty 187 185 0 6.45526 0.296568 1.24421 22.525 0.00853323 0.00476709 0.0995211 
qwerty 187 185 0 6.45526 0.354444 1.27655 23.2 0.00853323 0.00476709 0.0995211 
qwerty 187 185 0 2.15229 0.406404 1.30557 23.806 0.0584593 -0.0124942 0.0801649 
qwerty 187 185 0 2.15229 0.456721 1.29482 23.875 0.0584593 -0.0124942 0.0801649 
qwerty 187 185 0 2.15229 0.666432 1.25 24.1626 0.0584593 -0.0124942 0.0801649 
qwerty 187 185 0 2.15229 0.948957 1.18962 24.55 0.0584593 -0.0124942 0.0801649 
qwerty 187 185 0 2.15229 1.25 1.12528 24.9628 0.0584593 -0.0124942 0.0801649 
qwerty 187 185 0 2.15229 1.44119 1.08441 25.225 0.0584593 -0.0124942 0.0801649 
qwerty 187 185 0 1.76277 1.79901 1.00794 25.7157 0.0393263 -0.0384143 0.0835331 
qwerty 187 185 0 1.76277 1.88579 0.923172 25.9 0.0393263 -0.0384143 0.0835331 
qwerty 187 185 0 1.76277 2.20357 0.61276 26.575 0.0393263 -0.0384143 0.0835331 
qwerty 187 185 0 1.76277 2.52135 0.302348 27.25 0.0393263 -0.0384143 0.0835331 
qwerty 187 185 0 1.76277 2.83913 -0.00806389 27.925 0.0393263 -0.0384143 0.0835331 
qwerty 187 185 0 1.76277 3.15691 -0.318476 28.6 0.0393263 -0.0384143 0.0835331 
qwerty 187 185 0 1.76277 3.47469 -0.628888 29.275 0.0393263 -0.0384143 0.0835331 
qwerty 187 185 0 1.76277 3.79247 -0.9393 29.95 0.0393263 -0.0384143 0.0835331 
qwerty 187 185 0 1.76277 4.11026 -1.24971 30.625 0.0393263 -0.0384143 0.0835331 
qwerty 187 185 0 1.76277 4.42804 -1.56012 31.3 0.0393263 -0.0384143 0.0835331 
qwerty 187 185 0 1.76277 4.74582 -1.87054 31.975 0.0393263 -0.0384143 0.0835331 
qwerty 187 185 0 1.76277 5.0636 -2.18095 32.65 0.0393263 -0.0384143 0.0835331 
qwerty 187 185 0 1.76277 5.38138 -2.49136 33.325 0.0393263 -0.0384143 0.0835331 
qwerty 187 185 0 1.76277 5.69916 -2.80177 34 0.0393263 -0.0384143 0.0835331 
qwerty 187 185 0 1.76277 6.01694 -3.11218 34.675 0.0393263 -0.0384143 0.0835331 
qwerty 187 185 0 1.76277 6.33472 -3.4226 35.35 0.0393263 -0.0384143 0.0835331 
qwerty 187 185 0 1.76277 6.65251 -3.73301 36.025 0.0393263 -0.0384143 0.0835331 
qwerty 187 185 0 1.76277 6.97029 -4.04342 36.7 0.0393263 -0.0384143 0.0835331 
qwerty 187 185 0 1.76277 7.28807 -4.35383 37.375 0.0393263 -0.0384143 0.0835331 
qwerty 187 185 0 1.76277 7.60585 -4.66424 38.05 0.0393263 -0.0384143 0.0835331 
qwerty 187 185 0 1.76277 7.92363 -4.97465 38.725 0.0393263 -0.0384143 0.0835331 
qwerty 187 185 0 1.76277 8.24141 -5.28507 39.4 0.0393263 -0.0384143 0.0835331 
qwerty 187 185 0 1.76277 8.55919 -5.59548 40.075 0.0393263 -0.0384143 0.0835331 
qwerty 205 187 0.275988 0.113534 1.85437 1.04795 25.7404 -0.0799913 -0.0579299 -0.0156689 
qwerty 205 187 0.113534 0 1.84635 1.04214 25.7389 -0.0799913 -0.0579299 -0.0156689 
qwerty 204 187 0.128142 4.17483 0.396017 1.31404 23.875 -0.0213219 0.0225349 0.0950661 
qwerty 206 204 0 0.172121 1.11336 0.523847 23.375 0.0570511 -0.0672464 -0.0471497 
qwerty 54 5 0 52.6976 -0.885577 0.558761 8.35 -0.00856983 0.00738963 0.0993577 
qwerty 54 5 0 52.6976 -0.943797 0.608964 9.025 -0.00856983 0.00738963 0.0993577 
qwerty 53 5 0 0.940039 -0.888873 0.559422 8.35 -0.00912256 0.00749668 0.0993004 
qwerty 53 5 0 0.940039 -0.950884 0.610381 9.025 -0.00912256 0.00749668 0.0993004 
qwerty 52 5 0 0.407035 -0.900319 0.551808 8.35 -0.0108459 0.00628242 0.0992114 
qwerty 52 5 0 0.407035 -0.974111 0.594551 9.025 -0.0108459 0.00628242 0.0992114 
qwerty 52 5 0 0.407035 -1.0479 0.637295 9.7 -0.0108459 0.00628242 0.0992114 
qwerty 51 10 0 0.510999 -2.40824 1.55911 8.525 -0.0230956 0.079237 -0.0564631 
qwerty 51 10 0 0.510999 -2.68434 2.50637 7.85 -0.0230956 0.079237 -0.0564631 
qwerty 51 10 0 0.334845 -2.94855 3.4128 7.20409 0.0378539 0.0049843 -0.0924242 
qwerty 51 10 0 0.334845 -2.93664 3.41437 7.175 0.0378539 0.0049843 -0.0924242 
qwerty 51 10 0 0.334845 -2.66018 3.45077 6.5 0.0378539 0.0049843 -0.0924242 
qwerty 51 10 0 0.334845 -2.38372 3.48718 5.825 0.0378539 0.0049843 -0.0924242 
qwerty 51 10 0 0.334845 -2.10726 3.52358 5.15 0.0378539 0.0049843 -0.0924242 
qwerty 51 10 0 0.334845 -1.83081 3.55998 4.475 0.0378539 0.0049843 -0.0924242 
qwerty 51 10 0 0.334845 -1.55435 3.59638 3.8 0.0378539 0.0049843 -0.0924242 
qwerty 50 10 0 0.510999 -1.92762 -0.0898138 9.7 0.0230956 -0.079237 0.0564631 
qwerty 49 10 0 0.922083 -1.89177 -0.140182 9.7 0.0250148 -0.0789906 0.0559888 
qwerty 49 10 0 0.869884 -1.65687 -0.753668 10.375 0.0247628 -0.0614569 0.074899 
qwerty 49 10 0 0.869884 -1.45688 -1.25 10.9799 0.0247628 -0.0614569 0.074899 
qwerty 49 10 0 0.869884 -1.4337 -1.30753 11.05 0.0247628 -0.0614569 0.074899 
qwerty 49 10 0 0.869884 -1.25 -1.76344 11.6056 0.0247628 -0.0614569 0.074899 
qwerty 49 10 0 0.869884 -1.21053 -1.86138 11.725 0.0247628 -0.0614569 0.074899 
qwerty 49 10 0 0.869884 -0.987368 -2.41524 12.4 0.0247628 -0.0614569 0.074899 
qwerty 49 10 0 0.869884 -0.764202 -2.9691 13.075 0.0247628 -0.0614569 0.074899 
qwerty 49 10 0 0.869884 -0.541036 -3.52296 13.75 0.0247628 -0.0614569 0.074899 
qwerty 49 10 0 0.869884 -0.31787 -4.07682 14.425 0.0247628 -0.0614569 0.074899 
qwerty 49 10 0 0.869884 -0.0947043 -4.63068 15.1 0.0247628 -0.0614569 0.074899 
qwerty 49 10 0 0.869884 0.128462 -5.18453 15.775 0.0247628 -0.0614569 0.074899 
qwerty 49 10 0 0.869884 0.351628 -5.73839 16.45 0.0247628 -0.0614569 0.074899 
qwerty 49 10 0 0.869884 0.574794 -6.29225 17.125 0.0247628 -0.0614569 0.074899 
qwerty 49 10 0 0.869884 0.79796 -6.84611 17.8 0.0247628 -0.0614569 0.074899 
qwerty 49 10 0 0.869884 1.02113 -7.39997 18.475 0.0247628 -0.0614569 0.074899 
qwerty 49 10 0 0.788522 1.12841 -7.66622 18.7995 -0.00958794 -0.0591218 0.0800793 
qwerty 49 10 0 0.788522 1.08644 -7.925 19.15 -0.00958794 -0.0591218 0.0800793 
qwerty 49 10 0 0.788522 1.00562 -8.42334 19.825 -0.00958794 -0.0591218 0.0800793 
qwerty 49 10 0 0.788522 0.952646 -8.75 20.2674 -0.00958794 -0.0591218 0.0800793 
qwerty 49 10 0 0.788522 0.924802 -8.92169 20.5 -0.00958794 -0.0591218 0.0800793 
qwerty 49 10 0 0.788522 0.843984 -9.42004 21.175 -0.00958794 -0.0591218 0.0800793 
qwerty 49 10 0 0.788522 0.763166 -9.91838 21.85 -0.00958794 -0.0591218 0.0800793 
qwerty 46 43 0 0.510999 6.92033 -5.11246 1.775 0.0162926 -0.0819347 -0.0549659 
qwerty 44 43 0 0.519066 6.08846 -5.36178 2.95 -0.0453122 -0.0798064 0.0397209 
qwerty 44 43 0 0.519066 5.31844 -6.71798 3.625 -0.0453122 -0.0798064 0.0397209 
qwerty 44 43 0 0.519066 4.54843 -8.07417 4.3 -0.0453122 -0.0798064 0.0397209 
qwerty 44 43 0 0.468119 4.14061 -8.76849 4.975 -0.0331769 -0.0548357 0.0767616 
qwerty 213 54 0.421538 8.07041 -1.06059 0.768579 9.45589 -0.0188682 0.0234114 0.0953724 
qwerty 213 54 0.358401 7.71201 -1.10888 0.828501 9.7 -0.0257741 0.0375669 0.0890192 
qwerty 234 213 0.307582 0 -1.10929 0.768469 9.47043 -0.09582 -0.000217005 0.0286092 
qwerty 229 46 0.0192103 0.323023 6.97013 -5.37168 1.59293 0.00484885 -0.0121009 -0.0991466 
qwerty 229 46 0.0124164 0.310606 6.97095 -5.37125 1.58634 -0.00291105 0.0130929 -0.0990964 
qwerty 229 46 0.013649 0.296957 6.9714 -5.37166 1.57754 0.0154387 0.0174228 -0.0972527 
qwerty 229 46 0.0202925 0.276665 6.97609 -5.37142 1.56527 0.0110281 0.044051 -0.0890948 
qwerty 229 46 0.0450262 0.231639 6.98499 -5.36246 1.54978 0.0489223 0.0650308 -0.0581172 
qwerty 229 46 0.0695698 0.162069 6.99646 -5.33664 1.54548 0.0620866 0.00790116 0.0779925 
qwerty 229 46 0.162069 0 7.00777 -5.3352 1.55969 0.0620866 0.00790116 0.0779925 
qwerty 223 49 0.0813621 0 1.1339 -7.66751 18.7999 0.0971269 -0.0228342 0.00670567 
qwerty 219 51 0.0553198 0.120834 -2.96151 3.41977 7.20301 -0.0273268 0.0925456 0.0262402 
qwerty 219 51 0.120834 0 -2.96456 3.43008 7.20594 -0.0273268 0.0925456 0.0262402 
qwerty 212 54 0.840487 31.0045 -1.00784 0.718594 9.7 -0.0125704 0.0108636 0.0986102 
qwerty 212 54 0.847734 28.028 -0.944537 0.809824 10.375 0.0188276 0.0191697 0.0963226 
qwerty 212 54 0.869729 24.3024 -0.889219 1.02838 11.05 0.00476126 0.0364928 0.0929817 
qwerty 212 54 0.745326 20.975 -0.845322 1.28326 11.725 -0.004039 0.0318361 0.0947109 
qwerty 212 54 1.2423 16.0782 -0.686525 1.59935 12.4 0.0174753 0.0445879 0.0877868 
qwerty 212 54 2.53827 8.12031 0.151072 2.71788 12.5991 0.0617351 0.0785321 0.00463506 
qwerty 212 54 1.67124 6.44907 0.791046 3.55252 12.5769 0.0704012 0.0710107 0.00107562 
qwerty 212 54 1.35633 4.79696 1.24673 4.01069 12.58 0.0590302 0.0739747 -0.0322984 
qwerty 212 54 0.00621059 4.79075 1.25 4.01479 12.5782 0.0615159 0.0730531 -0.0296487 
qwerty 212 54 0.0136468 4.7771 1.25672 4.02277 12.575 0.0618432 0.072114 -0.0312248 
qwerty 248 212 0.00859257 0.287186 1.25 4.0117 12.5826 0.0550456 0.039623 0.0734847 
qwerty 248 212 0.0391622 0.248024 1.25243 4.0128 12.5859 0.0544002 0.0429316 0.0720937 
qwerty 248 212 0.00747046 0.240554 1.25604 4.01494 12.5889 0.0732308 0.0332139 0.0594482 
qwerty 248 212 0.0263636 0.21419 1.25877 4.01704 12.5924 0.0570398 0.0632064 0.0524539 
qwerty 248 212 0.00901055 0.205179 1.26187 4.01945 12.5957 0.0694797 0.0422982 0.0581672 
qwerty 248 212 0.0317814 0.173398 1.26668 4.0221 12.5988 0.0921092 0.0354582 0.0160817 
qwerty 248 212 0.0249646 0.148433 1.27375 4.02448 12.6013 0.0940668 -0.0335387 0.0051566 
qwerty 248 212 0.0946891 0.0537444 1.28579 4.02735 12.603 0.0973766 0.0149671 -0.0171403 
qwerty 248 212 0.0537444 0 1.28845 4.02776 12.6025 0.0973766 0.0149671 -0.0171403 
qwerty 250 212 0 0.720184 5.14928 4.31992 11.9 0.0983196 0.00918391 -0.0157768 
qwerty 250 212 0 0.207869 5.25351 4.33521 12.4 -0.0632699 -0.00518897 0.0772657 
qwerty 246 212 0 0.461124 -0.839442 1.91174 13.075 -0.021514 0.0403878 0.0889156 
qwerty 246 212 0 0.461124 -1.00276 2.21834 13.75 -0.021514 0.0403878 0.0889156 
qwerty 245 212 0 0.702648 -0.722286 1.69766 13.075 -0.0114595 0.00789525 0.099027 
qwerty 245 212 0 0.702648 -0.800398 1.75147 13.75 -0.0114595 0.00789525 0.099027 
qwerty 245 212 0 0.702648 -0.878509 1.80529 14.425 -0.0114595 0.00789525 0.099027 
qwerty 245 212 0 0.702648 -0.956621 1.85911 15.1 -0.0114595 0.00789525 0.099027 
qwerty 245 212 0 0.702648 -1.03473 1.91292 15.775 -0.0114595 0.00789525 0.099027 
qwerty 245 212 0 0.702648 -1.11284 1.96674 16.45 -0.0114595 0.00789525 0.099027 
qwerty 245 212 0 0.702648 -1.19095 2.02056 17.125 -0.0114595 0.00789525 0.099027 
qwerty 245 212 0 0.702648 -1.26907 2.07437 17.8 -0.0114595 0.00789525 0.099027 
qwerty 244 212 0 0.288222 -0.859844 1.47342 12.1539 0.0436808 0.0786969 0.0435751 
qwerty 244 212 0 0.288222 -0.613174 1.91783 12.4 0.0436808 0.0786969 0.0435751 
qwerty 261 244 0.0519191 0 -0.861312 1.4726 12.1559 -0.0570657 -0.0318352 0.0756969 
qwerty 243 212 0 0.419655 -1.01749 1.49113 12.4 -0.0267103 0.0305317 0.0914023 
qwerty 243 212 0 0.419655 -1.21474 1.71661 13.075 -0.0267103 0.0305317 0.0914023 
qwerty 243 212 0 0.419655 -1.412 1.94208 13.75 -0.0267103 0.0305317 0.0914023 
qwerty 243 212 0 0.419655 -1.60925 2.16756 14.425 -0.0267103 0.0305317 0.0914023 
qwerty 243 212 0 0.419655 -1.8065 2.39303 15.1 -0.0267103 0.0305317 0.0914023 
qwerty 241 212 0 0.471016 -0.835378 1.01766 11.05 0.0156932 0.0317436 0.0935204 
qwerty 241 212 0 0.471016 -0.722109 1.24677 11.725 0.0156932 0.0317436 0.0935204 
qwerty 240 212 0 6.86648 -0.989447 0.643707 9.7 -0.00573926 0.00507116 0.0997063 
qwerty 240 212 0 6.86648 -1.0283 0.678038 10.375 -0.00573926 0.00507116 0.0997063 
qwerty 240 212 0 6.86648 -1.06716 0.712369 11.05 -0.00573926 0.00507116 0.0997063 
qwerty 240 212 0 6.86648 -1.10601 0.7467 11.725 -0.00573926 0.00507116 0.0997063 
qwerty 240 212 0 6.86648 -1.14486 0.781031 12.4 -0.00573926 0.00507116 0.0997063 
qwerty 240 212 0 6.86648 -1.18372 0.815363 13.075 -0.00573926 0.00507116 0.0997063 
qwerty 240 212 0 6.86648 -1.22257 0.849694 13.75 -0.00573926 0.00507116 0.0997063 
qwerty 240 212 0 6.86648 -1.25 0.873929 14.2265 -0.00573926 0.00507116 0.0997063 
qwerty 240 212 0 6.86648 -1.26143 0.884025 14.425 -0.00573926 0.00507116 0.0997063 
qwerty 240 212 0 6.86648 -1.30028 0.918356 15.1 -0.00573926 0.00507116 0.0997063 
qwerty 240 212 0 6.86648 -1.33913 0.952687 15.775 -0.00573926 0.00507116 0.0997063 
qwerty 240 212 0 6.86648 -1.37799 0.987018 16.45 -0.00573926 0.00507116 0.0997063 
qwerty 240 212 0 6.86648 -1.41684 1.02135 17.125 -0.00573926 0.00507116 0.0997063 
qwerty 240 212 0 6.86648 -1.4557 1.05568 17.8 -0.00573926 0.00507116 0.0997063 
qwerty 240 212 0 6.86648 -1.49455 1.09001 18.475 -0.00573926 0.00507116 0.0997063 
qwerty 240 212 0 6.86648 -1.5334 1.12434 19.15 -0.00573926 0.00507116 0.0997063 
qwerty 240 212 0 6.86648 -1.57226 1.15867 19.825 -0.00573926 0.00507116 0.0997063 
qwerty 240 212 0 6.86648 -1.61111 1.19301 20.5 -0.00573926 0.00507116 0.0997063 
qwerty 240 212 0 6.86648 -1.64997 1.22734 21.175 -0.00573926 0.00507116 0.0997063 
qwerty 240 212 0 6.86648 -1.67562 1.25 21.6206 -0.00573926 0.00507116 0.0997063 
qwerty 240 212 0 6.86648 -1.68882 1.26167 21.85 -0.00573926 0.00507116 0.0997063 
qwerty 240 212 0 6.86648 -1.72768 1.296 22.525 -0.00573926 0.00507116 0.0997063 
qwerty 240 212 0 6.86648 -1.76653 1.33033 23.2 -0.00573926 0.00507116 0.0997063 
qwerty 240 212 0 6.86648 -1.80538 1.36466 23.875 -0.00573926 0.00507116 0.0997063 
qwerty 240 212 0 6.86648 -1.84424 1.39899 24.55 -0.00573926 0.00507116 0.0997063 
qwerty 240 212 0 6.86648 -1.88309 1.43332 25.225 -0.00573926 0.00507116 0.0997063 
qwerty 240 212 0 1.65532 -1.48687 1.59073 25.9 0.0573946 0.02154 0.0790056 
qwerty 240 212 0 1.65532 -1.25 1.67962 26.2261 0.0573946 0.02154 0.0790056 
qwerty 240 212 0 1.65532 -0.996504 1.77476 26.575 0.0573946 0.02154 0.0790056 
qwerty 240 212 0 1.65532 -0.506142 1.95879 27.25 0.0573946 0.02154 0.0790056 
qwerty 240 212 0 0.940511 -0.455379 2.20746 27.925 -0.00803948 0.0363946 0.0927944 
qwerty 240 212 0 0.384088 1.79652 2.56817 28.6 0.0956065 0.0141363 0.0256818 
qwerty 239 213 0 0.510999 0.112592 1.25 9.31804 0.0843929 0.0375178 -0.0383438 
qwerty 239 213 0 0.510999 0.372394 1.3655 9.2 0.0843929 0.0375178 -0.0383438 
qwerty 238 213 0 0.510999 -1.25 0.644244 9.93713 -0.0843929 -0.0375178 0.0383438 
qwerty 238 213 0 0.227683 -2.15128 0.243569 10.3466 0.0709465 -0.0286579 0.0643841 
qwerty 238 213 0 0.227683 -2.12002 0.230941 10.375 0.0709465 -0.0286579 0.0643841 
qwerty 236 213 0 1.05481 -0.571265 0.246893 9.2 0.0468714 -0.0558527 -0.0684364 
qwerty 236 213 0 1.05481 -0.108965 -0.303992 8.525 0.0468714 -0.0558527 -0.0684364 
qwerty 236 213 0 1.05481 0.353336 -0.854877 7.85 0.0468714 -0.0558527 -0.0684364 
qwerty 236 213 0 1.05481 0.815637 -1.40576 7.175 0.0468714 -0.0558527 -0.0684364 
qwerty 236 213 0 1.05481 1.27794 -1.95665 6.5 0.0468714 -0.0558527 -0.0684364 
qwerty 236 213 0 1.05481 1.74024 -2.50753 5.825 0.0468714 -0.0558527 -0.0684364 
qwerty 236 213 0 0.658496 3.77775 -2.90779 5.15 0.0953452 -0.0142919 -0.0265525 
qwerty 236 213 0 0.658496 6.20155 -3.27111 4.475 0.0953452 -0.0142919 -0.0265525 
qwerty 236 213 0 0.658496 8.62535 -3.63443 3.8 0.0953452 -0.0142919 -0.0265525 
qwerty 236 213 0 0.658496 11.0491 -3.99774 3.125 0.0953452 -0.0142919 -0.0265525 
qwerty 236 213 0 0.658496 13.4729 -4.36106 2.45 0.0953452 -0.0142919 -0.0265525 
qwerty 235 213 0 2.23496 -1.25 0.877082 9.98941 -0.0452856 0.00979074 0.0886191 
qwerty 235 213 0 2.23496 -1.44704 0.919682 10.375 -0.0452856 0.00979074 0.0886191 
qwerty 197 191 0 1.69009 7.04415 -2.13444 13.25 -0.0622354 -0.034929 -0.070048 
qwerty 186 56 0.95946 70.3525 -0.937801 0.599088 9.025 -0.00519751 0.00756181 0.0995781 
qwerty 186 56 0.868748 56.3929 -1.03855 0.603635 9.7 -0.015826 -0.00153934 0.0987278 
qwerty 186 56 0.85131 41.9653 -1.13031 0.49454 10.375 -0.00728628 -0.0157192 0.0984877 
qwerty 186 56 0.818903 17.8698 -1.12664 0.384055 11.05 0.0086867 -0.0272369 0.0958264 
qwerty 186 56 0.321678 12.8213 -1.25 0.360716 11.2503 -0.0904251 0.0331117 0.0269612 
qwerty 186 56 0.583594 12.2253 -1.60105 0.469166 11.3758 -0.094036 0.0205192 0.0271329 
qwerty 186 56 2.37685 9.84845 -2.81139 0.733269 11.725 -0.0639023 0.0093495 0.0763484 
qwerty 186 56 0 6.0815 -2.96943 0.763041 11.9 -0.0854482 -0.00457251 -0.0517464 
qwerty 186 56 0 1.65563 -3.07016 0.671497 11.9 0.0830012 -0.0484517 -0.0276267 
qwerty 186 56 0.465143 1.01571 -2.88065 0.540345 12.002 0.0653334 -0.0669083 0.0354236 
qwerty 186 56 0.37344 0.642268 -2.68149 0.464937 12.0433 0.090374 -0.0366196 -0.0221707 
qwerty 186 56 0.322144 0.320123 -2.58311 0.339294 12.0547 0.0258367 -0.0902028 -0.0345822 
qwerty 186 56 0.320123 0 -2.56917 0.290636 12.0361 0.0258367 -0.0902028 -0.0345822 
qwerty 186 56 0 0 -2.56917 0.290636 12.0361 0.0258367 -0.0902028 -0.0345822 
qwerty 176 60 1.05114 13.4135 -1.72987 0.801206 14.425 -0.0205687 0.00415444 0.0977736 
qwerty 176 60 0.968025 2.49676 -1.52439 0.782272 13.9458 -0.00422427 0.0172453 -0.0984112 
qwerty 176 60 0.0296261 2.46713 -1.52528 0.785921 13.925 -0.00950095 0.00465877 -0.0994386 
qwerty 118 64 0.756685 1.6383 -1.48242 0.5279 10.2398 0.0295072 0.0177877 0.0938772 
qwerty 118 64 0.263318 1.37499 -1.43993 0.553513 10.375 0.0510364 0.0166228 0.084374 
qwerty 118 64 0.0920172 0.67059 -1.44789 0.548235 10.3487 -0.0464971 -0.0881044 -0.00869717 
qwerty 118 64 0.0924033 0.578187 -1.47447 0.507631 10.36 0.0280662 -0.0853701 0.043866 
qwerty 118 64 0.0725643 0.505623 -1.46488 0.478442 10.375 0.0554065 -0.0828177 0.00844704 
qwerty 118 64 0.0229104 0.449874 -1.46364 0.466758 10.3695 0.00456648 -0.094986 -0.0309322 
qwerty 118 64 0.0516696 0.398205 -1.46161 0.455339 10.3643 -0.00424826 -0.0993195 -0.0108438 
qwerty 118 64 0.0216169 0.376588 -1.45919 0.441681 10.3613 0.032393 -0.0944524 0.00542597 
qwerty 118 64 0.124019 0.252568 -1.45787 0.428924 10.3633 0.0104161 0.0240211 0.0965116 
qwerty 118 64 0.0260788 0.226489 -1.45661 0.431837 10.375 0.0424595 0.0512623 0.0746282 
qwerty 115 67 0.846866 2.11833 -2.95774 2.01104 11.4897 0.0260501 0.0712973 0.0651006 
qwerty 115 67 0.584912 1.53341 -2.88119 2.25437 11.7164 0.0218626 0.0925127 0.0310392 
qwerty 115 67 0.031462 1.50195 -2.87515 2.27995 11.725 0.0347163 0.0848488 0.0399432 
qwerty 280 235 0.60535 1.52115 -1.76742 1.04074 10.8082 -0.0257031 0.0655991 0.0709656 
qwerty 280 235 0.463638 1.05752 -1.86888 1.21445 10.9809 -0.0018371 0.0386861 0.0921955 
qwerty 280 235 0.100728 0.892847 -1.86302 1.23754 11.0435 0.0320863 0.0461967 0.0826821 
qwerty 280 235 0.0120278 0.880819 -1.86051 1.24116 11.05 0.0295373 0.0328113 0.0897272 
qwerty 280 235 0.0522263 0.692789 -1.83181 1.24148 11.0251 0.0633787 -0.0433898 -0.0640348 
qwerty 280 235 0.0441545 0.648634 -1.81545 1.2263 11.0108 0.0518111 -0.0564784 -0.0642324 
qwerty 280 235 0.0765073 0.572127 -1.78836 1.2063 10.9924 0.0807387 -0.0157906 -0.05685 
qwerty 280 235 0.0545673 0.51756 -1.7591 1.20535 10.9769 0.0687538 -0.0396057 -0.060863 
qwerty 280 235 0.0810782 0.436481 -1.74179 1.18144 10.9551 0.0160771 -0.0417205 -0.0894479 
qwerty 280 235 0.0713113 0.36517 -1.72149 1.17209 10.9208 0.0708969 -0.0570168 0.0415056 
qwerty 280 235 0.167542 0.197628 -1.70648 1.13852 10.9392 0.0764436 -0.0463634 0.0447975 
qwerty 280 235 0.197628 0 -1.6872 1.12682 10.9505 0.0764436 -0.0463634 0.0447975 
qwerty 272 238 0.0608888 0.222427 -2.16652 0.246166 10.3472 -0.0994936 0.00343697 0.009445 
qwerty 272 238 0.0847591 0.137668 -2.18235 0.250628 10.3433 -0.0376272 0.0919095 0.0116978 
qwerty 272 238 0.137668 0 -2.18758 0.263387 10.3449 -0.0376272 0.0919095 0.0116978 
qwerty 267 240 0.430644 3.70624 -2.05103 1.40172 25.6626 -0.0663059 0.0146211 0.0734149 
qwerty 267 240 0.582238 3.124 -2.26542 1.44899 25.9 -0.0851442 0.0050868 0.0521976 
qwerty 267 240 0.51023 1.64218 -2.4725 1.5086 25.64 -0.0991838 -0.00710765 0.0105854 
qwerty 267 240 0.510319 1.13186 -2.75292 1.44095 25.5953 -0.0579713 -0.0809244 -0.009517 
qwerty 267 240 0.558318 0.573543 -2.88723 1.27805 25.5901 -0.0568168 -0.0673905 -0.0472268 
qwerty 267 240 0.118224 0.455319 -2.91087 1.25 25.5705 -0.0322372 -0.0776695 -0.054113 
qwerty 267 240 0.0203544 0.434965 -2.91553 1.24127 25.5657 -0.058964 -0.0698516 -0.0405462 
qwerty 267 240 0.035896 0.399069 -2.92466 1.23244 25.5625 -0.0562965 -0.0825425 -0.00417513 
qwerty 267 240 0.0260678 0.373001 -2.93414 1.22294 25.5627 -0.056888 -0.0797917 0.0199256 
qwerty 267 240 0.040805 0.332196 -2.94292 1.20665 25.5629 -0.0762496 -0.061295 0.0207103 
qwerty 267 240 0.0646534 0.267542 -2.96989 1.19993 25.5724 -0.0805302 0.017309 -0.0567035 
qwerty 267 240 0.0593411 0.208201 -2.99385 1.19986 25.5638 -0.0818821 0.0226721 -0.052738 
qwerty 267 240 0.0961899 0.112011 -3.02251 1.19454 25.5615 -0.0631628 -0.0665889 -0.0397036 
qwerty 267 240 0.112011 0 -3.0287 1.18802 25.5576 -0.0631628 -0.0665889 -0.0397036 
qwerty 320 267 0.330045 0.0348764 -2.0269 1.41275 25.723 -0.000355808 0.0654678 0.07559 
qwerty 320 267 0.0348764 0 -2.0269 1.41358 25.724 -0.000355808 0.0654678 0.07559 
qwerty 323 267 0 0.0295972 -2.95381 1.50377 25.4 -0.0894856 -0.000898045 -0.0446265 
qwerty 322 267 0 0.116034 -2.37242 1.25 25.886 -0.0400506 -0.091205 -0.00880894 
qwerty 322 267 0 0.116034 -3.47024 -1.25 25.6446 -0.0400506 -0.091205 -0.00880894 
qwerty 322 267 0 0.116034 -4.56806 -3.75 25.4031 -0.0400506 -0.091205 -0.00880894 
qwerty 322 267 0 0.116034 -4.58218 -3.78215 25.4 -0.0400506 -0.091205 -0.00880894 
qwerty 319 280 0 0.063942 -1.85688 1.23864 11.05 0.0682496 0.0123092 0.072045 
qwerty 318 90 0 0.510999 8.67095 -6.14979 3.625 0.00185569 -0.0690996 0.072262 
qwerty 318 90 0 0.324803 8.4866 -5.99818 4.3 -0.0277221 0.0321745 0.0905334 
qwerty 317 90 0 0.510999 8.64078 -5.02622 2.45 -0.00185569 0.0690996 -0.072262 
qwerty 317 90 0 0.510999 8.62345 -4.38076 1.775 -0.00185569 0.0690996 -0.072262 
qwerty 317 90 0 0.510999 8.60651 -3.75 1.11537 -0.00185569 0.0690996 -0.072262 
qwerty 317 90 0 0.510999 8.60611 -3.7353 1.1 -0.00185569 0.0690996 -0.072262 
qwerty 317 90 0 0.510999 8.58878 -3.08984 0.425 -0.00185569 0.0690996 -0.072262 
qwerty 317 90 0 0.419341 8.43656 -2.91218 -0.25 -0.0254446 0.0120579 -0.0959541 
qwerty 314 115 0 0.510999 -3.69029 3.2165 12.4 -0.059533 0.064924 0.0473359 
qwerty 314 115 0 0.510999 -4.53922 4.1423 13.075 -0.059533 0.064924 0.0473359 
qwerty 314 115 0 0.510999 -5.38815 5.06811 13.75 -0.059533 0.064924 0.0473359 
qwerty 313 115 0 0.510999 -2.21253 1.60492 11.225 0.059533 -0.064924 -0.0473359 
qwerty 313 115 0 0.510999 -1.88708 1.25 10.9662 0.059533 -0.064924 -0.0473359 
qwerty 313 115 0 0.510999 -1.3636 0.679117 10.55 0.059533 -0.064924 -0.0473359 
qwerty 312 115 0 0.157092 -2.47192 2.77778 11.4994 0.0529266 -0.0835688 -0.014664 
qwerty 312 115 0 0.142073 -2.31491 2.52988 11.4559 -0.0160138 -0.078053 -0.0604259 
qwerty 312 115 0 0.142073 -2.37612 2.23157 11.225 -0.0160138 -0.078053 -0.0604259 
qwerty 339 312 0.0150189 0 -2.31467 2.52983 11.4561 0.0848522 -0.0163362 0.0503312 
qwerty 338 312 0.0981732 0 -2.47037 2.78527 11.4978 0.0197252 0.0958842 -0.020424 
qwerty 311 115 0 0.0215349 -3.09859 2.3688 11.725 -0.031247 0.0793632 0.0522026 
qwerty 310 118 0 0.510999 -1.05871 -0.391282 11.05 0.0349608 -0.0725792 0.0592453 
qwerty 310 118 0 0.510999 -0.660387 -1.2182 11.725 0.0349608 -0.0725792 0.0592453 
qwerty 310 118 0 0.510999 -0.262069 -2.04512 12.4 0.0349608 -0.0725792 0.0592453 
qwerty 310 118 0 0.347714 0.0407266 -2.67373 12.9131 0.0511799 0.0198109 0.0835951 
qwerty 310 118 0 0.347714 0.139833 -2.63536 13.075 0.0511799 0.0198109 0.0835951 
qwerty 342 310 0.163285 0 0.0407555 -2.69216 12.9136 0.000156678 -0.0999622 0.00274385 
qwerty 309 118 0 0.510999 -1.75208 1.04817 9.875 -0.0349608 0.0725792 -0.0592453 
qwerty 309 118 0 0.229531 -1.57056 1.51738 10.375 0.0319273 0.0499443 0.080537 
qwerty 307 132 0 0.510999 -1.25 -1.78899 12.8678 0.0936963 0.0175165 0.0302355 
qwerty 307 132 0 0.510999 -0.60783 -1.66894 13.075 0.0936963 0.0175165 0.0302355 
qwerty 306 176 0 0.510999 -1.30153 0.418492 14.425 0.0336157 -0.0554337 0.0761386 
qwerty 305 176 0 0.334638 -1.80409 1.24724 13.2867 -0.0739425 -0.0368787 -0.0563247 
qwerty 305 176 0 0.334638 -1.85228 1.22321 13.25 -0.0739425 -0.0368787 -0.0563247 
qwerty 351 305 0.00480845 0.171553 -1.80395 1.24915 13.2858 -0.0185332 0.095739 -0.0221488 
qwerty 351 305 0.00219471 0.169358 -1.80412 1.25 13.2856 -0.00311138 0.0981478 -0.0189032 
qwerty 351 305 0.00747011 0.161888 -1.80407 1.25189 13.2853 0.0437953 0.0880727 -0.0180322 
qwerty 351 305 0.00514486 0.156743 -1.80339 1.25358 13.2846 0.0464475 0.0812514 -0.0352254 
qwerty 351 305 0.00741775 0.149325 -1.80218 1.25533 13.2839 0.0535307 0.0714658 -0.0450233 
qwerty 351 305 0.00728882 0.142037 -1.80134 1.25763 13.2824 0.0310298 0.0866963 -0.0389989 
qwerty 351 305 0.0234501 0.118586 -1.79837 1.261 13.2793 0.0380898 0.0858342 -0.0343752 
qwerty 351 305 0.0264201 0.0921664 -1.79571 1.26637 13.2783 0.0241743 0.0924028 0.0296198 
qwerty 351 305 0.0921664 0 -1.79401 1.27285 13.2804 0.0241743 0.0924028 0.0296198 
qwerty 304 176 0 0.3815 -2.47267 1.10778 13.25 -0.0796183 0.0259342 -0.0546658 
qwerty 304 176 0 0.3815 -3.45578 1.42801 12.575 -0.0796183 0.0259342 -0.0546658 
qwerty 304 176 0 0.3815 -4.43889 1.74824 11.9 -0.0796183 0.0259342 -0.0546658 
qwerty 304 176 0 0.200643 -4.49034 1.18997 11.225 0.0103245 -0.0712667 -0.0693863 
qwerty 303 176 0 0.406594 -1.04149 0.59016 13.25 0.0582209 -0.0228171 -0.0780366 
qwerty 302 176 0 5.58649 -1.59016 0.32497 13.925 0.0144677 -0.0659937 -0.0737259 
qwerty 302 176 0 5.58649 -1.4577 -0.279237 13.25 0.0144677 -0.0659937 -0.0737259 
qwerty 302 176 0 5.58649 -1.32524 -0.883444 12.575 0.0144677 -0.0659937 -0.0737259 
qwerty 302 176 0 5.58649 -1.24488 -1.25 12.1655 0.0144677 -0.0659937 -0.0737259 
qwerty 302 176 0 5.58649 -1.19278 -1.48765 11.9 0.0144677 -0.0659937 -0.0737259 
qwerty 302 176 0 5.58649 -1.06032 -2.09186 11.225 0.0144677 -0.0659937 -0.0737259 
qwerty 302 176 0 5.58649 -0.927862 -2.69607 10.55 0.0144677 -0.0659937 -0.0737259 
qwerty 359 302 0 1.10722 -0.834488 -2.70467 10.55 -0.0857924 0.0511576 -0.00474926 
qwerty 359 302 0.0553215 0.730853 -0.85367 -2.68452 10.5801 -0.0264557 0.00670362 0.0962037 
qwerty 359 302 0.0743131 0.65654 -0.862262 -2.6743 10.616 -0.0349247 0.0193037 0.0916931 
qwerty 359 302 0.0623072 0.594233 -0.886375 -2.65937 10.649 -0.0674881 -0.0646776 -0.035527 
qwerty 359 302 0.0811438 0.513089 -0.92955 -2.68147 10.6298 -0.0753936 -0.0108641 -0.0647903 
qwerty 359 302 0.108367 0.404723 -0.954787 -2.68169 10.5871 -0.0361437 -0.0105749 -0.092638 
qwerty 359 302 0.156968 0.247754 -0.969246 -2.68592 10.55 0.0245936 -0.0596626 -0.0763906 
qwerty 360 359 0 0.458307 -0.521559 -1.8309 9.875 0.0326684 0.0787742 -0.0522245 
qwerty 360 359 0 0.458307 -0.280655 -1.25 9.48988 0.0326684 0.0787742 -0.0522245 
qwerty 360 359 0 0.458307 -0.0993206 -0.812745 9.2 0.0326684 0.0787742 -0.0522245 
qwerty 360 359 0 0.458307 0.322918 0.205409 8.525 0.0326684 0.0787742 -0.0522245 
qwerty 364 360 0.00571444 0.210716 0.431018 0.46118 8.34913 0.00648664 -0.0879657 -0.0471165 
qwerty 364 360 0.00609696 0.204619 0.431244 0.459149 8.34776 -0.00118373 -0.0682524 -0.0730767 
qwerty 364 360 0.00638786 0.198231 0.431528 0.457264 8.34575 -0.000814499 -0.074489 -0.0667138 
qwerty 364 360 0.0092793 0.188952 0.43156 0.455214 8.34324 0.00321894 -0.0704526 -0.0708948 
qwerty 364 360 0.00750169 0.18145 0.431394 0.452088 8.3409 -0.00880047 -0.0901673 -0.0423369 
qwerty 364 360 0.013874 0.167576 0.431215 0.448135 8.33755 0.0200697 -0.074958 -0.0630754 
qwerty 364 360 0.0204364 0.14714 0.435979 0.442461 8.33367 0.0588998 -0.0298592 -0.0750949 
qwerty 364 360 0.0271534 0.119987 0.441011 0.443825 8.32756 0.0621253 -0.00879714 -0.0778657 
qwerty 364 360 0.119987 0 0.447851 0.442857 8.31899 0.0621253 -0.00879714 -0.0778657 
qwerty 301 176 0 0.458805 -2.27285 0.363149 13.925 -0.0647922 -0.0480523 -0.0591012 
qwerty 301 176 0 0.209383 -2.39349 1.25 13.5719 0.000234011 0.0970975 -0.0239169 
qwerty 301 176 0 0.209383 -2.39034 2.55683 13.25 0.000234011 0.0970975 -0.0239169 
qwerty 300 176 0 0.943683 5.0306 -0.615867 15.1 0.0974437 -0.0205874 0.008994 
qwerty 300 176 0 0.943683 8.75 -1.40168 15.4433 0.0974437 -0.0205874 0.008994 
qwerty 300 176 0 0.943683 11.25 -1.92987 15.674 0.0974437 -0.0205874 0.008994 
qwerty 300 176 0 0.943683 12.3438 -2.16096 15.775 0.0974437 -0.0205874 0.008994 
qwerty 300 176 0 0.254845 12.4974 -2.34102 16.45 -0.0567343 -0.00749905 0.082006 
qwerty 298 186 0 0.510999 -2.51609 0.365287 11.9 0.0323579 0.0455062 -0.0829587 
qwerty 298 186 0 0.510999 -2.25281 0.735552 11.225 0.0323579 0.0455062 -0.0829587 
qwerty 297 186 0 0.510999 -2.71111 0.0910168 12.4 -0.0323579 -0.0455062 0.0829587 
qwerty 297 186 0 0.510999 -2.9744 -0.279248 13.075 -0.0323579 -0.0455062 0.0829587 
qwerty 296 186 0 0.764967 -3.75 0.392193 11.6656 -0.0873289 -0.0416101 -0.025343 
qwerty 296 186 0 0.764967 -5.26809 -0.331139 11.225 -0.0873289 -0.0416101 -0.025343 
qwerty 378 377 0 0.114057 -6.31932 0.198637 10.55 -0.0451554 0.0752873 -0.0478833 
qwerty 295 186 0 0.256566 -6.90643 0.288485 12.4 -0.0984826 -0.0109716 0.0134464 
qwerty 294 186 0.00029101 0 -2.23903 0.640642 11.5667 -0.0927741 0.0249358 0.0277699 
qwerty 381 294 0.0120807 0 -2.23919 0.640556 11.5667 -0.0865472 -0.0446843 -0.0226473 
qwerty 293 186 0 0.76033 -1.25 0.317295 11.3432 -0.0573599 -0.00622092 0.081677 
qwerty 293 186 0 0.76033 -1.51812 0.288216 11.725 -0.0573599 -0.00622092 0.081677 
qwerty 293 186 0 0.76033 -1.99216 0.236805 12.4 -0.0573599 -0.00622092 0.081677 
qwerty 293 186 0 0.76033 -2.4662 0.185394 13.075 -0.0573599 -0.00622092 0.081677 
qwerty 291 186 0 21.2039 -1.15968 0.358755 11.05 -0.00502165 -0.0171619 0.0983883 
qwerty 291 186 0 21.2039 -1.19414 0.241015 11.725 -0.00502165 -0.0171619 0.0983883 
qwerty 291 186 0 21.2039 -1.22859 0.123275 12.4 -0.00502165 -0.0171619 0.0983883 
qwerty 291 186 0 21.2039 -1.25 0.0500954 12.8195 -0.00502165 -0.0171619 0.0983883 
qwerty 291 186 0 21.2039 -1.26304 0.00553477 13.075 -0.00502165 -0.0171619 0.0983883 
qwerty 290 186 0 10.818 -1.17807 0.597975 10.375 -0.0204243 -0.000672299 0.0978897 
qwerty 290 186 0 10.818 -1.31891 0.593339 11.05 -0.0204243 -0.000672299 0.0978897 
qwerty 290 186 0 10.818 -1.45975 0.588703 11.725 -0.0204243 -0.000672299 0.0978897 
qwerty 290 186 0 10.818 -1.60058 0.584067 12.4 -0.0204243 -0.000672299 0.0978897 
qwerty 290 186 0 10.818 -1.74142 0.579431 13.075 -0.0204243 -0.000672299 0.0978897 
qwerty 290 186 0 10.818 -1.88225 0.574795 13.75 -0.0204243 -0.000672299 0.0978897 
qwerty 290 186 0 10.818 -2.02309 0.57016 14.425 -0.0204243 -0.000672299 0.0978897 
qwerty 290 186 0 10.818 -2.16393 0.565524 15.1 -0.0204243 -0.000672299 0.0978897 
qwerty 290 186 0 10.818 -2.30476 0.560888 15.775 -0.0204243 -0.000672299 0.0978897 
qwerty 290 186 0 10.818 -2.4456 0.556252 16.45 -0.0204243 -0.000672299 0.0978897 
qwerty 396 290 0.810837 4.5521 -2.3994 0.623043 17.125 -0.0245019 0.0215834 0.0945189 
qwerty 396 290 0.992826 2.80292 -2.83617 0.680236 16.8076 -0.0515213 -0.0421343 -0.0746342 
qwerty 396 290 0.332747 2.47018 -2.96221 0.577167 16.625 -0.0622872 -0.0540311 -0.0565769 
qwerty 399 396 0 0.185947 -3.04415 0.593426 17.125 -0.0214629 0.00464654 0.097559 
qwerty 289 186 0 1.62503 -1.04335 0.6022 9.7 -0.0176378 -0.00149631 0.0984209 
qwerty 289 186 0 1.39891 -1.25 0.732899 10.3327 -0.0337524 0.0249304 0.0907703 
qwerty 289 186 0 1.39891 -1.26571 0.744505 10.375 -0.0337524 0.0249304 0.0907703 
qwerty 289 186 0 1.39891 -1.51671 0.929897 11.05 -0.0337524 0.0249304 0.0907703 
qwerty 289 186 0 1.39891 -1.7677 1.11529 11.725 -0.0337524 0.0249304 0.0907703 
qwerty 289 186 0 1.39891 -1.95009 1.25 12.2155 -0.0337524 0.0249304 0.0907703 
qwerty 289 186 0 1.39891 -2.0187 1.30068 12.4 -0.0337524 0.0249304 0.0907703 
qwerty 289 186 0 1.39891 -2.26969 1.48607 13.075 -0.0337524 0.0249304 0.0907703 
qwerty 289 186 0 1.39891 -2.52069 1.67146 13.75 -0.0337524 0.0249304 0.0907703 
qwerty 289 186 0 1.39891 -2.77168 1.85685 14.425 -0.0337524 0.0249304 0.0907703 
qwerty 289 186 0 1.39891 -3.02268 2.04224 15.1 -0.0337524 0.0249304 0.0907703 
qwerty 289 186 0 1.39891 -3.27367 2.22763 15.775 -0.0337524 0.0249304 0.0907703 
qwerty 289 186 0 1.39891 -3.52467 2.41303 16.45 -0.0337524 0.0249304 0.0907703 
qwerty 289 186 0 1.39891 -3.75 2.57946 17.056 -0.0337524 0.0249304 0.0907703 
qwerty 289 186 0 1.39891 -3.77566 2.59842 17.125 -0.0337524 0.0249304 0.0907703 
qwerty 289 186 0 1.39891 -4.02666 2.78381 17.8 -0.0337524 0.0249304 0.0907703 
qwerty 289 186 0 1.39891 -4.27765 2.9692 18.475 -0.0337524 0.0249304 0.0907703 
qwerty 289 186 0 1.39891 -4.52865 3.15459 19.15 -0.0337524 0.0249304 0.0907703 
qwerty 289 186 0 1.39891 -4.77964 3.33998 19.825 -0.0337524 0.0249304 0.0907703 
qwerty 289 186 0 1.39891 -5.03064 3.52537 20.5 -0.0337524 0.0249304 0.0907703 
qwerty 289 186 0 1.39891 -5.28163 3.71076 21.175 -0.0337524 0.0249304 0.0907703 
qwerty 289 186 0 1.39891 -5.53263 3.89616 21.85 -0.0337524 0.0249304 0.0907703 
qwerty 289 186 0 1.39891 -5.78362 4.08155 22.525 -0.0337524 0.0249304 0.0907703 
qwerty 289 186 0 1.39891 -6.03462 4.26694 23.2 -0.0337524 0.0249304 0.0907703 
qwerty 289 186 0 1.39891 -6.25 4.42602 23.7792 -0.0337524 0.0249304 0.0907703 
qwerty 289 186 0 1.39891 -6.28561 4.45233 23.875 -0.0337524 0.0249304 0.0907703 
qwerty 289 186 0 1.39891 -6.53661 4.63772 24.55 -0.0337524 0.0249304 0.0907703 
qwerty 289 186 0 1.11793 -6.6727 5.07644 25.225 -0.0120546 0.0599888 0.0790951 
qwerty 289 186 0 1.11793 -6.77557 5.58839 25.9 -0.0120546 0.0599888 0.0790951 
qwerty 289 186 0 1.11793 -6.87844 6.10033 26.575 -0.0120546 0.0599888 0.0790951 
qwerty 289 186 0 1.11793 -6.90852 6.25 26.7723 -0.0120546 0.0599888 0.0790951 
qwerty 289 186 0 1.11793 -6.98132 6.61228 27.25 -0.0120546 0.0599888 0.0790951 
qwerty 289 186 0 1.11793 -7.08419 7.12422 27.925 -0.0120546 0.0599888 0.0790951 
qwerty 289 186 0 1.11793 -7.18707 7.63617 28.6 -0.0120546 0.0599888 0.0790951 
qwerty 289 186 0 1.11793 -7.28994 8.14811 29.275 -0.0120546 0.0599888 0.0790951 
qwerty 289 186 0 1.11793 -7.39281 8.66006 29.95 -0.0120546 0.0599888 0.0790951 
qwerty 289 186 0 0.212447 -7.42597 8.82504 30.1675 0.0416129 -0.0473408 -0.0776351 
qwerty 289 186 0 0.212447 -7.40317 8.79911 30.125 0.0416129 -0.0473408 -0.0776351 
qwerty 404 289 0.0811292 0.824354 -7.43428 8.86992 30.2035 -0.0044509 0.0713579 0.069916 
qwerty 404 289 0.0980147 0.726339 -7.44917 8.90939 30.246 0.00107001 0.0871136 0.0490926 
qwerty 404 289 0.115829 0.61051 -7.44293 8.96685 30.2791 -0.0119662 0.0924179 0.0362731 
qwerty 404 289 0.0918482 0.518662 -7.43012 9.0222 30.2985 0.0272875 0.0958856 -0.00783243 
qwerty 404 289 0.225918 0.292744 -7.35474 9.09333 30.2862 0.0801194 0.0525694 0.028589 
qwerty 404 289 0.292744 0 -7.31702 9.11808 30.2997 0.0801194 0.0525694 0.028589 
qwerty 288 186 0 6.62316 -1.02049 0.616595 9.7 -0.0129396 0.000904842 0.0991552 
qwerty 288 186 0 6.62316 -1.10858 0.622755 10.375 -0.0129396 0.000904842 0.0991552 
qwerty 288 186 0 6.62316 -1.19666 0.628915 11.05 -0.0129396 0.000904842 0.0991552 
qwerty 288 186 0 6.62316 -1.25 0.632644 11.4587 -0.0129396 0.000904842 0.0991552 
qwerty 288 186 0 6.62316 -1.28475 0.635075 11.725 -0.0129396 0.000904842 0.0991552 
qwerty 288 186 0 6.62316 -1.37284 0.641234 12.4 -0.0129396 0.000904842 0.0991552 
qwerty 288 186 0 6.62316 -1.46092 0.647394 13.075 -0.0129396 0.000904842 0.0991552 
qwerty 288 186 0 6.62316 -1.54901 0.653554 13.75 -0.0129396 0.000904842 0.0991552 
qwerty 288 186 0 6.62316 -1.6371 0.659713 14.425 -0.0129396 0.000904842 0.0991552 
qwerty 288 186 0 6.62316 -1.72518 0.665873 15.1 -0.0129396 0.000904842 0.0991552 
qwerty 288 186 0 6.62316 -1.81327 0.672033 15.775 -0.0129396 0.000904842 0.0991552 
qwerty 286 186 0 2.66679 -0.960264 0.644206 9.7 -0.00274003 0.00587301 0.0997898 
qwerty 286 186 0 2.66679 -0.978798 0.683932 10.375 -0.00274003 0.00587301 0.0997898 
qwerty 286 186 0 2.66679 -0.997332 0.723659 11.05 -0.00274003 0.00587301 0.0997898 
qwerty 286 186 0 2.66679 -1.01587 0.763385 11.725 -0.00274003 0.00587301 0.0997898 
qwerty 286 186 0 2.66679 -1.0344 0.803111 12.4 -0.00274003 0.00587301 0.0997898 
qwerty 286 186 0 2.66679 -1.05293 0.842838 13.075 -0.00274003 0.00587301 0.0997898 
qwerty 286 186 0 2.66679 -1.07147 0.882564 13.75 -0.00274003 0.00587301 0.0997898 
qwerty 286 186 0 2.66679 -1.09 0.92229 14.425 -0.00274003 0.00587301 0.0997898 
qwerty 286 186 0 2.66679 -1.10854 0.962017 15.1 -0.00274003 0.00587301 0.0997898 
qwerty 286 186 0 2.66679 -1.12707 1.00174 15.775 -0.00274003 0.00587301 0.0997898 
qwerty 286 186 0 2.66679 -1.14561 1.04147 16.45 -0.00274003 0.00587301 0.0997898 
qwerty 286 186 0 2.66679 -1.16414 1.0812 17.125 -0.00274003 0.00587301 0.0997898 
qwerty 286 186 0 2.66679 -1.18267 1.12092 17.8 -0.00274003 0.00587301 0.0997898 
qwerty 286 186 0 0.551345 -1.19239 1.14175 18.154 -0.037599 -0.0874467 0.0306493 
qwerty 286 186 0 0.551345 -1.25 1.00777 18.2009 -0.037599 -0.0874467 0.0306493 
qwerty 286 186 0 0.333443 -1.37912 0.707457 18.3062 -0.0520876 -0.0475462 -0.070896 
qwerty 286 186 0 0.333443 -1.62244 0.485359 17.975 -0.0520876 -0.0475462 -0.070896 
qwerty 286 186 0 0.333443 -2.11282 0.0331655 17.3 -0.0515821 -0.0476729 -0.0711799 
qwerty 415 286 0.217902 0 -1.38103 0.689078 18.3292 -0.0064677 -0.0622553 0.0779901 
qwerty 414 286 0.671163 1.44428 -1.1751 1.22404 18.475 -0.0191197 0.082698 0.0528723 
qwerty 414 286 0.235811 0.775177 -1.25 1.22277 18.4388 -0.0819367 -0.0570461 0.00566722 
qwerty 414 286 0.0680726 0.707104 -1.2847 1.19708 18.4322 -0.0641406 -0.0723291 -0.025583 
qwerty 414 286 0.0896381 0.617466 -1.31637 1.16278 18.4347 -0.0970074 -0.0241565 0.00245593 
qwerty 414 286 0.087349 0.530117 -1.3572 1.1598 18.4473 -0.0980484 0.00846064 0.0177463 
qwerty 414 286 0.0634884 0.466629 -1.39436 1.17222 18.4503 -0.0932343 0.036111 0.00183248 
qwerty 414 286 0.0883488 0.37828 -1.4296 1.1904 18.4583 -0.0655804 0.0455268 -0.0602206 
qwerty 414 286 0.0744777 0.303802 -1.44211 1.21213 18.43 -0.0164227 0.0826562 -0.0538353 
qwerty 414 286 0.103133 0.200669 -1.45963 1.23034 18.4031 0.000589 -0.090017 0.0435498 
qwerty 414 286 0.200669 0 -1.45948 1.20707 18.4143 0.000589 -0.090017 0.0435498 
qwerty 418 414 0 0.163579 -1.25 1.21806 18.4299 -0.0771803 -0.0296912 -0.0562284 
qwerty 418 414 0 0.163579 -1.87446 0.977829 17.975 -0.0771803 -0.0296912 -0.0562284 
qwerty 285 186 0 5.94635 -0.953835 0.578563 9.025 -0.00889578 0.00347892 0.0995428 
qwerty 285 186 0 5.94635 -1.01416 0.602154 9.7 -0.00889578 0.00347892 0.0995428 
qwerty 285 186 0 5.94635 -1.07448 0.625744 10.375 -0.00889578 0.00347892 0.0995428 
qwerty 284 197 0 0.250284 6.65654 -1.53838 13.2983 0.0629114 0.0438325 -0.064194 
qwerty 284 197 0 0.250284 6.70389 -1.50539 13.25 0.0629114 0.0438325 -0.064194 
qwerty 407 288 0.699294 1.844 -1.76852 0.86104 16.3358 0.0288462 0.0167361 0.0942751 
qwerty 407 288 0.24305 1.60095 -1.73357 0.881322 16.45 -0.00254572 0.0320871 0.0946781 
qwerty 385 291 0.840627 8.86658 -1.22353 -0.0791656 13.75 0.00946327 -0.0130528 0.0986918 
qwerty 385 291 1.14524 4.15829 -0.88488 -0.447275 14.425 0.0681078 -0.0543352 0.0490817 
qwerty 427 281 0.00200566 0.149628 16.2819 11.3722 23.1996 -0.0905727 0.00961429 -0.0412813 
qwerty 427 281 0.00590325 0.143724 16.2804 11.3723 23.1992 -0.086643 0.0476489 -0.0149186 
qwerty 427 281 0.00444637 0.139278 16.2788 11.3729 23.199 -0.0817462 0.0506571 -0.0274118 
qwerty 427 281 0.00410933 0.135169 16.2775 11.3739 23.1986 -0.0708013 0.0674245 -0.0210028 
qwerty 427 281 0.00432735 0.130841 16.2763 11.3748 23.1981 -0.0544995 0.078403 -0.0297114 
qwerty 427 281 0.0079835 0.122858 16.2755 11.3762 23.1973 -0.0453032 0.0743258 -0.049227 
qwerty 427 281 0.00963704 0.113221 16.2744 11.3773 23.1966 -0.0634728 0.0629614 -0.0448002 
qwerty 427 281 0.00747916 0.105742 16.2729 11.3782 23.1955 -0.0431474 0.0327747 -0.0840483 
qwerty 427 281 0.0287121 0.0770294 16.2725 11.3794 23.1929 -0.0095222 0.0837072 -0.0538742 
qwerty 427 281 0.0185256 0.0585038 16.2729 11.3829 23.192 0.0111049 0.0612105 -0.078294 
qwerty 427 281 0.0585038 0 16.2733 11.3849 23.1895 0.0111049 0.0612105 -0.078294 
qwerty 423 284 0.0796315 0.181083 6.63477 -1.51426 13.2923 -0.0849675 -0.0153172 -0.050457 
qwerty 423 284 0.0814345 0.099649 6.61245 -1.52525 13.2951 -0.064877 0.0462046 0.0604658 
qwerty 423 284 0.099649 0 6.60725 -1.52154 13.2999 -0.064877 0.0462046 0.0604658 
qwerty 421 285 0 1.95768 -1.06656 0.645329 10.55 -0.0349438 0.0915017 -0.0201586 
qwerty 421 285 0 1.71594 -1.07231 0.651797 10.55 -0.0373513 0.0907475 -0.0192294 
qwerty 421 285 0.451112 1.18995 -1.35233 0.573299 10.6338 -0.0567797 0.00247782 0.0822796 
qwerty 421 285 0.420837 0.769115 -1.3919 0.65258 10.8695 -0.0347929 -0.0024022 0.0937213 
qwerty 421 285 0.428792 0.340323 -1.41247 0.652182 11.0265 0.0123183 -0.0177383 0.0976402 
qwerty 421 285 0.0664075 0.273916 -1.40951 0.647912 11.05 -0.0041702 -0.0662779 0.0747653 
qwerty 421 285 0.00482207 0.237432 -1.4066 0.648323 11.0478 0.0829568 -0.00379419 -0.0557115 
qwerty 421 285 0.0076629 0.229769 -1.40417 0.648106 11.0454 0.0782877 0.0119355 -0.061062 
qwerty 421 285 0.00836831 0.221401 -1.4017 0.648084 11.0431 0.0784041 0.0153218 -0.0601502 
qwerty 421 285 0.0188669 0.202534 -1.3982 0.647763 11.0407 0.0728827 -0.00791031 -0.0680113 
qwerty 421 285 0.0189787 0.183556 -1.39452 0.646225 11.0369 0.063879 -0.0144374 -0.0755714 
qwerty 421 285 0.0279741 0.155581 -1.39162 0.643173 11.0297 0.0238292 -0.00959138 -0.0966446 
qwerty 421 285 0.0442434 0.111338 -1.3823 0.644264 11.0203 0.0154521 -0.04564 -0.0876255 
qwerty 421 285 0.111338 0 -1.3808 0.639839 11.0118 0.0154521 -0.04564 -0.0876255 
qwerty 444 385 0 0.510999 -0.898749 0.201859 13.925 -0.00539809 0.0768799 -0.0637208 
qwerty 444 385 0 0.510999 -0.955931 1.01626 13.25 -0.00539809 0.0768799 -0.0637208 
qwerty 444 385 0 0.510999 -1.01311 1.83065 12.575 -0.00539809 0.0768799 -0.0637208 
qwerty 444 385 0 0.510999 -1.0703 2.64505 11.9 -0.00539809 0.0768799 -0.0637208 
qwerty 444 385 0 0.510999 -1.12748 3.45944 11.225 -0.00539809 0.0768799 -0.0637208 
qwerty 444 385 0 0.510999 -1.14788 3.75 10.9842 -0.00539809 0.0768799 -0.0637208 
qwerty 444 385 0 0.510999 -1.18466 4.27384 10.55 -0.00539809 0.0768799 -0.0637208 
qwerty 443 385 0 0.510999 -0.799209 -1.21579 15.1 0.00539809 -0.0768799 0.0637208 
qwerty 443 385 0 0.510999 -0.742027 -2.03019 15.775 0.00539809 -0.0768799 0.0637208 
qwerty 443 385 0 0.510999 -0.684844 -2.84458 16.45 0.00539809 -0.0768799 0.0637208 
qwerty 441 385 0 0.735432 -1.23354 -0.108329 14.425 -0.00397151 -0.00113309 0.0999147 
qwerty 441 385 0 0.735432 -1.26037 -0.115983 15.1 -0.00397151 -0.00113309 0.0999147 
qwerty 441 385 0 0.735432 -1.2872 -0.123638 15.775 -0.00397151 -0.00113309 0.0999147 
qwerty 441 385 0 0.735432 -1.31403 -0.131293 16.45 -0.00397151 -0.00113309 0.0999147 
qwerty 441 385 0 0.735432 -1.34086 -0.138948 17.125 -0.00397151 -0.00113309 0.0999147 
qwerty 441 385 0 0.735432 -1.36769 -0.146603 17.8 -0.00397151 -0.00113309 0.0999147 
qwerty 441 385 0 0.735432 -1.39452 -0.154258 18.475 -0.00397151 -0.00113309 0.0999147 
qwerty 441 385 0 0.735432 -1.42135 -0.161913 19.15 -0.00397151 -0.00113309 0.0999147 
qwerty 441 385 0 0.735432 -1.44818 -0.169568 19.825 -0.00397151 -0.00113309 0.0999147 
qwerty 441 385 0 0.735432 -1.47501 -0.177223 20.5 -0.00397151 -0.00113309 0.0999147 
qwerty 441 385 0 0.735432 -1.50184 -0.184878 21.175 -0.00397151 -0.00113309 0.0999147 
qwerty 441 385 0 0.735432 -1.52868 -0.192532 21.85 -0.00397151 -0.00113309 0.0999147 
qwerty 440 385 0 0.469026 -1.25 -0.0846523 13.9547 -0.0166722 0.00211195 0.0985778 
qwerty 440 385 0 0.469026 -1.32955 -0.0745755 14.425 -0.0166722 0.00211195 0.0985778 
qwerty 440 385 0 0.469026 -1.44371 -0.0601142 15.1 -0.0166722 0.00211195 0.0985778 
qwerty 440 385 0 0.469026 -1.55787 -0.0456528 15.775 -0.0166722 0.00211195 0.0985778 
qwerty 440 385 0 0.469026 -1.67203 -0.0311915 16.45 -0.0166722 0.00211195 0.0985778 
qwerty 440 385 0 0.469026 -1.78619 -0.0167302 17.125 -0.0166722 0.00211195 0.0985778 
qwerty 440 385 0 0.469026 -1.90035 -0.00226891 17.8 -0.0166722 0.00211195 0.0985778 
qwerty 439 385 0 0.552096 -1.19014 -0.0172153 13.75 0.011523 -0.00291701 0.099291 
qwerty 439 385 0 0.552096 -1.11181 -0.0370457 14.425 0.011523 -0.00291701 0.099291 
qwerty 439 385 0 0.552096 -1.03347 -0.0568761 15.1 0.011523 -0.00291701 0.099291 
qwerty 439 385 0 0.344382 -0.978179 -0.0708734 15.5765 0.0478167 -0.0798396 0.0365952 
qwerty 439 385 0 0.344382 -0.718746 -0.504048 15.775 0.0478167 -0.0798396 0.0365952 
qwerty 439 385 0 0.238788 0.287185 -0.637897 15.275 0.0817542 0.013778 -0.0559144 
qwerty 453 439 0.207714 0 -0.983644 -0.0568751 15.5993 -0.0199949 0.0512165 0.0835289 
qwerty 438 385 0 1.82129 -1.10832 0.0428903 13.75 0.0264237 0.00734409 0.0961658 
qwerty 438 385 0 1.82129 -0.922844 0.0944394 14.425 0.0264237 0.00734409 0.0961658 
qwerty 438 385 0 1.82129 -0.737373 0.145988 15.1 0.0264237 0.00734409 0.0961658 
qwerty 438 385 0 1.82129 -0.551902 0.197538 15.775 0.0264237 0.00734409 0.0961658 
qwerty 438 385 0 0.360682 -0.368543 0.2485 16.4423 -0.0577727 -0.0812382 0.0079165 
qwerty 438 385 0 0.360682 -0.424627 0.169636 16.45 -0.0577727 -0.0812382 0.0079165 
qwerty 458 438 0.0114488 1.44916 -0.365467 0.250403 16.45 0.0387652 0.0186582 0.0902725 
qwerty 458 438 0.310666 0.980667 -0.436191 0.261905 16.3083 -0.0723838 0.0101037 -0.0682532 
qwerty 458 438 0.332958 0.647709 -0.588005 0.263053 16.2617 -0.0604489 0.0372359 -0.0704231 
qwerty 458 438 0.339261 0.308448 -0.743429 0.302966 16.2306 -0.00906103 0.0618855 0.0780262 
qwerty 458 438 0.308448 0 -0.748053 0.334553 16.2705 -0.00906103 0.0618855 0.0780262 
qwerty 435 397 0 0.510999 -2.24327 0.541299 17.125 0.0484716 0.00213104 0.0874412 
qwerty 435 397 0 0.510999 -1.86909 0.557749 17.8 0.0484716 0.00213104 0.0874412 
qwerty 435 397 0 0.510999 -1.49492 0.5742 18.475 0.0484716 0.00213104 0.0874412 
qwerty 433 407 0 0.510999 -2.38024 0.649589 15.95 -0.0754582 -0.026871 -0.0598666 
qwerty 433 407 0 0.510999 -3.23103 0.346617 15.275 -0.0754582 -0.026871 -0.0598666 
qwerty 433 407 0 0.510999 -4.08183 0.0436439 14.6 -0.0754582 -0.026871 -0.0598666 
qwerty 433 407 0 0.510999 -4.93263 -0.259329 13.925 -0.0754582 -0.026871 -0.0598666 
qwerty 432 407 0 0.510999 -1.25 1.05207 16.8467 0.0754582 0.026871 0.0598666 
qwerty 432 407 0 0.510999 -0.899219 1.17699 17.125 0.0754582 0.026871 0.0598666 
qwerty 432 407 0 0.510999 -0.0484212 1.47996 17.8 0.0754582 0.026871 0.0598666 
qwerty 432 407 0 0.510999 0.802376 1.78293 18.475 0.0754582 0.026871 0.0598666 
qwerty 432 407 0 0.510999 1.65317 2.0859 19.15 0.0754582 0.026871 0.0598666 
qwerty 432 407 0 0.510999 2.50397 2.38888 19.825 0.0754582 0.026871 0.0598666 
qwerty 432 407 0 0.510999 3.35477 2.69185 20.5 0.0754582 0.026871 0.0598666 
qwerty 432 407 0 0.458383 3.75 3.11537 20.7739 0.0602648 0.0683189 0.0412394 
qwerty 432 407 0 0.458383 4.33615 3.77985 21.175 0.0602648 0.0683189 0.0412394 
qwerty 432 407 0 0.458383 5.32255 4.89809 21.85 0.0602648 0.0683189 0.0412394 
qwerty 432 407 0 0.458383 6.25 5.94948 22.4847 0.0602648 0.0683189 0.0412394 
qwerty 432 407 0 0.458383 6.30896 6.01632 22.525 0.0602648 0.0683189 0.0412394 
qwerty 432 407 0 0.458383 6.59083 6.25 22.711 0.0712849 0.0524805 0.0465216 
qwerty 432 407 0 0.458383 7.34006 6.80159 23.2 0.0712849 0.0524805 0.0465216 
qwerty 432 407 0 0.458383 8.37436 7.56305 23.875 0.0712849 0.0524805 0.0465216 
qwerty 432 407 0 0.458383 9.40866 8.32451 24.55 0.0712849 0.0524805 0.0465216 
qwerty 432 407 0 0.458383 10.443 9.08597 25.225 0.0712849 0.0524805 0.0465216 
qwerty 430 407 0 0.340067 -2.06205 0.598559 16.45 -0.0382249 -0.0121847 0.0915991 
qwerty 430 407 0 0.340067 -2.34373 0.508768 17.125 -0.0382249 -0.0121847 0.0915991 
qwerty 430 407 0 0.17526 -2.84026 1.12157 16.625 -0.0500122 0.0649022 -0.0573279 
qwerty 428 422 0 0.510999 -1.25 0.319096 10.0606 -0.0330051 -0.059568 -0.0732278 
qwerty 428 422 0 0.510999 -1.33366 0.168108 9.875 -0.0330051 -0.059568 -0.0732278 
