qwerty 1 0 0 200 0 0 -0.249991 0 0 0.1 
qwerty 3 1 0 252.167 0.0437651 0.105727 0.25 0.00853259 0.0206129 0.0974797 
qwerty 3 1 0 252.167 0.102849 0.248462 0.925 0.00853259 0.0206129 0.0974797 
qwerty 3 1 0 252.167 0.161933 0.391197 1.6 0.00853259 0.0206129 0.0974797 
qwerty 3 1 0 252.167 0.221017 0.533931 2.275 0.00853259 0.0206129 0.0974797 
qwerty 3 1 0 252.167 0.280101 0.676666 2.95 0.00853259 0.0206129 0.0974797 
qwerty 4 3 0.817733 38.4144 0.373651 0.835276 3.625 0.0143674 0.025168 0.0957087 
qwerty 4 3 0.598091 8.81953 0.29961 1.25 3.92784 -0.0391131 0.0811114 0.0434869 
qwerty 4 3 1.5511 7.26843 -0.0351164 1.94414 4.3 -0.0398388 0.0917067 -0.00165763 
qwerty 4 3 1.60847 5.65996 -0.407967 2.81736 4.26985 0.00783289 0.0983849 -0.0160954 
qwerty 4 3 1.57943 4.08053 -0.338374 3.54101 3.99867 0.0145867 0.097467 -0.0169532 
qwerty 4 3 0.30438 3.77615 -0.307097 3.75 3.96232 0.0118202 0.0991198 -0.00596156 
qwerty 4 3 0.827392 2.94876 -0.33163 4.28835 3.83627 0.0250878 0.0935782 -0.0247735 
qwerty 4 3 0.275591 2.67317 -0.294898 4.42536 3.8 0.0560462 0.077122 -0.0301833 
qwerty 4 3 0 1.46603 -0.258405 4.44619 3.8 0.0706364 0.0673604 -0.0217506 
qwerty 4 3 0.210014 0.960063 -0.202378 4.38063 3.89557 0.00725971 -0.0173611 0.0982135 
qwerty 4 3 0.199569 0.760494 -0.155477 4.33252 4.00222 -0.0284738 -0.0145319 0.0947527 
qwerty 4 3 0.272234 0.488261 -0.142509 4.26858 4.1167 -0.028453 -0.00517781 0.0957268 
qwerty 4 3 0.384884 0.103377 -0.218967 4.30898 4.18822 -0.0838814 -0.00544078 0.0541693 
qwerty 4 3 0.103377 0 -0.226133 4.30852 4.19284 -0.0838814 -0.00544078 0.0541693 
qwerty 11 4 0 5.82419 0.601079 1.09672 4.3 0.0308499 0.0344429 0.0886678 
qwerty 11 4 0 5.82419 0.835929 1.35892 4.975 0.0308499 0.0344429 0.0886678 
qwerty 11 4 0 5.82419 1.07078 1.62113 5.65 0.0308499 0.0344429 0.0886678 
qwerty 11 4 0 5.82419 1.25 1.82122 6.16511 0.0308499 0.0344429 0.0886678 
qwerty 11 4 0 5.82419 1.30563 1.88333 6.325 0.0308499 0.0344429 0.0886678 
qwerty 11 4 0 5.82419 1.54048 2.14553 7 0.0308499 0.0344429 0.0886678 
qwerty 11 4 0 5.82419 1.77533 2.40774 7.675 0.0308499 0.0344429 0.0886678 
qwerty 11 4 0 1.77249 1.95142 2.60434 8.18111 0.0145886 -0.0264025 0.0953419 
qwerty 11 4 0 1.77249 1.97726 2.55757 8.35 0.0145886 -0.0264025 0.0953419 
qwerty 11 4 0 1.77249 2.08055 2.37064 9.025 0.0145886 -0.0264025 0.0953419 
qwerty 11 4 0 1.77249 2.18383 2.18372 9.7 0.0145886 -0.0264025 0.0953419 
qwerty 11 4 0 1.77249 2.28711 1.9968 10.375 0.0145886 -0.0264025 0.0953419 
qwerty 11 4 0 1.77249 2.3904 1.80987 11.05 0.0145886 -0.0264025 0.0953419 
qwerty 11 4 0 1.77249 2.49368 1.62295 11.725 0.0145886 -0.0264025 0.0953419 
qwerty 11 4 0 1.77249 2.59697 1.43602 12.4 0.0145886 -0.0264025 0.0953419 
qwerty 11 4 0 1.77249 2.70025 1.2491 13.075 0.0145886 -0.0264025 0.0953419 
qwerty 11 4 0 1.77249 2.80353 1.06218 13.75 0.0145886 -0.0264025 0.0953419 
qwerty 11 4 0 0.267704 2.69685 1.25 13.746 -0.0460594 0.0813489 -0.035509 
qwerty 11 4 0 0.261925 2.29167 1.96562 13.4337 -0.0684439 0.0697877 -0.0210978 
qwerty 11 4 0 0.261925 1.69584 2.57315 13.25 -0.0684439 0.0697877 -0.0210978 
qwerty 14 11 0.00577966 0 2.29171 1.96565 13.4336 0.0726174 0.0453901 -0.0516376 
qwerty 12 11 0.415561 3.63614 2.02619 2.7246 8.35 0.0188005 0.0629286 0.0754091 
qwerty 9 4 0 2.71668 0.721196 1.15557 4.3 0.0440872 0.0391454 0.080771 
qwerty 9 4 0 2.71668 1.08963 1.48271 4.975 0.0440872 0.0391454 0.080771 
qwerty 9 4 0 2.71668 1.45807 1.80985 5.65 0.0440872 0.0391454 0.080771 
qwerty 9 4 0 2.71668 1.8265 2.13698 6.325 0.0440872 0.0391454 0.080771 
qwerty 9 4 0 2.71668 2.19494 2.46412 7 0.0440872 0.0391454 0.080771 
qwerty 9 4 0 2.71668 2.56337 2.79126 7.675 0.0440872 0.0391454 0.080771 
qwerty 9 4 0 2.71668 2.93181 3.11839 8.35 0.0440872 0.0391454 0.080771 
qwerty 9 4 0 2.71668 3.30024 3.44553 9.025 0.0440872 0.0391454 0.080771 
qwerty 8 4 0 13.0422 0.51989 1.1588 4.3 0.0193518 0.0434318 0.0879727 
qwerty 8 4 0 13.0422 0.668373 1.49205 4.975 0.0193518 0.0434318 0.0879727 
qwerty 8 4 0 13.0422 0.816856 1.82529 5.65 0.0193518 0.0434318 0.0879727 
qwerty 8 4 0 13.0422 0.965339 2.15854 6.325 0.0193518 0.0434318 0.0879727 
qwerty 8 4 0 13.0422 1.11382 2.49178 7 0.0193518 0.0434318 0.0879727 
qwerty 8 4 0 13.0422 1.25 2.79741 7.61906 0.0193518 0.0434318 0.0879727 
qwerty 8 4 0 13.0422 1.26231 2.82503 7.675 0.0193518 0.0434318 0.0879727 
qwerty 8 4 0 13.0422 1.41079 3.15827 8.35 0.0193518 0.0434318 0.0879727 
qwerty 8 4 0 13.0422 1.55927 3.49152 9.025 0.0193518 0.0434318 0.0879727 
qwerty 8 4 0 13.0422 1.67444 3.75 9.54856 0.0193518 0.0434318 0.0879727 
qwerty 8 4 0 13.0422 1.70775 3.82476 9.7 0.0193518 0.0434318 0.0879727 
qwerty 23 8 0.582939 1.73118 1.5212 3.75861 10.1347 -0.0763732 -0.0027546 0.0644945 
qwerty 23 8 0.797313 0.933868 1.32005 3.71099 10.3434 -0.0989818 0.0110172 0.00901287 
qwerty 23 8 0.121246 0.812622 1.25 3.71878 10.3498 -0.069869 -0.00431706 -0.0714121 
qwerty 23 8 0.0746591 0.737963 1.21493 3.72433 10.3256 -0.0934051 -0.0167176 -0.0315596 
qwerty 23 8 0.0576154 0.680348 1.17972 3.7123 10.3073 -0.0647092 -0.0142751 -0.0748929 
qwerty 23 8 0.0869284 0.593419 1.14688 3.71206 10.2682 -0.070129 -0.0254988 -0.0665713 
qwerty 23 8 0.0774674 0.515952 1.10396 3.70797 10.2488 -0.0792803 -0.0124096 -0.0596711 
qwerty 23 8 0.188017 0.327935 1.03944 3.71852 10.2172 -0.078058 -0.0600723 -0.0172702 
qwerty 23 8 0.327935 0 0.995658 3.68482 10.2075 -0.078058 -0.0600723 -0.0172702 
qwerty 26 23 0 1.93394 1.91438 4.12634 10.375 0.0271167 0.0374622 0.0886638 
qwerty 26 23 0 1.93394 2.12082 4.41154 11.05 0.0271167 0.0374622 0.0886638 
qwerty 26 23 0 1.93394 2.32726 4.69674 11.725 0.0271167 0.0374622 0.0886638 
qwerty 26 23 0 1.93394 2.5337 4.98194 12.4 0.0271167 0.0374622 0.0886638 
qwerty 26 23 0 1.93394 2.74014 5.26714 13.075 0.0271167 0.0374622 0.0886638 
qwerty 26 23 0 1.93394 2.94658 5.55234 13.75 0.0271167 0.0374622 0.0886638 
qwerty 26 23 0 1.93394 3.15302 5.83754 14.425 0.0271167 0.0374622 0.0886638 
qwerty 26 23 0 1.93394 3.35946 6.12274 15.1 0.0271167 0.0374622 0.0886638 
qwerty 26 23 0 1.93394 3.5659 6.40794 15.775 0.0271167 0.0374622 0.0886638 
qwerty 26 23 0 1.93394 3.77234 6.69314 16.45 0.0271167 0.0374622 0.0886638 
qwerty 26 23 0 0.362661 4.77095 6.9458 15.95 0.0843976 0.0189867 -0.0501653 
qwerty 26 23 0 0.362661 5.90656 7.20128 15.275 0.0843976 0.0189867 -0.0501653 
qwerty 25 23 0 0.533756 2.05975 4.09152 10.375 0.0449519 0.0308033 0.083848 
qwerty 25 23 0 0.533756 2.42163 4.3395 11.05 0.0449519 0.0308033 0.083848 
qwerty 25 23 0 0.533756 2.7835 4.58747 11.725 0.0449519 0.0308033 0.083848 
qwerty 25 23 0 0.533756 3.14538 4.83545 12.4 0.0449519 0.0308033 0.083848 
qwerty 25 23 0 0.533756 3.50726 5.08342 13.075 0.0449519 0.0308033 0.083848 
qwerty 7 4 0 1.0221 0.521623 1.10882 4.3 0.0201279 0.0375386 0.090475 
qwerty 7 4 0 1.0221 0.67179 1.38888 4.975 0.0201279 0.0375386 0.090475 
qwerty 7 4 0 1.0221 0.821957 1.66894 5.65 0.0201279 0.0375386 0.090475 
qwerty 7 4 0 1.0221 0.972124 1.94901 6.325 0.0201279 0.0375386 0.090475 
qwerty 7 4 0 1.0221 1.12229 2.22907 7 0.0201279 0.0375386 0.090475 
qwerty 7 4 0 1.0221 1.25 2.46724 7.57405 0.0201279 0.0375386 0.090475 
qwerty 7 4 0 1.0221 1.27246 2.50913 7.675 0.0201279 0.0375386 0.090475 
qwerty 7 4 0 1.0221 1.42263 2.78919 8.35 0.0201279 0.0375386 0.090475 
qwerty 7 4 0 1.0221 1.57279 3.06925 9.025 0.0201279 0.0375386 0.090475 
qwerty 7 4 0 0.87732 1.42078 3.38156 9.7 -0.0203012 0.0411426 0.0888546 
qwerty 7 4 0 0.22469 1.35504 3.5148 9.98774 0.0425 0.0340025 -0.0838903 
qwerty 7 4 0 0.22469 1.41216 3.5605 9.875 0.0425 0.0340025 -0.0838903 
qwerty 33 7 0.11229 0.54034 1.32616 3.51607 10.0482 0.0019872 -0.0541516 0.0840456 
qwerty 33 7 0.0818526 0.458487 1.34165 3.49867 10.092 0.0786175 -0.0617609 0.00220842 
qwerty 33 7 0.11558 0.342907 1.38972 3.48161 10.0806 0.0758545 -0.0594251 -0.0267348 
qwerty 33 7 0.321556 0.0213512 1.43527 3.44593 10.0645 0.0845689 -0.0104583 -0.0523329 
qwerty 33 7 0.0213512 0 1.43572 3.44587 10.0643 0.0845689 -0.0104583 -0.0523329 
qwerty 6 4 0 0.805315 0.400029 0.8881 4.3 0.0031528 0.00678232 0.0997199 
qwerty 6 4 0 0.377519 1.25 0.522492 4.72642 0.0876855 -0.0390385 0.0280578 
qwerty 6 4 0 0.377519 2.02687 0.176622 4.975 0.0876855 -0.0390385 0.0280578 
qwerty 6 4 0 0.377519 4.13636 -0.762545 5.65 0.0876855 -0.0390385 0.0280578 
qwerty 6 4 0 0.343988 5.55656 -2.78624 6.325 0.0554118 -0.0789674 0.0263379 
qwerty 2 1 0 82.8095 -0.177037 -0.427683 0.25 -0.025983 -0.0627694 0.0733818 
qwerty 2 1 0 82.8095 -0.41604 -1.00507 0.925 -0.025983 -0.0627694 0.0733818 
qwerty 2 1 0 82.8095 -0.517429 -1.25 1.21134 -0.025983 -0.0627694 0.0733818 
qwerty 2 1 0 82.8095 -0.655044 -1.58245 1.6 -0.025983 -0.0627694 0.0733818 
qwerty 2 1 0 82.8095 -0.894048 -2.15983 2.275 -0.025983 -0.0627694 0.0733818 
qwerty 39 2 0.74953 40.9578 -1.07785 -2.60319 2.77594 -0.022592 -0.0638636 0.0735598 
qwerty 39 2 0.353187 40.6046 -1.13131 -2.75431 2.95 -0.0200104 -0.062044 0.0758296 
qwerty 5 3 0.810018 206.949 0.349296 0.801071 3.625 0.0109022 0.0173494 0.0978782 
qwerty 5 3 0.8072 179.523 0.401911 0.958023 4.28069 0.00722119 0.0245862 0.0966611 
qwerty 5 3 0.0424133 179.481 0.403353 0.962934 4.3 0.00726407 0.0245943 0.0966558 
qwerty 5 3 0.905335 175.612 0.462097 1.15895 4.975 0.00889234 0.0290279 0.0952802 
qwerty 5 3 0.182781 127.368 0.499777 1.25 5.26207 0.0142665 0.0265644 0.0953457 
qwerty 5 3 0.813258 126.555 0.557823 1.35808 5.65 0.0134316 0.0253318 0.0958013 
qwerty 5 3 0.389265 118.792 0.630602 1.47417 6.05377 0.0195175 0.0288271 0.0937447 
qwerty 5 3 0.822766 117.969 0.687072 1.55758 6.325 0.020975 0.0295484 0.0932037 
qwerty 5 3 0.577735 32.0396 0.770666 1.62999 6.61062 0.0282622 0.0145105 0.0948193 
qwerty 5 3 0.165899 31.8695 0.806888 1.64674 6.72412 0.0285227 0.00832692 0.0954836 
qwerty 5 3 0.471432 31.3981 0.889299 1.6708 7 0.0283104 0.00516292 0.0957699 
qwerty 5 3 0.0241376 18.7272 0.932426 1.71409 7.19249 0.00822084 0.0326 0.0941789 
qwerty 5 3 0.829146 17.898 0.974543 1.88111 7.675 0.0140035 0.0333012 0.0932466 
qwerty 81 5 0.0374218 0.510387 0.942705 1.70866 7.20775 0.0486811 -0.0586312 0.0647497 
qwerty 81 5 0.0291467 0.48124 0.947715 1.69797 7.22136 0.0330455 -0.0364936 0.0870414 
qwerty 81 5 0.0454156 0.435825 0.960597 1.68351 7.23933 0.0866576 0.0463898 -0.0183971 
qwerty 81 5 0.0819263 0.353898 0.988691 1.70768 7.22257 0.0854059 0.0519278 0.00305603 
qwerty 81 5 0.0484465 0.305452 1.00614 1.72603 7.22362 0.0849998 0.0404794 0.0337112 
qwerty 81 5 0.0659654 0.239486 1.02531 1.73632 7.23993 0.0990764 -0.00763562 0.0112055 
qwerty 81 5 0.117827 0.12166 1.05426 1.75057 7.26461 0.0530116 0.0845913 -0.00583716 
qwerty 81 5 0.12166 0 1.06024 1.7601 7.26395 0.0530116 0.0845913 -0.00583716 
qwerty 77 5 0.138954 0.477673 0.773414 1.67121 6.66491 -0.0217293 -0.000177984 0.0976105 
qwerty 77 5 0.245164 0.232509 0.770286 1.66081 6.75242 -0.0868441 -0.0492327 -0.00585168 
qwerty 77 5 0.232509 0 0.741843 1.64468 6.75051 -0.0868441 -0.0492327 -0.00585168 
qwerty 38 2 0.149514 39.0526 -0.977622 -2.36172 2.5061 -0.026936 -0.066523 0.0696358 
qwerty 38 2 1.28841 37.7642 -1.14933 -2.78578 2.95 -0.0224405 -0.0692227 0.0685903 
qwerty 38 2 0.770374 12.6428 -1.12722 -3.02079 3.625 0.000497093 -0.0142695 0.0989754 
qwerty 38 2 1.22154 6.75269 -1.39456 -3.30342 4.20854 -0.0331787 -0.0256462 0.0907824 
qwerty 38 2 0.141537 6.61116 -1.42798 -3.32926 4.3 -0.0333209 -0.0192021 0.0923092 
qwerty 90 38 0.122021 0.227463 -0.988612 -2.39505 2.49123 -0.0666288 -0.0544584 -0.05094 
qwerty 90 38 0.0695678 0.157895 -1.00629 -2.41166 2.49148 -0.000196906 -0.0999659 0.00260262 
qwerty 90 38 0.157895 0 -1.00632 -2.4291 2.49194 -0.000196906 -0.0999659 0.00260262 
qwerty 101 38 0 2.64626 -1.25 -3.59014 4.94566 0.0282565 -0.0340745 0.0896688 
qwerty 101 38 0 2.64626 -1.24075 -3.60129 4.975 0.0282565 -0.0340745 0.0896688 
qwerty 101 38 0 2.64626 -1.11744 -3.75 5.36633 0.0282565 -0.0340745 0.0896688 
qwerty 101 38 0 2.64626 -1.02805 -3.8578 5.65 0.0282565 -0.0340745 0.0896688 
qwerty 101 38 0 2.64626 -0.81534 -4.1143 6.325 0.0282565 -0.0340745 0.0896688 
qwerty 101 38 0 2.64626 -0.602633 -4.3708 7 0.0282565 -0.0340745 0.0896688 
qwerty 101 38 0 2.64626 -0.389926 -4.62731 7.675 0.0282565 -0.0340745 0.0896688 
qwerty 101 38 0 2.64626 -0.177219 -4.88381 8.35 0.0282565 -0.0340745 0.0896688 
qwerty 101 38 0 2.64626 0.0354873 -5.14031 9.025 0.0282565 -0.0340745 0.0896688 
qwerty 99 38 0 0.658045 -1.43711 -3.58544 4.975 -0.00114773 -0.0357789 0.0933732 
qwerty 99 38 0 0.658045 -1.44239 -3.75 5.40447 -0.00114773 -0.0357789 0.0933732 
qwerty 99 38 0 0.658045 -1.44541 -3.84408 5.65 -0.00114773 -0.0357789 0.0933732 
qwerty 99 38 0 0.421333 -1.45139 -4.03058 6.13671 0.0446487 -0.0848492 0.0284095 
qwerty 99 38 0 0.421333 -1.25 -4.41329 6.26485 0.0446487 -0.0848492 0.0284095 
qwerty 99 38 0 0.421333 -1.15546 -4.59295 6.325 0.0446487 -0.0848492 0.0284095 
qwerty 105 99 0.236712 0 -1.46347 -4.02305 6.16725 -0.0358473 0.0223608 0.0906365 
qwerty 98 38 0 0.100979 -1.43269 -3.33287 4.3 -0.0368855 -0.0284821 0.0884773 
qwerty 96 38 0 0.356455 -1.65985 -3.57462 4.3 -0.054517 -0.0565223 0.0619122 
qwerty 95 38 0 0.554763 -1.90055 -3.75 4.2868 -0.0645269 -0.0602345 0.0469902 
qwerty 95 38 0 0.554763 -1.91868 -3.76693 4.3 -0.0645269 -0.0602345 0.0469902 
qwerty 95 38 0 0.554763 -2.84559 -4.63218 4.975 -0.0645269 -0.0602345 0.0469902 
qwerty 94 38 0 8.2696 -1.21486 -3.44632 3.625 -0.00268622 -0.0684196 0.0728803 
qwerty 94 38 0 8.2696 -1.22679 -3.75 3.94848 -0.00268622 -0.0684196 0.0728803 
qwerty 94 38 0 8.2696 -1.23974 -4.08 4.3 -0.00268622 -0.0684196 0.0728803 
qwerty 94 38 0 8.2696 -1.25 -4.34123 4.57826 -0.00268622 -0.0684196 0.0728803 
qwerty 94 38 0 8.2696 -1.26462 -4.71369 4.975 -0.00268622 -0.0684196 0.0728803 
qwerty 94 38 0 8.2696 -1.2895 -5.34737 5.65 -0.00268622 -0.0684196 0.0728803 
qwerty 93 38 0 0.25715 -1.25 -3.16612 3.30488 -0.0163372 -0.072121 0.0673176 
qwerty 93 38 0 0.25715 -1.32769 -3.50908 3.625 -0.0163372 -0.072121 0.0673176 
qwerty 93 38 0 0.142855 -1.38064 -3.74284 3.84318 0.0619046 0.0777972 0.0107433 
qwerty 93 38 0 0.103817 0.407438 -1.49571 4.1535 -0.0453717 -0.0202323 0.0867875 
qwerty 93 38 0 0.103817 0.330847 -1.52987 4.3 -0.0453717 -0.0202323 0.0867875 
qwerty 120 93 0.0390372 0 0.408471 -1.49471 4.15293 0.066597 0.0649285 -0.0367304 
qwerty 119 93 0.0147077 0.0995879 -1.3816 -3.74557 3.84652 -0.0474232 -0.0472326 0.0742975 
qwerty 119 93 0.0101014 0.0894865 -1.3822 -3.74745 3.84846 -0.0566108 -0.0539095 0.0623617 
qwerty 119 93 0.00886369 0.0806228 -1.38303 -3.7487 3.84917 -0.0550456 -0.0702649 0.0450869 
qwerty 119 93 0.0024746 0.0781482 -1.38352 -3.74929 3.84984 -0.0381138 -0.0649173 0.0658262 
qwerty 119 93 0.00303562 0.0751126 -1.38396 -3.74986 3.85033 -0.0341129 -0.084016 0.0421618 
qwerty 119 93 0.000223512 0.074889 -1.38401 -3.75 3.85039 -0.0465895 -0.071815 0.0516917 
qwerty 119 93 0.00323141 0.0716576 -1.3843 -3.75037 3.85059 -0.0532946 -0.0794258 0.0291759 
qwerty 119 93 0.00141323 0.0702444 -1.38452 -3.75077 3.85068 -0.0662165 -0.0742481 0.0101289 
qwerty 119 93 0.00103669 0.0692077 -1.38482 -3.75107 3.8508 -0.0746328 -0.0657369 0.0104213 
qwerty 119 93 0.000974569 0.0682331 -1.38532 -3.7515 3.85072 -0.0799683 -0.059955 -0.00323491 
qwerty 119 93 0.00350707 0.0647261 -1.38607 -3.75202 3.85051 -0.0783019 -0.0618604 0.00648916 
qwerty 119 93 0.0128365 0.0518896 -1.38712 -3.75259 3.85084 -0.0715691 -0.0678587 0.0165248 
qwerty 119 93 0.00687896 0.0450106 -1.38808 -3.75336 3.85085 -0.0505057 -0.0777408 0.0374905 
qwerty 119 93 0.0199885 0.0250222 -1.38912 -3.75393 3.85268 -0.0532885 0.0842764 -0.00760481 
qwerty 119 93 0.0250222 0 -1.38949 -3.75334 3.85263 -0.0532885 0.0842764 -0.00760481 
qwerty 91 38 0 12.1602 -1.25 -3.21587 3.33382 -0.0169983 -0.0737741 0.0653333 
qwerty 91 38 0 12.1602 -1.32576 -3.54467 3.625 -0.0169983 -0.0737741 0.0653333 
qwerty 91 38 0 12.1602 -1.37307 -3.75 3.80684 -0.0169983 -0.0737741 0.0653333 
qwerty 91 38 0 12.1602 -1.50138 -4.30687 4.3 -0.0169983 -0.0737741 0.0653333 
qwerty 91 38 0 12.1602 -1.677 -5.06908 4.975 -0.0169983 -0.0737741 0.0653333 
qwerty 91 38 0 12.1602 -1.85262 -5.83129 5.65 -0.0169983 -0.0737741 0.0653333 
qwerty 91 38 0 12.1602 -2.02824 -6.59349 6.325 -0.0169983 -0.0737741 0.0653333 
qwerty 91 38 0 12.1602 -2.20386 -7.3557 7 -0.0169983 -0.0737741 0.0653333 
qwerty 91 38 0 12.1602 -2.37948 -8.11791 7.675 -0.0169983 -0.0737741 0.0653333 
qwerty 91 38 0 12.1602 -2.52512 -8.75 8.23477 -0.0169983 -0.0737741 0.0653333 
qwerty 91 38 0 12.1602 -2.5551 -8.88011 8.35 -0.0169983 -0.0737741 0.0653333 
qwerty 91 38 0 12.1602 -2.73072 -9.64232 9.025 -0.0169983 -0.0737741 0.0653333 
qwerty 91 38 0 12.1602 -2.90634 -10.4045 9.7 -0.0169983 -0.0737741 0.0653333 
qwerty 91 38 0 12.1602 -3.08196 -11.1667 10.375 -0.0169983 -0.0737741 0.0653333 
qwerty 86 5 0 0.510999 1.07892 2.62368 8.35 -0.000675902 0.0787986 0.0615656 
qwerty 86 5 0 0.510999 1.07151 3.48762 9.025 -0.000675902 0.0787986 0.0615656 
qwerty 86 5 0 0.510999 1.06926 3.75 9.23 -0.000675902 0.0787986 0.0615656 
qwerty 86 5 0 0.510999 1.0641 4.35156 9.7 -0.000675902 0.0787986 0.0615656 
qwerty 86 5 0 0.319913 1.25 4.56594 9.89231 0.0907669 0.0263803 0.0326414 
qwerty 86 5 0 0.319913 2.59222 4.95604 10.375 0.0907669 0.0263803 0.0326414 
qwerty 84 5 0 0.142028 0.384062 2.11481 8.35 -0.0802131 0.0155765 0.0576475 
qwerty 83 5 0 1.16971 0.799673 1.31108 8.35 -0.0328207 -0.0751028 0.057292 
qwerty 83 5 0 1.16971 0.412988 0.426236 9.025 -0.0328207 -0.0751028 0.057292 
qwerty 83 5 0 1.16971 0.0263025 -0.458607 9.7 -0.0328207 -0.0751028 0.057292 
qwerty 83 5 0 1.16971 -0.360383 -1.34345 10.375 -0.0328207 -0.0751028 0.057292 
qwerty 83 5 0 1.16971 -0.747068 -2.22829 11.05 -0.0328207 -0.0751028 0.057292 
qwerty 83 5 0 1.16971 -1.13375 -3.11313 11.725 -0.0328207 -0.0751028 0.057292 
qwerty 82 5 0 11.9513 1.01961 2.15885 8.35 0.00514789 0.0381142 0.0923082 
qwerty 82 5 0 11.9513 1.05725 2.43756 9.025 0.00514789 0.0381142 0.0923082 
qwerty 82 5 0 11.9513 1.0949 2.71626 9.7 0.00514789 0.0381142 0.0923082 
qwerty 82 5 0 11.9513 1.13254 2.99497 10.375 0.00514789 0.0381142 0.0923082 
qwerty 82 5 0 11.9513 1.17019 3.27368 11.05 0.00514789 0.0381142 0.0923082 
qwerty 135 82 0.906711 5.84181 1.19954 3.47412 11.725 0.00667328 0.0996126 0.00572652 
qwerty 135 82 0.0594106 4.26882 1.25 3.60205 11.7004 0.0720026 0.0497873 -0.0483409 
qwerty 135 82 0.970392 3.29842 1.60779 3.95829 11.3657 0.0316703 0.0575501 -0.0753988 
qwerty 135 82 0.310672 2.98775 1.66689 4.06569 11.225 0.0383118 0.0490592 -0.0782649 
qwerty 135 82 0.6671 1.44949 1.80964 4.3758 11.3611 0.0194527 0.097507 0.0106762 
qwerty 135 82 0.482642 0.966846 1.7827 4.62754 11.483 -0.0956926 -0.0159219 -0.0242781 
qwerty 135 82 0.510286 0.456561 1.62054 4.66161 11.3332 -0.0469112 -0.0382191 -0.0796156 
qwerty 135 82 0.304021 0.152539 1.6067 4.6225 11.2467 0.087831 0.0256932 -0.0403183 
qwerty 135 82 0.152539 0 1.62117 4.62673 11.24 0.087831 0.0256932 -0.0403183 
qwerty 79 5 0 9.87047 1.19059 1.77166 7.675 0.0418015 0.0132088 0.0898786 
qwerty 79 5 0 9.87047 1.50452 1.87086 8.35 0.0418015 0.0132088 0.0898786 
qwerty 79 5 0 9.87047 1.81846 1.97006 9.025 0.0418015 0.0132088 0.0898786 
qwerty 79 5 0 9.87047 2.13239 2.06926 9.7 0.0418015 0.0132088 0.0898786 
qwerty 79 5 0 9.87047 2.44633 2.16846 10.375 0.0418015 0.0132088 0.0898786 
qwerty 79 5 0 9.87047 2.76026 2.26766 11.05 0.0418015 0.0132088 0.0898786 
qwerty 79 5 0 9.87047 3.0742 2.36686 11.725 0.0418015 0.0132088 0.0898786 
qwerty 79 5 0 9.87047 3.38813 2.46606 12.4 0.0418015 0.0132088 0.0898786 
qwerty 79 5 0 9.87047 3.70207 2.56526 13.075 0.0418015 0.0132088 0.0898786 
qwerty 79 5 0 9.87047 4.016 2.66446 13.75 0.0418015 0.0132088 0.0898786 
qwerty 79 5 0 9.87047 4.32994 2.76366 14.425 0.0418015 0.0132088 0.0898786 
qwerty 79 5 0 9.87047 4.64387 2.86286 15.1 0.0418015 0.0132088 0.0898786 
qwerty 78 5 0.00029101 0 0.822217 1.65153 6.77485 0.0288051 0.00900226 0.0953374 
qwerty 140 78 0.00392726 0 0.822213 1.65155 6.77483 -0.0172973 0.0686551 -0.0706207 
qwerty 76 5 0 0.152987 0.744918 1.62339 7 0.00127337 0.00321062 0.0999403 
qwerty 75 5 0 1.81415 0.905711 1.74903 7 0.0305999 0.025892 0.0916147 
qwerty 75 5 0 1.81415 1.13116 1.9398 7.675 0.0305999 0.025892 0.0916147 
qwerty 75 5 0 1.81415 1.35662 2.13057 8.35 0.0305999 0.025892 0.0916147 
qwerty 75 5 0 1.81415 1.58207 2.32134 9.025 0.0305999 0.025892 0.0916147 
qwerty 75 5 0 1.81415 1.80753 2.5121 9.7 0.0305999 0.025892 0.0916147 
qwerty 75 5 0 1.81415 2.03298 2.70287 10.375 0.0305999 0.025892 0.0916147 
qwerty 75 5 0 1.81415 2.25844 2.89364 11.05 0.0305999 0.025892 0.0916147 
qwerty 75 5 0 1.81415 2.48389 3.0844 11.725 0.0305999 0.025892 0.0916147 
qwerty 75 5 0 1.81415 2.70934 3.27517 12.4 0.0305999 0.025892 0.0916147 
qwerty 75 5 0 1.81415 2.9348 3.46594 13.075 0.0305999 0.025892 0.0916147 
qwerty 75 5 0 1.81415 3.16025 3.6567 13.75 0.0305999 0.025892 0.0916147 
qwerty 75 5 0 1.41577 3.21992 3.68679 14.425 0.00281489 -0.00137915 0.0999509 
qwerty 75 5 0 0.943539 3.23338 3.6802 14.903 -0.0512463 -0.0215539 0.0831218 
qwerty 75 5 0 0.943539 3.11191 3.62911 15.1 -0.0512463 -0.0215539 0.0831218 
qwerty 75 5 0 0.943539 2.69575 3.45408 15.775 -0.0512463 -0.0215539 0.0831218 
qwerty 75 5 0 0.943539 2.2796 3.27904 16.45 -0.0512463 -0.0215539 0.0831218 
qwerty 144 75 0.0612619 0.639254 2.16715 3.24159 16.6551 -0.0258854 -0.0121946 0.0958188 
qwerty 144 75 0.0483192 0.590935 2.16543 3.24209 16.6816 -0.0347991 0.0482556 0.0803768 
qwerty 144 75 0.0676638 0.523271 2.1573 3.25062 16.7104 -0.0357577 0.0544604 0.0758647 
qwerty 144 75 0.0822667 0.441004 2.15593 3.27949 16.7442 -0.00519167 0.090866 0.0414297 
qwerty 144 75 0.154444 0.28656 2.11288 3.34169 16.7582 -0.0632038 0.0543043 0.0552839 
qwerty 144 75 0.28656 0 2.0841 3.36642 16.7834 -0.0632038 0.0543043 0.0552839 
qwerty 143 75 0.0966022 0.375627 3.24833 3.68218 14.9438 0.0549722 0.0540028 0.063732 
qwerty 143 75 0.109782 0.265844 3.27872 3.70609 14.9537 0.0922547 0.0259669 0.0285446 
qwerty 143 75 0.0569257 0.208919 3.30018 3.71514 14.9533 0.0645702 0.041268 0.0642467 
qwerty 143 75 0.0699285 0.13899 3.30793 3.72691 14.9656 -0.00790575 0.0930432 0.0357835 
qwerty 143 75 0.072137 0.0668532 3.30405 3.73548 14.9732 -0.0879411 0.0235028 0.0414003 
qwerty 143 75 0.0668532 0 3.30052 3.73642 14.9749 -0.0879411 0.0235028 0.0414003 
qwerty 74 5 0 4.18145 0.922913 1.70383 7 0.0339045 0.0180304 0.092333 
qwerty 74 5 0 4.18145 1.17077 1.83564 7.675 0.0339045 0.0180304 0.092333 
qwerty 74 5 0 4.18145 1.41863 1.96745 8.35 0.0339045 0.0180304 0.092333 
qwerty 74 5 0 4.18145 1.66649 2.09926 9.025 0.0339045 0.0180304 0.092333 
qwerty 74 5 0 4.18145 1.91435 2.23107 9.7 0.0339045 0.0180304 0.092333 
qwerty 74 5 0 4.18145 2.16221 2.36289 10.375 0.0339045 0.0180304 0.092333 
qwerty 74 5 0 4.18145 2.41007 2.4947 11.05 0.0339045 0.0180304 0.092333 
qwerty 74 5 0 4.18145 2.65792 2.62651 11.725 0.0339045 0.0180304 0.092333 
qwerty 74 5 0 4.18145 2.90578 2.75832 12.4 0.0339045 0.0180304 0.092333 
qwerty 74 5 0 0.634138 2.38583 4.3079 13.075 -0.0343544 0.0891707 0.0294681 
qwerty 74 5 0 0.634138 1.63761 6.25 13.7168 -0.0343544 0.0891707 0.0294681 
qwerty 74 5 0 0.634138 1.59891 6.35045 13.75 -0.0343544 0.0891707 0.0294681 
qwerty 74 5 0 0.634138 1.25 7.25608 14.0493 -0.0343544 0.0891707 0.0294681 
qwerty 74 5 0 0.634138 0.811987 8.393 14.425 -0.0343544 0.0891707 0.0294681 
qwerty 74 5 0 0.634138 0.0250626 10.4355 15.1 -0.0343544 0.0891707 0.0294681 
qwerty 74 5 0 0.633355 -0.91358 12.6271 15.775 -0.0380721 0.0884031 0.0271182 
qwerty 145 74 0.904042 2.63515 3.22729 2.84219 13.0148 0.0317105 0.0436136 0.0842158 
qwerty 145 74 0.107059 2.52809 3.24996 2.87337 13.075 0.0243727 0.050948 0.0825244 
qwerty 145 74 0.685837 1.45289 3.36255 3.21155 12.9924 0.0891424 0.0418016 -0.0175003 
qwerty 145 74 0.472694 0.980193 3.58582 3.37133 13.0616 0.051559 0.0856004 0.00377382 
qwerty 145 74 0.359965 0.620228 3.67936 3.53466 13.0641 0.0147371 -0.034743 -0.0926053 
qwerty 145 74 0.365502 0.254726 3.6491 3.50127 12.935 -0.0195774 -0.0193395 -0.096139 
qwerty 145 74 0.254726 0 3.64169 3.49395 12.8986 -0.0195774 -0.0193395 -0.096139 
qwerty 149 72 0.812183 53.9327 0.869672 1.79682 7 0.0225806 0.0341238 0.0912452 
qwerty 149 72 1.03661 33.9352 0.947012 2.08262 7.675 -0.00116581 0.0382735 0.0923785 
qwerty 149 72 1.38668 29.398 1.23564 2.47451 8.35 0.0486251 0.0484078 0.0727481 
qwerty 149 72 1.43062 14.4723 1.93787 2.96178 9.025 0.0635567 0.0613945 0.046811 
qwerty 149 72 0.47798 6.26903 2.35123 2.90859 9.36719 0.0571276 -0.0718994 0.0395842 
qwerty 149 72 1.28758 4.98145 2.82803 2.31199 9.69891 0.0523244 -0.0792274 0.0313876 
qwerty 149 72 0.0037761 4.97768 2.82984 2.30925 9.7 0.0505359 -0.079597 0.0333232 
qwerty 149 72 0.11933 0.805653 2.82336 2.32722 9.64035 0.00403357 0.0593686 -0.0803685 
qwerty 149 72 0.143638 0.662014 2.82417 2.38311 9.60127 0.0889367 0.017299 0.0423203 
qwerty 149 72 0.103952 0.558062 2.87685 2.38305 9.63868 0.0861288 -0.0303502 0.0407515 
qwerty 149 72 0.107981 0.450081 2.92017 2.33755 9.66229 0.0750483 -0.0496558 0.0436127 
qwerty 149 72 0.184469 0.265613 2.96292 2.29777 9.68497 0.0616196 -0.056536 0.0548334 
qwerty 149 72 0.151397 0.114216 2.97981 2.28227 9.7 0.0158552 -0.0409385 0.0898479 
qwerty 156 149 0 2.66164 1.33538 2.5776 8.525 0.045113 0.0567832 -0.0688512 
qwerty 168 156 0 1.52899 0.975215 2.16298 7.85 -0.0426884 -0.0499459 -0.0753864 
qwerty 168 156 0 1.52899 0.592988 1.71577 7.175 -0.0426884 -0.0499459 -0.0753864 
qwerty 168 156 0 1.52899 0.210761 1.26856 6.5 -0.0426884 -0.0499459 -0.0753864 
qwerty 168 156 0 1.52899 -0.171465 0.821351 5.825 -0.0426884 -0.0499459 -0.0753864 
qwerty 168 156 0 1.52899 -0.553692 0.374142 5.15 -0.0426884 -0.0499459 -0.0753864 
qwerty 168 156 0 1.52899 -0.935918 -0.0730673 4.475 -0.0426884 -0.0499459 -0.0753864 
qwerty 168 156 0 1.52899 -1.31814 -0.520276 3.8 -0.0426884 -0.0499459 -0.0753864 
qwerty 168 156 0 1.46104 -1.59175 -0.840403 3.31681 -0.0419926 -0.0638195 -0.0645267 
qwerty 168 156 0 1.46104 -1.71658 -1.03011 3.125 -0.0419926 -0.0638195 -0.0645267 
qwerty 169 168 0.0679564 0 -1.59235 -0.837842 3.31363 -0.0143943 0.0620073 -0.0771226 
qwerty 165 149 0 2.46424 3.25745 1.88347 10.375 0.04698 -0.0466783 0.0749267 
qwerty 165 149 0 2.46424 3.68069 1.46296 11.05 0.04698 -0.0466783 0.0749267 
qwerty 165 149 0 2.46424 4.10392 1.04244 11.725 0.04698 -0.0466783 0.0749267 
qwerty 165 149 0 2.46424 4.52715 0.621925 12.4 0.04698 -0.0466783 0.0749267 
qwerty 165 149 0 2.46424 4.95039 0.201409 13.075 0.04698 -0.0466783 0.0749267 
qwerty 165 149 0 2.46424 5.37362 -0.219107 13.75 0.04698 -0.0466783 0.0749267 
qwerty 165 149 0 2.46424 5.79686 -0.639622 14.425 0.04698 -0.0466783 0.0749267 
qwerty 165 149 0 2.46424 6.22009 -1.06014 15.1 0.04698 -0.0466783 0.0749267 
qwerty 165 149 0 2.46424 6.64332 -1.48065 15.775 0.04698 -0.0466783 0.0749267 
qwerty 165 149 0 2.46424 7.06656 -1.90117 16.45 0.04698 -0.0466783 0.0749267 
qwerty 165 149 0 0.521114 7.27067 -2.10397 16.7755 -0.0739426 -0.0196348 0.064397 
qwerty 165 149 0 0.521114 6.86939 -2.21052 17.125 -0.0739426 -0.0196348 0.064397 
qwerty 176 165 0.624177 1.31895 7.41365 -2.26154 17.0226 0.0802459 -0.0307301 0.0511493 
qwerty 176 165 0.397321 0.921632 7.57426 -2.32304 17.125 0.0414696 0.0199251 0.0887877 
qwerty 163 149 0 0.0257891 2.7812 2.38228 9.7 0.0568205 -0.0695499 0.0439799 
qwerty 162 149 0 0.120223 2.80678 2.55637 9.7 0.0637406 -0.0578782 0.0508651 
qwerty 160 149 0 1.01844 2.3421 3.07978 9.28027 0.0608354 -0.0624975 0.0489195 
qwerty 160 149 0 1.01844 2.86407 2.54355 9.7 0.0608354 -0.0624975 0.0489195 
qwerty 160 149 0 1.01844 3.70349 1.6812 10.375 0.0608354 -0.0624975 0.0489195 
qwerty 160 149 0 1.01844 4.12322 1.25 10.7125 0.0608354 -0.0624975 0.0489195 
qwerty 160 149 0 1.01844 4.5429 0.818848 11.05 0.0608354 -0.0624975 0.0489195 
qwerty 160 149 0 1.01844 5.38232 -0.0435038 11.725 0.0608354 -0.0624975 0.0489195 
qwerty 160 149 0 1.01844 6.22174 -0.905855 12.4 0.0608354 -0.0624975 0.0489195 
qwerty 160 149 0 1.01844 7.06116 -1.76821 13.075 0.0608354 -0.0624975 0.0489195 
qwerty 160 149 0 1.01844 7.90058 -2.63056 13.75 0.0608354 -0.0624975 0.0489195 
qwerty 160 149 0 1.01844 8.73999 -3.49291 14.425 0.0608354 -0.0624975 0.0489195 
qwerty 188 160 0.226594 0 2.36899 3.09603 9.28125 0.0855288 0.0517222 0.00310545 
qwerty 159 149 0 0.804931 3.02587 3.75 9.50163 0.0807981 0.0500717 0.0310562 
qwerty 159 149 0 0.804931 3.54197 4.06983 9.7 0.0807981 0.0500717 0.0310562 
qwerty 159 149 0 0.333506 6.93082 4.99325 9.2 0.09479 0.0257596 -0.0187427 
qwerty 158 149 0 0.766494 1.41331 2.56241 9.025 0.0167913 -0.00299582 0.0985347 
qwerty 158 149 0 0.766494 1.52833 2.54188 9.7 0.0167913 -0.00299582 0.0985347 
qwerty 158 149 0 0.766494 1.64336 2.52136 10.375 0.0167913 -0.00299582 0.0985347 
qwerty 158 149 0 0.766494 1.75839 2.50084 11.05 0.0167913 -0.00299582 0.0985347 
qwerty 158 149 0 0.766494 1.87341 2.48032 11.725 0.0167913 -0.00299582 0.0985347 
qwerty 158 149 0 0.766494 1.98844 2.45979 12.4 0.0167913 -0.00299582 0.0985347 
qwerty 158 149 0 0.766494 2.10347 2.43927 13.075 0.0167913 -0.00299582 0.0985347 
qwerty 158 149 0 0.766494 2.21849 2.41875 13.75 0.0167913 -0.00299582 0.0985347 
qwerty 158 149 0 0.766494 2.33352 2.39823 14.425 0.0167913 -0.00299582 0.0985347 
qwerty 158 149 0 0.680726 2.27083 2.173 15.1 -0.0104284 -0.0332604 0.0937283 
qwerty 158 149 0 0.680726 2.19573 1.93347 15.775 -0.0104284 -0.0332604 0.0937283 
qwerty 158 149 0 0.680726 2.12063 1.69394 16.45 -0.0104284 -0.0332604 0.0937283 
qwerty 158 149 0 0.680726 2.04553 1.45441 17.125 -0.0104284 -0.0332604 0.0937283 
qwerty 158 149 0 0.680726 1.98144 1.25 17.701 -0.0104284 -0.0332604 0.0937283 
qwerty 158 149 0 0.680726 1.97043 1.21488 17.8 -0.0104284 -0.0332604 0.0937283 
qwerty 158 149 0 0.680726 1.89533 0.975348 18.475 -0.0104284 -0.0332604 0.0937283 
qwerty 158 149 0 0.680726 1.82022 0.735818 19.15 -0.0104284 -0.0332604 0.0937283 
qwerty 158 149 0 0.680726 1.74512 0.496288 19.825 -0.0104284 -0.0332604 0.0937283 
qwerty 158 149 0 0.680726 1.67002 0.256758 20.5 -0.0104284 -0.0332604 0.0937283 
qwerty 158 149 0 0.680726 1.59492 0.0172282 21.175 -0.0104284 -0.0332604 0.0937283 
qwerty 158 149 0 0.680726 1.51982 -0.222302 21.85 -0.0104284 -0.0332604 0.0937283 
qwerty 157 149 0 0.156976 1.74272 2.82966 9.025 0.0589808 0.0358629 0.0723541 
qwerty 155 149 0 2.90864 1.61714 2.89615 9.025 0.0436885 0.0467341 0.0768585 
qwerty 155 149 0 2.90864 2.00083 3.30659 9.7 0.0436885 0.0467341 0.0768585 
qwerty 155 149 0 2.90864 2.38451 3.71702 10.375 0.0436885 0.0467341 0.0768585 
qwerty 155 149 0 2.90864 2.7682 4.12746 11.05 0.0436885 0.0467341 0.0768585 
qwerty 155 149 0 2.90864 3.15189 4.53789 11.725 0.0436885 0.0467341 0.0768585 
qwerty 155 149 0 2.90864 3.53558 4.94833 12.4 0.0436885 0.0467341 0.0768585 
qwerty 155 149 0 2.90864 3.75 5.1777 12.7772 0.0436885 0.0467341 0.0768585 
qwerty 155 149 0 2.90864 3.91927 5.35877 13.075 0.0436885 0.0467341 0.0768585 
qwerty 155 149 0 2.90864 4.30296 5.7692 13.75 0.0436885 0.0467341 0.0768585 
qwerty 155 149 0 2.90864 4.68665 6.17964 14.425 0.0436885 0.0467341 0.0768585 
qwerty 155 149 0 2.90864 5.07033 6.59007 15.1 0.0436885 0.0467341 0.0768585 
qwerty 155 149 0 2.90864 5.45402 7.00051 15.775 0.0436885 0.0467341 0.0768585 
qwerty 155 149 0 2.90864 5.83771 7.41095 16.45 0.0436885 0.0467341 0.0768585 
qwerty 155 149 0 2.90864 6.2214 7.82138 17.125 0.0436885 0.0467341 0.0768585 
qwerty 155 149 0 2.90864 6.60509 8.23182 17.8 0.0436885 0.0467341 0.0768585 
qwerty 155 149 0 1.89447 6.92338 8.5723 18.3599 0.0460102 0.00506003 0.0886423 
qwerty 155 149 0 1.89447 6.9831 8.57886 18.475 0.0460102 0.00506003 0.0886423 
qwerty 155 149 0 1.89447 7.33346 8.6174 19.15 0.0460102 0.00506003 0.0886423 
qwerty 155 149 0 1.89447 7.68382 8.65593 19.825 0.0460102 0.00506003 0.0886423 
qwerty 155 149 0 1.89447 8.03418 8.69446 20.5 0.0460102 0.00506003 0.0886423 
qwerty 155 149 0 1.89447 8.38454 8.73299 21.175 0.0460102 0.00506003 0.0886423 
qwerty 155 149 0 1.89447 8.53921 8.75 21.473 0.0460102 0.00506003 0.0886423 
qwerty 155 149 0 1.89447 8.73491 8.77152 21.85 0.0460102 0.00506003 0.0886423 
qwerty 155 149 0 1.89447 9.08527 8.81005 22.525 0.0460102 0.00506003 0.0886423 
qwerty 155 149 0 1.89447 9.43563 8.84858 23.2 0.0460102 0.00506003 0.0886423 
qwerty 155 149 0 1.89447 9.78599 8.88712 23.875 0.0460102 0.00506003 0.0886423 
qwerty 155 149 0 1.89447 10.1364 8.92565 24.55 0.0460102 0.00506003 0.0886423 
qwerty 155 149 0 1.89447 10.4867 8.96418 25.225 0.0460102 0.00506003 0.0886423 
qwerty 155 149 0 1.89447 10.8371 9.00271 25.9 0.0460102 0.00506003 0.0886423 
qwerty 155 149 0 1.89447 11.1874 9.04124 26.575 0.0460102 0.00506003 0.0886423 
qwerty 155 149 0 1.89447 11.5378 9.07977 27.25 0.0460102 0.00506003 0.0886423 
qwerty 155 149 0 1.89447 11.8882 9.11831 27.925 0.0460102 0.00506003 0.0886423 
qwerty 155 149 0 1.89447 12.2385 9.15684 28.6 0.0460102 0.00506003 0.0886423 
qwerty 155 149 0 1.89447 12.5889 9.19537 29.275 0.0460102 0.00506003 0.0886423 
qwerty 155 149 0 1.45755 12.821 9.2209 29.7223 0.0411751 0.0439917 0.0798082 
qwerty 155 149 0 1.45755 12.9385 9.34643 29.95 0.0411751 0.0439917 0.0798082 
qwerty 155 149 0 1.45755 13.2868 9.7185 30.625 0.0411751 0.0439917 0.0798082 
qwerty 155 149 0 0.956575 13.491 9.93674 31.0209 0.063191 0.0712966 0.0303922 
qwerty 155 149 0 0.956575 14.0713 10.5914 31.3 0.063191 0.0712966 0.0303922 
qwerty 155 149 0 0.513989 14.542 10.9008 31.4867 0.0648477 0.053965 -0.0536894 
qwerty 155 149 0 0.513989 14.5562 10.9126 31.475 0.0648477 0.053965 -0.0536894 
qwerty 201 155 0.0160775 0.316043 14.5481 10.901 31.4922 0.0707366 -0.00602115 0.0704278 
qwerty 201 155 0.0184474 0.297596 14.5544 10.8998 31.4978 0.0802252 0.00163132 0.0596763 
qwerty 201 155 0.0564866 0.241109 14.5651 10.8984 31.5025 0.0772137 0.0318929 0.0549627 
qwerty 201 155 0.0260107 0.215099 14.5775 10.8995 31.5074 0.0725438 0.0439741 0.0529498 
qwerty 201 155 0.0396501 0.175449 14.5905 10.9136 31.5105 -0.0841927 0.0472861 -0.0259926 
qwerty 201 155 0.0671279 0.108321 14.5753 10.9132 31.5065 -0.0865049 -0.00411867 -0.0499994 
qwerty 201 155 0.108321 0 14.5673 10.9128 31.5018 -0.0865049 -0.00411867 -0.0499994 
qwerty 199 155 0.29167 0.20931 13.4905 9.932 31.1221 0.0977945 -0.0204687 -0.00415437 
qwerty 199 155 0.20931 0 13.5176 9.92634 31.1209 0.0977945 -0.0204687 -0.00415437 
qwerty 198 155 0.315827 0.121089 12.85 9.16265 29.7774 -0.0121553 0.0394444 -0.0910845 
qwerty 198 155 0.121089 0 12.8487 9.16706 29.7672 -0.0121553 0.0394444 -0.0910845 
qwerty 197 155 0.141451 0.872721 6.96435 8.65523 18.3747 0.0957762 -0.00165767 0.0287083 
qwerty 197 155 0.126169 0.746552 7.04083 8.67792 18.3858 0.0974101 0.0123066 -0.0189688 
qwerty 197 155 0.295315 0.451237 7.1266 8.71568 18.3908 0.0959 0.0279122 0.00490851 
qwerty 197 155 0.196865 0.254372 7.18625 8.76006 18.3721 0.0934254 -0.0311855 -0.0172961 
qwerty 197 155 0.254372 0 7.22154 8.74828 18.3656 0.0934254 -0.0311855 -0.0172961 
qwerty 153 149 0 2.16812 1.71868 3.02792 9.025 0.0487458 0.0554031 0.0674859 
qwerty 153 149 0 2.16812 2.20624 3.58207 9.7 0.0487458 0.0554031 0.0674859 
qwerty 153 149 0 2.16812 2.6938 4.13621 10.375 0.0487458 0.0554031 0.0674859 
qwerty 153 149 0 2.16812 3.18136 4.69036 11.05 0.0487458 0.0554031 0.0674859 
qwerty 153 149 0 1.74058 3.74148 4.92257 11.725 0.0619626 0.0248327 0.0744578 
qwerty 153 149 0 1.61874 4.2026 5.27954 12.4 0.0500538 0.0421175 0.0756355 
qwerty 153 149 0 1.61874 4.6493 5.65541 13.075 0.0500538 0.0421175 0.0756355 
qwerty 153 149 0 1.61874 5.096 6.03129 13.75 0.0500538 0.0421175 0.0756355 
qwerty 153 149 0 0.354507 4.49374 5.59325 14.425 -0.0669729 -0.0495678 0.0552962 
qwerty 152 149 0 0.467818 0.954111 2.30893 8.35 0.00108009 0.0317591 0.0948166 
qwerty 152 149 0 0.467818 0.961801 2.53503 9.025 0.00108009 0.0317591 0.0948166 
qwerty 152 149 0 0.467818 0.96949 2.76112 9.7 0.00108009 0.0317591 0.0948166 
qwerty 152 149 0 0.467818 0.977179 2.98721 10.375 0.00108009 0.0317591 0.0948166 
qwerty 151 149 0 16.8182 1.06478 2.07436 7.675 0.0260278 0.0372741 0.0890685 
qwerty 151 149 0 16.8182 1.26203 2.35684 8.35 0.0260278 0.0372741 0.0890685 
qwerty 151 149 0 16.8182 1.45928 2.63932 9.025 0.0260278 0.0372741 0.0890685 
qwerty 151 149 0 16.8182 1.65653 2.9218 9.7 0.0260278 0.0372741 0.0890685 
qwerty 151 149 0 16.8182 1.85378 3.20428 10.375 0.0260278 0.0372741 0.0890685 
qwerty 218 215 0 0.275471 1.68899 3.46795 11.05 -0.046038 0.0291446 0.0838516 
qwerty 217 215 0 0.894282 5.47964 3.71099 11.05 0.0976513 0.0057445 0.0207658 
qwerty 217 215 0 0.894282 8.65383 3.89771 11.725 0.0976513 0.0057445 0.0207658 
qwerty 217 215 0 0.894282 11.828 4.08444 12.4 0.0976513 0.0057445 0.0207658 
qwerty 217 215 0 0.894282 13.75 4.1975 12.8087 0.0976513 0.0057445 0.0207658 
qwerty 217 215 0 0.894282 15.0022 4.27117 13.075 0.0976513 0.0057445 0.0207658 
qwerty 217 215 0 0.573256 16.9526 6.25 13.7363 0.0603555 0.0764969 0.022482 
qwerty 217 215 0 0.573256 16.9894 6.29665 13.75 0.0603555 0.0764969 0.022482 
qwerty 217 215 0 0.573256 18.75 8.52807 14.4058 0.0603555 0.0764969 0.022482 
qwerty 217 215 0 0.573256 18.8015 8.59339 14.425 0.0603555 0.0764969 0.022482 
qwerty 217 215 0 0.52061 20.2728 9.38172 15.1 0.0819297 0.0432285 0.0376672 
qwerty 71 5 0 0.351059 0.833116 1.74948 7 0.0203726 0.0266416 0.0942082 
qwerty 70 5 0 6.58139 0.820814 1.76616 7 0.0185628 0.0289915 0.0938878 
qwerty 70 5 0 6.58139 0.95427 1.97459 7.675 0.0185628 0.0289915 0.0938878 
qwerty 70 5 0 6.58139 1.08773 2.18303 8.35 0.0185628 0.0289915 0.0938878 
qwerty 70 5 0 6.58139 1.22118 2.39146 9.025 0.0185628 0.0289915 0.0938878 
qwerty 70 5 0 6.58139 1.35464 2.59989 9.7 0.0185628 0.0289915 0.0938878 
qwerty 70 5 0 6.58139 1.4881 2.80833 10.375 0.0185628 0.0289915 0.0938878 
qwerty 70 5 0 6.58139 1.62155 3.01676 11.05 0.0185628 0.0289915 0.0938878 
qwerty 70 5 0 6.58139 1.75501 3.22519 11.725 0.0185628 0.0289915 0.0938878 
qwerty 70 5 0 6.58139 1.88846 3.43362 12.4 0.0185628 0.0289915 0.0938878 
qwerty 70 5 0 6.58139 2.02192 3.64206 13.075 0.0185628 0.0289915 0.0938878 
qwerty 70 5 0 6.58139 2.09104 3.75 13.4246 0.0185628 0.0289915 0.0938878 
qwerty 70 5 0 6.58139 2.15538 3.85049 13.75 0.0185628 0.0289915 0.0938878 
qwerty 70 5 0 6.58139 2.28883 4.05892 14.425 0.0185628 0.0289915 0.0938878 
qwerty 70 5 0 6.58139 2.42229 4.26735 15.1 0.0185628 0.0289915 0.0938878 
qwerty 70 5 0 6.58139 2.55575 4.47579 15.775 0.0185628 0.0289915 0.0938878 
qwerty 70 5 0 6.58139 2.6892 4.68422 16.45 0.0185628 0.0289915 0.0938878 
qwerty 70 5 0 6.58139 2.82266 4.89265 17.125 0.0185628 0.0289915 0.0938878 
qwerty 70 5 0 6.58139 2.95612 5.10109 17.8 0.0185628 0.0289915 0.0938878 
qwerty 70 5 0 6.58139 3.08957 5.30952 18.475 0.0185628 0.0289915 0.0938878 
qwerty 70 5 0 6.58139 3.22303 5.51795 19.15 0.0185628 0.0289915 0.0938878 
qwerty 70 5 0 6.58139 3.35648 5.72638 19.825 0.0185628 0.0289915 0.0938878 
qwerty 70 5 0 6.58139 3.48994 5.93482 20.5 0.0185628 0.0289915 0.0938878 
qwerty 70 5 0 6.58139 3.6234 6.14325 21.175 0.0185628 0.0289915 0.0938878 
qwerty 70 5 0 6.58139 3.69175 6.25 21.5207 0.0185628 0.0289915 0.0938878 
qwerty 70 5 0 6.58139 3.75685 6.35168 21.85 0.0185628 0.0289915 0.0938878 
qwerty 70 5 0 6.58139 3.89031 6.56011 22.525 0.0185628 0.0289915 0.0938878 
qwerty 70 5 0 6.58139 4.02377 6.76855 23.2 0.0185628 0.0289915 0.0938878 
qwerty 70 5 0 6.58139 4.15722 6.97698 23.875 0.0185628 0.0289915 0.0938878 
qwerty 70 5 0 6.58139 4.29068 7.18541 24.55 0.0185628 0.0289915 0.0938878 
qwerty 70 5 0 6.58139 4.42414 7.39385 25.225 0.0185628 0.0289915 0.0938878 
qwerty 70 5 0 6.58139 4.55759 7.60228 25.9 0.0185628 0.0289915 0.0938878 
qwerty 70 5 0 6.58139 4.69105 7.81071 26.575 0.0185628 0.0289915 0.0938878 
qwerty 70 5 0 6.58139 4.8245 8.01914 27.25 0.0185628 0.0289915 0.0938878 
qwerty 69 5 0 4.26086 0.687542 1.55749 6.325 0.0196752 0.02879 0.0937231 
qwerty 69 5 0 4.26086 0.829244 1.76484 7 0.0196752 0.02879 0.0937231 
qwerty 69 5 0 4.26086 0.970946 1.97219 7.675 0.0196752 0.02879 0.0937231 
qwerty 69 5 0 4.26086 1.11265 2.17953 8.35 0.0196752 0.02879 0.0937231 
qwerty 69 5 0 4.26086 1.25 2.38052 9.00428 0.0196752 0.02879 0.0937231 
qwerty 69 5 0 4.26086 1.25435 2.38688 9.025 0.0196752 0.02879 0.0937231 
qwerty 69 5 0 4.26086 1.39605 2.59423 9.7 0.0196752 0.02879 0.0937231 
qwerty 69 5 0 4.26086 1.53776 2.80158 10.375 0.0196752 0.02879 0.0937231 
qwerty 69 5 0 4.26086 1.67946 3.00893 11.05 0.0196752 0.02879 0.0937231 
qwerty 69 5 0 4.26086 1.82116 3.21627 11.725 0.0196752 0.02879 0.0937231 
qwerty 69 5 0 4.26086 1.96286 3.42362 12.4 0.0196752 0.02879 0.0937231 
qwerty 69 5 0 4.26086 2.10456 3.63097 13.075 0.0196752 0.02879 0.0937231 
qwerty 69 5 0 4.26086 2.18591 3.75 13.4625 0.0196752 0.02879 0.0937231 
qwerty 69 5 0 4.26086 2.24627 3.83832 13.75 0.0196752 0.02879 0.0937231 
qwerty 68 5 0 0.775151 0.662599 1.54092 6.325 0.0148343 0.0258674 0.0954506 
qwerty 68 5 0 0.775151 0.767503 1.72385 7 0.0148343 0.0258674 0.0954506 
qwerty 68 5 0 0.775151 0.872407 1.90678 7.675 0.0148343 0.0258674 0.0954506 
qwerty 68 5 0 0.746788 0.875924 2.0165 8.35 -0.00333928 0.0133179 0.0990529 
qwerty 68 5 0 0.746788 0.853168 2.10726 9.025 -0.00333928 0.0133179 0.0990529 
qwerty 68 5 0 0.746788 0.830412 2.19801 9.7 -0.00333928 0.0133179 0.0990529 
qwerty 68 5 0 0.746788 0.807657 2.28877 10.375 -0.00333928 0.0133179 0.0990529 
qwerty 68 5 0 0.746788 0.784901 2.37952 11.05 -0.00333928 0.0133179 0.0990529 
qwerty 68 5 0 0.746788 0.762145 2.47028 11.725 -0.00333928 0.0133179 0.0990529 
qwerty 68 5 0 0.746788 0.73939 2.56103 12.4 -0.00333928 0.0133179 0.0990529 
qwerty 68 5 0 0.746788 0.716634 2.65179 13.075 -0.00333928 0.0133179 0.0990529 
qwerty 68 5 0 0.746788 0.693878 2.74254 13.75 -0.00333928 0.0133179 0.0990529 
qwerty 66 5 0 2.80151 0.498856 1.25 5.23723 0.0157406 0.0325129 0.0932477 
qwerty 66 5 0 2.80151 0.568533 1.39392 5.65 0.0157406 0.0325129 0.0932477 
qwerty 66 5 0 2.80151 0.682476 1.62927 6.325 0.0157406 0.0325129 0.0932477 
qwerty 66 5 0 2.80151 0.796419 1.86463 7 0.0157406 0.0325129 0.0932477 
qwerty 66 5 0 2.80151 0.910362 2.09998 7.675 0.0157406 0.0325129 0.0932477 
qwerty 66 5 0 2.80151 1.0243 2.33534 8.35 0.0157406 0.0325129 0.0932477 
qwerty 66 5 0 2.80151 1.13825 2.57069 9.025 0.0157406 0.0325129 0.0932477 
qwerty 66 5 0 2.80151 1.25219 2.80604 9.7 0.0157406 0.0325129 0.0932477 
qwerty 66 5 0 2.80151 1.36613 3.0414 10.375 0.0157406 0.0325129 0.0932477 
qwerty 66 5 0 2.80151 1.48008 3.27675 11.05 0.0157406 0.0325129 0.0932477 
qwerty 66 5 0 2.80151 1.59402 3.51211 11.725 0.0157406 0.0325129 0.0932477 
qwerty 66 5 0 0.275875 2.0246 3.34955 11.225 0.0627588 -0.0240913 -0.0740334 
qwerty 234 66 0.0240864 0.483512 1.55934 3.45717 11.7172 -0.0632188 0.0011579 -0.0774728 
qwerty 234 66 0.0314623 0.45205 1.55106 3.45543 11.7031 -0.0632549 0.00606411 -0.0772143 
qwerty 234 66 0.0378412 0.414209 1.54058 3.453 11.6896 -0.0696182 0.0152079 -0.0701572 
qwerty 234 66 0.0329925 0.381216 1.52496 3.45266 11.6783 -0.0700956 0.0319987 -0.0637392 
qwerty 234 66 0.0464239 0.334792 1.50468 3.46113 11.6698 -0.0795353 0.0521286 -0.0309314 
qwerty 234 66 0.0704402 0.264352 1.47375 3.46669 11.6609 -0.0686582 -0.0174744 -0.070574 
qwerty 234 66 0.180847 0.0835045 1.4397 3.4564 11.6507 -0.0966404 0.0240878 0.00896728 
qwerty 234 66 0.0835045 0 1.43398 3.45783 11.6512 -0.0966404 0.0240878 0.00896728 
qwerty 65 5 0 3.37306 0.495582 1.25 5.2429 0.0130907 0.0314817 0.0940082 
qwerty 65 5 0 3.37306 0.552271 1.38633 5.65 0.0130907 0.0314817 0.0940082 
qwerty 65 5 0 3.37306 0.646265 1.61238 6.325 0.0130907 0.0314817 0.0940082 
qwerty 65 5 0 3.37306 0.740259 1.83842 7 0.0130907 0.0314817 0.0940082 
qwerty 65 5 0 3.37306 0.834254 2.06447 7.675 0.0130907 0.0314817 0.0940082 
qwerty 65 5 0 3.37306 0.928248 2.29051 8.35 0.0130907 0.0314817 0.0940082 
qwerty 65 5 0 3.37306 1.02224 2.51656 9.025 0.0130907 0.0314817 0.0940082 
qwerty 65 5 0 3.37306 1.11624 2.7426 9.7 0.0130907 0.0314817 0.0940082 
qwerty 65 5 0 3.37306 1.21023 2.96865 10.375 0.0130907 0.0314817 0.0940082 
qwerty 65 5 0 0.341621 1.25 3.06579 10.3155 0.0289604 0.070829 -0.0643781 
qwerty 65 5 0 0.341621 1.44814 3.55039 9.875 0.0289604 0.070829 -0.0643781 
qwerty 65 5 0 0.341621 1.54309 3.75 9.6688 0.0345541 0.0589649 -0.0730011 
qwerty 65 5 0 0.341621 1.76499 4.12867 9.2 0.0345541 0.0589649 -0.0730011 
qwerty 61 5 0 3.26136 0.486049 1.25 5.2266 0.00888272 0.034568 0.0934139 
qwerty 61 5 0 3.26136 0.52631 1.40668 5.65 0.00888272 0.034568 0.0934139 
qwerty 61 5 0 3.26136 0.590496 1.65647 6.325 0.00888272 0.034568 0.0934139 
qwerty 61 5 0 3.26136 0.654682 1.90625 7 0.00888272 0.034568 0.0934139 
qwerty 61 5 0 3.26136 0.718868 2.15604 7.675 0.00888272 0.034568 0.0934139 
qwerty 61 5 0 3.26136 0.783053 2.40582 8.35 0.00888272 0.034568 0.0934139 
qwerty 61 5 0 3.26136 0.847239 2.65561 9.025 0.00888272 0.034568 0.0934139 
qwerty 61 5 0 0.427201 0.880661 2.78567 9.37648 -0.0971572 0.0233923 -0.00364335 
qwerty 61 5 0 0.427201 -3.12456 3.75 9.22629 -0.0971572 0.0233923 -0.00364335 
qwerty 61 5 0 0.427201 -3.82551 3.91877 9.2 -0.0971572 0.0233923 -0.00364335 
qwerty 247 61 0.620306 2.21386 0.95512 2.89422 9.7 -0.00228163 0.0837356 0.0546182 
qwerty 247 61 0.418443 1.01909 1.13626 2.81511 9.56384 0.073078 0.0140794 -0.0667935 
qwerty 247 61 0.00989407 0.708861 1.13885 2.81574 9.56169 0.0353093 0.0357823 -0.0864458 
qwerty 247 61 0.459129 0.249733 1.08993 2.87848 9.40147 -0.0760748 -0.0147333 0.0632104 
qwerty 247 61 0.249733 0 1.06202 2.87308 9.42467 -0.0760748 -0.0147333 0.0632104 
qwerty 250 247 0.30033 0 1.18599 2.80287 9.55834 0.0962444 -0.0262714 -0.00684341 
qwerty 59 5 0 26.7531 0.48996 1.25 5.26353 0.0091867 0.030008 0.094948 
qwerty 59 5 0 26.7531 0.527353 1.37214 5.65 0.0091867 0.030008 0.094948 
qwerty 59 5 0 26.7531 0.592663 1.58547 6.325 0.0091867 0.030008 0.094948 
qwerty 56 5 0 0.412424 0.448456 1.15194 4.975 0.00642204 0.0269596 0.096083 
qwerty 56 5 0 0.412424 0.471816 1.25 5.32449 0.00642204 0.0269596 0.096083 
qwerty 56 5 0 0.412424 0.493572 1.34133 5.65 0.00642204 0.0269596 0.096083 
qwerty 55 5 0 0.0389575 0.403338 0.962951 4.3 0.00714248 0.0246678 0.0966462 
qwerty 54 5 0 22.2878 0.405979 0.963662 4.3 0.00796719 0.0245227 0.0966186 
qwerty 54 5 0 22.2878 0.461639 1.13498 4.975 0.00796719 0.0245227 0.0966186 
qwerty 54 5 0 22.2878 0.499007 1.25 5.42816 0.00796719 0.0245227 0.0966186 
qwerty 54 5 0 22.2878 0.5173 1.3063 5.65 0.00796719 0.0245227 0.0966186 
qwerty 54 5 0 22.2878 0.572961 1.47763 6.325 0.00796719 0.0245227 0.0966186 
qwerty 54 5 0 22.2878 0.628621 1.64895 7 0.00796719 0.0245227 0.0966186 
qwerty 54 5 0 22.2878 0.684282 1.82027 7.675 0.00796719 0.0245227 0.0966186 
qwerty 53 5 0 0.871068 0.414259 0.947108 4.3 0.00938129 0.0213884 0.0972344 
qwerty 53 5 0 0.871068 0.479384 1.09559 4.975 0.00938129 0.0213884 0.0972344 
qwerty 53 5 0 0.479049 0.171 0.705929 5.65 -0.0432735 -0.0566701 0.0701135 
qwerty 53 5 0 0.479049 -0.245605 0.160353 6.325 -0.0432735 -0.0566701 0.0701135 
qwerty 53 5 0 0.479049 -0.66221 -0.385224 7 -0.0432735 -0.0566701 0.0701135 
qwerty 53 5 0 0.479049 -1.07881 -0.930801 7.675 -0.0432735 -0.0566701 0.0701135 
qwerty 53 5 0 0.479049 -1.32256 -1.25 8.06992 -0.0432735 -0.0566701 0.0701135 
qwerty 53 5 0 0.479049 -1.49542 -1.47638 8.35 -0.0432735 -0.0566701 0.0701135 
qwerty 52 5 0 1.32659 0.416134 0.932441 4.3 0.009669 0.0190924 0.0976831 
qwerty 52 5 0 1.32659 0.482947 1.06437 4.975 0.009669 0.0190924 0.0976831 
qwerty 52 5 0 1.32659 0.549761 1.1963 5.65 0.009669 0.0190924 0.0976831 
qwerty 52 5 0 1.32659 0.616575 1.32823 6.325 0.009669 0.0190924 0.0976831 
qwerty 51 5 0 2.34255 0.329579 0.804038 3.625 0.00689043 0.0180208 0.0981212 
qwerty 51 5 0 2.34255 0.37698 0.928008 4.3 0.00689043 0.0180208 0.0981212 
qwerty 51 5 0 2.34255 0.424381 1.05198 4.975 0.00689043 0.0180208 0.0981212 
qwerty 51 5 0 2.34255 0.471782 1.17595 5.65 0.00689043 0.0180208 0.0981212 
qwerty 51 5 0 2.34255 0.519183 1.29992 6.325 0.00689043 0.0180208 0.0981212 
qwerty 51 5 0 2.34255 0.566584 1.42389 7 0.00689043 0.0180208 0.0981212 
qwerty 51 5 0 2.06246 0.485002 1.50744 7.675 -0.0163343 0.0107354 0.0980711 
qwerty 51 5 0 2.06246 0.372577 1.58133 8.35 -0.0163343 0.0107354 0.0980711 
qwerty 51 5 0 2.06246 0.260152 1.65522 9.025 -0.0163343 0.0107354 0.0980711 
qwerty 51 5 0 2.06246 0.147727 1.72911 9.7 -0.0163343 0.0107354 0.0980711 
qwerty 51 5 0 2.06246 0.0353018 1.803 10.375 -0.0163343 0.0107354 0.0980711 
qwerty 51 5 0 2.06246 -0.0771233 1.87689 11.05 -0.0163343 0.0107354 0.0980711 
qwerty 51 5 0 2.06246 -0.189548 1.95078 11.725 -0.0163343 0.0107354 0.0980711 
qwerty 51 5 0 2.06246 -0.301973 2.02467 12.4 -0.0163343 0.0107354 0.0980711 
qwerty 51 5 0 2.06246 -0.414399 2.09856 13.075 -0.0163343 0.0107354 0.0980711 
qwerty 51 5 0 2.06246 -0.526824 2.17245 13.75 -0.0163343 0.0107354 0.0980711 
qwerty 51 5 0 2.06246 -0.639249 2.24633 14.425 -0.0163343 0.0107354 0.0980711 
qwerty 51 5 0 2.06246 -0.751674 2.32022 15.1 -0.0163343 0.0107354 0.0980711 
qwerty 51 5 0 2.06246 -0.864099 2.39411 15.775 -0.0163343 0.0107354 0.0980711 
qwerty 51 5 0 2.06246 -0.976524 2.468 16.45 -0.0163343 0.0107354 0.0980711 
qwerty 51 5 0 2.06246 -1.08895 2.54189 17.125 -0.0163343 0.0107354 0.0980711 
qwerty 51 5 0 2.06246 -1.20137 2.61578 17.8 -0.0163343 0.0107354 0.0980711 
qwerty 51 5 0 2.06246 -1.25 2.64774 18.0919 -0.0163343 0.0107354 0.0980711 
qwerty 51 5 0 2.06246 -1.3138 2.68967 18.475 -0.0163343 0.0107354 0.0980711 
qwerty 51 5 0 2.06246 -1.42622 2.76356 19.15 -0.0163343 0.0107354 0.0980711 
qwerty 51 5 0 2.06246 -1.53865 2.83745 19.825 -0.0163343 0.0107354 0.0980711 
qwerty 51 5 0 1.98998 -1.62464 2.83721 20.5 -0.0119753 -0.00191632 0.0992619 
qwerty 51 5 0 1.98998 -1.70608 2.82418 21.175 -0.0119753 -0.00191632 0.0992619 
qwerty 51 5 0 1.98998 -1.78751 2.81114 21.85 -0.0119753 -0.00191632 0.0992619 
qwerty 51 5 0 1.98998 -1.86895 2.79811 22.525 -0.0119753 -0.00191632 0.0992619 
qwerty 51 5 0 1.98998 -1.95038 2.78508 23.2 -0.0119753 -0.00191632 0.0992619 
qwerty 51 5 0 1.98998 -2.03182 2.77205 23.875 -0.0119753 -0.00191632 0.0992619 
qwerty 51 5 0 1.98998 -2.11325 2.75902 24.55 -0.0119753 -0.00191632 0.0992619 
qwerty 51 5 0 1.98998 -2.19469 2.74599 25.225 -0.0119753 -0.00191632 0.0992619 
qwerty 51 5 0 1.98998 -2.27612 2.73296 25.9 -0.0119753 -0.00191632 0.0992619 
qwerty 51 5 0 1.98998 -2.35756 2.71993 26.575 -0.0119753 -0.00191632 0.0992619 
qwerty 50 22 0 0.510999 3.47832 3.75 9.29073 0.0379117 0.0795628 0.0472489 
qwerty 50 22 0 0.510999 3.80671 4.43917 9.7 0.0379117 0.0795628 0.0472489 
qwerty 50 22 0 0.510999 4.34832 5.57581 10.375 0.0379117 0.0795628 0.0472489 
qwerty 50 22 0 0.510999 4.66957 6.25 10.7754 0.0379117 0.0795628 0.0472489 
qwerty 50 22 0 0.510999 4.88993 6.71244 11.05 0.0379117 0.0795628 0.0472489 
qwerty 50 22 0 0.510999 5.43154 7.84908 11.725 0.0379117 0.0795628 0.0472489 
qwerty 50 22 0 0.468168 5.54663 8.75 12.3905 -0.00199549 0.0779836 0.0625666 
qwerty 50 22 0 0.468168 5.54632 8.76189 12.4 -0.00199549 0.0779836 0.0625666 
qwerty 50 22 0 0.468168 5.52479 9.60322 13.075 -0.00199549 0.0779836 0.0625666 
qwerty 49 22 0 0.510999 2.86392 2.46058 8.525 -0.0379117 -0.0795628 -0.0472489 
qwerty 47 24 0 0.34494 2.6025 4.38845 9.2 0.0544845 0.0331687 -0.0770148 
qwerty 47 24 0 0.34494 3.08003 4.67916 8.525 0.0544845 0.0331687 -0.0770148 
qwerty 46 24 0 0.610643 0.805279 3.37574 9.2 -0.0382159 -0.0355943 -0.0852795 
qwerty 46 24 0 0.610643 0.502795 3.094 8.525 -0.0382159 -0.0355943 -0.0852795 
qwerty 46 24 0 0.609843 0.235002 2.83297 7.85 -0.0345581 -0.0337539 -0.087558 
qwerty 46 24 0 0.609843 -0.0314121 2.57275 7.175 -0.0345581 -0.0337539 -0.087558 
qwerty 46 24 0 0.609843 -0.297826 2.31254 6.5 -0.0345581 -0.0337539 -0.087558 
qwerty 46 24 0 0.609843 -0.56424 2.05232 5.825 -0.0345581 -0.0337539 -0.087558 
qwerty 46 24 0 0.609843 -0.830655 1.79211 5.15 -0.0345581 -0.0337539 -0.087558 
qwerty 45 24 0 0.477044 1.61078 3.99237 10.375 -0.0165975 0.0232622 0.09583 
qwerty 45 24 0 0.477044 1.49388 4.15622 11.05 -0.0165975 0.0232622 0.09583 
qwerty 44 39 0 0.510999 -3.75 -2.4292 3.48502 -0.0973529 0.0167641 0.0155361 
qwerty 44 39 0 0.510999 -4.62715 -2.27816 3.625 -0.0973529 0.0167641 0.0155361 
qwerty 290 44 0.00793621 0.277481 -4.66299 -2.26959 3.62445 -0.0985531 -0.00668382 -0.0155763 
qwerty 290 44 0.00737896 0.270102 -4.66687 -2.27024 3.6231 -0.0861867 0.0205842 -0.0463481 
qwerty 290 44 0.00795225 0.26215 -4.67027 -2.26936 3.62075 -0.0636648 0.0313867 -0.0704391 
qwerty 290 44 0.0119981 0.250152 -4.67359 -2.26701 3.61764 -0.0591903 0.0547411 -0.0591601 
qwerty 290 44 0.00712464 0.243027 -4.67623 -2.26409 3.61578 -0.0621974 0.0652549 -0.0432815 
qwerty 290 44 0.00977617 0.233251 -4.67867 -2.26012 3.61272 -0.0601381 0.0764582 -0.023185 
qwerty 290 44 0.0164362 0.216815 -4.68161 -2.25338 3.60973 -0.00772698 0.0990381 0.0114778 
qwerty 290 44 0.0158031 0.201011 -4.68186 -2.24632 3.61239 -0.0277661 0.0960629 0.000983645 
qwerty 290 44 0.0118933 0.189118 -4.68421 -2.24139 3.61332 -0.0622395 0.077808 0.00849437 
qwerty 290 44 0.0211631 0.167955 -4.68898 -2.23649 3.61211 -0.0692711 0.0714325 -0.00994504 
qwerty 290 44 0.023226 0.144729 -4.69332 -2.2303 3.60978 0.0643195 0.0765631 0.00104335 
qwerty 290 44 0.0378028 0.106926 -4.69105 -2.22104 3.61172 0.000249622 0.0949937 -0.0312432 
qwerty 290 44 0.0332545 0.0736717 -4.69315 -2.21431 3.61114 0.016317 0.09529 -0.025565 
qwerty 290 44 0.0736717 0 -4.69238 -2.20978 3.60992 0.016317 0.09529 -0.025565 
qwerty 41 39 0 35.5654 -1.23606 -3.40335 3.625 -0.00805006 -0.0676506 0.0732024 
qwerty 41 39 0 35.5654 -1.27731 -3.75 4.00009 -0.00805006 -0.0676506 0.0732024 
qwerty 41 39 0 35.5654 -1.31029 -4.02716 4.3 -0.00805006 -0.0676506 0.0732024 
qwerty 40 39 0 0.472385 -1.12127 -2.74012 2.95 -0.0192386 -0.0606739 0.0771269 
qwerty 295 41 1.28878 21.4737 -1.37027 -4.65091 4.975 -0.00662617 -0.0622872 0.0779512 
qwerty 295 41 0.954332 13.0559 -1.61256 -5.12496 5.65 -0.0244635 -0.045031 0.0858705 
qwerty 295 41 0.785215 9.87479 -1.63592 -5.14261 6.325 -0.0194872 -0.0147856 0.096962 
qwerty 295 41 0.864059 3.30096 -1.66227 -5.0438 7 -0.0110821 0.0141136 0.0983768 
qwerty 260 54 0.994694 15.8134 0.728991 2.01444 8.35 0.00303866 0.0266969 0.0963226 
qwerty 260 54 0.981165 6.14356 0.508956 1.93745 9.025 -0.00858372 -0.0207052 0.0974557 
qwerty 254 59 0.913294 4.66261 0.53401 1.8327 7 0.025 -0.0105966 0.096243 
qwerty 254 59 0 2.39328 0.563922 1.88422 7 -0.0349949 0.0807884 0.0474193 
qwerty 216 151 1.06406 4.06001 1.69398 3.33721 11.05 -0.0357278 -0.0406381 0.0840956 
qwerty 216 151 0 0.273035 1.68877 3.26389 11.05 -0.0345787 -0.0532477 0.0772593 
qwerty 150 72 0.988625 11.8668 0.860531 1.79304 7 0.025407 0.0482981 0.083796 
qwerty 136 82 0.384983 3.44065 1.12069 3.26649 11.4351 -0.0323674 -0.0331026 0.0886373 
qwerty 136 82 0.505853 2.93479 1.01481 3.15821 11.725 -0.00913263 -0.0238223 0.0966907 
qwerty 136 82 1.02547 1.23758 0.851865 3.19486 11.3726 0.0724881 -0.056061 0.0400329 
qwerty 136 82 0.432107 0.805477 1.09047 3.11654 11.3977 0.0458188 -0.0604588 0.0651565 
qwerty 136 82 0.393483 0.411994 1.15729 3.0147 11.505 0.0270671 0.048391 -0.0832207 
qwerty 136 82 0.356648 0.055346 1.11173 3.07303 11.4292 -0.00408176 0.0951649 -0.0304464 
qwerty 136 82 0.055346 0 1.11161 3.07569 11.4283 -0.00408176 0.0951649 -0.0304464 
qwerty 136 82 0 0 1.11161 3.07569 11.4283 -0.00408176 0.0951649 -0.0304464 
qwerty 124 91 0 6.63542 -3.03535 -11.472 10.55 0.0754889 -0.0371574 -0.0540439 
qwerty 124 91 0.331478 0.886531 -3.00918 -11.4556 10.7262 -0.00696884 0.0825096 0.0560679 
qwerty 124 91 0.319169 0.567362 -3.07355 -11.2999 10.7649 0.0312514 0.057461 -0.0756412 
qwerty 124 91 0.194948 0.372414 -3.0464 -11.25 10.6992 -0.0899045 0.0314096 0.0305059 
qwerty 124 91 0.0119836 0.36043 -3.0535 -11.249 10.7014 -0.0879065 0.0109923 0.0463855 
qwerty 124 91 0.0173895 0.343041 -3.06123 -11.2481 10.7051 -0.0942404 0.0109159 0.0316162 
qwerty 124 91 0.0179646 0.325076 -3.06843 -11.2467 10.7084 -0.091752 -0.00571821 0.0393557 
qwerty 124 91 0.0107299 0.314346 -3.07455 -11.2479 10.712 -0.0748721 -0.00643553 0.0659754 
qwerty 124 91 0.0177928 0.296554 -3.08086 -11.2469 10.7175 -0.0648551 0.0217097 0.0729555 
qwerty 124 91 0.0103009 0.286253 -3.0864 -11.2453 10.7215 -0.0670217 0.0581614 0.0461014 
qwerty 124 91 0.0133236 0.272929 -3.09032 -11.2408 10.7258 -0.0610222 0.0669989 0.042278 
qwerty 124 91 0.0135546 0.259374 -3.09468 -11.2359 10.73 0.0502228 0.0691714 0.0518941 
qwerty 124 91 0.0142864 0.245088 -3.09245 -11.2295 10.7337 0.0372308 0.0905544 0.0203412 
qwerty 124 91 0.0312842 0.213804 -3.086 -11.2209 10.7394 0.0243787 0.0966919 0.0075074 
qwerty 124 91 0.0586394 0.155164 -3.08514 -11.2049 10.7457 0.0524065 0.0844479 -0.0110503 
qwerty 124 91 0.155164 0 -3.07638 -11.1908 10.7438 0.0524065 0.0844479 -0.0110503 
qwerty 124 91 0 0 -3.07638 -11.1908 10.7438 0.0524065 0.0844479 -0.0110503 
qwerty 294 41 1.52286 9.25055 -1.26757 -4.77485 4.85798 0.00481904 -0.0801136 0.059654 
qwerty 294 41 0.335657 8.91489 -1.25812 -4.93201 4.975 0.00405921 -0.0829676 0.0556767 
qwerty 294 41 1.1733 3.43889 -1.40433 -4.646 4.475 -0.0615147 0.0230343 -0.0754013 
qwerty 348 294 0.106395 0.240618 -1.25971 -4.77216 4.866 0.0865278 0.0207105 0.045651 
qwerty 348 294 0.0127551 0.227863 -1.25464 -4.77205 4.86876 0.0814253 -0.00950428 0.0572676 
qwerty 348 294 0.00993907 0.217924 -1.25 -4.77259 4.87202 0.0975666 0.00224506 0.0218109 
qwerty 348 294 0.00593466 0.211989 -1.24703 -4.77214 4.87238 0.0851374 0.0406987 0.0330945 
qwerty 348 294 0.00578269 0.206207 -1.24442 -4.77127 4.87367 0.0892203 0.0379343 0.0245097 
qwerty 348 294 0.0108521 0.195355 -1.2411 -4.77067 4.87458 0.0855519 0.0474641 0.0206888 
qwerty 348 294 0.00880031 0.186554 -1.23703 -4.76813 4.87653 0.0890547 0.0454312 -0.00229314 
qwerty 348 294 0.0222918 0.164262 -1.22975 -4.76567 4.87398 0.0886472 0.0435845 0.0155586 
qwerty 348 294 0.0410393 0.123223 -1.21761 -4.76282 4.87181 0.0956192 -0.020142 -0.0212432 
qwerty 348 294 0.123223 0 -1.2066 -4.76514 4.86936 0.0956192 -0.020142 -0.0212432 
qwerty 351 294 0 0.627577 -1.58212 -4.50528 3.8 -0.0173694 0.0187069 -0.0966869 
qwerty 351 294 0 0.627577 -1.70338 -4.37468 3.125 -0.0173694 0.0187069 -0.0966869 
qwerty 354 353 0 0.273814 -1.99173 -4.82461 2.45 -0.0340115 -0.05715 -0.07468 
qwerty 350 294 0 1.8687 -1.76623 -4.16693 3.8 -0.0400456 0.0530922 -0.0746831 
qwerty 350 294 0 1.8687 -2.12817 -3.68707 3.125 -0.0400456 0.0530922 -0.0746831 
qwerty 350 294 0 0.752875 -2.4285 -3.28889 2.56489 -0.0362079 0.0930269 0.005915 
qwerty 350 294 0 0.300445 -2.84982 -2.20642 2.63372 -0.0522711 -0.017412 -0.0834539 
qwerty 350 294 0 0.300445 -2.96489 -2.24475 2.45 -0.0522711 -0.017412 -0.0834539 
qwerty 357 350 0.452431 0 -2.86245 -2.12415 2.66599 -0.0425587 0.0631325 0.0648309 
qwerty 356 350 0.198607 0.917218 -2.4754 -3.27817 2.47084 -0.0752449 0.0408266 -0.0516856 
qwerty 356 350 0.0821158 0.835102 -2.50574 -3.26171 2.45 -0.0763525 0.0432118 -0.0479899 
qwerty 356 350 0.0647725 0.700382 -2.4999 -3.22988 2.48567 0.00377486 0.0505659 0.0861907 
qwerty 356 350 0.137053 0.563329 -2.49012 -3.21781 2.5271 0.0126634 0.0254914 0.0958636 
qwerty 356 350 0.129625 0.433704 -2.49146 -3.22076 2.57229 0.0367098 0.0303069 0.0879425 
qwerty 356 350 0.130431 0.303273 -2.44666 -3.22034 2.62219 0.0789444 -0.0105041 0.0604768 
qwerty 356 350 0.303273 0 -2.40741 -3.22556 2.65226 0.0789444 -0.0105041 0.0604768 
qwerty 349 294 0 1.67779 -1.59255 -6.24478 5.65 -0.0216264 -0.0870345 0.0442414 
qwerty 349 294 0 1.67779 -1.92251 -7.57268 6.325 -0.0216264 -0.0870345 0.0442414 
qwerty 349 294 0 1.15063 -1.8479 -8.12412 7 0.00984111 -0.0615679 0.0781828 
qwerty 349 294 0 1.15063 -1.76294 -8.65568 7.675 0.00984111 -0.0615679 0.0781828 
qwerty 349 294 0 0.898401 -1.5433 -8.8808 8.35 0.0343853 -0.0202328 0.0916967 
qwerty 349 294 0 0.898401 -1.29019 -9.02974 9.025 0.0343853 -0.0202328 0.0916967 
qwerty 349 294 0 0.898401 -1.03707 -9.17868 9.7 0.0343853 -0.0202328 0.0916967 
qwerty 349 294 0 0.898401 -0.783952 -9.32762 10.375 0.0343853 -0.0202328 0.0916967 
qwerty 347 113 0 0.380721 -1.88505 -6.09343 6.325 -0.0527581 -0.0500363 0.0686509 
qwerty 347 113 0 0.380721 -2.05013 -6.25 6.53981 -0.0527581 -0.0500363 0.0686509 
qwerty 347 113 0 0.380721 -2.40378 -6.58541 7 -0.0527581 -0.0500363 0.0686509 
qwerty 347 113 0 0.380721 -2.92252 -7.07738 7.675 -0.0527581 -0.0500363 0.0686509 
qwerty 343 113 0 0.343428 -2.17237 -6.25249 6.325 -0.0636095 -0.0620652 0.0458447 
qwerty 342 124 0 0.510999 -2.97912 -11.25 10.6388 0.0628052 -0.0382238 -0.0677823 
qwerty 342 124 0 0.510999 -2.8968 -11.3001 10.55 0.0628052 -0.0382238 -0.0677823 
qwerty 342 124 0 0.510999 -2.27136 -11.6807 9.875 0.0628052 -0.0382238 -0.0677823 
qwerty 342 124 0 0.510999 -1.64593 -12.0614 9.2 0.0628052 -0.0382238 -0.0677823 
qwerty 341 124 0 0.510999 -3.36009 -11.0181 11.05 -0.0628052 0.0382238 0.0677823 
qwerty 341 124 0 0.510999 -3.75 -10.7808 11.4708 -0.0628052 0.0382238 0.0677823 
qwerty 341 124 0 0.510999 -3.98552 -10.6375 11.725 -0.0628052 0.0382238 0.0677823 
qwerty 341 124 0 0.510999 -4.61096 -10.2569 12.4 -0.0628052 0.0382238 0.0677823 
qwerty 341 124 0 0.453271 -5.33811 -9.12083 13.075 -0.0461522 0.0782074 0.0418758 
qwerty 341 124 0 0.453271 -5.56554 -8.75 13.2599 -0.0487288 0.0785098 0.0382324 
qwerty 341 124 0 0.453271 -6.19017 -7.74363 13.75 -0.0487288 0.0785098 0.0382324 
qwerty 341 124 0 0.453271 -7.05049 -6.35752 14.425 -0.0487288 0.0785098 0.0382324 
qwerty 341 124 0 0.453271 -7.9108 -4.97142 15.1 -0.0487288 0.0785098 0.0382324 
qwerty 340 124 0 0.145252 -3.07087 -11.25 10.6525 -0.0271807 0.0905918 -0.0324705 
qwerty 340 124 0 0.145252 -3.15666 -10.9641 10.55 -0.0271807 0.0905918 -0.0324705 
qwerty 338 136 0 0.510999 0.767052 3.10802 11.225 -0.0858426 0.00805403 -0.0506575 
qwerty 337 136 0 0.510999 1.25 3.06271 11.51 0.0858426 -0.00805403 0.0506575 
qwerty 337 136 0 0.510999 1.61434 3.02852 11.725 0.0858426 -0.00805403 0.0506575 
qwerty 337 136 0 0.331372 3.75 -0.445002 11.3894 0.0508577 -0.0855879 -0.00939211 
qwerty 337 136 0 0.331372 4.64011 -1.94296 11.225 0.0508577 -0.0855879 -0.00939211 
qwerty 336 136 1.756e-05 0 1.11413 3.26089 11.4557 -0.0293373 -0.0250606 0.0922567 
qwerty 386 336 0.00361031 0 1.11413 3.2609 11.4557 -0.0170825 0.0581472 0.079543 
qwerty 335 139 0 7.8619 5.05671 2.77766 15.775 0.0525709 -0.0132258 0.084032 
qwerty 335 139 0 7.8619 5.479 2.67142 16.45 0.0525709 -0.0132258 0.084032 
qwerty 335 139 0 7.8619 5.90128 2.56518 17.125 0.0525709 -0.0132258 0.084032 
qwerty 335 139 0 7.8619 6.32356 2.45894 17.8 0.0525709 -0.0132258 0.084032 
qwerty 335 139 0 7.8619 6.74585 2.3527 18.475 0.0525709 -0.0132258 0.084032 
qwerty 335 139 0 7.8619 7.16813 2.24647 19.15 0.0525709 -0.0132258 0.084032 
qwerty 335 139 0 7.8619 7.59041 2.14023 19.825 0.0525709 -0.0132258 0.084032 
qwerty 387 335 0.734739 0.817346 7.39759 2.14582 19.6553 -0.0834531 -0.0391288 -0.0387881 
qwerty 387 335 0.45149 0.365855 7.20963 2.16746 19.619 -0.0888752 -0.0243497 -0.0388368 
qwerty 387 335 0.319009 0.0468468 7.15076 2.15133 19.5932 0.0234244 0.0631252 0.0739358 
qwerty 387 335 0.0468468 0 7.15126 2.15269 19.5948 0.0234244 0.0631252 0.0739358 
qwerty 334 139 0 0.318939 4.77234 3.33077 14.6 0.0125053 0.0619937 -0.0774623 
qwerty 334 139 0 0.217687 4.83801 3.08088 13.925 0.00610515 -0.0598983 -0.0798431 
qwerty 334 139 0 0.217687 4.88963 2.57449 13.25 0.00610515 -0.0598983 -0.0798431 
qwerty 333 150 0 0.510999 0.715884 1.25 6.83907 -0.0229522 -0.0947297 -0.0223493 
qwerty 333 150 0 0.510999 0.367667 -0.187184 6.5 -0.0229522 -0.0947297 -0.0223493 
qwerty 332 150 0 0.510999 1.25 3.45444 7.35916 0.0229522 0.0947297 0.0223493 
qwerty 332 150 0 0.238287 1.35568 3.8906 7.46206 0.0129323 0.00498104 -0.0990351 
qwerty 332 150 0 0.238287 1.39316 3.90504 7.175 0.0129323 0.00498104 -0.0990351 
qwerty 393 332 0.272712 0 1.36181 3.92409 7.4869 0.014552 0.0794669 0.0589343 
qwerty 331 150 0 2.91372 1.39562 1.8913 6.5 0.0628679 -0.0289344 -0.0721833 
qwerty 331 150 0 2.91372 1.98351 1.62073 5.825 0.0628679 -0.0289344 -0.0721833 
qwerty 331 150 0 2.91372 2.5714 1.35016 5.15 0.0628679 -0.0289344 -0.0721833 
qwerty 331 150 0 2.91372 3.15929 1.07959 4.475 0.0628679 -0.0289344 -0.0721833 
qwerty 331 150 0 2.91372 3.74718 0.809019 3.8 0.0628679 -0.0289344 -0.0721833 
qwerty 331 150 0 2.91372 4.33507 0.538449 3.125 0.0628679 -0.0289344 -0.0721833 
qwerty 331 150 0 2.91372 4.92296 0.267878 2.45 0.0628679 -0.0289344 -0.0721833 
qwerty 331 150 0 2.91372 5.51085 -0.00269294 1.775 0.0628679 -0.0289344 -0.0721833 
qwerty 331 150 0 2.91372 6.09874 -0.273264 1.1 0.0628679 -0.0289344 -0.0721833 
qwerty 329 150 0 1.44607 -0.120553 3.75 6.9058 -0.0493287 0.0866554 -0.00758408 
qwerty 329 150 0 1.44607 -1.54368 6.25 6.687 -0.0493287 0.0866554 -0.00758408 
qwerty 329 150 0 1.44607 -2.75998 8.38667 6.5 -0.0493287 0.0866554 -0.00758408 
qwerty 326 150 0 0.34521 1.04755 2.13645 7.675 0.0239731 0.0440203 0.0865303 
qwerty 325 216 0 0.510999 1.48771 3.21341 11.725 -0.0285696 -0.00734998 0.0955498 
qwerty 324 216 0 0.510999 1.83904 3.30379 10.55 0.0285696 0.00734998 -0.0955498 
qwerty 324 216 0 0.510999 2.04087 3.35572 9.875 0.0285696 0.00734998 -0.0955498 
qwerty 322 216 0 0.415831 0.215784 0.698158 11.725 -0.0591918 -0.0751951 0.0290178 
qwerty 322 216 0 0.362278 -3.29959 -0.548803 12.4 -0.0945743 -0.0280643 0.0163739 
qwerty 321 216 0 4.32909 1.56943 3.49223 11.05 -0.0512776 0.033784 0.0789256 
qwerty 321 216 0 4.32909 1.25 3.70269 11.5417 -0.0512776 0.033784 0.0789256 
qwerty 321 216 0 4.32909 1.13089 3.78117 11.725 -0.0512776 0.033784 0.0789256 
qwerty 321 216 0 4.32909 0.692343 4.0701 12.4 -0.0512776 0.033784 0.0789256 
qwerty 321 216 0 4.32909 0.253799 4.35903 13.075 -0.0512776 0.033784 0.0789256 
qwerty 415 321 0.0085982 0.242084 0.248459 4.41029 13.074 0.0229274 0.0967406 -0.0107515 
qwerty 415 321 0.0102513 0.231833 0.248678 4.41463 13.0733 0.0312362 0.0947757 -0.00647028 
qwerty 415 321 0.0178747 0.213958 0.25043 4.41808 13.0732 0.020304 0.097883 -0.00258147 
qwerty 415 321 0.00610244 0.207856 0.251259 4.42163 13.0736 0.0340044 0.0940039 -0.00263902 
qwerty 415 321 0.00753981 0.200316 0.253086 4.42508 13.0732 0.0539676 0.0827056 -0.015725 
qwerty 415 321 0.0106861 0.18963 0.254951 4.42747 13.0727 0.0747205 0.061646 0.0248318 
qwerty 415 321 0.00795 0.18168 0.257639 4.42932 13.073 0.0713319 0.0642032 0.0281019 
qwerty 415 321 0.00942857 0.172251 0.260348 4.43125 13.0734 0.0710759 0.0679677 0.0181279 
qwerty 415 321 0.00829461 0.163957 0.262687 4.43325 13.0748 0.0394076 0.0803322 0.0446518 
qwerty 415 321 0.000832237 0.163124 0.262833 4.43355 13.075 0.0424172 0.0791471 0.0440059 
qwerty 417 415 0 0.231513 0.538919 4.72379 12.575 0.0413362 0.0503953 -0.0758395 
qwerty 417 415 0 0.231513 0.907872 5.07245 11.9 0.0439579 0.040059 -0.0803927 
qwerty 417 415 0 0.231513 1.25 5.38423 11.2743 0.0439579 0.040059 -0.0803927 
qwerty 417 415 0 0.231513 1.27696 5.4088 11.225 0.0439579 0.040059 -0.0803927 
qwerty 417 415 0 0.231513 1.64604 5.74514 10.55 0.0439579 0.040059 -0.0803927 
qwerty 320 216 0 1.09737 1.95196 3.59387 11.05 0.00874945 0.0534633 0.0840543 
qwerty 320 216 0 1.09737 2.02222 4.02321 11.725 0.00874945 0.0534633 0.0840543 
qwerty 320 216 0 1.09737 2.09249 4.45255 12.4 0.00874945 0.0534633 0.0840543 
qwerty 320 216 0 0.578121 2.20134 4.55989 12.9276 -0.0486077 -0.025712 0.0835236 
qwerty 320 216 0 0.578121 2.11553 4.5145 13.075 -0.0486077 -0.025712 0.0835236 
qwerty 320 216 0 0.578121 1.72271 4.3067 13.75 -0.0486077 -0.025712 0.0835236 
qwerty 420 320 0.360865 0 2.24469 4.58872 12.9663 -0.0762746 -0.0297373 -0.0574271 
qwerty 319 226 0 0.510999 7.21129 7.95465 26.75 0.0973488 -0.00322862 -0.0226449 
qwerty 318 226 0 0.1968 5.12017 7.83993 27.925 0.0748903 -0.0236857 0.0618905 
qwerty 317 230 0 0.510999 2.15435 4.11104 14.425 -0.0198455 0.0382679 0.0902315 
qwerty 316 230 0 0.349335 2.33366 3.76528 13.6097 0.0575658 0.0470897 -0.0668486 
qwerty 316 230 0 0.349335 2.64345 4.0187 13.25 0.0575658 0.0470897 -0.0668486 
qwerty 316 230 0 0.349335 3.08894 4.39138 12.575 0.04673 0.0395272 -0.0790816 
qwerty 428 316 0.0329511 0.128713 2.33578 3.75797 13.6043 0.0208444 -0.0944806 -0.0252771 
qwerty 428 316 0.0148449 0.113868 2.33804 3.75328 13.6048 0.0391825 -0.0785416 -0.0479161 
qwerty 428 316 0.00824678 0.105621 2.33834 3.75157 13.6036 0.0135436 -0.0701159 -0.0700024 
qwerty 428 316 0.00353908 0.102082 2.33832 3.75061 13.6026 0.0346432 -0.0702763 -0.0621376 
qwerty 428 316 0.00190251 0.100179 2.33862 3.75 13.6021 0.0342637 -0.0633696 -0.0693563 
qwerty 428 316 0.00103963 0.0991397 2.33894 3.74965 13.6016 0.0571015 -0.0582869 -0.0578106 
qwerty 428 316 0.00869821 0.0904415 2.3393 3.74915 13.6012 0.0586288 -0.0629505 -0.0509892 
qwerty 428 316 0.00215512 0.0882864 2.33964 3.74864 13.6009 0.0594014 -0.0715124 -0.0368435 
qwerty 428 316 0.00619347 0.0820929 2.34016 3.74815 13.6005 0.0521414 -0.0635054 -0.0569943 
qwerty 428 316 0.00422198 0.0778709 2.3408 3.74748 13.5999 0.0329204 -0.0500547 -0.0800673 
qwerty 428 316 0.00625532 0.0716156 2.34154 3.747 13.5988 0.0533132 -0.0493741 -0.0687015 
qwerty 428 316 0.0231298 0.0484858 2.34224 3.74645 13.5976 0.0471977 0.0356985 -0.0806101 
qwerty 428 316 0.0165999 0.0318859 2.34273 3.74702 13.5963 0.0275856 0.0404326 -0.0872023 
qwerty 428 316 0.0318859 0 2.34303 3.74746 13.5953 0.0275856 0.0404326 -0.0872023 
qwerty 315 254 0 2.00513 -1.09187 1.09148 7.675 -0.0842594 -0.0421647 0.0335035 
qwerty 430 315 0.0081786 0.296699 -1.09566 1.09465 7.67154 -0.00236747 0.0743637 -0.0668164 
qwerty 430 315 0.0109797 0.285719 -1.09652 1.09867 7.6683 -0.0159159 0.0800613 -0.0577657 
qwerty 430 315 0.0116644 0.274055 -1.09684 1.10363 7.66559 -0.0155464 0.0885538 -0.0437782 
qwerty 430 315 0.0146553 0.2594 -1.09892 1.1091 7.66261 -0.0074412 0.0954676 -0.0288196 
qwerty 430 315 0.013837 0.245563 -1.099 1.11633 7.66138 0.0034348 0.0925798 -0.0376455 
qwerty 430 315 0.0182186 0.227344 -1.09968 1.12312 7.65676 0.0127809 0.06657 -0.0735193 
qwerty 430 315 0.0208007 0.206544 -1.09972 1.12965 7.65026 0.0621021 0.0771857 -0.0136269 
qwerty 430 315 0.0276373 0.178906 -1.09129 1.13687 7.64348 0.0969645 0.0126849 -0.0209039 
qwerty 430 315 0.0579713 0.120935 -1.07759 1.13961 7.63521 0.05356 0.0513225 -0.0670621 
qwerty 430 315 0.120935 0 -1.07161 1.14534 7.62772 0.05356 0.0513225 -0.0670621 
qwerty 314 254 0 0.33549 1.54632 1.62627 6.5 0.0861929 -0.0234509 -0.0449538 
qwerty 312 254 0 14.044 0.619784 1.94961 7 0.00268056 0.0498225 0.0866633 
qwerty 312 254 0 14.044 0.640662 2.33767 7.675 0.00268056 0.0498225 0.0866633 
qwerty 312 254 0 14.044 0.66154 2.72572 8.35 0.00268056 0.0498225 0.0866633 
qwerty 312 254 0 14.044 0.682418 3.11378 9.025 0.00268056 0.0498225 0.0866633 
qwerty 312 254 0 14.044 0.703296 3.50183 9.7 0.00268056 0.0498225 0.0866633 
qwerty 438 435 0 1.04923 0.981729 2.42516 10.375 0.0227804 -0.0845022 0.0483781 
qwerty 437 435 0 0.668587 -0.157214 0.960932 10.375 -0.0309095 -0.092449 0.0223112 
qwerty 437 435 0 0.599147 -0.780206 -0.902409 10.8247 -0.0665161 -0.0740731 0.00942291 
qwerty 437 435 0 0.599147 -1.09234 -1.25 10.8689 -0.0665161 -0.0740731 0.00942291 
qwerty 437 435 0 0.599147 -2.37066 -2.67356 11.05 -0.0665161 -0.0740731 0.00942291 
qwerty 442 437 0.06944 0 -0.777217 -0.905124 10.8261 0.069696 -0.0633113 0.0336772 
qwerty 311 254 0 3.44425 0.645903 1.93952 7 0.007092 0.0484523 0.0871899 
qwerty 311 254 0 3.44425 0.700807 2.31462 7.675 0.007092 0.0484523 0.0871899 
qwerty 311 254 0 3.44425 0.755711 2.68973 8.35 0.007092 0.0484523 0.0871899 
qwerty 311 254 0 3.44425 0.810616 3.06483 9.025 0.007092 0.0484523 0.0871899 
qwerty 311 254 0 3.44425 0.86552 3.43994 9.7 0.007092 0.0484523 0.0871899 
qwerty 311 254 0 3.44425 0.920424 3.81504 10.375 0.007092 0.0484523 0.0871899 
qwerty 311 254 0 3.44425 0.975329 4.19015 11.05 0.007092 0.0484523 0.0871899 
qwerty 311 254 0 3.44425 1.03023 4.56525 11.725 0.007092 0.0484523 0.0871899 
qwerty 311 254 0 3.44425 1.08514 4.94036 12.4 0.007092 0.0484523 0.0871899 
qwerty 311 254 0 3.44425 1.14004 5.31546 13.075 0.007092 0.0484523 0.0871899 
qwerty 311 254 0 3.44425 1.19495 5.69057 13.75 0.007092 0.0484523 0.0871899 
qwerty 311 254 0 3.44425 1.24985 6.06567 14.425 0.007092 0.0484523 0.0871899 
qwerty 311 254 0 3.44425 1.27683 6.25 14.7567 0.007092 0.0484523 0.0871899 
qwerty 311 254 0 3.44425 1.30475 6.44078 15.1 0.007092 0.0484523 0.0871899 
qwerty 311 254 0 3.44425 1.35966 6.81588 15.775 0.007092 0.0484523 0.0871899 
qwerty 311 254 0 3.44425 1.41456 7.19098 16.45 0.007092 0.0484523 0.0871899 
qwerty 311 254 0 3.44425 1.46947 7.56609 17.125 0.007092 0.0484523 0.0871899 
qwerty 311 254 0 3.44425 1.52437 7.94119 17.8 0.007092 0.0484523 0.0871899 
qwerty 311 254 0 3.44425 1.57928 8.3163 18.475 0.007092 0.0484523 0.0871899 
qwerty 311 254 0 3.44425 1.63418 8.6914 19.15 0.007092 0.0484523 0.0871899 
qwerty 311 254 0 3.44425 1.68908 9.06651 19.825 0.007092 0.0484523 0.0871899 
qwerty 311 254 0 3.44425 1.74399 9.44161 20.5 0.007092 0.0484523 0.0871899 
qwerty 310 254 0 0.192301 0.479874 2.02265 7 -0.0189337 0.0570212 0.0799381 
qwerty 309 260 0 0.466169 0.00361549 3.14902 8.64225 -0.0261928 0.060809 -0.0749414 
qwerty 309 260 0 0.466169 -0.0373641 3.24416 8.525 -0.0261928 0.060809 -0.0749414 
qwerty 309 260 0 0.466169 -0.255249 3.75 7.9016 -0.0261928 0.060809 -0.0749414 
qwerty 309 260 0 0.466169 -0.273284 3.79187 7.85 -0.0261928 0.060809 -0.0749414 
qwerty 309 260 0 0.466169 -0.509203 4.33958 7.175 -0.0261928 0.060809 -0.0749414 
qwerty 448 309 0.0448302 0 0.00270162 3.15019 8.64357 -0.0460733 0.0588215 0.0664626 
qwerty 308 260 0 0.295863 0.91162 1.46996 9.47343 0.0779186 0.0342802 0.0524744 
qwerty 308 260 0 0.295863 1.24806 1.61797 9.7 0.0779186 0.0342802 0.0524744 
qwerty 450 308 0.215136 0 0.91119 1.44117 9.47616 -0.00148701 -0.0995414 0.00944999 
qwerty 307 260 0 0.548578 0.403358 1.74468 9.7 -0.014896 -0.0271835 0.0950745 
qwerty 307 260 0 0.548578 0.297601 1.55169 10.375 -0.014896 -0.0271835 0.0950745 
qwerty 307 260 0 0.548578 0.191844 1.35869 11.05 -0.014896 -0.0271835 0.0950745 
qwerty 307 260 0 0.548578 0.0860864 1.1657 11.725 -0.014896 -0.0271835 0.0950745 
qwerty 307 260 0 0.548578 -0.0196709 0.972703 12.4 -0.014896 -0.0271835 0.0950745 
qwerty 307 260 0 0.548578 -0.125428 0.779708 13.075 -0.014896 -0.0271835 0.0950745 
qwerty 307 260 0 0.548578 -0.231185 0.586714 13.75 -0.014896 -0.0271835 0.0950745 
qwerty 306 260 0 5.23008 0.588485 1.99287 9.025 -0.0231582 -0.00782135 0.0969666 
qwerty 306 260 0 5.23008 0.427277 1.93843 9.7 -0.0231582 -0.00782135 0.0969666 
qwerty 306 260 0 5.23008 0.266069 1.88398 10.375 -0.0231582 -0.00782135 0.0969666 
qwerty 306 260 0 5.23008 0.104861 1.82954 11.05 -0.0231582 -0.00782135 0.0969666 
qwerty 306 260 0 5.23008 -0.0563464 1.77509 11.725 -0.0231582 -0.00782135 0.0969666 
qwerty 306 260 0 5.23008 -0.217554 1.72065 12.4 -0.0231582 -0.00782135 0.0969666 
qwerty 306 260 0 5.23008 -0.378762 1.6662 13.075 -0.0231582 -0.00782135 0.0969666 
qwerty 306 260 0 5.23008 -0.53997 1.61175 13.75 -0.0231582 -0.00782135 0.0969666 
qwerty 306 260 0 5.23008 -0.701178 1.55731 14.425 -0.0231582 -0.00782135 0.0969666 
qwerty 306 260 0 5.23008 -0.862386 1.50286 15.1 -0.0231582 -0.00782135 0.0969666 
qwerty 306 260 0 5.23008 -1.02359 1.44842 15.775 -0.0231582 -0.00782135 0.0969666 
qwerty 306 260 0 5.23008 -1.1848 1.39397 16.45 -0.0231582 -0.00782135 0.0969666 
qwerty 306 260 0 5.23008 -1.25 1.37195 16.723 -0.0231582 -0.00782135 0.0969666 
qwerty 306 260 0 5.23008 -1.34601 1.33953 17.125 -0.0231582 -0.00782135 0.0969666 
qwerty 306 260 0 5.23008 -1.50722 1.28508 17.8 -0.0231582 -0.00782135 0.0969666 
qwerty 306 260 0 5.23008 -1.66842 1.23063 18.475 -0.0231582 -0.00782135 0.0969666 
qwerty 306 260 0 5.23008 -1.82963 1.17619 19.15 -0.0231582 -0.00782135 0.0969666 
qwerty 306 260 0 5.23008 -1.99084 1.12174 19.825 -0.0231582 -0.00782135 0.0969666 
qwerty 306 260 0 5.23008 -2.15205 1.0673 20.5 -0.0231582 -0.00782135 0.0969666 
qwerty 306 260 0 5.23008 -2.31326 1.01285 21.175 -0.0231582 -0.00782135 0.0969666 
qwerty 306 260 0 5.23008 -2.47446 0.958406 21.85 -0.0231582 -0.00782135 0.0969666 
qwerty 306 260 0 5.23008 -2.63567 0.90396 22.525 -0.0231582 -0.00782135 0.0969666 
qwerty 306 260 0 5.23008 -2.79688 0.849514 23.2 -0.0231582 -0.00782135 0.0969666 
qwerty 306 260 0 5.23008 -2.95809 0.795069 23.875 -0.0231582 -0.00782135 0.0969666 
qwerty 306 260 0 5.23008 -3.1193 0.740623 24.55 -0.0231582 -0.00782135 0.0969666 
qwerty 305 260 0 0.857256 0.517605 2.09735 9.025 -0.0325586 0.00904345 0.0941178 
qwerty 305 260 0 0.857256 0.284099 2.16221 9.7 -0.0325586 0.00904345 0.0941178 
qwerty 305 260 0 0.857256 0.0505931 2.22707 10.375 -0.0325586 0.00904345 0.0941178 
qwerty 303 295 0 0.510999 -1.84779 -4.56317 7.675 -0.031066 0.0599944 0.0737264 
qwerty 303 295 0 0.212917 -2.40088 -5.06916 8.31638 -0.028314 0.0602274 0.074639 
qwerty 303 295 0 0.212917 -2.41363 -5.04203 8.35 -0.028314 0.0602274 0.074639 
qwerty 459 303 0.0886319 0 -2.40311 -5.07529 8.31701 -0.0341084 -0.0935184 0.00953559 
qwerty 302 295 0 0.510999 -1.35268 -5.51932 6.5 0.031066 -0.0599944 -0.0737264 
qwerty 301 295 0 2.50141 -1.74072 -6.25 6.87982 -0.00871077 -0.091365 0.0397059 
qwerty 301 295 0 2.50141 -1.76709 -6.52654 7 -0.00871077 -0.091365 0.0397059 
qwerty 301 295 0 2.50141 -1.91517 -8.07974 7.675 -0.00871077 -0.091365 0.0397059 
qwerty 301 295 0 1.26323 -1.96412 -10.4405 7.175 -0.00175268 -0.0973245 -0.0229101 
qwerty 301 295 0 1.26323 -1.9787 -11.25 6.98444 -0.00175268 -0.0973245 -0.0229101 
qwerty 301 295 0 1.26323 -2.01576 -13.308 6.5 -0.00175268 -0.0973245 -0.0229101 
qwerty 301 295 0 1.26323 -2.0674 -16.1754 5.825 -0.00175268 -0.0973245 -0.0229101 
qwerty 301 295 0 0.795513 -3.75 -18.897 5.99023 -0.0597051 -0.0795933 0.0100104 
qwerty 301 295 0 0.632131 -4.6547 -20.103 6.14192 -0.0823089 -0.0376953 0.0424773 
qwerty 301 295 0 0.632131 -5.00946 -20.2655 6.325 -0.0823089 -0.0376953 0.0424773 
qwerty 301 295 0 0.632131 -6.31742 -20.8645 7 -0.0823089 -0.0376953 0.0424773 
qwerty 464 301 0.163382 0 -4.6528 -20.1196 6.134 0.0103022 -0.0897319 -0.0429191 
qwerty 297 295 0 3.23257 -1.48977 -5.32791 5.65 -0.0105731 -0.0697481 0.0708761 
qwerty 297 295 0 3.23257 -1.59046 -5.99217 6.325 -0.0105731 -0.0697481 0.0708761 
qwerty 454 306 0.607097 1.84202 -3.02172 0.794891 25.0971 0.0664168 -0.0297702 0.0685751 
qwerty 454 306 0.337131 1.50489 -2.8978 0.739349 25.225 0.0676433 -0.0731512 -0.00856019 
qwerty 454 306 0.607833 0.897061 -2.77177 0.577827 25.2044 0.0569099 -0.0810773 -0.013702 
qwerty 454 306 0.424208 0.472853 -2.6679 0.429065 25.2241 0.0415785 -0.0881437 -0.0224036 
qwerty 454 306 0.324547 0.148306 -2.64048 0.335723 25.2184 -0.0084699 -0.0744811 0.0661878 
qwerty 454 306 0.0412386 0.107067 -2.64132 0.328317 25.225 -0.0082336 -0.0800074 0.0594224 
qwerty 454 306 0.00223123 0.0948681 -2.64115 0.327887 25.2244 0.0533174 -0.0249268 -0.080845 
qwerty 454 306 0.00285018 0.0920179 -2.6408 0.327721 25.2237 0.0559817 -0.0466974 -0.06845 
qwerty 454 306 0.00326101 0.0887569 -2.64037 0.327276 25.2232 0.0577408 -0.0468787 -0.0668459 
qwerty 454 306 0.00399032 0.0847666 -2.63962 0.326718 25.2226 0.0795206 -0.0424846 -0.0432613 
qwerty 454 306 0.00440368 0.0803629 -2.63857 0.326296 25.2222 0.0956032 -0.0281918 0.00807794 
qwerty 454 306 0.00710304 0.0732599 -2.63705 0.325897 25.2227 0.082166 -0.00496335 0.0567812 
qwerty 454 306 0.00473491 0.0685249 -2.63603 0.325876 25.2235 0.0484329 0.0140894 0.0863467 
qwerty 454 306 0.00383545 0.0646895 -2.63562 0.326038 25.2242 0.0309629 0.0949966 0.0041156 
qwerty 454 306 0.00335264 0.0613369 -2.63527 0.326653 25.2242 0.0576875 0.0779081 0.0245454 
qwerty 454 306 0.00266266 0.0586742 -2.63475 0.32714 25.2244 0.0581799 0.0247081 0.0774894 
qwerty 454 306 0.0041306 0.0545436 -2.63435 0.327329 25.225 0.0422928 0.0160206 0.0891889 
qwerty 454 306 0.000147616 0.054396 -2.63433 0.327336 25.225 0.0456613 0.00715109 0.0886787 
qwerty 454 306 0.000650477 0.0430096 -2.63432 0.327254 25.2248 0.00192095 -0.0272417 -0.0961988 
qwerty 454 306 0.000830998 0.0421786 -2.63428 0.327196 25.2247 0.00252166 -0.0238718 -0.0970761 
qwerty 454 306 0.0009616 0.041217 -2.6343 0.327144 25.2245 0.00393914 -0.0268164 -0.0962568 
qwerty 454 306 0.00165946 0.0395576 -2.63429 0.326994 25.2242 -0.0197953 -0.0291594 -0.0935835 
qwerty 454 306 0.00315552 0.036402 -2.6343 0.326754 25.2238 -0.0174585 -0.0788033 -0.059036 
qwerty 454 306 0.00425018 0.0321519 -2.63433 0.326422 25.2231 -0.0563256 -0.0253023 -0.0786589 
qwerty 454 306 0.017833 0.0143189 -2.63446 0.326654 25.222 -0.0527627 0.0757551 -0.0384352 
qwerty 454 306 0.0143189 0 -2.63459 0.326842 25.2219 -0.0527627 0.0757551 -0.0384352 
qwerty 454 306 0 0 -2.63459 0.326842 25.2219 -0.0527627 0.0757551 -0.0384352 
qwerty 436 312 0.491787 1.12499 0.571445 3.72165 10.1646 -0.0607149 0.0585292 0.0537404 
qwerty 436 312 0.344508 0.780485 0.503084 3.9192 10.265 -0.0377385 0.0923269 0.00717985 
qwerty 436 312 0.334492 0.445994 0.531541 4.09938 10.2958 -0.000139512 0.090318 0.0429261 
qwerty 436 312 0.297055 0.148938 0.557892 4.16829 10.356 -0.0908428 -0.0373035 -0.0188691 
qwerty 436 312 0.148938 0 0.543722 4.16248 10.353 -0.0908428 -0.0373035 -0.0188691 
qwerty 436 312 0 0 0.543722 4.16248 10.353 -0.0908428 -0.0373035 -0.0188691 
qwerty 416 321 0.111853 0.799926 0.277609 4.43062 13.0269 -0.00976768 0.0963898 0.0247709 
qwerty 416 321 0.102296 0.69763 0.29193 4.49684 13.0332 0.0289998 0.0889457 0.0353224 
qwerty 416 321 0.116688 0.580942 0.323853 4.53874 13.065 0.00838178 0.0492573 0.0866225 
qwerty 416 321 0.0177034 0.563239 0.324825 4.54445 13.075 0.00727502 0.0698244 0.0712154 
qwerty 416 321 0.0175931 0.379088 0.328261 4.55437 13.0694 0.0780405 0.000100937 -0.0625274 
qwerty 416 321 0.0183725 0.360716 0.337379 4.55255 13.0643 0.0377822 -0.0584898 -0.0717736 
qwerty 416 321 0.0176522 0.343063 0.341791 4.54713 13.058 0.0706382 -0.060565 -0.036635 
qwerty 416 321 0.0205506 0.322513 0.347148 4.54043 13.0556 0.0668949 -0.0737055 -0.00962136 
qwerty 416 321 0.0197685 0.302744 0.356126 4.53455 13.0549 0.0640245 -0.0766745 0.00467793 
qwerty 416 321 0.0248989 0.277845 0.365608 4.52774 13.0537 0.0640635 -0.0673987 -0.0367869 
qwerty 416 321 0.128236 0.149609 0.373053 4.52193 13.0462 0.0130029 -0.0679274 -0.0722274 
qwerty 416 321 0.0632644 0.0863448 0.371471 4.5184 13.0303 -0.00145804 -0.0127011 -0.0991794 
qwerty 416 321 0.0863448 0 0.371382 4.51763 13.0242 -0.00145804 -0.0127011 -0.0991794 
qwerty 416 321 0 0 0.371382 4.51763 13.0242 -0.00145804 -0.0127011 -0.0991794 
qwerty 491 471 0 0.253479 -1.62043 -6.25 6.55161 -0.00824842 -0.0763536 0.0640475 
qwerty 491 471 0 0.253479 -1.67818 -6.78455 7 -0.00824842 -0.0763536 0.0640475 
qwerty 490 388 0 0.236804 6.71399 0.860865 19.7375 0.0441865 -0.0208007 0.0872633 
qwerty 490 388 0 0.236804 6.75828 0.840012 19.825 0.0441865 -0.0208007 0.0872633 
qwerty 493 490 0.274195 0 6.68507 0.835058 19.7201 -0.0680265 -0.060719 -0.0410561 
qwerty 488 388 0 1.44899 8.13945 2.56602 20.5 0.0537236 0.0467977 0.0701695 
qwerty 497 496 0 0.281199 8.75 2.83145 21.1127 0.070082 0.025324 0.0666874 
qwerty 497 496 0 0.281199 8.81544 2.85509 21.175 0.070082 0.025324 0.0666874 
qwerty 487 396 0 0.510999 7.06871 -0.382494 1.6 0.0868447 -0.00892583 0.0487681 
qwerty 487 396 0 0.510999 8.27073 -0.506036 2.275 0.0868447 -0.00892583 0.0487681 
qwerty 487 396 0 0.510999 9.47275 -0.629579 2.95 0.0868447 -0.00892583 0.0487681 
qwerty 487 396 0 0.510999 10.6748 -0.753121 3.625 0.0868447 -0.00892583 0.0487681 
qwerty 487 396 0 0.4457 11.4939 -1.25 3.81447 0.0873463 -0.0429737 0.0228886 
qwerty 487 396 0 0.4457 13.3468 -2.1616 4.3 0.0873463 -0.0429737 0.0228886 
qwerty 486 396 0 0.510999 4.97631 -0.167438 0.425 -0.0868447 0.00892583 -0.0487681 
qwerty 486 396 0 0.510999 3.77429 -0.0438958 -0.25 -0.0868447 0.00892583 -0.0487681 
qwerty 485 416 0 0.510999 0.646264 4.36488 13.075 0.086294 -0.0479524 0.0159343 
qwerty 484 416 0 0.510999 -1.25 5.41861 12.7249 -0.086294 0.0479524 -0.0159343 
qwerty 484 416 0 0.510999 -2.06154 5.86957 12.575 -0.086294 0.0479524 -0.0159343 
qwerty 483 432 0 0.510999 -0.445748 -1.25 8.29278 0.0748304 -0.0624989 0.022233 
qwerty 483 432 0 0.510999 -0.253148 -1.41086 8.35 0.0748304 -0.0624989 0.022233 
qwerty 481 436 0 0.510999 0.445316 4.10159 10.375 -0.0835463 -0.0516909 0.0186568 
qwerty 481 436 0 0.213789 -6.56251 1.36607 10.9568 0.0460665 -0.0877661 -0.0132281 
qwerty 481 436 0 0.213789 -6.50158 1.25 10.9394 0.0460665 -0.0877661 -0.0132281 
qwerty 481 436 0 0.117472 -5.22752 -1.17735 10.5735 -0.0655582 0.0754408 -0.00328797 
qwerty 481 436 0 0.117472 -5.6961 -0.63814 10.55 -0.0655582 0.0754408 -0.00328797 
qwerty 512 481 0.0963174 0 -5.22347 -1.18372 10.5729 0.0534733 -0.084174 -0.00744 
qwerty 511 481 0.188797 0 -6.58565 1.36814 10.9597 -0.0988443 0.00880698 0.0123383 
qwerty 480 436 0 0.510999 1.25 4.59946 10.1953 0.0835463 0.0516909 -0.0186568 
qwerty 480 436 0 0.510999 2.68434 5.4869 9.875 0.0835463 0.0516909 -0.0186568 
qwerty 514 480 0.00374829 0.159661 3.20386 5.98052 9.87649 0.0274642 -0.0615573 0.0738676 
qwerty 514 480 0.00439555 0.155265 3.20433 5.97967 9.87799 0.0277701 -0.0616149 0.073705 
qwerty 514 480 0.00463217 0.150633 3.20505 5.97868 9.87915 0.0189381 -0.068345 0.0705004 
qwerty 514 480 0.0183698 0.132263 3.20529 5.97748 9.88109 -0.0049867 -0.0592078 0.0804336 
qwerty 514 480 0.00690592 0.125357 3.20443 5.97528 9.88332 -0.0662605 -0.00914153 0.0743369 
qwerty 514 480 0.0214669 0.10389 3.2021 5.9743 9.88783 -0.0562337 0.0457192 0.0689023 
qwerty 514 480 0.0267405 0.0771497 3.20118 5.97568 9.89462 0.0684799 0.0653722 0.0322023 
qwerty 514 480 0.0771497 0 3.20471 5.97905 9.89628 0.0684799 0.0653722 0.0322023 
qwerty 479 436 0 0.921299 0.480309 4.01212 10.375 -0.0234309 0.0604587 0.0761297 
qwerty 479 436 0 0.921299 0.27256 4.54817 11.05 -0.0234309 0.0604587 0.0761297 
qwerty 479 436 0 0.921299 0.0648121 5.08423 11.725 -0.0234309 0.0604587 0.0761297 
qwerty 479 436 0 0.921299 -0.142936 5.62028 12.4 -0.0234309 0.0604587 0.0761297 
qwerty 479 436 0 0.921299 -0.350685 6.15633 13.075 -0.0234309 0.0604587 0.0761297 
qwerty 479 436 0 0.921299 -0.558433 6.69239 13.75 -0.0234309 0.0604587 0.0761297 
qwerty 479 436 0 0.921299 -0.766181 7.22844 14.425 -0.0234309 0.0604587 0.0761297 
qwerty 479 436 0 0.921299 -0.97393 7.7645 15.1 -0.0234309 0.0604587 0.0761297 
qwerty 478 446 0 0.510999 2.01463 9.3649 21.175 0.0395749 -0.0177141 0.0901113 
qwerty 478 446 0 0.510999 2.31108 9.2322 21.85 0.0395749 -0.0177141 0.0901113 
qwerty 477 446 0 0.510999 1.4986 9.59588 20 -0.0395749 0.0177141 -0.0901113 
qwerty 476 454 0 0.510999 -2.76883 -0.154576 24.725 -0.0190474 -0.0683098 -0.0705051 
qwerty 476 454 0 0.258054 -2.82912 -0.370803 24.5018 0.0657162 0.0428092 -0.0620383 
qwerty 476 454 0 0.258054 -2.35051 -0.0590238 24.05 0.0657162 0.0428092 -0.0620383 
qwerty 521 476 0.0905016 0.162443 -2.85532 -0.389801 24.504 -0.019034 -0.0730094 0.0656303 
qwerty 521 476 0.162443 0 -2.8588 -0.403152 24.516 -0.019034 -0.0730094 0.0656303 
qwerty 475 454 0 0.510999 -2.63375 0.329856 25.225 0.0190474 0.0683098 0.0705051 
qwerty 474 472 0 0.399306 -2.45652 -7.05066 7 -0.0400016 -0.0741789 0.0538272 
qwerty 474 472 0 0.340136 -2.55513 -7.25698 7.675 -0.0136489 -0.0286174 0.0948407 
qwerty 474 472 0 0.340136 -2.65228 -7.46066 8.35 -0.0136489 -0.0286174 0.0948407 
qwerty 473 472 0 0.510999 1.25 -4.69325 6.13932 0.0899879 0.0429098 -0.00780569 
qwerty 473 472 0 0.510999 3.75 -3.50115 5.92246 0.0899879 0.0429098 -0.00780569 
qwerty 473 472 0 0.510999 4.87359 -2.96538 5.825 0.0899879 0.0429098 -0.00780569 
