qwerty 1 0 0 200 0 0 -0.249994 0 0 0.1 
qwerty 3 1 0 118.544 0.242616 0.209238 0.25 0.040856 0.0352352 0.0841978 
qwerty 3 1 0 118.544 0.570152 0.491713 0.925 0.040856 0.0352352 0.0841978 
qwerty 3 1 0 118.544 0.897688 0.774187 1.6 0.040856 0.0352352 0.0841978 
qwerty 3 1 0 118.544 1.22522 1.05666 2.275 0.040856 0.0352352 0.0841978 
qwerty 3 1 0 118.544 1.4494 1.25 2.737 0.040856 0.0352352 0.0841978 
qwerty 3 1 0 118.544 1.55276 1.33914 2.95 0.040856 0.0352352 0.0841978 
qwerty 3 1 0 118.544 1.88029 1.62161 3.625 0.040856 0.0352352 0.0841978 
qwerty 4 3 0.254133 38.5835 2.03336 1.7471 3.95642 0.0403865 0.0244253 0.0881609 
qwerty 4 3 0.521126 37.6068 2.16932 1.83146 4.25245 0.0364671 0.0231559 0.0901884 
qwerty 4 3 0.0943685 37.5124 2.18855 1.84367 4.3 0.0365015 0.0230099 0.0902119 
qwerty 4 3 1.50061 32.5431 2.54746 2.62282 4.975 0.0192138 0.0774487 0.0602705 
qwerty 4 3 1.20012 15.4327 2.8943 2.8245 5.65 0.0493561 0.00810152 0.086593 
qwerty 4 3 1.15413 4.21809 2.92468 3.54772 6.11621 -0.00603467 0.0831304 0.0552533 
qwerty 4 3 0.712848 3.50524 2.90188 3.86186 6.325 -0.0496483 0.0531687 0.0686158 
qwerty 4 3 0.90518 1.78075 2.53218 3.9305 6.17632 -0.0712472 -0.00126694 -0.0701586 
qwerty 4 3 0.803643 0.97711 2.36226 4.03696 5.92529 -0.0726299 0.0533771 -0.0433104 
qwerty 4 3 0.327646 0.649465 2.2178 4.12123 5.8381 -0.097757 -0.0190184 0.0090486 
qwerty 4 3 0.500083 0.149382 2.08414 4.11987 5.85575 -0.0853016 0.0520454 -0.00386291 
qwerty 4 3 0.149382 0 2.07056 4.12815 5.85513 -0.0853016 0.0520454 -0.00386291 
qwerty 15 4 0 0.418632 2.94514 2.85996 5.825 -0.0980037 0.01837 -0.00760407 
qwerty 15 4 0.0194904 0.388972 2.94533 2.85123 5.8284 0.00683045 -0.0914649 0.0398437 
qwerty 15 4 0.017324 0.371648 2.94603 2.84209 5.83131 0.0175909 -0.098157 0.0074679 
qwerty 15 4 0.0143771 0.357271 2.94565 2.83314 5.83169 0.000897719 -0.0984318 -0.0176173 
qwerty 15 4 0.0191311 0.33814 2.94389 2.82314 5.83069 -0.0173581 -0.0979983 0.00974848 
qwerty 15 4 0.0180383 0.320102 2.94076 2.81288 5.82908 0.00353547 -0.0989056 0.0143243 
qwerty 15 4 0.0214563 0.298646 2.93983 2.80395 5.83105 0.0218134 -0.0908998 0.0355162 
qwerty 15 4 0.0259722 0.272673 2.94244 2.79615 5.83511 0.0497514 -0.0828531 0.0256936 
qwerty 15 4 0.0269075 0.245766 2.94844 2.78897 5.83513 0.0618764 -0.0702157 0.0352289 
qwerty 15 4 0.0209039 0.224862 2.95606 2.78239 5.83618 0.0937887 -0.0280335 0.0204401 
qwerty 15 4 0.0180204 0.206842 2.96385 2.78177 5.83797 0.0860386 -0.0509366 0.00168057 
qwerty 15 4 0.0237628 0.183079 2.97059 2.77341 5.83594 -0.0155036 -0.0763471 0.0626957 
qwerty 15 4 0.0222681 0.160811 2.96896 2.7661 5.83997 0.0146706 -0.066011 0.0736703 
qwerty 15 4 0.0339706 0.12684 2.97116 2.7587 5.84466 0.0381272 -0.0805113 0.0454339 
qwerty 15 4 0.0619642 0.0648759 2.9798 2.75531 5.85271 0.0376658 -0.0353169 0.0856388 
qwerty 15 4 0.0648759 0 2.98124 2.75397 5.85597 0.0376658 -0.0353169 0.0856388 
qwerty 8 4 0.0595896 0.395998 2.18689 1.85462 4.2564 0.0326872 0.0704174 0.0630313 
qwerty 8 4 0.0459408 0.350057 2.19117 1.87822 4.26767 0.0150982 0.0825265 0.0544189 
qwerty 8 4 0.0377978 0.312259 2.19754 1.8941 4.27601 -0.0188191 0.0859213 0.0475749 
qwerty 8 4 0.0399397 0.272319 2.19871 1.90762 4.2811 0.0135786 0.0888903 0.0437508 
qwerty 8 4 0.0223569 0.249963 2.19673 1.92007 4.28439 0.00775993 0.0956239 0.0282109 
qwerty 8 4 0.0210858 0.228877 2.20076 1.93008 4.28725 0.0431748 0.0767443 0.0473946 
qwerty 8 4 0.0318124 0.197064 2.20447 1.94122 4.29049 -0.0940704 0.0310599 0.0136395 
qwerty 8 4 0.037965 0.159099 2.19521 1.95024 4.29499 -0.0677266 0.0371188 0.063524 
qwerty 8 4 0.026471 0.132628 2.18987 1.95317 4.3 -0.0921484 -0.00369976 0.0386651 
qwerty 8 4 0.00340902 0.124026 2.18919 1.95303 4.29906 -0.0517831 0.0134036 -0.0844917 
qwerty 8 4 0.00437639 0.119649 2.18858 1.95298 4.29814 -0.0717357 -0.000464098 -0.0696691 
qwerty 8 4 0.00231025 0.117339 2.18785 1.95306 4.29725 -0.0768686 -0.0112614 -0.0629635 
qwerty 8 4 0.00541198 0.111927 2.18633 1.95257 4.2963 -0.0691101 0.00888111 -0.0717281 
qwerty 8 4 0.00643593 0.105491 2.18484 1.95225 4.29483 -0.0562599 0.0202973 -0.0801426 
qwerty 8 4 0.0149207 0.0905703 2.18416 1.95304 4.29213 -0.0425609 -0.00124185 -0.0904822 
qwerty 8 4 0.0237069 0.0668634 2.18431 1.95156 4.2873 -0.0630976 0.0056066 -0.0773773 
qwerty 8 4 0.0668634 0 2.18177 1.95179 4.2842 -0.0630976 0.0056066 -0.0773773 
qwerty 16 15 0 0.281192 2.00645 2.03291 5.15 -0.0671159 -0.0583371 -0.0457409 
qwerty 16 15 0 0.281192 1.25 1.3754 4.63446 -0.0671159 -0.0583371 -0.0457409 
qwerty 16 15 0 0.281192 1.01602 1.17203 4.475 -0.0671159 -0.0583371 -0.0457409 
qwerty 14 4 0 0.243844 2.4589 3.42765 6.325 -0.053293 0.06283 0.0566767 
qwerty 14 4 0 0.243844 2.18548 3.75 6.61578 -0.053293 0.06283 0.0566767 
qwerty 14 4 0 0.243844 1.8242 4.17594 7 -0.053293 0.06283 0.0566767 
qwerty 13 4 0 5.87775 3.04762 2.75286 6.325 0.0185498 -0.0134254 0.097343 
qwerty 13 4 0 5.87775 3.17624 2.65976 7 0.0185498 -0.0134254 0.097343 
qwerty 13 4 0 5.87775 3.30487 2.56667 7.675 0.0185498 -0.0134254 0.097343 
qwerty 13 4 0 5.87775 3.4335 2.47357 8.35 0.0185498 -0.0134254 0.097343 
qwerty 13 4 0 5.87775 3.56213 2.38048 9.025 0.0185498 -0.0134254 0.097343 
qwerty 13 4 0 5.87775 3.69076 2.28738 9.7 0.0185498 -0.0134254 0.097343 
qwerty 13 4 0 5.87775 3.75 2.24451 10.0109 0.0185498 -0.0134254 0.097343 
qwerty 13 4 0 5.87775 3.81939 2.19429 10.375 0.0185498 -0.0134254 0.097343 
qwerty 13 4 0 5.87775 3.94802 2.10119 11.05 0.0185498 -0.0134254 0.097343 
qwerty 13 4 0 5.87775 4.07665 2.0081 11.725 0.0185498 -0.0134254 0.097343 
qwerty 13 4 0 5.87775 4.20527 1.915 12.4 0.0185498 -0.0134254 0.097343 
qwerty 13 4 0 5.87775 4.3339 1.82191 13.075 0.0185498 -0.0134254 0.097343 
qwerty 13 4 0 5.87775 4.46253 1.72881 13.75 0.0185498 -0.0134254 0.097343 
qwerty 13 4 0 5.87775 4.59116 1.63572 14.425 0.0185498 -0.0134254 0.097343 
qwerty 13 4 0 5.87775 4.71979 1.54262 15.1 0.0185498 -0.0134254 0.097343 
qwerty 13 4 0 5.87775 4.84842 1.44953 15.775 0.0185498 -0.0134254 0.097343 
qwerty 13 4 0 0.620467 4.82155 1.25 15.9742 -0.0302709 -0.0931925 0.0199709 
qwerty 13 4 0 0.620467 4.10038 -0.970223 16.45 -0.0302709 -0.0931925 0.0199709 
qwerty 21 13 0.868795 4.2507 5.13164 1.56628 16.45 0.0226792 0.0316346 0.0921136 
qwerty 21 13 0 0.149565 5.05224 1.5557 16.45 0.0348975 -0.091237 0.0214002 
qwerty 21 13 0.002525 0.120007 5.05237 1.55625 16.4489 -0.00174776 0.0411362 -0.0911304 
qwerty 21 13 0.00384059 0.116167 5.05217 1.55678 16.4479 -0.0114885 0.0554967 -0.0823901 
qwerty 21 13 0.00691209 0.109255 5.05226 1.55748 16.4469 -0.0185904 0.0699144 -0.0690389 
qwerty 21 13 0.00498857 0.104266 5.05227 1.55872 16.4459 -0.00298835 0.0886857 -0.0461077 
qwerty 21 13 0.0214201 0.082846 5.05261 1.5606 16.4445 -0.00382948 0.0877799 -0.0477497 
qwerty 21 13 0.0178858 0.0649602 5.05215 1.56269 16.4423 -0.0275748 0.0589547 -0.0759208 
qwerty 21 13 0.0649602 0 5.0511 1.56494 16.4394 -0.0275748 0.0589547 -0.0759208 
qwerty 11 4 0 3.44267 2.7956 3.05007 5.65 0.0290647 0.0490492 0.0821548 
qwerty 11 4 0 3.44267 3.03441 3.45306 6.325 0.0290647 0.0490492 0.0821548 
qwerty 11 4 0 1.01282 3.43768 3.75 6.52958 0.0837586 0.0516021 0.0179363 
qwerty 11 4 0 1.01282 5.63445 5.10339 7 0.0837586 0.0516021 0.0179363 
qwerty 11 4 0 0.435009 5.82982 6.04374 7.675 -0.0202631 0.0748732 0.0631143 
qwerty 11 4 0 0.435009 5.61311 6.8445 8.35 -0.0202631 0.0748732 0.0631143 
qwerty 10 4 0 9.89142 2.76205 3.26987 5.65 0.0222565 0.0672181 0.0706143 
qwerty 10 4 0 9.89142 2.9748 3.91241 6.325 0.0222565 0.0672181 0.0706143 
qwerty 10 4 0 9.89142 3.18755 4.55494 7 0.0222565 0.0672181 0.0706143 
qwerty 10 4 0 9.89142 3.4003 5.19748 7.675 0.0222565 0.0672181 0.0706143 
qwerty 10 4 0 9.89142 3.61304 5.84002 8.35 0.0222565 0.0672181 0.0706143 
qwerty 10 4 0 9.89142 3.75 6.25364 8.78452 0.0222565 0.0672181 0.0706143 
qwerty 10 4 0 9.89142 3.82579 6.48255 9.025 0.0222565 0.0672181 0.0706143 
qwerty 10 4 0 9.89142 4.03854 7.12509 9.7 0.0222565 0.0672181 0.0706143 
qwerty 10 4 0 9.89142 4.25129 7.76762 10.375 0.0222565 0.0672181 0.0706143 
qwerty 10 4 0 9.89142 4.46404 8.41016 11.05 0.0222565 0.0672181 0.0706143 
qwerty 10 4 0 9.89142 4.67679 9.0527 11.725 0.0222565 0.0672181 0.0706143 
qwerty 9 4 0 0.385803 2.56437 2.17891 4.975 0.0433089 0.0417725 0.0798711 
qwerty 9 4 0 0.385803 2.93038 2.53194 5.65 0.0433089 0.0417725 0.0798711 
qwerty 7 4 0 0.257205 2.20325 1.84188 4.3 0.0430275 0.0240058 0.0870193 
qwerty 6 4 0 0.250534 2.17024 1.9255 4.3 0.0357204 0.038743 0.0849884 
qwerty 6 4 0 0.238909 2.44774 2.22648 4.96025 0.0255985 0.0749391 0.0610644 
qwerty 6 4 0 0.238909 2.45393 2.24458 4.975 0.0255985 0.0749391 0.0610644 
qwerty 34 6 0.0116253 0 2.44779 2.22634 4.96036 0.0258486 -0.0747792 0.0611549 
qwerty 2 1 0 216.433 -0.117116 -0.101003 0.25 -0.0223774 -0.0192988 0.0955343 
qwerty 2 1 0 216.433 -0.275224 -0.23736 0.925 -0.0223774 -0.0192988 0.0955343 
qwerty 2 1 0 216.433 -0.433332 -0.373716 1.6 -0.0223774 -0.0192988 0.0955343 
qwerty 2 1 0 216.433 -0.59144 -0.510072 2.275 -0.0223774 -0.0192988 0.0955343 
qwerty 2 1 0 216.433 -0.749548 -0.646428 2.95 -0.0223774 -0.0192988 0.0955343 
qwerty 2 1 0 216.433 -0.907656 -0.782784 3.625 -0.0223774 -0.0192988 0.0955343 
qwerty 2 1 0 216.433 -1.06576 -0.919141 4.3 -0.0223774 -0.0192988 0.0955343 
qwerty 37 2 0.826733 84.2351 -1.20504 -1.05088 4.975 -0.0194503 -0.0173983 0.0965349 
qwerty 37 2 0.806883 73.9796 -1.38352 -1.15651 5.65 -0.0286246 -0.0170589 0.0942848 
qwerty 37 2 1.03532 17.3328 -1.49558 -1.29147 6.325 -0.0121061 -0.0239547 0.0963307 
qwerty 37 2 0 13.5522 -1.52711 -1.38322 6.5 0.0295798 -0.0904267 -0.0307903 
qwerty 37 2 0.229934 2.6749 -1.51465 -1.59744 6.65452 0.010175 0.00674919 0.0992518 
qwerty 37 2 0.513242 2.16165 -1.47923 -1.57395 7 0.0436051 0.0637893 0.0634786 
qwerty 30 10 0.520428 5.67364 4.53574 9.46387 12.0377 -0.0554084 0.0659668 0.0507768 
qwerty 30 10 0.141302 5.03993 4.49666 9.51535 12.0805 -0.0412063 0.0683353 0.0602688 
qwerty 30 10 0.946418 4.09352 4.27824 9.87756 12.4 -0.0597491 0.0721527 0.0349862 
qwerty 30 10 1.05042 2.8011 4.47437 10.0892 11.923 0.0355155 0.0403538 -0.0843221 
qwerty 30 10 0.0445128 2.75658 4.48406 10.1002 11.9 0.0173665 0.0420411 -0.0890559 
qwerty 5 3 1.05677 73.9526 2.16997 1.88276 4.3 0.0395003 0.0309068 0.086513 
qwerty 5 3 1.30219 46.8904 2.43052 1.99801 4.975 0.0342005 0.0149457 0.0927736 
qwerty 5 3 0.89293 39.4917 2.73436 2.06871 5.65 0.0379894 0.00985178 0.0919769 
qwerty 5 3 1.17915 29.6411 2.88966 2.07303 6.325 0.0101471 -0.00534222 0.0993403 
qwerty 5 3 0.377645 25.7004 2.86242 1.99226 6.72525 -0.0110733 -0.00530003 0.0992436 
qwerty 5 3 0.453729 25.2467 2.83176 1.97758 7 -0.0140267 -0.00179541 0.0989951 
qwerty 5 3 0.57204 20.0353 2.71592 1.95521 7.53323 -0.0187217 -0.00704485 0.0979789 
qwerty 5 3 0.127685 19.8916 2.70377 1.94936 7.59943 -0.0168083 -0.00695203 0.0983318 
qwerty 5 3 0.101451 19.7901 2.69085 1.94402 7.675 -0.0168783 -0.00850122 0.098198 
qwerty 5 3 1.02116 12.7363 2.61547 2.29875 8.33567 -0.00706188 0.0724658 0.0685481 
qwerty 5 3 0.0282121 12.7081 2.614 2.31389 8.35 -0.00745891 0.0724919 0.0684784 
qwerty 5 3 1.60491 6.89729 1.84114 2.91284 9.025 -0.045076 0.0451843 0.076984 
qwerty 5 3 0.568564 1.70621 1.94129 2.99792 9.53954 0.0216123 -0.00542574 0.0974858 
qwerty 5 3 0.273666 1.43254 1.97686 2.98899 9.7 0.0682707 0.00243653 0.0730286 
qwerty 5 3 0.0386046 0.616011 1.99302 3.01272 9.69499 -0.0322332 0.0943675 0.00746996 
qwerty 5 3 0.0423541 0.573657 1.98357 3.03739 9.6998 -0.0551051 0.0805905 0.0216473 
qwerty 5 3 0.000688535 0.572969 1.98307 3.03813 9.7 -0.0571575 0.0790274 0.0220834 
qwerty 5 3 0.0344358 0.516599 1.96104 3.04641 9.69948 -0.0850202 0.0523262 0.00579148 
qwerty 5 3 0.0142073 0.502392 1.95345 3.05108 9.7 -0.088441 0.0428573 0.018478 
qwerty 84 5 0.332391 0 1.99714 3.00415 9.55052 0.0975391 0.0108932 0.0191695 
qwerty 73 5 0.226332 0.87188 2.6399 1.99234 7.61296 -0.0697509 0.0510403 0.0502961 
qwerty 73 5 0.200627 0.671253 2.58854 2.03516 7.67195 -0.0638625 0.0455823 0.0619987 
qwerty 73 5 0.0148065 0.656446 2.5854 2.0374 7.675 -0.0645869 0.0442831 0.0621895 
qwerty 70 5 0.232741 0.456288 2.84359 2.1249 6.76538 0.00200453 0.0912972 0.040753 
qwerty 70 5 0.327307 0.128981 2.8454 2.2073 6.80216 0.0303467 -0.00102524 -0.0952787 
qwerty 70 5 0.128981 0 2.84918 2.20718 6.79031 0.0303467 -0.00102524 -0.0952787 
qwerty 56 30 0.175799 0.31661 4.41042 9.49643 12.0231 -0.0906175 -0.0379731 -0.0186149 
qwerty 56 30 0.31661 0 4.36227 9.47625 12.0132 -0.0906175 -0.0379731 -0.0186149 
qwerty 55 30 0.109887 0.713009 4.51298 9.539 12.0361 -0.0827707 0.0417483 0.0374979 
qwerty 55 30 0.193209 0.5198 4.44936 9.54879 12.0718 -0.073271 0.0496884 0.0465019 
qwerty 55 30 0.240207 0.279593 4.37197 9.55444 12.1317 -0.0296355 -0.0196244 0.0934699 
qwerty 55 30 0.279593 0 4.35898 9.54584 12.1726 -0.0296355 -0.0196244 0.0934699 
qwerty 51 37 0.150494 0.547171 -1.5749 -1.58859 6.71796 -0.0294558 0.0106852 0.0949641 
qwerty 51 37 0.198514 0.348657 -1.57922 -1.56259 6.81316 -0.0421127 0.0222277 0.0879343 
qwerty 51 37 0.348657 0 -1.60516 -1.5489 6.86732 -0.0198488 -0.00300417 0.0979643 
qwerty 36 2 0.950622 129.12 -1.21939 -1.06372 4.975 -0.0208199 -0.0212188 0.0954793 
qwerty 36 2 0.999792 123.187 -1.32627 -1.23656 5.65 -0.0137865 -0.02453 0.0959594 
qwerty 36 2 0.82949 120.321 -1.48347 -1.56778 6.325 -0.0217271 -0.0472078 0.0854363 
qwerty 36 2 0.927974 113.83 -1.69143 -1.94271 7 -0.0254416 -0.0480878 0.0839064 
qwerty 36 2 1.0504 36.1516 -1.92466 -2.33315 7.675 -0.0320176 -0.0511489 0.0797412 
qwerty 36 2 0.807426 29.2669 -2.10543 -2.60835 8.35 -0.0131982 -0.0310732 0.094129 
qwerty 36 2 0.194323 26.6219 -2.12215 -2.7239 8.64587 0.0043123 -0.0439442 0.0897235 
qwerty 36 2 0.64293 25.979 -2.10393 -2.90959 9.025 0.00219546 -0.0435965 0.0899696 
qwerty 36 2 1.06534 21.0175 -2.26543 -3.18194 9.7 -0.0269697 -0.0455162 0.0848582 
qwerty 36 2 0.141391 15.4599 -2.48558 -3.29574 9.88455 -0.0923302 -0.0372876 0.00920714 
qwerty 36 2 2.22041 13.2395 -3.75 -3.80637 10.0106 -0.0810378 -0.0570585 0.0133115 
qwerty 36 2 0.861548 11.7044 -4.14258 -4.13457 10.0868 -0.0748893 -0.0660441 0.005455 
qwerty 36 2 2.74636 8.95804 -5.22226 -5.11089 10.3259 -0.0615306 -0.078221 0.00977069 
qwerty 36 2 0.832466 8.12558 -5.53155 -5.50408 10.375 -0.0633857 -0.0724057 0.0271969 
qwerty 36 2 0.449441 5.22829 -5.67555 -5.85909 10.2609 -0.0549666 -0.0650681 -0.052391 
qwerty 36 2 1.30142 3.92688 -6.06311 -6.33099 9.898 -0.0367784 -0.0793734 -0.048448 
qwerty 36 2 0.184897 3.74198 -6.08057 -6.36866 9.875 -0.0326342 -0.0780528 -0.0533176 
qwerty 36 2 0.400714 2.81323 -6.25 -6.54316 9.99436 -0.0694421 -0.0387254 0.0606477 
qwerty 36 2 0.999678 1.81355 -6.48045 -6.71048 10.3208 -0.0644548 -0.0150296 0.0749646 
qwerty 36 2 0.103206 1.71035 -6.52708 -6.72135 10.375 -0.0655339 -0.0109986 0.0747284 
qwerty 36 2 0.431688 1.1248 -6.62863 -6.90276 10.1755 -0.0675089 -0.0310946 -0.0669005 
qwerty 36 2 0.385015 0.73979 -6.8166 -7.04035 10.1164 -0.0934615 -0.0303212 -0.0185896 
qwerty 36 2 0.369583 0.370206 -6.93052 -7.1847 10.1219 0.0624133 -0.0546872 -0.0558022 
qwerty 36 2 0.273236 0.0969704 -6.88844 -7.22157 10.0842 0.0396457 -0.0815514 0.0421614 
qwerty 36 2 0.0969704 0 -6.88541 -7.22781 10.0875 0.0396457 -0.0815514 0.0421614 
qwerty 106 36 0.224479 0.449081 -4.17267 -4.15796 9.98049 -0.0807128 0.030878 -0.050319 
qwerty 106 36 0.121922 0.327158 -4.22041 -4.10966 9.97169 0.0321676 0.0820408 -0.0472711 
qwerty 106 36 0.135343 0.191815 -4.22703 -4.0682 9.95393 0.0541953 0.0629326 -0.0556988 
qwerty 106 36 0.191815 0 -4.21401 -4.05308 9.94055 0.0541953 0.0629326 -0.0556988 
qwerty 105 36 0.0317635 0.978498 -2.49648 -3.31445 9.875 -0.0489433 -0.0846893 -0.0207913 
qwerty 105 36 0.0134781 0.405067 -2.5051 -3.33279 9.87583 -0.0092683 -0.093949 0.0329802 
qwerty 105 36 0.017261 0.387806 -2.50583 -3.3409 9.87996 -0.04781 -0.065468 0.0585504 
qwerty 105 36 0.0284723 0.359334 -2.50842 -3.34747 9.8853 -0.0335232 -0.0866672 0.0369459 
qwerty 105 36 0.0187313 0.340602 -2.51051 -3.35729 9.88782 -0.0351768 -0.0814037 0.0462172 
qwerty 105 36 0.0170953 0.323507 -2.5127 -3.36565 9.89031 -0.0166372 -0.0855565 0.0490233 
qwerty 105 36 0.0185984 0.298049 -2.51337 -3.37373 9.89576 -0.0374394 -0.083057 0.041229 
qwerty 105 36 0.028188 0.269861 -2.51489 -3.38441 9.90232 -0.034714 -0.0653363 0.0672763 
qwerty 105 36 0.0408162 0.229044 -2.51541 -3.3955 9.91328 -0.0409219 -0.0766105 0.0495604 
qwerty 105 36 0.0428468 0.186198 -2.52152 -3.41651 9.91353 -0.0609808 0.0223095 -0.0760502 
qwerty 105 36 0.0856773 0.10052 -2.52226 -3.408 9.89315 0.0184648 0.0982229 0.00336377 
qwerty 105 36 0.10052 0 -2.52076 -3.4 9.89342 0.0184648 0.0982229 0.00336377 
qwerty 96 36 1.34788 9.62168 -1.92543 -2.69461 7.675 -0.0258397 -0.0834402 0.048683 
qwerty 110 89 0 0.377882 -1.36469 -1.2941 5.825 0.0217074 0.0475617 -0.0852448 
qwerty 110 89 0 0.377882 -1.1928 -0.917486 5.15 0.0217074 0.0475617 -0.0852448 
qwerty 110 89 0 0.295706 -1.00598 -1.08215 4.475 0.0250071 -0.0390038 -0.0886191 
qwerty 108 105 0 0.00686 -2.5375 -3.38585 9.875 -0.0708475 -0.0355799 -0.0609483 
qwerty 107 36 1.756e-05 0 -5.69544 -5.88162 10.24 -0.0543182 -0.0615569 -0.0570988 
qwerty 116 107 0.00373202 0 -5.69542 -5.88162 10.24 0.084555 0.0185353 -0.050069 
qwerty 103 36 0 0.324718 -2.79521 -3.25784 10.375 -0.0633939 -0.00524845 0.07716 
qwerty 102 36 0 0.185247 -2.38173 -3.27033 10.0156 0.0328987 0.0677376 -0.0657973 
qwerty 102 36 0 0.185247 -2.31145 -3.12563 9.875 0.0328987 0.0677376 -0.0657973 
qwerty 119 102 0.309967 0.0814681 -2.40598 -3.29644 10.0795 0.0991572 -0.00111218 0.0129076 
qwerty 119 102 0.0814681 0 -2.40036 -3.29651 10.0802 0.0991572 -0.00111218 0.0129076 
qwerty 99 36 0.00029101 0 -2.12069 -2.73678 8.67098 0.00516247 -0.0455985 0.0888489 
qwerty 122 99 0.00322568 0 -2.12069 -2.73678 8.671 0.0148379 0.0430614 0.0890256 
qwerty 98 36 0 0.835637 -2.45007 -2.94907 8.35 -0.0502172 -0.0595218 0.0627327 
qwerty 98 36 0 0.835637 -2.99041 -3.58953 9.025 -0.0502172 -0.0595218 0.0627327 
qwerty 98 36 0 0.835637 -3.53074 -4.22998 9.7 -0.0502172 -0.0595218 0.0627327 
qwerty 98 36 0 0.835637 -3.75 -4.48986 9.9739 -0.0502172 -0.0595218 0.0627327 
qwerty 98 36 0 0.835637 -4.07108 -4.87043 10.375 -0.0502172 -0.0595218 0.0627327 
qwerty 98 36 0 0.835637 -4.61141 -5.51088 11.05 -0.0502172 -0.0595218 0.0627327 
qwerty 98 36 0 0.835637 -5.15174 -6.15133 11.725 -0.0502172 -0.0595218 0.0627327 
qwerty 97 36 0 0.712747 -2.28598 -2.90255 8.35 -0.0356511 -0.0611532 0.0706348 
qwerty 97 36 0 0.712747 -2.62667 -3.48694 9.025 -0.0356511 -0.0611532 0.0706348 
qwerty 97 36 0 0.712747 -2.78003 -3.75 9.32885 -0.0356511 -0.0611532 0.0706348 
qwerty 97 36 0 0.712747 -2.96736 -4.07133 9.7 -0.0356511 -0.0611532 0.0706348 
qwerty 97 36 0 0.693807 -3.23802 -4.53561 10.2363 -0.0507303 -0.0636682 0.0580757 
qwerty 97 36 0 0.693807 -3.35921 -4.68771 10.375 -0.0507303 -0.0636682 0.0580757 
qwerty 97 36 0 0.49788 -3.79409 -5.23349 10.8728 -0.0919563 -0.0025014 0.0392146 
qwerty 97 36 0 0.49788 -4.20951 -5.24479 11.05 -0.0919563 -0.0025014 0.0392146 
qwerty 97 36 0 0.49788 -5.79235 -5.28785 11.725 -0.0919563 -0.0025014 0.0392146 
qwerty 126 97 0.195927 0 -3.7887 -5.25534 10.8834 0.0216711 -0.0878788 0.0425169 
qwerty 125 97 0.0189403 0 -3.23772 -4.53559 10.2366 0.0697003 0.00417812 0.071585 
qwerty 95 36 0 0.46029 -1.89479 -2.38234 7.675 -0.02447 -0.05365 0.0807644 
qwerty 95 36 0 0.46029 -2.0993 -2.83073 8.35 -0.02447 -0.05365 0.0807644 
qwerty 94 36 0 4.51051 -1.93204 -2.39213 7.675 -0.0293413 -0.0537929 0.0790279 
qwerty 94 36 0 4.51051 -2.18265 -2.85159 8.35 -0.0293413 -0.0537929 0.0790279 
qwerty 94 36 0 4.51051 -2.43326 -3.31105 9.025 -0.0293413 -0.0537929 0.0790279 
qwerty 94 36 0 4.51051 -2.67269 -3.75 9.66987 -0.0293413 -0.0537929 0.0790279 
qwerty 94 36 0 4.51051 -2.68388 -3.77051 9.7 -0.0293413 -0.0537929 0.0790279 
qwerty 94 36 0 4.51051 -2.93449 -4.22997 10.375 -0.0293413 -0.0537929 0.0790279 
qwerty 94 36 0 4.51051 -3.1851 -4.68943 11.05 -0.0293413 -0.0537929 0.0790279 
qwerty 94 36 0 4.51051 -3.43571 -5.14889 11.725 -0.0293413 -0.0537929 0.0790279 
qwerty 94 36 0 4.51051 -3.68633 -5.60835 12.4 -0.0293413 -0.0537929 0.0790279 
qwerty 93 36 0 57.0868 -1.9298 -2.39148 7.675 -0.0282392 -0.0535127 0.0796175 
qwerty 134 93 1.06439 31.2393 -2.12486 -2.72226 8.24886 -0.0208787 -0.044903 0.086878 
qwerty 134 93 0.186748 31.0525 -2.14917 -2.77453 8.35 -0.0222439 -0.0436406 0.087182 
qwerty 134 93 1.04424 22.8263 -1.96848 -2.93333 9.025 0.0364126 -0.0184864 0.0912818 
qwerty 134 93 0.81499 18.8504 -1.97863 -3.02439 9.60056 -0.0159987 -0.0188208 0.0969011 
qwerty 134 93 0.138446 18.7119 -1.99505 -3.0437 9.7 -0.0117381 -0.0156975 0.0980602 
qwerty 134 93 1.4984 9.15868 -2.30486 -2.17432 10.375 -0.0218467 0.0820067 0.0528925 
qwerty 142 134 0.230336 0.141797 -2.00953 -3.00801 9.65226 -0.0847479 -0.0265834 -0.0459468 
qwerty 142 134 0.141797 0 -2.02189 -3.01188 9.64555 -0.0847479 -0.0265834 -0.0459468 
qwerty 137 134 0.269629 2.12298 -2.25535 -2.80315 8.35 -0.0366366 -0.0865667 0.034117 
qwerty 137 134 0.50361 1.40603 -2.50775 -2.89026 8.16324 -0.0701345 -0.0709935 -0.00640902 
qwerty 137 134 0.457729 0.948305 -2.63362 -3.10434 8.04995 -0.0607535 -0.00245963 -0.0793912 
qwerty 137 134 0.352512 0.595793 -2.77575 -3.11969 7.92832 0.0476738 -0.0369348 -0.0797686 
qwerty 137 134 0.232297 0.363496 -2.72894 -3.15595 7.85 0.0726408 -0.0152029 -0.0670237 
qwerty 152 134 0 1.25497 -2.41606 -2.13793 11.05 -0.00656072 -0.0129894 0.0989355 
qwerty 152 134 0 1.25497 -2.46082 -2.22655 11.725 -0.00656072 -0.0129894 0.0989355 
qwerty 152 134 0 1.25497 -2.50558 -2.31517 12.4 -0.00656072 -0.0129894 0.0989355 
qwerty 152 134 0 1.25497 -2.55034 -2.40379 13.075 -0.00656072 -0.0129894 0.0989355 
qwerty 152 134 0 1.25497 -2.5951 -2.49242 13.75 -0.00656072 -0.0129894 0.0989355 
qwerty 152 134 0 1.25497 -2.63987 -2.58104 14.425 -0.00656072 -0.0129894 0.0989355 
qwerty 152 134 0 1.25497 -2.68463 -2.66966 15.1 -0.00656072 -0.0129894 0.0989355 
qwerty 152 134 0 1.25497 -2.72939 -2.75828 15.775 -0.00656072 -0.0129894 0.0989355 
qwerty 152 134 0 1.25497 -2.77415 -2.8469 16.45 -0.00656072 -0.0129894 0.0989355 
qwerty 152 134 0 0.52191 -3.75 -2.90175 16.85 -0.0929874 -0.00500734 0.0364455 
qwerty 152 134 0 0.52191 -4.45168 -2.93953 17.125 -0.0929874 -0.00500734 0.0364455 
qwerty 151 134 0 1.20302 -2.57673 -1.59618 11.05 -0.0251424 0.0616646 0.0746012 
qwerty 147 134 0 0.258651 -2.21554 -2.35105 10.375 -0.0192106 0.0711963 0.0675428 
qwerty 146 134 0 1.13347 -2.43157 -1.28743 10.375 -0.0207784 0.093271 0.0294752 
qwerty 146 134 0 1.13347 -2.90741 0.848532 11.05 -0.0207784 0.093271 0.0294752 
qwerty 146 134 0 1.13347 -3.38324 2.98449 11.725 -0.0207784 0.093271 0.0294752 
qwerty 146 134 0 1.04882 -3.39222 3.75 11.9352 0.00564742 0.0966082 0.0251985 
qwerty 146 134 0 1.04882 -3.28805 5.53195 12.4 0.00564742 0.0966082 0.0251985 
qwerty 146 134 0 1.04882 -3.13677 8.11982 13.075 0.00564742 0.0966082 0.0251985 
qwerty 146 134 0 1.04882 -2.98549 10.7077 13.75 0.00564742 0.0966082 0.0251985 
qwerty 145 134 0 1.60789 -2.61165 -1.9588 10.375 -0.0415849 0.0803823 0.0425367 
qwerty 145 134 0 1.60789 -2.97834 -1.25 10.7501 -0.0415849 0.0803823 0.0425367 
qwerty 145 134 0 1.60789 -3.27155 -0.683247 11.05 -0.0415849 0.0803823 0.0425367 
qwerty 145 134 0 1.60789 -3.75 0.241588 11.5394 -0.0415849 0.0803823 0.0425367 
qwerty 145 134 0 1.60789 -3.93144 0.592311 11.725 -0.0415849 0.0803823 0.0425367 
qwerty 145 134 0 1.60789 -4.27169 1.25 12.073 -0.0415849 0.0803823 0.0425367 
qwerty 145 134 0 1.09124 -4.52089 1.73168 12.3279 -0.0349222 0.0437782 0.0828487 
qwerty 145 134 0 1.09124 -4.55126 1.76976 12.4 -0.0349222 0.0437782 0.0828487 
qwerty 172 145 0.0734141 0.443235 -4.53308 1.76219 12.3091 -0.00252225 0.0756377 -0.0653649 
qwerty 172 145 0.119463 0.323772 -4.54671 1.80481 12.2868 0.00760269 0.0689299 -0.0720477 
qwerty 172 145 0.323772 0 -4.54253 1.84271 12.2472 0.00760269 0.0689299 -0.0720477 
qwerty 141 134 0 0.434247 -1.81026 -3.17326 9.7 0.0204129 -0.0346597 0.0915534 
qwerty 141 134 0 0.434247 -1.65976 -3.4288 10.375 0.0204129 -0.0346597 0.0915534 
qwerty 141 134 0 0.434247 -1.50926 -3.68434 11.05 0.0204129 -0.0346597 0.0915534 
qwerty 141 134 0 0.434247 -1.35876 -3.93988 11.725 0.0204129 -0.0346597 0.0915534 
qwerty 141 134 0 0.434247 -1.20826 -4.19541 12.4 0.0204129 -0.0346597 0.0915534 
qwerty 140 134 0 0.770274 -1.97987 -2.92465 9.025 0.0327182 -0.0181983 0.0927272 
qwerty 140 134 0 0.770274 -1.74171 -3.05712 9.7 0.0327182 -0.0181983 0.0927272 
qwerty 140 134 0 0.770274 -1.50354 -3.18959 10.375 0.0327182 -0.0181983 0.0927272 
qwerty 140 134 0 0.770274 -1.26537 -3.32207 11.05 0.0327182 -0.0181983 0.0927272 
qwerty 140 134 0 0.770274 -1.0272 -3.45454 11.725 0.0327182 -0.0181983 0.0927272 
qwerty 140 134 0 0.770274 -0.789027 -3.58701 12.4 0.0327182 -0.0181983 0.0927272 
qwerty 140 134 0 0.770274 -0.550857 -3.71949 13.075 0.0327182 -0.0181983 0.0927272 
qwerty 140 134 0 0.757391 -0.453804 -3.75 13.3041 0.0430072 -0.00760814 0.0899583 
qwerty 140 134 0 0.757391 -0.240641 -3.78771 13.75 0.0430072 -0.00760814 0.0899583 
qwerty 140 134 0 0.757391 0.082063 -3.8448 14.425 0.0430072 -0.00760814 0.0899583 
qwerty 140 134 0 0.757391 0.404767 -3.90188 15.1 0.0430072 -0.00760814 0.0899583 
qwerty 140 134 0 0.757391 0.727471 -3.95897 15.775 0.0430072 -0.00760814 0.0899583 
qwerty 140 134 0 0.757391 1.05017 -4.01606 16.45 0.0430072 -0.00760814 0.0899583 
qwerty 140 134 0 0.757391 1.25 -4.05141 16.868 0.0430072 -0.00760814 0.0899583 
qwerty 140 134 0 0.757391 1.37288 -4.07315 17.125 0.0430072 -0.00760814 0.0899583 
qwerty 139 134 0 0.461047 -2.62088 -2.69781 8.83125 -0.0728077 -0.0204025 0.0654429 
qwerty 139 134 0 0.461047 -2.83643 -2.75822 9.025 -0.0728077 -0.0204025 0.0654429 
qwerty 181 139 0.0417587 0 -2.62139 -2.69614 8.83115 -0.0291271 0.0954808 -0.00591797 
qwerty 136 134 0 1.04651 -2.15316 -2.85234 8.35 -0.0254855 -0.0545462 0.0798449 
qwerty 136 134 0 1.04651 -2.36861 -3.31347 9.025 -0.0254855 -0.0545462 0.0798449 
qwerty 91 36 0 0.452098 -1.91174 -2.32528 7.675 -0.027345 -0.0474628 0.0836632 
qwerty 90 36 0 1.61415 -1.69564 -1.91386 7 -0.0269009 -0.0429325 0.0862157 
qwerty 90 36 0 1.61415 -1.90625 -2.24999 7.675 -0.0269009 -0.0429325 0.0862157 
qwerty 90 36 0 1.11666 -1.78906 -2.88824 8.35 0.0159976 -0.0696741 0.0699256 
qwerty 90 36 0 1.10359 -1.58661 -3.48338 9.025 0.0232531 -0.0633085 0.0738331 
qwerty 90 36 0 1.10359 -1.48868 -3.75 9.33595 0.0232531 -0.0633085 0.0738331 
qwerty 90 36 0 1.10359 -1.37403 -4.06216 9.7 0.0232531 -0.0633085 0.0738331 
qwerty 90 36 0 1.10359 -1.25 -4.39983 10.0938 0.0232531 -0.0633085 0.0738331 
qwerty 90 36 0 1.10359 -1.16144 -4.64094 10.375 0.0232531 -0.0633085 0.0738331 
qwerty 90 36 0 1.10359 -0.948856 -5.21972 11.05 0.0232531 -0.0633085 0.0738331 
qwerty 87 5 0 0.510999 2.01454 3.10969 9.2 0.0124388 0.0101099 -0.098707 
qwerty 87 5 0 0.510999 2.0996 3.17883 8.525 0.0124388 0.0101099 -0.098707 
qwerty 87 5 0 0.398722 3.05709 3.24826 7.85 0.084553 0.00379112 -0.0532581 
qwerty 83 5 0 0.156484 1.73017 2.85555 9.32233 0.0336223 0.00350129 -0.0941131 
qwerty 83 5 0 0.156484 1.77387 2.8601 9.2 0.0336223 0.00350129 -0.0941131 
qwerty 200 83 0.162612 0.0699276 1.72292 2.8504 9.34608 0.0039538 -0.0720249 0.0692588 
qwerty 200 83 0.0699276 0 1.7231 2.84727 9.34908 0.0039538 -0.0720249 0.0692588 
qwerty 202 200 0.00029101 0 1.76088 2.77908 9.46154 0.026938 -0.0506067 0.0819348 
qwerty 203 202 0.00516243 0 1.7609 2.77905 9.46152 0.0477052 -0.0705811 -0.0523691 
qwerty 82 5 0 0.570716 1.37215 2.60627 9.7 -0.0506428 -0.042031 0.0752908 
qwerty 77 5 0 1.52821 2.61373 2.30932 8.35 -0.00971552 0.059113 0.0800703 
qwerty 77 5 0 1.52821 2.53183 2.80765 9.025 -0.00971552 0.059113 0.0800703 
qwerty 77 5 0 1.52821 2.44993 3.30598 9.7 -0.00971552 0.059113 0.0800703 
qwerty 77 5 0 0.917627 2.01492 3.50809 10.375 -0.0601119 0.0154403 0.0784102 
qwerty 77 5 0 0.917627 1.49745 3.64101 11.05 -0.0601119 0.0154403 0.0784102 
qwerty 77 5 0 0.917627 1.25 3.70457 11.3728 -0.0601119 0.0154403 0.0784102 
qwerty 77 5 0 0.917627 0.979969 3.77393 11.725 -0.0601119 0.0154403 0.0784102 
qwerty 76 5 0 1.5616 2.4557 1.89605 8.35 -0.032885 -0.00665817 0.0942032 
qwerty 76 5 0 1.5504 2.20832 1.80554 9.025 -0.0343018 -0.013277 0.0929898 
qwerty 76 5 0 1.5504 1.95933 1.70917 9.7 -0.0343018 -0.013277 0.0929898 
qwerty 76 5 0 1.5504 1.71033 1.61279 10.375 -0.0343018 -0.013277 0.0929898 
qwerty 76 5 0 0.959354 1.21213 1.25 10.8236 -0.0676142 -0.0506213 0.0535332 
qwerty 76 5 0 0.959354 0.926169 1.03591 11.05 -0.0676142 -0.0506213 0.0535332 
qwerty 76 5 0 0.959354 0.0736218 0.397623 11.725 -0.0676142 -0.0506213 0.0535332 
qwerty 76 5 0 0.959354 -0.778926 -0.24066 12.4 -0.0676142 -0.0506213 0.0535332 
qwerty 76 5 0 0.959354 -1.25 -0.593343 12.773 -0.0676142 -0.0506213 0.0535332 
qwerty 76 5 0 0.959354 -1.63147 -0.878943 13.075 -0.0676142 -0.0506213 0.0535332 
qwerty 76 5 0 0.959354 -2.12709 -1.25 13.4674 -0.0676142 -0.0506213 0.0535332 
qwerty 76 5 0 0.959354 -2.48402 -1.51723 13.75 -0.0676142 -0.0506213 0.0535332 
qwerty 76 5 0 0.959354 -3.33657 -2.15551 14.425 -0.0676142 -0.0506213 0.0535332 
qwerty 74 5 0 0.0160599 2.6949 1.94336 7.675 -0.0116152 -0.0078598 0.0990117 
qwerty 72 5 0 0.451331 2.63136 1.95275 7.675 -0.0299868 -0.00377999 0.0953231 
qwerty 67 5 0 6.40525 2.85497 2.12908 6.325 0.0153502 0.0106256 0.0982419 
qwerty 67 5 0 6.40525 2.96044 2.20209 7 0.0153502 0.0106256 0.0982419 
qwerty 67 5 0 6.40525 3.06591 2.27509 7.675 0.0153502 0.0106256 0.0982419 
qwerty 67 5 0 6.40525 3.17138 2.3481 8.35 0.0153502 0.0106256 0.0982419 
qwerty 67 5 0 6.40525 3.27685 2.4211 9.025 0.0153502 0.0106256 0.0982419 
qwerty 67 5 0 6.40525 3.38231 2.49411 9.7 0.0153502 0.0106256 0.0982419 
qwerty 67 5 0 6.40525 3.48778 2.56712 10.375 0.0153502 0.0106256 0.0982419 
qwerty 67 5 0 6.40525 3.59325 2.64012 11.05 0.0153502 0.0106256 0.0982419 
qwerty 66 5 0 2.76162 2.82075 2.05335 5.65 0.0507007 0.00588195 0.0859933 
qwerty 66 5 0 2.76162 3.21873 2.09952 6.325 0.0507007 0.00588195 0.0859933 
qwerty 66 5 0 2.76162 3.6167 2.14569 7 0.0507007 0.00588195 0.0859933 
qwerty 66 5 0 2.76162 3.75 2.16116 7.22609 0.0507007 0.00588195 0.0859933 
qwerty 66 5 0 2.76162 4.01467 2.19186 7.675 0.0507007 0.00588195 0.0859933 
qwerty 66 5 0 2.76162 4.41265 2.23803 8.35 0.0507007 0.00588195 0.0859933 
qwerty 66 5 0 1.25625 5.40717 1.62958 9.025 0.0738274 -0.0451972 0.0500672 
qwerty 66 5 0 1.25625 6.02719 1.25 9.44547 0.0738274 -0.0451972 0.0500672 
qwerty 66 5 0 1.25625 6.4025 1.02023 9.7 0.0738274 -0.0451972 0.0500672 
qwerty 66 5 0 0.373874 7.29983 0.470889 10.3085 0.0199274 -0.0611363 -0.0765849 
qwerty 66 5 0 0.373874 7.41264 0.124806 9.875 0.0199274 -0.0611363 -0.0765849 
qwerty 66 5 0 0.373874 7.58827 -0.414033 9.2 0.0199274 -0.0611363 -0.0765849 
qwerty 66 5 0 0.373874 7.76391 -0.952872 8.525 0.0199274 -0.0611363 -0.0765849 
qwerty 227 66 0.0869422 0.79543 7.33092 0.465385 10.3586 0.0502911 -0.00914014 0.0859492 
qwerty 227 66 0.0345202 0.76091 7.34052 0.46364 10.375 0.0576865 -0.00216059 0.0816554 
qwerty 227 66 0 0.174814 7.33732 0.465543 10.375 0.0341123 0.0323748 0.0882509 
qwerty 65 5 0 0.906537 2.78192 2.05947 5.65 0.0462645 0.00712065 0.0883679 
qwerty 65 5 0 0.843005 2.9149 2.10963 6.325 0.0187397 0.00726894 0.0979591 
qwerty 65 5 0 0.843005 3.04402 2.15972 7 0.0187397 0.00726894 0.0979591 
qwerty 65 5 0 0.843005 3.17315 2.20981 7.675 0.0187397 0.00726894 0.0979591 
qwerty 65 5 0 0.451145 2.47841 1.8715 8.35 -0.0690705 -0.0335857 0.0640411 
qwerty 65 5 0 0.451145 1.7504 1.5175 9.025 -0.0690705 -0.0335857 0.0640411 
qwerty 64 5 0 4.44408 2.43179 2.00262 4.975 0.0355647 0.0141684 0.0923818 
qwerty 64 5 0 4.44408 2.69164 2.10614 5.65 0.0355647 0.0141684 0.0923818 
qwerty 64 5 0 4.44408 2.9515 2.20967 6.325 0.0355647 0.0141684 0.0923818 
qwerty 64 5 0 4.44408 3.21136 2.31319 7 0.0355647 0.0141684 0.0923818 
qwerty 64 5 0 4.44408 3.47122 2.41672 7.675 0.0355647 0.0141684 0.0923818 
qwerty 64 5 0 4.44408 3.73108 2.52024 8.35 0.0355647 0.0141684 0.0923818 
qwerty 64 5 0 4.44408 3.99094 2.62376 9.025 0.0355647 0.0141684 0.0923818 
qwerty 64 5 0 4.44408 4.25079 2.72729 9.7 0.0355647 0.0141684 0.0923818 
qwerty 64 5 0 1.29201 4.41584 2.79304 10.1287 0.0762788 0.0501492 0.040824 
qwerty 64 5 0 1.29201 4.876 3.09556 10.375 0.0762788 0.0501492 0.040824 
qwerty 64 5 0 1.29201 5.87142 3.75 10.9077 0.0762788 0.0501492 0.040824 
qwerty 64 5 0 1.29201 6.13722 3.92475 11.05 0.0762788 0.0501492 0.040824 
qwerty 64 5 0 1.29201 7.39844 4.75394 11.725 0.0762788 0.0501492 0.040824 
qwerty 64 5 0 1.29201 8.65967 5.58312 12.4 0.0762788 0.0501492 0.040824 
qwerty 64 5 0 1.29201 9.92089 6.41231 13.075 0.0762788 0.0501492 0.040824 
qwerty 64 5 0 1.29201 11.1821 7.24149 13.75 0.0762788 0.0501492 0.040824 
qwerty 64 5 0 1.29201 12.4433 8.07068 14.425 0.0762788 0.0501492 0.040824 
qwerty 64 5 0 1.29201 13.4766 8.75 14.978 0.0762788 0.0501492 0.040824 
qwerty 64 5 0 1.29201 13.7046 8.89987 15.1 0.0762788 0.0501492 0.040824 
qwerty 232 64 0.616622 2.53545 4.4568 2.79178 10.375 0.02221 0.00194344 0.097483 
qwerty 235 232 0 0.374698 4.82071 2.9594 10.0776 0.0776312 0.0611802 0.0151783 
qwerty 235 232 0 0.374698 6.25 4.0858 10.357 0.0776312 0.0611802 0.0151783 
qwerty 235 232 0 0.374698 6.34182 4.15817 10.375 0.0776312 0.0611802 0.0151783 
qwerty 235 232 0 0.200087 6.25 4.25813 10.0981 -0.0313374 0.0309599 -0.0897744 
qwerty 235 232 0 0.200087 6.17214 4.33505 9.875 -0.0313374 0.0309599 -0.0897744 
qwerty 236 235 0.142219 0 4.823 2.95699 10.0633 0.0156067 -0.01642 -0.0974003 
qwerty 63 5 0 2.30039 2.43051 2.07048 4.975 0.0348367 0.02475 0.0904093 
qwerty 63 5 0 2.30039 2.6906 2.25526 5.65 0.0348367 0.02475 0.0904093 
qwerty 63 5 0 2.30039 2.95069 2.44005 6.325 0.0348367 0.02475 0.0904093 
qwerty 63 5 0 2.30039 3.21078 2.62483 7 0.0348367 0.02475 0.0904093 
qwerty 63 5 0 2.30039 3.47088 2.80962 7.675 0.0348367 0.02475 0.0904093 
qwerty 63 5 0 2.30039 3.73097 2.9944 8.35 0.0348367 0.02475 0.0904093 
qwerty 63 5 0 2.30039 3.99106 3.17918 9.025 0.0348367 0.02475 0.0904093 
qwerty 63 5 0 2.30039 4.25115 3.36397 9.7 0.0348367 0.02475 0.0904093 
qwerty 63 5 0 1.02317 4.41174 4.26175 10.375 0.0105951 0.08427 0.0527855 
qwerty 63 5 0 1.02317 4.54722 5.33937 11.05 0.0105951 0.08427 0.0527855 
qwerty 63 5 0 1.02317 4.68271 6.41698 11.725 0.0105951 0.08427 0.0527855 
qwerty 63 5 0 1.02317 4.71933 7.61148 12.4 0.00213138 0.0871904 0.0489213 
qwerty 63 5 0 0.344652 5.66544 7.59854 13.075 0.084477 -0.0262923 0.0466085 
qwerty 62 5 0 13.1064 2.4654 2.12168 4.975 0.03812 0.0311072 0.0870586 
qwerty 62 5 0 13.1064 2.76096 2.36286 5.65 0.03812 0.0311072 0.0870586 
qwerty 62 5 0 13.1064 3.05652 2.60405 6.325 0.03812 0.0311072 0.0870586 
qwerty 62 5 0 13.1064 3.35208 2.84524 7 0.03812 0.0311072 0.0870586 
qwerty 62 5 0 13.1064 3.64764 3.08642 7.675 0.03812 0.0311072 0.0870586 
qwerty 62 5 0 13.1064 3.9432 3.32761 8.35 0.03812 0.0311072 0.0870586 
qwerty 243 62 0.0590986 8.82133 4.02614 3.39979 8.56097 0.00743455 0.0248522 0.0965769 
qwerty 243 62 0.72632 8.09501 4.06186 3.5192 9.025 -0.00639566 0.0193376 0.0979038 
qwerty 245 243 0.436167 1.06989 4.21787 3.48363 8.65891 0.0760989 -0.00427588 0.0647355 
qwerty 245 243 0.494628 0.575258 4.37803 3.59009 8.78868 0.0755136 0.0394612 -0.0523499 
qwerty 245 243 0.297569 0.277688 4.50686 3.62214 8.77429 0.0879254 0.0304386 0.0366417 
qwerty 245 243 0.277688 0 4.54498 3.63533 8.79018 0.0879254 0.0304386 0.0366417 
qwerty 246 243 0 3.06391 3.98207 3.68307 9.7 -0.0114673 0.0299068 0.0947316 
qwerty 246 243 0 3.06391 3.90036 3.89617 10.375 -0.0114673 0.0299068 0.0947316 
qwerty 246 243 0 3.06391 3.81865 4.10927 11.05 -0.0114673 0.0299068 0.0947316 
qwerty 246 243 0 3.06391 3.75 4.28831 11.6171 -0.0114673 0.0299068 0.0947316 
qwerty 246 243 0 3.06391 3.73694 4.32237 11.725 -0.0114673 0.0299068 0.0947316 
qwerty 246 243 0 1.74793 3.67525 4.48326 12.2346 -0.0578734 0.0189377 0.0793223 
qwerty 246 243 0 1.74793 3.5546 4.52274 12.4 -0.0578734 0.0189377 0.0793223 
qwerty 246 243 0 0.763221 3.27421 3.97963 13.075 -0.0287966 -0.0626165 0.0724564 
qwerty 246 243 0 0.763221 3.16861 3.75 13.3407 -0.0287966 -0.0626165 0.0724564 
qwerty 246 243 0 0.763221 3.00595 3.3963 13.75 -0.0287966 -0.0626165 0.0724564 
qwerty 246 243 0 0.763221 2.73768 2.81297 14.425 -0.0287966 -0.0626165 0.0724564 
qwerty 246 243 0 0.763221 2.46941 2.22964 15.1 -0.0287966 -0.0626165 0.0724564 
qwerty 246 243 0 0.763221 2.20114 1.6463 15.775 -0.0287966 -0.0626165 0.0724564 
qwerty 246 243 0 0.60525 2.25373 1.44171 16.45 0.0106139 -0.0254462 0.0961241 
qwerty 246 243 0 0.60525 2.32826 1.26302 17.125 0.0106139 -0.0254462 0.0961241 
qwerty 246 243 0 0.60525 2.40279 1.08433 17.8 0.0106139 -0.0254462 0.0961241 
qwerty 246 243 0 0.60525 2.47733 0.905643 18.475 0.0106139 -0.0254462 0.0961241 
qwerty 246 243 0 0.60525 2.55186 0.726954 19.15 0.0106139 -0.0254462 0.0961241 
qwerty 246 243 0 0.381528 1.86172 -0.458813 19.825 -0.0486274 -0.079191 0.0369346 
qwerty 247 246 0.319588 0.996388 3.71312 4.53258 12.3854 0.0338448 0.0654608 0.0675974 
qwerty 247 246 0.0329306 0.963457 3.72041 4.5467 12.4 0.0368392 0.0489882 0.0790128 
qwerty 61 5 0 3.37782 2.46446 2.11898 4.975 0.0380762 0.0305421 0.0872776 
qwerty 61 5 0 3.37782 2.75894 2.35519 5.65 0.0380762 0.0305421 0.0872776 
qwerty 61 5 0 3.37782 3.05342 2.5914 6.325 0.0380762 0.0305421 0.0872776 
qwerty 61 5 0 3.37782 3.3479 2.82761 7 0.0380762 0.0305421 0.0872776 
qwerty 61 5 0 3.37782 3.64237 3.06382 7.675 0.0380762 0.0305421 0.0872776 
qwerty 61 5 0 3.37782 3.93685 3.30003 8.35 0.0380762 0.0305421 0.0872776 
qwerty 61 5 0 3.37782 4.23133 3.53624 9.025 0.0380762 0.0305421 0.0872776 
qwerty 61 5 0 3.16732 4.57033 3.75 9.60413 0.0506574 0.0302388 0.0807431 
qwerty 61 5 0 3.16732 4.63047 3.7859 9.7 0.0506574 0.0302388 0.0807431 
qwerty 61 5 0 3.16732 5.05396 4.03869 10.375 0.0506574 0.0302388 0.0807431 
qwerty 61 5 0 3.16732 5.47745 4.29149 11.05 0.0506574 0.0302388 0.0807431 
qwerty 61 5 0 2.78393 5.76538 4.63163 11.725 0.0341562 0.0430541 0.0835446 
qwerty 61 5 0 2.78393 6.04135 4.97949 12.4 0.0341562 0.0430541 0.0835446 
qwerty 61 5 0 2.78393 6.25 5.2425 12.9104 0.0341562 0.0430541 0.0835446 
qwerty 61 5 0 2.78393 6.31731 5.32734 13.075 0.0341562 0.0430541 0.0835446 
qwerty 61 5 0 2.78393 6.59328 5.6752 13.75 0.0341562 0.0430541 0.0835446 
qwerty 61 5 0 2.78393 6.86924 6.02306 14.425 0.0341562 0.0430541 0.0835446 
qwerty 61 5 0 2.78393 7.04929 6.25 14.8654 0.0341562 0.0430541 0.0835446 
qwerty 61 5 0 2.78393 7.14521 6.37091 15.1 0.0341562 0.0430541 0.0835446 
qwerty 61 5 0 2.78393 7.42117 6.71877 15.775 0.0341562 0.0430541 0.0835446 
qwerty 61 5 0 2.78393 7.69714 7.06662 16.45 0.0341562 0.0430541 0.0835446 
qwerty 61 5 0 2.78393 7.97311 7.41448 17.125 0.0341562 0.0430541 0.0835446 
qwerty 61 5 0 0.405301 6.90733 7.02268 17.8 -0.0839045 -0.0339191 0.0425386 
qwerty 256 254 0 0.376577 7.77376 6.25 17.6554 -0.0174231 -0.0930338 0.0322668 
qwerty 256 254 0 0.376577 7.6957 5.83318 17.8 -0.0174231 -0.0930338 0.0322668 
qwerty 60 5 0 0.110376 1.9621 1.70291 3.80944 -0.0375122 -0.00161326 -0.0926835 
qwerty 60 5 0 0.110376 1.95827 1.70274 3.8 -0.0375122 -0.00161326 -0.0926835 
qwerty 259 60 0.0370819 0.0404207 1.96256 1.70104 3.81485 -0.0283733 -0.0738347 -0.0611833 
qwerty 259 60 0.0404207 0 1.96209 1.69982 3.81384 -0.0283733 -0.0738347 -0.0611833 
qwerty 59 30 0 0.510999 5.34879 9.84963 11.225 0.0760892 -0.0283644 -0.0583601 
qwerty 58 30 0 0.510999 3.81684 10.4207 12.4 -0.0760892 0.0283644 0.0583601 
qwerty 58 30 0 0.510999 2.93679 10.7488 13.075 -0.0760892 0.0283644 0.0583601 
qwerty 54 37 0 0.510999 -1.90342 -1.25 6.83104 -0.0790955 0.0524772 -0.0314651 
qwerty 54 37 0 0.510999 -2.73557 -0.697897 6.5 -0.0790955 0.0524772 -0.0314651 
qwerty 54 37 0 0.510935 -3.75 -0.0273842 6.11222 -0.0796224 0.0525541 -0.0299722 
qwerty 54 37 0 0.510935 -4.51302 0.476238 5.825 -0.0796224 0.0525541 -0.0299722 
qwerty 50 37 0 1.09268 -1.64715 -2.67785 6.6737 -0.00615656 -0.0994929 -0.00795309 
qwerty 50 37 0 1.09268 -1.71349 -3.75 6.58799 -0.00615656 -0.0994929 -0.00795309 
qwerty 50 37 0 1.09268 -1.78161 -4.8508 6.5 -0.00615656 -0.0994929 -0.00795309 
qwerty 50 37 0 0.801347 -2.4194 -7.08704 5.825 -0.0445313 -0.077015 -0.0456691 
qwerty 271 50 0.0826521 0 -1.64885 -2.67903 6.67912 -0.0293723 -0.0202852 0.0934119 
qwerty 48 37 0 1.28201 -1.24843 -3.75 6.90258 0.00991572 -0.0977304 0.0187202 
qwerty 48 37 0 1.28201 -1.19683 -4.25858 7 0.00991572 -0.0977304 0.0187202 
qwerty 48 37 0 1.28201 -0.839291 -7.78248 7.675 0.00991572 -0.0977304 0.0187202 
qwerty 48 37 0 1.19713 -0.690096 -8.75 8.03218 0.0160081 -0.0900702 0.0403868 
qwerty 48 37 0 1.19713 -0.564121 -9.4588 8.35 0.0160081 -0.0900702 0.0403868 
qwerty 47 37 0 3.41039 0.16513 -2.72845 5.825 0.0754577 -0.0587458 -0.0292415 
qwerty 47 37 0 3.41039 1.47729 -3.75 5.31651 0.0754577 -0.0587458 -0.0292415 
qwerty 47 37 0 3.41039 1.90697 -4.08452 5.15 0.0754577 -0.0587458 -0.0292415 
qwerty 47 37 0 3.41039 3.64881 -5.44059 4.475 0.0754577 -0.0587458 -0.0292415 
qwerty 47 37 0 3.41039 4.68848 -6.25 4.0721 0.0754577 -0.0587458 -0.0292415 
qwerty 47 37 0 3.41039 5.39065 -6.79665 3.8 0.0754577 -0.0587458 -0.0292415 
qwerty 47 37 0 3.41039 6.25 -7.46568 3.46698 0.0754577 -0.0587458 -0.0292415 
qwerty 47 37 0 3.41039 7.13249 -8.15272 3.125 0.0754577 -0.0587458 -0.0292415 
qwerty 47 37 0 3.30259 7.8974 -8.75 2.77065 0.0726556 -0.0568832 -0.0385417 
qwerty 47 37 0 3.30259 8.50186 -9.22324 2.45 0.0726556 -0.0568832 -0.0385417 
qwerty 47 37 0 3.30259 9.77432 -10.2195 1.775 0.0726556 -0.0568832 -0.0385417 
qwerty 283 281 0 0.454849 9.56282 -10.3365 1.1 -0.0598054 0.00698307 -0.0798408 
qwerty 283 281 0 0.454849 9.0572 -10.2775 0.425 -0.0598054 0.00698307 -0.0798408 
qwerty 283 281 0 0.454849 8.55159 -10.2185 -0.25 -0.0598054 0.00698307 -0.0798408 
qwerty 46 37 0 1.46738 -1.70296 -1.71862 7 -0.0271367 -0.0534023 0.0800736 
qwerty 46 37 0 1.46738 -1.93172 -2.16879 7.675 -0.0271367 -0.0534023 0.0800736 
qwerty 46 37 0 1.46738 -2.16047 -2.61896 8.35 -0.0271367 -0.0534023 0.0800736 
qwerty 46 37 0 1.46738 -2.38923 -3.06912 9.025 -0.0271367 -0.0534023 0.0800736 
qwerty 46 37 0 1.46738 -2.61798 -3.51929 9.7 -0.0271367 -0.0534023 0.0800736 
qwerty 46 37 0 1.46738 -2.84674 -3.96946 10.375 -0.0271367 -0.0534023 0.0800736 
qwerty 46 37 0 1.46738 -3.07549 -4.41963 11.05 -0.0271367 -0.0534023 0.0800736 
qwerty 46 37 0 1.46738 -3.30425 -4.8698 11.725 -0.0271367 -0.0534023 0.0800736 
qwerty 284 46 0.013984 0.397792 -3.32956 -4.89259 11.7189 -0.0854898 0.0345009 -0.0387451 
qwerty 284 46 0.0137354 0.384056 -3.3368 -4.88965 11.7143 -0.0775573 -0.000809677 -0.0631206 
qwerty 284 46 0.0147035 0.369353 -3.34315 -4.88906 11.7096 -0.0897567 0.0275057 -0.0344553 
qwerty 284 46 0.0255781 0.343775 -3.35302 -4.88852 11.7059 -0.0898341 0.0234191 -0.0371669 
qwerty 284 46 0.173969 0.169806 -3.36258 -4.88343 11.6988 -0.0729655 0.061827 -0.0292138 
qwerty 284 46 0.0418688 0.127937 -3.37332 -4.87609 11.6999 -0.0721171 0.03018 -0.0623561 
qwerty 284 46 0.127937 0 -3.38217 -4.87239 11.6922 -0.0721171 0.03018 -0.0623561 
qwerty 44 37 0 4.17346 -1.53781 -1.24603 6.325 -0.0214395 -0.0125228 0.0968686 
qwerty 44 37 0 0.327446 -1.62557 -1.29729 6.72155 -0.0763667 -0.0112144 -0.0635796 
qwerty 44 37 0 0.327446 -1.89168 -1.33637 6.5 -0.0763667 -0.0112144 -0.0635796 
qwerty 44 37 0 0.327446 -2.70243 -1.45543 5.825 -0.0763667 -0.0112144 -0.0635796 
qwerty 43 37 0 1.08775 -1.52006 -1.23295 6.325 -0.0185345 -0.0103605 0.0977197 
qwerty 41 37 0 11.9912 -1.57368 -1.26422 6.325 -0.0267958 -0.0151695 0.0951413 
qwerty 41 37 0 11.9912 -1.76379 -1.37185 7 -0.0267958 -0.0151695 0.0951413 
qwerty 41 37 0 11.9912 -1.9539 -1.47947 7.675 -0.0267958 -0.0151695 0.0951413 
qwerty 41 37 0 11.9912 -2.14401 -1.58709 8.35 -0.0267958 -0.0151695 0.0951413 
qwerty 41 37 0 11.9912 -2.33411 -1.69472 9.025 -0.0267958 -0.0151695 0.0951413 
qwerty 41 37 0 11.9912 -2.52422 -1.80234 9.7 -0.0267958 -0.0151695 0.0951413 
qwerty 41 37 0 11.9912 -2.71433 -1.90996 10.375 -0.0267958 -0.0151695 0.0951413 
qwerty 41 37 0 11.9912 -2.90444 -2.01758 11.05 -0.0267958 -0.0151695 0.0951413 
qwerty 41 37 0 11.9912 -3.09455 -2.12521 11.725 -0.0267958 -0.0151695 0.0951413 
qwerty 41 37 0 11.9912 -3.28466 -2.23283 12.4 -0.0267958 -0.0151695 0.0951413 
qwerty 41 37 0 11.9912 -3.47476 -2.34045 13.075 -0.0267958 -0.0151695 0.0951413 
qwerty 41 37 0 11.9912 -3.66487 -2.44808 13.75 -0.0267958 -0.0151695 0.0951413 
qwerty 40 37 0 5.63185 -1.36461 -1.14682 5.65 -0.0233193 -0.0130386 0.096365 
qwerty 40 37 0 5.63185 -1.52796 -1.23815 6.325 -0.0233193 -0.0130386 0.096365 
qwerty 40 37 0 1.34816 -1.67309 -0.772445 7 -0.0165607 0.0603333 0.0780105 
qwerty 40 37 0 1.34816 -1.81639 -0.250399 7.675 -0.0165607 0.0603333 0.0780105 
qwerty 40 37 0 1.34816 -1.95968 0.271646 8.35 -0.0165607 0.0603333 0.0780105 
qwerty 40 37 0 1.34816 -2.10298 0.793691 9.025 -0.0165607 0.0603333 0.0780105 
qwerty 40 37 0 0.926868 -2.55165 1.25 9.2838 -0.0740542 0.0629871 0.0234221 
qwerty 40 37 0 0.926868 -3.86756 2.36926 9.7 -0.0740542 0.0629871 0.0234221 
qwerty 40 37 0 0.451003 -3.8966 2.67064 10.375 0.00367948 0.0360812 0.0931912 
qwerty 39 37 0 0.499152 -1.39481 -1.16744 5.65 -0.0285196 -0.0162078 0.0944666 
qwerty 39 37 0 0.499152 -1.59859 -1.28325 6.325 -0.0285196 -0.0162078 0.0944666 
qwerty 38 37 0 0.220959 -1.2437 -1.08569 5.15967 0.0503295 0.067577 -0.0538543 
qwerty 38 37 0 0.220959 -1.23467 -1.07356 5.15 0.0503295 0.067577 -0.0538543 
qwerty 287 45 1.0574 4.22806 -1.70703 -1.2897 6.325 -0.0432557 0.0218192 0.0874807 
qwerty 287 45 0.20478 2.47338 -1.73113 -1.10632 6.2752 0.0123991 0.098106 -0.0148823 
qwerty 287 45 0.773252 1.70013 -1.67911 -0.714838 6.31255 0.0225123 0.0910139 0.0347803 
qwerty 287 45 0.0439752 1.65616 -1.67105 -0.682259 6.325 0.0140212 0.0821658 0.0552466 
qwerty 287 45 0 1.50409 -1.67226 -0.666263 6.325 0.010299 0.075887 0.0643048 
qwerty 225 67 0.939902 1.70846 3.33101 2.96585 10.8394 -0.0617672 0.0709674 -0.0338887 
qwerty 225 67 0.444766 1.2637 3.18901 3.21008 10.7562 -0.0773177 0.0585328 0.0244106 
qwerty 225 67 0.469082 0.794616 2.99445 3.33389 10.7873 -0.0804215 0.0487764 0.0339594 
qwerty 225 67 0.221912 0.572705 2.90457 3.34459 10.8167 -0.0668718 -0.000780146 0.0743475 
qwerty 225 67 0.355908 0.216796 2.90028 3.35813 10.9717 -0.057594 -0.0325787 0.074977 
qwerty 225 67 0.216796 0 2.88356 3.34867 10.9934 -0.057594 -0.0325787 0.074977 
qwerty 225 67 0 0 2.88356 3.34867 10.9934 -0.057594 -0.0325787 0.074977 
qwerty 135 93 2.18406 7.21236 -2.34597 -3.60382 8.27017 0.0363941 -0.0739341 0.05665 
qwerty 135 93 0.204841 7.00752 -2.29468 -3.70801 8.35 0.0557031 -0.0630253 0.0540831 
qwerty 300 38 0.0451965 0.635651 -1.25376 -1.09167 5.18628 -0.0488042 -0.044165 0.0752835 
qwerty 300 38 0.0759166 0.559734 -1.26641 -1.10901 5.20783 -0.0620236 -0.0022824 0.0784083 
qwerty 300 38 0.0600723 0.499662 -1.28883 -1.09897 5.23318 0.00156761 0.0377995 0.0925675 
qwerty 300 38 0.206278 0.293384 -1.28709 -1.08793 5.28011 -0.016205 0.0478357 0.0863084 
qwerty 300 38 0.293384 0 -1.29474 -1.06534 5.32087 -0.016205 0.0478357 0.0863084 
qwerty 292 41 0.310012 4.50416 -3.75 -2.63296 14.0318 -0.0554688 -0.0499671 0.0665319 
qwerty 292 41 0.890591 3.25528 -4.0755 -2.83932 14.3336 -0.0550769 -0.0509439 0.0661155 
qwerty 292 41 0.231476 3.0238 -4.15167 -2.90978 14.425 -0.0565174 -0.0445273 0.0694485 
qwerty 292 41 0.789617 1.78941 -4.11519 -3.30356 14.2544 0.0126215 -0.0728125 -0.0673724 
qwerty 292 41 0.677703 1.11171 -4.13345 -3.50809 14.0313 0.0493747 -0.0673459 -0.0550152 
qwerty 292 41 0.424615 0.687095 -4.03804 -3.63822 13.925 0.0355248 -0.0862588 -0.0360196 
qwerty 292 41 0.0170344 0.409306 -4.03937 -3.65431 13.934 -0.00634781 -0.0154194 0.0985999 
qwerty 292 41 0.0503461 0.35896 -4.04252 -3.65636 13.945 -0.00727179 -0.0171827 0.098244 
qwerty 292 41 0.0200001 0.33896 -4.04364 -3.65973 13.9559 -0.0350566 -0.0574551 0.0739591 
qwerty 292 41 0.0388646 0.300095 -4.04404 -3.66959 13.9736 -0.0410257 -0.043512 0.0801473 
qwerty 292 41 0.0645321 0.235563 -4.04731 -3.6795 13.9994 -0.0577444 -0.0403992 0.0709471 
qwerty 292 41 0.235563 0 -4.06662 -3.69301 14.0231 -0.0577444 -0.0403992 0.0709471 
qwerty 331 292 0.0746972 0.283594 -4.11063 -2.83891 14.3158 -0.0206215 0.0102203 -0.0973155 
qwerty 331 292 0.283594 0 -4.11987 -2.83433 14.2722 -0.0206215 0.0102203 -0.0973155 
qwerty 288 44 0.538852 3.30716 -1.66781 -1.32912 7 -0.0113313 -0.00429917 0.0992629 
qwerty 288 44 0.0396128 0.570635 -1.68232 -1.31349 6.98417 -0.00449855 0.0675072 -0.0736379 
qwerty 288 44 0.0504422 0.520193 -1.68385 -1.29916 6.96052 0.0166964 0.0717217 -0.0676552 
qwerty 288 44 0.146397 0.373796 -1.67992 -1.28701 6.9388 0.0227419 0.0600654 -0.0766482 
qwerty 288 44 0.0390386 0.334757 -1.67492 -1.26898 6.92499 -0.0284048 0.0884384 -0.037038 
qwerty 288 44 0.0544981 0.280259 -1.68063 -1.25038 6.91696 -0.035896 0.0180777 -0.0915679 
qwerty 288 44 0.00402814 0.276231 -1.68137 -1.25 6.91505 -0.0530291 0.0184645 -0.0827465 
qwerty 288 44 0.0058442 0.270386 -1.68432 -1.24892 6.91185 -0.0508182 0.0331672 -0.0794824 
qwerty 288 44 0.00882043 0.261566 -1.68668 -1.2469 6.90832 -0.0598936 0.0249435 -0.0760959 
qwerty 288 44 0.00813952 0.253427 -1.68906 -1.24658 6.90451 -0.0679501 0.0254097 -0.0688268 
qwerty 288 44 0.00809867 0.245328 -1.69189 -1.24618 6.90161 -0.0762142 0.0318617 -0.056358 
qwerty 288 44 0.00882864 0.236499 -1.69536 -1.24467 6.89992 -0.0864326 0.034865 -0.0362469 
qwerty 288 44 0.00633694 0.230162 -1.69854 -1.24314 6.89819 -0.0637434 0.0561288 -0.0527857 
qwerty 288 44 0.0114526 0.21871 -1.70076 -1.24088 6.89591 -0.0373698 0.0739053 -0.0560491 
qwerty 288 44 0.00901805 0.209692 -1.70253 -1.2364 6.89396 -0.0525557 0.0811823 -0.0254428 
qwerty 288 44 0.015062 0.19463 -1.7071 -1.23173 6.89047 -0.0816029 0.0494947 -0.0298538 
qwerty 288 44 0.0252897 0.16934 -1.71432 -1.22465 6.88826 -0.0859419 0.00270588 -0.0510555 
qwerty 288 44 0.0453214 0.124019 -1.72928 -1.2197 6.88697 -0.00978076 0.098518 -0.0140902 
qwerty 288 44 0.124019 0 -1.73041 -1.20823 6.88532 -0.00978076 0.098518 -0.0140902 
qwerty 286 45 0.986722 28.228 -1.61735 -1.21735 6.325 -0.0313176 -0.00822694 0.0946125 
qwerty 286 45 0.14772 20.0003 -1.80534 -1.30281 6.55915 -0.0648528 -0.0464839 0.0602774 
qwerty 286 45 0.275665 19.4373 -1.92701 -1.3861 6.66303 -0.0652334 -0.0502205 0.0567671 
qwerty 286 45 0.729948 18.3915 -2.2577 -1.64994 6.93954 -0.0718217 -0.0518277 0.0464277 
qwerty 286 45 0.198813 18.1927 -2.35123 -1.71743 7 -0.0710183 -0.0512437 0.0482751 
qwerty 339 286 0.103581 0.212265 -2.27049 -1.63059 6.96674 -0.0296339 -0.0389889 0.0871877 
qwerty 339 286 0.0545233 0.157742 -2.2814 -1.64077 6.97627 -0.017715 -0.0151202 0.09725 
qwerty 339 286 0.0406013 0.11714 -2.29034 -1.64071 6.98633 -0.0617514 -0.0252658 0.0744876 
qwerty 339 286 0.0342181 0.0829222 -2.29182 -1.64107 6.99426 0.00667327 -0.0499235 0.0863893 
qwerty 339 286 0.023539 0.0593832 -2.29304 -1.64369 6.99763 -0.0636533 -0.0613728 0.046708 
qwerty 339 286 0.0593832 0 -2.29512 -1.64569 6.99915 -0.0636533 -0.0613728 0.046708 
qwerty 338 286 0.287326 0 -1.94218 -1.42613 6.64696 -0.0331615 -0.087556 -0.035132 
qwerty 337 286 0.067149 0.228303 -1.82539 -1.30181 6.54167 -0.0979707 0.0146221 -0.0137092 
qwerty 337 286 0.0882913 0.140012 -1.8448 -1.29126 6.54618 -0.0803373 0.0559669 -0.0203377 
qwerty 337 286 0.140012 0 -1.85628 -1.28327 6.54327 -0.0803373 0.0559669 -0.0203377 
qwerty 345 286 0 0.29311 -2.61631 -0.785497 7.675 -0.0142033 0.0862562 0.0485606 
qwerty 345 286 0 0.29311 -2.81373 0.413478 8.35 -0.0142033 0.0862562 0.0485606 
qwerty 344 286 0 0.847198 -2.84574 -1.61299 7.675 -0.0547671 0.0194289 0.0813823 
qwerty 344 286 0 0.847198 -3.29999 -1.45184 8.35 -0.0547671 0.0194289 0.0813823 
qwerty 344 286 0 0.847198 -3.75 -1.2922 9.0187 -0.0547671 0.0194289 0.0813823 
qwerty 344 286 0 0.847198 -3.75424 -1.29069 9.025 -0.0547671 0.0194289 0.0813823 
qwerty 341 286 0 0.554424 -3.05833 -2.2228 7.675 -0.0632464 -0.0467629 0.0617505 
qwerty 341 286 0 0.554424 -3.74968 -2.73397 8.35 -0.0632464 -0.0467629 0.0617505 
qwerty 341 286 0 0.305213 -3.95993 -2.88942 8.55528 -0.0868483 0.0479523 -0.0125676 
qwerty 341 286 0 0.305213 -4.16915 -2.7739 8.525 -0.0868483 0.0479523 -0.0125676 
qwerty 351 341 0.0497004 0.19951 -3.95932 -2.90092 8.56997 0.056688 -0.0332891 0.0753545 
qwerty 351 341 0.0723904 0.12712 -3.93768 -2.90205 8.58087 0.0937891 -0.0341092 -0.00633868 
qwerty 351 341 0.12712 0 -3.9263 -2.90619 8.5801 0.0937891 -0.0341092 -0.00633868 
qwerty 353 340 0.108645 0.753509 -2.60793 -1.89801 7.23118 0.0494151 0.0549543 0.067366 
qwerty 353 340 0.0994876 0.654021 -2.56872 -1.86632 7.25735 0.0830046 0.0236396 0.0505114 
qwerty 353 340 0.0931763 0.560845 -2.53547 -1.84994 7.3017 0.0952328 0.00298134 0.0303616 
qwerty 353 340 0.170976 0.389869 -2.47284 -1.86545 7.32078 0.0844151 0.0180963 0.050464 
qwerty 353 340 0.343782 0.0460874 -2.41142 -1.85229 7.3575 0.0308317 -0.0779746 0.054492 
qwerty 353 340 0.0460874 0 -2.41078 -1.85391 7.35863 0.0308317 -0.0779746 0.054492 
qwerty 336 286 0 1.89779 -2.28007 -1.28605 7 -0.0733364 -0.00454458 0.0678316 
qwerty 335 286 0 1.52101 -1.74239 -1.25 6.51422 -0.0643493 0.000722097 0.0765418 
qwerty 335 286 0 1.52101 -2.15079 -1.24542 7 -0.0643493 0.000722097 0.0765418 
qwerty 335 286 0 1.52101 -2.71827 -1.23905 7.675 -0.0643493 0.000722097 0.0765418 
qwerty 335 286 0 1.52101 -3.28575 -1.23268 8.35 -0.0643493 0.000722097 0.0765418 
qwerty 335 286 0 1.52101 -3.75 -1.22747 8.90222 -0.0643493 0.000722097 0.0765418 
qwerty 335 286 0 1.52101 -3.85322 -1.22631 9.025 -0.0643493 0.000722097 0.0765418 
qwerty 335 286 0 1.52101 -4.4207 -1.21995 9.7 -0.0643493 0.000722097 0.0765418 
qwerty 335 286 0 1.52101 -4.98818 -1.21358 10.375 -0.0643493 0.000722097 0.0765418 
qwerty 335 286 0 1.52101 -5.55566 -1.20721 11.05 -0.0643493 0.000722097 0.0765418 
qwerty 335 286 0 1.52101 -6.12313 -1.20084 11.725 -0.0643493 0.000722097 0.0765418 
qwerty 335 286 0 1.52101 -6.69061 -1.19447 12.4 -0.0643493 0.000722097 0.0765418 
qwerty 335 286 0 1.52101 -7.25809 -1.18811 13.075 -0.0643493 0.000722097 0.0765418 
qwerty 335 286 0 1.52101 -7.82557 -1.18174 13.75 -0.0643493 0.000722097 0.0765418 
qwerty 335 286 0 1.52101 -8.39305 -1.17537 14.425 -0.0643493 0.000722097 0.0765418 
qwerty 335 286 0 1.52101 -8.96052 -1.169 15.1 -0.0643493 0.000722097 0.0765418 
qwerty 335 286 0 1.52101 -9.528 -1.16263 15.775 -0.0643493 0.000722097 0.0765418 
qwerty 335 286 0 0.98791 -9.5876 -1.25 15.9866 -0.0214964 -0.0396218 0.0892638 
qwerty 335 286 0 0.98791 -9.6992 -1.45571 16.45 -0.0214964 -0.0396218 0.0892638 
qwerty 335 286 0 0.98791 -9.86176 -1.75533 17.125 -0.0214964 -0.0396218 0.0892638 
qwerty 335 286 0 0.98791 -10.0462 -2.08709 17.8 -0.0244566 -0.0437186 0.086548 
qwerty 335 286 0 0.98791 -10.237 -2.42806 18.475 -0.0244566 -0.0437186 0.086548 
qwerty 335 286 0 0.783032 -10.3982 -2.38982 19.15 -0.0230503 0.00721981 0.097039 
qwerty 335 286 0 0.783032 -10.5586 -2.33959 19.825 -0.0230503 0.00721981 0.097039 
qwerty 335 286 0 0.783032 -10.7189 -2.28937 20.5 -0.0230503 0.00721981 0.097039 
qwerty 335 286 0 0.783032 -10.8792 -2.23915 21.175 -0.0230503 0.00721981 0.097039 
qwerty 335 286 0 0.783032 -11.0396 -2.18893 21.85 -0.0230503 0.00721981 0.097039 
qwerty 335 286 0 0.783032 -11.1999 -2.13871 22.525 -0.0230503 0.00721981 0.097039 
qwerty 335 286 0 0.783032 -11.3603 -2.08849 23.2 -0.0230503 0.00721981 0.097039 
qwerty 335 286 0 0.783032 -11.5206 -2.03827 23.875 -0.0230503 0.00721981 0.097039 
qwerty 335 286 0 0.783032 -11.6809 -1.98805 24.55 -0.0230503 0.00721981 0.097039 
qwerty 335 286 0 0.783032 -11.8413 -1.93783 25.225 -0.0230503 0.00721981 0.097039 
qwerty 335 286 0 0.783032 -12.0016 -1.88761 25.9 -0.0230503 0.00721981 0.097039 
qwerty 335 286 0 0.783032 -12.1619 -1.83739 26.575 -0.0230503 0.00721981 0.097039 
qwerty 335 286 0 0.783032 -12.3223 -1.78717 27.25 -0.0230503 0.00721981 0.097039 
qwerty 334 286 0 1.02788 -1.93377 -1.33943 7 -0.0430327 -0.0157797 0.0888774 
qwerty 334 286 0 1.02788 -2.26059 -1.45927 7.675 -0.0430327 -0.0157797 0.0888774 
qwerty 334 286 0 1.02788 -2.58741 -1.57912 8.35 -0.0430327 -0.0157797 0.0888774 
qwerty 333 288 0 0.201227 -1.6187 -1.25 6.96538 0.0539627 0.0691283 -0.0480552 
qwerty 333 288 0 0.201227 -1.09611 -0.58055 6.5 0.0539627 0.0691283 -0.0480552 
qwerty 332 292 0 0.0999332 -3.86485 -2.79273 14.1761 -0.0570548 0.0769944 -0.0285766 
qwerty 332 292 0 0.0999332 -4.36626 -2.11609 13.925 -0.0570548 0.0769944 -0.0285766 
qwerty 364 332 0.0238307 0 -3.86425 -2.79288 14.1759 0.0920322 -0.0239313 -0.0309414 
qwerty 328 292 0 0.330479 -3.74649 -2.66504 14.425 -0.0100847 -0.0315433 0.0943574 
qwerty 328 292 0 0.330479 -3.81863 -2.89069 15.1 -0.0100847 -0.0315433 0.0943574 
qwerty 328 292 0 0.330479 -3.89077 -3.11634 15.775 -0.0100847 -0.0315433 0.0943574 
qwerty 328 292 0 0.330479 -3.96292 -3.34199 16.45 -0.0100847 -0.0315433 0.0943574 
qwerty 327 294 0 0.531831 -1.25 -1.16271 6.30659 0.089524 0.0276501 -0.0349418 
qwerty 327 294 0 0.531831 -0.0161215 -0.781621 5.825 0.089524 0.0276501 -0.0349418 
qwerty 327 294 0 0.286722 0.536046 0.194441 6.24667 0.070343 0.0113676 0.0701615 
qwerty 327 294 0 0.286722 0.614574 0.207131 6.325 0.070343 0.0113676 0.0701615 
qwerty 327 294 0 0.286722 1.29132 0.316495 7 0.070343 0.0113676 0.0701615 
qwerty 327 294 0 0.286722 1.96807 0.425858 7.675 0.070343 0.0113676 0.0701615 
qwerty 371 327 0.0666768 0 0.535471 0.198226 6.24554 -0.0144074 0.0947639 -0.0284998 
qwerty 325 114 0 0.510999 -1.42708 -2.65557 7.175 0.0701257 0.0301734 -0.0645907 
qwerty 325 114 0 0.510999 -0.694242 -2.34025 6.5 0.0701257 0.0301734 -0.0645907 
qwerty 376 323 0.0147812 0.400322 -3.82493 -5.35272 12.5796 -0.0274298 0.0912068 0.0304784 
qwerty 376 323 0.0179062 0.382416 -3.82904 -5.34394 12.5839 -0.0122274 0.0909691 0.0396876 
qwerty 376 323 0.0223429 0.360073 -3.83038 -5.3336 12.5866 0.026797 0.0962618 0.00394821 
qwerty 376 323 0.0197551 0.340318 -3.82661 -5.32464 12.5883 0.0656448 0.0754151 0.00182177 
qwerty 376 323 0.0155324 0.324785 -3.8216 -5.31566 12.5902 0.062392 0.0667998 0.0405589 
qwerty 376 323 0.0236859 0.301099 -3.81266 -5.3105 12.596 0.0632625 0.0724256 0.0274296 
qwerty 376 323 0.0277093 0.27339 -3.80584 -5.30091 12.5994 0.060943 0.0515412 -0.0602449 
qwerty 376 323 0.0366516 0.236739 -3.79992 -5.29441 12.5887 0.0559234 0.0133327 -0.0818218 
qwerty 376 323 0.0214888 0.21525 -3.79573 -5.29004 12.5803 0.0492563 0.0183942 -0.0850615 
qwerty 376 323 0.0142518 0.200998 -3.79263 -5.28889 12.575 0.0386468 0.0521342 -0.0760819 
qwerty 322 131 0 0.510999 -2.91741 -8.75 12.0903 0.025585 -0.0956982 -0.0136842 
qwerty 322 131 0 0.510999 -2.56159 -10.0809 11.9 0.025585 -0.0956982 -0.0136842 
qwerty 321 135 0 0.510999 -2.16501 -3.75 8.27898 0.0609704 -0.0395391 -0.068697 
qwerty 321 135 0 0.510999 -1.78428 -3.9969 7.85 0.0609704 -0.0395391 -0.068697 
qwerty 320 135 0 0.510999 -2.82712 -3.32062 9.025 -0.0609704 0.0395391 0.068697 
qwerty 320 135 0 0.510999 -3.4262 -2.93212 9.7 -0.0609704 0.0395391 0.068697 
qwerty 320 135 0 0.510999 -3.75 -2.72214 10.0648 -0.0609704 0.0395391 0.068697 
qwerty 320 135 0 0.510999 -4.02528 -2.54362 10.375 -0.0609704 0.0395391 0.068697 
qwerty 320 135 0 0.510999 -4.62436 -2.15512 11.05 -0.0609704 0.0395391 0.068697 
qwerty 319 135 0 0.953444 -2.11116 -3.65342 9.025 0.0274462 0.00135288 0.0961503 
qwerty 319 135 0 0.953444 -1.91848 -3.64392 9.7 0.0274462 0.00135288 0.0961503 
qwerty 319 135 0 0.953444 -1.7258 -3.63442 10.375 0.0274462 0.00135288 0.0961503 
qwerty 319 135 0 0.953444 -1.53312 -3.62492 11.05 0.0274462 0.00135288 0.0961503 
qwerty 319 135 0 0.953444 -1.34044 -3.61543 11.725 0.0274462 0.00135288 0.0961503 
qwerty 319 135 0 0.953444 -1.14776 -3.60593 12.4 0.0274462 0.00135288 0.0961503 
qwerty 319 135 0 0.953444 -0.955078 -3.59643 13.075 0.0274462 0.00135288 0.0961503 
qwerty 319 135 0 0.384606 -1.70344 -2.61779 13.75 -0.0586545 0.0718946 0.0372936 
qwerty 381 319 0.0176987 0.415706 -0.903517 -3.59144 13.2595 0.0130212 0.0157641 0.0978874 
qwerty 381 319 0.0253816 0.390324 -0.902687 -3.58809 13.2685 0.0337077 0.0384491 0.0859387 
qwerty 381 319 0.0195325 0.370792 -0.900166 -3.58309 13.2774 0.0480653 0.060451 0.0635248 
qwerty 381 319 0.0231441 0.347647 -0.890058 -3.57511 13.2848 0.0612763 0.0366545 0.0700119 
qwerty 381 319 0.0405981 0.307049 -0.874376 -3.57201 13.295 0.0700276 -0.00689633 0.0710533 
qwerty 381 319 0.0469193 0.26013 -0.865741 -3.57131 13.3179 0.0346178 0.0669618 0.0657094 
qwerty 381 319 0.173209 0.0869214 -0.831937 -3.55739 13.3392 0.0484097 -0.0519819 0.0703873 
qwerty 381 319 0.0869214 0 -0.828869 -3.56069 13.3437 0.0484097 -0.0519819 0.0703873 
qwerty 318 135 0 1.14994 -1.25 -4.61083 8.9506 0.0693902 -0.0599601 0.0398722 
qwerty 318 135 0 1.14994 -1.12052 -4.72272 9.025 0.0693902 -0.0599601 0.0398722 
qwerty 318 135 0 1.14994 0.0541962 -5.73779 9.7 0.0693902 -0.0599601 0.0398722 
qwerty 318 135 0 1.14994 1.22891 -6.75286 10.375 0.0693902 -0.0599601 0.0398722 
qwerty 318 135 0 1.14994 2.40362 -7.76793 11.05 0.0693902 -0.0599601 0.0398722 
qwerty 318 135 0 1.14994 3.57833 -8.783 11.725 0.0693902 -0.0599601 0.0398722 
qwerty 318 135 0 1.14994 4.75305 -9.79807 12.4 0.0693902 -0.0599601 0.0398722 
qwerty 317 135 0 0.960505 -2.36229 -2.83586 8.35 -0.0505233 -0.0465472 0.0726688 
qwerty 317 135 0 0.960505 -2.83159 -3.26822 9.025 -0.0505233 -0.0465472 0.0726688 
qwerty 317 135 0 0.960505 -3.30088 -3.70059 9.7 -0.0505233 -0.0465472 0.0726688 
qwerty 317 135 0 0.960505 -3.75 -4.11436 10.346 -0.0505233 -0.0465472 0.0726688 
qwerty 317 135 0 0.960505 -3.77018 -4.13295 10.375 -0.0505233 -0.0465472 0.0726688 
qwerty 317 135 0 0.960505 -4.23948 -4.56532 11.05 -0.0505233 -0.0465472 0.0726688 
qwerty 317 135 0 0.960505 -4.70877 -4.99768 11.725 -0.0505233 -0.0465472 0.0726688 
qwerty 317 135 0 0.960505 -5.17807 -5.43004 12.4 -0.0505233 -0.0465472 0.0726688 
qwerty 317 135 0 0.960505 -5.64737 -5.86241 13.075 -0.0505233 -0.0465472 0.0726688 
qwerty 317 135 0 0.960505 -6.06807 -6.25 13.6801 -0.0505233 -0.0465472 0.0726688 
qwerty 317 135 0 0.960505 -6.11666 -6.29477 13.75 -0.0505233 -0.0465472 0.0726688 
qwerty 317 135 0 0.960505 -6.25 -6.41762 13.9418 -0.0505233 -0.0465472 0.0726688 
qwerty 317 135 0 0.960505 -6.58596 -6.72714 14.425 -0.0505233 -0.0465472 0.0726688 
qwerty 317 135 0 0.960505 -7.05526 -7.1595 15.1 -0.0505233 -0.0465472 0.0726688 
qwerty 317 135 0 0.921051 -7.32773 -7.41053 15.4919 -0.0424996 -0.0642256 0.0637876 
qwerty 317 135 0 0.921051 -7.51635 -7.69557 15.775 -0.0424996 -0.0642256 0.0637876 
qwerty 317 135 0 0.921051 -7.96608 -8.37521 16.45 -0.0424996 -0.0642256 0.0637876 
qwerty 317 135 0 0.921051 -8.41581 -9.05484 17.125 -0.0424996 -0.0642256 0.0637876 
qwerty 317 135 0 0.921051 -8.86554 -9.73448 17.8 -0.0424996 -0.0642256 0.0637876 
qwerty 388 317 0.0394538 0 -7.32845 -7.40941 15.4928 -0.0458538 0.0705927 0.0539824 
qwerty 316 135 0 6.16736 -2.22707 -2.94683 8.35 -0.0305949 -0.0629338 0.0714373 
qwerty 316 135 0 6.16736 -2.51616 -3.54148 9.025 -0.0305949 -0.0629338 0.0714373 
qwerty 316 135 0 6.16736 -2.61753 -3.75 9.26169 -0.0305949 -0.0629338 0.0714373 
qwerty 316 135 0 6.16736 -2.80524 -4.13613 9.7 -0.0305949 -0.0629338 0.0714373 
qwerty 316 135 0 6.16736 -3.09433 -4.73078 10.375 -0.0305949 -0.0629338 0.0714373 
qwerty 316 135 0 6.16736 -3.38341 -5.32543 11.05 -0.0305949 -0.0629338 0.0714373 
qwerty 316 135 0 6.16736 -3.6725 -5.92009 11.725 -0.0305949 -0.0629338 0.0714373 
qwerty 316 135 0 6.16736 -3.83289 -6.25 12.0995 -0.0305949 -0.0629338 0.0714373 
qwerty 316 135 0 6.16736 -3.96159 -6.51474 12.4 -0.0305949 -0.0629338 0.0714373 
qwerty 316 135 0 6.16736 -4.25067 -7.10939 13.075 -0.0305949 -0.0629338 0.0714373 
qwerty 316 135 0 6.16736 -4.53976 -7.70404 13.75 -0.0305949 -0.0629338 0.0714373 
qwerty 316 135 0 6.16736 -4.82884 -8.29869 14.425 -0.0305949 -0.0629338 0.0714373 
qwerty 316 135 0 3.08023 -4.96689 -8.57353 15.1 -0.0161604 -0.031802 0.093421 
qwerty 316 135 0 3.08023 -5.08365 -8.80331 15.775 -0.0161604 -0.031802 0.093421 
qwerty 316 135 0 3.08023 -5.20042 -9.03309 16.45 -0.0161604 -0.031802 0.093421 
qwerty 316 135 0 3.08023 -5.31718 -9.26287 17.125 -0.0161604 -0.031802 0.093421 
qwerty 316 135 0 3.08023 -5.43395 -9.49265 17.8 -0.0161604 -0.031802 0.093421 
qwerty 316 135 0 3.08023 -5.55071 -9.72243 18.475 -0.0161604 -0.031802 0.093421 
qwerty 316 135 0 3.08023 -5.66748 -9.95221 19.15 -0.0161604 -0.031802 0.093421 
qwerty 316 135 0 3.08023 -5.78424 -10.182 19.825 -0.0161604 -0.031802 0.093421 
qwerty 316 135 0 3.08023 -5.90101 -10.4118 20.5 -0.0161604 -0.031802 0.093421 
qwerty 316 135 0 0.252053 -6.00274 -10.612 21.0881 -0.0160803 0.0674879 -0.0720194 
qwerty 316 135 0 0.252053 -6.09497 -10.2249 20.675 -0.0160803 0.0674879 -0.0720194 
qwerty 316 135 0 0.252053 -6.24568 -9.59235 20 -0.0160803 0.0674879 -0.0720194 
qwerty 391 316 0.164321 2.66386 -6.01573 -10.6446 21.175 0.00305248 -0.0281783 0.0958992 
qwerty 315 225 0 0.510999 2.33983 3.75 10.8411 -0.0784886 0.0579326 -0.0219854 
qwerty 315 225 0 0.510999 1.30053 4.51711 10.55 -0.0784886 0.0579326 -0.0219854 
qwerty 314 225 0 0.510999 3.08554 3.19959 11.05 0.0784886 -0.0579326 0.0219854 
qwerty 313 244 0 1.38852 3.86717 3.54726 9.025 -0.0287484 0.0290912 0.0912537 
qwerty 313 244 0 1.38852 3.66682 3.75 9.66097 -0.0287484 0.0290912 0.0912537 
qwerty 313 244 0 1.38852 3.65452 3.76244 9.7 -0.0287484 0.0290912 0.0912537 
qwerty 313 244 0 1.38852 3.44187 3.97763 10.375 -0.0287484 0.0290912 0.0912537 
qwerty 313 244 0 0.935572 3.29669 4.12454 10.8358 0.017663 -0.00781872 0.0981167 
qwerty 313 244 0 0.935572 3.33524 4.10748 11.05 0.017663 -0.00781872 0.0981167 
qwerty 313 244 0 0.457824 3.39957 4.079 11.4073 -0.076728 0.0238261 0.059541 
qwerty 313 244 0 0.457824 2.99017 4.20613 11.725 -0.076728 0.0238261 0.059541 
qwerty 313 244 0 0.457824 2.47117 4.31367 12.4 -0.0559517 0.00971311 0.0823108 
qwerty 313 244 0 0.457824 2.01233 4.39332 13.075 -0.0559517 0.00971311 0.0823108 
qwerty 313 244 0 0.457824 1.55349 4.47297 13.75 -0.0559517 0.00971311 0.0823108 
qwerty 400 313 0.236595 0.241152 3.46493 4.13365 11.4911 -0.0453463 0.0433483 0.0778758 
qwerty 400 313 0.241152 0 3.44919 4.1487 11.5181 -0.0453463 0.0433483 0.0778758 
qwerty 399 313 0.306056 0.146896 3.23495 4.17673 10.874 -0.0312606 0.0444914 -0.0839243 
qwerty 399 313 0.146896 0 3.23011 4.18362 10.861 -0.0312606 0.0444914 -0.0839243 
qwerty 310 282 0 0.510999 9.33454 -10.841 2.275 -0.0648013 -0.0456464 0.0609688 
qwerty 309 282 0 0.443786 10.3419 -10.1314 1.3272 0.0644177 0.0751044 -0.0144809 
qwerty 309 282 0 0.443786 11.3526 -8.95302 1.1 0.0644177 0.0751044 -0.0144809 
qwerty 407 309 0.0672125 0 10.3426 -10.1329 1.3235 0.0167266 -0.0369776 -0.0913941 
qwerty 308 287 0 0.510999 -1.63129 -0.532911 5.825 0.00773256 0.0198226 -0.0977101 
qwerty 308 287 0 0.452371 -1.58866 -0.423606 5.28621 0.0557555 0.0189264 -0.0808277 
qwerty 308 287 0 0.452371 -1.4947 -0.391711 5.15 0.0557555 0.0189264 -0.0808277 
qwerty 410 308 0.0586279 0 -1.59135 -0.423407 5.28452 -0.0845075 0.00622784 -0.0531008 
qwerty 307 287 0 0.510999 -1.72428 -0.771286 7 -0.00773256 -0.0198226 0.0977101 
qwerty 307 287 0 0.510999 -1.7777 -0.908224 7.675 -0.00773256 -0.0198226 0.0977101 
qwerty 307 287 0 0.510999 -1.83112 -1.04516 8.35 -0.00773256 -0.0198226 0.0977101 
qwerty 307 287 0 0.510999 -1.88453 -1.1821 9.025 -0.00773256 -0.0198226 0.0977101 
qwerty 307 287 0 0.510999 -1.91102 -1.25 9.35969 -0.00773256 -0.0198226 0.0977101 
qwerty 307 287 0 0.510999 -1.93795 -1.31904 9.7 -0.00773256 -0.0198226 0.0977101 
qwerty 307 287 0 0.510999 -1.99137 -1.45598 10.375 -0.00773256 -0.0198226 0.0977101 
qwerty 307 287 0 0.38057 -1.43295 -1.83109 11.05 0.0651477 -0.0403706 0.0642339 
qwerty 307 287 0 0.38057 -1.25 -1.94446 11.2304 0.0651477 -0.0403706 0.0642339 
qwerty 307 287 0 0.38057 -0.748345 -2.25533 11.725 0.0651477 -0.0403706 0.0642339 
qwerty 307 287 0 0.38057 -0.0637434 -2.67956 12.4 0.0651477 -0.0403706 0.0642339 
qwerty 306 287 0 0.462958 -0.372866 0.0105514 7 0.080836 0.0415472 0.0417058 
qwerty 305 287 0 0.0515956 -1.7469 -0.916191 6.325 -0.00800094 0.0964265 0.0252569 
qwerty 304 293 0 0.510999 -4.05492 -2.48852 14.425 -0.0471267 0.00137507 0.0881883 
qwerty 303 293 0 0.510999 -3.42702 -2.50684 13.25 0.0471267 -0.00137507 -0.0881883 
qwerty 303 293 0 0.43359 -3.26533 -2.51156 12.9474 0.0431246 -0.0578914 -0.0692016 
qwerty 303 293 0 0.43359 -3.03324 -2.82312 12.575 0.0431246 -0.0578914 -0.0692016 
qwerty 303 293 0 0.43359 -2.6126 -3.3878 11.9 0.0431246 -0.0578914 -0.0692016 
qwerty 303 293 0 0.43359 -2.19195 -3.95248 11.225 0.0431246 -0.0578914 -0.0692016 
qwerty 303 293 0 0.43359 -1.77131 -4.51716 10.55 0.0431246 -0.0578914 -0.0692016 
qwerty 303 293 0 0.43359 -1.35067 -5.08184 9.875 0.0431246 -0.0578914 -0.0692016 
qwerty 303 293 0 0.43359 -0.930027 -5.64652 9.2 0.0431246 -0.0578914 -0.0692016 
qwerty 303 293 0 0.43359 -0.509385 -6.2112 8.525 0.0431246 -0.0578914 -0.0692016 
qwerty 303 293 0 0.43359 -0.0887435 -6.77588 7.85 0.0431246 -0.0578914 -0.0692016 
qwerty 354 340 1.33259 4.49167 -2.65037 -2.6894 7.45714 -0.0097137 -0.0984153 0.014835 
qwerty 354 340 0.963515 3.52816 -2.75343 -3.32089 7.43506 -0.00534688 -0.0989518 -0.0134146 
qwerty 354 340 0.950103 2.57805 -2.85204 -3.83403 7.43545 0.019652 -0.0965951 -0.016828 
qwerty 354 340 0.624935 1.95312 -2.8254 -4.23545 7.40682 0.0039614 -0.0993602 -0.0105759 
qwerty 354 340 0.727233 1.22589 -2.71628 -4.5575 7.44439 -0.0215049 -0.0974914 -0.00574174 
qwerty 354 340 0.593667 0.632219 -2.68941 -4.78764 7.32777 -0.0521206 -0.00689923 -0.0850637 
qwerty 354 340 0.355853 0.276366 -2.7795 -4.82777 7.23295 -0.0991268 0.0119833 0.0055022 
qwerty 354 340 0.276366 0 -2.82196 -4.82264 7.2353 -0.0991268 0.0119833 0.0055022 
qwerty 354 340 0 0 -2.82196 -4.82264 7.2353 -0.0991268 0.0119833 0.0055022 
qwerty 419 303 0.077409 0 -3.26437 -2.50722 12.9448 0.0184534 0.0836349 -0.0516205 
qwerty 426 354 0 0.510999 -2.35663 -4.31843 7.675 0.057102 0.0618719 0.0539558 
qwerty 425 354 0 0.510999 -2.88578 -4.89179 7.175 -0.057102 -0.0618719 -0.0539558 
qwerty 425 354 0 0.510999 -3.60014 -5.66582 6.5 -0.057102 -0.0618719 -0.0539558 
qwerty 425 354 0 0.510999 -4.3145 -6.43985 5.825 -0.057102 -0.0618719 -0.0539558 
