qwerty 1 0 0 200 0 0 -0.25 0 0 0.1 
qwerty 3 1 0 51.2339 0.794878 -0.263265 0.25 0.0815039 -0.0269942 0.0512682 
qwerty 6 4 0 0.280147 1.35603 -0.549151 -0.25 0.0470776 -0.0322115 -0.0821347 
qwerty 2 1 0 283.743 -0.0744841 0.0246692 0.25 -0.0147167 0.0048742 0.098791 
qwerty 8 2 0.176125 154.535 -0.129615 0.0243647 0.537951 -0.020166 -0.00234546 0.0979175 
qwerty 8 2 0.987015 153.548 -0.209327 0.0150935 0.925 -0.0200257 -0.00111902 0.097968 
qwerty 5 3 0.285815 36.3569 1.25 -0.454954 0.507362 0.0808032 -0.0407445 0.0425527 
qwerty 5 3 1.66803 34.6889 2.04305 -0.854845 0.925 0.0849714 -0.0416374 0.0323449 
qwerty 5 3 1.92086 12.3262 3.41147 -1.25 1.35314 0.0904645 -0.0338118 0.0259411 
qwerty 5 3 1.50982 10.8164 4.27233 -1.57175 1.6 0.0778204 -0.0242545 0.0579285 
qwerty 5 3 0.85416 4.06982 4.43779 -1.41304 2.275 0.0299536 0.022071 0.0928205 
qwerty 7 2 0.751639 71.7682 -0.212005 0.00572683 0.925 -0.019172 -0.00536227 0.0979984 
qwerty 7 2 0.807253 25.9192 -0.480454 0.0582521 1.57886 -0.0409568 0.0129002 0.0903113 
qwerty 7 2 0.0288406 25.8904 -0.490042 0.0612719 1.6 -0.0408411 0.0127053 0.0903913 
qwerty 7 2 0.856266 19.5499 -0.625589 0.16767 2.275 -0.0196084 0.0139346 0.0970636 
qwerty 43 7 0 3.7827 -0.728116 0.115278 2.95 -0.00910996 -0.0142998 0.0985521 
qwerty 43 7 0 3.7827 -0.790512 0.0173364 3.625 -0.00910996 -0.0142998 0.0985521 
qwerty 43 7 0 3.7827 -0.852907 -0.0806052 4.3 -0.00910996 -0.0142998 0.0985521 
qwerty 43 7 0 3.7827 -0.915303 -0.178547 4.975 -0.00910996 -0.0142998 0.0985521 
qwerty 43 7 0 3.7827 -0.977699 -0.276489 5.65 -0.00910996 -0.0142998 0.0985521 
qwerty 43 7 0 3.7827 -1.04009 -0.37443 6.325 -0.00910996 -0.0142998 0.0985521 
qwerty 43 7 0 3.7827 -1.10249 -0.472372 7 -0.00910996 -0.0142998 0.0985521 
qwerty 43 7 0 3.7827 -1.16489 -0.570313 7.675 -0.00910996 -0.0142998 0.0985521 
qwerty 43 7 0 3.7827 -1.22728 -0.668255 8.35 -0.00910996 -0.0142998 0.0985521 
qwerty 43 7 0 3.7827 -1.25 -0.703917 8.59577 -0.00910996 -0.0142998 0.0985521 
qwerty 43 7 0 3.7827 -1.28968 -0.766197 9.025 -0.00910996 -0.0142998 0.0985521 
qwerty 43 7 0 3.7827 -1.35207 -0.864138 9.7 -0.00910996 -0.0142998 0.0985521 
qwerty 43 7 0 3.7827 -1.41447 -0.96208 10.375 -0.00910996 -0.0142998 0.0985521 
qwerty 43 7 0 3.7827 -1.47686 -1.06002 11.05 -0.00910996 -0.0142998 0.0985521 
qwerty 43 7 0 3.7827 -1.53926 -1.15796 11.725 -0.00910996 -0.0142998 0.0985521 
qwerty 43 7 0 3.7827 -1.59789 -1.25 12.3593 -0.00910996 -0.0142998 0.0985521 
qwerty 43 7 0 3.7827 -1.60166 -1.2559 12.4 -0.00910996 -0.0142998 0.0985521 
qwerty 43 7 0 3.7827 -1.66405 -1.35385 13.075 -0.00910996 -0.0142998 0.0985521 
qwerty 43 7 0 3.7827 -1.72645 -1.45179 13.75 -0.00910996 -0.0142998 0.0985521 
qwerty 43 7 0 3.7827 -1.78884 -1.54973 14.425 -0.00910996 -0.0142998 0.0985521 
qwerty 43 7 0 3.7827 -1.85124 -1.64767 15.1 -0.00910996 -0.0142998 0.0985521 
qwerty 43 7 0 3.7827 -1.91363 -1.74561 15.775 -0.00910996 -0.0142998 0.0985521 
qwerty 43 7 0 3.7827 -1.97603 -1.84355 16.45 -0.00910996 -0.0142998 0.0985521 
qwerty 43 7 0 3.7827 -2.03842 -1.9415 17.125 -0.00910996 -0.0142998 0.0985521 
qwerty 43 7 0 3.7827 -2.10082 -2.03944 17.8 -0.00910996 -0.0142998 0.0985521 
qwerty 43 7 0 3.7827 -2.16322 -2.13738 18.475 -0.00910996 -0.0142998 0.0985521 
qwerty 43 7 0 3.7827 -2.22561 -2.23532 19.15 -0.00910996 -0.0142998 0.0985521 
qwerty 47 43 0.973345 2.15445 -0.501901 0.608636 2.62796 -0.000915076 0.0838271 -0.0545176 
qwerty 47 43 0.449539 1.69564 -0.544646 0.822883 2.51049 -0.061715 -0.0762652 -0.0193617 
qwerty 47 43 0.473409 1.22223 -0.724423 0.607978 2.45786 -0.0746703 -0.0659216 -0.00887064 
qwerty 47 43 0.13428 1.08795 -0.79055 0.549599 2.45 -0.0608572 -0.0421209 0.0672475 
qwerty 47 43 0.120302 0.967645 -0.852638 0.53843 2.50874 -0.0947123 -0.0154434 -0.0281262 
qwerty 47 43 0.202415 0.76523 -0.947747 0.497814 2.49777 -0.0692014 -0.0613356 -0.0380672 
qwerty 47 43 0.121599 0.643631 -0.98485 0.442147 2.46097 -0.0375001 -0.0881773 -0.0286095 
qwerty 47 43 0.0620383 0.581593 -0.999235 0.408321 2.45 -0.0984674 0.0146805 -0.00941581 
qwerty 51 47 0.00029101 0 -0.616376 0.74881 2.49637 -0.0689216 -0.0711726 -0.0135748 
qwerty 52 51 0.00898477 0 -0.616312 0.748732 2.49642 0.0566234 -0.0693986 0.0444706 
qwerty 50 47 0 0.834461 -1.50286 1.25 2.69964 -0.0599859 0.0776786 0.0191762 
qwerty 50 47 0 0.745491 -2.11774 2.04624 2.8962 -0.0263099 0.0913474 0.0310393 
qwerty 50 47 0 0.745491 -2.16334 2.20457 2.95 -0.0263099 0.0913474 0.0310393 
qwerty 50 47 0 0.745491 -2.73549 4.19106 3.625 -0.0263099 0.0913474 0.0310393 
qwerty 50 47 0 0.529946 -2.07863 6.25 3.91357 0.044446 0.0892848 0.00726415 
qwerty 50 47 0 0.529946 -0.834135 8.75 4.11696 0.044446 0.0892848 0.00726415 
qwerty 50 47 0 0.173733 -0.0868299 10.2512 4.2391 -0.0245086 -0.0963594 -0.0106863 
qwerty 50 47 0 0.122931 -0.255985 9.58616 4.16535 0.0156358 0.00746654 0.0984874 
qwerty 50 47 0 0.122931 -0.234608 9.59636 4.3 0.0156358 0.00746654 0.0984874 
qwerty 56 50 0.0508024 0 -0.25664 9.58428 4.16387 -0.0264724 -0.075641 -0.0598135 
qwerty 55 50 0.0707564 0.285456 -0.0645441 10.2768 4.23912 0.0771464 -0.0155582 0.0616958 
qwerty 55 50 0.068869 0.216587 -0.0371281 10.2827 4.25156 0.0245451 0.0797059 0.0551771 
qwerty 55 50 0.0729862 0.143601 -0.0292838 10.2902 4.27579 -0.0278736 0.0382983 0.0880699 
qwerty 55 50 0.059213 0.0843877 -0.0378336 10.3022 4.28167 -0.0917334 0.0187802 0.035104 
qwerty 55 50 0.0843877 0 -0.0433576 10.3034 4.28378 -0.0917334 0.0187802 0.035104 
qwerty 53 50 0.0889695 0 -2.12413 2.04555 2.8947 -0.0968286 -0.0104295 -0.0227035 
qwerty 42 7 0 6.08462 -0.866789 0.298413 2.95 -0.0332275 0.0179101 0.0926022 
qwerty 42 7 0 6.08462 -1.10899 0.428964 3.625 -0.0332275 0.0179101 0.0926022 
qwerty 42 7 0 6.08462 -1.3512 0.559516 4.3 -0.0332275 0.0179101 0.0926022 
qwerty 42 7 0 6.08462 -1.5934 0.690067 4.975 -0.0332275 0.0179101 0.0926022 
qwerty 42 7 0 6.08462 -1.8356 0.820618 5.65 -0.0332275 0.0179101 0.0926022 
qwerty 42 7 0 6.08462 -2.07781 0.95117 6.325 -0.0332275 0.0179101 0.0926022 
qwerty 42 7 0 6.08462 -2.32001 1.08172 7 -0.0332275 0.0179101 0.0926022 
qwerty 42 7 0 6.08462 -2.56221 1.21227 7.675 -0.0332275 0.0179101 0.0926022 
qwerty 60 42 0.0678256 4.27002 -2.63212 1.24441 7.8957 -0.0182189 0.00170345 0.0983116 
qwerty 60 42 0.703668 3.16164 -2.68048 1.24859 8.15041 -0.00452374 0.00722368 0.0996361 
qwerty 60 42 0.0293295 3.13231 -2.68136 1.25 8.16983 -0.00164678 0.0107594 0.0994059 
qwerty 60 42 0.115863 2.72506 -2.68829 1.26132 8.23679 0.00462586 0.0308994 0.0949938 
qwerty 60 42 0.188145 2.53692 -2.68277 1.29814 8.35 0.0293373 0.0253369 0.0921812 
qwerty 64 60 0.0141339 0.277256 -2.69224 1.25779 8.24023 -0.0765725 -0.0600831 0.0229491 
qwerty 64 60 0.00683388 0.270423 -2.69571 1.2556 8.24083 -0.0619566 -0.0774389 0.0128294 
qwerty 64 60 0.00731731 0.263105 -2.69897 1.25259 8.24183 -0.0860532 -0.0508001 -0.00376873 
qwerty 64 60 0.00663574 0.25647 -2.70305 1.25049 8.24167 -0.0886814 -0.046066 -0.00367937 
qwerty 64 60 0.00161116 0.254858 -2.70398 1.25 8.24163 -0.089645 -0.0431049 0.0102832 
qwerty 64 60 0.00605632 0.248802 -2.70736 1.24901 8.24208 -0.0955217 -0.0290864 0.00543898 
qwerty 64 60 0.00802634 0.240776 -2.71126 1.24837 8.24206 -0.0940529 -0.0218982 0.0259715 
qwerty 64 60 0.0136286 0.227147 -2.7147 1.24819 8.24261 -0.09743 -0.00475805 0.0220174 
qwerty 64 60 0.00914387 0.218003 -2.71769 1.24832 8.24371 -0.0866582 -0.00798914 0.0492599 
qwerty 64 60 0.00682523 0.211178 -2.72106 1.24731 8.24527 -0.0823139 -0.0315036 0.0472434 
qwerty 64 60 0.00842411 0.202754 -2.72433 1.24672 8.24702 -0.0954924 -0.00665703 0.028929 
qwerty 64 60 0.007595 0.195159 -2.72774 1.24701 8.24788 -0.0772313 0.0349093 0.0530723 
qwerty 64 60 0.0172648 0.177894 -2.73061 1.24881 8.24931 -0.016003 0.0811968 0.0561337 
qwerty 64 60 0.00955804 0.168336 -2.73084 1.25 8.25013 0.0370057 0.0922722 0.0107898 
qwerty 64 60 0.00543688 0.162899 -2.73045 1.25184 8.25036 0.0417183 0.0875901 0.0242394 
qwerty 64 60 0.00619409 0.156705 -2.72946 1.25343 8.25093 0.0504504 0.0656911 0.0560307 
qwerty 64 60 0.00808113 0.148624 -2.72804 1.25503 8.25181 0.0772554 0.0474984 0.0421367 
qwerty 64 60 0.0423892 0.106235 -2.72642 1.25616 8.2533 0.0824658 0.0492527 0.0278131 
qwerty 64 60 0.0200291 0.0862056 -2.7237 1.25731 8.25367 0.0784468 0.0238162 0.0572616 
qwerty 64 60 0.0160141 0.0701916 -2.72206 1.25954 8.25699 0.048279 0.0768133 0.0420579 
qwerty 64 60 0.0701916 0 -2.71995 1.2629 8.25883 0.048279 0.0768133 0.0420579 
qwerty 63 60 0.0161406 0.388565 -2.68692 1.24312 8.15431 -0.0663001 -0.074764 -0.00382572 
qwerty 63 60 0.0216434 0.366921 -2.69191 1.23651 8.1548 -0.0614943 -0.0780621 -0.0111699 
qwerty 63 60 0.0164848 0.350437 -2.69893 1.22865 8.15222 -0.03627 -0.0931387 -0.0031093 
qwerty 63 60 0.0236913 0.326745 -2.70542 1.21765 8.15481 -0.0169005 -0.0906006 0.038806 
qwerty 63 60 0.0373519 0.289394 -2.70682 1.20018 8.15906 -0.0111464 -0.0930596 -0.0348665 
qwerty 63 60 0.184426 0.104968 -2.69483 1.17378 8.14483 -0.0300759 -0.0932072 -0.0201954 
qwerty 63 60 0.104968 0 -2.69747 1.16561 8.14306 -0.0300759 -0.0932072 -0.0201954 
qwerty 62 60 0 0.00610664 -2.64697 1.25 8.01 -0.0128664 0.00484601 0.0990503 
qwerty 62 60 0.00029101 0 -2.65388 1.2526 8.06323 -0.0128664 0.00484601 0.0990503 
qwerty 65 62 0.00581563 0 -2.65392 1.25257 8.06323 -0.0745805 -0.0661753 -0.00765361 
qwerty 41 7 0 1.36547 -0.654168 0.11681 2.275 -0.0237327 0.00945257 0.096682 
qwerty 41 7 0 1.36547 -0.819861 0.182804 2.95 -0.0237327 0.00945257 0.096682 
qwerty 41 7 0 1.36547 -0.985555 0.248799 3.625 -0.0237327 0.00945257 0.096682 
qwerty 41 7 0 1.36547 -1.15125 0.314793 4.3 -0.0237327 0.00945257 0.096682 
qwerty 41 7 0 1.36547 -1.25 0.354125 4.70229 -0.0237327 0.00945257 0.096682 
qwerty 41 7 0 1.36547 -1.31694 0.380788 4.975 -0.0237327 0.00945257 0.096682 
qwerty 41 7 0 1.36547 -1.48264 0.446782 5.65 -0.0237327 0.00945257 0.096682 
qwerty 41 7 0 1.36547 -1.64833 0.512777 6.325 -0.0237327 0.00945257 0.096682 
qwerty 41 7 0 1.36547 -1.81402 0.578772 7 -0.0237327 0.00945257 0.096682 
qwerty 41 7 0 1.36547 -1.97972 0.644766 7.675 -0.0237327 0.00945257 0.096682 
qwerty 41 7 0 1.36547 -2.14541 0.710761 8.35 -0.0237327 0.00945257 0.096682 
qwerty 41 7 0 1.36547 -2.3111 0.776755 9.025 -0.0237327 0.00945257 0.096682 
qwerty 41 7 0 1.36547 -2.4768 0.84275 9.7 -0.0237327 0.00945257 0.096682 
qwerty 41 7 0 1.36547 -2.64249 0.908744 10.375 -0.0237327 0.00945257 0.096682 
qwerty 41 7 0 1.36547 -2.80818 0.974739 11.05 -0.0237327 0.00945257 0.096682 
qwerty 41 7 0 1.36547 -2.97388 1.04073 11.725 -0.0237327 0.00945257 0.096682 
qwerty 41 7 0 1.36547 -3.13957 1.10673 12.4 -0.0237327 0.00945257 0.096682 
qwerty 41 7 0 1.36547 -3.30526 1.17272 13.075 -0.0237327 0.00945257 0.096682 
qwerty 41 7 0 1.36547 -3.47096 1.23872 13.75 -0.0237327 0.00945257 0.096682 
qwerty 41 7 0 1.36547 -3.63665 1.30471 14.425 -0.0237327 0.00945257 0.096682 
qwerty 41 7 0 0.288083 -2.61561 2.40164 13.925 0.0646181 0.0691794 -0.0322292 
qwerty 41 7 0 0.288083 -1.35615 3.75 13.2968 0.0646181 0.0691794 -0.0322292 
qwerty 41 7 0 0.288083 -1.26226 3.85051 13.25 0.0646181 0.0691794 -0.0322292 
qwerty 40 7 0 1.00079 -0.684096 0.115187 2.275 -0.0289393 0.00900957 0.0952961 
qwerty 40 7 0 1.00079 -0.889078 0.179004 2.95 -0.0289393 0.00900957 0.0952961 
qwerty 40 7 0 0.599576 -0.528659 0.240498 3.625 0.0529997 0.00766145 0.0844531 
qwerty 40 7 0 0.291113 0.522086 0.593494 3.125 0.0848346 0.028871 -0.0443797 
qwerty 40 7 0 0.291113 1.81239 1.03261 2.45 0.0848346 0.028871 -0.0443797 
qwerty 39 7 0 0.384085 -0.626384 0.0571212 2.275 -0.0188756 -0.00175676 0.0981867 
qwerty 39 7 0 0.280077 -0.723802 0.0480545 2.78175 -0.0456174 -0.0787994 0.0413486 
qwerty 39 7 0 0.280077 -0.909427 -0.272594 2.95 -0.0456174 -0.0787994 0.0413486 
qwerty 71 39 0.104008 0 -0.722408 0.0534513 2.78834 0.0161492 0.0625189 0.0763583 
qwerty 38 7 0 42.1323 -0.489175 0.0606148 1.6 -0.0379302 0.010277 0.0919548 
qwerty 75 73 0 0.585484 -0.899517 0.430987 2.275 -0.0478869 0.0473683 0.0739127 
qwerty 37 7 0 0.550187 -0.453687 -0.0112998 1.6 -0.0345478 -0.00218692 0.0938172 
qwerty 37 7 0 0.550187 -0.702253 -0.0270344 2.275 -0.0345478 -0.00218692 0.0938172 
qwerty 37 7 0 0.550187 -0.950819 -0.042769 2.95 -0.0345478 -0.00218692 0.0938172 
qwerty 37 7 0 0.550187 -1.19938 -0.0585035 3.625 -0.0345478 -0.00218692 0.0938172 
qwerty 37 7 0 0.550187 -1.44795 -0.0742381 4.3 -0.0345478 -0.00218692 0.0938172 
qwerty 37 7 0 0.550187 -1.69652 -0.0899727 4.975 -0.0345478 -0.00218692 0.0938172 
qwerty 36 7 0 35.7948 -0.228758 0.0391104 0.925 -0.0232359 0.00149521 0.0972515 
qwerty 36 7 0 35.7948 -0.390033 0.0494883 1.6 -0.0232359 0.00149521 0.0972515 
qwerty 36 7 0 35.7948 -0.551308 0.0598663 2.275 -0.0232359 0.00149521 0.0972515 
qwerty 78 36 0.66398 24.083 -0.689158 0.115853 2.83712 -0.0294407 0.0104296 0.0949972 
qwerty 78 36 0.274231 23.8088 -0.724142 0.128246 2.95 -0.0256308 0.0101086 0.0961295 
qwerty 78 36 0.911145 20.2019 -0.854263 0.318666 3.625 -0.00978071 0.039628 0.0912905 
qwerty 78 36 0.886603 16.5097 -0.730302 0.459503 4.3 0.026685 0.0171351 0.0948383 
qwerty 78 36 0.584286 4.02786 -0.535103 0.618782 4.80951 0.036591 0.0112788 0.0923791 
qwerty 78 36 0.306386 3.72147 -0.469553 0.638986 4.975 0.0288493 -0.00578648 0.0955732 
qwerty 89 78 0.343927 1.45502 -0.595869 0.706988 4.975 -0.0086909 0.0198653 0.0976209 
qwerty 89 78 0.118977 0.668044 -0.612529 0.719203 4.93205 -0.0206403 0.0451537 -0.0868051 
qwerty 89 78 0.0753406 0.592703 -0.6289 0.739287 4.89721 -0.00929166 0.0535221 -0.0839586 
qwerty 89 78 0.0727106 0.519992 -0.638362 0.7549 4.86425 0.00145669 -0.0444222 -0.0895798 
qwerty 89 78 0.104366 0.415627 -0.620382 0.734464 4.8142 5.72109e-05 -0.0784711 -0.0619862 
qwerty 89 78 0.400404 0.0152231 -0.620336 0.671938 4.76481 0.0725183 0.0257785 0.063848 
qwerty 89 78 0.0152231 0 -0.620127 0.672012 4.765 0.0725183 0.0257785 0.063848 
qwerty 87 78 0 3.0639 -0.148357 0.578581 4.975 0.0705017 0.0137823 0.0695669 
qwerty 87 78 0 3.0639 0.535714 0.712309 5.65 0.0705017 0.0137823 0.0695669 
qwerty 87 78 0 2.95178 1.20454 0.753022 6.325 0.0702237 0.00264106 0.0711453 
qwerty 87 78 0 2.95178 1.87079 0.77808 7 0.0702237 0.00264106 0.0711453 
qwerty 86 78 0 0.58127 -0.163156 0.814323 4.96945 0.0956402 0.00783956 -0.0281337 
qwerty 86 78 0 0.58127 1.25 0.930159 4.55375 0.0956402 0.00783956 -0.0281337 
qwerty 86 78 0 0.58127 1.51771 0.952103 4.475 0.0956402 0.00783956 -0.0281337 
qwerty 86 78 0 0.377115 2.43766 0.39404 4.51647 0.0381643 -0.0889172 -0.0252432 
qwerty 86 78 0 0.377115 2.50035 0.247977 4.475 0.0381643 -0.0889172 -0.0252432 
qwerty 96 86 0.0668327 0 2.44097 0.395334 4.51832 0.082656 0.0322787 0.0461093 
qwerty 94 86 0.00834691 0.999037 -0.161176 0.817264 4.975 0.0230134 0.0362438 0.0903148 
qwerty 94 86 0.187356 0.621216 -0.121348 0.820117 4.93295 0.0320076 0.0122339 -0.093946 
qwerty 94 86 0.0855226 0.535693 -0.106242 0.840248 4.89546 0.000476616 0.0440575 -0.0897703 
qwerty 94 86 0.147536 0.388157 -0.114007 0.855458 4.85513 -0.0467179 -0.0101001 -0.0878375 
qwerty 94 86 0.20627 0.181887 -0.113425 0.81177 4.7927 -0.0477574 -0.082803 -0.029375 
qwerty 94 86 0.181887 0 -0.123944 0.793532 4.78623 -0.0477574 -0.082803 -0.029375 
qwerty 85 78 0 0.234885 -0.616248 0.293836 4.82734 -0.0110301 0.0525645 -0.0843523 
qwerty 85 78 0 0.234885 -0.662321 0.5134 4.475 -0.0110301 0.0525645 -0.0843523 
qwerty 98 85 0.263289 2.02249 -0.582799 0.237488 4.975 0.0279241 -0.0375621 0.0883705 
qwerty 84 78 0 0.628691 -0.817628 0.416972 4.3 0.00583042 0.0126578 0.0990242 
qwerty 84 78 0 0.628691 -0.777885 0.503254 4.975 0.00583042 0.0126578 0.0990242 
qwerty 84 78 0 0.410298 -0.759738 0.542651 5.28321 -0.053413 0.0667254 0.0519111 
qwerty 84 78 0 0.410298 -1.13715 1.01412 5.65 -0.053413 0.0667254 0.0519111 
qwerty 84 78 0 0.410298 -1.83167 1.88175 6.325 -0.053413 0.0667254 0.0519111 
qwerty 103 84 0.218393 0 -0.745176 0.531596 5.30652 0.049149 -0.037311 0.0786909 
qwerty 83 78 0.00029101 0 -0.705829 0.122932 2.89221 -0.0287454 0.0122057 0.0949985 
qwerty 106 83 0.00721827 0 -0.705881 0.122985 2.89219 -0.0684389 0.0694067 -0.0223345 
qwerty 82 78 0 0.935893 -0.714252 0.12466 2.95 -0.0228784 0.0103714 0.0967937 
qwerty 82 78 0 0.935893 -0.873797 0.196985 3.625 -0.0228784 0.0103714 0.0967937 
qwerty 82 78 0 0.935893 -1.03334 0.269311 4.3 -0.0228784 0.0103714 0.0967937 
qwerty 82 78 0 0.935893 -1.19289 0.341636 4.975 -0.0228784 0.0103714 0.0967937 
qwerty 82 78 0 0.935893 -1.35243 0.413962 5.65 -0.0228784 0.0103714 0.0967937 
qwerty 82 78 0 0.467049 -2.5889 -0.356883 6.325 -0.0786695 -0.0517642 0.0336388 
qwerty 81 78 0 0.273666 -0.62059 0.0877118 2.53617 -0.0854864 0.0100092 -0.0509107 
qwerty 81 78 0 0.273666 -0.765277 0.104653 2.45 -0.0854864 0.0100092 -0.0509107 
qwerty 110 81 0.109001 0.429488 -0.610209 0.102231 2.58253 0.0283606 -0.0180299 0.0941839 
qwerty 110 81 0.167446 0.262043 -0.54841 0.0827415 2.62718 0.0687528 0.064177 0.033976 
qwerty 110 81 0.262043 0 -0.521195 0.108146 2.64063 0.0687528 0.064177 0.033976 
qwerty 80 78 0 0.19268 -0.898427 1.25 2.76019 -0.024235 0.0935727 0.0256283 
qwerty 80 78 0 0.19268 -1.07792 1.94303 2.95 -0.024235 0.0935727 0.0256283 
qwerty 35 14 0 0.813857 -0.258512 -0.222535 1.6 -0.00581679 -0.0346433 0.093627 
qwerty 35 14 0 0.813857 -0.300448 -0.472295 2.275 -0.00581679 -0.0346433 0.093627 
qwerty 35 14 0 0.58231 0.2822 -0.840085 2.95 0.0606207 -0.0381053 0.0698077 
qwerty 35 14 0 0.58231 0.868367 -1.20854 3.625 0.0606207 -0.0381053 0.0698077 
qwerty 35 14 0 0.58231 1.45453 -1.577 4.3 0.0606207 -0.0381053 0.0698077 
qwerty 34 5 0 0.400797 4.10185 -1.66066 2.45242 -0.0955213 0.0273633 0.011266 
qwerty 34 5 0 0.400797 2.6683 -1.25 2.6215 -0.0955213 0.0273633 0.011266 
qwerty 34 5 0 0.400797 -0.116987 -0.452119 2.95 -0.0955213 0.0273633 0.011266 
qwerty 116 34 0.00588513 0.104317 4.10144 -1.66222 2.4524 0.0415105 -0.0860585 -0.0295095 
qwerty 116 34 0.00251408 0.101803 4.102 -1.66328 2.45172 0.0439723 -0.0894533 -0.00803402 
qwerty 116 34 0.00329122 0.0985114 4.10231 -1.66422 2.4517 0.0366725 -0.092938 0.0042021 
qwerty 116 34 0.00267106 0.0958403 4.10253 -1.66527 2.45162 0.0431906 -0.0278032 -0.0857995 
qwerty 116 34 0.00288338 0.0929569 4.1031 -1.66546 2.45091 0.0501915 0.0131417 -0.0854874 
qwerty 116 34 0.00254552 0.0904114 4.1036 -1.66543 2.45014 0.0339919 -0.00327052 -0.0939886 
qwerty 116 34 0.000279316 0.0901321 4.10365 -1.66543 2.45 0.0338806 -0.00376866 -0.0940101 
qwerty 32 5 0 0.718682 5.42563 -1.64232 1.775 0.0852429 -0.0175359 -0.0492559 
qwerty 32 5 0 0.718682 6.59379 -1.88263 1.1 0.0852429 -0.0175359 -0.0492559 
qwerty 32 5 0 0.718682 7.76195 -2.12294 0.425 0.0852429 -0.0175359 -0.0492559 
qwerty 32 5 0 0.718682 8.93012 -2.36325 -0.25 0.0852429 -0.0175359 -0.0492559 
qwerty 27 5 0 2.42684 4.36081 -1.25 1.53233 0.0234088 0.0948026 -0.0215522 
qwerty 27 5 0 2.42684 4.83039 0.65171 1.1 0.0234088 0.0948026 -0.0215522 
qwerty 125 27 0.683098 0.984867 4.84352 0.920847 1.31332 -0.0163733 0.0645534 0.0745974 
qwerty 125 27 0.357598 0.627269 4.89558 1.06647 1.45187 0.0472286 0.0438939 -0.0764381 
qwerty 125 27 0.347844 0.279424 5.03215 1.14574 1.4141 0.0170009 0.0952925 0.025106 
qwerty 125 27 0.279424 0 5.0396 1.18745 1.42509 0.0170009 0.0952925 0.025106 
qwerty 26 5 0 2.72843 2.9281 -0.758372 1.6 0.0663222 0.0179218 0.0726648 
qwerty 26 5 0 2.72843 3.54418 -0.591892 2.275 0.0663222 0.0179218 0.0726648 
qwerty 26 5 0 2.72843 4.16027 -0.425413 2.95 0.0663222 0.0179218 0.0726648 
qwerty 26 5 0 2.72843 4.77635 -0.258933 3.625 0.0663222 0.0179218 0.0726648 
qwerty 26 5 0 2.72843 5.39243 -0.0924527 4.3 0.0663222 0.0179218 0.0726648 
qwerty 26 5 0 2.72843 6.00852 0.0740272 4.975 0.0663222 0.0179218 0.0726648 
qwerty 26 5 0 2.72843 6.6246 0.240507 5.65 0.0663222 0.0179218 0.0726648 
qwerty 26 5 0 2.72843 7.24068 0.406987 6.325 0.0663222 0.0179218 0.0726648 
qwerty 26 5 0 2.72843 7.85676 0.573467 7 0.0663222 0.0179218 0.0726648 
qwerty 26 5 0 2.72843 8.47285 0.739947 7.675 0.0663222 0.0179218 0.0726648 
qwerty 26 5 0 2.72843 9.08893 0.906427 8.35 0.0663222 0.0179218 0.0726648 
qwerty 26 5 0 2.72843 9.70501 1.07291 9.025 0.0663222 0.0179218 0.0726648 
qwerty 26 5 0 2.72843 10.3211 1.23939 9.7 0.0663222 0.0179218 0.0726648 
qwerty 26 5 0 2.72843 10.9372 1.40587 10.375 0.0663222 0.0179218 0.0726648 
qwerty 26 5 0 2.72843 11.5533 1.57235 11.05 0.0663222 0.0179218 0.0726648 
qwerty 26 5 0 2.72843 12.1693 1.73883 11.725 0.0663222 0.0179218 0.0726648 
qwerty 26 5 0 2.72843 12.7854 1.90531 12.4 0.0663222 0.0179218 0.0726648 
qwerty 26 5 0 2.72843 13.4015 2.07179 13.075 0.0663222 0.0179218 0.0726648 
qwerty 26 5 0 2.72843 14.0176 2.23827 13.75 0.0663222 0.0179218 0.0726648 
qwerty 26 5 0 2.72843 14.6337 2.40475 14.425 0.0663222 0.0179218 0.0726648 
qwerty 26 5 0 2.72843 15.2498 2.57123 15.1 0.0663222 0.0179218 0.0726648 
qwerty 26 5 0 2.72843 15.8658 2.73771 15.775 0.0663222 0.0179218 0.0726648 
qwerty 26 5 0 2.72843 16.4819 2.90419 16.45 0.0663222 0.0179218 0.0726648 
qwerty 26 5 0 2.72843 17.098 3.07067 17.125 0.0663222 0.0179218 0.0726648 
qwerty 26 5 0 2.72843 17.7141 3.23715 17.8 0.0663222 0.0179218 0.0726648 
qwerty 26 5 0 2.72843 18.3302 3.40363 18.475 0.0663222 0.0179218 0.0726648 
qwerty 26 5 0 2.72843 18.9462 3.5701 19.15 0.0663222 0.0179218 0.0726648 
qwerty 26 5 0 2.72843 19.5623 3.73658 19.825 0.0663222 0.0179218 0.0726648 
qwerty 26 5 0 2.72843 20.1784 3.90306 20.5 0.0663222 0.0179218 0.0726648 
qwerty 26 5 0 2.72843 20.7945 4.06954 21.175 0.0663222 0.0179218 0.0726648 
qwerty 26 5 0 2.72843 21.4106 4.23602 21.85 0.0663222 0.0179218 0.0726648 
qwerty 26 5 0 2.72843 22.0267 4.4025 22.525 0.0663222 0.0179218 0.0726648 
qwerty 26 5 0 2.72843 22.6427 4.56898 23.2 0.0663222 0.0179218 0.0726648 
qwerty 26 5 0 0.655453 24.1006 6.25 22.7656 0.0637053 0.0743401 -0.0203762 
qwerty 26 5 0 0.655453 24.3057 6.48934 22.7 0.0637053 0.0743401 -0.0203762 
qwerty 25 5 0 9.32559 2.96296 -0.772261 1.6 0.0694476 0.0154735 0.070268 
qwerty 25 5 0 9.32559 3.63008 -0.623621 2.275 0.0694476 0.0154735 0.070268 
qwerty 25 5 0 9.32559 4.2972 -0.474982 2.95 0.0694476 0.0154735 0.070268 
qwerty 23 5 0 1.39359 3.07291 -1.25 1.44103 0.0831728 -0.0312623 0.0458797 
qwerty 23 5 0 1.39359 3.3611 -1.35832 1.6 0.0831728 -0.0312623 0.0458797 
qwerty 23 5 0 1.39359 3.75 -1.5045 1.81452 0.0831728 -0.0312623 0.0458797 
qwerty 23 5 0 1.39359 4.58478 -1.81827 2.275 0.0831728 -0.0312623 0.0458797 
qwerty 23 5 0 1.39359 5.80845 -2.27821 2.95 0.0831728 -0.0312623 0.0458797 
qwerty 23 5 0 1.39359 6.25 -2.44418 3.19357 0.0831728 -0.0312623 0.0458797 
qwerty 23 5 0 1.39359 7.03212 -2.73815 3.625 0.0831728 -0.0312623 0.0458797 
qwerty 23 5 0 0.336198 8.08293 -3.13312 4.20465 -0.0667209 -0.0553761 0.0498177 
qwerty 23 5 0 0.336198 7.95522 -3.23911 4.3 -0.0667209 -0.0553761 0.0498177 
qwerty 23 5 0 0.192928 8.65043 -2.46356 4.975 0.0578139 0.0688372 0.0438063 
qwerty 138 23 0.211053 0.846339 8.16323 -3.16805 4.24756 0.0619703 -0.078449 -0.00233399 
qwerty 138 23 0.165326 0.681014 8.19768 -3.2562 4.26922 0.055231 -0.0478182 0.0682858 
qwerty 138 23 0.0903487 0.590665 8.22258 -3.27775 4.3 0.0616957 -0.022367 0.0754544 
qwerty 22 5 0 6.80501 1.25 -0.455276 0.517501 0.0789993 -0.0430079 0.043697 
qwerty 22 5 0 6.80501 1.98671 -0.856348 0.925 0.0789993 -0.0430079 0.043697 
qwerty 22 5 0 6.80501 2.70979 -1.25 1.32496 0.0789993 -0.0430079 0.043697 
qwerty 22 5 0 6.80501 3.20703 -1.5207 1.6 0.0789993 -0.0430079 0.043697 
qwerty 21 5 0 0.213991 1.25 -0.447585 0.515466 0.0804097 -0.0404336 0.0435821 
qwerty 21 5 0 0.213991 2.0056 -0.827533 0.925 0.0804097 -0.0404336 0.0435821 
qwerty 20 5 0 1.00441 1.25 -0.408484 0.548212 0.0798771 -0.0248393 0.0547966 
qwerty 20 5 0 1.00441 1.79924 -0.579283 0.925 0.0798771 -0.0248393 0.0547966 
qwerty 20 5 0 0.360956 2.16093 -0.691756 1.17312 0.0508291 -0.0410387 -0.0757115 
qwerty 20 5 0 0.360956 2.21002 -0.73139 1.1 0.0508291 -0.0410387 -0.0757115 
qwerty 20 5 0 0.360956 2.66318 -1.09727 0.425 0.0508291 -0.0410387 -0.0757115 
qwerty 20 5 0 0.341794 2.98546 -1.16569 -0.25 0.0416279 -0.00531741 -0.0907681 
qwerty 145 20 0.0737372 0.569716 2.18193 -0.710548 1.21645 -0.0262022 0.00638569 0.0962947 
qwerty 145 20 0.124108 0.445608 2.18487 -0.721157 1.273 -0.048052 0.00676545 0.087437 
qwerty 145 20 0.336488 0.10912 2.14281 -0.715235 1.34954 -0.0292937 -0.0956034 0.00136712 
qwerty 145 20 0.10912 0 2.14006 -0.724193 1.34966 -0.0292937 -0.0956034 0.00136712 
qwerty 19 8 0 0.510999 -0.297771 -0.587112 1.6 -0.00114948 -0.0748091 0.0663497 
qwerty 18 8 0 0.510999 -0.277414 0.737696 0.425 0.00114948 0.0748091 -0.0663497 
qwerty 18 8 0 0.510999 -0.269542 1.25 -0.0293728 0.00114948 0.0748091 -0.0663497 
qwerty 18 8 0 0.510999 -0.26572 1.49876 -0.25 0.00114948 0.0748091 -0.0663497 
qwerty 17 8 0 7.40714 -0.391401 -0.0218446 1.6 -0.0262361 -0.00578937 0.0963231 
qwerty 17 8 0 7.40714 -0.575255 -0.0624145 2.275 -0.0262361 -0.00578937 0.0963231 
qwerty 16 8 0 134.998 -0.36395 0.0145075 1.6 -0.0223547 -4.90982e-05 0.0974693 
qwerty 16 8 0 134.998 -0.518762 0.0141675 2.275 -0.0223547 -4.90982e-05 0.0974693 
qwerty 16 8 0 134.998 -0.673575 0.0138274 2.95 -0.0223547 -4.90982e-05 0.0974693 
qwerty 16 8 0 134.998 -0.828387 0.0134874 3.625 -0.0223547 -4.90982e-05 0.0974693 
qwerty 15 8 0 3.46518 -0.369085 0.02101 1.6 -0.0231195 0.000978186 0.0972858 
qwerty 15 8 0 3.46518 -0.529496 0.027797 2.275 -0.0231195 0.000978186 0.0972858 
qwerty 15 8 0 3.46518 -0.689906 0.0345839 2.95 -0.0231195 0.000978186 0.0972858 
qwerty 15 8 0 3.46518 -0.850317 0.0413709 3.625 -0.0231195 0.000978186 0.0972858 
qwerty 15 8 0 3.22863 -0.945434 0.108375 4.3 -0.0125075 0.0110653 0.0985957 
qwerty 15 8 0 3.22863 -1.03106 0.184129 4.975 -0.0125075 0.0110653 0.0985957 
qwerty 15 8 0 3.22863 -1.11669 0.259884 5.65 -0.0125075 0.0110653 0.0985957 
qwerty 15 8 0 3.22863 -1.20232 0.335639 6.325 -0.0125075 0.0110653 0.0985957 
qwerty 15 8 0 3.22863 -1.28795 0.411394 7 -0.0125075 0.0110653 0.0985957 
qwerty 15 8 0 3.22863 -1.37357 0.487149 7.675 -0.0125075 0.0110653 0.0985957 
qwerty 15 8 0 3.22863 -1.4592 0.562904 8.35 -0.0125075 0.0110653 0.0985957 
qwerty 15 8 0 3.22863 -1.54483 0.638659 9.025 -0.0125075 0.0110653 0.0985957 
qwerty 15 8 0 3.22863 -1.63046 0.714414 9.7 -0.0125075 0.0110653 0.0985957 
qwerty 15 8 0 3.22863 -1.71609 0.790169 10.375 -0.0125075 0.0110653 0.0985957 
qwerty 15 8 0 3.22863 -1.80172 0.865923 11.05 -0.0125075 0.0110653 0.0985957 
qwerty 15 8 0 3.22863 -1.88734 0.941678 11.725 -0.0125075 0.0110653 0.0985957 
qwerty 15 8 0 3.22863 -1.97297 1.01743 12.4 -0.0125075 0.0110653 0.0985957 
qwerty 15 8 0 3.22863 -2.0586 1.09319 13.075 -0.0125075 0.0110653 0.0985957 
qwerty 15 8 0 3.22863 -2.14423 1.16894 13.75 -0.0125075 0.0110653 0.0985957 
qwerty 15 8 0 3.22863 -2.22986 1.2447 14.425 -0.0125075 0.0110653 0.0985957 
qwerty 15 8 0 3.22863 -2.31548 1.32045 15.1 -0.0125075 0.0110653 0.0985957 
qwerty 15 8 0 3.22863 -2.40111 1.39621 15.775 -0.0125075 0.0110653 0.0985957 
qwerty 15 8 0 3.22863 -2.48674 1.47196 16.45 -0.0125075 0.0110653 0.0985957 
qwerty 15 8 0 3.22863 -2.57237 1.54772 17.125 -0.0125075 0.0110653 0.0985957 
qwerty 15 8 0 3.22863 -2.658 1.62347 17.8 -0.0125075 0.0110653 0.0985957 
qwerty 12 8 0 0.287502 -0.208207 0.0141564 0.925 -0.0198928 -0.00258387 0.0979673 
qwerty 12 8 0 0.287502 -0.34527 -0.00364661 1.6 -0.0198928 -0.00258387 0.0979673 
qwerty 12 8 0 0.287502 -0.482332 -0.0214496 2.275 -0.0198928 -0.00258387 0.0979673 
qwerty 11 8 0 12.6453 -0.20269 0.00747379 0.925 -0.0188227 -0.00384195 0.0981374 
qwerty 11 8 0 12.6453 -0.332155 -0.0189516 1.6 -0.0188227 -0.00384195 0.0981374 
qwerty 11 8 0 12.6453 -0.46162 -0.0453769 2.275 -0.0188227 -0.00384195 0.0981374 
qwerty 11 8 0 12.6453 -0.591085 -0.0718023 2.95 -0.0188227 -0.00384195 0.0981374 
qwerty 11 8 0 12.6453 -0.72055 -0.0982276 3.625 -0.0188227 -0.00384195 0.0981374 
qwerty 11 8 0 12.6453 -0.850015 -0.124653 4.3 -0.0188227 -0.00384195 0.0981374 
qwerty 11 8 0 12.6453 -0.97948 -0.151078 4.975 -0.0188227 -0.00384195 0.0981374 
qwerty 10 8 0 0.375081 -0.20982 0.0295119 0.925 -0.0200012 0.000338239 0.0979788 
qwerty 158 11 1.341 5.46007 -1.59489 0.170393 5.19114 -0.0720177 0.0671632 0.0173942 
qwerty 158 11 1.18918 4.27089 -2.01466 0.77851 5.37746 -0.0325734 0.0878702 -0.0348969 
qwerty 158 11 0.441452 3.46154 -2.14112 1.01895 5.31468 -0.0349437 0.0881338 -0.0318019 
qwerty 158 11 0.448373 3.01317 -2.23273 1.25 5.23131 -0.0306055 0.0950189 -0.00589185 
qwerty 158 11 0.801108 2.21206 -2.36196 1.68447 5.25788 -0.036572 0.0928664 0.00619051 
qwerty 158 11 0.832766 1.37929 -2.52551 2.00582 5.16829 -0.0270159 0.0962599 0.00204467 
qwerty 158 11 0.449164 0.93013 -2.61349 2.23663 5.17915 -0.0299682 0.0421679 0.0855791 
qwerty 158 11 0.328123 0.602007 -2.59008 2.28524 5.37631 -0.0320902 0.069 0.0648785 
qwerty 158 11 0.343633 0.258373 -2.58289 2.34904 5.50347 -0.00127195 0.0166156 0.0986017 
qwerty 158 11 0.258373 0 -2.58338 2.35544 5.54143 -0.00127195 0.0166156 0.0986017 
qwerty 158 11 0 0 -2.58338 2.35544 5.54143 -0.00127195 0.0166156 0.0986017 
qwerty 151 16 0.929576 12.3645 -0.845073 0.264303 4.3 -0.0105841 0.0395162 0.0912494 
qwerty 151 16 0.438316 7.15185 -1.04868 0.302182 4.71776 -0.0410141 0.00244113 0.0911695 
qwerty 151 16 0.169204 6.5937 -1.0808 0.30707 4.79597 -0.0351461 0.00734908 0.0933313 
qwerty 151 16 0.303854 6.28984 -1.14822 0.321168 4.975 -0.046267 0.0104035 0.0880405 
qwerty 151 16 0.579824 1.25197 -1.04586 0.108682 4.96405 0.0728874 -0.0605888 -0.0318816 
qwerty 151 16 0.523217 0.728751 -0.900008 -0.0183585 4.82099 0.0619465 -0.0778173 0.0103485 
qwerty 151 16 0.411417 0.317335 -0.833316 -0.140545 4.94004 0.0384548 -0.074827 0.0540569 
qwerty 151 16 0.317335 0 -0.812853 -0.180363 4.9688 0.0384548 -0.074827 0.0540569 
qwerty 151 16 0 0 -0.812853 -0.180363 4.9688 0.0384548 -0.074827 0.0540569 
qwerty 79 36 0.811289 3.63852 -0.258616 0.123015 2.88565 0.0251058 0.0520238 0.0816286 
qwerty 79 36 0.11381 3.52471 -0.238825 0.164026 2.95 0.0308611 0.062713 0.0715169 
qwerty 74 38 1.0122 36.7795 -0.731768 0.201109 2.275 -0.0354806 0.0174698 0.0918473 
qwerty 74 38 1.05558 23.179 -0.884421 0.152756 2.95 -0.0221695 -0.0152943 0.0963047 
qwerty 74 38 1.22739 8.04481 -0.981795 0.556593 3.625 0.0177446 0.0469532 0.08649 
qwerty 162 158 0.323308 0.0445928 -2.17594 1.05526 5.35862 -0.096858 -0.0198238 0.0150185 
qwerty 162 158 0.0445928 0 -2.17785 1.05487 5.35891 -0.096858 -0.0198238 0.0150185 
qwerty 150 16 0.0048684 40.791 -0.864162 0.0088556 3.80298 -0.0283735 -0.0110619 0.0952501 
qwerty 150 16 0.796807 39.9942 -1.01222 -0.0488664 4.3 -0.0286844 -0.00955593 0.0953199 
qwerty 150 16 0.107234 32.7009 -1.08927 -0.0870932 4.55252 -0.0302832 -0.00566293 0.095136 
qwerty 150 16 0.987923 31.713 -1.22376 -0.112241 4.975 -0.0327141 -0.00387951 0.0944179 
qwerty 150 16 1.91301 19.0419 -0.726112 0.530493 5.65 0.046674 0.0677808 0.0568094 
qwerty 230 226 0 0.966614 0.467747 1.82473 6.05201 0.0547828 0.078705 -0.0283614 
qwerty 230 226 0 0.966614 0.906244 2.4547 5.825 0.0547828 0.078705 -0.0283614 
qwerty 230 226 0 0.73448 1.11566 3.75 5.18044 0.000970701 0.0881219 -0.0472608 
qwerty 230 226 0 0.73448 1.11629 3.80677 5.15 0.000970701 0.0881219 -0.0472608 
qwerty 231 230 0.304338 0 0.49178 1.83746 6.09396 0.048072 0.0254635 0.0839088 
qwerty 229 150 0 2.21248 0.348976 0.631576 5.15 0.0838971 -0.013697 -0.0526657 
qwerty 229 150 0 2.21248 1.25 0.484475 4.58439 0.0838971 -0.013697 -0.0526657 
qwerty 229 150 0 2.21248 1.42426 0.456026 4.475 0.0838971 -0.013697 -0.0526657 
qwerty 229 150 0 2.21248 2.49954 0.280475 3.8 0.0838971 -0.013697 -0.0526657 
qwerty 229 150 0 2.21248 3.57483 0.104925 3.125 0.0838971 -0.013697 -0.0526657 
qwerty 229 150 0 2.21248 4.65011 -0.070626 2.45 0.0838971 -0.013697 -0.0526657 
qwerty 229 150 0 2.21248 5.72539 -0.246177 1.775 0.0838971 -0.013697 -0.0526657 
qwerty 229 150 0 2.21248 6.80068 -0.421727 1.1 0.0838971 -0.013697 -0.0526657 
qwerty 237 234 0 0.342151 7.05992 -0.638627 1.6 0.0387642 -0.0372806 0.0843059 
qwerty 227 150 0 5.33415 -0.184239 1.015 6.325 0.052054 0.0477803 0.0707632 
qwerty 227 150 0 5.33415 0.0717798 1.25 6.67304 0.052054 0.0477803 0.0707632 
qwerty 227 150 0 5.33415 0.312297 1.47077 7 0.052054 0.0477803 0.0707632 
qwerty 227 150 0 5.33415 0.808834 1.92654 7.675 0.052054 0.0477803 0.0707632 
qwerty 227 150 0 5.33415 1.30537 2.38231 8.35 0.052054 0.0477803 0.0707632 
qwerty 227 150 0 5.33415 1.80191 2.83808 9.025 0.052054 0.0477803 0.0707632 
qwerty 227 150 0 5.33415 2.29844 3.29385 9.7 0.052054 0.0477803 0.0707632 
qwerty 227 150 0 5.33415 2.79498 3.74962 10.375 0.052054 0.0477803 0.0707632 
qwerty 227 150 0 5.33415 3.29151 4.20539 11.05 0.052054 0.0477803 0.0707632 
qwerty 227 150 0 5.33415 3.75 4.62623 11.6733 0.052054 0.0477803 0.0707632 
qwerty 227 150 0 5.33415 3.78805 4.66116 11.725 0.052054 0.0477803 0.0707632 
qwerty 223 150 0 6.85189 -1.04708 0.412576 5.65 0.0249262 0.0692949 0.0676528 
qwerty 223 150 0 6.85189 -0.798376 1.10396 6.325 0.0249262 0.0692949 0.0676528 
qwerty 223 150 0 3.47605 -0.422369 1.5284 7 0.0464186 0.0396203 0.0792184 
qwerty 223 150 0 3.47605 -0.0268477 1.866 7.675 0.0464186 0.0396203 0.0792184 
qwerty 223 150 0 1.98623 0.0953187 2.51638 8.35 0.0114121 0.0697529 0.0707411 
qwerty 223 150 0 1.98623 0.204211 3.18195 9.025 0.0114121 0.0697529 0.0707411 
qwerty 223 150 0 1.98623 0.297147 3.75 9.6011 0.0114121 0.0697529 0.0707411 
qwerty 223 150 0 1.98623 0.313103 3.84752 9.7 0.0114121 0.0697529 0.0707411 
qwerty 223 150 0 1.98623 0.421995 4.51309 10.375 0.0114121 0.0697529 0.0707411 
qwerty 223 150 0 1.98623 0.530887 5.17866 11.05 0.0114121 0.0697529 0.0707411 
qwerty 223 150 0 1.72519 0.774521 6.28976 11.725 0.019082 0.0851781 0.0487911 
qwerty 223 150 0 1.72519 1.03851 7.46815 12.4 0.019082 0.0851781 0.0487911 
qwerty 223 150 0 1.72519 1.25 8.4122 12.9408 0.019082 0.0851781 0.0487911 
qwerty 223 150 0 1.35019 1.27973 8.5449 13.0168 0.00193029 0.0988964 0.0146894 
qwerty 223 150 0 1.35019 1.28738 8.93691 13.075 0.00193029 0.0988964 0.0146894 
qwerty 223 150 0 1.35019 1.33253 11.25 13.4186 0.00193029 0.0988964 0.0146894 
qwerty 223 150 0 1.35019 1.37608 13.4814 13.75 0.00193029 0.0988964 0.0146894 
qwerty 223 150 0 0.36935 -0.0428215 14.2858 13.25 -0.055636 -0.0120993 -0.0822085 
qwerty 247 223 0.0394016 0.335595 1.28682 8.54399 13.032 0.0640459 -0.0177858 0.0747113 
qwerty 247 223 0.0470433 0.288552 1.29443 8.54179 13.0536 0.0363153 -0.00469847 0.0930544 
qwerty 247 223 0.0495467 0.239005 1.30124 8.53961 13.0653 -0.0175208 -0.0119772 0.0977219 
qwerty 247 223 0.0181654 0.22084 1.30027 8.53998 13.0738 -0.0314594 0.00232739 0.0948941 
qwerty 247 223 0.00229042 0.218549 1.29986 8.54001 13.075 -0.04078 0.00975994 0.090784 
qwerty 244 223 0.0983143 0.796354 -0.655016 1.29854 6.51729 0.097651 0.0123274 0.0176724 
qwerty 244 223 0.138023 0.658332 -0.589996 1.3073 6.51094 0.0606103 0.0758987 -0.0237863 
qwerty 244 223 0.0811342 0.577198 -0.562128 1.3422 6.5 0.0715958 0.0695584 0.00597221 
qwerty 244 223 0.031418 0.54578 -0.547031 1.35583 6.50027 0.0544862 0.071435 -0.0439123 
qwerty 244 223 0.000328127 0.545451 -0.546696 1.35627 6.5 0.0540921 0.0696962 -0.0470795 
qwerty 243 223 0.167493 0.989152 -0.671498 1.30483 6.57661 0.0793013 0.0552395 0.0256884 
qwerty 243 223 0.194828 0.794324 -0.584875 1.38136 6.57316 0.0487905 0.0870978 -0.00578498 
qwerty 243 223 0.229552 0.564772 -0.548443 1.4822 6.51537 -0.029973 0.092855 -0.0218991 
qwerty 243 223 0.182277 0.382495 -0.569484 1.54738 6.5 -0.0317416 0.0944295 -0.0086919 
qwerty 253 243 0 0.669367 -0.366443 1.53746 7 0.0539402 0.0405845 0.0737791 
qwerty 253 243 0 0.669367 0.127052 1.90876 7.675 0.0539402 0.0405845 0.0737791 
qwerty 253 243 0 0.669367 0.620548 2.28007 8.35 0.0539402 0.0405845 0.0737791 
qwerty 253 243 0 0.669367 1.11404 2.65137 9.025 0.0539402 0.0405845 0.0737791 
qwerty 222 150 0 0.0482918 -1.22927 -0.115229 4.975 -0.0313912 -0.00630904 0.0947354 
qwerty 221 150 0 1.97688 -1.23448 -0.127866 4.975 -0.0318397 -0.00888907 0.0943781 
qwerty 221 150 0 1.97688 -1.4622 -0.191441 5.65 -0.0318397 -0.00888907 0.0943781 
qwerty 221 150 0 1.97688 -1.68992 -0.255017 6.325 -0.0318397 -0.00888907 0.0943781 
qwerty 221 150 0 1.97688 -1.91764 -0.318592 7 -0.0318397 -0.00888907 0.0943781 
qwerty 221 150 0 1.97688 -2.14536 -0.382168 7.675 -0.0318397 -0.00888907 0.0943781 
qwerty 221 150 0 1.97688 -2.37308 -0.445743 8.35 -0.0318397 -0.00888907 0.0943781 
qwerty 221 150 0 1.97688 -2.6008 -0.509318 9.025 -0.0318397 -0.00888907 0.0943781 
qwerty 221 150 0 1.97688 -2.82852 -0.572894 9.7 -0.0318397 -0.00888907 0.0943781 
qwerty 221 150 0 1.97688 -3.05624 -0.636469 10.375 -0.0318397 -0.00888907 0.0943781 
qwerty 221 150 0 1.97688 -3.28396 -0.700044 11.05 -0.0318397 -0.00888907 0.0943781 
qwerty 221 150 0 1.97688 -3.51168 -0.76362 11.725 -0.0318397 -0.00888907 0.0943781 
qwerty 221 150 0 1.97688 -3.7394 -0.827195 12.4 -0.0318397 -0.00888907 0.0943781 
qwerty 220 150 0 2.28604 -1.25 -0.194955 4.92529 -0.0361667 -0.02164 0.0906845 
qwerty 220 150 0 2.28604 -1.26983 -0.206818 4.975 -0.0361667 -0.02164 0.0906845 
qwerty 220 150 0 2.28604 -1.53903 -0.367892 5.65 -0.0361667 -0.02164 0.0906845 
qwerty 220 150 0 2.28604 -1.80823 -0.528967 6.325 -0.0361667 -0.02164 0.0906845 
qwerty 220 150 0 2.28604 -2.07743 -0.690042 7 -0.0361667 -0.02164 0.0906845 
qwerty 220 150 0 0.824667 -1.78475 -1.1914 7.675 0.0419041 -0.0586563 0.0693071 
qwerty 220 150 0 0.824667 -1.37664 -1.76267 8.35 0.0419041 -0.0586563 0.0693071 
qwerty 218 150 0 0.0210212 -1.00817 -0.0465769 4.3 -0.0276713 -0.0106513 0.0955031 
qwerty 217 150 0 3.48275 -0.976483 0.059586 4.3 -0.0222491 0.00973113 0.0970066 
qwerty 217 150 0 3.48275 -1.1313 0.127298 4.975 -0.0222491 0.00973113 0.0970066 
qwerty 217 150 0 3.48275 -1.28611 0.19501 5.65 -0.0222491 0.00973113 0.0970066 
qwerty 265 263 0 0.269991 -1.23089 -0.541796 5.15 0.0578277 -0.0169346 -0.0798071 
qwerty 216 150 0 3.77201 -0.987249 0.0222334 4.3 -0.0229599 0.00137184 0.0973189 
qwerty 216 150 0 3.77201 -1.1465 0.0317484 4.975 -0.0229599 0.00137184 0.0973189 
qwerty 216 150 0 3.77201 -1.30575 0.0412635 5.65 -0.0229599 0.00137184 0.0973189 
qwerty 215 150 0 62.4532 -0.980312 0.00648739 4.3 -0.0219542 -0.00100172 0.0975552 
qwerty 215 150 0 62.4532 -1.13222 -0.000443646 4.975 -0.0219542 -0.00100172 0.0975552 
qwerty 213 61 0 0.380954 -1.94446 1.14013 7.90924 0.0997434 -0.00705358 -0.00122633 
qwerty 213 61 0 0.208007 -0.146024 1.01295 7.88713 -0.0098995 0.00618281 0.0993165 
qwerty 213 61 0 0.208007 -0.192161 1.04177 8.35 -0.0098995 0.00618281 0.0993165 
qwerty 212 61 0 0.510999 -3.85783 1.21191 8.35 -0.0923748 -0.0026146 0.0382108 
qwerty 212 61 0 0.510999 -5.48964 1.16573 9.025 -0.0923748 -0.0026146 0.0382108 
qwerty 212 61 0 0.510999 -7.12146 1.11954 9.7 -0.0923748 -0.0026146 0.0382108 
qwerty 211 61 0 0.253006 -2.63234 1.25 7.86049 -0.0470089 0.0249606 0.0846589 
qwerty 211 61 0 0.253006 -2.90416 1.39433 8.35 -0.0470089 0.0249606 0.0846589 
qwerty 210 74 0 0.510999 -1.11025 1.84439 3.125 -0.0118798 0.0880989 -0.045798 
qwerty 210 74 0 0.510999 -1.28534 3.14284 2.45 -0.0118798 0.0880989 -0.045798 
qwerty 209 74 0 0.510999 -0.805463 -0.415891 4.3 0.0118798 -0.0880989 0.045798 
qwerty 209 74 0 0.510999 -0.630371 -1.71435 4.975 0.0118798 -0.0880989 0.045798 
qwerty 209 74 0 0.510999 -0.45528 -3.0128 5.65 0.0118798 -0.0880989 0.045798 
qwerty 209 74 0 0.510999 -0.280189 -4.31126 6.325 0.0118798 -0.0880989 0.045798 
qwerty 207 74 0 0.187154 -1.0838 0.599867 4.3 -0.0124945 -0.00562847 0.0990566 
qwerty 206 74 0 1.31101 -0.454754 1.25 3.994 0.057343 0.0740011 0.0351513 
qwerty 206 74 0 1.31101 0.0444298 1.8942 4.3 0.057343 0.0740011 0.0351513 
qwerty 206 74 0 0.604646 0.482908 2.46005 4.56879 -0.0283151 0.0600014 0.0748204 
qwerty 206 74 0 0.604646 0.329181 2.78581 4.975 -0.0283151 0.0600014 0.0748204 
qwerty 206 74 0 0.604646 0.0737331 3.32712 5.65 -0.0283151 0.0600014 0.0748204 
qwerty 206 74 0 0.604646 -0.181714 3.86843 6.325 -0.0283151 0.0600014 0.0748204 
qwerty 205 74 0 2.44905 -0.844432 0.958014 4.3 0.0172326 0.0503583 0.0846586 
qwerty 205 74 0 2.44905 -0.707033 1.35953 4.975 0.0172326 0.0503583 0.0846586 
qwerty 205 74 0 0.673813 -0.626282 1.25 5.44118 0.0130803 -0.0543984 0.0828838 
qwerty 205 74 0 0.673813 -0.593327 1.11295 5.65 0.0130803 -0.0543984 0.0828838 
qwerty 205 74 0 0.673813 -0.486802 0.669929 6.325 0.0130803 -0.0543984 0.0828838 
qwerty 205 74 0 0.271361 -0.873233 0.0621345 6.78405 -0.0042521 0.0501248 0.0864258 
qwerty 205 74 0 0.271361 -0.883857 0.187382 7 -0.0042521 0.0501248 0.0864258 
qwerty 204 74 0 3.53871 -1.10634 0.2475 3.625 -0.0333673 0.0135868 0.0932846 
qwerty 204 74 0 3.53871 -1.34779 0.345813 4.3 -0.0333673 0.0135868 0.0932846 
qwerty 204 74 0 3.53871 -1.58923 0.444126 4.975 -0.0333673 0.0135868 0.0932846 
qwerty 204 74 0 3.53871 -1.83067 0.542439 5.65 -0.0333673 0.0135868 0.0932846 
qwerty 204 74 0 3.53871 -2.07212 0.640753 6.325 -0.0333673 0.0135868 0.0932846 
qwerty 204 74 0 3.53871 -2.31356 0.739066 7 -0.0333673 0.0135868 0.0932846 
qwerty 204 74 0 3.53871 -2.555 0.837379 7.675 -0.0333673 0.0135868 0.0932846 
qwerty 204 74 0 3.53871 -2.79645 0.935692 8.35 -0.0333673 0.0135868 0.0932846 
qwerty 204 74 0 3.53871 -3.03789 1.03401 9.025 -0.0333673 0.0135868 0.0932846 
qwerty 204 74 0 3.53871 -3.27933 1.13232 9.7 -0.0333673 0.0135868 0.0932846 
qwerty 204 74 0 3.53871 -3.52078 1.23063 10.375 -0.0333673 0.0135868 0.0932846 
qwerty 204 74 0 3.53871 -3.76222 1.32895 11.05 -0.0333673 0.0135868 0.0932846 
qwerty 204 74 0 3.53871 -4.00366 1.42726 11.725 -0.0333673 0.0135868 0.0932846 
qwerty 204 74 0 3.53871 -4.24511 1.52557 12.4 -0.0333673 0.0135868 0.0932846 
qwerty 204 74 0 3.53871 -4.48655 1.62388 13.075 -0.0333673 0.0135868 0.0932846 
qwerty 204 74 0 3.53871 -4.72799 1.7222 13.75 -0.0333673 0.0135868 0.0932846 
qwerty 204 74 0 3.53871 -4.96944 1.82051 14.425 -0.0333673 0.0135868 0.0932846 
qwerty 204 74 0 3.53871 -5.21088 1.91882 15.1 -0.0333673 0.0135868 0.0932846 
qwerty 204 74 0 3.53871 -5.45232 2.01714 15.775 -0.0333673 0.0135868 0.0932846 
qwerty 204 74 0 3.53871 -5.69377 2.11545 16.45 -0.0333673 0.0135868 0.0932846 
qwerty 204 74 0 3.53871 -5.93521 2.21376 17.125 -0.0333673 0.0135868 0.0932846 
qwerty 204 74 0 3.53871 -6.17665 2.31208 17.8 -0.0333673 0.0135868 0.0932846 
qwerty 204 74 0 3.53871 -6.25 2.34194 18.0051 -0.0333673 0.0135868 0.0932846 
qwerty 204 74 0 3.53871 -6.4181 2.41039 18.475 -0.0333673 0.0135868 0.0932846 
qwerty 204 74 0 3.53871 -6.65954 2.5087 19.15 -0.0333673 0.0135868 0.0932846 
qwerty 202 74 0 3.12629 -1.06454 0.107273 3.625 -0.0258848 -0.0057114 0.0964228 
qwerty 202 74 0 3.12629 -1.24574 0.067291 4.3 -0.0258848 -0.0057114 0.0964228 
qwerty 202 74 0 3.12629 -1.42695 0.0273089 4.975 -0.0258848 -0.0057114 0.0964228 
qwerty 202 74 0 3.12629 -1.60815 -0.0126733 5.65 -0.0258848 -0.0057114 0.0964228 
qwerty 202 74 0 3.12629 -1.78936 -0.0526555 6.325 -0.0258848 -0.0057114 0.0964228 
qwerty 202 74 0 3.12629 -1.97056 -0.0926376 7 -0.0258848 -0.0057114 0.0964228 
qwerty 202 74 0 0.257837 -1.90945 -0.216677 7.43972 0.0522699 0.0514688 -0.0679619 
qwerty 202 74 0 0.257837 -1.70586 -0.0161997 7.175 0.0522699 0.0514688 -0.0679619 
qwerty 201 74 0 4.7644 -1.10013 0.027289 3.625 -0.0300449 -0.0175709 0.0937474 
qwerty 201 74 0 4.7644 -1.31646 -0.0992249 4.3 -0.0300449 -0.0175709 0.0937474 
qwerty 201 74 0 4.7644 -1.53279 -0.225739 4.975 -0.0300449 -0.0175709 0.0937474 
qwerty 201 74 0 4.7644 -1.74912 -0.352253 5.65 -0.0300449 -0.0175709 0.0937474 
qwerty 201 74 0 4.7644 -1.96545 -0.478767 6.325 -0.0300449 -0.0175709 0.0937474 
qwerty 201 74 0 4.7644 -2.18178 -0.60528 7 -0.0300449 -0.0175709 0.0937474 
qwerty 201 74 0 4.7644 -2.39811 -0.731794 7.675 -0.0300449 -0.0175709 0.0937474 
qwerty 201 74 0 4.7644 -2.61444 -0.858308 8.35 -0.0300449 -0.0175709 0.0937474 
qwerty 201 74 0 4.7644 -2.83077 -0.984822 9.025 -0.0300449 -0.0175709 0.0937474 
qwerty 200 74 0 0.504789 -0.846659 0.138325 2.95 -0.0124944 -0.0174984 0.0976611 
qwerty 200 74 0 0.504789 -0.933016 0.0173821 3.625 -0.0124944 -0.0174984 0.0976611 
qwerty 199 74 0 7.42653 -0.87644 0.14659 2.95 -0.0181094 -0.0157843 0.0970716 
qwerty 199 74 0 7.42653 -1.00237 0.0368316 3.625 -0.0181094 -0.0157843 0.0970716 
qwerty 199 74 0 7.42653 -1.12829 -0.0729268 4.3 -0.0181094 -0.0157843 0.0970716 
qwerty 199 74 0 7.42653 -1.25 -0.179009 4.95239 -0.0181094 -0.0157843 0.0970716 
qwerty 199 74 0 7.42653 -1.25422 -0.182685 4.975 -0.0181094 -0.0157843 0.0970716 
qwerty 199 74 0 7.42653 -1.38014 -0.292444 5.65 -0.0181094 -0.0157843 0.0970716 
qwerty 199 74 0 5.49769 -1.39866 -0.366287 6.325 0.0026701 -0.00908484 0.0995507 
qwerty 199 74 0 5.49769 -1.38055 -0.427886 7 0.0026701 -0.00908484 0.0995507 
qwerty 199 74 0 5.49769 -1.36245 -0.489486 7.675 0.0026701 -0.00908484 0.0995507 
qwerty 199 74 0 5.49769 -1.34434 -0.551085 8.35 0.0026701 -0.00908484 0.0995507 
qwerty 199 74 0 5.49769 -1.32624 -0.612685 9.025 0.0026701 -0.00908484 0.0995507 
qwerty 199 74 0 5.49769 -1.30813 -0.674284 9.7 0.0026701 -0.00908484 0.0995507 
qwerty 199 74 0 5.49769 -1.29003 -0.735884 10.375 0.0026701 -0.00908484 0.0995507 
qwerty 199 74 0 5.49769 -1.27193 -0.797483 11.05 0.0026701 -0.00908484 0.0995507 
qwerty 199 74 0 5.49769 -1.25382 -0.859083 11.725 0.0026701 -0.00908484 0.0995507 
qwerty 199 74 0 5.49769 -1.23572 -0.920682 12.4 0.0026701 -0.00908484 0.0995507 
qwerty 199 74 0 5.49769 -1.21761 -0.982282 13.075 0.0026701 -0.00908484 0.0995507 
qwerty 199 74 0 5.49769 -1.19951 -1.04388 13.75 0.0026701 -0.00908484 0.0995507 
qwerty 199 74 0 5.49769 -1.1814 -1.10548 14.425 0.0026701 -0.00908484 0.0995507 
qwerty 199 74 0 5.49769 -1.1633 -1.16708 15.1 0.0026701 -0.00908484 0.0995507 
qwerty 199 74 0 5.49769 -1.14519 -1.22868 15.775 0.0026701 -0.00908484 0.0995507 
qwerty 199 74 0 5.49769 -1.13893 -1.25 16.0086 0.0026701 -0.00908484 0.0995507 
qwerty 199 74 0 5.49769 -1.12709 -1.29028 16.45 0.0026701 -0.00908484 0.0995507 
qwerty 199 74 0 5.49769 -1.10898 -1.35188 17.125 0.0026701 -0.00908484 0.0995507 
qwerty 199 74 0 5.49769 -1.09088 -1.41348 17.8 0.0026701 -0.00908484 0.0995507 
qwerty 199 74 0 5.49769 -1.07278 -1.47508 18.475 0.0026701 -0.00908484 0.0995507 
qwerty 199 74 0 5.49769 -1.05467 -1.53668 19.15 0.0026701 -0.00908484 0.0995507 
qwerty 199 74 0 5.49769 -1.03657 -1.59828 19.825 0.0026701 -0.00908484 0.0995507 
qwerty 199 74 0 5.49769 -1.01846 -1.65988 20.5 0.0026701 -0.00908484 0.0995507 
qwerty 199 74 0 5.49769 -1.00036 -1.72148 21.175 0.0026701 -0.00908484 0.0995507 
qwerty 199 74 0 5.49769 -0.982253 -1.78307 21.85 0.0026701 -0.00908484 0.0995507 
qwerty 199 74 0 5.49769 -0.964149 -1.84467 22.525 0.0026701 -0.00908484 0.0995507 
qwerty 199 74 0 5.49769 -0.946044 -1.90627 23.2 0.0026701 -0.00908484 0.0995507 
qwerty 199 74 0 5.49769 -0.92794 -1.96787 23.875 0.0026701 -0.00908484 0.0995507 
qwerty 199 74 0 5.49769 -0.909835 -2.02947 24.55 0.0026701 -0.00908484 0.0995507 
qwerty 199 74 0 5.49769 -0.891731 -2.09107 25.225 0.0026701 -0.00908484 0.0995507 
qwerty 199 74 0 5.49769 -0.873626 -2.15267 25.9 0.0026701 -0.00908484 0.0995507 
qwerty 199 74 0 1.21025 -0.763083 -1.61141 26.575 0.0132445 0.0669117 0.0731259 
qwerty 199 74 0 1.21025 -0.691545 -1.25 26.97 0.0132445 0.0669117 0.0731259 
qwerty 199 74 0 1.21025 -0.640828 -0.993775 27.25 0.0132445 0.0669117 0.0731259 
qwerty 199 74 0 1.21025 -0.518573 -0.376136 27.925 0.0132445 0.0669117 0.0731259 
qwerty 199 74 0 0.342807 -0.648741 -0.876625 28.6 -0.0186234 -0.0753911 0.0630028 
qwerty 199 74 0 0.342807 -0.848269 -1.68435 29.275 -0.0186234 -0.0753911 0.0630028 
qwerty 199 74 0 0.342807 -1.0478 -2.49208 29.95 -0.0186234 -0.0753911 0.0630028 
qwerty 197 74 0 1.27166 -0.905033 0.221671 2.95 -0.0228137 -0.00251529 0.0973304 
qwerty 197 74 0 1.27166 -1.06325 0.204227 3.625 -0.0228137 -0.00251529 0.0973304 
qwerty 197 74 0 1.27166 -1.22147 0.186783 4.3 -0.0228137 -0.00251529 0.0973304 
qwerty 197 74 0 1.27166 -1.37968 0.16934 4.975 -0.0228137 -0.00251529 0.0973304 
qwerty 197 74 0 1.27166 -1.5379 0.151896 5.65 -0.0228137 -0.00251529 0.0973304 
qwerty 197 74 0 1.27166 -1.69611 0.134452 6.325 -0.0228137 -0.00251529 0.0973304 
qwerty 197 74 0 1.27166 -1.85433 0.117008 7 -0.0228137 -0.00251529 0.0973304 
qwerty 197 74 0 1.01537 -1.95404 0.106014 7.4254 -0.0551989 -0.0276459 0.0786688 
qwerty 197 74 0 1.01537 -2.12917 0.0183011 7.675 -0.0551989 -0.0276459 0.0786688 
qwerty 197 74 0 1.01537 -2.6028 -0.218908 8.35 -0.0551989 -0.0276459 0.0786688 
qwerty 197 74 0 1.01537 -3.07642 -0.456117 9.025 -0.0551989 -0.0276459 0.0786688 
qwerty 197 74 0 1.01537 -3.55004 -0.693327 9.7 -0.0551989 -0.0276459 0.0786688 
qwerty 197 74 0 1.01537 -3.75 -0.793475 9.98498 -0.0551989 -0.0276459 0.0786688 
qwerty 197 74 0 1.01537 -4.02366 -0.930536 10.375 -0.0551989 -0.0276459 0.0786688 
qwerty 197 74 0 1.01537 -4.49728 -1.16774 11.05 -0.0551989 -0.0276459 0.0786688 
qwerty 197 74 0 1.01537 -4.9709 -1.40495 11.725 -0.0551989 -0.0276459 0.0786688 
qwerty 196 74 0 0.202524 -0.724261 0.129383 2.275 -0.031535 0.00945023 0.0944258 
qwerty 196 74 0 0.202524 -0.949687 0.196938 2.95 -0.031535 0.00945023 0.0944258 
qwerty 193 79 0 1.18349 -1.25 1.23229 3.3644 -0.0665767 0.0700102 0.0258092 
qwerty 193 79 0 1.18349 -1.92223 1.93919 3.625 -0.0665767 0.0700102 0.0258092 
qwerty 193 79 0 1.18349 -3.64423 3.75 4.29255 -0.0665767 0.0700102 0.0258092 
qwerty 193 79 0 1.18349 -3.66344 3.7702 4.3 -0.0665767 0.0700102 0.0258092 
qwerty 192 79 0 0.484434 -0.225465 0.189996 2.95 0.0336147 0.0679169 0.0652483 
qwerty 192 79 0 0.484434 0.122283 0.892603 3.625 0.0336147 0.0679169 0.0652483 
qwerty 191 79 0 0.172653 -0.416558 0.0816201 2.95 0.0284458 0.00233563 0.0958404 
qwerty 189 93 0 0.510999 1.04339 -1.25 6.61831 -0.0398108 -0.0894819 -0.0202013 
qwerty 189 93 0 0.510999 0.810233 -1.77407 6.5 -0.0398108 -0.0894819 -0.0202013 
qwerty 189 93 0 0.510999 -0.519991 -4.76398 5.825 -0.0398108 -0.0894819 -0.0202013 
qwerty 189 93 0 0.444626 -1.05389 -6.25 5.60296 -0.0454937 -0.0852249 -0.025827 
qwerty 189 93 0 0.444626 -1.85176 -7.74468 5.15 -0.0454937 -0.0852249 -0.025827 
qwerty 189 93 0 0.25869 -2.3453 -8.04306 5.65 -0.056457 -0.0148761 0.0811868 
qwerty 189 93 0 0.25869 -3.11462 -7.87124 6.325 -0.0754598 0.0201053 0.0624627 
qwerty 188 133 0 0.510999 4.32968 -1.25 2.47284 -0.0137316 -0.0841224 -0.0522959 
qwerty 188 133 0 0.510999 4.32368 -1.28674 2.45 -0.0137316 -0.0841224 -0.0522959 
qwerty 187 133 0 0.36897 3.9985 1.25 2.55749 -0.0265586 0.0930751 -0.0251331 
qwerty 187 133 0 0.36897 3.88491 1.64806 2.45 -0.0265586 0.0930751 -0.0251331 
qwerty 186 133 0 0.641364 4.74519 0.464813 2.45 0.0270248 0.0822922 -0.0499766 
qwerty 185 143 0 0.47908 2.88781 -1.48549 2.275 -0.0751921 0.0112262 0.0649625 
qwerty 185 143 0 0.47908 2.10652 -1.36884 2.95 -0.0751921 0.0112262 0.0649625 
qwerty 185 143 0 0.47908 1.32523 -1.2522 3.625 -0.0751921 0.0112262 0.0649625 
qwerty 184 143 0 0.245489 4.63851 -2.13783 1.15933 0.0460224 0.0229556 0.0857612 
qwerty 184 143 0 0.245489 4.87499 -2.01987 1.6 0.0460224 0.0229556 0.0857612 
qwerty 183 143 0 1.15013 3.75 -1.66935 1.80312 0.0893096 -0.0255776 0.037008 
qwerty 183 143 0 1.15013 4.88876 -1.99548 2.275 0.0893096 -0.0255776 0.037008 
qwerty 183 143 0 0.518964 5.77248 -2.84544 1.775 0.0538748 -0.0664749 -0.0517551 
qwerty 183 143 0 0.518964 6.47512 -3.71241 1.1 0.0538748 -0.0664749 -0.0517551 
qwerty 182 149 0 1.21016 -1.61183 0.469341 2.95 -0.0822144 0.0353337 0.0446355 
qwerty 182 149 0 1.21016 -2.85511 1.00368 3.625 -0.0822144 0.0353337 0.0446355 
qwerty 182 149 0 1.21016 -3.42826 1.25 3.93617 -0.0822144 0.0353337 0.0446355 
qwerty 182 149 0 1.21016 -4.0984 1.53801 4.3 -0.0822144 0.0353337 0.0446355 
qwerty 182 149 0 1.21016 -5.34169 2.07234 4.975 -0.0822144 0.0353337 0.0446355 
qwerty 182 149 0 1.21016 -6.58497 2.60668 5.65 -0.0822144 0.0353337 0.0446355 
qwerty 182 149 0 0.788164 -6.94743 2.76245 5.84678 -0.0654464 0.0753054 -0.00677257 
qwerty 182 149 0 0.788164 -7.15792 3.00465 5.825 -0.0654464 0.0753054 -0.00677257 
qwerty 182 149 0 0.184196 -8.25796 5.46884 6.31535 0.0274204 -0.090526 -0.0324526 
qwerty 182 149 0 0.171734 -8.08792 4.90745 6.1141 -0.0058788 -0.0975722 0.0210973 
qwerty 182 149 0 0.171734 -8.14669 3.93206 6.325 -0.0058788 -0.0975722 0.0210973 
qwerty 181 149 0 0.297034 -0.21846 1.14249 2.95 0.0140349 0.0862786 0.0485698 
qwerty 180 149 0 0.261743 -0.537174 0.343946 2.95 -0.00216909 0.0502328 0.0864405 
qwerty 179 149 0 0.94771 -1.03695 1.34417 1.775 -0.0329768 0.0863313 -0.0382027 
qwerty 179 149 0 0.94771 -1.61961 2.86955 1.1 -0.0329768 0.0863313 -0.0382027 
qwerty 179 149 0 0.94771 -2.20228 4.39492 0.425 -0.0329768 0.0863313 -0.0382027 
qwerty 179 149 0 0.94771 -2.78494 5.9203 -0.25 -0.0329768 0.0863313 -0.0382027 
qwerty 176 151 0 0.510999 -0.825947 -0.178185 4.975 -0.0893849 0.0148708 0.0422989 
qwerty 176 151 0 0.301612 -1.2144 -0.113558 5.15883 0.00558782 -0.0308722 0.0949509 
qwerty 176 151 0 0.292886 -1.18878 -0.255147 5.5943 0.0132315 -0.000314157 0.0991203 
qwerty 176 151 0 0.292886 -1.18134 -0.255323 5.65 0.0132315 -0.000314157 0.0991203 
qwerty 175 151 0 0.510999 0.230639 -0.353967 4.475 0.0893849 -0.0148708 -0.0422989 
qwerty 175 151 0 0.510999 1.65703 -0.591272 3.8 0.0893849 -0.0148708 -0.0422989 
qwerty 175 151 0 0.510999 3.08342 -0.828578 3.125 0.0893849 -0.0148708 -0.0422989 
qwerty 175 151 0 0.510999 4.50981 -1.06588 2.45 0.0893849 -0.0148708 -0.0422989 
qwerty 175 151 0 0.510999 5.9362 -1.30319 1.775 0.0893849 -0.0148708 -0.0422989 
qwerty 175 151 0 0.438547 6.95123 -1.43799 1.1 0.0814824 -0.0103134 -0.057046 
qwerty 174 151 0 0.765379 -1.75779 0.584431 4.475 -0.0670795 0.0306855 -0.0675185 
qwerty 174 151 0 0.765379 -2.4284 0.891201 3.8 -0.0670795 0.0306855 -0.0675185 
qwerty 174 151 0 0.765379 -3.09901 1.19797 3.125 -0.0670795 0.0306855 -0.0675185 
qwerty 174 151 0 0.765379 -3.76962 1.50474 2.45 -0.0670795 0.0306855 -0.0675185 
qwerty 174 151 0 0.765379 -4.44023 1.81151 1.775 -0.0670795 0.0306855 -0.0675185 
qwerty 174 151 0 0.765379 -5.11085 2.11828 1.1 -0.0670795 0.0306855 -0.0675185 
qwerty 174 151 0 0.46046 -5.35167 1.75981 0.425 -0.0241146 -0.0516688 -0.0821512 
qwerty 174 151 0 0.46046 -5.54981 1.33527 -0.25 -0.0241146 -0.0516688 -0.0821512 
qwerty 173 151 0 2.06745 -1.78123 0.518008 5.65 -0.0670149 0.0205142 0.0713314 
qwerty 173 151 0 2.06745 -2.41539 0.712131 6.325 -0.0670149 0.0205142 0.0713314 
qwerty 173 151 0 2.06745 -3.04954 0.906254 7 -0.0670149 0.0205142 0.0713314 
qwerty 173 151 0 2.06745 -3.68369 1.10038 7.675 -0.0670149 0.0205142 0.0713314 
qwerty 173 151 0 1.70499 -3.85635 1.25 7.98402 -0.0430644 0.0401997 0.080805 
qwerty 173 151 0 1.70499 -4.0514 1.43207 8.35 -0.0430644 0.0401997 0.080805 
qwerty 173 151 0 1.70499 -4.41113 1.76788 9.025 -0.0430644 0.0401997 0.080805 
qwerty 173 151 0 1.70499 -4.77087 2.10368 9.7 -0.0430644 0.0401997 0.080805 
qwerty 173 151 0 1.70499 -5.1306 2.43949 10.375 -0.0430644 0.0401997 0.080805 
qwerty 173 151 0 1.70499 -5.49034 2.77529 11.05 -0.0430644 0.0401997 0.080805 
qwerty 173 151 0 1.70499 -5.85008 3.1111 11.725 -0.0430644 0.0401997 0.080805 
qwerty 173 151 0 1.55909 -6.04121 3.43198 12.4 -0.0207166 0.0416879 0.0885039 
qwerty 173 151 0 1.55909 -6.19921 3.74992 13.075 -0.0207166 0.0416879 0.0885039 
qwerty 173 151 0 1.55909 -6.35721 4.06787 13.75 -0.0207166 0.0416879 0.0885039 
qwerty 173 151 0 1.55909 -6.51521 4.38581 14.425 -0.0207166 0.0416879 0.0885039 
qwerty 173 151 0 1.55909 -6.67321 4.70376 15.1 -0.0207166 0.0416879 0.0885039 
qwerty 172 151 0 0.388953 -1.14538 0.315119 4.975 -0.0338996 0.00422493 0.0939839 
qwerty 172 151 0 0.388953 -1.38885 0.345462 5.65 -0.0338996 0.00422493 0.0939839 
qwerty 172 151 0 0.388953 -1.63231 0.375806 6.325 -0.0338996 0.00422493 0.0939839 
qwerty 171 151 0 0.60977 -1.14335 0.316515 4.975 -0.0344927 0.00522171 0.0937176 
qwerty 171 151 0 0.60977 -1.39179 0.354124 5.65 -0.0344927 0.00522171 0.0937176 
qwerty 171 151 0 0.60977 -1.64022 0.391733 6.325 -0.0344927 0.00522171 0.0937176 
qwerty 170 151 0 1.33952 -1.12762 0.270013 4.58855 -0.082582 0.00267849 0.0563298 
qwerty 170 151 0 1.33952 -1.25 0.273983 4.67202 -0.082582 0.00267849 0.0563298 
qwerty 170 151 0 1.33952 -1.69418 0.288389 4.975 -0.082582 0.00267849 0.0563298 
qwerty 170 151 0 0.758188 -2.17515 0.303989 5.30308 -0.018897 -0.00433117 0.0981027 
qwerty 170 151 0 0.758188 -2.24198 0.288673 5.65 -0.018897 -0.00433117 0.0981027 
qwerty 170 151 0 0.758188 -2.372 0.258872 6.325 -0.018897 -0.00433117 0.0981027 
qwerty 170 151 0 0.758188 -2.50202 0.229071 7 -0.018897 -0.00433117 0.0981027 
qwerty 170 151 0 0.758188 -2.63204 0.19927 7.675 -0.018897 -0.00433117 0.0981027 
qwerty 170 151 0 0.758188 -2.76206 0.16947 8.35 -0.018897 -0.00433117 0.0981027 
qwerty 170 151 0 0.758188 -2.89208 0.139669 9.025 -0.018897 -0.00433117 0.0981027 
qwerty 170 151 0 0.758188 -3.02211 0.109868 9.7 -0.018897 -0.00433117 0.0981027 
qwerty 168 151 0 2.4358 -0.859708 0.315905 4.3 -0.00122984 0.0496813 0.086777 
qwerty 168 151 0 2.4358 -0.869275 0.702354 4.975 -0.00122984 0.0496813 0.086777 
qwerty 168 151 0 2.4358 -0.878841 1.0888 5.65 -0.00122984 0.0496813 0.086777 
qwerty 168 151 0 2.4358 -0.888408 1.47525 6.325 -0.00122984 0.0496813 0.086777 
qwerty 168 151 0 2.4358 -0.897974 1.8617 7 -0.00122984 0.0496813 0.086777 
qwerty 168 151 0 2.4358 -0.90754 2.24815 7.675 -0.00122984 0.0496813 0.086777 
qwerty 168 151 0 1.4183 -0.916668 2.61688 8.31906 0.0455827 0.0639068 0.0619527 
qwerty 168 151 0 1.4183 -0.893904 2.6488 8.35 0.0455827 0.0639068 0.0619527 
qwerty 168 151 0 1.06224 0.203248 3.17779 9.025 0.0816759 0.0344641 0.0462739 
qwerty 168 151 0 1.06224 1.39466 3.68052 9.7 0.0816759 0.0344641 0.0462739 
qwerty 168 151 0 1.06224 2.58607 4.18325 10.375 0.0816759 0.0344641 0.0462739 
qwerty 168 151 0 0.801671 3.03533 4.57022 11.05 0.03885 0.0440553 0.0809309 
qwerty 168 151 0 0.56392 3.19477 4.75103 11.3822 -0.00707912 0.0888145 0.0454078 
qwerty 168 151 0 0.56392 3.14132 5.42162 11.725 -0.00707912 0.0888145 0.0454078 
qwerty 168 151 0 0.56392 3.07529 6.25 12.1485 -0.00707912 0.0888145 0.0454078 
qwerty 168 151 0 0.56392 3.03609 6.74187 12.4 -0.00707912 0.0888145 0.0454078 
qwerty 168 151 0 0.56392 2.93085 8.06212 13.075 -0.00707912 0.0888145 0.0454078 
qwerty 168 151 0 0.498098 2.63879 8.60958 13.75 -0.0325284 0.0585581 0.0742486 
qwerty 168 151 0 0.498098 2.34307 9.14194 14.425 -0.0325284 0.0585581 0.0742486 
qwerty 167 151 0 2.94225 -0.928397 0.0662259 4.3 -0.0145775 0.00779738 0.098624 
qwerty 167 151 0 2.94225 -1.02817 0.119593 4.975 -0.0145775 0.00779738 0.098624 
qwerty 167 151 0 2.94225 -1.12794 0.172959 5.65 -0.0145775 0.00779738 0.098624 
qwerty 167 151 0 2.94225 -1.22771 0.226326 6.325 -0.0145775 0.00779738 0.098624 
qwerty 167 151 0 2.94225 -1.32748 0.279693 7 -0.0145775 0.00779738 0.098624 
qwerty 167 151 0 2.94225 -1.42725 0.333059 7.675 -0.0145775 0.00779738 0.098624 
qwerty 167 151 0 2.94225 -1.52702 0.386426 8.35 -0.0145775 0.00779738 0.098624 
qwerty 166 154 0 0.510999 -2.61646 3.12534 17.3 0.00235856 0.0945318 -0.0325296 
qwerty 166 154 0 0.510999 -2.56751 5.08691 16.625 0.00235856 0.0945318 -0.0325296 
qwerty 166 154 0 0.510999 -2.5385 6.25 16.2248 0.00235856 0.0945318 -0.0325296 
qwerty 166 154 0 0.222677 -2.52143 6.93386 15.9894 -0.035129 -0.0561018 -0.0749569 
qwerty 166 154 0 0.222677 -2.53992 6.90434 15.95 -0.035129 -0.0561018 -0.0749569 
qwerty 164 158 0 0.510999 -2.53028 2.37366 5.65 0.0434443 0.0149085 0.0888275 
qwerty 164 158 0 0.510999 -2.20014 2.48695 6.325 0.0434443 0.0149085 0.0888275 
qwerty 164 158 0 0.510999 -1.87001 2.60024 7 0.0434443 0.0149085 0.0888275 
qwerty 163 158 0 0.510999 -2.77482 2.28974 5.15 -0.0434443 -0.0149085 -0.0888275 
qwerty 163 158 0 0.510999 -3.10495 2.17645 4.475 -0.0434443 -0.0149085 -0.0888275 
qwerty 163 158 0 0.510999 -3.43508 2.06316 3.8 -0.0434443 -0.0149085 -0.0888275 
qwerty 163 158 0 0.510999 -3.75 1.95509 3.15611 -0.0434443 -0.0149085 -0.0888275 
qwerty 163 158 0 0.510999 -3.76522 1.94987 3.125 -0.0434443 -0.0149085 -0.0888275 
qwerty 163 158 0 0.510999 -4.09535 1.83658 2.45 -0.0434443 -0.0149085 -0.0888275 
qwerty 163 158 0 0.510999 -4.42548 1.72329 1.775 -0.0434443 -0.0149085 -0.0888275 
qwerty 163 158 0 0.469028 -4.8356 1.86447 1.1 -0.0521709 0.0257996 -0.0813177 
qwerty 163 158 0 0.469028 -5.26866 2.07863 0.425 -0.0521709 0.0257996 -0.0813177 
qwerty 163 158 0 0.469028 -5.70172 2.29279 -0.25 -0.0521709 0.0257996 -0.0813177 
qwerty 377 166 0.0419021 0.246419 -2.5243 6.95201 15.9884 -0.037819 0.0893278 0.0242954 
qwerty 377 166 0.0518657 0.194554 -2.52113 6.97621 15.9954 0.00367967 0.097209 0.0231704 
qwerty 377 166 0.0913391 0.103214 -2.50607 6.99757 15.9992 0.0604931 0.0613335 -0.0507817 
qwerty 377 166 0.103214 0 -2.50092 7.00279 15.9948 0.0604931 0.0613335 -0.0507817 
qwerty 372 168 0.237751 0 3.21656 4.74187 11.4065 0.0642039 -0.0269818 0.0717624 
qwerty 369 168 0.0486347 0.968859 -0.933615 2.62449 8.35 -0.0305989 0.0444914 0.0841678 
qwerty 365 170 0.186934 0.394396 -2.25099 0.297288 5.29685 -0.0673309 -0.00344176 -0.073856 
qwerty 365 170 0.357609 0.0367875 -2.3008 0.294742 5.2422 0.0866134 0.0471589 -0.0165575 
qwerty 365 170 0.0367875 0 -2.2996 0.2954 5.24197 0.0866134 0.0471589 -0.0165575 
qwerty 364 170 0.090047 0 -1.12956 0.263576 4.58811 -0.0288037 -0.0955452 -0.00643872 
qwerty 351 176 0.00872669 0 -1.1888 -0.25525 5.5943 -0.023091 -0.0972095 -0.00413883 
qwerty 350 176 0.00889159 0.200495 -1.21875 -0.111336 5.15717 -0.0833465 0.0316877 -0.0452687 
qwerty 350 176 0.0297178 0.170777 -1.22217 -0.11054 5.1556 -0.0717906 0.0226939 -0.0658111 
qwerty 350 176 0.0237403 0.147037 -1.2239 -0.109443 5.15374 -0.0339304 0.0287651 -0.0895617 
qwerty 350 176 0.00783242 0.139204 -1.2242 -0.108584 5.15092 -0.00798061 0.0159758 -0.0983925 
qwerty 350 176 0.00252029 0.136684 -1.22427 -0.108435 5.15 -0.0147046 0.0127295 -0.0980904 
qwerty 342 182 0.0124615 0 -8.08781 4.90745 6.11393 0.053377 0.000722218 -0.0845599 
qwerty 341 182 0.0813902 0.392103 -8.26406 5.47906 6.31916 0.00220493 -0.00828176 0.0996321 
qwerty 341 182 0.0114144 0.380688 -8.26393 5.47857 6.325 0.0110899 0.00368476 0.0993148 
qwerty 339 182 0.0709529 0.351044 -6.95563 2.756 5.85751 -0.0760367 -0.0479265 0.0438347 
qwerty 339 182 0.0325151 0.318529 -6.96723 2.75218 5.86704 -0.0902318 -0.00927384 0.0420976 
qwerty 339 182 0.0641694 0.25436 -6.98661 2.74043 5.87612 -0.0865371 0.0185239 0.0465639 
qwerty 339 182 0.0568448 0.197515 -7.00778 2.73433 5.89119 -0.0879675 -0.0036412 0.047418 
qwerty 339 182 0.197515 0 -7.02994 2.73341 5.90314 -0.0879675 -0.0036412 0.047418 
qwerty 333 184 0.0823854 0.183125 4.66774 -2.14368 1.14502 0.0392852 -0.0409788 0.082325 
qwerty 333 184 0.183125 0 4.67649 -2.15281 1.16336 0.0392852 -0.0409788 0.082325 
qwerty 310 197 0.256296 0 -1.93599 0.122624 7.45472 0.0472338 0.0434536 0.076686 
qwerty 307 199 0.747071 1.75848 -0.504341 -2.14302 26.3218 0.0677279 0.0131753 0.0723833 
qwerty 307 199 0.523397 1.23508 -0.333574 -2.08471 26.5563 0.0284094 0.00357219 0.0958131 
qwerty 307 199 0.0310629 1.20402 -0.328015 -2.08401 26.575 0.0227767 -0.00613437 0.0971781 
qwerty 306 199 0.680924 1.20169 -1.25636 -0.568172 5.92243 -0.011532 -0.0861076 -0.0495227 
qwerty 306 199 0.146572 1.04724 -1.27207 -0.64066 5.89627 -5.42641e-05 -0.0875783 -0.0482705 
qwerty 306 199 0.259425 0.78782 -1.27215 -0.769974 5.825 -0.0686661 0.050469 -0.0523244 
qwerty 301 202 0.490422 1.05445 -1.88733 -0.298654 7.675 0.0488251 -0.0352445 0.0798369 
qwerty 295 205 0.240319 0 -0.887535 0.0307853 6.78613 -0.0414323 -0.0908119 0.00604676 
qwerty 290 206 0.094318 0.612049 0.525488 2.49559 4.55188 0.0867194 0.0193456 -0.0458857 
qwerty 290 206 0.0830449 0.529004 0.565315 2.51771 4.53796 0.0949926 0.0306497 0.00608306 
qwerty 290 206 0.0546957 0.474308 0.599538 2.5201 4.53469 0.0857897 0.0509657 -0.00652784 
qwerty 290 206 0.0706486 0.40366 0.632932 2.54101 4.54089 -0.00727804 0.0831021 0.0551459 
qwerty 290 206 0.0778091 0.325851 0.625594 2.57041 4.56386 -0.0378055 -0.0795438 -0.0473658 
qwerty 290 206 0.125687 0.200163 0.582502 2.53065 4.56721 -0.0149012 -0.0894485 0.0421536 
qwerty 290 206 0.200163 0 0.578666 2.50762 4.57806 -0.0149012 -0.0894485 0.0421536 
qwerty 281 213 0.0509827 0.121965 -0.128473 1.01063 7.88856 0.0543908 -0.0816973 0.0191621 
qwerty 281 213 0.121965 0 -0.122316 1.00138 7.89073 0.0543908 -0.0816973 0.0191621 
qwerty 280 213 0.0202772 0 -1.9445 1.13992 7.90968 -0.00672786 -0.043265 0.0899048 
qwerty 275 215 0.830381 55.6323 -1.3191 -0.0904874 5.65 -0.0272551 -0.016198 0.0948408 
qwerty 275 215 1.27154 50.5142 -1.66109 -0.177686 6.325 -0.0475345 -0.00983015 0.087429 
qwerty 275 215 1.26724 42.5029 -2.48335 -0.320554 7 -0.0793729 -0.0182217 0.0580337 
qwerty 275 215 1.00404 36.4273 -3.17835 -0.49479 7.41103 -0.0870934 -0.0216059 0.0441352 
qwerty 275 215 0.884218 35.5431 -3.69925 -0.624014 7.675 -0.0846215 -0.0257923 0.0466258 
qwerty 275 215 0.0314252 23.2726 -3.75 -0.628027 7.6631 -0.0825017 -0.000820284 -0.0565048 
qwerty 275 215 1.46161 21.811 -4.46266 -0.635113 7.175 -0.0834223 0.00191874 -0.0551093 
qwerty 275 215 0.816255 13.3795 -4.69352 -0.732769 6.5 0.00283734 -0.0134441 -0.0990515 
qwerty 402 275 0 7.41776 -4.85199 -0.765578 5.825 -0.0231137 -0.00362774 -0.0972245 
qwerty 402 275 0 7.41776 -5.01246 -0.790765 5.15 -0.0231137 -0.00362774 -0.0972245 
qwerty 402 275 0 7.41776 -5.17294 -0.815951 4.475 -0.0231137 -0.00362774 -0.0972245 
qwerty 402 275 0 7.41776 -5.33341 -0.841137 3.8 -0.0231137 -0.00362774 -0.0972245 
qwerty 402 275 0 7.41776 -5.49388 -0.866324 3.125 -0.0231137 -0.00362774 -0.0972245 
qwerty 402 275 0 7.41776 -5.65435 -0.89151 2.45 -0.0231137 -0.00362774 -0.0972245 
qwerty 402 275 0 7.41776 -5.81482 -0.916696 1.775 -0.0231137 -0.00362774 -0.0972245 
qwerty 402 275 0 7.41776 -5.97529 -0.941883 1.1 -0.0231137 -0.00362774 -0.0972245 
qwerty 402 275 0 7.41776 -6.13577 -0.967069 0.425 -0.0231137 -0.00362774 -0.0972245 
qwerty 402 275 0 7.41776 -6.29624 -0.992255 -0.25 -0.0231137 -0.00362774 -0.0972245 
qwerty 401 275 0 3.73133 -5.52353 -0.780421 6.5 -0.0855168 -0.0112136 -0.0506076 
qwerty 401 275 0 3.73133 -6.25 -0.875681 6.07009 -0.0855168 -0.0112136 -0.0506076 
qwerty 401 275 0 3.73133 -6.66415 -0.929987 5.825 -0.0855168 -0.0112136 -0.0506076 
qwerty 401 275 0 3.73133 -7.80477 -1.07955 5.15 -0.0855168 -0.0112136 -0.0506076 
qwerty 401 275 0 1.99203 -8.56584 -1.17935 4.69961 -0.09701 -0.0237972 -0.00477052 
qwerty 401 275 0 1.99203 -8.75 -1.22453 4.69055 -0.09701 -0.0237972 -0.00477052 
qwerty 401 275 0 1.99203 -11.25 -1.83779 4.56761 -0.09701 -0.0237972 -0.00477052 
qwerty 401 275 0 1.99203 -13.1333 -2.29977 4.475 -0.09701 -0.0237972 -0.00477052 
qwerty 401 275 0 1.99203 -19.0452 -3.75 4.18428 -0.09701 -0.0237972 -0.00477052 
qwerty 401 275 0 0.374454 -19.2921 -3.81058 4.17213 0.0300691 -0.0627415 -0.0718286 
qwerty 401 275 0 0.374454 -19.1364 -4.13564 3.8 0.0300691 -0.0627415 -0.0718286 
qwerty 401 275 0 0.374454 -18.8538 -4.72524 3.125 0.0300691 -0.0627415 -0.0718286 
qwerty 401 275 0 0.374454 -18.5712 -5.31485 2.45 0.0300691 -0.0627415 -0.0718286 
qwerty 401 275 0 0.374454 -18.2887 -5.90445 1.775 0.0300691 -0.0627415 -0.0718286 
qwerty 401 275 0 0.374454 -18.123 -6.25 1.3794 0.0300691 -0.0627415 -0.0718286 
qwerty 401 275 0 0.374454 -18.0061 -6.49406 1.1 0.0300691 -0.0627415 -0.0718286 
qwerty 401 275 0 0.374454 -17.7235 -7.08366 0.425 0.0300691 -0.0627415 -0.0718286 
qwerty 401 275 0 0.374454 -17.4409 -7.67327 -0.25 0.0300691 -0.0627415 -0.0718286 
qwerty 409 401 0.401896 1.21568 -19.5364 -3.82446 4.16122 -0.0680162 -0.0726356 -0.00989285 
qwerty 409 401 0.423418 0.792258 -19.7626 -3.90922 4.0961 -0.095865 -0.028452 0.000613711 
qwerty 409 401 0.529367 0.262891 -19.9413 -3.86289 4.12624 -0.0867559 -0.0290959 -0.0403342 
qwerty 409 401 0.262891 0 -19.9758 -3.87446 4.1102 -0.0867559 -0.0290959 -0.0403342 
qwerty 408 401 0.460739 1.27856 -8.72346 -1.17238 4.475 -0.0270295 0.00589223 -0.0960973 
qwerty 400 275 0 0.374282 -5.36057 -0.675898 6.5 -0.0814412 -0.00152497 -0.0580087 
qwerty 400 275 0 0.1563 -5.21375 -0.833021 6.91587 0.0230735 -0.0387282 0.0892622 
qwerty 400 275 0 0.1563 -5.192 -0.869521 7 0.0230735 -0.0387282 0.0892622 
qwerty 413 400 0.00180257 0 -5.21374 -0.833017 6.91587 0.0874591 0.0467082 -0.0130098 
qwerty 399 275 0 4.1917 -3.75 -0.6272 7.66227 -0.0798304 0.00434432 -0.0600686 
qwerty 399 275 0 4.1917 -4.39757 -0.59196 7.175 -0.0798304 0.00434432 -0.0600686 
qwerty 399 275 0 4.1917 -5.29464 -0.543142 6.5 -0.0798304 0.00434432 -0.0600686 
qwerty 399 275 0 4.1917 -6.1917 -0.494324 5.825 -0.0798304 0.00434432 -0.0600686 
qwerty 399 275 0 4.1917 -7.08877 -0.445506 5.15 -0.0798304 0.00434432 -0.0600686 
qwerty 399 275 0 4.1917 -7.98583 -0.396689 4.475 -0.0798304 0.00434432 -0.0600686 
qwerty 399 275 0 4.1917 -8.8829 -0.347871 3.8 -0.0798304 0.00434432 -0.0600686 
qwerty 399 275 0 4.1917 -9.77996 -0.299053 3.125 -0.0798304 0.00434432 -0.0600686 
qwerty 399 275 0 4.1917 -10.677 -0.250236 2.45 -0.0798304 0.00434432 -0.0600686 
qwerty 399 275 0 4.1917 -11.25 -0.219055 2.01886 -0.0798304 0.00434432 -0.0600686 
qwerty 399 275 0 4.1917 -11.5741 -0.201418 1.775 -0.0798304 0.00434432 -0.0600686 
qwerty 399 275 0 4.1917 -12.4712 -0.1526 1.1 -0.0798304 0.00434432 -0.0600686 
qwerty 415 399 0.149772 1.5324 -12.7446 -0.104865 0.862307 -0.0241221 0.0290534 -0.092596 
qwerty 415 399 0.852095 0.680301 -12.8313 -0.140449 0.588529 0.0310673 -0.0259514 -0.0914404 
qwerty 415 399 0.358394 0.321906 -12.8091 -0.150002 0.447421 0.018078 0.0559716 -0.0808725 
qwerty 415 399 0.0584908 0.263415 -12.8041 -0.134484 0.425 0.00619561 0.067861 -0.0731881 
qwerty 417 415 0.12095 0.184953 -12.7636 -0.121322 0.838166 -0.0903138 -0.0366334 0.022392 
qwerty 417 415 0.184953 0 -12.784 -0.129614 0.843235 -0.0903138 -0.0366334 0.022392 
qwerty 398 275 0 7.44567 -3.75 -0.624879 7.65963 -0.0752202 0.00951371 -0.0652029 
qwerty 398 275 0 7.44567 -4.30909 -0.554167 7.175 -0.0752202 0.00951371 -0.0652029 
qwerty 398 275 0 7.44567 -5.08779 -0.455678 6.5 -0.0752202 0.00951371 -0.0652029 
qwerty 398 275 0 7.44567 -5.86649 -0.357189 5.825 -0.0752202 0.00951371 -0.0652029 
qwerty 398 275 0 7.44567 -6.64519 -0.2587 5.15 -0.0752202 0.00951371 -0.0652029 
qwerty 418 398 0.0620716 3.95639 -6.87114 -0.220085 4.94791 -0.0398589 0.0421143 -0.0814718 
qwerty 418 398 0.979428 2.93597 -7.07876 0.0369906 4.51995 -0.0596772 0.0697966 -0.0395862 
qwerty 418 398 0.291093 2.64488 -7.14652 0.116241 4.475 -0.0568639 0.0764794 -0.0302885 
qwerty 418 398 0 0.814179 -7.15719 0.142269 4.475 0.00494022 -0.0412106 -0.0909796 
qwerty 418 398 0.0321504 0.406534 -7.15555 0.145962 4.48487 -0.0225196 0.015527 0.0961862 
qwerty 418 398 0.0196986 0.386835 -7.15656 0.149979 4.49561 -0.0413767 0.0521703 0.0746072 
qwerty 418 398 0.0186769 0.368159 -7.16177 0.154483 4.50557 -0.0348475 0.0344415 0.0871747 
qwerty 418 398 0.041462 0.326697 -7.1664 0.163856 4.51787 -0.00514835 0.0586195 0.0808533 
qwerty 418 398 0.0513225 0.275374 -7.17231 0.179365 4.53492 0.0391896 0.0456203 0.0798934 
qwerty 418 398 0.0838709 0.191503 -7.14666 0.191181 4.55384 0.0730673 -0.0578065 0.036326 
qwerty 418 398 0.191503 0 -7.12915 0.177331 4.56255 0.0730673 -0.0578065 0.036326 
qwerty 420 418 0.0429051 0.622328 -6.90013 -0.218464 4.94443 -0.0929845 -0.0160242 -0.0331227 
qwerty 420 418 0.0349455 0.587383 -6.92489 -0.220905 4.93867 -0.0881899 -0.030044 -0.0363304 
qwerty 420 418 0.0565934 0.530789 -6.95325 -0.23376 4.93381 -0.0936432 -0.0350424 -0.00172634 
qwerty 420 418 0.0568788 0.473911 -6.97674 -0.244532 4.92774 -0.0870848 -0.0458184 0.0178019 
qwerty 420 418 0.0597456 0.414165 -7.00711 -0.251506 4.92943 -0.075867 0.0313239 0.0571228 
qwerty 420 418 0.0684593 0.345706 -7.02368 -0.236928 4.95092 -0.0370968 0.0879518 0.0298044 
qwerty 420 418 0.0588615 0.286844 -7.02243 -0.209488 4.95882 0.0392713 -0.00451683 0.0918551 
qwerty 420 418 0.0443224 0.242522 -7.01551 -0.210283 4.975 0.0624706 -0.0604748 0.0493986 
qwerty 423 418 0 0.228066 -7.01909 0.575601 4.975 0.0203002 0.0636077 0.0744444 
qwerty 422 418 0 1.11978 -7.47314 0.566873 3.8 -0.0373196 0.0513842 -0.0772458 
qwerty 422 418 0 1.11978 -7.79925 1.01589 3.125 -0.0373196 0.0513842 -0.0772458 
qwerty 422 418 0 1.11978 -7.96928 1.25 2.77306 -0.0373196 0.0513842 -0.0772458 
qwerty 422 418 0 1.11978 -8.12536 1.4649 2.45 -0.0373196 0.0513842 -0.0772458 
qwerty 422 418 0 1.01634 -8.27626 2.14977 1.775 -0.0151156 0.0706316 -0.069157 
qwerty 422 418 0 1.01634 -8.42379 2.83916 1.1 -0.0151156 0.0706316 -0.069157 
qwerty 421 418 0 0.0409892 -7.28966 0.311216 4.475 -0.0604558 0.0786072 -0.0128845 
qwerty 397 275 0 0.702408 -3.72022 -0.625603 7.675 -0.087855 -0.0212089 0.0427981 
qwerty 397 275 0 0.702408 -5.10584 -0.960104 8.35 -0.087855 -0.0212089 0.0427981 
qwerty 397 275 0 0.702408 -6.25 -1.23631 8.90737 -0.087855 -0.0212089 0.0427981 
qwerty 397 275 0 0.702408 -6.49147 -1.29461 9.025 -0.087855 -0.0212089 0.0427981 
qwerty 429 397 0.017821 0.370458 -6.82404 -1.37555 9.20395 0.0801823 -0.0208317 0.0560075 
qwerty 429 397 0.0127248 0.357733 -6.81659 -1.37916 9.20831 0.0859416 -0.0184589 0.0476793 
qwerty 429 397 0.017377 0.340356 -6.80932 -1.38025 9.21129 0.0837533 -0.0199621 0.0508615 
qwerty 429 397 0.0183726 0.321984 -6.8004 -1.38297 9.214 0.0969446 0.0174581 0.0172328 
qwerty 429 397 0.0142135 0.30777 -6.79185 -1.37938 9.21529 0.0873014 0.0436303 0.0217914 
qwerty 429 397 0.0211483 0.286622 -6.784 -1.37529 9.2183 0.076934 0.0624042 0.0136702 
qwerty 429 397 0.0232824 0.26334 -6.7762 -1.36778 9.21733 0.0736213 0.0652748 0.0178638 
qwerty 429 397 0.0361517 0.227188 -6.76742 -1.36399 9.21962 0.00995317 0.00054131 0.099502 
qwerty 429 397 0.0346874 0.1925 -6.76813 -1.35839 9.23273 -0.0243382 0.0253506 0.0936216 
qwerty 429 397 0.0762856 0.116215 -6.78212 -1.36178 9.25082 0.0118154 -0.0969053 0.0216738 
qwerty 429 397 0.116215 0 -6.78088 -1.37189 9.25308 0.0118154 -0.0969053 0.0216738 
qwerty 395 275 0 0.349057 -3.27776 -0.528611 7.675 -0.073965 -0.0198391 0.0643086 
qwerty 394 275 0 1.40212 -2.39383 -0.319839 7 -0.0759749 -0.0149546 0.0632785 
qwerty 394 275 0 1.40212 -3.20427 -0.479362 7.675 -0.0759749 -0.0149546 0.0632785 
qwerty 394 275 0 1.40212 -4.0147 -0.638884 8.35 -0.0759749 -0.0149546 0.0632785 
qwerty 394 275 0 1.40212 -4.82514 -0.798407 9.025 -0.0759749 -0.0149546 0.0632785 
qwerty 394 275 0 1.40212 -5.63557 -0.95793 9.7 -0.0759749 -0.0149546 0.0632785 
qwerty 394 275 0 1.40212 -6.25 -1.07887 10.2118 -0.0759749 -0.0149546 0.0632785 
qwerty 394 275 0 1.40212 -6.446 -1.11745 10.375 -0.0759749 -0.0149546 0.0632785 
qwerty 394 275 0 1.40212 -7.11939 -1.25 10.9359 -0.0759749 -0.0149546 0.0632785 
qwerty 394 275 0 1.40212 -7.25644 -1.27698 11.05 -0.0759749 -0.0149546 0.0632785 
qwerty 394 275 0 1.40212 -8.0608 -1.43602 11.725 -0.0756961 -0.0149792 0.063606 
qwerty 394 275 0 1.40212 -8.8641 -1.59498 12.4 -0.0756961 -0.0149792 0.063606 
qwerty 394 275 0 1.40212 -9.6674 -1.75394 13.075 -0.0756961 -0.0149792 0.063606 
qwerty 394 275 0 1.40212 -10.4707 -1.91291 13.75 -0.0756961 -0.0149792 0.063606 
qwerty 394 275 0 1.40212 -11.25 -2.06712 14.4048 -0.0756961 -0.0149792 0.063606 
qwerty 394 275 0 1.40212 -11.274 -2.07187 14.425 -0.0756961 -0.0149792 0.063606 
qwerty 392 275 0 0.576319 -2.09433 -0.289919 7 -0.0533444 -0.0144096 0.0833471 
qwerty 392 275 0 0.576319 -2.52635 -0.406617 7.675 -0.0533444 -0.0144096 0.0833471 
qwerty 392 275 0 0.226158 -2.96885 0.113058 7.175 -0.0467034 0.0609208 -0.0640894 
qwerty 391 275 0 1.15005 -2.21521 -0.298114 7 -0.0637227 -0.013968 0.0757912 
qwerty 391 275 0 1.15005 -2.78273 -0.422514 7.675 -0.0637227 -0.013968 0.0757912 
qwerty 391 275 0 1.15005 -3.35025 -0.546914 8.35 -0.0637227 -0.013968 0.0757912 
qwerty 391 275 0 1.15005 -3.75 -0.63454 8.82546 -0.0637227 -0.013968 0.0757912 
qwerty 391 275 0 1.15005 -3.91776 -0.671314 9.025 -0.0637227 -0.013968 0.0757912 
qwerty 391 275 0 1.15005 -4.48528 -0.795714 9.7 -0.0637227 -0.013968 0.0757912 
qwerty 391 275 0 1.15005 -5.0528 -0.920114 10.375 -0.0637227 -0.013968 0.0757912 
qwerty 391 275 0 1.15005 -5.62032 -1.04451 11.05 -0.0637227 -0.013968 0.0757912 
qwerty 391 275 0 1.15005 -6.18784 -1.16891 11.725 -0.0637227 -0.013968 0.0757912 
qwerty 391 275 0 1.15005 -6.55775 -1.25 12.165 -0.0637227 -0.013968 0.0757912 
qwerty 391 275 0 1.15005 -6.75535 -1.29331 12.4 -0.0637227 -0.013968 0.0757912 
qwerty 391 275 0 1.15005 -7.32287 -1.41771 13.075 -0.0637227 -0.013968 0.0757912 
qwerty 391 275 0 1.15005 -7.89039 -1.54211 13.75 -0.0637227 -0.013968 0.0757912 
qwerty 391 275 0 1.15005 -8.45791 -1.66651 14.425 -0.0637227 -0.013968 0.0757912 
qwerty 391 275 0 1.15005 -9.02542 -1.79091 15.1 -0.0637227 -0.013968 0.0757912 
qwerty 391 275 0 1.15005 -9.59294 -1.91531 15.775 -0.0637227 -0.013968 0.0757912 
qwerty 391 275 0 1.15005 -10.1605 -2.03971 16.45 -0.0637227 -0.013968 0.0757912 
qwerty 391 275 0 1.10261 -10.6172 -2.03842 17.125 -0.055045 0.00178345 0.0834678 
qwerty 389 275 0 0.946125 -1.55362 -0.147345 6.325 -0.033544 -0.00703867 0.0939428 
qwerty 389 275 0 0.946125 -1.79465 -0.19792 7 -0.033544 -0.00703867 0.0939428 
qwerty 389 275 0 0.946125 -2.03567 -0.248494 7.675 -0.033544 -0.00703867 0.0939428 
qwerty 389 275 0 0.946125 -2.27669 -0.299068 8.35 -0.033544 -0.00703867 0.0939428 
qwerty 389 275 0 0.946125 -2.51771 -0.349643 9.025 -0.033544 -0.00703867 0.0939428 
qwerty 389 275 0 0.946125 -2.65193 -0.531596 9.7 -0.0164505 -0.0283417 0.0944782 
qwerty 389 275 0 0.946125 -2.76946 -0.734084 10.375 -0.0164505 -0.0283417 0.0944782 
qwerty 389 275 0 0.946125 -2.88699 -0.936571 11.05 -0.0164505 -0.0283417 0.0944782 
qwerty 389 275 0 0.946125 -3.00452 -1.13906 11.725 -0.0164505 -0.0283417 0.0944782 
qwerty 389 275 0 0.946125 -3.06892 -1.25 12.0948 -0.0164505 -0.0283417 0.0944782 
qwerty 389 275 0 0.946125 -3.12205 -1.34155 12.4 -0.0164505 -0.0283417 0.0944782 
qwerty 389 275 0 0.946125 -3.23959 -1.54403 13.075 -0.0164505 -0.0283417 0.0944782 
qwerty 389 275 0 0.946125 -3.35712 -1.74652 13.75 -0.0164505 -0.0283417 0.0944782 
qwerty 389 275 0 0.946125 -3.47465 -1.94901 14.425 -0.0164505 -0.0283417 0.0944782 
qwerty 389 275 0 0.946125 -3.59218 -2.1515 15.1 -0.0164505 -0.0283417 0.0944782 
qwerty 389 275 0 0.946125 -3.70971 -2.35398 15.775 -0.0164505 -0.0283417 0.0944782 
qwerty 389 275 0 0.946125 -3.82724 -2.55647 16.45 -0.0164505 -0.0283417 0.0944782 
qwerty 389 275 0 0.273399 -3.85813 -2.60968 16.6274 -0.0689817 0.0673209 -0.026635 
qwerty 389 275 0 0.273399 -3.86431 -2.60365 16.625 -0.0689817 0.0673209 -0.026635 
qwerty 444 389 0.0483008 0.624426 -3.85915 -2.62681 16.6522 -0.00274119 -0.0481403 0.0876071 
qwerty 444 389 0.0445762 0.579849 -3.85161 -2.6387 16.6815 0.0304804 -0.0575668 0.075875 
qwerty 444 389 0.063394 0.516455 -3.83253 -2.65472 16.7041 0.0452301 -0.0690194 0.056485 
qwerty 444 389 0.342068 0.174388 -3.8146 -2.69885 16.7155 -0.0102511 -0.0915354 0.0389383 
qwerty 444 389 0.174388 0 -3.81671 -2.71767 16.7235 -0.0102511 -0.0915354 0.0389383 
qwerty 388 275 0 0.230951 -1.57153 -0.154844 6.325 -0.0362481 -0.00880008 0.0927827 
qwerty 387 275 0 1.89641 -1.34012 -0.0860216 5.65 -0.0311822 -0.0156392 0.0937181 
qwerty 387 275 0 1.89641 -1.56471 -0.198662 6.325 -0.0311822 -0.0156392 0.0937181 
qwerty 387 275 0 1.89641 -1.7893 -0.311303 7 -0.0311822 -0.0156392 0.0937181 
qwerty 387 275 0 1.89641 -2.01389 -0.423944 7.675 -0.0311822 -0.0156392 0.0937181 
qwerty 387 275 0 1.89641 -2.23848 -0.536584 8.35 -0.0311822 -0.0156392 0.0937181 
qwerty 387 275 0 1.89641 -2.46306 -0.649225 9.025 -0.0311822 -0.0156392 0.0937181 
qwerty 387 275 0 1.89641 -2.68765 -0.761865 9.7 -0.0311822 -0.0156392 0.0937181 
qwerty 387 275 0 1.89641 -2.91224 -0.874506 10.375 -0.0311822 -0.0156392 0.0937181 
qwerty 387 275 0 1.89641 -3.13683 -0.987147 11.05 -0.0311822 -0.0156392 0.0937181 
qwerty 387 275 0 1.64336 -3.60656 -1.12022 11.725 -0.0568715 -0.0159677 0.0806887 
qwerty 387 275 0 1.64336 -4.06879 -1.25 12.3808 -0.0568715 -0.0159677 0.0806887 
qwerty 387 275 0 1.64336 -4.08232 -1.2538 12.4 -0.0568715 -0.0159677 0.0806887 
qwerty 387 275 0 1.57622 -4.55924 -1.27861 13.075 -0.0577278 0.000257009 0.0816544 
qwerty 387 275 0 0.388348 -3.92502 -0.221901 13.75 0.0528423 0.0758468 0.0381438 
qwerty 387 275 0 0.148296 -3.84259 -0.145063 13.25 -0.0162305 0.000745009 -0.0986712 
qwerty 386 306 0 0.00786984 -1.25 -0.691248 5.88466 0.039124 -0.0896954 -0.0205926 
qwerty 386 306 0.00029101 0 -1.23064 -0.735638 5.87447 0.039124 -0.0896954 -0.0205926 
qwerty 455 386 0.00757883 0 -1.23059 -0.735621 5.87454 0.0525094 0.0197831 0.0827731 
qwerty 384 311 0 0.115509 -4.99228 -1.42209 12.4 0.0142577 0.00600619 0.098796 
qwerty 161 158 0 0.152782 -1.92962 0.202004 5.65 -0.082251 0.0301694 0.0482139 
qwerty 160 158 0 2.1194 -1.82037 0.213582 5.65 -0.0786386 0.0337097 0.0517651 
qwerty 160 158 0 2.1194 -2.84579 0.653146 6.325 -0.0786386 0.0337097 0.0517651 
qwerty 160 158 0 2.1194 -3.87121 1.09271 7 -0.0786386 0.0337097 0.0517651 
qwerty 160 158 0 2.1194 -4.89663 1.53227 7.675 -0.0786386 0.0337097 0.0517651 
qwerty 160 158 0 2.1194 -5.92206 1.97184 8.35 -0.0786386 0.0337097 0.0517651 
qwerty 160 158 0 2.1194 -6.25 2.11242 8.56587 -0.0786386 0.0337097 0.0517651 
qwerty 160 158 0 2.1194 -6.94748 2.4114 9.025 -0.0786386 0.0337097 0.0517651 
qwerty 160 158 0 2.1194 -7.9729 2.85097 9.7 -0.0786386 0.0337097 0.0517651 
qwerty 160 158 0 2.1194 -8.75 3.18408 10.2115 -0.0786386 0.0337097 0.0517651 
qwerty 160 158 0 2.1194 -8.99833 3.29053 10.375 -0.0786386 0.0337097 0.0517651 
qwerty 160 158 0 2.1194 -10.0237 3.7301 11.05 -0.0786386 0.0337097 0.0517651 
qwerty 160 158 0 2.1194 -11.0492 4.16966 11.725 -0.0786386 0.0337097 0.0517651 
qwerty 160 158 0 2.1194 -12.0746 4.60922 12.4 -0.0786386 0.0337097 0.0517651 
qwerty 160 158 0 2.1194 -13.1 5.04879 13.075 -0.0786386 0.0337097 0.0517651 
qwerty 160 158 0 2.1194 -14.1254 5.48835 13.75 -0.0786386 0.0337097 0.0517651 
qwerty 160 158 0 2.11597 -15.1115 5.93204 14.425 -0.0768964 0.0351932 0.0533703 
qwerty 160 158 0 2.11597 -15.8063 6.25 14.9072 -0.0768964 0.0351932 0.0533703 
qwerty 160 158 0 2.11597 -16.0841 6.37714 15.1 -0.0768964 0.0351932 0.0533703 
qwerty 160 158 0 2.11597 -17.0566 6.82225 15.775 -0.0768964 0.0351932 0.0533703 
qwerty 160 158 0 2.11597 -18.0292 7.26735 16.45 -0.0768964 0.0351932 0.0533703 
qwerty 160 158 0 2.11597 -18.75 7.59725 16.9503 -0.0768964 0.0351932 0.0533703 
qwerty 160 158 0 2.11597 -19.0017 7.71246 17.125 -0.0768964 0.0351932 0.0533703 
qwerty 160 158 0 0.695094 -19.1677 8.00556 17.8 0.0141337 0.0334723 0.0931657 
qwerty 160 158 0 0.695094 -19.0653 8.24807 18.475 0.0141337 0.0334723 0.0931657 
qwerty 160 158 0 0.695094 -18.9629 8.49058 19.15 0.0141337 0.0334723 0.0931657 
qwerty 160 158 0 0.631198 -18.75 8.58032 19.7318 0.0413633 0.0062423 0.0908301 
qwerty 160 158 0 0.631198 -18.7075 8.58673 19.825 0.0413633 0.0062423 0.0908301 
qwerty 160 158 0 0.631198 -18.4001 8.63312 20.5 0.0413633 0.0062423 0.0908301 
qwerty 160 158 0 0.631198 -18.0928 8.6795 21.175 0.0413633 0.0062423 0.0908301 
qwerty 160 158 0 0.631198 -17.7854 8.72589 21.85 0.0413633 0.0062423 0.0908301 
qwerty 160 158 0 0.538606 -17.5252 9.13289 22.525 0.0288321 0.0558089 0.0778079 
qwerty 160 158 0 0.538606 -17.275 9.61705 23.2 0.0288321 0.0558089 0.0778079 
qwerty 160 158 0 0.538606 -17.0249 10.1012 23.875 0.0288321 0.0558089 0.0778079 
qwerty 160 158 0 0.538606 -16.7748 10.5854 24.55 0.0288321 0.0558089 0.0778079 
qwerty 160 158 0 0.538606 -16.5247 11.0695 25.225 0.0288321 0.0558089 0.0778079 
qwerty 160 158 0 0.538606 -16.4314 11.25 25.4766 0.0288321 0.0558089 0.0778079 
qwerty 160 158 0 0.538606 -16.2745 11.5537 25.9 0.0288321 0.0558089 0.0778079 
qwerty 160 158 0 0.538606 -16.0244 12.0378 26.575 0.0288321 0.0558089 0.0778079 
qwerty 160 158 0 0.368167 -15.84 12.3947 27.0725 0.0499552 0.086231 -0.00828798 
qwerty 160 158 0 0.368167 -15.0549 13.75 26.9423 0.0499552 0.086231 -0.00828798 
qwerty 160 158 0 0.368167 -13.8959 15.7505 26.75 0.0499552 0.086231 -0.00828798 
qwerty 419 398 0.635986 0.994753 -6.97904 -0.353772 4.73383 -0.0444172 -0.0633574 -0.0633479 
qwerty 419 398 0.399715 0.595038 -7.0702 -0.506043 4.64684 -0.0646091 -0.0200358 -0.0736493 
qwerty 419 398 0.185081 0.0940413 -7.112 -0.547417 4.6005 0.0177851 -0.0960707 -0.0213098 
qwerty 419 398 0.0940413 0 -7.11074 -0.554239 4.59899 0.0177851 -0.0960707 -0.0213098 
qwerty 419 398 0 0 -7.11074 -0.554239 4.59899 0.0177851 -0.0960707 -0.0213098 
qwerty 467 419 0.315916 0 -7.16062 -0.560559 4.58412 -0.0918001 -0.0248153 -0.0309345 
qwerty 465 160 0.170439 0 -15.8413 12.3939 27.0923 -0.00635003 -0.00374523 0.0997279 
qwerty 462 160 0.133246 0.874284 -19.3348 7.81816 17.3287 -0.0617708 -0.0373433 0.0692087 
qwerty 462 160 0.160534 0.713751 -19.3831 7.80751 17.4116 0.00775255 -0.0298303 0.0951318 
qwerty 462 160 0.224859 0.488892 -19.3749 7.76617 17.4771 0.0279977 -0.063736 0.0717903 
qwerty 462 160 0.330259 0.158633 -19.2928 7.70217 17.5173 0.0866475 0.0357442 0.0348505 
qwerty 462 160 0.158633 0 -19.2776 7.70846 17.5234 0.0866475 0.0357442 0.0348505 
qwerty 469 419 0 0.510999 -6.25 -1.03808 4.55462 0.0870836 -0.048952 -0.00448885 
qwerty 469 419 0 0.258903 -4.74965 -1.88147 4.47729 -0.0386136 -0.0785045 0.0484359 
qwerty 469 419 0 0.258903 -5.14643 -2.68817 4.975 -0.0386136 -0.0785045 0.0484359 
qwerty 468 419 0 0.510999 -8.75 0.367234 4.68349 -0.0870836 0.048952 0.00448885 
qwerty 468 419 0 0.510999 -11.25 1.77255 4.81235 -0.0870836 0.048952 0.00448885 
qwerty 468 419 0 0.510999 -13.75 3.17787 4.94122 -0.0870836 0.048952 0.00448885 
qwerty 468 419 0 0.510999 -14.4053 3.54624 4.975 -0.0870836 0.048952 0.00448885 
qwerty 304 201 0.572175 1.43667 -2.6523 -0.897048 9.46024 0.0951349 -0.0232269 0.0202449 
qwerty 304 201 0.488715 0.947958 -2.41423 -1.03056 9.44209 0.0848708 -0.0329211 0.0413902 
qwerty 304 201 0.362572 0.585386 -2.28506 -1.04598 9.61183 0.0600501 0.0701264 0.0384223 
qwerty 304 201 0.331801 0.253585 -2.23084 -0.932723 9.63456 -0.0588917 0.0744138 0.0315335 
qwerty 304 201 0.253585 0 -2.25284 -0.90492 9.64634 -0.0588917 0.0744138 0.0315335 
qwerty 304 201 0 0 -2.25284 -0.90492 9.64634 -0.0588917 0.0744138 0.0315335 
qwerty 276 215 0.420009 0.983627 -0.982383 0.0177284 5.24512 0.0652392 0.0675576 0.0343485 
qwerty 276 215 0.358907 0.62472 -0.812649 0.144597 5.21321 0.0407285 0.087007 0.0277663 
qwerty 276 215 0.32534 0.29938 -0.809464 0.262838 5.30215 -0.0859776 -0.0509302 0.00373786 
qwerty 276 215 0.29938 0 -0.851236 0.238094 5.30397 -0.0859776 -0.0509302 0.00373786 
qwerty 276 215 0 0 -0.851236 0.238094 5.30397 -0.0859776 -0.0509302 0.00373786 
qwerty 470 469 0.00567291 0.246423 -4.74605 -1.88166 4.47576 0.0973228 0.00290037 -0.0228006 
qwerty 470 469 0.00451367 0.241909 -4.74282 -1.88156 4.47501 0.092511 0.0201972 -0.0321527 
qwerty 470 469 5.77901e-05 0.241851 -4.74279 -1.88155 4.475 0.0906444 0.0231599 -0.0353159 
qwerty 470 469 0 0.0582396 -4.74188 -1.88072 4.475 -0.0678336 0.0552272 -0.0484619 
qwerty 470 469 0.000431346 0.0179218 -4.74208 -1.88087 4.47504 0.0256983 -0.0594907 0.0761607 
qwerty 470 469 0.000986051 0.0169358 -4.74207 -1.88091 4.47507 -0.00177911 -0.0726879 0.0686535 
qwerty 470 469 0.00110282 0.015833 -4.74207 -1.88095 4.4751 0.00544727 -0.088878 0.0455085 
qwerty 470 469 0.00245307 0.0133799 -4.74207 -1.881 4.47512 0.0167083 -0.045459 0.0874889 
qwerty 470 469 0.0016061 0.0117738 -4.74208 -1.88101 4.47519 0.0143488 -0.00648166 0.0987527 
qwerty 470 469 0.00385575 0.00791806 -4.74212 -1.88099 4.47531 -0.00790217 0.00841979 0.0993311 
qwerty 470 469 0.00791806 0 -4.74213 -1.88099 4.47539 -0.00790217 0.00841979 0.0993311 
qwerty 496 241 0 0.510999 3.18406 6.25 12.3683 -0.0407141 0.0858743 0.0311121 
qwerty 496 241 0 0.510999 3.14258 6.33748 12.4 -0.0407141 0.0858743 0.0311121 
qwerty 496 241 0 0.510999 2.25926 8.20059 13.075 -0.0407141 0.0858743 0.0311121 
qwerty 495 241 0 0.510999 4.68022 3.09429 11.225 0.0407141 -0.0858743 -0.0311121 
qwerty 495 241 0 0.510999 5.55462 1.25 10.5568 0.0407141 -0.0858743 -0.0311121 
qwerty 495 241 0 0.510999 5.56355 1.23118 10.55 0.0407141 -0.0858743 -0.0311121 
qwerty 495 241 0 0.510999 6.25 -0.216693 10.0254 0.0407141 -0.0858743 -0.0311121 
qwerty 495 241 0 0.510999 6.44687 -0.63193 9.875 0.0407141 -0.0858743 -0.0311121 
qwerty 495 241 0 0.510999 6.7399 -1.25 9.65107 0.0407141 -0.0858743 -0.0311121 
qwerty 495 241 0 0.510999 7.33019 -2.49504 9.2 0.0407141 -0.0858743 -0.0311121 
qwerty 495 241 0 0.177573 7.57242 -3.00594 9.0149 -0.00578822 0.0760145 0.064717 
qwerty 495 241 0 0.177573 7.57152 -2.99408 9.025 -0.00578822 0.0760145 0.064717 
qwerty 498 495 0.087403 0.246023 7.57545 -3.01103 9.01268 0.0347174 -0.0793124 -0.0500425 
qwerty 498 495 0.0166308 0.229392 7.5764 -3.01694 9.00848 -0.0164058 -0.0986357 0.00135871 
qwerty 498 495 0.0314239 0.197968 7.57783 -3.02694 9.00873 -0.0314179 -0.0904085 -0.0289692 
qwerty 498 495 0.0216657 0.176303 7.57731 -3.0365 9.00776 -0.0226153 -0.0922494 0.0312826 
qwerty 498 495 0.0305342 0.145768 7.57806 -3.04506 9.01378 -0.0529703 -0.0750721 0.0394756 
qwerty 498 495 0.0160412 0.129727 7.57604 -3.05092 9.01461 -0.0652994 -0.0666074 -0.0360477 
qwerty 498 495 0.0225766 0.107151 7.57072 -3.05407 9.01267 -0.0518909 -0.0632908 -0.0574596 
qwerty 498 495 0.0242734 0.0828772 7.56952 -3.05806 9.00843 -0.054468 -0.0353392 -0.0760551 
qwerty 498 495 0.0828772 0 7.56634 -3.06012 9.004 -0.054468 -0.0353392 -0.0760551 
qwerty 493 241 0 0.382638 3.75 5.27046 11.3408 -0.00926589 0.0655975 -0.0749074 
qwerty 493 241 0 0.382638 3.73567 5.3719 11.225 -0.00926589 0.0655975 -0.0749074 
qwerty 493 241 0 0.382638 3.65218 5.96301 10.55 -0.00926589 0.0655975 -0.0749074 
qwerty 492 257 0 0.510999 -5.14692 -0.207515 11.9 -0.0854433 0.0386186 -0.0347569 
qwerty 490 264 0 0.510999 -1.71348 0.427136 5.15 -0.0589659 0.0341873 -0.0731727 
qwerty 490 264 0 0.510999 -2.25742 0.742505 4.475 -0.0589659 0.0341873 -0.0731727 
qwerty 489 264 0 0.510999 -0.766607 -0.12184 6.325 0.0589659 -0.0341873 0.0731727 
qwerty 489 264 0 0.510999 -0.222661 -0.437209 7 0.0589659 -0.0341873 0.0731727 
qwerty 488 272 0 0.510999 -1.34576 0.881084 6.325 -0.00230483 0.0819112 0.0573171 
qwerty 488 272 0 0.510999 -1.35614 1.25 6.58315 -0.00230483 0.0819112 0.0573171 
qwerty 488 272 0 0.510999 -1.3729 1.84572 7 -0.00230483 0.0819112 0.0573171 
qwerty 488 272 0 0.510999 -1.40004 2.81035 7.675 -0.00230483 0.0819112 0.0573171 
qwerty 488 272 0 0.510999 -1.42648 3.75 8.33252 -0.00230483 0.0819112 0.0573171 
qwerty 488 272 0 0.510999 -1.42719 3.77499 8.35 -0.00230483 0.0819112 0.0573171 
qwerty 488 272 0 0.238828 -1.44523 4.41623 8.7987 0.0464092 -0.0608084 0.0644091 
qwerty 488 272 0 0.238828 -1.28217 4.20258 9.025 0.0464092 -0.0608084 0.0644091 
qwerty 509 488 0.272171 0 -1.45391 4.45614 8.80855 -0.02066 0.0949955 0.0234312 
qwerty 487 272 0 0.510999 -1.37964 -0.91225 5.15 -0.00554646 -0.0851848 -0.0520845 
qwerty 486 276 0 0.510999 -0.899604 0.788843 5.65 -0.00741586 0.0844413 0.0530535 
qwerty 485 276 0 0.510999 -0.829714 -0.00696936 5.15 0.00741586 -0.0844413 -0.0530535 
qwerty 483 298 0 0.510999 -6.15125 1.52413 18.65 0.0420652 -0.0770675 -0.0478657 
qwerty 482 298 0 0.510999 -7.18386 3.41597 19.825 -0.0420652 0.0770675 0.0478657 
qwerty 482 298 0 0.510999 -7.36617 3.75 20.0325 -0.0420652 0.0770675 0.0478657 
qwerty 482 298 0 0.510999 -7.77706 4.50278 20.5 -0.0420652 0.0770675 0.0478657 
qwerty 480 304 0 0.510999 -2.95802 -1.25 9.38072 -0.0850844 -0.0416357 -0.0320486 
qwerty 480 304 0 0.510999 -3.4378 -1.48478 9.2 -0.0850844 -0.0416357 -0.0320486 
qwerty 480 304 0 0.510999 -5.22982 -2.3617 8.525 -0.0850844 -0.0416357 -0.0320486 
qwerty 479 304 0 0.510999 -2.11037 -0.835205 9.7 0.0850844 0.0416357 0.0320486 
qwerty 478 376 0 0.510999 -1.40002 0.426953 9.025 0.0251608 0.00593397 0.0966008 
qwerty 478 376 0 0.510999 -1.22421 0.468417 9.7 0.0251608 0.00593397 0.0966008 
qwerty 478 376 0 0.510999 -1.0484 0.509881 10.375 0.0251608 0.00593397 0.0966008 
qwerty 478 376 0 0.510999 -0.872589 0.551344 11.05 0.0251608 0.00593397 0.0966008 
qwerty 478 376 0 0.510999 -0.696778 0.592808 11.725 0.0251608 0.00593397 0.0966008 
qwerty 478 376 0 0.510999 -0.520966 0.634272 12.4 0.0251608 0.00593397 0.0966008 
qwerty 478 376 0 0.510999 -0.345155 0.675736 13.075 0.0251608 0.00593397 0.0966008 
qwerty 478 376 0 0.510999 -0.169344 0.717199 13.75 0.0251608 0.00593397 0.0966008 
qwerty 478 376 0 0.510999 0.0064677 0.758663 14.425 0.0251608 0.00593397 0.0966008 
qwerty 478 376 0 0.510999 0.182279 0.800127 15.1 0.0251608 0.00593397 0.0966008 
qwerty 478 376 0 0.510999 0.35809 0.841591 15.775 0.0251608 0.00593397 0.0966008 
qwerty 478 376 0 0.510999 0.533902 0.883054 16.45 0.0251608 0.00593397 0.0966008 
qwerty 478 376 0 0.510999 0.709713 0.924518 17.125 0.0251608 0.00593397 0.0966008 
qwerty 524 477 0.0227032 0.381684 -1.58668 0.388628 8.34865 -0.0964941 0.00754449 -0.025139 
qwerty 524 477 0.115062 0.266622 -1.59644 0.387344 8.34529 -0.0967863 0.000210813 -0.0251468 
qwerty 524 477 0.0223355 0.244286 -1.60466 0.38573 8.3449 -0.0993391 0.0025744 0.0111851 
qwerty 524 477 0.0230732 0.221213 -1.61393 0.38375 8.34665 -0.0453921 -0.0612834 -0.0646831 
qwerty 524 477 0.0371259 0.184087 -1.61655 0.380079 8.33885 0.0264006 -0.0677005 -0.0686997 
qwerty 524 477 0.0253459 0.158741 -1.61326 0.376008 8.33191 0.095508 0.0234409 0.0181312 
qwerty 524 477 0.0371654 0.121576 -1.60506 0.37981 8.33916 0.0758169 -0.00897895 0.0645846 
qwerty 524 477 0.0412447 0.080331 -1.59634 0.375582 8.34108 0.063416 -0.0653145 0.0413816 
qwerty 524 477 0.080331 0 -1.59283 0.371971 8.34337 0.063416 -0.0653145 0.0413816 
qwerty 475 416 0 0.428325 -12.1921 -0.142084 1.6 0.0546371 0.00225047 0.0837241 
qwerty 475 416 0 0.428325 -11.7516 -0.12394 2.275 0.0546371 0.00225047 0.0837241 
qwerty 475 416 0 0.428325 -11.3111 -0.105796 2.95 0.0546371 0.00225047 0.0837241 
qwerty 475 416 0 0.428325 -10.8706 -0.0876527 3.625 0.0546371 0.00225047 0.0837241 
