qwerty 1 0 0 200 0 0 -0.25 0 0 0.1 
qwerty 3 1 0 267.922 -0.0813207 0.052729 0.25 -0.0159669 0.0103531 0.0981727 
qwerty 3 1 0 267.922 -0.191104 0.123913 0.925 -0.0159669 0.0103531 0.0981727 
qwerty 3 1 0 267.922 -0.300887 0.195097 1.6 -0.0159669 0.0103531 0.0981727 
qwerty 3 1 0 267.922 -0.41067 0.266282 2.275 -0.0159669 0.0103531 0.0981727 
qwerty 3 1 0 267.922 -0.520453 0.337466 2.95 -0.0159669 0.0103531 0.0981727 
qwerty 3 1 0 267.922 -0.630236 0.40865 3.625 -0.0159669 0.0103531 0.0981727 
qwerty 3 1 0 267.922 -0.740018 0.479834 4.3 -0.0159669 0.0103531 0.0981727 
qwerty 3 1 0 267.922 -0.849801 0.551018 4.975 -0.0159669 0.0103531 0.0981727 
qwerty 3 1 0 267.922 -0.959584 0.622202 5.65 -0.0159669 0.0103531 0.0981727 
qwerty 3 1 0 267.922 -1.06937 0.693387 6.325 -0.0159669 0.0103531 0.0981727 
qwerty 3 1 0 267.922 -1.17915 0.764571 7 -0.0159669 0.0103531 0.0981727 
qwerty 3 1 0 267.922 -1.25 0.81051 7.43562 -0.0159669 0.0103531 0.0981727 
qwerty 3 1 0 267.922 -1.28893 0.835755 7.675 -0.0159669 0.0103531 0.0981727 
qwerty 3 1 0 267.922 -1.39872 0.906939 8.35 -0.0159669 0.0103531 0.0981727 
qwerty 3 1 0 267.922 -1.5085 0.978123 9.025 -0.0159669 0.0103531 0.0981727 
qwerty 3 1 0 267.922 -1.61828 1.04931 9.7 -0.0159669 0.0103531 0.0981727 
qwerty 3 1 0 267.922 -1.72807 1.12049 10.375 -0.0159669 0.0103531 0.0981727 
qwerty 3 1 0 267.922 -1.83785 1.19168 11.05 -0.0159669 0.0103531 0.0981727 
qwerty 3 1 0 267.922 -1.94763 1.26286 11.725 -0.0159669 0.0103531 0.0981727 
qwerty 3 1 0 267.922 -2.05741 1.33404 12.4 -0.0159669 0.0103531 0.0981727 
qwerty 2 1 0 67.0542 0.491121 -0.318447 0.25 0.0637977 -0.0413669 0.064951 
qwerty 7 2 1.23924 17.9816 1.10492 -0.691776 0.925 0.062726 -0.0452149 0.0634118 
qwerty 5 3 1.25607 11.3605 -2.20261 1.29502 13.075 -0.0289346 -0.0152332 0.0945026 
qwerty 6 2 1.15903 19.9359 1.04876 -0.695662 0.839607 0.065923 -0.0496846 0.0564412 
qwerty 6 2 0.279254 19.6567 1.1485 -0.770832 0.925 0.0641325 -0.0484847 0.0594664 
qwerty 21 6 0.138656 1.36372 1.057 -0.72507 0.925 0.031408 -0.021329 0.0925128 
qwerty 4 3 0.887612 208.315 -2.18416 1.38929 13.075 -0.018928 0.0074027 0.0979129 
qwerty 4 3 0.779951 205.142 -2.31379 1.41482 13.75 -0.0198125 0.00243976 0.0979873 
qwerty 4 3 0.835464 191.713 -2.43016 1.41697 14.425 -0.0172777 -0.00116766 0.0984892 
qwerty 4 3 0.7911 47.2725 -2.50585 1.4408 15.1 -0.00958305 0.00121785 0.0995323 
qwerty 4 3 0.816763 43.7281 -2.55039 1.36608 15.775 -0.00569265 -0.0149724 0.0987088 
qwerty 4 3 0.781318 33.6325 -2.65644 1.34847 16.4112 -0.0243374 -0.00379771 0.0969189 
qwerty 4 3 0.0518689 33.5806 -2.66618 1.34695 16.45 -0.0246257 -0.00581071 0.0967461 
qwerty 4 3 1.02061 27.639 -2.88316 1.44779 17.125 -0.0249487 0.0229302 0.0940838 
qwerty 4 3 1.23653 17.0941 -2.8425 2.1212 17.8 0.018306 0.0813096 0.0552597 
qwerty 39 4 0.0317476 0.575697 -2.64523 1.3376 16.429 0.0533082 -0.00796466 0.0842307 
qwerty 39 4 0.0353651 0.540332 -2.63322 1.33929 16.4462 0.064639 0.0140654 0.0749931 
qwerty 39 4 0.00575539 0.534577 -2.62995 1.34 16.45 0.063461 0.00761708 0.0769069 
qwerty 39 4 0.0508656 0.454696 -2.61879 1.32756 16.4443 0.0906391 -0.00925444 -0.0412179 
qwerty 39 4 0.0200791 0.434617 -2.60679 1.32784 16.4375 0.0942238 -0.0015564 -0.0334582 
qwerty 39 4 0.0294995 0.405118 -2.5921 1.32828 16.4282 0.077861 0.0337101 -0.0529272 
qwerty 39 4 0.0413613 0.363757 -2.58107 1.33387 16.4159 0.0585634 -0.0253264 -0.0769994 
qwerty 39 4 0.0564211 0.307335 -2.56734 1.3348 16.4002 0.055155 0.0121472 -0.0825249 
qwerty 39 4 0.0553043 0.252031 -2.56006 1.33871 16.3752 0.0391966 -0.0336966 -0.0856047 
qwerty 39 4 0.252031 0 -2.54547 1.32616 16.3434 0.0391966 -0.0336966 -0.0856047 
qwerty 50 30 0 0.216936 -2.59144 1.40557 15.1 -0.0244565 -0.0044085 0.096863 
qwerty 50 30 0 0.126534 -2.67647 1.39024 15.4368 -0.0352017 0.053264 -0.0769661 
qwerty 50 30 0 0.126534 -2.75048 1.50222 15.275 -0.0352017 0.053264 -0.0769661 
qwerty 51 50 0.090402 0 -2.67666 1.3886 15.4434 -0.00268441 -0.0242688 0.0969733 
qwerty 49 4 0 0.858182 -2.76386 2.16089 18.475 0.00565448 -0.00333829 0.0997842 
qwerty 49 4 0 0.858182 -2.72561 2.13831 19.15 0.00565448 -0.00333829 0.0997842 
qwerty 49 4 0 0.667923 -2.4492 2.38658 19.825 0.0414523 0.0390973 0.0821773 
qwerty 49 4 0 0.667923 -2.10872 2.70773 20.5 0.0414523 0.0390973 0.0821773 
qwerty 49 4 0 0.667923 -1.76823 3.02887 21.175 0.0414523 0.0390973 0.0821773 
qwerty 48 4 0 0.556373 -2.35137 3.06534 18.475 0.0378552 0.0752211 0.053933 
qwerty 48 4 0 0.556373 -2.00681 3.75 18.9659 0.0378552 0.0752211 0.053933 
qwerty 48 4 0 0.556373 -1.87759 4.00677 19.15 0.0378552 0.0752211 0.053933 
qwerty 48 4 0 0.542653 -1.46975 5.42271 19.825 0.0250914 0.0874182 0.0415751 
qwerty 47 4 0 3.47228 -3.02173 3.54016 18.475 -0.011765 0.0900795 0.0418004 
qwerty 47 4 0 3.47228 -3.21171 4.99478 19.15 -0.011765 0.0900795 0.0418004 
qwerty 46 4 0 8.65941 -2.4974 3.30488 18.475 0.024556 0.0842119 0.0480141 
qwerty 46 4 0 8.65941 -2.3676 3.75 18.7288 0.024556 0.0842119 0.0480141 
qwerty 46 4 0 8.65941 -2.15218 4.48876 19.15 0.024556 0.0842119 0.0480141 
qwerty 46 4 0 8.65941 -1.80697 5.67264 19.825 0.024556 0.0842119 0.0480141 
qwerty 45 4 0 2.15214 -3.30215 1.80283 17.8 -0.0505718 0.0429174 0.0748371 
qwerty 45 4 0 2.15214 -3.75 2.18289 18.4627 -0.0505718 0.0429174 0.0748371 
qwerty 45 4 0 2.15214 -3.75829 2.18993 18.475 -0.0505718 0.0429174 0.0748371 
qwerty 45 4 0 2.15214 -4.21443 2.57702 19.15 -0.0505718 0.0429174 0.0748371 
qwerty 45 4 0 2.15214 -4.67056 2.96412 19.825 -0.0505718 0.0429174 0.0748371 
qwerty 45 4 0 2.15214 -5.1267 3.35122 20.5 -0.0505718 0.0429174 0.0748371 
qwerty 45 4 0 2.15214 -5.58284 3.73831 21.175 -0.0505718 0.0429174 0.0748371 
qwerty 45 4 0 2.15214 -6.03897 4.12541 21.85 -0.0505718 0.0429174 0.0748371 
qwerty 45 4 0 2.15214 -6.25 4.3045 22.1623 -0.0505718 0.0429174 0.0748371 
qwerty 45 4 0 2.15214 -6.49511 4.51251 22.525 -0.0505718 0.0429174 0.0748371 
qwerty 45 4 0 2.15214 -6.95125 4.89961 23.2 -0.0505718 0.0429174 0.0748371 
qwerty 45 4 0 2.15214 -7.40738 5.2867 23.875 -0.0505718 0.0429174 0.0748371 
qwerty 45 4 0 2.15214 -7.86352 5.6738 24.55 -0.0505718 0.0429174 0.0748371 
qwerty 45 4 0 2.15214 -8.31966 6.0609 25.225 -0.0505718 0.0429174 0.0748371 
qwerty 45 4 0 2.15214 -8.54249 6.25 25.5547 -0.0505718 0.0429174 0.0748371 
qwerty 45 4 0 2.15214 -8.77579 6.44799 25.9 -0.0505718 0.0429174 0.0748371 
qwerty 45 4 0 2.15214 -9.23193 6.83509 26.575 -0.0505718 0.0429174 0.0748371 
qwerty 45 4 0 2.15214 -9.68807 7.22219 27.25 -0.0505718 0.0429174 0.0748371 
qwerty 45 4 0 2.15214 -10.1442 7.60929 27.925 -0.0505718 0.0429174 0.0748371 
qwerty 45 4 0 2.15214 -10.6003 7.99638 28.6 -0.0505718 0.0429174 0.0748371 
qwerty 45 4 0 2.15214 -11.0565 8.38348 29.275 -0.0505718 0.0429174 0.0748371 
qwerty 45 4 0 2.15214 -11.4884 8.75 29.9141 -0.0505718 0.0429174 0.0748371 
qwerty 45 4 0 2.15214 -11.5126 8.77058 29.95 -0.0505718 0.0429174 0.0748371 
qwerty 45 4 0 2.15214 -11.9688 9.15767 30.625 -0.0505718 0.0429174 0.0748371 
qwerty 45 4 0 2.15214 -12.4249 9.54477 31.3 -0.0505718 0.0429174 0.0748371 
qwerty 45 4 0 2.15214 -12.881 9.93187 31.975 -0.0505718 0.0429174 0.0748371 
qwerty 45 4 0 2.15214 -13.3372 10.319 32.65 -0.0505718 0.0429174 0.0748371 
qwerty 45 4 0 2.15214 -13.75 10.6693 33.2609 -0.0505718 0.0429174 0.0748371 
qwerty 45 4 0 2.15214 -13.7933 10.7061 33.325 -0.0505718 0.0429174 0.0748371 
qwerty 45 4 0 2.15214 -14.2494 11.0932 34 -0.0505718 0.0429174 0.0748371 
qwerty 63 61 0 0.419878 -14.1521 11.3157 34.2397 0.063917 -0.00388155 0.0768085 
qwerty 63 61 0 0.419878 -13.7898 11.2937 34.675 0.063917 -0.00388155 0.0768085 
qwerty 63 61 0 0.419878 -13.2281 11.2596 35.35 0.063917 -0.00388155 0.0768085 
qwerty 64 63 0.0784121 0 -14.1527 11.321 34.2401 -0.0117871 0.0990363 0.00727132 
qwerty 44 4 0 1.56682 -3.13332 1.51398 17.8 -0.0347027 0.00881948 0.0933699 
qwerty 44 4 0 1.56682 -3.38419 1.57774 18.475 -0.0347027 0.00881948 0.0933699 
qwerty 44 4 0 1.56682 -3.63507 1.6415 19.15 -0.0347027 0.00881948 0.0933699 
qwerty 44 4 0 1.56682 -3.75 1.67071 19.4592 -0.0347027 0.00881948 0.0933699 
qwerty 44 4 0 1.56682 -3.88595 1.70526 19.825 -0.0347027 0.00881948 0.0933699 
qwerty 44 4 0 1.56682 -4.13682 1.76902 20.5 -0.0347027 0.00881948 0.0933699 
qwerty 44 4 0 1.56682 -4.3877 1.83278 21.175 -0.0347027 0.00881948 0.0933699 
qwerty 44 4 0 1.56682 -4.63857 1.89654 21.85 -0.0347027 0.00881948 0.0933699 
qwerty 44 4 0 1.56682 -4.88945 1.9603 22.525 -0.0347027 0.00881948 0.0933699 
qwerty 44 4 0 1.56682 -5.14033 2.02405 23.2 -0.0347027 0.00881948 0.0933699 
qwerty 44 4 0 1.56682 -5.3912 2.08781 23.875 -0.0347027 0.00881948 0.0933699 
qwerty 44 4 0 0.295842 -5.60497 2.14214 24.4502 0.09638 -0.0262523 -0.00466044 
qwerty 44 4 0 0.295842 -2.32966 1.25 24.2918 0.09638 -0.0262523 -0.00466044 
qwerty 44 4 0 0.295842 2.6705 -0.111959 24.05 0.09638 -0.0262523 -0.00466044 
qwerty 66 44 0.184476 1.0865 -5.66101 2.15673 24.55 -0.0745792 0.0196561 0.063652 
qwerty 66 44 0.13155 0.88141 -5.66476 2.19786 24.4767 -0.0253373 0.0394436 -0.0883302 
qwerty 66 44 0.148976 0.732434 -5.71897 2.24016 24.4098 -0.0660109 0.00236377 -0.0750798 
qwerty 66 44 0.15858 0.573853 -5.7653 2.20658 24.3261 -0.00132235 -0.0104008 -0.0994489 
qwerty 66 44 0.288634 0.285219 -5.84513 2.2038 24.2196 -0.0478626 0.020961 -0.0852632 
qwerty 66 44 0.285219 0 -5.86676 2.21328 24.1811 -0.0478626 0.020961 -0.0852632 
qwerty 43 4 0 0.874007 -3.10502 1.49453 17.8 -0.031079 0.00608937 0.0948526 
qwerty 43 4 0 0.874007 -3.32619 1.53786 18.475 -0.031079 0.00608937 0.0948526 
qwerty 43 4 0 0.874007 -3.54735 1.5812 19.15 -0.031079 0.00608937 0.0948526 
qwerty 43 4 0 0.874007 -3.75 1.6209 19.7685 -0.031079 0.00608937 0.0948526 
qwerty 43 4 0 0.874007 -3.76852 1.62453 19.825 -0.031079 0.00608937 0.0948526 
qwerty 43 4 0 0.874007 -3.98969 1.66786 20.5 -0.031079 0.00608937 0.0948526 
qwerty 43 4 0 0.874007 -4.21086 1.7112 21.175 -0.031079 0.00608937 0.0948526 
qwerty 43 4 0 0.874007 -4.43202 1.75453 21.85 -0.031079 0.00608937 0.0948526 
qwerty 43 4 0 0.874007 -4.65319 1.79787 22.525 -0.031079 0.00608937 0.0948526 
qwerty 43 4 0 0.874007 -4.87436 1.8412 23.2 -0.031079 0.00608937 0.0948526 
qwerty 43 4 0 0.874007 -5.09553 1.88453 23.875 -0.031079 0.00608937 0.0948526 
qwerty 43 4 0 0.874007 -5.3167 1.92787 24.55 -0.031079 0.00608937 0.0948526 
qwerty 43 4 0 0.410972 -6.25 0.607762 25.1005 -0.0536029 -0.0810485 0.0236191 
qwerty 43 4 0 0.410972 -6.53261 0.180457 25.225 -0.0536029 -0.0810485 0.0236191 
qwerty 43 4 0 0.410972 -7.47866 -1.25 25.6419 -0.0536029 -0.0810485 0.0236191 
qwerty 43 4 0 0.410972 -8.0645 -2.1358 25.9 -0.0536029 -0.0810485 0.0236191 
qwerty 43 4 0 0.249714 -8.39804 -2.60279 25.4 -0.0260375 -0.0334832 -0.090559 
qwerty 42 4 0 1.59506 -3.168 1.54448 17.8 -0.0388274 0.0129111 0.0912455 
qwerty 42 4 0 1.333 -3.34971 1.4664 18.475 -0.0217399 -0.0178361 0.0959648 
qwerty 42 4 0 1.333 -3.50263 1.34094 19.15 -0.0217399 -0.0178361 0.0959648 
qwerty 42 4 0 1.333 -3.65554 1.21548 19.825 -0.0217399 -0.0178361 0.0959648 
qwerty 42 4 0 1.333 -3.80846 1.09003 20.5 -0.0217399 -0.0178361 0.0959648 
qwerty 41 4 0 2.70581 -2.87219 1.31098 17.125 -0.0293555 -0.00403268 0.0955091 
qwerty 41 4 0 2.70581 -3.07965 1.28248 17.8 -0.0293555 -0.00403268 0.0955091 
qwerty 41 4 0 2.70581 -3.28712 1.25398 18.475 -0.0293555 -0.00403268 0.0955091 
qwerty 41 4 0 2.70581 -3.49459 1.22548 19.15 -0.0293555 -0.00403268 0.0955091 
qwerty 41 4 0 2.70581 -3.70205 1.19698 19.825 -0.0293555 -0.00403268 0.0955091 
qwerty 41 4 0 2.70581 -3.90952 1.16848 20.5 -0.0293555 -0.00403268 0.0955091 
qwerty 41 4 0 2.70581 -4.11699 1.13998 21.175 -0.0293555 -0.00403268 0.0955091 
qwerty 41 4 0 2.70581 -4.32445 1.11148 21.85 -0.0293555 -0.00403268 0.0955091 
qwerty 41 4 0 2.70581 -4.53192 1.08298 22.525 -0.0293555 -0.00403268 0.0955091 
qwerty 41 4 0 2.70581 -4.73938 1.05448 23.2 -0.0293555 -0.00403268 0.0955091 
qwerty 41 4 0 2.70581 -4.94685 1.02598 23.875 -0.0293555 -0.00403268 0.0955091 
qwerty 38 4 0 0.880604 -2.53342 1.28724 16.45 0.0032697 -0.0124198 0.0991719 
qwerty 38 4 0 0.880604 -2.51117 1.2027 17.125 0.0032697 -0.0124198 0.0991719 
qwerty 38 4 0 0.880604 -2.48891 1.11817 17.8 0.0032697 -0.0124198 0.0991719 
qwerty 38 4 0 0.880604 -2.46666 1.03364 18.475 0.0032697 -0.0124198 0.0991719 
qwerty 38 4 0 0.880604 -2.4444 0.949103 19.15 0.0032697 -0.0124198 0.0991719 
qwerty 38 4 0 0.379747 -2.4317 0.900875 19.5351 -0.0760114 -0.0623308 0.0183614 
qwerty 38 4 0 0.379747 -3.63182 -0.0832414 19.825 -0.0760114 -0.0623308 0.0183614 
qwerty 38 4 0 0.341808 -3.83112 -0.558962 19.6807 -0.0193534 -0.0649861 -0.0735 
qwerty 38 4 0 0.341808 -3.92478 -0.873463 19.325 -0.0193534 -0.0649861 -0.0735 
qwerty 38 4 0 0.341808 -4.03691 -1.25 18.8991 -0.0193534 -0.0649861 -0.0735 
qwerty 38 4 0 0.341808 -4.10251 -1.47027 18.65 -0.0193534 -0.0649861 -0.0735 
qwerty 38 4 0 0.341808 -4.28025 -2.06709 17.975 -0.0193534 -0.0649861 -0.0735 
qwerty 80 38 0.037939 0 -3.82966 -0.559169 19.6807 0.099007 -0.0140266 -0.000926662 
qwerty 79 38 0.312892 0.187965 -2.39491 0.915635 19.6282 0.0967463 0.0250383 -0.00363853 
qwerty 79 38 0.187965 0 -2.37242 0.921454 19.6274 0.0967463 0.0250383 -0.00363853 
qwerty 37 4 0 0.632932 -2.50127 1.31597 16.45 0.00866656 -0.00756106 0.0993364 
qwerty 37 4 0 0.632932 -2.44238 1.2646 17.125 0.00866656 -0.00756106 0.0993364 
qwerty 37 4 0 0.632932 -2.42565 1.25 17.3168 0.00866656 -0.00756106 0.0993364 
qwerty 37 4 0 0.632932 -2.38349 1.21322 17.8 0.00866656 -0.00756106 0.0993364 
qwerty 37 4 0 0.632932 -2.3246 1.16184 18.475 0.00866656 -0.00756106 0.0993364 
qwerty 37 4 0 0.632932 -2.26571 1.11046 19.15 0.00866656 -0.00756106 0.0993364 
qwerty 36 4 0 0.615576 -2.51509 1.32382 16.45 0.00572113 -0.00619146 0.099644 
qwerty 36 4 0 0.615576 -2.47634 1.28188 17.125 0.00572113 -0.00619146 0.099644 
qwerty 36 4 0 0.615576 -2.44688 1.25 17.6381 0.00572113 -0.00619146 0.099644 
qwerty 36 4 0 0.615576 -2.43758 1.23994 17.8 0.00572113 -0.00619146 0.099644 
qwerty 36 4 0 0.195259 -2.4196 1.25 17.78 0.0514699 0.030799 -0.0800142 
qwerty 36 4 0 0.195259 -2.11086 1.43474 17.3 0.0514699 0.030799 -0.0800142 
qwerty 35 4 0 4.21209 -2.5818 1.32015 16.45 -0.00476023 -0.00679131 0.0996555 
qwerty 35 4 0 4.21209 -2.61405 1.27415 17.125 -0.00476023 -0.00679131 0.0996555 
qwerty 35 4 0 4.21209 -2.63097 1.25 17.4793 -0.00476023 -0.00679131 0.0996555 
qwerty 35 4 0 4.21209 -2.64629 1.22815 17.8 -0.00476023 -0.00679131 0.0996555 
qwerty 35 4 0 4.21209 -2.67853 1.18215 18.475 -0.00476023 -0.00679131 0.0996555 
qwerty 35 4 0 4.21209 -2.71078 1.13615 19.15 -0.00476023 -0.00679131 0.0996555 
qwerty 35 4 0 4.21209 -2.74302 1.09015 19.825 -0.00476023 -0.00679131 0.0996555 
qwerty 35 4 0 4.21209 -2.77526 1.04415 20.5 -0.00476023 -0.00679131 0.0996555 
qwerty 35 4 0 1.91245 -3.04215 1.27423 21.175 -0.0378053 0.0337626 0.0862024 
qwerty 35 4 0 1.91245 -3.33818 1.53861 21.85 -0.0378053 0.0337626 0.0862024 
qwerty 35 4 0 1.91245 -3.63421 1.80298 22.525 -0.0378053 0.0337626 0.0862024 
qwerty 35 4 0 0.447234 -3.27022 1.32412 23.2 0.0496828 -0.062139 0.0605835 
qwerty 90 86 0 0.385031 -2.12118 0.814088 21.175 0.0752372 -0.0224067 0.0619459 
qwerty 90 86 0 0.385031 -1.49131 0.664968 21.85 0.0664018 -0.0152174 0.0732068 
qwerty 90 86 0 0.385031 -1.25 0.609666 22.116 0.0664018 -0.0152174 0.0732068 
qwerty 90 86 0 0.385031 -0.879058 0.524657 22.525 0.0664018 -0.0152174 0.0732068 
qwerty 32 4 0 0.812289 -2.51567 1.44647 15.1 -0.0128854 0.00189888 0.0991482 
qwerty 32 4 0 0.812289 -2.6034 1.4594 15.775 -0.0128854 0.00189888 0.0991482 
qwerty 32 4 0 0.812289 -2.69112 1.47233 16.45 -0.0128854 0.00189888 0.0991482 
qwerty 32 4 0 0.812289 -2.77885 1.48525 17.125 -0.0128854 0.00189888 0.0991482 
qwerty 32 4 0 0.812289 -2.86657 1.49818 17.8 -0.0128854 0.00189888 0.0991482 
qwerty 32 4 0 0.812289 -2.95429 1.51111 18.475 -0.0128854 0.00189888 0.0991482 
qwerty 32 4 0 0.812289 -3.04202 1.52404 19.15 -0.0128854 0.00189888 0.0991482 
qwerty 32 4 0 0.812289 -3.12974 1.53696 19.825 -0.0128854 0.00189888 0.0991482 
qwerty 32 4 0 0.812289 -3.21747 1.54989 20.5 -0.0128854 0.00189888 0.0991482 
qwerty 32 4 0 0.812289 -3.30519 1.56282 21.175 -0.0128854 0.00189888 0.0991482 
qwerty 32 4 0 0.812289 -3.39291 1.57575 21.85 -0.0128854 0.00189888 0.0991482 
qwerty 32 4 0 0.812289 -3.48064 1.58867 22.525 -0.0128854 0.00189888 0.0991482 
qwerty 32 4 0 0.812289 -3.56836 1.6016 23.2 -0.0128854 0.00189888 0.0991482 
qwerty 32 4 0 0.812289 -3.65608 1.61453 23.875 -0.0128854 0.00189888 0.0991482 
qwerty 32 4 0 0.812289 -3.74381 1.62746 24.55 -0.0128854 0.00189888 0.0991482 
qwerty 32 4 0 0.812289 -3.83153 1.64038 25.225 -0.0128854 0.00189888 0.0991482 
qwerty 32 4 0 0.812289 -3.91926 1.65331 25.9 -0.0128854 0.00189888 0.0991482 
qwerty 32 4 0 0.812289 -4.00698 1.66624 26.575 -0.0128854 0.00189888 0.0991482 
qwerty 32 4 0 0.244768 -4.08216 1.67732 27.1535 -0.0568879 0.0613052 -0.0548219 
qwerty 32 4 0 0.236538 -4.36234 1.97926 26.8834 -0.0323858 0.0860495 -0.0393274 
qwerty 32 4 0 0.236538 -4.47223 2.27124 26.75 -0.0323858 0.0860495 -0.0393274 
qwerty 96 32 0.0082297 0 -4.36241 1.9792 26.8834 -0.0680272 -0.0580856 -0.0447031 
qwerty 95 32 0.115521 0.452001 -4.06268 1.64356 27.2122 0.078871 -0.00464519 0.0613008 
qwerty 95 32 0.0378402 0.414161 -4.04859 1.64031 27.227 0.0566101 -0.0607875 0.0556792 
qwerty 95 32 0.0385412 0.37562 -4.03603 1.63194 27.2415 0.097591 0.00179552 0.0217434 
qwerty 95 32 0.0266213 0.348998 -4.01865 1.62998 27.2492 0.0837229 -0.0293403 0.0461477 
qwerty 95 32 0.0065191 0.342479 -4.01724 1.62949 27.25 0.0828077 -0.0361625 0.0428388 
qwerty 95 32 0.0102921 0.298313 -4.02109 1.6316 27.2493 -0.0952751 0.0298931 0.00539141 
qwerty 95 32 0.0091292 0.289183 -4.02618 1.6328 27.2497 -0.0978571 -0.00032475 -0.0205886 
qwerty 95 32 0.0124941 0.276689 -4.0312 1.63219 27.2478 -0.095856 -0.00339729 -0.0282858 
qwerty 95 32 0.00944304 0.267246 -4.03643 1.631 27.2468 -0.0920431 0.000318492 -0.0390891 
qwerty 95 32 0.0121554 0.255091 -4.04169 1.63131 27.2449 -0.0920804 -0.0197433 -0.0336363 
qwerty 95 32 0.0118046 0.243286 -4.04636 1.63057 27.2434 -0.0988692 -0.00870628 -0.0122097 
qwerty 95 32 0.0307482 0.212538 -4.05148 1.63075 27.2435 -0.0964249 0.0112125 -0.024011 
qwerty 95 32 0.0128818 0.199656 -4.0568 1.63057 27.2431 -0.0969115 -0.0211277 -0.0127189 
qwerty 95 32 0.0269132 0.172743 -4.06196 1.62817 27.2424 -0.0893989 -0.00958365 -0.043772 
qwerty 95 32 0.0178754 0.154868 -4.06613 1.62751 27.2387 -0.0662839 0.00987856 -0.0742216 
qwerty 95 32 0.0261496 0.128718 -4.07026 1.6305 27.2342 -0.0667622 0.0471553 -0.0576125 
qwerty 95 32 0.0357373 0.0929809 -4.07233 1.63707 27.2279 -0.0358418 0.036415 -0.0859611 
qwerty 95 32 0.0929809 0 -4.07488 1.63966 27.2218 -0.0358418 0.036415 -0.0859611 
qwerty 31 4 0 2.73547 -2.5289 1.49405 15.1 -0.0145044 0.0116679 0.0982521 
qwerty 31 4 0 2.73547 -2.62855 1.57421 15.775 -0.0145044 0.0116679 0.0982521 
qwerty 31 4 0 2.73547 -2.72819 1.65437 16.45 -0.0145044 0.0116679 0.0982521 
qwerty 31 4 0 2.73547 -2.82784 1.73453 17.125 -0.0145044 0.0116679 0.0982521 
qwerty 31 4 0 2.73547 -2.92749 1.81469 17.8 -0.0145044 0.0116679 0.0982521 
qwerty 31 4 0 0.836063 -3.02515 1.0758 18.475 -0.00954727 -0.0744977 0.0660223 
qwerty 31 4 0 0.836063 -3.12276 0.314146 19.15 -0.00954727 -0.0744977 0.0660223 
qwerty 31 4 0 0.694813 -3.53254 -0.176422 19.825 -0.0505636 -0.0468966 0.0724157 
qwerty 31 4 0 0.694813 -4.00385 -0.613553 20.5 -0.0505636 -0.0468966 0.0724157 
qwerty 31 4 0 0.694813 -4.47516 -1.05068 21.175 -0.0505636 -0.0468966 0.0724157 
qwerty 98 31 0.245789 0.703396 -2.95982 1.83218 17.733 -0.0215724 -0.013232 -0.0967447 
qwerty 98 31 0.0613608 0.349925 -2.97407 1.81972 17.6987 -0.000125169 0.0352979 -0.0935631 
qwerty 98 31 0.235118 0.114808 -2.91901 1.83951 17.6437 0.0439803 -0.0886281 -0.0145185 
qwerty 98 31 0.114808 0 -2.91452 1.83045 17.6422 0.0439803 -0.0886281 -0.0145185 
qwerty 101 98 0.29211 0 -3.00711 1.79427 17.6772 -0.0704166 -0.0542418 -0.0458185 
qwerty 29 4 0 2.61135 -2.54575 1.44139 15.1 -0.0169023 0.00358382 0.098496 
qwerty 103 102 0 0.31716 -3.11086 2.31193 15.775 -0.0447371 0.0756744 0.0476652 
qwerty 103 102 0 0.247355 -3.27281 2.54365 16.45 -0.0074593 0.0049164 0.0996001 
qwerty 103 102 0 0.247355 -3.32336 2.57697 17.125 -0.0074593 0.0049164 0.0996001 
qwerty 27 4 0 3.21329 -2.43576 1.4325 14.425 -0.0178846 0.00240909 0.0983582 
qwerty 27 4 0 3.21329 -2.5585 1.44903 15.1 -0.0178846 0.00240909 0.0983582 
qwerty 27 4 0 3.21329 -2.68123 1.46557 15.775 -0.0178846 0.00240909 0.0983582 
qwerty 27 4 0 3.21329 -2.80397 1.4821 16.45 -0.0178846 0.00240909 0.0983582 
qwerty 27 4 0 3.21329 -2.9267 1.49863 17.125 -0.0178846 0.00240909 0.0983582 
qwerty 27 4 0 3.21329 -3.04944 1.51517 17.8 -0.0178846 0.00240909 0.0983582 
qwerty 25 4 0 2.24447 -2.44261 1.44277 14.425 -0.0187245 0.00407169 0.0981469 
qwerty 25 4 0 2.24447 -2.57139 1.47077 15.1 -0.0187245 0.00407169 0.0981469 
qwerty 24 4 0 3.89641 -2.45136 1.42514 14.425 -0.0199678 0.00149764 0.0979747 
qwerty 24 4 0 3.89641 -2.58893 1.43546 15.1 -0.0199678 0.00149764 0.0979747 
qwerty 24 4 0 3.89641 -2.72649 1.44578 15.775 -0.0199678 0.00149764 0.0979747 
qwerty 23 4 0 0.223659 -2.3165 1.42448 13.75 -0.0191928 0.00454508 0.0980356 
qwerty 22 6 0 15.9614 1.74426 -1.25 1.37182 0.0675917 -0.0543299 0.0497958 
qwerty 22 6 0 15.9614 2.05399 -1.49896 1.6 0.0675917 -0.0543299 0.0497958 
qwerty 22 6 0 15.9614 2.97022 -2.23542 2.275 0.0675917 -0.0543299 0.0497958 
qwerty 22 6 0 15.9614 3.88645 -2.97188 2.95 0.0675917 -0.0543299 0.0497958 
qwerty 22 6 0 15.9614 4.80268 -3.70834 3.625 0.0675917 -0.0543299 0.0497958 
qwerty 22 6 0 15.9614 5.71891 -4.4448 4.3 0.0675917 -0.0543299 0.0497958 
qwerty 22 6 0 15.9614 6.25 -4.87169 4.69126 0.0675917 -0.0543299 0.0497958 
qwerty 22 6 0 15.9614 6.63514 -5.18126 4.975 0.0675917 -0.0543299 0.0497958 
qwerty 22 6 0 15.9614 7.55137 -5.91772 5.65 0.0675917 -0.0543299 0.0497958 
qwerty 22 6 0 15.9614 8.46759 -6.65418 6.325 0.0675917 -0.0543299 0.0497958 
qwerty 22 6 0 15.9614 9.38382 -7.39064 7 0.0675917 -0.0543299 0.0497958 
qwerty 22 6 0 15.9614 10.3001 -8.1271 7.675 0.0675917 -0.0543299 0.0497958 
qwerty 20 6 0 0.67479 1.2014 -0.517086 0.925 0.0703833 -0.0173868 0.0688759 
qwerty 20 6 0 0.67479 1.89118 -0.687481 1.6 0.0703833 -0.0173868 0.0688759 
qwerty 20 6 0 0.627036 2.29744 -0.785181 2.275 0.0440492 -0.0104398 0.0891666 
qwerty 20 6 0 0.627036 2.6309 -0.864211 2.95 0.0440492 -0.0104398 0.0891666 
qwerty 20 6 0 0.627036 2.96436 -0.943242 3.625 0.0440492 -0.0104398 0.0891666 
qwerty 20 6 0 0.627036 3.29781 -1.02227 4.3 0.0440492 -0.0104398 0.0891666 
qwerty 20 6 0 0.627036 3.63127 -1.1013 4.975 0.0440492 -0.0104398 0.0891666 
qwerty 20 6 0 0.627036 3.96473 -1.18033 5.65 0.0440492 -0.0104398 0.0891666 
qwerty 20 6 0 0.627036 4.29818 -1.25936 6.325 0.0440492 -0.0104398 0.0891666 
qwerty 20 6 0 0.627036 4.63164 -1.3384 7 0.0440492 -0.0104398 0.0891666 
qwerty 20 6 0 0.627036 4.9651 -1.41743 7.675 0.0440492 -0.0104398 0.0891666 
qwerty 19 6 0 4.14458 1.25 -0.599735 0.887496 0.0748084 -0.0258892 0.061102 
qwerty 19 6 0 4.14458 1.29592 -0.615625 0.925 0.0748084 -0.0258892 0.061102 
qwerty 19 6 0 4.14458 2.12233 -0.901625 1.6 0.0748084 -0.0258892 0.061102 
qwerty 18 5 0 0.510999 -2.47901 1.25 13.5202 -0.0525291 -0.0341556 0.0779364 
qwerty 18 5 0 0.510999 -2.63393 1.14927 13.75 -0.0525291 -0.0341556 0.0779364 
qwerty 17 5 0 0.510999 -1.84198 1.66421 12.575 0.0525291 0.0341556 -0.0779364 
qwerty 16 5 0 1.24718 -1.25 2.51827 12.8466 0.0647155 0.0739525 -0.0185186 
qwerty 16 5 0 1.24718 -0.300723 3.60304 12.575 0.0647155 0.0739525 -0.0185186 
qwerty 16 5 0 0.333455 -0.531787 3.56632 11.9 -0.0354664 -0.0088651 -0.0930782 
qwerty 16 5 0 0.333455 -0.87334 3.54966 11.225 -0.0469127 -0.000922658 -0.0883082 
qwerty 16 5 0 0.333455 -1.23193 3.5426 10.55 -0.0469127 -0.000922658 -0.0883082 
qwerty 15 5 0 6.67095 -2.33543 1.25 13.2769 -0.0544188 -0.0182869 0.0818791 
qwerty 15 5 0 6.67095 -2.64984 1.14435 13.75 -0.0544188 -0.0182869 0.0818791 
qwerty 15 5 0 6.67095 -3.09846 0.993592 14.425 -0.0544188 -0.0182869 0.0818791 
qwerty 15 5 0 6.67095 -3.54708 0.842837 15.1 -0.0544188 -0.0182869 0.0818791 
qwerty 15 5 0 6.67095 -3.75 0.774648 15.4053 -0.0544188 -0.0182869 0.0818791 
qwerty 15 5 0 6.67095 -3.9957 0.692082 15.775 -0.0544188 -0.0182869 0.0818791 
qwerty 15 5 0 6.67095 -4.44432 0.541328 16.45 -0.0544188 -0.0182869 0.0818791 
qwerty 15 5 0 6.67095 -4.89294 0.390573 17.125 -0.0544188 -0.0182869 0.0818791 
qwerty 15 5 0 6.67095 -5.34157 0.239818 17.8 -0.0544188 -0.0182869 0.0818791 
qwerty 15 5 0 6.67095 -5.79019 0.0890638 18.475 -0.0544188 -0.0182869 0.0818791 
qwerty 15 5 0 0.901513 -5.50895 -0.0775442 19.15 0.0444122 -0.0216381 0.0869445 
qwerty 15 5 0 0.901513 -5.16415 -0.245533 19.825 0.0444122 -0.0216381 0.0869445 
qwerty 14 5 0 43.22 -2.17662 1.41495 13.075 -0.01742 0.0121403 0.0977198 
qwerty 14 5 0 43.22 -2.29695 1.49881 13.75 -0.01742 0.0121403 0.0977198 
qwerty 14 5 0 43.22 -2.41727 1.58267 14.425 -0.01742 0.0121403 0.0977198 
qwerty 14 5 0 43.22 -2.5376 1.66653 15.1 -0.01742 0.0121403 0.0977198 
qwerty 14 5 0 43.22 -2.65793 1.75039 15.775 -0.01742 0.0121403 0.0977198 
qwerty 14 5 0 43.22 -2.77826 1.83425 16.45 -0.01742 0.0121403 0.0977198 
qwerty 14 5 0 43.22 -2.89859 1.91811 17.125 -0.01742 0.0121403 0.0977198 
qwerty 14 5 0 43.22 -3.01892 2.00197 17.8 -0.01742 0.0121403 0.0977198 
qwerty 14 5 0 43.22 -3.13925 2.08583 18.475 -0.01742 0.0121403 0.0977198 
qwerty 13 7 0 0.189234 -0.0366646 -0.788613 0.892181 0.0688559 -0.0116176 0.0715814 
qwerty 13 7 0 0.189234 -0.00509513 -0.793939 0.925 0.0688559 -0.0116176 0.0715814 
qwerty 12 7 0 0.387652 3.56108 -0.400998 1.6 0.0702896 0.0313906 0.0638279 
qwerty 11 7 0 0.271905 -0.939795 -2.85041 0.425 -0.0685907 -0.0708362 -0.0166595 
qwerty 10 7 0 15.3464 1.89229 -1.25 1.56341 0.0680629 -0.0482163 0.05516 
qwerty 10 7 0 15.3464 1.93744 -1.28198 1.6 0.0680629 -0.0482163 0.05516 
qwerty 10 7 0 15.3464 2.77033 -1.87201 2.275 0.0680629 -0.0482163 0.05516 
qwerty 9 7 0 0.554984 1.76713 -1.17299 1.6 0.0624138 -0.0453552 0.0636194 
qwerty 9 7 0 0.554984 2.42934 -1.65421 2.275 0.0624138 -0.0453552 0.0636194 
qwerty 9 7 0 0.554984 3.09154 -2.13543 2.95 0.0624138 -0.0453552 0.0636194 
qwerty 9 7 0 0.554984 3.75 -2.61392 3.62118 0.0624138 -0.0453552 0.0636194 
qwerty 9 7 0 0.554984 3.75375 -2.61665 3.625 0.0624138 -0.0453552 0.0636194 
qwerty 8 7 0 13.5641 1.25 -0.638629 0.857471 0.0753413 -0.0301668 0.0584265 
qwerty 8 7 0 13.5641 1.33708 -0.673496 0.925 0.0753413 -0.0301668 0.0584265 
qwerty 8 7 0 13.5641 2.20749 -1.02201 1.6 0.0753413 -0.0301668 0.0584265 
qwerty 8 7 0 13.5641 3.07791 -1.37053 2.275 0.0753413 -0.0301668 0.0584265 
qwerty 8 7 0 13.5641 3.94833 -1.71904 2.95 0.0753413 -0.0301668 0.0584265 
qwerty 140 10 0 6.08136 2.88163 -1.75975 2.275 -0.0111426 0.0983291 0.0143956 
qwerty 140 10 4.66835e-05 3.84285 2.87871 -1.73729 2.27491 -0.0627558 0.0683935 -0.0372027 
qwerty 140 10 1.14499 2.69786 2.65901 -1.25781 2.04659 -0.0702607 0.0552468 -0.0448466 
qwerty 140 10 0.623175 2.07468 2.36053 -0.998297 1.91421 -0.0455703 0.0714544 -0.0530812 
qwerty 140 10 0.43285 1.64183 2.24102 -0.810908 1.775 -0.0435268 0.0709604 -0.0554079 
qwerty 140 10 0.332549 0.998137 2.05829 -0.795705 1.88259 -0.0684287 -0.012282 0.0718795 
qwerty 140 10 0.0699348 0 2.02547 -0.81444 1.9196 -0.0911818 -0.0406779 -0.0055845 
qwerty 131 14 0.825639 10.044 -3.37482 2.127 19.15 -0.0416959 -0.00690775 0.0906296 
qwerty 117 22 1.28014 4.46747 11.2443 -8.44936 8.16301 0.0827344 -0.0420126 0.0372821 
qwerty 117 22 0.778753 3.68871 11.6593 -8.66008 8.35 0.0595808 -0.00179094 0.0802927 
qwerty 114 24 0.0104104 0.319798 -2.71698 1.45572 15.772 -0.0763766 -0.0253712 -0.0593542 
qwerty 114 24 0.014983 0.304815 -2.72137 1.4542 15.7673 -0.0619105 -0.00425883 -0.0784153 
qwerty 114 24 0.0456106 0.259204 -2.72603 1.45329 15.7621 -0.0417154 -0.0193039 -0.0888098 
qwerty 114 24 0.0139312 0.245273 -2.72915 1.45303 15.7549 -0.0566743 0.0127452 -0.0813977 
qwerty 114 24 0.0231343 0.222139 -2.73366 1.45489 15.7448 0.00717486 -0.00347221 -0.0996818 
qwerty 114 24 0.0676382 0.154501 -2.73481 1.46152 15.727 0.0223683 0.0576624 -0.0785793 
qwerty 114 24 0.154501 0 -2.7311 1.47109 15.714 0.0223683 0.0576624 -0.0785793 
qwerty 114 24 0 0 -2.7311 1.47109 15.714 0.0223683 0.0576624 -0.0785793 
qwerty 112 25 0.0760143 0.527997 -2.58377 1.45262 15.0845 -0.0263588 -0.0765627 -0.0586802 
qwerty 112 25 0.0427093 0.485288 -2.58531 1.4321 15.0719 -0.0257087 -0.0553371 -0.0792267 
qwerty 112 25 0.0499012 0.435387 -2.5899 1.42261 15.0483 -0.0265243 -0.0194223 -0.0944417 
qwerty 112 25 0.0699309 0.365456 -2.60122 1.42654 15.0206 0.0150671 0.0324521 -0.0933801 
qwerty 112 25 0.173872 0.191584 -2.61006 1.43659 14.9812 -0.0376106 -0.0126261 -0.0917934 
qwerty 112 25 0.191584 0 -2.61898 1.4336 14.9595 -0.0376106 -0.0126261 -0.0917934 
qwerty 112 25 0 0 -2.61898 1.4336 14.9595 -0.0376106 -0.0126261 -0.0917934 
qwerty 107 28 1.00458 10.7067 -2.72771 1.31186 15.1 -0.0361105 -0.0338289 0.0869002 
qwerty 151 140 0.000660801 1.98197 2.87861 -1.73693 2.275 -0.0261911 0.0935609 0.0236726 
qwerty 142 8 0.660729 2.13047 4.23952 -2.07097 2.91859 0.0589886 -0.0807308 -0.00169696 
qwerty 142 8 0.856643 1.27382 4.46942 -2.32346 2.91599 0.0692642 -0.0100912 -0.0714187 
qwerty 142 8 0.520448 0.753376 4.6351 -2.21688 2.73982 0.0500826 0.0283586 -0.0817773 
qwerty 142 8 0.389324 0.360164 4.6496 -2.24452 2.56111 0.0477091 -0.0403577 -0.0780711 
qwerty 142 8 0.360164 0 4.66887 -2.32551 2.53189 0.0915377 -0.0387589 0.0108903 
qwerty 139 10 0.629458 1.78205 2.88187 -2.01842 1.90538 0.0460934 0.0545457 -0.0700012 
qwerty 139 10 0.354812 1.42724 2.96772 -1.91683 1.775 0.0410872 0.0357507 -0.0838674 
qwerty 132 13 0.0316985 0.290066 -0.0532635 -0.782641 0.885687 -0.0720525 0.0558924 0.0410424 
qwerty 132 13 0.0350737 0.254993 -0.0690595 -0.779021 0.895822 -0.0617439 0.0708504 0.0341748 
qwerty 132 13 0.0458885 0.209104 -0.0782081 -0.768751 0.905727 -0.0509633 0.0848452 -0.0142843 
qwerty 132 13 0.02975 0.179354 -0.0860371 -0.761743 0.900814 -0.0389526 0.0897849 -0.020527 
qwerty 132 13 0.0457709 0.133583 -0.0956373 -0.750492 0.904062 -0.0883641 -0.044353 -0.0149864 
qwerty 132 13 0.04282 0.0907633 -0.102688 -0.756471 0.902401 -0.0396237 -0.0907377 -0.0140228 
qwerty 132 13 0.0907633 0 -0.105395 -0.762668 0.901443 -0.0396237 -0.0907377 -0.0140228 
qwerty 130 14 0.884663 21.4682 -3.33538 2.26862 19.15 -0.0381684 0.0289406 0.0877816 
qwerty 130 14 0.80446 13.89 -3.46705 2.23541 19.825 -0.00293918 -0.0345162 0.0938083 
qwerty 190 130 0.877833 2.29984 -3.11942 2.46001 19.6942 0.0837938 0.0185077 0.0513426 
qwerty 190 130 0.377174 1.92267 -2.90588 2.50717 19.825 0.0491415 0.0197589 0.0848215 
qwerty 116 22 0.210607 7.55444 10.6399 -8.39841 7.89734 0.0696869 -0.0683487 0.02173 
qwerty 116 22 0.818885 6.73556 10.9984 -8.75 8.00913 0.0704271 -0.0699898 0.0118932 
qwerty 116 22 1.41071 5.32485 11.7086 -9.28728 8.10334 0.0918004 -0.0394957 0.00357462 
qwerty 116 22 1.38927 3.93558 12.3654 -9.60177 7.94591 0.0834661 -0.0515131 -0.0194887 
qwerty 116 22 0.749015 3.18656 12.7762 -9.85527 7.85 0.0999248 -0.000743311 -0.0038058 
qwerty 200 116 0.0892661 0.823353 10.6505 -8.42192 7.9537 0.00532441 -0.0251338 0.0966434 
qwerty 200 116 0.118162 0.705191 10.6666 -8.43841 8.01922 -0.0262312 -0.0331938 0.0906096 
qwerty 200 116 0.0866292 0.596427 10.6642 -8.45952 8.05797 -0.0275389 -0.0857205 0.0435156 
qwerty 200 116 0.269745 0.326682 10.6764 -8.5767 8.06526 -0.0337492 -0.0736049 -0.0586796 
qwerty 200 116 0.326682 0 10.6576 -8.61774 8.03254 -0.0337492 -0.0736049 -0.0586796 
qwerty 106 28 0.892468 99.2598 -2.54638 1.42485 15.1 -0.0188279 0.00168483 0.0981971 
qwerty 106 28 0.834746 17.5488 -2.76372 1.44822 15.775 -0.0258611 -0.00775009 0.0962867 
qwerty 106 28 0.0291497 12.5098 -2.79614 1.42041 15.9687 -0.0237396 -0.0111843 0.0964953 
qwerty 106 28 0.765792 11.744 -2.91454 1.36463 16.45 -0.023828 -0.0232997 0.0942833 
qwerty 106 28 0.928452 7.80255 -3.12946 1.13306 17.125 -0.012258 -0.0301489 0.0945557 
qwerty 106 28 0.494822 0.72706 -3.36318 0.930379 17.5724 -0.0280882 -0.052972 0.0800314 
qwerty 106 28 0.569685 0.157375 -3.33987 0.840537 17.7047 -0.0676775 -0.0398085 0.0619277 
qwerty 106 28 0.157375 0 -3.35162 0.83363 17.7155 -0.0676775 -0.0398085 0.0619277 
qwerty 217 106 0.394339 0.205686 -3.35381 0.962109 17.689 -0.0498604 -0.0271217 0.0823308 
qwerty 217 106 0.205686 0 -3.36723 0.954813 17.7112 -0.0498604 -0.0271217 0.0823308 
qwerty 213 106 0.0221782 0.264793 -2.7893 1.42449 15.9763 0.0692722 0.0130085 0.0709376 
qwerty 213 106 0.0362364 0.228557 -2.78252 1.42271 15.9893 0.0594878 0.0162131 0.0787295 
qwerty 213 106 0.0473398 0.181217 -2.77067 1.43229 16.0037 0.0448548 -0.00117905 0.0893681 
qwerty 213 106 0.181217 0 -2.76085 1.43203 16.0233 0.0448548 -0.00117905 0.0893681 
qwerty 216 106 0 0.508859 -4.53502 0.535041 17.8 -0.0870935 -0.0352411 0.0342459 
qwerty 216 106 0 0.446974 -6.10348 -0.0996106 18.4167 -0.0974276 0.0137915 0.0178231 
qwerty 216 106 0 0.446974 -6.25 -0.0788693 18.4435 -0.0974276 0.0137915 0.0178231 
qwerty 216 106 0 0.446974 -6.422 -0.0545218 18.475 -0.0974276 0.0137915 0.0178231 
qwerty 218 216 0.0618848 0 -6.10358 -0.102872 18.418 -0.00297582 -0.093043 0.036526 
qwerty 215 106 0 0.542573 -3.37843 0.93402 17.8 -0.0358708 -0.0254449 0.08981 
qwerty 215 106 0 0.542573 -3.64803 0.74278 18.475 -0.0358708 -0.0254449 0.08981 
qwerty 215 106 0 0.542573 -3.91763 0.551539 19.15 -0.0358708 -0.0254449 0.08981 
qwerty 212 106 0 0.225458 -2.8959 1.32049 16.45 -0.0195455 -0.0193916 0.096135 
qwerty 211 106 0 0.315199 -2.91746 1.27496 16.45 -0.0230853 -0.0259224 0.0937822 
qwerty 210 106 0 1.91211 -2.7893 1.45527 16.45 -0.0038316 0.00127574 0.0999184 
qwerty 210 106 0 1.91211 -2.81518 1.46389 17.125 -0.0038316 0.00127574 0.0999184 
qwerty 210 106 0 1.91211 -2.84107 1.47251 17.8 -0.0038316 0.00127574 0.0999184 
qwerty 210 106 0 1.91211 -2.86695 1.48113 18.475 -0.0038316 0.00127574 0.0999184 
qwerty 210 106 0 1.91211 -2.89283 1.48975 19.15 -0.0038316 0.00127574 0.0999184 
qwerty 210 106 0 1.91211 -2.91872 1.49836 19.825 -0.0038316 0.00127574 0.0999184 
qwerty 210 106 0 1.91211 -2.9446 1.50698 20.5 -0.0038316 0.00127574 0.0999184 
qwerty 210 106 0 1.91211 -2.97049 1.5156 21.175 -0.0038316 0.00127574 0.0999184 
qwerty 210 106 0 1.91211 -2.99637 1.52422 21.85 -0.0038316 0.00127574 0.0999184 
qwerty 210 106 0 1.91211 -3.02226 1.53284 22.525 -0.0038316 0.00127574 0.0999184 
qwerty 210 106 0 1.91211 -3.04814 1.54146 23.2 -0.0038316 0.00127574 0.0999184 
qwerty 210 106 0 1.91211 -3.07403 1.55007 23.875 -0.0038316 0.00127574 0.0999184 
qwerty 210 106 0 1.91211 -3.09991 1.55869 24.55 -0.0038316 0.00127574 0.0999184 
qwerty 210 106 0 1.91211 -3.12579 1.56731 25.225 -0.0038316 0.00127574 0.0999184 
qwerty 210 106 0 1.91211 -3.15168 1.57593 25.9 -0.0038316 0.00127574 0.0999184 
qwerty 210 106 0 1.91211 -3.17756 1.58455 26.575 -0.0038316 0.00127574 0.0999184 
qwerty 210 106 0 1.91211 -3.20345 1.59317 27.25 -0.0038316 0.00127574 0.0999184 
qwerty 210 106 0 1.91211 -3.22933 1.60178 27.925 -0.0038316 0.00127574 0.0999184 
qwerty 210 106 0 1.91211 -3.25522 1.6104 28.6 -0.0038316 0.00127574 0.0999184 
qwerty 210 106 0 1.91211 -3.2811 1.61902 29.275 -0.0038316 0.00127574 0.0999184 
qwerty 210 106 0 1.91211 -3.30699 1.62764 29.95 -0.0038316 0.00127574 0.0999184 
qwerty 210 106 0 1.91211 -3.33287 1.63626 30.625 -0.0038316 0.00127574 0.0999184 
qwerty 210 106 0 1.91211 -3.35875 1.64488 31.3 -0.0038316 0.00127574 0.0999184 
qwerty 210 106 0 1.91211 -3.38464 1.65349 31.975 -0.0038316 0.00127574 0.0999184 
qwerty 210 106 0 1.91211 -3.41052 1.66211 32.65 -0.0038316 0.00127574 0.0999184 
qwerty 210 106 0 0.234842 -3.64759 1.59446 32.15 -0.0370905 -0.0108919 -0.0922262 
qwerty 209 106 0 76.9937 -2.72483 1.52876 15.775 -0.0270855 0.0167191 0.094799 
qwerty 209 106 0 76.9937 -2.91769 1.64781 16.45 -0.0270855 0.0167191 0.094799 
qwerty 209 106 0 76.9937 -3.11055 1.76685 17.125 -0.0270855 0.0167191 0.094799 
qwerty 209 106 0 76.9937 -3.30341 1.8859 17.8 -0.0270855 0.0167191 0.094799 
qwerty 209 106 0 76.9937 -3.49626 2.00494 18.475 -0.0270855 0.0167191 0.094799 
qwerty 226 209 0.333447 38.1508 -3.55053 2.05557 18.6982 -0.0171501 0.0268801 0.0947805 
qwerty 226 209 1.17522 36.9755 -3.63228 2.18369 19.15 -0.0177664 0.019713 0.0964145 
qwerty 226 209 0.0882222 11.7487 -3.75 2.22203 19.3503 -0.0887381 -0.00434169 0.0458987 
qwerty 226 209 0.125139 11.3405 -3.82475 2.21865 19.3911 -0.0885145 0.00194349 0.0464908 
qwerty 226 209 1.79704 9.5435 -4.65084 2.23679 19.825 -0.0874562 0.0288963 0.0389413 
qwerty 234 226 0.0641096 0.218901 -3.82467 2.19088 19.4062 0.0648125 -0.0721348 -0.0244115 
qwerty 234 226 0.218901 0 -3.80539 2.16943 19.3989 0.0648125 -0.0721348 -0.0244115 
qwerty 230 226 0.0610884 0.312102 -3.57045 2.04511 18.7163 -0.0352775 -0.0292116 0.0888942 
qwerty 230 226 0.106859 0.205243 -3.57781 2.0186 18.7395 -0.0572314 -0.00314577 0.0819431 
qwerty 230 226 0.205243 0 -3.59315 2.01776 18.7615 -0.0572314 -0.00314577 0.0819431 
qwerty 237 226 0 0.737376 -5.38724 2.51261 20.5 -0.0578569 0.022163 0.0784945 
qwerty 237 226 0 0.737376 -5.88477 2.70319 21.175 -0.0578569 0.022163 0.0784945 
qwerty 237 226 0 0.737376 -6.3823 2.89378 21.85 -0.0578569 0.022163 0.0784945 
qwerty 237 226 0 0.737376 -6.87983 3.08437 22.525 -0.0578569 0.022163 0.0784945 
qwerty 237 226 0 0.737376 -7.37736 3.27495 23.2 -0.0578569 0.022163 0.0784945 
qwerty 237 226 0 0.737376 -7.8749 3.46554 23.875 -0.0578569 0.022163 0.0784945 
qwerty 237 226 0 0.737376 -8.37243 3.65613 24.55 -0.0578569 0.022163 0.0784945 
qwerty 237 226 0 0.737376 -8.75 3.80076 25.0623 -0.0578569 0.022163 0.0784945 
qwerty 237 226 0 0.737376 -8.86996 3.84671 25.225 -0.0578569 0.022163 0.0784945 
qwerty 237 226 0 0.737376 -9.36749 4.0373 25.9 -0.0578569 0.022163 0.0784945 
qwerty 237 226 0 0.721651 -9.82813 4.35951 26.575 -0.0517287 0.0383062 0.0765296 
qwerty 237 226 0 0.719051 -10.1229 4.57776 27.011 -0.0457765 0.0417605 0.0784894 
qwerty 237 226 0 0.719051 -10.2622 4.7049 27.25 -0.0457765 0.0417605 0.0784894 
qwerty 237 226 0 0.719051 -10.6559 5.06404 27.925 -0.0457765 0.0417605 0.0784894 
qwerty 237 226 0 0.719051 -11.0496 5.42317 28.6 -0.0457765 0.0417605 0.0784894 
qwerty 237 226 0 0.719051 -11.25 5.60602 28.9437 -0.0457765 0.0417605 0.0784894 
qwerty 237 226 0 0.719051 -11.4432 5.78231 29.275 -0.0457765 0.0417605 0.0784894 
qwerty 237 226 0 0.671001 -12.0739 6.04137 29.95 -0.069618 0.0234198 0.067859 
qwerty 237 226 0 0.671001 -12.7664 6.27433 30.625 -0.069618 0.0234198 0.067859 
qwerty 237 226 0 0.671001 -13.4589 6.50729 31.3 -0.069618 0.0234198 0.067859 
qwerty 237 226 0 0.671001 -13.75 6.60522 31.5837 -0.069618 0.0234198 0.067859 
qwerty 237 226 0 0.671001 -14.1514 6.74025 31.975 -0.069618 0.0234198 0.067859 
qwerty 237 226 0 0.671001 -14.8439 6.97321 32.65 -0.069618 0.0234198 0.067859 
qwerty 237 226 0 0.671001 -15.5364 7.20617 33.325 -0.069618 0.0234198 0.067859 
qwerty 247 237 0.00259973 0 -10.1229 4.57775 27.011 -0.0855337 -0.0461968 -0.0234488 
qwerty 235 226 0 1.5354 -6.25741 2.57921 20.5 -0.0904651 0.0192793 0.038005 
qwerty 235 226 0 0.458244 -7.73119 2.89329 21.1191 -0.0569144 -0.0703963 -0.0424866 
qwerty 235 226 0 0.458244 -8.32615 2.15739 20.675 -0.0569144 -0.0703963 -0.0424866 
qwerty 235 226 0 0.458244 -9.05977 1.25 20.1274 -0.0569144 -0.0703963 -0.0424866 
qwerty 235 226 0 0.458244 -9.23037 1.03898 20 -0.0569144 -0.0703963 -0.0424866 
qwerty 235 226 0 0.458244 -10.1346 -0.079431 19.325 -0.0569144 -0.0703963 -0.0424866 
qwerty 235 226 0 0.204459 -10.7035 0.531986 19.825 -0.0534849 0.0658779 0.05291 
qwerty 251 235 0.149773 0.927387 -7.80671 2.93753 21.1731 -0.0612901 0.0373658 0.0696227 
qwerty 251 235 0.00298068 0.924406 -7.80838 2.93855 21.175 -0.0595981 0.0452874 0.0663108 
qwerty 251 235 0.0424954 0.606715 -7.78843 2.93583 21.1723 0.0650528 -0.0547354 0.0526514 
qwerty 251 235 0.0110268 0.595689 -7.78507 2.933 21.175 0.0594871 -0.0598034 0.0537108 
qwerty 251 235 0.0359951 0.528308 -7.79576 2.92325 21.1629 -0.0832062 -0.0478914 -0.0279847 
qwerty 251 235 0.0303344 0.497974 -7.81021 2.9123 21.1546 -0.0926938 -0.0369916 -0.00628302 
qwerty 251 235 0.0431535 0.45482 -7.82984 2.90779 21.1512 -0.0967424 -0.0250127 0.00390661 
qwerty 251 235 0.0354892 0.419331 -7.85006 2.90138 21.1483 -0.0911414 -0.0400543 0.00942846 
qwerty 251 235 0.0403483 0.378983 -7.8699 2.89555 21.1547 -0.0777786 -0.0447505 0.0441348 
qwerty 251 235 0.0391223 0.339861 -7.88469 2.89163 21.1626 -0.0739896 -0.0549084 0.0388664 
qwerty 251 235 0.0486191 0.291241 -7.8969 2.87968 21.1693 -0.0856993 -0.0420864 0.0297382 
qwerty 251 235 0.0326092 0.258632 -7.91011 2.87464 21.1739 -0.0831037 -0.0505563 0.0231914 
qwerty 251 235 0.0117584 0.246874 -7.91413 2.8722 21.175 -0.0748774 -0.0450413 0.0486277 
qwerty 251 235 0.00288627 0.138261 -7.91577 2.86966 21.1742 -0.0451394 -0.0678877 -0.0579111 
qwerty 251 235 0.00277789 0.135483 -7.91627 2.86892 21.1734 -0.0492884 -0.0740276 -0.0457227 
qwerty 251 235 0.0255198 0.109963 -7.91676 2.86778 21.1729 -0.0327618 -0.0843127 -0.0426384 
qwerty 251 235 0.00335454 0.106608 -7.91728 2.86678 21.1724 -0.0328283 -0.0673105 -0.0662692 
qwerty 251 235 0.00489878 0.10171 -7.91739 2.86563 21.1712 -0.0146002 -0.0190637 -0.0970743 
qwerty 251 235 0.00660533 0.0951042 -7.91753 2.8647 21.1694 -0.019297 -0.0486443 -0.0852136 
qwerty 251 235 0.0132979 0.0818063 -7.91889 2.86444 21.1659 0.00561444 -0.0565065 -0.0823134 
qwerty 251 235 0.0391443 0.042662 -7.91932 2.86201 21.1628 -0.00555898 0.00105792 -0.0998398 
qwerty 251 235 0.042662 0 -7.91942 2.86203 21.161 -0.00555898 0.00105792 -0.0998398 
qwerty 233 226 0 17.3798 -3.75 2.28043 19.4215 -0.0461665 0.0415916 0.0783505 
qwerty 233 226 0 17.3798 -3.98774 2.49462 19.825 -0.0461665 0.0415916 0.0783505 
qwerty 254 233 0.481227 3.9733 -4.05713 2.60295 20.2784 -0.00380585 0.00160925 0.0999146 
qwerty 254 233 0.308332 3.66497 -4.06557 2.60652 20.5 -0.00701179 -0.00629544 0.099555 
qwerty 261 254 0 0.503663 -6.25 2.44119 20.8064 -0.0989987 -0.00776565 0.0117876 
qwerty 261 254 0 0.503663 -8.75 2.24508 21.1041 -0.0989987 -0.00776565 0.0117876 
qwerty 261 254 0 0.503663 -9.3455 2.19837 21.175 -0.0989987 -0.00776565 0.0117876 
qwerty 258 254 0 0.0755493 -4.0626 2.61529 20.5 -0.00246355 0.00556078 0.0998149 
qwerty 257 254 0 7.99449 -4.44343 2.74752 20.5 -0.0555869 0.0258968 0.0789902 
qwerty 257 254 0 7.99449 -4.91844 2.96881 21.175 -0.0555869 0.0258968 0.0789902 
qwerty 257 254 0 7.99449 -5.39345 3.19011 21.85 -0.0555869 0.0258968 0.0789902 
qwerty 257 254 0 7.99449 -5.86846 3.41141 22.525 -0.0555869 0.0258968 0.0789902 
qwerty 257 254 0 7.99449 -6.34347 3.63271 23.2 -0.0555869 0.0258968 0.0789902 
qwerty 257 254 0 7.99449 -6.81848 3.854 23.875 -0.0555869 0.0258968 0.0789902 
qwerty 257 254 0 7.99449 -7.29349 4.0753 24.55 -0.0555869 0.0258968 0.0789902 
qwerty 257 254 0 7.99449 -7.7685 4.2966 25.225 -0.0555869 0.0258968 0.0789902 
qwerty 257 254 0 7.99449 -8.24351 4.5179 25.9 -0.0555869 0.0258968 0.0789902 
qwerty 257 254 0 7.99449 -8.71852 4.73919 26.575 -0.0555869 0.0258968 0.0789902 
qwerty 257 254 0 7.99449 -9.19353 4.96049 27.25 -0.0555869 0.0258968 0.0789902 
qwerty 256 254 0 0.613057 -4.42142 2.89402 20.5 -0.0489532 0.0453666 0.0744678 
qwerty 256 254 0 0.613057 -4.86515 3.30523 21.175 -0.0489532 0.0453666 0.0744678 
qwerty 256 254 0 0.613057 -5.30887 3.71645 21.85 -0.0489532 0.0453666 0.0744678 
qwerty 256 254 0 0.613057 -5.7526 4.12767 22.525 -0.0489532 0.0453666 0.0744678 
qwerty 256 254 0 0.613057 -6.19633 4.53888 23.2 -0.0489532 0.0453666 0.0744678 
qwerty 256 254 0 0.613057 -6.64005 4.9501 23.875 -0.0489532 0.0453666 0.0744678 
qwerty 256 254 0 0.51512 -7.63662 6.25 24.4586 -0.0573261 0.0768111 0.0285267 
qwerty 256 254 0 0.342724 -7.70994 6.34824 24.4951 -0.0381613 0.0621537 -0.0684151 
qwerty 256 254 0 0.342724 -7.95821 6.7526 24.05 -0.0381613 0.0621537 -0.0684151 
qwerty 256 254 0 0.342724 -8.44865 7.09898 23.375 -0.0586476 0.0296148 -0.0753884 
qwerty 269 256 0.172396 0 -7.71725 6.35636 24.512 -0.036254 0.0402524 0.0840559 
qwerty 232 226 0 3.84297 -3.75 2.30604 19.587 -0.0250876 0.0276357 0.0927733 
qwerty 232 226 0 3.84297 -3.81437 2.37695 19.825 -0.0250876 0.0276357 0.0927733 
qwerty 232 226 0 3.84297 -3.9969 2.57802 20.5 -0.0250876 0.0276357 0.0927733 
qwerty 232 226 0 1.8071 -3.89839 3.09579 21.175 0.0141742 0.0623196 0.0769114 
qwerty 232 226 0 1.8071 -3.77399 3.64273 21.85 0.0141742 0.0623196 0.0769114 
qwerty 232 226 0 1.8071 -3.64959 4.18967 22.525 0.0141742 0.0623196 0.0769114 
qwerty 232 226 0 1.8071 -3.5252 4.73661 23.2 0.0141742 0.0623196 0.0769114 
qwerty 232 226 0 1.8071 -3.4008 5.28354 23.875 0.0141742 0.0623196 0.0769114 
qwerty 232 226 0 1.8071 -3.2764 5.83048 24.55 0.0141742 0.0623196 0.0769114 
qwerty 232 226 0 1.8071 -3.152 6.37742 25.225 0.0141742 0.0623196 0.0769114 
qwerty 232 226 0 1.64987 -3.19778 6.97157 25.9 -0.00853527 0.0663757 0.0743062 
qwerty 232 226 0 1.64987 -3.27531 7.57453 26.575 -0.00853527 0.0663757 0.0743062 
qwerty 232 226 0 0.867994 -3.18169 7.65807 27.25 0.017461 0.000644905 0.0984616 
qwerty 232 226 0 0.867994 -3.06198 7.6625 27.925 0.017461 0.000644905 0.0984616 
qwerty 232 226 0 0.867994 -2.94228 7.66692 28.6 0.017461 0.000644905 0.0984616 
qwerty 232 226 0 0.867994 -2.82258 7.67134 29.275 0.017461 0.000644905 0.0984616 
qwerty 232 226 0 0.413342 -3.35725 8.75 29.8647 -0.040479 0.0809936 0.0424438 
qwerty 232 226 0 0.413342 -3.43865 8.91287 29.95 -0.040479 0.0809936 0.0424438 
qwerty 231 226 0 1.69045 -3.75 2.30002 19.6456 -0.0225007 0.023478 0.0945648 
qwerty 231 226 0 1.69045 -3.79269 2.34456 19.825 -0.0225007 0.023478 0.0945648 
qwerty 231 226 0 1.69045 -3.9533 2.51215 20.5 -0.0225007 0.023478 0.0945648 
qwerty 231 226 0 1.69045 -4.1139 2.67973 21.175 -0.0225007 0.023478 0.0945648 
qwerty 231 226 0 1.69045 -4.27451 2.84732 21.85 -0.0225007 0.023478 0.0945648 
qwerty 231 226 0 1.69045 -4.43512 3.0149 22.525 -0.0225007 0.023478 0.0945648 
qwerty 231 226 0 1.69045 -4.59573 3.18249 23.2 -0.0225007 0.023478 0.0945648 
qwerty 231 226 0 1.69045 -4.75634 3.35008 23.875 -0.0225007 0.023478 0.0945648 
qwerty 231 226 0 1.69045 -4.91695 3.51766 24.55 -0.0225007 0.023478 0.0945648 
qwerty 231 226 0 1.69045 -5.07756 3.68525 25.225 -0.0225007 0.023478 0.0945648 
qwerty 231 226 0 1.69045 -5.13962 3.75 25.4858 -0.0225007 0.023478 0.0945648 
qwerty 231 226 0 1.69045 -5.23817 3.85283 25.9 -0.0225007 0.023478 0.0945648 
qwerty 231 226 0 1.69045 -5.39878 4.02042 26.575 -0.0225007 0.023478 0.0945648 
qwerty 231 226 0 1.69045 -5.55938 4.188 27.25 -0.0225007 0.023478 0.0945648 
qwerty 231 226 0 1.69045 -5.71999 4.35559 27.925 -0.0225007 0.023478 0.0945648 
qwerty 231 226 0 1.69045 -5.8806 4.52317 28.6 -0.0225007 0.023478 0.0945648 
qwerty 231 226 0 1.69045 -6.04121 4.69076 29.275 -0.0225007 0.023478 0.0945648 
qwerty 231 226 0 1.69045 -6.20182 4.85834 29.95 -0.0225007 0.023478 0.0945648 
qwerty 231 226 0 1.69045 -6.25 4.90861 30.1525 -0.0225007 0.023478 0.0945648 
qwerty 231 226 0 1.69045 -6.36243 5.02593 30.625 -0.0225007 0.023478 0.0945648 
qwerty 231 226 0 1.69045 -6.52304 5.19351 31.3 -0.0225007 0.023478 0.0945648 
qwerty 229 226 0 18.2441 -3.65056 2.18396 19.15 -0.0206129 0.0266378 0.094157 
qwerty 229 226 0 18.2441 -3.75 2.31247 19.6042 -0.0206129 0.0266378 0.094157 
qwerty 229 226 0 18.2441 -3.79833 2.37492 19.825 -0.0206129 0.0266378 0.094157 
qwerty 229 226 0 18.2441 -3.9461 2.56588 20.5 -0.0206129 0.0266378 0.094157 
qwerty 229 226 0 18.2441 -4.09387 2.75685 21.175 -0.0206129 0.0266378 0.094157 
qwerty 229 226 0 18.2441 -4.24164 2.94781 21.85 -0.0206129 0.0266378 0.094157 
qwerty 229 226 0 18.2441 -4.38941 3.13877 22.525 -0.0206129 0.0266378 0.094157 
qwerty 229 226 0 18.2441 -4.53719 3.32974 23.2 -0.0206129 0.0266378 0.094157 
qwerty 229 226 0 18.2441 -4.68496 3.5207 23.875 -0.0206129 0.0266378 0.094157 
qwerty 229 226 0 18.2441 -4.83273 3.71166 24.55 -0.0206129 0.0266378 0.094157 
qwerty 229 226 0 18.2441 -4.9805 3.90262 25.225 -0.0206129 0.0266378 0.094157 
qwerty 229 226 0 18.2441 -5.12827 4.09359 25.9 -0.0206129 0.0266378 0.094157 
qwerty 229 226 0 18.2441 -5.27604 4.28455 26.575 -0.0206129 0.0266378 0.094157 
qwerty 229 226 0 18.2441 -5.42382 4.47551 27.25 -0.0206129 0.0266378 0.094157 
qwerty 229 226 0 18.2441 -5.57159 4.66648 27.925 -0.0206129 0.0266378 0.094157 
qwerty 283 279 0 2.47541 -4.42054 6.48317 28.1 0.0464713 0.0863068 -0.0197877 
qwerty 284 283 0 0.12981 -5.77067 6.58102 28.6 -0.0929783 0.00213022 0.0367492 
qwerty 278 229 0 15.3068 -3.23666 4.14545 28.6 0.0942872 -0.0214234 0.025514 
qwerty 278 229 0 15.3068 -1.25 3.69406 29.1376 0.0942872 -0.0214234 0.025514 
qwerty 278 229 0 15.3068 -0.742185 3.57867 29.275 0.0942872 -0.0214234 0.025514 
qwerty 278 229 0 15.3068 1.75229 3.01189 29.95 0.0942872 -0.0214234 0.025514 
qwerty 286 278 1.99902 5.50008 3.03378 2.69496 29.5587 0.0825067 -0.0128472 -0.0550236 
qwerty 286 278 0.126803 5.30962 3.10311 2.67931 29.5143 0.081485 -0.0124206 -0.0566209 
qwerty 286 278 0.265268 5.04435 3.1957 2.6652 29.45 0.078985 -0.0156566 -0.0592979 
qwerty 289 286 0 0.576737 3.75 2.37901 29.148 0.0797277 -0.0414994 -0.0438325 
qwerty 289 286 0 0.347528 3.80681 2.34944 29.1167 0.0557018 -0.0569691 0.0604304 
qwerty 289 286 0 0.347528 3.95269 2.20024 29.275 0.0557018 -0.0569691 0.0604304 
qwerty 290 289 0.0909024 0.138307 3.82887 2.3478 29.0979 -0.0848616 0.00625461 -0.0525299 
qwerty 290 289 0.138307 0 3.817 2.34868 29.0905 -0.0848616 0.00625461 -0.0525299 
qwerty 288 286 0 0.0636579 3.20458 2.66314 29.45 0.0836985 -0.0133436 -0.0530707 
qwerty 228 226 0 5.3911 -3.69184 2.16585 19.15 -0.0274952 0.023497 0.0932304 
qwerty 228 226 0 5.3911 -3.75 2.21555 19.3472 -0.0274952 0.023497 0.0932304 
qwerty 228 226 0 5.3911 -3.8909 2.33597 19.825 -0.0274952 0.023497 0.0932304 
qwerty 228 226 0 5.3911 -4.08997 2.50609 20.5 -0.0274952 0.023497 0.0932304 
qwerty 228 226 0 5.3911 -4.28904 2.67621 21.175 -0.0274952 0.023497 0.0932304 
qwerty 228 226 0 5.3911 -4.48811 2.84633 21.85 -0.0274952 0.023497 0.0932304 
qwerty 228 226 0 0.253171 -4.68258 3.01252 22.5094 0.0610406 -0.00976482 -0.0786047 
qwerty 228 226 0 0.253171 -4.30642 2.95234 22.025 0.0610406 -0.00976482 -0.0786047 
qwerty 293 228 0.0264007 5.11153 -4.68746 3.01638 22.525 -0.0298355 0.0284303 0.0911129 
qwerty 293 228 0.456045 1.02761 -4.71368 3.20906 22.2928 -0.00305362 -0.0290481 -0.0956393 
qwerty 293 228 0.369262 0.658353 -4.79439 3.18099 22.0998 -0.0644147 -0.0614981 -0.0454834 
qwerty 293 228 0.467008 0.191344 -4.87689 3.08827 22.0469 0.036974 -0.0899483 -0.0232857 
qwerty 293 228 0.191344 0 -4.86804 3.06675 22.0413 0.036974 -0.0899483 -0.0232857 
qwerty 296 293 0 1.04262 -5.63638 2.23916 22.1079 -0.0546894 -0.0635123 -0.0545459 
qwerty 296 293 0 1.04262 -5.71949 2.14265 22.025 -0.0546894 -0.0635123 -0.0545459 
qwerty 297 296 0.0690713 0 -5.63964 2.2388 22.1106 -0.0767621 -0.00864089 0.0635053 
qwerty 208 106 0 1.18775 -2.67738 1.43522 15.775 -0.0190508 0.00150794 0.098157 
qwerty 208 106 0 1.18775 -2.80839 1.44559 16.45 -0.0190508 0.00150794 0.098157 
qwerty 208 106 0 1.18775 -2.9394 1.45596 17.125 -0.0190508 0.00150794 0.098157 
qwerty 208 106 0 1.18775 -3.0704 1.46633 17.8 -0.0190508 0.00150794 0.098157 
qwerty 208 106 0 1.18775 -3.20141 1.4767 18.475 -0.0190508 0.00150794 0.098157 
qwerty 208 106 0 1.18775 -3.33242 1.48707 19.15 -0.0190508 0.00150794 0.098157 
qwerty 208 106 0 0.282968 -3.45467 1.49675 19.7799 -0.0818814 0.018213 -0.0544401 
qwerty 208 106 0 0.282968 -3.75 1.56244 19.5836 -0.0818814 0.018213 -0.0544401 
qwerty 208 106 0 0.282968 -4.13889 1.64894 19.325 -0.0818814 0.018213 -0.0544401 
qwerty 301 208 0.0704674 0.834314 -3.45449 1.4956 19.825 -0.0213484 0.00488544 0.0975724 
qwerty 301 208 0.036908 0.561005 -3.43736 1.49713 19.8078 0.0203528 0.0427462 -0.0880825 
qwerty 301 208 0.0329099 0.528095 -3.43024 1.50907 19.7921 0.0680137 0.0210449 -0.0702229 
qwerty 301 208 0.0329722 0.495123 -3.41744 1.50996 19.7724 0.0687625 -0.01974 -0.0698716 
qwerty 301 208 0.0765037 0.418619 -3.39455 1.51506 19.746 0.0920054 0.0228993 -0.0317902 
qwerty 301 208 0.0783528 0.340266 -3.36133 1.51132 19.7232 0.0890447 -0.000194535 -0.0455084 
qwerty 301 208 0.107406 0.232861 -3.32667 1.48333 19.6969 0.0848858 -0.0103558 -0.0518379 
qwerty 301 208 0.232861 0 -3.2988 1.47993 19.6799 0.0848858 -0.0103558 -0.0518379 
qwerty 207 106 0 1.00298 -2.54361 1.42066 15.1 -0.0171314 0.00122715 0.098514 
qwerty 207 106 0 1.00298 -2.66099 1.42907 15.775 -0.0171314 0.00122715 0.098514 
qwerty 207 106 0 1.00298 -2.77837 1.43748 16.45 -0.0171314 0.00122715 0.098514 
qwerty 207 106 0 1.00298 -2.89575 1.44589 17.125 -0.0171314 0.00122715 0.098514 
qwerty 207 106 0 1.00298 -3.01314 1.4543 17.8 -0.0171314 0.00122715 0.098514 
qwerty 207 106 0 1.00298 -3.19197 1.67017 18.475 -0.0253909 0.0335994 0.0906994 
qwerty 207 106 0 1.00298 -3.38094 1.92022 19.15 -0.0253909 0.0335994 0.0906994 
qwerty 207 106 0 1.00298 -3.5699 2.17027 19.825 -0.0253909 0.0335994 0.0906994 
qwerty 207 106 0 0.334801 -3.75 2.22555 19.8228 -0.0919519 0.0187556 -0.0345411 
qwerty 207 106 0 0.334801 -5.07508 2.49583 19.325 -0.0919519 0.0187556 -0.0345411 
qwerty 207 106 0 0.304275 -6.40812 2.76773 18.8243 -0.0767608 0.0637917 -0.00619561 
qwerty 207 106 0 0.304275 -7.59008 3.75 18.7289 -0.0767608 0.0637917 -0.00619561 
qwerty 207 106 0 0.304275 -8.56704 4.5619 18.65 -0.0767608 0.0637917 -0.00619561 
qwerty 304 207 0.0305266 0 -6.40853 2.767 18.8237 -0.0414465 -0.073255 -0.053999 
qwerty 206 106 0 0.153202 -2.51678 1.41967 15.1 -0.0120406 0.00107541 0.0992667 
qwerty 205 106 0 12.2044 -2.57049 1.40092 15.1 -0.0206274 -0.00243738 0.0978191 
qwerty 205 106 0 12.2044 -2.71283 1.3841 15.775 -0.0206274 -0.00243738 0.0978191 
qwerty 205 106 0 12.2044 -2.85517 1.36728 16.45 -0.0206274 -0.00243738 0.0978191 
qwerty 205 106 0 12.2044 -2.9975 1.35046 17.125 -0.0206274 -0.00243738 0.0978191 
qwerty 312 307 0 0.216243 -3.11016 1.74487 17.8 -0.0107737 0.0623354 0.0774482 
qwerty 310 307 0 0.314756 -3.21601 1.25 17.3012 -0.088559 -0.043609 0.0159861 
qwerty 310 307 0 0.314756 -5.97945 -0.110794 17.8 -0.088559 -0.043609 0.0159861 
qwerty 202 200 0 0.0221343 10.7259 -8.75 8.27783 0.0166793 -0.0786186 0.0595055 
qwerty 202 200 0 0.0221343 10.7461 -8.84535 8.35 0.0166793 -0.0786186 0.0595055 
qwerty 201 116 0 0.935505 13.75 -9.5786 7.22282 0.0798337 0.0249432 -0.0548126 
qwerty 201 116 0 0.935505 13.8196 -9.55684 7.175 0.0798337 0.0249432 -0.0548126 
qwerty 201 116 0 0.935505 14.8028 -9.24967 6.5 0.0798337 0.0249432 -0.0548126 
qwerty 201 116 0 0.935505 15.7859 -8.9425 5.825 0.0798337 0.0249432 -0.0548126 
qwerty 201 116 0 0.935505 16.402 -8.75 5.40197 0.0798337 0.0249432 -0.0548126 
qwerty 201 116 0 0.935505 16.769 -8.63534 5.15 0.0798337 0.0249432 -0.0548126 
qwerty 201 116 0 0.935505 17.7522 -8.32817 4.475 0.0798337 0.0249432 -0.0548126 
qwerty 201 116 0 0.531504 18.2566 -6.86961 3.8 0.0204025 0.0912524 -0.0354505 
qwerty 201 116 0 0.43312 18.5347 -6.25 3.8907 0.0441832 0.0858667 0.0259761 
qwerty 201 116 0 0.43312 19.2309 -4.897 4.3 0.0441832 0.0858667 0.0259761 
qwerty 196 120 0 0.325542 2.3489 -1.14421 2.275 0.0230446 -0.0327305 0.0916388 
qwerty 196 120 0 0.325542 2.42339 -1.25 2.5712 0.0230446 -0.0327305 0.0916388 
qwerty 196 120 0 0.325542 2.51864 -1.3853 2.95 0.0230446 -0.0327305 0.0916388 
qwerty 196 120 0 0.325542 2.68839 -1.62639 3.625 0.0230446 -0.0327305 0.0916388 
qwerty 194 130 0 0.301275 -2.61325 2.38003 19.325 0.0830815 0.0135706 -0.0539751 
qwerty 193 130 0 0.593278 -4.24635 3.75 20.1075 -0.0799275 0.0523633 0.0294902 
qwerty 193 130 0 0.481082 -5.07295 4.29153 20.4125 -0.0374448 0.0523561 0.0765293 
qwerty 193 130 0 0.481082 -5.11576 4.35139 20.5 -0.0374448 0.0523561 0.0765293 
qwerty 193 130 0 0.481082 -5.44603 4.81318 21.175 -0.0374448 0.0523561 0.0765293 
qwerty 193 130 0 0.481082 -5.7763 5.27496 21.85 -0.0374448 0.0523561 0.0765293 
qwerty 193 130 0 0.481082 -6.10657 5.73675 22.525 -0.0374448 0.0523561 0.0765293 
qwerty 193 130 0 0.481082 -6.43684 6.19854 23.2 -0.0374448 0.0523561 0.0765293 
qwerty 193 130 0 0.481082 -6.7671 6.66033 23.875 -0.0374448 0.0523561 0.0765293 
qwerty 193 130 0 0.481082 -7.09386 7.11872 24.55 -0.0371271 0.0521156 0.0768475 
qwerty 193 130 0 0.300388 -7.39725 7.5446 25.178 0.0593594 -0.00668896 0.080198 
qwerty 193 130 0 0.300388 -7.36245 7.54067 25.225 0.0593594 -0.00668896 0.080198 
qwerty 193 130 0 0.300388 -6.86284 7.48437 25.9 0.0593594 -0.00668896 0.080198 
qwerty 193 130 0 0.300388 -6.36323 7.42808 26.575 0.0593594 -0.00668896 0.080198 
qwerty 193 130 0 0.300388 -5.86363 7.37178 27.25 0.0593594 -0.00668896 0.080198 
qwerty 193 130 0 0.300388 -5.36402 7.31548 27.925 0.0593594 -0.00668896 0.080198 
qwerty 335 193 0.180694 0 -7.41394 7.55725 25.184 -0.0765636 0.0580923 0.0276279 
qwerty 334 193 0.112196 0 -5.08105 4.29315 20.4072 -0.0824313 0.0164789 -0.0541621 
qwerty 192 130 0 8.76305 -3.51846 1.81411 20.5 -0.00607766 -0.0534676 0.0842869 
qwerty 337 192 0.854133 4.6736 -3.44074 1.49668 21.175 0.0600744 -0.0253773 0.0758094 
qwerty 337 192 0.4155 1.40313 -3.48707 1.62714 20.9994 0.00112411 0.0987658 -0.0156225 
qwerty 337 192 0.443857 0.959268 -3.54444 1.88166 21.0225 -0.0707007 0.070714 -0.000970091 
qwerty 337 192 0.412131 0.547137 -3.69567 1.99214 21.031 -0.069351 0.0720402 0.000801942 
qwerty 337 192 0.159634 0.387503 -3.75 2.04858 21.0316 -0.0777893 0.0409865 -0.0476332 
qwerty 337 192 0.0156029 0.371901 -3.75574 2.05327 21.0268 -0.063828 0.0709387 -0.0298945 
qwerty 337 192 0.0211806 0.35072 -3.7595 2.05963 21.0242 -0.0458142 0.076652 -0.0450059 
qwerty 337 192 0.0328487 0.317871 -3.76269 2.06547 21.0186 -0.0468707 0.0767658 -0.0437053 
qwerty 337 192 0.0321538 0.285717 -3.76851 2.07142 21.0133 -0.0802333 0.0525694 -0.0282677 
qwerty 337 192 0.0265033 0.259214 -3.77521 2.07888 21.0117 -0.0348927 0.0762746 -0.0544489 
qwerty 337 192 0.0448362 0.214378 -3.78131 2.08848 21.0032 -0.0666814 0.0739955 -0.00884669 
qwerty 337 192 0.0680518 0.146326 -3.79611 2.0979 21.0069 -0.0969865 0.0201911 0.0136356 
qwerty 337 192 0.146326 0 -3.81102 2.10101 21.009 -0.0969865 0.0201911 0.0136356 
qwerty 340 337 0.327609 0.0512049 -3.42836 1.64963 20.9692 -0.0215163 -0.0445863 -0.0868856 
qwerty 340 337 0.0512049 0 -3.4289 1.64851 20.967 -0.0215163 -0.0445863 -0.0868856 
qwerty 339 337 0 0.47175 -3.75 1.7721 20.7532 -0.0864758 0.012828 0.0485529 
qwerty 339 337 0 0.47175 -4.50132 1.88355 21.175 -0.0864758 0.012828 0.0485529 
qwerty 339 337 0 0.47175 -5.70353 2.06189 21.85 -0.0864758 0.012828 0.0485529 
qwerty 191 130 0 0.454272 -3.46759 1.84119 20.5 0.000389048 -0.0504292 0.0863524 
qwerty 191 130 0 0.454272 -3.46455 1.447 21.175 0.000389048 -0.0504292 0.0863524 
qwerty 191 130 0 0.454272 -3.46303 1.25 21.5123 0.000389048 -0.0504292 0.0863524 
qwerty 191 130 0 0.454272 -3.46151 1.0528 21.85 0.000389048 -0.0504292 0.0863524 
qwerty 191 130 0 0.454272 -3.45847 0.658608 22.525 0.000389048 -0.0504292 0.0863524 
qwerty 191 130 0 0.454272 -3.45543 0.264413 23.2 0.000389048 -0.0504292 0.0863524 
qwerty 191 130 0 0.355168 -2.64982 -1.20083 23.875 0.0478742 -0.0820082 0.0313482 
qwerty 188 130 0 0.149145 -3.53419 2.67677 19.825 -0.0231924 0.0504659 0.0831583 
qwerty 188 130 0 0.149145 -3.72244 3.0864 20.5 -0.0231924 0.0504659 0.0831583 
qwerty 188 130 0 0.149145 -3.9107 3.49603 21.175 -0.0231924 0.0504659 0.0831583 
qwerty 187 130 0 0.785774 -3.29916 2.20873 19.15 -0.0239918 0.0186335 0.0952743 
qwerty 187 130 0 0.785774 -3.46914 2.34074 19.825 -0.0239918 0.0186335 0.0952743 
qwerty 186 130 0 0.585964 -3.23703 2.13604 19.15 -0.0136015 0.00629388 0.0988706 
qwerty 186 130 0 0.585964 -3.32989 2.17901 19.825 -0.0136015 0.00629388 0.0988706 
qwerty 186 130 0 0.585964 -3.42275 2.22198 20.5 -0.0136015 0.00629388 0.0988706 
qwerty 186 130 0 0.585553 -3.48122 2.24904 20.925 -0.0118423 0.0032941 0.0992417 
qwerty 186 130 0 0.585553 -3.51105 2.25733 21.175 -0.0118423 0.0032941 0.0992417 
qwerty 186 130 0 0.585553 -3.5916 2.27974 21.85 -0.0118423 0.0032941 0.0992417 
qwerty 186 130 0 0.585553 -3.67214 2.30214 22.525 -0.0118423 0.0032941 0.0992417 
qwerty 186 130 0 0.585553 -3.75269 2.32455 23.2 -0.0118423 0.0032941 0.0992417 
qwerty 186 130 0 0.585553 -3.83324 2.34695 23.875 -0.0118423 0.0032941 0.0992417 
qwerty 186 130 0 0.585553 -3.91378 2.36936 24.55 -0.0118423 0.0032941 0.0992417 
qwerty 186 130 0 0.585553 -3.99433 2.39176 25.225 -0.0118423 0.0032941 0.0992417 
qwerty 350 186 0.000410633 0 -3.48122 2.24904 20.925 -0.0505462 0.0858528 -0.00862414 
qwerty 185 139 0 0.337446 3.62558 -4.2647 1.775 0.0291378 -0.0935618 -0.0199295 
qwerty 185 139 0 0.139985 3.70625 -4.68878 2.0989 -0.0778442 0.0168077 -0.0604796 
qwerty 185 139 0 0.139985 3.28935 -4.59877 1.775 -0.0778442 0.0168077 -0.0604796 
qwerty 354 185 0.11367 0 3.70998 -4.69414 2.10654 0.0371474 -0.0533088 0.0760147 
qwerty 183 142 1.756e-05 0 4.64715 -2.25204 2.55424 -0.0233385 -0.071788 -0.0655881 
qwerty 357 183 0.00386991 0 4.64718 -2.25204 2.55423 0.0947163 -0.0135453 -0.0290748 
qwerty 181 58 0 0.510999 -3.0095 5.11388 19.825 0.0373451 -0.0185469 0.090892 
qwerty 181 58 0 0.26274 -1.55718 5.04874 19.325 0.0941529 -0.00405527 -0.0334483 
qwerty 180 58 0 0.510999 -3.49227 5.35365 18.65 -0.0373451 0.0185469 -0.090892 
qwerty 180 58 0 0.510999 -3.75 5.48164 18.0227 -0.0373451 0.0185469 -0.090892 
qwerty 180 58 0 0.510999 -3.76961 5.49138 17.975 -0.0373451 0.0185469 -0.090892 
qwerty 180 58 0 0.510999 -4.04695 5.62912 17.3 -0.0373451 0.0185469 -0.090892 
qwerty 180 58 0 0.510999 -4.32429 5.76686 16.625 -0.0373451 0.0185469 -0.090892 
qwerty 180 58 0 0.510999 -4.60163 5.90459 15.95 -0.0373451 0.0185469 -0.090892 
qwerty 180 58 0 0.450197 -4.92631 5.74476 15.275 -0.0425999 -0.0327422 -0.0843397 
qwerty 180 58 0 0.450197 -5.26725 5.48271 14.6 -0.0425999 -0.0327422 -0.0843397 
qwerty 180 58 0 0.450197 -5.6082 5.22066 13.925 -0.0425999 -0.0327422 -0.0843397 
qwerty 178 60 0 0.510999 -1.36424 6.21224 20.5 0.0516198 0.0418029 0.0747524 
qwerty 178 60 0 0.339332 -1.26221 6.04159 21.175 8.90616e-05 -0.0431924 0.090191 
qwerty 177 60 0 5.3705 -1.36391 6.25 20.3993 0.0557675 0.0505943 0.0658043 
qwerty 177 60 0 5.3705 -1.27856 6.32743 20.5 0.0557675 0.0505943 0.0658043 
qwerty 177 60 0 5.3705 -0.706518 6.84641 21.175 0.0557675 0.0505943 0.0658043 
qwerty 177 60 0 5.3705 -0.134472 7.36539 21.85 0.0557675 0.0505943 0.0658043 
qwerty 177 60 0 0.262286 -0.113398 6.74934 22.525 0.0098938 -0.0700027 0.0707229 
qwerty 177 60 0 0.190926 -0.249801 6.48978 23.2 -0.0160395 -0.0169131 0.0972455 
qwerty 372 367 0 0.404605 -0.91443 6.01315 21.8292 0.0114876 -0.0992257 -0.00472163 
qwerty 372 367 0 0.404605 -0.652418 3.75 21.7215 0.0114876 -0.0992257 -0.00472163 
qwerty 372 367 0 0.404605 -0.362986 1.25 21.6025 0.0114876 -0.0992257 -0.00472163 
qwerty 372 367 0 0.404605 -0.0735544 -1.25 21.4835 0.0114876 -0.0992257 -0.00472163 
qwerty 372 367 0 0.404605 0.215878 -3.75 21.3646 0.0114876 -0.0992257 -0.00472163 
qwerty 372 367 0 0.30926 0.235622 -3.92055 21.3565 0.0195697 -0.0628555 0.0752743 
qwerty 372 367 0 0.30926 0.363929 -4.33265 21.85 0.0195697 -0.0628555 0.0752743 
qwerty 374 372 0.0126923 0.0826531 0.234414 -3.92256 21.3539 -0.0124767 -0.0787537 -0.0603506 
qwerty 374 372 0.00982838 0.0728248 0.233908 -3.9238 21.3517 0.00837918 -0.0458927 -0.0884514 
qwerty 374 372 0.00381385 0.0690109 0.233967 -3.92402 21.3509 -0.0135329 -0.0183173 -0.0973722 
qwerty 374 372 0.00364897 0.0653619 0.233868 -3.92432 21.3502 0.0308603 -0.039414 -0.0865689 
qwerty 374 372 0.000744216 0.0646177 0.233939 -3.92441 21.35 0.0433241 -0.0363509 -0.082472 
qwerty 374 372 0.000911376 0.0415169 0.233796 -3.92426 21.3501 0.0868347 0.0289739 0.0402522 
qwerty 374 372 0.00139195 0.0401249 0.233927 -3.9242 21.3501 0.0859983 0.0205789 0.046699 
qwerty 374 372 0.00142911 0.0386958 0.234061 -3.92416 21.3502 0.0577508 0.00485255 0.0814942 
qwerty 374 372 0.000548262 0.0381475 0.234147 -3.92414 21.3504 0.0434614 0.00944178 0.0895654 
qwerty 374 372 0.00240426 0.0357433 0.234251 -3.92408 21.3506 0.0561364 0.0284264 0.0777216 
qwerty 374 372 0.0030936 0.0326497 0.234423 -3.92394 21.3508 0.0188056 -0.00168101 0.0982014 
qwerty 374 372 0.00275413 0.0298956 0.234378 -3.92393 21.3513 0.0412143 0.0389657 0.0823593 
qwerty 374 372 0.0074611 0.0224345 0.234757 -3.92322 21.3516 0.0953664 0.0149472 -0.0261119 
qwerty 374 372 0.0224345 0 0.235307 -3.92314 21.3515 0.0953664 0.0149472 -0.0261119 
qwerty 373 372 0.0802732 0 -0.919922 6.01294 21.8286 -0.0994773 -0.00391642 -0.00943052 
qwerty 176 60 0 0.422366 -1.7245 6.25 20.2023 0.00154636 0.0815603 0.0578405 
qwerty 176 60 0 0.422366 -1.71654 6.66979 20.5 0.00154636 0.0815603 0.0578405 
qwerty 176 60 0 0.422366 -1.6985 7.6216 21.175 0.00154636 0.0815603 0.0578405 
qwerty 176 60 0 0.1718 -1.25 7.33096 20.7427 0.0585637 -0.049123 -0.0644766 
qwerty 176 60 0 0.1718 -1.1885 7.27938 20.675 0.0585637 -0.049123 -0.0644766 
qwerty 175 77 0 0.510999 -5.2425 1.12833 23.375 -0.0429079 0.0185065 -0.0884105 
qwerty 175 77 0 0.510999 -5.5246 1.25 22.7937 -0.0429079 0.0185065 -0.0884105 
qwerty 175 77 0 0.510999 -5.57009 1.26962 22.7 -0.0429079 0.0185065 -0.0884105 
qwerty 174 77 0 0.510999 -4.67224 0.882372 24.55 0.0429079 -0.0185065 0.0884105 
qwerty 174 77 0 0.510999 -4.34465 0.741078 25.225 0.0429079 -0.0185065 0.0884105 
qwerty 174 77 0 0.510999 -4.01705 0.599784 25.9 0.0429079 -0.0185065 0.0884105 
qwerty 174 77 0 0.510999 -3.75 0.484602 26.4503 0.0429079 -0.0185065 0.0884105 
qwerty 174 77 0 0.510999 -3.68946 0.45849 26.575 0.0429079 -0.0185065 0.0884105 
qwerty 174 77 0 0.510999 -3.36186 0.317196 27.25 0.0429079 -0.0185065 0.0884105 
qwerty 174 77 0 0.510999 -3.03427 0.175902 27.925 0.0429079 -0.0185065 0.0884105 
qwerty 174 77 0 0.510999 -2.70667 0.0346082 28.6 0.0429079 -0.0185065 0.0884105 
qwerty 174 77 0 0.510999 -2.37908 -0.106686 29.275 0.0429079 -0.0185065 0.0884105 
qwerty 174 77 0 0.510999 -2.05148 -0.24798 29.95 0.0429079 -0.0185065 0.0884105 
qwerty 173 107 0 0.510999 -2.9128 1.25 14.9009 -0.0502285 -0.0107143 -0.0858039 
qwerty 173 107 0 0.510999 -3.08897 1.21242 14.6 -0.0502285 -0.0107143 -0.0858039 
qwerty 173 107 0 0.510999 -3.48411 1.12813 13.925 -0.0502285 -0.0107143 -0.0858039 
qwerty 173 107 0 0.510999 -3.87925 1.04385 13.25 -0.0502285 -0.0107143 -0.0858039 
qwerty 173 107 0 0.510999 -4.27438 0.959561 12.575 -0.0502285 -0.0107143 -0.0858039 
qwerty 172 107 0 0.510999 -2.40114 1.35914 15.775 0.0502285 0.0107143 0.0858039 
qwerty 172 107 0 0.510999 -1.63433 0.455658 15.275 0.0556376 -0.070291 -0.0443128 
qwerty 172 107 0 0.451966 -1.22179 -0.0655346 14.9464 0.0458139 -0.0888588 0.00228097 
qwerty 172 107 0 0.451966 -0.611104 -1.25 14.9768 0.0458139 -0.0888588 0.00228097 
qwerty 172 107 0 0.451966 0.677848 -3.75 15.041 0.0458139 -0.0888588 0.00228097 
qwerty 172 107 0 0.451966 1.8627 -6.04808 15.1 0.0458139 -0.0888588 0.00228097 
qwerty 383 172 0.0590325 0 -1.22081 -0.0649928 14.9434 0.0305775 0.0167943 -0.0937175 
qwerty 170 107 0 7.64627 -3.42529 1.19437 15.775 -0.0717886 -0.0111914 0.0687106 
qwerty 170 107 0 7.64627 -4.13053 1.08442 16.45 -0.0717886 -0.0111914 0.0687106 
qwerty 170 107 0 7.64627 -4.83577 0.974481 17.125 -0.0717886 -0.0111914 0.0687106 
qwerty 170 107 0 7.64627 -5.54101 0.864539 17.8 -0.0717886 -0.0111914 0.0687106 
qwerty 170 107 0 7.64627 -6.24625 0.754597 18.475 -0.0717886 -0.0111914 0.0687106 
qwerty 170 107 0 7.64627 -6.95149 0.644655 19.15 -0.0717886 -0.0111914 0.0687106 
qwerty 170 107 0 7.64627 -7.65672 0.534713 19.825 -0.0717886 -0.0111914 0.0687106 
qwerty 170 107 0 7.64627 -8.36196 0.424771 20.5 -0.0717886 -0.0111914 0.0687106 
qwerty 170 107 0 7.64627 -8.75 0.364279 20.8714 -0.0717886 -0.0111914 0.0687106 
qwerty 170 107 0 7.64627 -9.0672 0.314829 21.175 -0.0717886 -0.0111914 0.0687106 
qwerty 386 170 0.0200018 0.396878 -9.18871 0.370916 21.172 -0.052365 0.0779859 -0.0342944 
qwerty 386 170 0.0190352 0.377843 -9.19269 0.378759 21.1668 -0.044919 0.0846871 -0.0284671 
qwerty 386 170 0.0140208 0.363822 -9.19553 0.386919 21.1642 -0.0137481 0.0869277 -0.0474823 
qwerty 386 170 0.0216091 0.342213 -9.19565 0.39607 21.1581 -0.00143205 0.0810995 -0.0584878 
qwerty 386 170 0.0192912 0.322922 -9.19704 0.403238 21.1515 -0.00695298 0.0506367 -0.085951 
qwerty 386 170 0.0273224 0.2956 -9.20024 0.412132 21.1417 0.0148586 0.0662562 -0.0734121 
qwerty 386 170 0.041622 0.253978 -9.19374 0.424653 21.1328 0.0348136 0.0822274 -0.0450185 
qwerty 386 170 0.0472941 0.206684 -9.1812 0.445112 21.1326 0.0978196 0.0189818 -0.00842735 
qwerty 386 170 0.0636433 0.14304 -9.16001 0.437292 21.1368 -0.00450381 0.000813171 0.0998952 
qwerty 386 170 0.14304 0 -9.16067 0.437412 21.1516 -0.00450381 0.000813171 0.0998952 
qwerty 169 107 0 1.6855 -2.70122 1.29271 15.1 -0.042933 -0.0144219 0.0891558 
qwerty 169 107 0 1.6855 -3.02627 1.18353 15.775 -0.042933 -0.0144219 0.0891558 
qwerty 169 107 0 1.6855 -3.35132 1.07434 16.45 -0.042933 -0.0144219 0.0891558 
qwerty 169 107 0 1.6855 -3.67636 0.965148 17.125 -0.042933 -0.0144219 0.0891558 
qwerty 169 107 0 1.6855 -4.00141 0.855959 17.8 -0.042933 -0.0144219 0.0891558 
qwerty 169 107 0 0.762903 -4.34629 -0.212063 18.475 -0.0236656 -0.0856971 0.0457815 
qwerty 169 107 0 0.762903 -4.63292 -1.25 19.0295 -0.0236656 -0.0856971 0.0457815 
qwerty 169 107 0 0.762903 -4.69522 -1.47558 19.15 -0.0236656 -0.0856971 0.0457815 
qwerty 169 107 0 0.350569 -4.65013 -2.1355 18.65 0.0106443 -0.0669651 -0.0735008 
qwerty 169 107 0 0.350569 -4.55238 -2.75048 17.975 0.0106443 -0.0669651 -0.0735008 
qwerty 168 107 0 0.802269 -2.67517 1.25 14.9871 -0.0466525 -0.0265259 0.0843796 
qwerty 168 107 0 0.802269 -2.73758 1.21452 15.1 -0.0466525 -0.0265259 0.0843796 
qwerty 168 107 0 0.802269 -3.11078 1.00232 15.775 -0.0466525 -0.0265259 0.0843796 
qwerty 168 107 0 0.802269 -3.48398 0.790125 16.45 -0.0466525 -0.0265259 0.0843796 
qwerty 168 107 0 0.802269 -3.75 0.63887 16.9311 -0.0466525 -0.0265259 0.0843796 
qwerty 168 107 0 0.802269 -3.85718 0.577929 17.125 -0.0466525 -0.0265259 0.0843796 
qwerty 168 107 0 0.802269 -4.23038 0.365734 17.8 -0.0466525 -0.0265259 0.0843796 
qwerty 168 107 0 0.802269 -4.60358 0.153538 18.475 -0.0466525 -0.0265259 0.0843796 
qwerty 168 107 0 0.802269 -4.97678 -0.0586569 19.15 -0.0466525 -0.0265259 0.0843796 
qwerty 168 107 0 0.802269 -5.34998 -0.270852 19.825 -0.0466525 -0.0265259 0.0843796 
qwerty 168 107 0 0.802269 -5.72318 -0.483048 20.5 -0.0466525 -0.0265259 0.0843796 
qwerty 168 107 0 0.802269 -6.09638 -0.695243 21.175 -0.0466525 -0.0265259 0.0843796 
qwerty 168 107 0 0.802269 -6.46958 -0.907438 21.85 -0.0466525 -0.0265259 0.0843796 
qwerty 168 107 0 0.802269 -6.84278 -1.11963 22.525 -0.0466525 -0.0265259 0.0843796 
qwerty 168 107 0 0.802269 -7.07206 -1.25 22.9397 -0.0466525 -0.0265259 0.0843796 
qwerty 168 107 0 0.802269 -7.21598 -1.33183 23.2 -0.0466525 -0.0265259 0.0843796 
qwerty 168 107 0 0.802269 -7.58918 -1.54402 23.875 -0.0466525 -0.0265259 0.0843796 
qwerty 168 107 0 0.603183 -8.02625 -2.4282 24.55 -0.0336748 -0.0798676 0.0498716 
qwerty 168 107 0 0.603183 -8.48203 -3.50918 25.225 -0.0336748 -0.0798676 0.0498716 
qwerty 166 109 0 0.378147 -3.75 1.26382 18.1072 -0.0852313 -0.0316105 0.0416701 
qwerty 166 109 0 0.378147 -4.50235 0.984787 18.475 -0.0852313 -0.0316105 0.0416701 
qwerty 165 109 0 0.510999 -1.25 1.94903 18.4511 0.0933176 0.0222427 0.0282327 
qwerty 165 109 0 0.510999 -1.17102 1.96786 18.475 0.0933176 0.0222427 0.0282327 
qwerty 164 112 0 0.510999 -0.169982 3.75 14.6809 0.0724032 0.0684832 -0.00823582 
qwerty 164 112 0 0.510999 0.541293 4.42277 14.6 0.0724032 0.0684832 -0.00823582 
qwerty 164 112 0 0.416374 2.27952 5.07139 15.1 0.0911488 0.020742 0.0355201 
qwerty 163 112 0 0.510999 -2.81308 1.25 14.9816 -0.0724032 -0.0684832 0.00823582 
qwerty 163 112 0 0.437087 -3.5002 0.600079 15.0597 -0.0218395 -0.0964664 0.0147403 
qwerty 163 112 0 0.437087 -3.55989 0.336457 15.1 -0.0218395 -0.0964664 0.0147403 
qwerty 402 163 0.0739123 0 -3.50482 0.601284 15.0593 -0.0964563 0.0251902 -0.0078504 
qwerty 162 114 0 0.510999 -2.72631 1.4777 15.775 0.00777778 0.0107482 0.099116 
qwerty 162 114 0 0.510999 -2.67334 1.5509 16.45 0.00777778 0.0107482 0.099116 
qwerty 162 114 0 0.510999 -2.62037 1.6241 17.125 0.00777778 0.0107482 0.099116 
qwerty 162 114 0 0.510999 -2.5674 1.6973 17.8 0.00777778 0.0107482 0.099116 
qwerty 161 114 0 0.510999 -2.76554 1.42348 15.275 -0.00777778 -0.0107482 -0.099116 
qwerty 161 114 0 0.426821 -2.98958 1.25 14.9337 -0.0550827 -0.0420155 -0.0721152 
qwerty 161 114 0 0.426821 -3.24446 1.05558 14.6 -0.0550827 -0.0420155 -0.0721152 
qwerty 161 114 0 0.426821 -3.75 0.66997 13.9381 -0.0550827 -0.0420155 -0.0721152 
qwerty 161 114 0 0.426821 -3.76004 0.662315 13.925 -0.0550827 -0.0420155 -0.0721152 
qwerty 161 114 0 0.426821 -4.27561 0.269049 13.25 -0.0550827 -0.0420155 -0.0721152 
qwerty 160 117 0 0.510999 11.6727 -8.75 8.21011 -0.00504038 -0.034999 -0.0935396 
qwerty 160 117 0 0.510999 11.6533 -8.88474 7.85 -0.00504038 -0.034999 -0.0935396 
qwerty 160 117 0 0.510999 11.6169 -9.1373 7.175 -0.00504038 -0.034999 -0.0935396 
qwerty 160 117 0 0.510999 11.6071 -9.42155 6.5 -0.00113687 -0.0390026 -0.0920734 
qwerty 160 117 0 0.510999 11.5988 -9.70748 5.825 -0.00113687 -0.0390026 -0.0920734 
qwerty 160 117 0 0.510999 11.5905 -9.99341 5.15 -0.00113687 -0.0390026 -0.0920734 
qwerty 160 117 0 0.510999 11.5821 -10.2793 4.475 -0.00113687 -0.0390026 -0.0920734 
qwerty 160 117 0 0.249199 11.5744 -10.5454 3.84689 -0.0740644 -0.0593279 0.0315382 
qwerty 160 117 0 0.249199 10.6948 -11.25 4.22144 -0.0740644 -0.0593279 0.0315382 
qwerty 160 117 0 0.249199 10.5103 -11.3978 4.3 -0.0740644 -0.0593279 0.0315382 
qwerty 407 160 0.0490182 0.212782 11.5724 -10.543 3.82486 0.0438751 -0.0216223 -0.0872207 
qwerty 407 160 0.0381613 0.174621 11.5762 -10.5407 3.81282 0.078254 0.0411832 -0.0466933 
qwerty 407 160 0.0216566 0.152964 11.5808 -10.5383 3.807 0.00721531 0.0773667 -0.062947 
qwerty 407 160 0.0109141 0.14205 11.5815 -10.5357 3.80524 0.0462272 0.0748127 -0.0476037 
qwerty 407 160 0.046232 0.0958181 11.5841 -10.5327 3.80361 0.0373015 0.0877028 -0.0302789 
qwerty 407 160 0.0143424 0.0814757 11.584 -10.5295 3.80257 0.040784 0.0750855 -0.0519502 
qwerty 407 160 0.0233302 0.0581455 11.5859 -10.5275 3.80122 0.0415737 0.0219644 -0.0882564 
qwerty 407 160 0.00855884 0.0495867 11.5865 -10.5272 3.8 -0.0905923 0.0250654 0.0341287 
qwerty 407 160 0.000329531 0.0492571 11.5863 -10.5271 3.80005 -0.0848065 0.0252094 0.0466084 
qwerty 407 160 0.0038296 0.0454275 11.5861 -10.527 3.80014 -0.0856051 0.0239428 0.0458096 
qwerty 407 160 0.000617223 0.0448103 11.586 -10.527 3.80025 -0.0804882 7.80983e-05 0.0593435 
qwerty 407 160 0.0012336 0.0435767 11.5858 -10.527 3.80044 -0.0862838 0.00247031 0.0504876 
qwerty 407 160 0.00205535 0.0415214 11.5856 -10.527 3.80057 -0.0794694 -0.0195293 0.0574736 
qwerty 407 160 0.00134525 0.0401761 11.5853 -10.527 3.80076 -0.0630774 -0.0176239 0.0755688 
qwerty 407 160 0.00213761 0.0380385 11.5851 -10.527 3.8011 -0.0633101 -0.00870135 0.0769163 
qwerty 407 160 0.00275605 0.0352825 11.5848 -10.527 3.80164 -0.0287398 0.0338202 0.0896115 
qwerty 407 160 0.0138046 0.0214779 11.5842 -10.5269 3.80232 0.00415002 0.01335 0.0990179 
qwerty 407 160 0.0214779 0 11.5842 -10.5268 3.80285 0.00415002 0.01335 0.0990179 
qwerty 159 117 0 0.510999 11.7166 -8.4451 9.025 0.00504038 0.034999 0.0935396 
qwerty 159 117 0 0.510999 11.7529 -8.19254 9.7 0.00504038 0.034999 0.0935396 
qwerty 159 117 0 0.348669 11.7663 -8.09971 9.94809 -0.0617707 0.0709518 0.033915 
qwerty 159 117 0 0.348669 11.25 -7.50666 10.2316 -0.0617707 0.0709518 0.033915 
qwerty 159 117 0 0.348669 10.9888 -7.2066 10.375 -0.0617707 0.0709518 0.033915 
qwerty 409 159 0.16233 0 11.7764 -8.10257 9.96308 0.0549944 -0.0156323 0.0820442 
qwerty 158 117 0 0.308878 11.6201 -8.75 8.23431 -0.0320033 -0.0415993 -0.0851193 
qwerty 158 117 0 0.308878 11.4756 -8.93782 7.85 -0.0320033 -0.0415993 -0.0851193 
qwerty 156 131 0 10.3942 -3.70035 1.95782 19.825 -0.0426392 -0.0232142 0.0874242 
qwerty 156 131 0 10.3942 -4.02957 1.77858 20.5 -0.0426392 -0.0232142 0.0874242 
qwerty 156 131 0 10.3942 -4.35878 1.59935 21.175 -0.0426392 -0.0232142 0.0874242 
qwerty 156 131 0 10.3942 -4.688 1.42011 21.85 -0.0426392 -0.0232142 0.0874242 
qwerty 156 131 0 0.799761 -4.77617 1.37211 22.0308 0.0335513 0.0535464 0.0775055 
qwerty 156 131 0 0.799761 -4.56223 1.71355 22.525 0.0335513 0.0535464 0.0775055 
qwerty 156 131 0 0.799761 -4.27003 2.17988 23.2 0.0335513 0.0535464 0.0775055 
qwerty 156 131 0 0.799761 -3.97783 2.64622 23.875 0.0335513 0.0535464 0.0775055 
qwerty 156 131 0 0.799761 -3.68563 3.11256 24.55 0.0335513 0.0535464 0.0775055 
qwerty 414 156 0.975827 8.61866 -5.05052 1.20627 22.525 -0.0569039 -0.0329806 0.0753274 
qwerty 419 414 0 0.528602 -4.92857 1.11487 23.2 0.0324248 0.0114403 0.0939029 
qwerty 418 414 0 0.385441 -4.86636 1.25 23.0594 0.0488268 0.0397413 0.0776954 
qwerty 418 414 0 0.385441 -4.778 1.32192 23.2 0.0488268 0.0397413 0.0776954 
qwerty 418 414 0 0.385441 -4.3538 1.66718 23.875 0.0488268 0.0397413 0.0776954 
qwerty 417 414 0 0.953912 -5.13459 1.25 22.9229 -0.00935528 0.0478356 0.0873169 
qwerty 417 414 0 0.953912 -5.16428 1.40179 23.2 -0.00935528 0.0478356 0.0873169 
qwerty 417 414 0 0.646509 -5.13575 1.28317 23.875 0.00498733 -0.021326 0.0975722 
qwerty 417 414 0 0.646509 -5.10124 1.13564 24.55 0.00498733 -0.021326 0.0975722 
qwerty 417 414 0 0.555562 -5.40092 1.07289 25.225 -0.0433401 -0.00746943 0.08981 
qwerty 417 414 0 0.555562 -5.72666 1.01675 25.9 -0.0433401 -0.00746943 0.08981 
qwerty 417 414 0 0.555562 -6.0524 0.960613 26.575 -0.0433401 -0.00746943 0.08981 
qwerty 416 414 0 0.656049 -6.63508 -0.689904 22.8738 -0.0124708 -0.0991164 0.00451872 
qwerty 416 414 0 0.656049 -6.70555 -1.25 22.8993 -0.0124708 -0.0991164 0.00451872 
qwerty 416 414 0 0.656049 -7.0201 -3.75 23.0133 -0.0124708 -0.0991164 0.00451872 
qwerty 416 414 0 0.656049 -7.33464 -6.25 23.1272 -0.0124708 -0.0991164 0.00451872 
qwerty 416 414 0 0.648578 -7.38207 -6.62693 23.1444 -0.00541754 -0.0996173 -0.00685851 
qwerty 416 414 0 0.648578 -7.49753 -8.75 22.9983 -0.00541754 -0.0996173 -0.00685851 
qwerty 416 414 0 0.648578 -7.63349 -11.25 22.8261 -0.00541754 -0.0996173 -0.00685851 
qwerty 416 414 0 0.648578 -7.73312 -13.0821 22.7 -0.00541754 -0.0996173 -0.00685851 
qwerty 428 416 0.00747081 0 -7.38211 -6.62693 23.1445 -0.0532249 -0.00473892 0.0845261 
qwerty 427 416 0.166773 0 -6.65387 -0.688986 22.8771 -0.0983772 0.00481073 0.0172852 
qwerty 155 131 0 0.293478 -3.16615 2.84038 18.65 0.0240408 0.0778236 -0.0580132 
qwerty 154 131 0 5.39337 -3.21961 2.16268 19.15 -0.00998756 0.0110212 0.0988877 
qwerty 154 131 0 5.39337 -3.28778 2.23791 19.825 -0.00998756 0.0110212 0.0988877 
qwerty 154 131 0 5.39337 -3.35596 2.31314 20.5 -0.00998756 0.0110212 0.0988877 
qwerty 154 131 0 5.39337 -3.42413 2.38837 21.175 -0.00998756 0.0110212 0.0988877 
qwerty 154 131 0 5.39337 -3.49231 2.4636 21.85 -0.00998756 0.0110212 0.0988877 
qwerty 431 154 0.533264 1.61909 -3.50672 2.50122 21.498 0.0947607 -0.0127283 0.0292983 
qwerty 431 154 0.454062 1.16503 -3.28683 2.38342 21.6751 0.0725393 -0.0635079 0.0265482 
qwerty 431 154 0.463553 0.701478 -3.16172 2.2483 21.8193 0.0337337 -0.062121 0.070732 
qwerty 431 154 0.075233 0.626245 -3.14709 2.22135 21.85 0.0131273 -0.0611878 0.0779982 
qwerty 431 154 0 0.328934 -3.14591 2.22162 21.85 -0.0109425 -0.0977485 0.0180415 
qwerty 431 154 0.00853529 0.314261 -3.14737 2.2153 21.85 -0.0120815 -0.0987594 0.0100311 
qwerty 431 154 0.00048412 0.313777 -3.14743 2.21487 21.85 -0.0102738 -0.0990107 0.00955699 
qwerty 431 154 0.00910177 0.284622 -3.14878 2.21693 21.8457 -0.0394828 0.0550578 -0.0735509 
qwerty 431 154 0.00701136 0.27761 -3.14994 2.22001 21.8423 -0.0146909 0.0553571 -0.0819742 
qwerty 431 154 0.0118042 0.265806 -3.1496 2.22298 21.838 -0.0209251 0.0520906 -0.0827569 
qwerty 431 154 0.0161685 0.249638 -3.15113 2.22569 21.8325 0.0036577 0.077363 -0.0632581 
qwerty 431 154 0.0197821 0.229856 -3.15286 2.23329 21.8262 -0.0256395 0.0710307 -0.0655534 
qwerty 431 154 0.0320705 0.197785 -3.16064 2.244 21.8211 -0.0380041 0.0870193 -0.0313582 
qwerty 431 154 0.0449908 0.152794 -3.17308 2.25401 21.8181 -0.0132806 -0.0988945 -0.00659604 
qwerty 431 154 0.0500996 0.102695 -3.17183 2.24076 21.8224 0.035595 -0.0884881 0.0300475 
qwerty 431 154 0.102695 0 -3.16882 2.23328 21.825 0.035595 -0.0884881 0.0300475 
qwerty 153 140 0 0.793745 1.96143 -0.859914 1.775 -0.0389167 -0.0276355 -0.0878736 
qwerty 153 140 0 0.793745 1.66249 -1.0722 1.1 -0.0389167 -0.0276355 -0.0878736 
qwerty 153 140 0 0.597758 1.33592 -0.81016 0.425 -0.040657 0.0371645 -0.0834614 
qwerty 153 140 0 0.597758 1.0071 -0.50959 -0.25 -0.040657 0.0371645 -0.0834614 
qwerty 152 140 0 1.15645 1.5013 -1.00171 2.275 -0.0793708 -0.0283571 0.0538159 
qwerty 152 140 0 1.02496 -0.0488647 -1.0501 2.95 -0.0921636 -0.00107481 0.0387907 
qwerty 152 140 0 1.02496 -1.25 -1.0641 3.45555 -0.0921636 -0.00107481 0.0387907 
qwerty 152 140 0 1.02496 -1.65261 -1.0688 3.625 -0.0921636 -0.00107481 0.0387907 
qwerty 152 140 0 1.02496 -3.25635 -1.0875 4.3 -0.0921636 -0.00107481 0.0387907 
qwerty 152 140 0 1.02496 -3.75 -1.09326 4.50777 -0.0921636 -0.00107481 0.0387907 
qwerty 152 140 0 1.02496 -4.8601 -1.10621 4.975 -0.0921636 -0.00107481 0.0387907 
qwerty 149 140 0 0.52558 3.75 -1.19482 2.16264 0.0818876 0.053793 -0.0200185 
qwerty 149 140 0 0.52558 5.33567 -0.153175 1.775 0.0818876 0.053793 -0.0200185 
qwerty 149 140 0 0.52558 7.47168 1.25 1.25282 0.0818876 0.053793 -0.0200185 
qwerty 149 140 0 0.52558 8.09683 1.66066 1.1 0.0818876 0.053793 -0.0200185 
qwerty 148 143 0 0.510999 4.29975 -2.39382 2.45 0.0214195 -0.0701204 -0.0680024 
qwerty 148 143 0 0.510999 4.51237 -3.08984 1.775 0.0214195 -0.0701204 -0.0680024 
qwerty 148 143 0 0.510999 4.71402 -3.75 1.13478 0.0214195 -0.0701204 -0.0680024 
qwerty 148 143 0 0.510999 4.72498 -3.78587 1.1 0.0214195 -0.0701204 -0.0680024 
qwerty 148 143 0 0.510999 4.93759 -4.48189 0.425 0.0214195 -0.0701204 -0.0680024 
qwerty 147 143 0 0.510999 3.92965 -1.18222 3.625 -0.0214195 0.0701204 0.0680024 
qwerty 147 143 0 0.510999 3.71704 -0.486198 4.3 -0.0214195 0.0701204 0.0680024 
qwerty 147 143 0 0.510999 3.50442 0.209825 4.975 -0.0214195 0.0701204 0.0680024 
qwerty 147 143 0 0.510999 3.29181 0.905849 5.65 -0.0214195 0.0701204 0.0680024 
qwerty 147 143 0 0.466211 3.49016 1.95837 6.325 0.0173353 0.0833883 0.0524011 
qwerty 146 143 0 0.231416 -0.0753416 -3.35723 2.59881 -0.0537229 0.0807682 -0.0242972 
qwerty 146 143 0 0.231416 -0.404376 -2.86256 2.45 -0.0537229 0.0807682 -0.0242972 
qwerty 443 146 0.119615 0 -0.0814014 -3.36632 2.59963 -0.0553256 -0.0829632 0.00749545 
qwerty 144 143 0 0.431594 4.37475 -1.71525 3.625 0.0262509 0.0133647 0.0955629 
qwerty 144 143 0 0.431594 4.56017 -1.62085 4.3 0.0262509 0.0133647 0.0955629 
qwerty 432 154 0 0.272623 -3.48658 2.46377 21.85 0.0826428 0.0562379 0.00273361 
qwerty 432 154 0.00691639 0.263307 -3.48351 2.46608 21.8497 0.0838348 0.0432455 -0.0331895 
qwerty 432 154 0.0111445 0.252162 -3.47933 2.46756 21.8485 0.0941415 0.0200495 -0.0271181 
qwerty 432 154 0.010761 0.241401 -3.47478 2.46939 21.8474 0.0719481 0.0498372 -0.0483707 
qwerty 432 154 0.00957273 0.231829 -3.47147 2.47192 21.846 0.0395014 0.0866741 -0.0304505 
qwerty 432 154 0.006124 0.225705 -3.47021 2.47516 21.8452 0.0183641 0.0982005 -0.0044079 
qwerty 432 154 0.0127205 0.212984 -3.47029 2.47916 21.8453 -0.00837934 0.0979347 -0.0184005 
qwerty 432 154 0.0085236 0.204461 -3.47014 2.48306 21.8453 -0.0130388 0.0912199 -0.0388448 
qwerty 432 154 0.0108665 0.193594 -3.4697 2.48722 21.8432 0.0197194 0.0971806 -0.0129255 
qwerty 432 154 0.0123987 0.181195 -3.46772 2.49134 21.8431 0.0528789 0.0760736 -0.037638 
qwerty 432 154 0.0092932 0.171902 -3.46621 2.49557 21.8419 0.0624899 0.0727149 -0.0284174 
qwerty 432 154 0.0129228 0.158979 -3.46244 2.49805 21.8406 0.0784313 0.046237 -0.0413604 
qwerty 432 154 0.0124897 0.14649 -3.4585 2.50155 21.8394 0.0298017 0.0876457 -0.0378165 
qwerty 432 154 0.0231602 0.123329 -3.45579 2.50682 21.8378 0.0607416 0.0793219 -0.00430038 
qwerty 432 154 0.0323261 0.0910033 -3.45066 2.51132 21.841 0.0412869 0.0788624 0.0455643 
qwerty 432 154 0.0179686 0.0730347 -3.44912 2.51546 21.8419 0.0220013 0.0913899 -0.0341148 
qwerty 432 154 0.0270367 0.045998 -3.44914 2.51946 21.842 0.00915954 0.0827613 0.0553775 
qwerty 432 154 0.045998 0 -3.44896 2.52113 21.8431 0.00915954 0.0827613 0.0553775 
qwerty 432 154 0 0 -3.44896 2.52113 21.8431 0.00915954 0.0827613 0.0553775 
qwerty 308 205 1.08599 5.92956 -2.95594 1.85659 17.8 0.0241098 0.0888579 0.0390255 
qwerty 227 209 0.747094 7.6432 -3.69099 2.03682 18.9281 -0.0340464 0.0057696 0.0938486 
qwerty 227 209 0.32794 7.31526 -3.77148 2.05046 19.15 -0.0244299 -0.00841508 0.0966042 
qwerty 227 209 0.80032 2.84309 -4.002 2.14578 19.7961 -0.0470795 0.0403919 0.0784348 
qwerty 227 209 0.0472498 2.79584 -4.01937 2.16068 19.825 -0.0203545 0.0258755 0.0944254 
qwerty 472 227 0 0.469918 -3.8095 1.9219 19.825 0.000552857 -0.0124159 0.0992247 
qwerty 472 227 0 0.469918 -3.80574 1.83744 20.5 0.000552857 -0.0124159 0.0992247 
qwerty 472 227 0 0.469918 -3.80198 1.75298 21.175 0.000552857 -0.0124159 0.0992247 
qwerty 472 227 0 0.469918 -3.79822 1.66852 21.85 0.000552857 -0.0124159 0.0992247 
qwerty 471 227 0 1.38918 -3.80325 2.08413 19.15 -0.0443497 0.0186924 0.0876567 
qwerty 471 227 0 1.38918 -4.14476 2.22807 19.825 -0.0443497 0.0186924 0.0876567 
qwerty 471 227 0 1.38918 -4.48628 2.37201 20.5 -0.0443497 0.0186924 0.0876567 
qwerty 471 227 0 1.38918 -4.82779 2.51595 21.175 -0.0443497 0.0186924 0.0876567 
qwerty 471 227 0 1.38918 -5.16931 2.65989 21.85 -0.0443497 0.0186924 0.0876567 
qwerty 471 227 0 1.38918 -5.51082 2.80383 22.525 -0.0443497 0.0186924 0.0876567 
qwerty 471 227 0 1.38918 -5.85234 2.94777 23.2 -0.0443497 0.0186924 0.0876567 
qwerty 471 227 0 1.38918 -6.19385 3.09171 23.875 -0.0443497 0.0186924 0.0876567 
qwerty 471 227 0 1.38918 -6.53537 3.23565 24.55 -0.0443497 0.0186924 0.0876567 
qwerty 471 227 0 1.38918 -6.87688 3.3796 25.225 -0.0443497 0.0186924 0.0876567 
qwerty 471 227 0 1.38918 -7.2184 3.52354 25.9 -0.0443497 0.0186924 0.0876567 
qwerty 471 227 0 1.38918 -7.55991 3.66748 26.575 -0.0443497 0.0186924 0.0876567 
qwerty 471 227 0 1.38918 -7.75571 3.75 26.962 -0.0443497 0.0186924 0.0876567 
qwerty 471 227 0 1.38918 -7.90143 3.81142 27.25 -0.0443497 0.0186924 0.0876567 
qwerty 471 227 0 1.38918 -8.24294 3.95536 27.925 -0.0443497 0.0186924 0.0876567 
qwerty 471 227 0 1.38918 -8.58446 4.0993 28.6 -0.0443497 0.0186924 0.0876567 
qwerty 471 227 0 1.38918 -8.75 4.16907 28.9272 -0.0443497 0.0186924 0.0876567 
qwerty 471 227 0 1.38918 -8.92597 4.24324 29.275 -0.0443497 0.0186924 0.0876567 
qwerty 471 227 0 1.38918 -9.26749 4.38718 29.95 -0.0443497 0.0186924 0.0876567 
qwerty 471 227 0 1.38918 -9.609 4.53112 30.625 -0.0443497 0.0186924 0.0876567 
qwerty 471 227 0 1.38918 -9.95052 4.67506 31.3 -0.0443497 0.0186924 0.0876567 
qwerty 471 227 0 1.38918 -10.292 4.819 31.975 -0.0443497 0.0186924 0.0876567 
qwerty 471 227 0 1.38918 -10.6335 4.96294 32.65 -0.0443497 0.0186924 0.0876567 
qwerty 471 227 0 1.38918 -10.9751 5.10688 33.325 -0.0443497 0.0186924 0.0876567 
qwerty 471 227 0 1.38918 -11.3166 5.25082 34 -0.0443497 0.0186924 0.0876567 
qwerty 471 227 0 1.38918 -11.6581 5.39477 34.675 -0.0443497 0.0186924 0.0876567 
qwerty 471 227 0 1.38918 -11.9996 5.53871 35.35 -0.0443497 0.0186924 0.0876567 
qwerty 471 227 0 1.38918 -12.3411 5.68265 36.025 -0.0443497 0.0186924 0.0876567 
qwerty 471 227 0 1.0171 -12.5921 5.78843 36.5211 -0.00735858 0.0548061 0.0833195 
qwerty 471 227 0 1.0171 -12.6079 5.90614 36.7 -0.00735858 0.0548061 0.0833195 
qwerty 471 227 0 1.0171 -12.6675 6.35014 37.375 -0.00735858 0.0548061 0.0833195 
qwerty 471 227 0 1.0171 -12.7271 6.79414 38.05 -0.00735858 0.0548061 0.0833195 
qwerty 471 227 0 1.0171 -12.7867 7.23815 38.725 -0.00735858 0.0548061 0.0833195 
qwerty 471 227 0 1.0171 -12.8464 7.68215 39.4 -0.00735858 0.0548061 0.0833195 
qwerty 471 227 0 1.0171 -12.906 8.12615 40.075 -0.00735858 0.0548061 0.0833195 
qwerty 480 471 0.335789 0.036295 -12.6432 5.76034 36.556 -0.0836099 0.0140906 -0.0530174 
qwerty 480 471 0.036295 0 -12.6443 5.76054 36.5553 -0.0836099 0.0140906 -0.0530174 
qwerty 468 267 0 0.510999 -9.98463 4.55233 27.925 -0.0723817 -0.0346325 0.0596781 
qwerty 468 267 0 0.474059 -10.7235 4.19882 28.5342 -0.0924498 -0.00934655 0.0369551 
qwerty 468 267 0 0.474059 -10.8882 4.18217 28.6 -0.0924498 -0.00934655 0.0369551 
qwerty 485 468 0.0108941 0.235956 -11.3233 4.13407 28.7756 -0.0687959 -0.0717845 0.0106822 
qwerty 485 468 0.00805159 0.227905 -11.3261 4.13201 28.7755 -0.0701451 -0.0692936 0.0166752 
qwerty 485 468 0.00799767 0.219907 -11.3286 4.13017 28.776 -0.0768473 -0.059846 0.0226482 
qwerty 485 468 0.0127402 0.207167 -11.3311 4.12817 28.7762 -0.0958632 -0.0280925 -0.00458965 
qwerty 485 468 0.00789956 0.199267 -11.3341 4.12657 28.7757 -0.0881264 -0.0345089 -0.0322935 
qwerty 485 468 0.00523696 0.19403 -11.3361 4.12578 28.775 -0.0798282 -0.0572863 -0.0185938 
qwerty 485 468 0.0076068 0.179489 -11.3367 4.12385 28.7768 0.0168852 -0.0571977 0.0802702 
qwerty 485 468 0.00693833 0.17255 -11.3362 4.12297 28.7787 0.00696013 -0.0568825 0.0819508 
qwerty 485 468 0.00639172 0.166158 -11.3359 4.12194 28.7804 0.0025127 -0.0654998 0.0755213 
qwerty 485 468 0.00844417 0.157714 -11.3354 4.11954 28.7825 0.00825339 -0.0905577 0.0416074 
qwerty 485 468 0.0110917 0.146623 -11.3357 4.11611 28.7842 0.0335261 -0.0915912 0.0220691 
qwerty 485 468 0.00992141 0.136701 -11.3352 4.11219 28.7858 -0.0151235 -0.096146 0.0229613 
qwerty 485 468 0.040461 0.0962402 -11.338 4.10685 28.7888 -0.0770227 -0.0636126 0.004577 
qwerty 485 468 0.0299226 0.0663176 -11.3425 4.10347 28.7914 -0.0916936 0.00609721 0.0394349 
qwerty 485 468 0.0663176 0 -11.3461 4.10371 28.7929 -0.0916936 0.00609721 0.0394349 
qwerty 484 468 0.0369396 0 -10.723 4.19788 28.5351 0.0345824 -0.0670763 0.0656111 
qwerty 467 267 0 0.510999 -8.55951 5.2342 26.75 0.0723817 0.0346325 -0.0596781 
qwerty 467 267 0 0.510999 -7.74082 5.62592 26.075 0.0723817 0.0346325 -0.0596781 
qwerty 467 267 0 0.510999 -6.92214 6.01764 25.4 0.0723817 0.0346325 -0.0596781 
qwerty 467 267 0 0.510999 -6.25 6.33923 24.8458 0.0723817 0.0346325 -0.0596781 
qwerty 467 267 0 0.510999 -6.10345 6.40935 24.725 0.0723817 0.0346325 -0.0596781 
qwerty 467 267 0 0.510999 -5.28476 6.80107 24.05 0.0723817 0.0346325 -0.0596781 
qwerty 467 267 0 0.510999 -4.46608 7.19279 23.375 0.0723817 0.0346325 -0.0596781 
qwerty 467 267 0 0.510999 -3.64739 7.5845 22.7 0.0723817 0.0346325 -0.0596781 
qwerty 467 267 0 0.510999 -2.8287 7.97622 22.025 0.0723817 0.0346325 -0.0596781 
qwerty 467 267 0 0.510999 -2.01002 8.36794 21.35 0.0723817 0.0346325 -0.0596781 
qwerty 467 267 0 0.235507 -2.17992 8.5789 20.7856 -0.0641248 0.076005 -0.010548 
qwerty 467 267 0 0.235507 -2.8525 9.3761 20.675 -0.0641248 0.076005 -0.010548 
qwerty 487 467 0.0503729 0 -2.17986 8.57783 20.7834 0.00234024 -0.0438511 -0.0898421 
qwerty 466 267 0 0.567575 -9.44578 4.20706 26.75 -0.0221632 -0.0765012 -0.0604678 
qwerty 466 267 0 0.567575 -9.69319 3.35308 26.075 -0.0221632 -0.0765012 -0.0604678 
qwerty 466 267 0 0.567575 -9.9406 2.4991 25.4 -0.0221632 -0.0765012 -0.0604678 
qwerty 466 267 0 0.567575 -10.188 1.64512 24.725 -0.0221632 -0.0765012 -0.0604678 
qwerty 465 267 0 0.95984 -7.92131 3.75 27.2178 0.0749557 -0.0659973 -0.00509831 
qwerty 465 267 0 0.717227 -6.21266 2.24556 27.1016 0.0699239 -0.0488512 0.0521939 
qwerty 465 267 0 0.717227 -6.01384 2.10666 27.25 0.0699239 -0.0488512 0.0521939 
qwerty 465 267 0 0.717227 -5.10955 1.47488 27.925 0.0699239 -0.0488512 0.0521939 
qwerty 465 267 0 0.717227 -4.78765 1.25 28.1653 0.0699239 -0.0488512 0.0521939 
qwerty 465 267 0 0.717227 -4.20525 0.843114 28.6 0.0699239 -0.0488512 0.0521939 
qwerty 465 267 0 0.717227 -3.75 0.525059 28.9398 0.0699239 -0.0488512 0.0521939 
qwerty 465 267 0 0.717227 -3.30096 0.211344 29.275 0.0699239 -0.0488512 0.0521939 
qwerty 491 465 0.242613 0 -6.19887 2.22765 27.0748 0.0393464 -0.0511088 -0.0764182 
qwerty 462 287 0 0.510999 3.66844 2.37187 29.45 0.0879063 -0.0366213 -0.0305184 
qwerty 462 287 0 0.510999 5.61273 1.56188 28.775 0.0879063 -0.0366213 -0.0305184 
qwerty 462 287 0 0.510999 6.36138 1.25 28.5151 0.0879063 -0.0366213 -0.0305184 
qwerty 462 287 0 0.510999 7.55702 0.751902 28.1 0.0879063 -0.0366213 -0.0305184 
qwerty 462 287 0 0.510999 8.75 0.254914 27.6858 0.0879063 -0.0366213 -0.0305184 
qwerty 462 287 0 0.510999 9.50132 -0.0580811 27.425 0.0879063 -0.0366213 -0.0305184 
qwerty 462 287 0 0.510999 11.4456 -0.868064 26.75 0.0879063 -0.0366213 -0.0305184 
qwerty 462 287 0 0.510999 13.3899 -1.67805 26.075 0.0879063 -0.0366213 -0.0305184 
qwerty 462 287 0 0.510999 15.3342 -2.48803 25.4 0.0879063 -0.0366213 -0.0305184 
qwerty 462 287 0 0.510999 16.25 -2.86955 25.0821 0.0879063 -0.0366213 -0.0305184 
qwerty 462 287 0 0.510999 17.2785 -3.29801 24.725 0.0879063 -0.0366213 -0.0305184 
qwerty 462 287 0 0.510999 18.3635 -3.75 24.3483 0.0879063 -0.0366213 -0.0305184 
qwerty 462 287 0 0.510999 19.2228 -4.10799 24.05 0.0879063 -0.0366213 -0.0305184 
qwerty 462 287 0 0.510999 21.1671 -4.91798 23.375 0.0879063 -0.0366213 -0.0305184 
qwerty 462 287 0 0.234938 21.0505 -5.44958 23.875 -0.0238745 -0.0676051 0.0697105 
qwerty 462 287 0 0.234938 20.8193 -6.10419 24.55 -0.0238745 -0.0676051 0.0697105 
qwerty 458 308 0 0.232501 -2.6981 1.80318 18.0774 0.00141003 0.0814903 0.0579426 
qwerty 458 308 0 0.232501 -2.68842 2.36238 18.475 0.00141003 0.0814903 0.0579426 
qwerty 500 458 0.278498 0 -2.67022 1.77 18.0817 0.0640194 -0.076179 0.00991396 
qwerty 457 308 0 0.282815 -2.35885 2.10808 18.475 0.0749399 0.0136262 0.0647945 
qwerty 457 308 0 0.282815 -1.57816 2.25004 19.15 0.0749399 0.0136262 0.0647945 
qwerty 456 308 0 0.179871 -2.66644 1.12108 18.475 0.0302767 -0.0773814 0.0556366 
qwerty 454 338 0 0.510999 -3.75 1.78821 20.7008 -0.0849406 0.00451443 0.0525806 
qwerty 454 338 0 0.510999 -4.51597 1.82892 21.175 -0.0849406 0.00451443 0.0525806 
qwerty 454 338 0 0.21508 -4.90151 1.84941 21.4137 0.0806917 0.0119576 0.0578434 
qwerty 454 338 0 0.21508 -4.2928 1.93962 21.85 0.0806917 0.0119576 0.0578434 
qwerty 507 454 0.13332 0.162599 -4.93588 1.85866 21.408 0.0365159 -0.0195365 -0.0910215 
qwerty 507 454 0.162599 0 -4.92919 1.85508 21.3913 0.0365159 -0.0195365 -0.0910215 
qwerty 453 338 0 0.499607 -2.7871 1.89601 20 0.0783139 0.0141559 -0.060552 
qwerty 453 338 0 0.499607 -1.9141 2.05382 19.325 0.0783139 0.0141559 -0.060552 
qwerty 453 338 0 0.499607 -1.0411 2.21162 18.65 0.0783139 0.0141559 -0.060552 
qwerty 453 338 0 0.499607 -0.168103 2.36942 17.975 0.0783139 0.0141559 -0.060552 
qwerty 453 338 0 0.499607 0.704898 2.52722 17.3 0.0783139 0.0141559 -0.060552 
qwerty 453 338 0 0.499607 1.25 2.62575 16.8785 0.0783139 0.0141559 -0.060552 
qwerty 453 338 0 0.499607 1.5779 2.68503 16.625 0.0783139 0.0141559 -0.060552 
qwerty 453 338 0 0.499607 2.4509 2.84283 15.95 0.0783139 0.0141559 -0.060552 
qwerty 453 338 0 0.499607 3.3239 3.00063 15.275 0.0783139 0.0141559 -0.060552 
qwerty 453 338 0 0.499607 4.1969 3.15843 14.6 0.0783139 0.0141559 -0.060552 
qwerty 452 387 0 0.510999 -9.07283 0.411586 21.85 0.0258603 0.00673997 0.096363 
qwerty 452 387 0 0.510999 -8.89169 0.458798 22.525 0.0258603 0.00673997 0.096363 
qwerty 451 387 0 0.510999 -9.38816 0.329403 20.675 -0.0258603 -0.00673997 -0.096363 
qwerty 451 387 0 0.510999 -9.5693 0.282191 20 -0.0258603 -0.00673997 -0.096363 
qwerty 451 387 0 0.510999 -9.75045 0.234979 19.325 -0.0258603 -0.00673997 -0.096363 
qwerty 451 387 0 0.320442 -9.07665 -0.0999935 18.65 0.0729863 -0.034065 -0.059267 
qwerty 450 432 0 0.510999 -4.14517 2.47021 21.35 -0.0814595 -0.00595733 -0.0576963 
qwerty 450 432 0 0.510999 -5.09818 2.40052 20.675 -0.0814595 -0.00595733 -0.0576963 
qwerty 450 432 0 0.510999 -6.05119 2.33082 20 -0.0814595 -0.00595733 -0.0576963 
qwerty 450 432 0 0.510999 -7.00421 2.26113 19.325 -0.0814595 -0.00595733 -0.0576963 
qwerty 449 432 0 0.510999 -3.43924 2.52184 21.85 0.0814595 0.00595733 0.0576963 
