qwerty 1 0 0 200 0 0 -0.249997 0 0 0.1 
qwerty 3 1 0 288.358 0.0428554 -0.058761 0.25 0.00848187 -0.0116299 0.0989586 
qwerty 3 1 0 288.358 0.10071 -0.138089 0.925 0.00848187 -0.0116299 0.0989586 
qwerty 3 1 0 288.358 0.158566 -0.217417 1.6 0.00848187 -0.0116299 0.0989586 
qwerty 3 1 0 288.358 0.216421 -0.296745 2.275 0.00848187 -0.0116299 0.0989586 
qwerty 3 1 0 288.358 0.274276 -0.376073 2.95 0.00848187 -0.0116299 0.0989586 
qwerty 3 1 0 288.358 0.332131 -0.4554 3.625 0.00848187 -0.0116299 0.0989586 
qwerty 3 1 0 288.358 0.389986 -0.534728 4.3 0.00848187 -0.0116299 0.0989586 
qwerty 3 1 0 288.358 0.447841 -0.614056 4.975 0.00848187 -0.0116299 0.0989586 
qwerty 3 1 0 288.358 0.505696 -0.693384 5.65 0.00848187 -0.0116299 0.0989586 
qwerty 3 1 0 288.358 0.563551 -0.772712 6.325 0.00848187 -0.0116299 0.0989586 
qwerty 3 1 0 288.358 0.621406 -0.85204 7 0.00848187 -0.0116299 0.0989586 
qwerty 3 1 0 288.358 0.679262 -0.931368 7.675 0.00848187 -0.0116299 0.0989586 
qwerty 3 1 0 288.358 0.737117 -1.0107 8.35 0.00848187 -0.0116299 0.0989586 
qwerty 2 1 0 46.6187 -0.576188 0.790038 0.25 -0.0524642 0.0719362 0.0455268 
qwerty 5 3 0.902326 178.393 0.789172 -1.0796 9.025 0.00716294 -0.0100477 0.0992358 
qwerty 5 3 0.153777 93.2191 0.802973 -1.1077 9.27788 0.00190039 -0.0150749 0.0988389 
qwerty 5 3 0.125533 92.6601 0.804269 -1.11864 9.34743 0.00255826 -0.01471 0.0988791 
qwerty 5 3 0.493989 90.5532 0.812387 -1.16772 9.68646 0.0015527 -0.015931 0.0987107 
qwerty 5 3 0.0239581 90.5292 0.8126 -1.1699 9.7 0.00180072 -0.0158668 0.0987168 
qwerty 5 3 0.85746 66.0298 0.860412 -1.36605 10.375 0.0104647 -0.0278832 0.0954621 
qwerty 5 3 0.799102 62.2759 0.929222 -1.67454 11.05 0.0102242 -0.0400275 0.0910674 
qwerty 5 3 0.65882 9.89608 0.628851 -1.64876 11.4882 -0.0706172 0.0247692 0.0663302 
qwerty 5 3 0.481391 8.94671 0.423124 -1.56874 11.655 -0.0593125 0.0468225 0.0654957 
qwerty 5 3 0.217578 8.72913 0.359699 -1.51867 11.725 -0.0575411 0.0429213 0.0696188 
qwerty 5 3 1.34138 4.40447 -0.410662 -1.27857 12.009 -0.0911275 0.0161297 0.0378895 
qwerty 5 3 0.232051 4.17242 -0.572079 -1.25 12.0761 -0.0888986 0.0224536 0.0399108 
qwerty 5 3 0.974386 3.19803 -1.08651 -1.18149 12.3704 -0.0841796 -0.0539536 -0.0016747 
qwerty 5 3 0.241209 2.95682 -1.19341 -1.25 12.3683 -0.0785587 -0.0603404 -0.0136954 
qwerty 5 3 0.315374 2.54599 -1.29228 -1.30669 12.3495 -0.0715571 -0.0437624 -0.0544466 
qwerty 5 3 0.225549 0 -1.37091 -1.36694 12.2676 -0.0473145 -0.0692803 -0.0544204 
qwerty 26 5 0.0664496 0.401536 0.390996 -1.58761 11.6602 -0.088087 -0.0464246 -0.0092429 
qwerty 26 5 0.116056 0.28548 0.357691 -1.5965 11.6584 -0.0805722 -0.0532194 -0.0259965 
qwerty 26 5 0.103261 0.182219 0.341386 -1.63039 11.651 0.0222359 -0.0548567 -0.0805996 
qwerty 26 5 0.182219 0 0.346298 -1.64251 11.6332 0.0222359 -0.0548567 -0.0805996 
qwerty 14 5 0.335439 0.0980693 0.755424 -1.18592 9.35133 -0.0766661 -0.0125266 -0.0629713 
qwerty 14 5 0.0980693 0 0.749441 -1.1869 9.34641 -0.0766661 -0.0125266 -0.0629713 
qwerty 6 2 1.4094 40.6273 -1.25 1.7537 0.711434 -0.0604866 0.0749337 0.0269501 
qwerty 6 2 0.47738 40.1432 -1.45534 2.0039 0.798375 -0.0587911 0.076368 0.0266745 
qwerty 6 2 0.813081 39.3302 -1.73443 2.36642 0.925 -0.0591121 0.0762894 0.0261856 
qwerty 6 2 0.780658 2.72319 -2.09726 3.11124 0.494429 -0.0374717 0.0733724 -0.0566777 
qwerty 6 2 0.16015 2.56304 -2.14316 3.20112 0.425 -0.0502481 0.072326 -0.0473716 
qwerty 6 2 0.712917 1.74818 -2.35141 3.39757 0.71906 -0.00937451 0.0619516 0.0779366 
qwerty 6 2 0.564465 1.18372 -2.37618 3.56127 0.925 -0.00446167 0.0980052 0.0193669 
qwerty 6 2 0.162658 0.975509 -2.38625 3.62199 0.836564 -0.0168066 0.074602 -0.0644367 
qwerty 6 2 0.198443 0.777066 -2.3614 3.70703 0.765097 0.0161975 0.0915036 -0.0369424 
qwerty 6 2 0.253099 0.523967 -2.39139 3.80665 0.695142 -0.00302274 0.0794455 -0.060657 
qwerty 6 2 0.326478 0.197489 -2.3946 3.89099 0.630745 0.0458373 0.0788563 -0.0409954 
qwerty 6 2 0.197489 0 -2.38305 3.91086 0.620419 0.0458373 0.0788563 -0.0409954 
qwerty 4 3 0.7978 105.25 0.796729 -1.12285 9.025 0.00919436 -0.0193393 0.0976804 
qwerty 4 3 1.49398 5.65789 0.968187 -0.356926 9.63677 -0.0289921 0.0933994 -0.0208809 
qwerty 4 3 0.980577 3.59053 0.763577 0.188725 9.54503 -0.0334998 0.0828944 -0.0447915 
qwerty 4 3 1.18663 2.4039 0.696837 0.647817 9.29238 0.00169443 0.0981837 -0.0188966 
qwerty 4 3 0.954001 1.4499 0.712152 1.01024 9.20256 0.0806218 0.0572052 -0.0150896 
qwerty 4 3 0.0230182 1.42688 0.725821 1.01994 9.2 0.0808307 0.0584715 -0.00689098 
qwerty 4 3 0.438611 0.936468 0.926981 0.976701 9.21383 0.0716344 -0.0089978 0.0691922 
qwerty 4 3 0.380557 0.555911 1.08138 1.04067 9.31776 0.05985 0.0535886 0.0595503 
qwerty 4 3 0.282234 0.273677 1.14303 1.02624 9.45904 0.0306124 -0.0914393 -0.0264904 
qwerty 4 3 0.273677 0 1.15601 0.987488 9.44782 0.0306124 -0.0914393 -0.0264904 
qwerty 44 4 0.215434 0.871357 0.800461 0.265217 9.5065 0.0519924 0.0495743 -0.0695642 
qwerty 44 4 0.308911 0.562446 0.850994 0.326744 9.44515 0.0300647 -0.0832048 -0.0466163 
qwerty 44 4 0.382583 0.179863 0.885483 0.231295 9.39167 -0.017813 -0.0729661 -0.0660201 
qwerty 44 4 0.179863 0 0.881631 0.215515 9.37739 -0.017813 -0.0729661 -0.0660201 
qwerty 43 4 0 93.1142 0.857043 -1.25 9.46108 0.0141436 -0.029106 0.0946192 
qwerty 43 4 0 93.1142 0.892756 -1.32349 9.7 0.0141436 -0.029106 0.0946192 
qwerty 43 4 0 93.1142 0.993655 -1.53113 10.375 0.0141436 -0.029106 0.0946192 
qwerty 45 43 1.05653 42.512 1.17507 -1.87241 11.05 0.0268695 -0.0477178 0.0836723 
qwerty 45 43 1.70706 34.0282 1.5455 -2.61989 11.725 0.0340457 -0.0732285 0.0589786 
qwerty 45 43 0.199035 15.5229 1.70808 -3.05253 11.9789 0.00626241 -0.0789658 0.0610343 
qwerty 45 43 1.10543 14.4175 1.75129 -3.59735 12.4 0.00446952 -0.0830889 0.055464 
qwerty 45 43 0.73146 8.78587 1.80149 -3.91694 13.075 0.00133176 -0.0212232 0.0977129 
qwerty 58 45 1.07292 2.60732 1.58018 -3.26982 12.4 -0.0364563 -0.05677 0.0738113 
qwerty 65 58 0 0.564107 2.90452 -3.15727 11.9 0.0916646 0.0121084 -0.0380918 
qwerty 65 58 0 0.564107 3.75 -3.04559 11.5487 0.0916646 0.0121084 -0.0380918 
qwerty 65 58 0 0.564107 4.52885 -2.94271 11.225 0.0916646 0.0121084 -0.0380918 
qwerty 65 58 0 0.383773 5.2273 -3.59886 10.55 0.0476475 -0.0666715 -0.0573117 
qwerty 65 58 0 0.272575 5.607 -4.13016 10.0933 0.0937328 0.0218228 -0.0271647 
qwerty 65 58 0 0.272575 6.25 -3.98046 9.90694 0.0937328 0.0218228 -0.0271647 
qwerty 65 58 0 0.272575 6.3602 -3.9548 9.875 0.0937328 0.0218228 -0.0271647 
qwerty 68 65 0.111198 0 5.60502 -4.13876 10.0893 -0.0204615 -0.0888367 -0.0411019 
qwerty 64 45 0 0.332766 2.17598 -4.23479 13.75 0.0428469 -0.0253477 0.0867274 
qwerty 63 45 0 2.93181 1.81382 -6.25 13.5586 -0.00210101 -0.0983768 0.0178213 
qwerty 63 45 0 2.93181 1.79125 -7.30668 13.75 -0.00210101 -0.0983768 0.0178213 
qwerty 63 45 0 2.93181 1.71167 -11.0328 14.425 -0.00210101 -0.0983768 0.0178213 
qwerty 63 45 0 2.93181 1.65364 -13.75 14.9172 -0.00210101 -0.0983768 0.0178213 
qwerty 63 45 0 2.93181 1.6321 -14.7589 15.1 -0.00210101 -0.0983768 0.0178213 
qwerty 63 45 0 2.93181 1.55252 -18.485 15.775 -0.00210101 -0.0983768 0.0178213 
qwerty 63 45 0 2.93181 1.49347 -21.25 16.2759 -0.00210101 -0.0983768 0.0178213 
qwerty 63 45 0 2.93181 1.47294 -22.2112 16.45 -0.00210101 -0.0983768 0.0178213 
qwerty 76 74 0 0.252926 1.25 -22.1095 16.8875 -0.0452358 0.0821391 0.0347404 
qwerty 76 74 0 0.252926 0.940744 -21.548 17.125 -0.0452358 0.0821391 0.0347404 
qwerty 59 45 0 0.690087 1.25 -4.91954 12.8073 -0.0347238 -0.0897819 0.0270825 
qwerty 59 45 0 0.690087 0.906779 -5.80697 13.075 -0.0347238 -0.0897819 0.0270825 
qwerty 59 45 0 0.690087 0.0413268 -8.04468 13.75 -0.0347238 -0.0897819 0.0270825 
qwerty 57 45 0 6.52908 1.98839 -3.75 12.1814 0.0319044 -0.0888984 0.0328508 
qwerty 57 45 0 6.52908 2.20065 -4.34143 12.4 0.0319044 -0.0888984 0.0328508 
qwerty 86 57 0.962892 1.81875 2.80506 -4.68722 12.6319 0.0930283 0.032704 0.016619 
qwerty 86 57 0.49751 1.32124 3.0904 -4.57258 12.6181 0.0875871 0.0153821 -0.0457371 
qwerty 86 57 0.150922 1.17032 3.17286 -4.5581 12.575 0.0710296 0.0348714 -0.0611456 
qwerty 86 57 0.0790116 0.847147 3.22042 -4.57235 12.6086 0.0883967 -0.00889386 0.0459013 
qwerty 86 57 0.118463 0.728684 3.27652 -4.56897 12.6288 0.0766706 -0.0123939 0.0629922 
qwerty 86 57 0.101404 0.62728 3.32892 -4.56439 12.6693 0.0874628 -0.00448597 0.0482715 
qwerty 86 57 0.108962 0.518318 3.38493 -4.55287 12.6919 0.0604073 0.0644278 0.0469043 
qwerty 86 57 0.145005 0.373312 3.41063 -4.52023 12.7312 0.0822622 0.0464586 0.03278 
qwerty 86 57 0.373312 0 3.46678 -4.48851 12.7536 0.00919059 -0.0219853 0.0971194 
qwerty 52 45 0 0.65181 1.65827 -2.8165 11.725 0.0388539 -0.0773474 0.0500774 
qwerty 52 45 0 0.65181 2.12719 -3.75 12.3294 0.0388539 -0.0773474 0.0500774 
qwerty 52 45 0 0.65181 2.18199 -3.85908 12.4 0.0388539 -0.0773474 0.0500774 
qwerty 51 45 0 0.544864 1.63705 -2.8327 11.725 0.0365943 -0.0786863 0.0496924 
qwerty 48 45 0 0.592344 1.25 -2.01106 11.2543 0.027464 -0.0567424 0.0776275 
qwerty 48 45 0 0.592344 1.41655 -2.35516 11.725 0.027464 -0.0567424 0.0776275 
qwerty 48 45 0 0.592344 1.65536 -2.84856 12.4 0.027464 -0.0567424 0.0776275 
qwerty 48 45 0 0.340372 2.43841 -2.32338 13.075 0.067476 0.0469152 0.0569733 
qwerty 48 45 0 0.242385 3.0556 -1.51807 12.575 0.0514219 0.0700031 -0.0495515 
qwerty 47 45 0 0.64568 1.17696 -1.85803 11.05 0.0267325 -0.0456838 0.0848432 
qwerty 47 45 0 0.64568 1.25 -1.98284 11.2818 0.0267325 -0.0456838 0.0848432 
qwerty 47 45 0 0.64568 1.38964 -2.22148 11.725 0.0267325 -0.0456838 0.0848432 
qwerty 47 45 0 0.64568 1.60232 -2.58494 12.4 0.0267325 -0.0456838 0.0848432 
qwerty 47 45 0 0.64568 1.815 -2.94839 13.075 0.0267325 -0.0456838 0.0848432 
qwerty 47 45 0 0.64568 2.02768 -3.31184 13.75 0.0267325 -0.0456838 0.0848432 
qwerty 47 45 0 0.64568 2.24036 -3.6753 14.425 0.0267325 -0.0456838 0.0848432 
qwerty 47 45 0 0.64568 2.45304 -4.03875 15.1 0.0267325 -0.0456838 0.0848432 
qwerty 42 4 0 0.363409 0.845233 -1.25 9.5448 0.00907012 -0.0238032 0.0967013 
qwerty 42 4 0 0.363409 0.85979 -1.2882 9.7 0.00907012 -0.0238032 0.0967013 
qwerty 41 4 0 0.346101 0.105082 -2.01124 9.7 -0.0542527 -0.0686507 0.048412 
qwerty 38 6 0 4.6857 -1.8524 2.86383 0.425 0.0219664 -0.00214301 -0.097534 
qwerty 38 6 0 4.6857 -1.70038 2.849 -0.25 0.0219664 -0.00214301 -0.097534 
qwerty 37 6 0 0.259045 -1.9616 2.78604 0.425 0.00181967 -0.0167005 -0.0985788 
qwerty 35 6 0 12.2409 -2.24646 3.4626 0.425 -0.0322448 0.0717375 -0.0617577 
qwerty 35 6 0 12.2409 -2.37564 3.75 0.177581 -0.0322448 0.0717375 -0.0617577 
qwerty 35 6 0 12.2409 -2.59889 4.24668 -0.25 -0.0322448 0.0717375 -0.0617577 
qwerty 33 6 0 0.762155 -2.64836 3.75 1.15236 -0.0549306 0.0828673 0.0107538 
qwerty 33 6 0 0.762155 -4.30555 6.25 1.47678 -0.0549306 0.0828673 0.0107538 
qwerty 33 6 0 0.762155 -4.93494 7.19949 1.6 -0.0549306 0.0828673 0.0107538 
qwerty 119 33 0.0426274 0.380064 -5.78827 8.50802 1.78372 0.000464981 0.0892304 0.0451412 
qwerty 119 33 0.0222583 0.357805 -5.78912 8.52036 1.78711 0.0200195 0.0977073 0.00724668 
qwerty 119 33 0.0210277 0.336778 -5.78843 8.53166 1.78554 0.002428 0.0987965 0.015276 
qwerty 119 33 0.0215967 0.315181 -5.78585 8.54287 1.7859 0.0183211 0.0983061 0.000494977 
qwerty 119 33 0.0196645 0.295517 -5.78351 8.55257 1.78555 0.0241261 0.0954549 0.0175014 
qwerty 119 33 0.0443287 0.251188 -5.78222 8.56216 1.78637 0.00511489 0.0982304 0.0180176 
qwerty 119 33 0.035807 0.215381 -5.7819 8.57173 1.78935 0.00994074 0.0669125 0.0736472 
qwerty 119 33 0.0371577 0.178223 -5.7791 8.57734 1.7956 0.00558861 0.0602474 0.079618 
qwerty 119 33 0.0441411 0.134082 -5.77368 8.58632 1.80255 0.0204395 0.0924365 0.0322137 
qwerty 119 33 0.134082 0 -5.77097 8.59859 1.80683 0.0204395 0.0924365 0.0322137 
qwerty 31 6 0.00029101 0 -1.4872 2.04462 0.813175 -0.0592351 0.0757212 0.027523 
qwerty 121 31 0.00636664 0 -1.48725 2.04463 0.813163 -0.0963825 0.017929 -0.0197224 
qwerty 30 5 0 2.81655 -1.88518 -1.895 11.9 -0.062436 -0.0641113 -0.044626 
qwerty 30 5 0 2.81655 -2.82956 -2.86473 11.225 -0.062436 -0.0641113 -0.044626 
qwerty 30 5 0 2.81655 -3.6917 -3.75 10.6088 -0.062436 -0.0641113 -0.044626 
qwerty 30 5 0 2.81655 -3.77395 -3.83446 10.55 -0.062436 -0.0641113 -0.044626 
qwerty 30 5 0 2.81655 -4.71834 -4.80419 9.875 -0.062436 -0.0641113 -0.044626 
qwerty 30 5 0 2.81655 -5.66273 -5.77392 9.2 -0.062436 -0.0641113 -0.044626 
qwerty 30 5 0 0.699826 -6.25 -5.83349 8.94241 -0.089833 0.0353022 -0.0261493 
qwerty 30 5 0 0.699826 -7.68397 -5.26997 8.525 -0.089833 0.0353022 -0.0261493 
qwerty 30 5 0 0.699826 -10.0029 -4.3587 7.85 -0.089833 0.0353022 -0.0261493 
qwerty 30 5 0 0.699826 -11.25 -3.86861 7.48697 -0.089833 0.0353022 -0.0261493 
qwerty 30 5 0 0.699826 -12.3217 -3.44744 7.175 -0.089833 0.0353022 -0.0261493 
qwerty 122 30 0.541655 1.05642 -5.9251 -5.76919 8.84126 -0.0423259 0.049181 -0.0760904 
qwerty 122 30 0.466051 0.590364 -6.08515 -5.72439 8.69723 -0.0682517 -0.00926589 -0.0724972 
qwerty 122 30 0.409129 0.181236 -6.15761 -5.66472 8.5914 0.0452569 0.0422144 -0.0785479 
qwerty 122 30 0.181236 0 -6.1477 -5.65548 8.5742 0.0452569 0.0422144 -0.0785479 
qwerty 29 5 0 0.525892 -0.744447 -1.54271 11.9 0.0838301 -0.0235206 -0.0491864 
qwerty 28 5 0 0.0954576 -4.58158 -3.75 12.0371 -0.0800441 -0.0594572 -0.00760224 
qwerty 28 5 0 0.0954576 -6.02506 -4.82223 11.9 -0.0800441 -0.0594572 -0.00760224 
qwerty 27 5 0 0.321924 0.255078 -1.28217 12.4 -0.012366 0.0327896 0.0936585 
qwerty 25 5 0 0.900558 0.382 -1.57817 11.725 -0.0706709 0.0202103 0.0678024 
qwerty 25 5 0 0.900558 -0.321557 -1.37697 12.4 -0.0706709 0.0202103 0.0678024 
qwerty 25 5 0 0.900558 -1.02511 -1.17577 13.075 -0.0706709 0.0202103 0.0678024 
qwerty 24 5 0 1.26662 0.461323 -1.63013 11.725 -0.0666437 0.017389 0.0724999 
qwerty 24 5 0 1.26662 -0.159154 -1.46823 12.4 -0.0666437 0.017389 0.0724999 
qwerty 24 5 0 1.26662 -0.77963 -1.30633 13.075 -0.0666437 0.017389 0.0724999 
qwerty 24 5 0 1.26662 -0.995527 -1.25 13.3099 -0.0666437 0.017389 0.0724999 
qwerty 24 5 0 1.26662 -1.40011 -1.14444 13.75 -0.0666437 0.017389 0.0724999 
qwerty 24 5 0 0.987831 -1.57052 -1.09997 13.9354 -0.0254968 0.0331252 0.090844 
qwerty 24 5 0 0.987831 -1.70794 -0.921439 14.425 -0.0254968 0.0331252 0.090844 
qwerty 24 5 0 0.987831 -1.89739 -0.675308 15.1 -0.0254968 0.0331252 0.090844 
qwerty 24 5 0 0.987831 -2.08684 -0.429177 15.775 -0.0254968 0.0331252 0.090844 
qwerty 24 5 0 0.987831 -2.27629 -0.183046 16.45 -0.0254968 0.0331252 0.090844 
qwerty 24 5 0 0.987831 -2.46574 0.0630851 17.125 -0.0254968 0.0331252 0.090844 
qwerty 24 5 0 0.987831 -2.65519 0.309216 17.8 -0.0254968 0.0331252 0.090844 
qwerty 24 5 0 0.506189 -2.74056 0.420128 18.1042 -0.0822519 -0.0343426 0.0453344 
qwerty 24 5 0 0.506189 -3.41337 0.139209 18.475 -0.0822519 -0.0343426 0.0453344 
qwerty 131 24 0.175866 0.305776 -2.76374 0.449444 18.167 -0.0160897 -0.0967335 0.0195897 
qwerty 131 24 0.305776 0 -2.77184 0.40073 18.1769 -0.0160897 -0.0967335 0.0195897 
qwerty 130 24 0.0130864 0.265707 -1.57697 -1.10054 13.9366 -0.088245 -0.0217812 0.0416941 
qwerty 130 24 0.0140977 0.251609 -1.58485 -1.10171 13.9379 -0.0909164 -0.0403673 0.0102322 
qwerty 130 24 0.0157082 0.235901 -1.5912 -1.10528 13.9367 -0.0919192 -0.0359209 -0.0161414 
qwerty 130 24 0.0134349 0.222466 -1.59832 -1.10607 13.9357 -0.0879437 -0.0472327 0.00591377 
qwerty 130 24 0.014901 0.207565 -1.60393 -1.10823 13.9345 -0.0772314 -0.0633379 0.004861 
qwerty 130 24 0.0130313 0.194534 -1.60824 -1.11159 13.9342 -0.0686281 -0.0575837 0.0444332 
qwerty 130 24 0.0147606 0.179773 -1.61095 -1.11569 13.9367 -0.0707787 -0.0602343 0.036908 
qwerty 130 24 0.018289 0.161484 -1.61533 -1.11927 13.9417 -0.0867265 -0.0477614 0.0140487 
qwerty 130 24 0.0215933 0.139891 -1.62276 -1.12305 13.9393 -0.0815518 -0.0570291 -0.00984776 
qwerty 130 24 0.0787809 0.0611098 -1.63003 -1.12468 13.9362 -0.0983967 0.0130853 0.0121189 
qwerty 130 24 0.0611098 0 -1.6334 -1.12424 13.9366 -0.0983967 0.0130853 0.0121189 
qwerty 23 5 0 10.9179 0.870676 -2.0271 11.725 -0.0100478 -0.0463826 0.088021 
qwerty 23 5 0 10.9179 0.793623 -2.38279 12.4 -0.0100478 -0.0463826 0.088021 
qwerty 23 5 0 10.9179 0.716571 -2.73848 13.075 -0.0100478 -0.0463826 0.088021 
qwerty 23 5 0 10.9179 0.639518 -3.09417 13.75 -0.0100478 -0.0463826 0.088021 
qwerty 23 5 0 10.9179 0.562465 -3.44986 14.425 -0.0100478 -0.0463826 0.088021 
qwerty 135 133 0 0.895711 0.158844 -3.37504 13.925 -0.0564964 0.0147785 -0.0811773 
qwerty 135 133 0 0.895711 -0.310931 -3.25215 13.25 -0.0564964 0.0147785 -0.0811773 
qwerty 135 133 0 0.895711 -0.780707 -3.12927 12.575 -0.0564964 0.0147785 -0.0811773 
qwerty 135 133 0 0.895711 -1.25048 -3.00638 11.9 -0.0564964 0.0147785 -0.0811773 
qwerty 135 133 0 0.895711 -1.72026 -2.8835 11.225 -0.0564964 0.0147785 -0.0811773 
qwerty 135 133 0 0.895711 -2.19003 -2.76061 10.55 -0.0564964 0.0147785 -0.0811773 
qwerty 135 133 0 0.895711 -2.65981 -2.63773 9.875 -0.0564964 0.0147785 -0.0811773 
qwerty 135 133 0 0.895711 -3.12959 -2.51484 9.2 -0.0564964 0.0147785 -0.0811773 
qwerty 22 5 0 1.48571 0.921258 -1.98021 11.725 -0.00242395 -0.0410158 0.0911692 
qwerty 22 5 0 1.48571 0.903312 -2.28388 12.4 -0.00242395 -0.0410158 0.0911692 
qwerty 22 5 0 1.48571 0.885365 -2.58755 13.075 -0.00242395 -0.0410158 0.0911692 
qwerty 22 5 0 1.48571 0.867419 -2.89123 13.75 -0.00242395 -0.0410158 0.0911692 
qwerty 22 5 0 1.48571 0.849473 -3.1949 14.425 -0.00242395 -0.0410158 0.0911692 
qwerty 22 5 0 0.782227 1.33895 -3.75 14.9146 0.0602115 -0.0630365 0.0489997 
qwerty 22 5 0 0.782227 1.56683 -3.98857 15.1 0.0602115 -0.0630365 0.0489997 
qwerty 22 5 0 0.782227 2.39628 -4.85693 15.775 0.0602115 -0.0630365 0.0489997 
qwerty 22 5 0 0.782227 3.22572 -5.72529 16.45 0.0602115 -0.0630365 0.0489997 
qwerty 22 5 0 0.782227 3.75 -6.27417 16.8767 0.0602115 -0.0630365 0.0489997 
qwerty 22 5 0 0.782227 4.05517 -6.59366 17.125 0.0602115 -0.0630365 0.0489997 
qwerty 21 5 0 1.72852 0.877014 -2.09352 11.725 -0.00846555 -0.054131 0.083655 
qwerty 21 5 0 1.72852 0.808706 -2.53029 12.4 -0.00846555 -0.054131 0.083655 
qwerty 21 5 0 1.72852 0.740399 -2.96707 13.075 -0.00846555 -0.054131 0.083655 
qwerty 21 5 0 1.72852 0.672092 -3.40384 13.75 -0.00846555 -0.054131 0.083655 
qwerty 21 5 0 1.72852 0.603785 -3.84062 14.425 -0.00846555 -0.054131 0.083655 
qwerty 21 5 0 1.72852 0.535477 -4.2774 15.1 -0.00846555 -0.054131 0.083655 
qwerty 21 5 0 1.72852 0.46717 -4.71417 15.775 -0.00846555 -0.054131 0.083655 
qwerty 21 5 0 1.72852 0.398863 -5.15095 16.45 -0.00846555 -0.054131 0.083655 
qwerty 21 5 0 1.72852 0.330555 -5.58772 17.125 -0.00846555 -0.054131 0.083655 
qwerty 21 5 0 1.72852 0.262248 -6.0245 17.8 -0.00846555 -0.054131 0.083655 
qwerty 21 5 0 0.485088 0.292767 -6.25 17.7483 0.0142141 -0.0941573 -0.0305346 
qwerty 21 5 0 0.485088 0.501456 -7.63241 17.3 0.0142141 -0.0941573 -0.0305346 
qwerty 21 5 0 0.485088 0.815673 -9.71385 16.625 0.0142141 -0.0941573 -0.0305346 
qwerty 21 5 0 0.485088 1.04757 -11.25 16.1268 0.0142141 -0.0941573 -0.0305346 
qwerty 21 5 0 0.485088 1.12989 -11.7953 15.95 0.0142141 -0.0941573 -0.0305346 
qwerty 21 5 0 0.409215 1.21955 -12.3892 15.7574 -0.0472595 -0.0846771 -0.0244199 
qwerty 21 5 0 0.409215 0.28597 -14.0619 15.275 -0.0472595 -0.0846771 -0.0244199 
qwerty 145 21 0.0758724 0 1.2241 -12.3911 15.7566 0.0908978 -0.0381942 -0.016697 
qwerty 147 144 0 1.07839 -0.397806 -6.18044 18.475 -0.0699384 -0.0158604 0.0696926 
qwerty 147 144 0 1.07839 -0.704533 -6.25 18.7806 -0.0699384 -0.0158604 0.0696926 
qwerty 147 144 0 1.07839 -1.07519 -6.33406 19.15 -0.0699384 -0.0158604 0.0696926 
qwerty 147 144 0 1.07839 -1.75257 -6.48767 19.825 -0.0699384 -0.0158604 0.0696926 
qwerty 147 144 0 1.07839 -2.42995 -6.64128 20.5 -0.0699384 -0.0158604 0.0696926 
qwerty 147 144 0 1.07839 -3.10733 -6.7949 21.175 -0.0699384 -0.0158604 0.0696926 
qwerty 20 5 0 3.30412 0.969846 -1.94355 11.725 0.00555074 -0.0369004 0.0927769 
qwerty 20 5 0 3.30412 1.01023 -2.21202 12.4 0.00555074 -0.0369004 0.0927769 
qwerty 20 5 0 3.30412 1.05061 -2.48048 13.075 0.00555074 -0.0369004 0.0927769 
qwerty 20 5 0 3.30412 1.091 -2.74895 13.75 0.00555074 -0.0369004 0.0927769 
qwerty 20 5 0 3.30412 1.13138 -3.01742 14.425 0.00555074 -0.0369004 0.0927769 
qwerty 20 5 0 3.30412 1.17177 -3.28589 15.1 0.00555074 -0.0369004 0.0927769 
qwerty 20 5 0 3.30412 1.21215 -3.55436 15.775 0.00555074 -0.0369004 0.0927769 
qwerty 20 5 0 3.30412 1.24158 -3.75 16.2669 0.00555074 -0.0369004 0.0927769 
qwerty 20 5 0 3.30412 1.25254 -3.82283 16.45 0.00555074 -0.0369004 0.0927769 
qwerty 20 5 0 3.30412 1.29292 -4.0913 17.125 0.00555074 -0.0369004 0.0927769 
qwerty 20 5 0 3.30412 1.33331 -4.35977 17.8 0.00555074 -0.0369004 0.0927769 
qwerty 20 5 0 3.30412 1.37369 -4.62824 18.475 0.00555074 -0.0369004 0.0927769 
qwerty 20 5 0 3.30412 1.41408 -4.89671 19.15 0.00555074 -0.0369004 0.0927769 
qwerty 20 5 0 3.30412 1.45446 -5.16518 19.825 0.00555074 -0.0369004 0.0927769 
qwerty 20 5 0 3.30412 1.49484 -5.43365 20.5 0.00555074 -0.0369004 0.0927769 
qwerty 20 5 0 3.30412 1.53523 -5.70212 21.175 0.00555074 -0.0369004 0.0927769 
qwerty 20 5 0 3.30412 1.57561 -5.97059 21.85 0.00555074 -0.0369004 0.0927769 
qwerty 20 5 0 3.30412 1.616 -6.23906 22.525 0.00555074 -0.0369004 0.0927769 
qwerty 20 5 0 3.30412 1.65638 -6.50753 23.2 0.00555074 -0.0369004 0.0927769 
qwerty 20 5 0 3.30412 1.69677 -6.776 23.875 0.00555074 -0.0369004 0.0927769 
qwerty 19 5 0 29.8476 0.980067 -1.97229 11.725 0.00685972 -0.0402541 0.0912828 
qwerty 19 5 0 29.8476 1.03079 -2.26995 12.4 0.00685972 -0.0402541 0.0912828 
qwerty 155 19 0.855003 18.1656 0.962059 -2.47914 13.075 -0.00952864 -0.0242868 0.0965368 
qwerty 155 19 1.14119 13.5724 0.56843 -2.63494 13.75 -0.0436601 -0.0280011 0.085497 
qwerty 155 19 1.02157 10.1322 0.622889 -2.62775 14.425 0.0239933 0.00397022 0.0969977 
qwerty 155 19 0.958551 6.27311 0.782636 -2.42824 15.1 0.0150239 0.0436436 0.0887103 
qwerty 155 19 0.0634147 0.784067 0.727052 -2.42183 15.0631 -0.0205534 0.00433529 -0.0977689 
qwerty 155 19 0.092619 0.691448 0.718165 -2.43179 15.01 -0.031707 -0.000328391 -0.0948396 
qwerty 155 19 0.0819909 0.609457 0.696069 -2.42305 14.9634 -0.0761197 0.0235823 -0.0604125 
qwerty 155 19 0.16182 0.447637 0.643922 -2.4081 14.9086 -0.0967875 0.0249073 -0.0034367 
qwerty 155 19 0.380794 0.066843 0.558699 -2.38617 14.9056 0.0556572 -0.0611113 -0.0562822 
qwerty 155 19 0.066843 0 0.560932 -2.38862 14.9034 0.0556572 -0.0611113 -0.0562822 
qwerty 164 155 0 0.502186 1.25 -1.05078 15.7119 0.029988 0.0875173 0.0379664 
qwerty 164 155 0 0.502186 1.29987 -0.905244 15.775 0.029988 0.0875173 0.0379664 
qwerty 162 155 0 1.96263 -0.154481 -2.11825 15.775 -0.0790721 0.0252098 0.055786 
qwerty 162 155 0 1.96263 -1.11124 -1.81321 16.45 -0.0790721 0.0252098 0.055786 
qwerty 162 155 0 1.96263 -2.068 -1.50818 17.125 -0.0790721 0.0252098 0.055786 
qwerty 162 155 0 1.96263 -2.8778 -1.25 17.6963 -0.0790721 0.0252098 0.055786 
qwerty 162 155 0 1.96263 -3.02475 -1.20315 17.8 -0.0790721 0.0252098 0.055786 
qwerty 162 155 0 1.96263 -3.75 -0.971925 18.3117 -0.0790721 0.0252098 0.055786 
qwerty 162 155 0 1.96263 -3.98151 -0.898114 18.475 -0.0790721 0.0252098 0.055786 
qwerty 161 155 0 0.113219 0.83356 -2.54675 15.1 0.0287349 0.0098698 0.0952727 
qwerty 18 5 0 0.327931 0.976263 -1.63694 11.05 0.0157974 -0.0368558 0.0916083 
qwerty 18 5 0 0.327931 1.09266 -1.90851 11.725 0.0157974 -0.0368558 0.0916083 
qwerty 16 5 0 21.3263 0.855834 -1.33334 10.375 0.00698943 -0.024367 0.0967336 
qwerty 16 5 0 21.3263 0.904606 -1.50338 11.05 0.00698943 -0.024367 0.0967336 
qwerty 16 5 0 21.3263 0.953378 -1.67341 11.725 0.00698943 -0.024367 0.0967336 
qwerty 16 5 0 21.3263 1.00215 -1.84344 12.4 0.00698943 -0.024367 0.0967336 
qwerty 16 5 0 21.3263 1.05092 -2.01347 13.075 0.00698943 -0.024367 0.0967336 
qwerty 16 5 0 21.3263 1.09969 -2.1835 13.75 0.00698943 -0.024367 0.0967336 
qwerty 16 5 0 21.3263 1.14846 -2.35353 14.425 0.00698943 -0.024367 0.0967336 
qwerty 16 5 0 21.3263 1.19724 -2.52356 15.1 0.00698943 -0.024367 0.0967336 
qwerty 16 5 0 19.5574 1.23303 -2.64836 15.5954 0.00371235 -0.0299071 0.0953508 
qwerty 16 5 0 19.5574 1.24002 -2.70468 15.775 0.00371235 -0.0299071 0.0953508 
qwerty 16 5 0 19.5574 1.2663 -2.9164 16.45 0.00371235 -0.0299071 0.0953508 
qwerty 16 5 0 19.5574 1.29258 -3.12812 17.125 0.00371235 -0.0299071 0.0953508 
qwerty 176 16 0 8.2815 1.25947 -3.18489 17.3 -0.0261455 0.0877502 -0.0402034 
qwerty 176 16 1.79009 5.83635 1.3811 -2.2349 17.6929 0.0314948 0.0862135 0.0396902 
qwerty 176 16 0.42932 5.40703 1.46608 -2.00229 17.8 0.0148049 0.0867224 0.0475399 
qwerty 176 16 0.589756 1.50448 1.25209 -2.07041 17.5774 -0.0689768 -0.0469932 -0.0550803 
qwerty 176 16 0.551643 0.952834 1.01775 -2.15335 17.4688 -0.0806631 -0.0293692 -0.0512924 
qwerty 176 16 0.346093 0.606741 0.880816 -2.15345 17.3255 -0.0246572 0.00165036 -0.0968984 
qwerty 176 16 0.0457344 0.561006 0.874318 -2.15302 17.3 -0.0505358 -0.0485008 -0.0713709 
qwerty 175 16 0.0914769 1.67743 1.25 -2.63388 15.6394 0.0374964 0.0170129 0.0911295 
qwerty 175 16 0.289416 1.38801 1.30579 -2.60857 15.775 0.0389316 0.0348305 0.0852712 
qwerty 178 176 0 1.94788 1.66464 -0.233712 18.475 0.0104843 0.0929415 0.0353829 
qwerty 178 176 0 1.94788 1.83202 1.25 19.0398 0.0104843 0.0929415 0.0353829 
qwerty 178 176 0 1.94788 1.86465 1.53934 19.15 0.0104843 0.0929415 0.0353829 
qwerty 178 176 0 1.94788 2.06466 3.31238 19.825 0.0104843 0.0929415 0.0353829 
qwerty 15 5 0 1.61291 0.812592 -1.16989 9.7 0.00149746 -0.0158147 0.0987302 
qwerty 15 5 0 1.61291 0.82283 -1.27801 10.375 0.00149746 -0.0158147 0.0987302 
qwerty 15 5 0 1.61291 0.833068 -1.38613 11.05 0.00149746 -0.0158147 0.0987302 
qwerty 15 5 0 1.61291 0.843306 -1.49425 11.725 0.00149746 -0.0158147 0.0987302 
qwerty 15 5 0 1.49197 0.744572 -1.67374 12.4 -0.017455 -0.0275141 0.0945426 
qwerty 15 5 0 1.49197 0.619949 -1.87018 13.075 -0.017455 -0.0275141 0.0945426 
qwerty 15 5 0 0.218527 0.718142 -1.785 12.575 0.0187143 0.0187234 -0.0964324 
qwerty 13 5 0 0.113892 0.807558 -1.14496 9.5266 0.0106519 0.0600002 0.0792875 
qwerty 13 5 0 0.113892 0.830853 -1.01375 9.7 0.0106519 0.0600002 0.0792875 
qwerty 187 13 0.00824723 0 0.807547 -1.14505 9.52664 -0.010746 -0.0937652 0.0330547 
qwerty 12 5 0 81.2469 0.834696 -1.14017 9.7 0.00666695 -0.00891131 0.0993788 
qwerty 12 5 0 81.2469 0.879979 -1.2007 10.375 0.00666695 -0.00891131 0.0993788 
qwerty 12 5 0 81.2469 0.916865 -1.25 10.9248 0.00666695 -0.00891131 0.0993788 
qwerty 12 5 0 81.2469 0.925262 -1.26122 11.05 0.00666695 -0.00891131 0.0993788 
qwerty 12 5 0 81.2469 0.970545 -1.32175 11.725 0.00666695 -0.00891131 0.0993788 
qwerty 12 5 0 81.2469 1.01583 -1.38228 12.4 0.00666695 -0.00891131 0.0993788 
qwerty 12 5 0 81.2469 1.06111 -1.44281 13.075 0.00666695 -0.00891131 0.0993788 
qwerty 12 5 0 81.2469 1.1064 -1.50333 13.75 0.00666695 -0.00891131 0.0993788 
qwerty 12 5 0 81.2469 1.15168 -1.56386 14.425 0.00666695 -0.00891131 0.0993788 
qwerty 12 5 0 81.2469 1.19696 -1.62439 15.1 0.00666695 -0.00891131 0.0993788 
qwerty 12 5 0 81.2469 1.24224 -1.68491 15.775 0.00666695 -0.00891131 0.0993788 
qwerty 11 5 0 0.998314 0.836058 -1.14301 9.7 0.00687408 -0.00934534 0.0993248 
qwerty 11 5 0 0.998314 0.882773 -1.20652 10.375 0.00687408 -0.00934534 0.0993248 
qwerty 11 5 0 0.998314 0.914756 -1.25 10.8371 0.00687408 -0.00934534 0.0993248 
qwerty 11 5 0 0.998314 0.929489 -1.27003 11.05 0.00687408 -0.00934534 0.0993248 
qwerty 11 5 0 0.998314 0.976204 -1.33354 11.725 0.00687408 -0.00934534 0.0993248 
qwerty 11 5 0 0.998314 1.02292 -1.39705 12.4 0.00687408 -0.00934534 0.0993248 
qwerty 11 5 0 0.998314 1.06963 -1.46056 13.075 0.00687408 -0.00934534 0.0993248 
qwerty 11 5 0 0.998314 1.11635 -1.52407 13.75 0.00687408 -0.00934534 0.0993248 
qwerty 11 5 0 0.998314 1.16307 -1.58758 14.425 0.00687408 -0.00934534 0.0993248 
qwerty 10 7 0 0.510999 -0.192865 1.58131 0.925 0.0546441 0.0606885 0.0577141 
qwerty 10 7 0 0.510999 0.446229 2.29109 1.6 0.0546441 0.0606885 0.0577141 
qwerty 10 7 0 0.510999 1.04456 3.04265 2.275 0.0506304 0.0642984 0.0574654 
qwerty 10 7 0 0.44374 1.2042 3.39138 2.95 0.0140466 0.0399125 0.0906073 
qwerty 9 7 0 0.184687 -0.914223 0.780157 0.163115 0.089457 0.044677 0.00119079 
qwerty 9 7 0 0.184687 0.0265466 1.25 0.175638 0.089457 0.044677 0.00119079 
qwerty 9 7 0 0.14702 0.0373195 1.25538 0.175781 0.0629384 -0.0595284 -0.0499513 
qwerty 9 7 0 0.14702 0.0430079 1.25 0.171266 0.0629384 -0.0595284 -0.0499513 
qwerty 9 7 0 0.14702 0.573802 0.747964 -0.25 0.0629384 -0.0595284 -0.0499513 
qwerty 190 12 0.771492 49.9723 1.26599 -1.68605 16.45 0.0024729 0.00278859 0.0999305 
qwerty 190 12 0.997734 40.5059 1.46578 -1.79194 17.125 0.0329705 -0.0133623 0.093458 
qwerty 190 12 0.847344 35.7961 1.4387 -1.98925 17.8 -0.0110346 -0.0266459 0.0957509 
qwerty 190 12 0.102621 26.8091 1.37314 -2.06713 18.0364 -0.03319 -0.0251657 0.0909127 
qwerty 190 12 0.677984 26.1311 1.25 -2.1605 18.3737 -0.0281173 -0.0302431 0.0910756 
qwerty 190 12 0.15433 25.9768 1.21874 -2.19413 18.475 -0.0284535 -0.025715 0.0923534 
qwerty 196 9 0.0376671 0 0.0378491 1.25662 0.176332 0.0363806 0.0851066 0.0378592 
qwerty 195 9 0.0955424 0.23077 -0.948028 0.751167 0.16765 0.028999 -0.089714 0.0333234 
qwerty 195 9 0.23077 0 -0.938643 0.722134 0.178434 0.028999 -0.089714 0.0333234 
qwerty 189 12 0 3.63555 1.25593 -1.65645 15.95 -0.0509998 0.0300485 -0.0805984 
qwerty 189 12 0.725473 1.27847 1.33692 -1.9473 16.13 -0.00317072 -0.0783764 0.0620249 
qwerty 189 12 0.406345 0.872123 1.23186 -2.149 16.2413 0.0205207 -0.0697874 0.0686194 
qwerty 189 12 0.330545 0.541578 1.22494 -2.33045 16.3087 0.0246118 -0.0964685 0.0093853 
qwerty 189 12 0.40146 0.140119 1.16177 -2.45931 16.3234 -0.0602052 0.019756 -0.077363 
qwerty 189 12 0.140119 0 1.15316 -2.45648 16.3124 -0.0602052 0.019756 -0.077363 
qwerty 217 189 0 10.2256 1.20027 -1.72313 16.45 -0.00747422 -0.00327748 0.0996664 
qwerty 217 189 0 10.2256 1.14965 -1.74533 17.125 -0.00747422 -0.00327748 0.0996664 
qwerty 217 189 0 10.2256 1.09903 -1.76753 17.8 -0.00747422 -0.00327748 0.0996664 
qwerty 217 189 0 10.2256 1.04841 -1.78973 18.475 -0.00747422 -0.00327748 0.0996664 
qwerty 217 189 0 10.2256 0.99779 -1.81192 19.15 -0.00747422 -0.00327748 0.0996664 
qwerty 217 189 0 10.2256 0.94717 -1.83412 19.825 -0.00747422 -0.00327748 0.0996664 
qwerty 217 189 0 10.2256 0.89655 -1.85632 20.5 -0.00747422 -0.00327748 0.0996664 
qwerty 217 189 0 10.2256 0.845931 -1.87851 21.175 -0.00747422 -0.00327748 0.0996664 
qwerty 217 189 0 10.2256 0.795311 -1.90071 21.85 -0.00747422 -0.00327748 0.0996664 
qwerty 217 189 0 10.2256 0.744691 -1.92291 22.525 -0.00747422 -0.00327748 0.0996664 
qwerty 217 189 0 10.2256 0.694071 -1.9451 23.2 -0.00747422 -0.00327748 0.0996664 
qwerty 224 222 0 2.77728 0.550432 -1.87349 23.875 -0.0217515 0.0114302 0.0969341 
qwerty 224 222 0 2.77728 0.398966 -1.7939 24.55 -0.0217515 0.0114302 0.0969341 
qwerty 224 222 0 2.77728 0.2475 -1.7143 25.225 -0.0217515 0.0114302 0.0969341 
qwerty 224 222 0 2.77728 0.0960337 -1.63471 25.9 -0.0217515 0.0114302 0.0969341 
qwerty 224 222 0 2.77728 -0.0554325 -1.55512 26.575 -0.0217515 0.0114302 0.0969341 
qwerty 224 222 0 2.77728 -0.206899 -1.47552 27.25 -0.0217515 0.0114302 0.0969341 
qwerty 224 222 0 2.77728 -0.358365 -1.39593 27.925 -0.0217515 0.0114302 0.0969341 
qwerty 224 222 0 2.77728 -0.509831 -1.31633 28.6 -0.0217515 0.0114302 0.0969341 
qwerty 224 222 0 2.77728 -0.661297 -1.23674 29.275 -0.0217515 0.0114302 0.0969341 
qwerty 224 222 0 2.77728 -0.812764 -1.15714 29.95 -0.0217515 0.0114302 0.0969341 
qwerty 224 222 0 0.484446 -0.295574 -2.26219 30.625 0.0393844 -0.0789604 0.0470544 
qwerty 216 189 0 0.916283 1.11446 -1.83284 16.45 -0.0204891 -0.0209771 0.0956042 
qwerty 216 189 0 0.916283 0.969801 -1.98094 17.125 -0.0204891 -0.0209771 0.0956042 
qwerty 216 189 0 0.916283 0.82514 -2.12905 17.8 -0.0204891 -0.0209771 0.0956042 
qwerty 216 189 0 0.916283 0.68048 -2.27715 18.475 -0.0204891 -0.0209771 0.0956042 
qwerty 216 189 0 0.916283 0.535819 -2.42526 19.15 -0.0204891 -0.0209771 0.0956042 
qwerty 216 189 0 0.916283 0.391158 -2.57337 19.825 -0.0204891 -0.0209771 0.0956042 
qwerty 216 189 0 0.916283 0.246497 -2.72147 20.5 -0.0204891 -0.0209771 0.0956042 
qwerty 216 189 0 0.916283 0.101837 -2.86958 21.175 -0.0204891 -0.0209771 0.0956042 
qwerty 216 189 0 0.257051 -0.743326 -2.22778 20.675 -0.0688017 0.0546395 -0.0477583 
qwerty 216 189 0 0.188461 -1.13745 -2.37253 20 -0.0253954 -0.0524215 -0.0812838 
qwerty 213 190 0 0.510999 3.36483 -2.44335 17.975 0.0962998 -0.00857122 -0.0255514 
qwerty 210 190 0 0.372178 1.24091 -2.02061 17.975 0.00320527 0.0310763 -0.0949947 
qwerty 210 190 0 0.372178 1.26368 -1.79979 17.3 0.00320527 0.0310763 -0.0949947 
qwerty 240 209 0 6.01642 1.16962 -2.25795 18.65 -0.0412099 -0.0107887 -0.0904729 
qwerty 245 240 0 2.53321 0.706792 -1.21918 17.975 -0.0350655 0.0802977 -0.0481943 
qwerty 245 240 0 2.53321 0.215671 -0.0945438 17.3 -0.0350655 0.0802977 -0.0481943 
qwerty 246 245 0.545249 1.54777 -0.0519306 0.0542309 17.5376 -0.0538225 0.0219647 0.0813676 
qwerty 246 245 0.685721 0.86205 -0.184214 0.072428 17.7722 0.0451757 0.00345227 0.0891473 
qwerty 246 245 0.0434272 0.818622 -0.170114 0.0735055 17.8 0.0392342 0.00488538 0.0918521 
qwerty 246 245 0.0829916 0.671218 -0.203635 0.0926644 17.7831 -0.0593443 0.0465557 -0.0656569 
qwerty 246 245 0.0670971 0.604121 -0.229514 0.124488 17.7612 -0.0792625 0.0303948 -0.0528545 
qwerty 246 245 0.0725476 0.531574 -0.262502 0.131008 17.7445 -0.0885192 0.00883847 -0.0456753 
qwerty 246 245 0.0707808 0.460793 -0.29459 0.125688 17.7197 -0.0341794 0.00806591 -0.0936307 
qwerty 246 245 0.186947 0.273846 -0.304511 0.111265 17.6748 -0.0528905 -0.0458762 -0.0714001 
qwerty 246 245 0.273846 0 -0.326946 0.0918047 17.6445 -0.0528905 -0.0458762 -0.0714001 
qwerty 208 190 0 0.255948 1.25 -2.20116 18.4398 -0.0282373 -0.0294265 0.0913057 
qwerty 208 190 0 0.255948 1.23912 -2.2125 18.475 -0.0282373 -0.0294265 0.0913057 
qwerty 207 190 0 1.93963 1.25 -2.18913 18.4048 -0.0292383 -0.0291915 0.0910658 
qwerty 207 190 0 1.93963 1.22745 -2.21165 18.475 -0.0292383 -0.0291915 0.0910658 
qwerty 207 190 0 1.93963 1.01072 -2.42802 19.15 -0.0292383 -0.0291915 0.0910658 
qwerty 207 190 0 1.10717 0.999396 -2.28272 19.825 0.00113287 0.0256553 0.0966464 
qwerty 207 190 0 1.10717 1.00731 -2.10354 20.5 0.00113287 0.0256553 0.0966464 
qwerty 207 190 0 0.861603 1.06664 -2.22155 21.175 0.00986006 -0.0248876 0.0963503 
qwerty 207 190 0 0.861603 1.13571 -2.39591 21.85 0.00986006 -0.0248876 0.0963503 
qwerty 207 190 0 0.861603 1.20479 -2.57026 22.525 0.00986006 -0.0248876 0.0963503 
qwerty 207 190 0 0.861603 1.27387 -2.74462 23.2 0.00986006 -0.0248876 0.0963503 
qwerty 207 190 0 0.861603 1.34294 -2.91897 23.875 0.00986006 -0.0248876 0.0963503 
qwerty 207 190 0 0.861603 1.41202 -3.09333 24.55 0.00986006 -0.0248876 0.0963503 
qwerty 207 190 0 0.861603 1.4811 -3.26768 25.225 0.00986006 -0.0248876 0.0963503 
qwerty 207 190 0 0.861603 1.55017 -3.44204 25.9 0.00986006 -0.0248876 0.0963503 
qwerty 207 190 0 0.861603 1.61925 -3.61639 26.575 0.00986006 -0.0248876 0.0963503 
qwerty 207 190 0 0.861603 1.67218 -3.75 27.0923 0.00986006 -0.0248876 0.0963503 
qwerty 207 190 0 0.861603 1.68833 -3.79074 27.25 0.00986006 -0.0248876 0.0963503 
qwerty 207 190 0 0.861603 1.7574 -3.9651 27.925 0.00986006 -0.0248876 0.0963503 
qwerty 207 190 0 0.861603 1.82648 -4.13945 28.6 0.00986006 -0.0248876 0.0963503 
qwerty 207 190 0 0.861603 1.89555 -4.31381 29.275 0.00986006 -0.0248876 0.0963503 
qwerty 207 190 0 0.861603 1.96463 -4.48816 29.95 0.00986006 -0.0248876 0.0963503 
qwerty 207 190 0 0.861603 2.03371 -4.66252 30.625 0.00986006 -0.0248876 0.0963503 
qwerty 207 190 0 0.861603 2.10278 -4.83687 31.3 0.00986006 -0.0248876 0.0963503 
qwerty 207 190 0 0.861603 2.17186 -5.01123 31.975 0.00986006 -0.0248876 0.0963503 
qwerty 207 190 0 0.861603 2.24094 -5.18558 32.65 0.00986006 -0.0248876 0.0963503 
qwerty 207 190 0 0.727702 2.1199 -5.13127 33.325 -0.0200663 0.0109733 0.0973495 
qwerty 207 190 0 0.727702 1.98077 -5.05518 34 -0.0200663 0.0109733 0.0973495 
qwerty 207 190 0 0.727702 1.84163 -4.9791 34.675 -0.0200663 0.0109733 0.0973495 
qwerty 207 190 0 0.727702 1.7025 -4.90301 35.35 -0.0200663 0.0109733 0.0973495 
qwerty 207 190 0 0.727702 1.56336 -4.82692 36.025 -0.0200663 0.0109733 0.0973495 
qwerty 206 190 0 4.15206 1.37673 -2.22046 18.475 -0.00839706 -0.0324776 0.0942056 
qwerty 206 190 0 4.15206 1.31657 -2.45317 19.15 -0.00839706 -0.0324776 0.0942056 
qwerty 206 190 0 4.15206 1.2564 -2.68587 19.825 -0.00839706 -0.0324776 0.0942056 
qwerty 206 190 0 4.15206 1.19623 -2.91858 20.5 -0.00839706 -0.0324776 0.0942056 
qwerty 206 190 0 4.15206 1.13607 -3.15129 21.175 -0.00839706 -0.0324776 0.0942056 
qwerty 205 190 0 0.799824 1.41956 -1.97613 17.8 -0.0175507 -0.0270857 0.0946485 
qwerty 205 190 0 0.799824 1.29439 -2.1693 18.475 -0.0175507 -0.0270857 0.0946485 
qwerty 205 190 0 0.799824 1.16923 -2.36246 19.15 -0.0175507 -0.0270857 0.0946485 
qwerty 205 190 0 0.799824 1.04406 -2.55563 19.825 -0.0175507 -0.0270857 0.0946485 
qwerty 205 190 0 0.799824 0.918896 -2.7488 20.5 -0.0175507 -0.0270857 0.0946485 
qwerty 205 190 0 0.799824 0.79373 -2.94196 21.175 -0.0175507 -0.0270857 0.0946485 
qwerty 203 190 0 5.50956 1.46777 -1.76905 17.125 0.032534 -0.0117332 0.0938289 
qwerty 203 190 0 5.50956 1.70182 -1.85346 17.8 0.032534 -0.0117332 0.0938289 
qwerty 203 190 0 5.50956 1.93587 -1.93786 18.475 0.032534 -0.0117332 0.0938289 
qwerty 262 203 0.805165 2.42206 2.069 -1.85822 19.1087 -0.00557151 0.0688087 0.0723486 
qwerty 262 203 0.1181 2.30396 2.06582 -1.81897 19.15 -0.00948972 0.0680442 0.0726632 
qwerty 202 190 0 0.353963 1.50441 -1.74781 17.125 0.0379784 -0.00846298 0.0921196 
qwerty 202 190 0 0.353963 1.78269 -1.80982 17.8 0.0379784 -0.00846298 0.0921196 
qwerty 202 190 0 0.353963 2.06097 -1.87183 18.475 0.0379784 -0.00846298 0.0921196 
qwerty 202 190 0 0.167531 2.26245 -1.91673 18.9637 0.0332671 -0.0436941 -0.0835711 
qwerty 202 190 0 0.167531 2.38733 -2.08075 18.65 0.0332671 -0.0436941 -0.0835711 
qwerty 266 202 0.186432 0 2.26626 -1.91464 18.9862 0.01658 0.00911101 0.0981942 
qwerty 201 190 0 0.513651 1.49569 -1.77209 17.125 0.0366331 -0.0123766 0.0922217 
qwerty 201 190 0 0.513651 1.76382 -1.86268 17.8 0.0366331 -0.0123766 0.0922217 
qwerty 201 190 0 0.513651 2.03195 -1.95326 18.475 0.0366331 -0.0123766 0.0922217 
qwerty 201 190 0 0.35739 2.26693 -2.03265 19.0665 -0.0417675 -0.0578023 0.0701026 
qwerty 201 190 0 0.35739 2.2172 -2.10147 19.15 -0.0417675 -0.0578023 0.0701026 
qwerty 201 190 0 0.35739 1.81503 -2.65803 19.825 -0.0417675 -0.0578023 0.0701026 
qwerty 268 201 0.156261 0 2.28041 -2.02694 19.0755 0.0786412 0.0333282 0.0520076 
qwerty 200 190 0 5.36047 1.26933 -1.67603 16.45 0.00435379 0.00409432 0.0998212 
qwerty 200 190 0 5.36047 1.29878 -1.64834 17.125 0.00435379 0.00409432 0.0998212 
qwerty 200 190 0 5.36047 1.32822 -1.62066 17.8 0.00435379 0.00409432 0.0998212 
qwerty 200 190 0 5.36047 1.35766 -1.59297 18.475 0.00435379 0.00409432 0.0998212 
qwerty 200 190 0 5.36047 1.3871 -1.56528 19.15 0.00435379 0.00409432 0.0998212 
qwerty 200 190 0 5.36047 1.41654 -1.5376 19.825 0.00435379 0.00409432 0.0998212 
qwerty 200 190 0 5.36047 1.44598 -1.50991 20.5 0.00435379 0.00409432 0.0998212 
qwerty 200 190 0 5.36047 1.47542 -1.48223 21.175 0.00435379 0.00409432 0.0998212 
qwerty 200 190 0 5.36047 1.50486 -1.45454 21.85 0.00435379 0.00409432 0.0998212 
qwerty 200 190 0 5.36047 1.5343 -1.42685 22.525 0.00435379 0.00409432 0.0998212 
qwerty 200 190 0 5.36047 1.56374 -1.39917 23.2 0.00435379 0.00409432 0.0998212 
qwerty 200 190 0 5.36047 1.59318 -1.37148 23.875 0.00435379 0.00409432 0.0998212 
qwerty 200 190 0 5.36047 1.62262 -1.34379 24.55 0.00435379 0.00409432 0.0998212 
qwerty 200 190 0 5.36047 1.65206 -1.31611 25.225 0.00435379 0.00409432 0.0998212 
qwerty 200 190 0 5.36047 1.6815 -1.28842 25.9 0.00435379 0.00409432 0.0998212 
qwerty 200 190 0 5.36047 1.71095 -1.26074 26.575 0.00435379 0.00409432 0.0998212 
qwerty 200 190 0 5.36047 1.72236 -1.25 26.8368 0.00435379 0.00409432 0.0998212 
qwerty 200 190 0 5.36047 1.74039 -1.23305 27.25 0.00435379 0.00409432 0.0998212 
qwerty 200 190 0 5.36047 1.76983 -1.20536 27.925 0.00435379 0.00409432 0.0998212 
qwerty 200 190 0 5.36047 1.79927 -1.17768 28.6 0.00435379 0.00409432 0.0998212 
qwerty 200 190 0 0.213031 2.59966 -1.22438 28.3477 -0.0353829 -0.00377413 -0.0934548 
qwerty 200 190 0 0.213031 2.50587 -1.23439 28.1 -0.0353829 -0.00377413 -0.0934548 
qwerty 198 190 0 3.57373 1.24631 -1.75265 16.45 -5.7786e-05 -0.0103334 0.0994647 
qwerty 198 190 0 3.57373 1.24591 -1.82278 17.125 -5.7786e-05 -0.0103334 0.0994647 
qwerty 198 190 0 3.57373 1.24552 -1.8929 17.8 -5.7786e-05 -0.0103334 0.0994647 
qwerty 198 190 0 3.57373 1.24513 -1.96303 18.475 -5.7786e-05 -0.0103334 0.0994647 
qwerty 198 190 0 3.57373 1.24474 -2.03315 19.15 -5.7786e-05 -0.0103334 0.0994647 
qwerty 198 190 0 3.57373 1.24434 -2.10328 19.825 -5.7786e-05 -0.0103334 0.0994647 
qwerty 198 190 0 0.554491 1.24406 -2.15335 20.3069 0.087337 0.0408304 0.026554 
qwerty 198 190 0 0.554491 1.8791 -1.85646 20.5 0.087337 0.0408304 0.026554 
qwerty 263 203 0.299149 0.9381 2.03677 -2.0276 18.7941 0.00408848 -0.0840714 0.0539933 
qwerty 263 203 0.250023 0.688077 2.01404 -2.18507 18.8121 -0.0572488 -0.0760589 0.0306207 
qwerty 263 203 0.409395 0.278682 1.90317 -2.23665 18.9315 0.0615551 0.0166873 0.0770227 
qwerty 263 203 0.278682 0 1.92989 -2.22941 18.9649 0.0615551 0.0166873 0.0770227 
qwerty 263 203 0 0 1.92989 -2.22941 18.9649 0.0615551 0.0166873 0.0770227 
qwerty 241 209 1.02132 11.8871 1.09757 -2.36311 19.15 -0.0286433 -0.0246228 0.092592 
qwerty 241 209 0.190007 1.84963 1.03384 -2.39261 19.3355 0.0908398 0.00152206 0.0417829 
qwerty 241 209 0.32852 1.52111 1.25 -2.38899 19.4349 0.0955208 0.028344 0.00850782 
qwerty 241 209 0.460915 1.0602 1.52641 -2.38658 19.4375 0.087081 -0.0274598 -0.0407782 
qwerty 241 209 0.402448 0.657747 1.70265 -2.46624 19.3727 0.0952285 -0.0303134 -0.00355444 
qwerty 241 209 0.314882 0.342865 1.82959 -2.50868 19.3255 0.0390938 0.0550933 -0.073732 
qwerty 241 209 0.000989995 0.341875 1.82985 -2.5083 19.325 0.0456092 0.0537125 -0.0709561 
qwerty 241 209 0.01235 0.279208 1.8285 -2.50877 19.3306 -0.0415005 -0.0473377 0.0776972 
qwerty 241 209 0.00979199 0.269416 1.82579 -2.51113 19.3336 -0.064509 -0.0231708 0.0728128 
qwerty 241 209 0.00921033 0.260206 1.82242 -2.51299 19.3369 -0.0800306 -0.0380639 0.0463275 
qwerty 241 209 0.016114 0.244092 1.81742 -2.51595 19.3422 -0.0177319 -0.0918989 0.035216 
qwerty 241 209 0.026149 0.217943 1.81308 -2.52447 19.3464 -0.0252299 -0.0308581 0.0917128 
qwerty 241 209 0.0415671 0.176376 1.80811 -2.53126 19.3564 -0.032359 -0.0117156 0.0938916 
qwerty 241 209 0.0599236 0.116452 1.80456 -2.54209 19.3703 0.0236688 -0.0558779 0.0794824 
qwerty 241 209 0.116452 0 1.80699 -2.54783 19.3785 0.0236688 -0.0558779 0.0794824 
qwerty 241 209 0 0 1.80699 -2.54783 19.3785 0.0236688 -0.0558779 0.0794824 
qwerty 285 241 0.0292274 0.52394 1.0434 -2.41006 19.3337 0.0603217 -0.0743559 0.0288529 
qwerty 285 241 0.0346986 0.489242 1.05472 -2.42717 19.3353 0.0904234 -0.0309281 -0.029446 
qwerty 285 241 0.0333466 0.455895 1.06974 -2.4357 19.328 0.0835058 -0.0276355 -0.0475716 
qwerty 285 241 0.0108172 0.445078 1.075 -2.43744 19.325 0.0739207 -0.0500914 -0.0450175 
qwerty 273 198 0.330183 2.68906 1.21651 -2.1871 20.5 -0.000856185 -0.0365167 0.0930903 
qwerty 271 200 0.121289 0 2.6108 -1.22474 28.349 0.0993107 -0.00319658 0.0112773 
qwerty 270 200 0.83706 4.15513 1.6848 -1.29611 29.275 0.00155237 -0.0426293 0.0904452 
qwerty 288 273 0 0.403524 1.15674 -1.59818 20.8836 -0.0731794 -0.0279851 0.0621418 
qwerty 288 273 0 0.403524 0.813603 -1.72941 21.175 -0.0731794 -0.0279851 0.0621418 
qwerty 292 288 0.130656 0.865297 1.17338 -1.5134 20.8829 0.0336099 0.0940914 0.00414533 
qwerty 292 288 0.118996 0.746301 1.19325 -1.43625 20.857 -0.0020666 0.0981761 -0.0188992 
qwerty 292 288 0.141594 0.604707 1.17226 -1.3687 20.819 -0.0161303 0.0860364 -0.0483482 
qwerty 292 288 0.118031 0.486676 1.17743 -1.30736 20.7957 0.00460005 0.0785743 0.061684 
qwerty 292 288 0.211247 0.275429 1.18883 -1.26081 20.8523 -0.057696 -0.0713713 0.0397154 
qwerty 292 288 0.275429 0 1.16413 -1.29136 20.8693 -0.057696 -0.0713713 0.0397154 
qwerty 287 241 0 0.510999 1.70163 -2.41589 19.325 -0.0594905 0.0744978 -0.0301822 
qwerty 286 241 0 0.510999 2.68716 -3.65002 19.825 0.0594905 -0.0744978 0.0301822 
qwerty 283 241 0 1.49827 0.169188 -0.308437 19.825 -0.039245 0.0881637 0.0262105 
qwerty 283 241 0 1.49827 -0.524531 1.25 20.2883 -0.039245 0.0881637 0.0262105 
qwerty 283 241 0 1.49827 -0.841489 1.96204 20.5 -0.039245 0.0881637 0.0262105 
qwerty 283 241 0 1.49827 -1.25 2.87976 20.7728 -0.039245 0.0881637 0.0262105 
qwerty 283 241 0 1.49827 -1.85217 4.23253 21.175 -0.039245 0.0881637 0.0262105 
qwerty 283 241 0 1.49827 -2.75022 6.25 21.7748 -0.039245 0.0881637 0.0262105 
qwerty 283 241 0 1.49827 -2.86284 6.50301 21.85 -0.039245 0.0881637 0.0262105 
qwerty 283 241 0 1.49827 -3.75 8.496 22.4425 -0.039245 0.0881637 0.0262105 
qwerty 283 241 0 1.49827 -3.87352 8.77349 22.525 -0.039245 0.0881637 0.0262105 
qwerty 282 241 0 0.62079 0.442686 -1.43986 19.825 -0.0507811 0.072 0.0473 
qwerty 282 241 0 0.558327 0.176635 -0.797262 20.5 -0.0194234 0.0630068 0.0751856 
qwerty 282 241 0 0.558327 0.00225625 -0.231601 21.175 -0.0194234 0.0630068 0.0751856 
qwerty 282 241 0 0.558327 -0.172123 0.334061 21.85 -0.0194234 0.0630068 0.0751856 
qwerty 282 241 0 0.558327 -0.346502 0.899722 22.525 -0.0194234 0.0630068 0.0751856 
qwerty 282 241 0 0.558327 -0.454484 1.25 22.943 -0.0194234 0.0630068 0.0751856 
qwerty 282 241 0 0.558327 -0.520881 1.46538 23.2 -0.0194234 0.0630068 0.0751856 
qwerty 282 241 0 0.558327 -0.695261 2.03104 23.875 -0.0194234 0.0630068 0.0751856 
qwerty 282 241 0 0.558327 -0.86964 2.5967 24.55 -0.0194234 0.0630068 0.0751856 
qwerty 279 259 0 0.510999 1.25 -2.97589 21.1725 0.0480972 0.0827595 -0.02894 
qwerty 279 259 0 0.510999 2.07689 -1.55308 20.675 0.0480972 0.0827595 -0.02894 
qwerty 278 259 0 0.510999 0.800112 -3.75 21.4432 -0.0480972 -0.0827595 0.02894 
qwerty 278 259 0 0.510999 0.124091 -4.91321 21.85 -0.0480972 -0.0827595 0.02894 
qwerty 277 259 0 0.236902 1.96991 -3.05556 21.85 0.0800028 0.0112065 0.0589403 
qwerty 276 263 0 0.510999 2.10458 -2.41761 19.15 0.0551922 -0.0594599 0.0584666 
qwerty 275 263 0 0.510999 1.63258 -1.90912 18.65 -0.0551922 0.0594599 -0.0584666 
qwerty 275 263 0 0.510999 1.25 -1.49695 18.2447 -0.0551922 0.0594599 -0.0584666 
qwerty 275 263 0 0.510999 0.995384 -1.22265 17.975 -0.0551922 0.0594599 -0.0584666 
qwerty 223 217 0.682937 2.20555 0.676929 -1.67144 23.7315 0.0484478 0.0370597 0.0792426 
qwerty 223 217 0.423145 1.7824 0.764672 -1.60433 23.875 0.0185677 0.0667884 0.0720732 
qwerty 177 16 1.40107 7.2186 1.18486 -3.69892 17.8 -0.00373924 -0.0700619 0.0712555 
qwerty 177 16 0 3.72292 1.11538 -3.6919 17.975 -0.0799973 0.0559775 -0.0216091 
qwerty 177 16 0.936219 2.47928 0.695406 -3.51383 18.2371 -0.0484033 0.0657846 0.0577019 
qwerty 177 16 0.935007 1.54427 0.519059 -3.24955 18.4563 -0.0319931 0.0837079 0.0443783 
qwerty 177 16 0.0548178 1.48945 0.505599 -3.21433 18.475 -0.0414831 0.088414 0.021497 
qwerty 177 16 0.0554109 0.650291 0.487587 -3.1847 18.4416 0.0587027 0.0294781 -0.0753992 
qwerty 177 16 0.0526742 0.597616 0.500947 -3.17816 18.4105 0.0344866 0.0284751 -0.0894419 
qwerty 177 16 0.0747673 0.522849 0.505095 -3.16176 18.3758 0.0241772 0.0260825 -0.0934621 
qwerty 177 16 0.10624 0.41661 0.525328 -3.13033 18.3345 -0.0213684 0.079535 -0.0567238 
qwerty 177 16 0.393641 0.0229685 0.554359 -3.07834 18.2798 0.0599413 0.0790659 0.0124747 
qwerty 177 16 0.0229685 0 0.554707 -3.07788 18.2799 0.0599413 0.0790659 0.0124747 
qwerty 177 16 0 0 0.554707 -3.07788 18.2799 0.0599413 0.0790659 0.0124747 
qwerty 156 19 0.47575 8.78443 1.25 -2.57079 12.7119 0.0897199 -0.0289332 0.0333647 
qwerty 156 19 1.69798 6.33086 2.17321 -2.84641 13.0429 0.0923668 -0.0203369 0.0324776 
qwerty 156 19 0.173572 6.15729 2.26458 -2.86652 13.075 0.0919177 -0.0202409 0.0337853 
qwerty 317 156 0.0578932 0.697688 2.18685 -2.86942 13.0714 0.0353551 -0.0777541 0.0520031 
qwerty 317 156 0.00947096 0.688217 2.18932 -2.87487 13.075 0.0389825 -0.0689557 0.0610367 
qwerty 317 156 0.0278247 0.558442 2.1879 -2.85978 13.0615 0.0351977 0.0601789 -0.0716911 
qwerty 317 156 0.030291 0.528151 2.1964 -2.85052 13.0459 0.084859 0.0326941 -0.0415938 
qwerty 317 156 0.0348572 0.493294 2.21119 -2.8399 13.0348 0.0667403 0.0380793 -0.0639977 
qwerty 317 156 0.0899675 0.403326 2.22279 -2.83103 13.0151 0.0483472 -0.00777124 -0.0871903 
qwerty 317 156 0.0597942 0.343532 2.23516 -2.84353 12.9872 0.0135973 -0.0454304 -0.0880409 
qwerty 317 156 0.157522 0.18601 2.24835 -2.84434 12.939 -0.0300537 -0.0748861 -0.0590665 
qwerty 317 156 0.18601 0 2.24148 -2.86145 12.9255 -0.0300537 -0.0748861 -0.0590665 
qwerty 321 156 0 0.288318 1.90227 -2.09108 12.9915 0.0190796 0.0505985 0.0841176 
qwerty 321 156 0 0.288318 1.92121 -2.04087 13.075 0.0190796 0.0505985 0.0841176 
qwerty 321 156 0 0.288318 2.07431 -1.63484 13.75 0.0190796 0.0505985 0.0841176 
qwerty 321 156 0 0.288318 2.22741 -1.22882 14.425 0.0190796 0.0505985 0.0841176 
qwerty 323 321 0.00347315 0.166762 2.22589 -1.22836 14.4234 -0.0712947 -0.0375372 -0.0592286 
qwerty 323 321 0.00449048 0.162271 2.22444 -1.22879 14.4223 -0.0736472 -0.0437808 -0.0515688 
qwerty 323 321 0.0195146 0.142757 2.22287 -1.22932 14.4215 -0.0730758 -0.038846 -0.0561331 
qwerty 323 321 0.00540159 0.137355 2.22125 -1.22976 14.4203 -0.0879084 -0.0156978 -0.0450078 
qwerty 323 321 0.00730289 0.130052 2.21906 -1.23088 14.4185 -0.0604777 -0.0086734 -0.0791658 
qwerty 323 321 0.0116018 0.118451 2.21733 -1.23009 14.4154 0.00185637 -0.00503156 -0.0998561 
qwerty 323 321 0.0224233 0.0960273 2.21976 -1.22889 14.4095 0.0286875 0.0380659 -0.0879091 
qwerty 323 321 0.0960273 0 2.22192 -1.22603 14.4029 0.0286875 0.0380659 -0.0879091 
qwerty 322 321 0.222681 0 1.88338 -2.07461 12.974 -0.061803 0.0538929 -0.0572358 
qwerty 320 156 0 0.151976 2.13671 -2.25143 12.6693 -0.0765024 0.0551701 0.0332211 
qwerty 320 156 0 0.151976 1.25 -1.61197 13.0544 -0.0765024 0.0551701 0.0332211 
qwerty 320 156 0 0.151976 1.2025 -1.57772 13.075 -0.0765024 0.0551701 0.0332211 
qwerty 325 320 0.0232044 0 2.13692 -2.25121 12.6688 0.0343664 0.0360654 -0.0867078 
qwerty 319 156 0 2.60418 3.75 -4.33175 12.6506 0.0685553 -0.0693781 -0.0220646 
qwerty 319 156 0 2.60418 3.98495 -4.56952 12.575 0.0685553 -0.0693781 -0.0220646 
qwerty 319 156 0 2.60418 5.6455 -6.25 12.0405 0.0685553 -0.0693781 -0.0220646 
qwerty 319 156 0 2.60418 6.08219 -6.69193 11.9 0.0685553 -0.0693781 -0.0220646 
qwerty 319 156 0 2.60418 8.17943 -8.81434 11.225 0.0685553 -0.0693781 -0.0220646 
qwerty 319 156 0 0.384072 8.97247 -9.09996 11.725 0.0267379 0.038657 0.0882651 
qwerty 319 156 0 0.342848 9.05633 -8.75 12.0031 0.0162898 0.0825098 0.0540996 
qwerty 319 156 0 0.342848 9.17584 -8.14467 12.4 0.0162898 0.0825098 0.0540996 
qwerty 319 156 0 0.342848 9.37909 -7.1152 13.075 0.0162898 0.0825098 0.0540996 
qwerty 319 156 0 0.342848 9.5499 -6.25 13.6423 0.0162898 0.0825098 0.0540996 
qwerty 319 156 0 0.342848 9.58234 -6.08572 13.75 0.0162898 0.0825098 0.0540996 
qwerty 328 319 0.70727 1.21065 8.75207 -9.56808 10.7654 0.0218342 -0.0668969 -0.0710498 
qwerty 328 319 0.49388 0.716767 8.8269 -9.67497 10.5777 0.0938051 -0.0161003 -0.0306819 
qwerty 328 319 0.181867 0.534901 8.91161 -9.68951 10.55 0.0819523 0.00819199 -0.056716 
qwerty 318 156 0 0.89829 2.94325 -3.62377 13.75 0.0546142 -0.0627593 0.0554847 
qwerty 318 156 0 0.89829 3.60766 -4.38727 14.425 0.0546142 -0.0627593 0.0554847 
qwerty 318 156 0 0.89829 4.27207 -5.15077 15.1 0.0546142 -0.0627593 0.0554847 
qwerty 318 156 0 0.89829 4.93648 -5.91427 15.775 0.0546142 -0.0627593 0.0554847 
qwerty 318 156 0 0.89829 5.22864 -6.25 16.0718 0.0546142 -0.0627593 0.0554847 
qwerty 318 156 0 0.89829 5.60089 -6.67777 16.45 0.0546142 -0.0627593 0.0554847 
qwerty 318 156 0 0.89829 6.25 -7.42368 17.1095 0.0546142 -0.0627593 0.0554847 
qwerty 318 156 0 0.89829 6.2653 -7.44126 17.125 0.0546142 -0.0627593 0.0554847 
qwerty 318 156 0 0.254602 6.48563 -7.65468 16.625 0.0117967 -0.00745623 -0.0990214 
qwerty 316 177 0 0.510999 0.649162 -3.0307 18.475 0.0425785 0.0212683 0.0879473 
qwerty 316 177 0 0.510999 0.975955 -2.86746 19.15 0.0425785 0.0212683 0.0879473 
qwerty 316 177 0 0.510999 1.25 -2.73057 19.716 0.0425785 0.0212683 0.0879473 
qwerty 316 177 0 0.510999 1.30275 -2.70423 19.825 0.0425785 0.0212683 0.0879473 
qwerty 315 177 0 0.510999 0.407094 -3.15161 17.975 -0.0425785 -0.0212683 -0.0879473 
qwerty 315 177 0 0.510999 0.0803018 -3.31485 17.3 -0.0425785 -0.0212683 -0.0879473 
qwerty 315 177 0 0.510999 -0.24649 -3.47808 16.625 -0.0425785 -0.0212683 -0.0879473 
qwerty 315 177 0 0.217461 -0.777715 -2.56235 17.125 -0.0452998 0.0782069 0.0427973 
qwerty 334 315 0.00302763 0.0752397 -0.246032 -3.47772 16.6252 -0.0222222 0.0880432 0.0418875 
qwerty 334 315 0.00426867 0.070971 -0.24608 -3.47722 16.6255 0.00773259 0.0938515 0.0336468 
qwerty 334 315 0.00304229 0.0679287 -0.246124 -3.47675 16.6257 -0.0238107 0.0931079 0.0276399 
qwerty 334 315 0.00127077 0.0666579 -0.246238 -3.47634 16.626 -0.0688181 0.0616041 0.0383276 
qwerty 334 315 0.00197464 0.0646833 -0.246575 -3.47592 16.6261 -0.0654018 0.0693904 0.0301261 
qwerty 334 315 0.00184336 0.0628399 -0.247011 -3.47554 16.6264 -0.0233419 0.0625422 0.0744555 
qwerty 334 315 0.00550372 0.0573362 -0.247417 -3.47505 16.627 -0.0545134 0.043562 0.0716285 
qwerty 334 315 0.00435053 0.0529857 -0.247979 -3.47475 16.6278 -0.0264247 0.0463984 0.0845513 
qwerty 334 315 0.0142162 0.0387695 -0.247855 -3.47365 16.6288 -0.0234637 0.087137 0.0430884 
qwerty 334 315 0.0387695 0 -0.248214 -3.47232 16.6295 -0.0234637 0.087137 0.0430884 
qwerty 312 223 0 0.510999 0.756946 -1.66344 23.375 -0.00327988 -0.0164249 -0.0985874 
qwerty 312 223 0 0.510999 0.73449 -1.7759 22.7 -0.00327988 -0.0164249 -0.0985874 
qwerty 311 223 0 0.510999 0.796037 -1.46768 24.55 0.00327988 0.0164249 0.0985874 
qwerty 118 34 0.655064 2.17706 -1.9186 2.49982 1.21451 0.0750451 -0.0647909 0.0130527 
qwerty 118 34 0.621426 1.55563 -1.56695 2.36756 1.20504 0.0937185 -0.0288082 0.0196705 
qwerty 118 34 0.483104 1.07253 -1.32319 2.25148 1.24365 0.0881226 -0.044328 0.0164145 
qwerty 118 34 0.388397 0.684134 -1.18788 2.10157 1.35249 0.010337 0.0283714 0.0953321 
qwerty 118 34 0.525722 0.158411 -1.08769 2.07952 1.49555 0.0431387 0.0230777 0.0872151 
qwerty 118 34 0.158411 0 -1.08023 2.08351 1.51063 0.0431387 0.0230777 0.0872151 
qwerty 118 34 0 0 -1.08023 2.08351 1.51063 0.0431387 0.0230777 0.0872151 
qwerty 87 57 0.628475 1.86747 2.30047 -4.81733 12.9601 0.0954124 0.0101671 0.0281621 
qwerty 87 57 0.659135 1.20834 2.60248 -4.80819 13.0327 0.082559 0.0333509 0.0455162 
qwerty 87 57 0.152247 1.05609 2.67923 -4.77718 13.075 0.0412469 -0.0365993 0.0834217 
qwerty 46 43 0.816093 45.9885 1.07385 -1.69859 11.05 0.0116039 -0.0191551 0.0974599 
qwerty 46 43 0.793522 41.7536 1.22328 -1.85066 11.725 0.023633 -0.0298457 0.0924701 
qwerty 46 43 0.697243 38.0409 1.36145 -1.99804 12.2414 0.0276541 -0.019396 0.0941225 
qwerty 46 43 0.327266 37.7136 1.40806 -2.03073 12.4 0.0245733 -0.0199329 0.0948622 
qwerty 46 43 0.283072 21.5897 1.49205 -2.06173 12.7572 0.0114072 0.00298155 0.0993025 
qwerty 46 43 0.500514 21.0892 1.52855 -2.05219 13.075 0.0127701 0.011045 0.0985644 
qwerty 46 43 0.158834 13.9248 1.4989 -1.93893 13.2887 -0.0325763 0.0792378 0.0515767 
qwerty 46 43 1.13821 11.6804 1.29918 -1.3306 13.6491 -0.0263106 0.0895801 0.0358212 
qwerty 46 43 0.191114 11.4893 1.27551 -1.25 13.6813 -0.0282984 0.0903087 0.0323038 
qwerty 46 43 0.560832 10.9285 1.21531 -1.0579 13.75 -0.0314453 0.0874678 0.0368859 
qwerty 46 43 0.00406929 2.98116 1.25 -1.02172 13.9275 0.0439539 0.0500383 0.0745937 
qwerty 46 43 0.704143 2.27701 1.54851 -0.763938 14.1778 0.0281347 0.0439227 0.0853184 
qwerty 46 43 0.474767 1.80225 1.63002 -0.636686 14.425 0.0220151 0.0345867 0.0912091 
qwerty 363 46 0.198962 0.907199 1.24545 -1.25 13.6098 -0.072572 0.0642 -0.0247318 
qwerty 363 46 0.0822358 0.824963 1.21809 -1.20838 13.5903 -0.0525762 0.0810965 -0.0256728 
qwerty 363 46 0.0983415 0.726622 1.16217 -1.16803 13.5654 -0.047411 0.0481981 -0.0736827 
qwerty 363 46 0.297891 0.428731 1.15133 -1.135 13.518 -0.00354298 0.00783659 -0.0996295 
qwerty 363 46 0.124134 0.304598 1.17033 -1.11905 13.4649 0.028153 0.0678923 -0.0678088 
qwerty 363 46 0.304598 0 1.18443 -1.08506 13.431 0.028153 0.0678923 -0.0678088 
qwerty 356 46 0.168932 0.533763 1.3742 -2.0836 12.2525 0.0418018 -0.084294 0.0338692 
qwerty 356 46 0.279514 0.254249 1.36912 -2.15922 12.3279 -0.0228425 -0.0906635 0.0354731 
qwerty 356 46 0.106556 0.147693 1.34931 -2.181 12.3519 -0.00832781 -0.00647833 0.0994418 
qwerty 356 46 0.147693 0 1.34801 -2.18201 12.3674 -0.00832781 -0.00647833 0.0994418 
qwerty 368 46 0 0.510999 1.23906 -0.0116355 15.1 -0.0436203 0.060375 0.0667243 
qwerty 368 46 0 0.510999 0.797785 0.599133 15.775 -0.0436203 0.060375 0.0667243 
qwerty 368 46 0 0.510999 0.35651 1.2099 16.45 -0.0436203 0.060375 0.0667243 
qwerty 367 46 0 0.510999 2.0072 -1.07483 13.925 0.0436203 -0.060375 -0.0667243 
qwerty 367 46 0 0.510999 2.13377 -1.25 13.7314 0.0436203 -0.060375 -0.0667243 
qwerty 367 46 0 0.510999 2.44848 -1.68559 13.25 0.0436203 -0.060375 -0.0667243 
qwerty 367 46 0 0.491917 3.13994 -2.82272 12.575 0.0463755 -0.076708 -0.0443305 
qwerty 366 46 0 1.16146 3.21274 -2.099 14.425 0.0854682 -0.0470408 0.0219625 
qwerty 366 46 0 1.16146 5.83954 -3.54476 15.1 0.0854682 -0.0470408 0.0219625 
qwerty 365 46 0 0.77678 0.936847 -0.709437 14.425 -0.0339189 0.0415451 0.0844009 
qwerty 365 46 0 0.77678 0.665579 -0.377178 15.1 -0.0339189 0.0415451 0.0844009 
qwerty 365 46 0 0.77678 0.394311 -0.0449193 15.775 -0.0339189 0.0415451 0.0844009 
qwerty 365 46 0 0.77678 0.0404848 0.3359 16.45 -0.0425608 0.0451051 0.0784481 
qwerty 365 46 0 0.77678 -0.325726 0.724003 17.125 -0.0425608 0.0451051 0.0784481 
qwerty 365 46 0 0.77678 -0.691937 1.11211 17.8 -0.0425608 0.0451051 0.0784481 
qwerty 365 46 0 0.77678 -1.05815 1.50021 18.475 -0.0425608 0.0451051 0.0784481 
qwerty 365 46 0 0.77678 -1.42436 1.88831 19.15 -0.0425608 0.0451051 0.0784481 
qwerty 365 46 0 0.77678 -1.79057 2.27642 19.825 -0.0425608 0.0451051 0.0784481 
qwerty 365 46 0 0.77678 -2.15678 2.66452 20.5 -0.0425608 0.0451051 0.0784481 
qwerty 365 46 0 0.77678 -2.52299 3.05262 21.175 -0.0425608 0.0451051 0.0784481 
qwerty 365 46 0 0.77678 -2.8892 3.44073 21.85 -0.0425608 0.0451051 0.0784481 
qwerty 365 46 0 0.77678 -3.25541 3.82883 22.525 -0.0425608 0.0451051 0.0784481 
qwerty 365 46 0 0.77678 -3.62162 4.21693 23.2 -0.0425608 0.0451051 0.0784481 
qwerty 362 46 0.00029101 0 1.49138 -1.9205 13.3005 -0.0325017 0.0796315 0.0510144 
qwerty 380 362 0.00430645 0 1.49136 -1.92051 13.3005 -0.0746586 -0.0343079 -0.0570006 
qwerty 361 46 0 0.388333 1.44876 -1.84377 13.75 -0.014368 0.0284095 0.0947969 
qwerty 360 46 0 3.34062 1.36411 -1.76874 13.75 -0.0256891 0.0382536 0.088751 
qwerty 360 46 0 3.34062 1.25 -1.59881 14.1442 -0.0256891 0.0382536 0.088751 
qwerty 360 46 0 3.34062 1.16873 -1.4778 14.425 -0.0256891 0.0382536 0.088751 
qwerty 360 46 0 3.34062 1.01576 -1.25 14.9535 -0.0256891 0.0382536 0.088751 
qwerty 360 46 0 3.34062 0.973355 -1.18686 15.1 -0.0256891 0.0382536 0.088751 
qwerty 360 46 0 3.34062 0.777975 -0.895918 15.775 -0.0256891 0.0382536 0.088751 
qwerty 360 46 0 3.34062 0.582595 -0.604978 16.45 -0.0256891 0.0382536 0.088751 
qwerty 360 46 0 3.34062 0.387216 -0.314039 17.125 -0.0256891 0.0382536 0.088751 
qwerty 360 46 0 3.34062 0.191836 -0.0230987 17.8 -0.0256891 0.0382536 0.088751 
qwerty 360 46 0 3.34062 -0.00354372 0.267841 18.475 -0.0256891 0.0382536 0.088751 
qwerty 360 46 0 3.34062 -0.198923 0.558781 19.15 -0.0256891 0.0382536 0.088751 
qwerty 360 46 0 3.34062 -0.394303 0.849721 19.825 -0.0256891 0.0382536 0.088751 
qwerty 360 46 0 3.34062 -0.589683 1.14066 20.5 -0.0256891 0.0382536 0.088751 
qwerty 360 46 0 3.34062 -0.785062 1.4316 21.175 -0.0256891 0.0382536 0.088751 
qwerty 360 46 0 3.34062 -0.980442 1.72254 21.85 -0.0256891 0.0382536 0.088751 
qwerty 360 46 0 3.34062 -1.17582 2.01348 22.525 -0.0256891 0.0382536 0.088751 
qwerty 360 46 0 3.34062 -1.3712 2.30442 23.2 -0.0256891 0.0382536 0.088751 
qwerty 360 46 0 3.34062 -1.56658 2.59536 23.875 -0.0256891 0.0382536 0.088751 
qwerty 360 46 0 3.34062 -1.76196 2.8863 24.55 -0.0256891 0.0382536 0.088751 
qwerty 360 46 0 3.34062 -1.95734 3.17724 25.225 -0.0256891 0.0382536 0.088751 
qwerty 360 46 0 3.34062 -2.15272 3.46818 25.9 -0.0256891 0.0382536 0.088751 
qwerty 360 46 0 3.34062 -2.3481 3.75912 26.575 -0.0256891 0.0382536 0.088751 
qwerty 360 46 0 3.34062 -2.54348 4.05006 27.25 -0.0256891 0.0382536 0.088751 
qwerty 360 46 0 3.34062 -2.73886 4.341 27.925 -0.0256891 0.0382536 0.088751 
qwerty 360 46 0 3.34062 -2.93424 4.63194 28.6 -0.0256891 0.0382536 0.088751 
qwerty 360 46 0 3.34062 -3.12962 4.92288 29.275 -0.0256891 0.0382536 0.088751 
qwerty 360 46 0 3.34062 -3.325 5.21382 29.95 -0.0256891 0.0382536 0.088751 
qwerty 360 46 0 2.86555 -3.68538 5.62699 30.625 -0.042228 0.0479444 0.0769294 
qwerty 360 46 0 2.86555 -4.0559 6.04767 31.3 -0.042228 0.0479444 0.0769294 
qwerty 360 46 0 2.86555 -4.42642 6.46834 31.975 -0.042228 0.0479444 0.0769294 
qwerty 360 46 0 2.86555 -4.79695 6.88902 32.65 -0.042228 0.0479444 0.0769294 
qwerty 358 46 0.00029101 0 1.49216 -2.0617 12.7581 0.0125729 0.00359643 0.0991413 
qwerty 391 358 0.00540928 0 1.49212 -2.0617 12.7581 -0.095955 -0.00831112 0.0268993 
qwerty 357 46 0 12.9117 1.68961 -2.15936 13.075 0.0387993 -0.0168766 0.0906079 
qwerty 357 46 0 12.9117 1.97865 -2.28509 13.75 0.0387993 -0.0168766 0.0906079 
qwerty 357 46 0 12.9117 2.2677 -2.41081 14.425 0.0387993 -0.0168766 0.0906079 
qwerty 357 46 0 12.9117 2.55674 -2.53654 15.1 0.0387993 -0.0168766 0.0906079 
qwerty 357 46 0 12.9117 2.84578 -2.66227 15.775 0.0387993 -0.0168766 0.0906079 
qwerty 357 46 0 4.98235 3.11799 -3.03255 16.45 0.0319921 -0.0501715 0.0803699 
qwerty 357 46 0 4.98235 3.38668 -3.45392 17.125 0.0319921 -0.0501715 0.0803699 
qwerty 357 46 0 4.98235 3.57548 -3.75 17.5993 0.0319921 -0.0501715 0.0803699 
qwerty 357 46 0 4.98235 3.65537 -3.87529 17.8 0.0319921 -0.0501715 0.0803699 
qwerty 357 46 0 4.98235 3.75 -4.0237 18.0377 0.0319921 -0.0501715 0.0803699 
qwerty 357 46 0 4.98235 3.92406 -4.29667 18.475 0.0319921 -0.0501715 0.0803699 
qwerty 357 46 0 4.98235 4.19275 -4.71804 19.15 0.0319921 -0.0501715 0.0803699 
qwerty 357 46 0 4.98235 4.46144 -5.13942 19.825 0.0319921 -0.0501715 0.0803699 
qwerty 357 46 0 4.98235 4.73013 -5.56079 20.5 0.0319921 -0.0501715 0.0803699 
qwerty 392 357 0.837912 5.57684 3.07629 -2.86059 16.45 0.037095 -0.0225184 0.0900937 
qwerty 401 392 0 0.18604 2.78589 -2.99219 17.125 -0.042755 -0.012344 0.0895524 
qwerty 400 392 0 0.516537 3.75 -3.17616 16.8682 0.082947 -0.0327033 0.0452801 
qwerty 400 392 0 0.516537 4.2204 -3.36162 17.125 0.082947 -0.0327033 0.0452801 
qwerty 400 392 0 0.333639 5.16151 -3.96171 16.625 0.0672982 -0.0476214 -0.0565965 
qwerty 400 392 0 0.333639 5.96414 -4.52967 15.95 0.0672982 -0.0476214 -0.0565965 
qwerty 399 392 0 1.6227 3.75 -4.0189 16.8546 0.050758 -0.0820324 0.0263497 
qwerty 399 392 0 1.6227 4.27087 -4.8607 17.125 0.050758 -0.0820324 0.0263497 
qwerty 399 392 0 1.27354 4.52281 -6.08181 17.8 0.0158636 -0.0859616 0.048569 
qwerty 398 392 0 0.202078 3.32254 -2.9354 16.45 0.0587505 -0.0345661 0.0731681 
qwerty 396 393 0 0.172564 4.93312 -6.25 20.1791 0.0213225 -0.0776478 -0.0592974 
qwerty 396 393 0 0.172564 4.99753 -6.48457 20 0.0213225 -0.0776478 -0.0592974 
qwerty 395 393 0 0.458836 3.75 -6.37913 20.7542 -0.0815705 -0.0569219 0.0103026 
qwerty 395 393 0 0.458836 1.25 -8.12369 21.07 -0.0815705 -0.0569219 0.0103026 
qwerty 395 393 0 0.166487 0.696879 -8.50967 21.1398 0.081309 0.0445891 -0.0374254 
qwerty 395 393 0 0.166487 1.25 -8.20635 20.8852 0.081309 0.0445891 -0.0374254 
qwerty 395 393 0 0.166487 1.70672 -7.95589 20.675 0.081309 0.0445891 -0.0374254 
qwerty 412 395 0.040429 0.25192 0.681296 -8.52328 21.1356 -0.0892204 -0.0326802 -0.0311727 
qwerty 412 395 0.0506232 0.201296 0.665872 -8.53597 21.1336 -0.0958637 -0.0283033 -0.00301213 
qwerty 412 395 0.103577 0.0977193 0.642532 -8.5325 21.1256 -0.00129017 0.0981352 0.0191786 
qwerty 412 395 0.0977193 0 0.642432 -8.52489 21.1271 -0.00129017 0.0981352 0.0191786 
qwerty 354 46 0 0.156616 1.22478 -1.84983 11.725 0.0249604 -0.0219892 0.0943051 
qwerty 351 87 0 0.506272 3.24002 -9.7494 13.0226 0.023662 -0.0969363 -0.00659294 
qwerty 351 87 0 0.506272 3.75 -11.8386 12.8805 0.023662 -0.0969363 -0.00659294 
qwerty 351 87 0 0.498239 4.1306 -13.3979 12.7745 0.0255449 -0.0935989 -0.0242219 
qwerty 351 87 0 0.498239 4.34096 -14.1686 12.575 0.0255449 -0.0935989 -0.0242219 
qwerty 420 351 0.00803292 0 4.1306 -13.3979 12.7746 -0.00822367 -0.0268406 0.0959789 
qwerty 419 351 0.0047265 0 3.23999 -9.74941 13.0226 -0.0887354 -0.0242616 0.0392098 
qwerty 349 118 0 0.192561 -0.625609 1.79365 1.46365 -0.0941914 -0.0214937 -0.025807 
qwerty 349 118 0 0.192561 -1.95289 1.49077 1.1 -0.0941914 -0.0214937 -0.025807 
qwerty 424 349 0.318438 0 -0.575503 1.77459 1.46409 0.0934622 -0.035555 0.00081692 
qwerty 348 118 0 0.510999 -1.94504 2.6349 1.6 -0.084001 0.0535581 0.00868043 
qwerty 347 118 0 0.642246 -2.71209 3.71668 1.6 -0.0548248 0.0695378 0.0464621 
qwerty 347 118 0 0.642246 -3.50858 4.72692 2.275 -0.0548248 0.0695378 0.0464621 
qwerty 347 118 0 0.642246 -4.30508 5.73716 2.95 -0.0548248 0.0695378 0.0464621 
qwerty 347 118 0 0.642246 -5.10157 6.74741 3.625 -0.0548248 0.0695378 0.0464621 
qwerty 347 118 0 0.32991 -4.82891 7.31461 4.3 0.0628344 0.0407429 0.0662711 
qwerty 347 118 0 0.32991 -4.18891 7.72959 4.975 0.0628344 0.0407429 0.0662711 
qwerty 347 118 0 0.32991 -3.54892 8.14458 5.65 0.0628344 0.0407429 0.0662711 
qwerty 430 427 0 0.112744 -4.99379 7.28691 4.3 0.0473671 0.0431072 0.0767993 
qwerty 346 134 0 0.510999 0.324292 -3.27845 13.925 -0.0375539 0.0312194 -0.0872643 
qwerty 345 134 0 0.510999 0.829949 -3.69882 15.1 0.0375539 -0.0312194 0.0872643 
qwerty 345 134 0 0.510999 1.12043 -3.9403 15.775 0.0375539 -0.0312194 0.0872643 
qwerty 344 134 0 4.45132 0.511928 -3.75 14.8966 -0.00850966 -0.0537034 0.0839258 
qwerty 344 134 0 4.45132 0.491304 -3.88016 15.1 -0.00850966 -0.0537034 0.0839258 
qwerty 344 134 0 4.45132 0.422863 -4.31208 15.775 -0.00850966 -0.0537034 0.0839258 
qwerty 344 134 0 4.45132 0.354421 -4.74401 16.45 -0.00850966 -0.0537034 0.0839258 
qwerty 344 134 0 4.45132 0.285979 -5.17594 17.125 -0.00850966 -0.0537034 0.0839258 
qwerty 344 134 0 4.45132 0.217538 -5.60786 17.8 -0.00850966 -0.0537034 0.0839258 
qwerty 344 134 0 4.45132 0.149096 -6.03979 18.475 -0.00850966 -0.0537034 0.0839258 
qwerty 344 134 0 4.45132 0.115786 -6.25 18.8035 -0.00850966 -0.0537034 0.0839258 
qwerty 344 134 0 4.45132 0.0806542 -6.47172 19.15 -0.00850966 -0.0537034 0.0839258 
qwerty 344 134 0 4.45132 0.0122126 -6.90364 19.825 -0.00850966 -0.0537034 0.0839258 
qwerty 344 134 0 4.45132 -0.0562291 -7.33557 20.5 -0.00850966 -0.0537034 0.0839258 
qwerty 442 384 0 0.510999 -3.75 7.47473 33.1552 0.0827262 0.0430851 0.0360562 
qwerty 442 384 0 0.510999 -3.36048 7.67759 33.325 0.0827262 0.0430851 0.0360562 
qwerty 442 384 0 0.200848 -2.59189 8.07789 33.66 -0.00401435 -0.0962995 -0.0266512 
qwerty 442 384 0 0.200848 -2.61599 7.49978 33.5 -0.00401435 -0.0962995 -0.0266512 
qwerty 442 384 0 0.119548 -2.47292 7.31535 33.6417 0.0539013 -0.0242535 0.0806624 
qwerty 442 384 0 0.119548 -2.23348 7.20762 34 0.0539013 -0.0242535 0.0806624 
qwerty 445 442 0.00319645 0 -2.47291 7.31537 33.6417 0.039102 0.0893902 -0.0219186 
qwerty 443 442 0.310151 0 -2.55739 8.11101 33.679 0.0670201 0.0643422 0.0369916 
qwerty 440 394 0 0.510999 3.89734 -3.95216 20 -0.043929 0.0841124 -0.0315491 
qwerty 437 435 0 0.205191 -0.240538 -8.12499 20.2819 0.0903513 0.00967048 0.0417506 
qwerty 437 435 0 0.205191 0.231524 -8.07447 20.5 0.0903513 0.00967048 0.0417506 
qwerty 436 435 0 0.510999 0.0699915 -6.74662 21.175 0.0158438 0.0768736 0.0619631 
qwerty 436 435 0 0.510999 0.172345 -6.25 21.5753 0.0158438 0.0768736 0.0619631 
qwerty 436 435 0 0.510999 0.242588 -5.90919 21.85 0.0158438 0.0768736 0.0619631 
qwerty 436 435 0 0.510999 0.415184 -5.07176 22.525 0.0158438 0.0768736 0.0619631 
qwerty 436 435 0 0.510999 0.58778 -4.23433 23.2 0.0158438 0.0768736 0.0619631 
qwerty 436 435 0 0.510999 0.760376 -3.3969 23.875 0.0158438 0.0768736 0.0619631 
qwerty 436 435 0 0.510999 0.932972 -2.55947 24.55 0.0158438 0.0768736 0.0619631 
qwerty 436 435 0 0.510999 1.10557 -1.72204 25.225 0.0158438 0.0768736 0.0619631 
qwerty 436 435 0 0.510999 1.20286 -1.25 25.6055 0.0158438 0.0768736 0.0619631 
qwerty 436 435 0 0.510999 1.27816 -0.884615 25.9 0.0158438 0.0768736 0.0619631 
qwerty 436 435 0 0.510999 1.45076 -0.0471859 26.575 0.0158438 0.0768736 0.0619631 
qwerty 436 435 0 0.510999 1.62336 0.790243 27.25 0.0158438 0.0768736 0.0619631 
qwerty 436 435 0 0.510999 1.79595 1.62767 27.925 0.0158438 0.0768736 0.0619631 
qwerty 436 435 0 0.510999 1.96855 2.4651 28.6 0.0158438 0.0768736 0.0619631 
qwerty 436 435 0 0.457724 2.17372 2.81884 29.275 0.0273867 0.0381286 0.088296 
qwerty 453 437 0.28527 0 -0.262561 -8.15914 20.262 -0.0487061 -0.0755278 -0.043855 
