qwerty 1 0 0 200 0 0 -0.249999 0 0 0.1 
qwerty 3 1 0 77.6419 0.322769 -0.376619 0.25 0.0458291 -0.0534752 0.0709936 
qwerty 3 1 0 77.6419 0.758507 -0.885056 0.925 0.0458291 -0.0534752 0.0709936 
qwerty 4 3 1.67561 39.7149 1.81938 -0.963112 1.56138 0.092716 0.00318837 0.0373306 
qwerty 4 3 0.142607 39.5723 1.91531 -0.959813 1.6 0.0932185 0.00519422 0.0358236 
qwerty 4 3 1.03301 9.55483 2.50664 -1.16993 2.275 -0.00395077 -0.0575146 0.0817096 
qwerty 4 3 1.54206 5.91727 2.66331 -2.10076 2.16057 0.0279314 -0.092186 -0.026862 
qwerty 4 3 1.24678 4.67049 2.79065 -2.84999 1.91833 -0.0141569 -0.0796714 -0.0587541 
qwerty 4 3 0.452667 4.21782 2.75612 -3.04435 1.775 -0.0272675 -0.0588175 -0.076138 
qwerty 9 4 0.0459667 0.421279 1.82916 -0.968593 1.58412 0.0339555 -0.0451629 0.0825066 
qwerty 9 4 0.0220236 0.399256 1.83118 -0.976548 1.59579 0.0233239 -0.0800378 0.0552263 
qwerty 9 4 0.0220207 0.377235 1.83296 -0.982652 1.6 0.0458091 -0.0711132 0.0533333 
qwerty 9 4 0.0123532 0.360141 1.83071 -0.989829 1.59999 -0.0508674 -0.0854238 0.0107372 
qwerty 9 4 0.000890054 0.359251 1.83066 -0.989922 1.6 -0.0539696 -0.083939 0.00644381 
qwerty 9 4 0.00885467 0.262556 1.82553 -0.992023 1.59898 -0.0996576 0.00738955 -0.00370968 
qwerty 9 4 0.00717212 0.255384 1.82161 -0.991038 1.59851 -0.094174 0.0326643 0.0080184 
qwerty 9 4 0.00605317 0.249331 1.81763 -0.989658 1.59911 -0.0952887 0.0296639 0.0063337 
qwerty 9 4 0.00649246 0.242838 1.81336 -0.988721 1.5991 -0.0932995 0.0338102 0.0123315 
qwerty 9 4 0.00968925 0.233149 1.80919 -0.98758 1.59957 -0.0924878 0.0380191 -0.000745893 
qwerty 9 4 0.012162 0.220987 1.80555 -0.985784 1.59917 -0.0850657 0.0446322 -0.0277812 
qwerty 9 4 0.00725779 0.213729 1.80182 -0.984194 1.5976 -0.0936176 0.0268662 -0.0226706 
qwerty 9 4 0.00714357 0.206586 1.79795 -0.983774 1.59647 -0.0915099 0.0356037 -0.0189292 
qwerty 9 4 0.0124375 0.194148 1.79394 -0.982374 1.5963 -0.0826432 0.0514509 0.0228671 
qwerty 9 4 0.0160602 0.178088 1.79068 -0.980483 1.59706 -0.0998828 4.51521e-05 0.00484082 
qwerty 9 4 0.0102766 0.167811 1.78633 -0.979682 1.5967 -0.0997787 0.00347837 0.00566682 
qwerty 9 4 0.0157858 0.152025 1.78259 -0.980219 1.5962 -0.0975492 -0.0206821 -0.00751025 
qwerty 9 4 0.0244606 0.127565 1.77908 -0.981415 1.59485 -0.0975638 -0.0218446 -0.00203153 
qwerty 9 4 0.0129139 0.114651 1.77552 -0.983057 1.59597 -0.0979798 -0.0127092 0.0154412 
qwerty 9 4 0.0127358 0.101915 1.77241 -0.983536 1.59737 -0.0869351 -0.0476441 0.0131274 
qwerty 9 4 0.0259639 0.0759512 1.76813 -0.984576 1.59619 -0.063425 0.074202 0.0217101 
qwerty 9 4 0.0544532 0.021498 1.76742 -0.981395 1.59778 0.0593913 0.0627401 -0.0503622 
qwerty 9 4 0.021498 0 1.76774 -0.98106 1.59751 0.0593913 0.0627401 -0.0503622 
qwerty 19 4 0 0.0155341 3.03641 -3.43567 1.775 0.0259335 -0.0927859 -0.0267999 
qwerty 17 4 0 6.86948 3.18638 -0.714126 2.275 0.0786946 0.014152 0.0600573 
qwerty 17 4 0 6.86948 4.07085 -0.555069 2.95 0.0786946 0.014152 0.0600573 
qwerty 17 4 0 6.86948 4.95532 -0.396011 3.625 0.0786946 0.014152 0.0600573 
qwerty 17 4 0 6.86948 5.83979 -0.236953 4.3 0.0786946 0.014152 0.0600573 
qwerty 17 4 0 6.86948 6.25 -0.163183 4.61306 0.0786946 0.014152 0.0600573 
qwerty 17 4 0 6.86948 6.72426 -0.0778958 4.975 0.0786946 0.014152 0.0600573 
qwerty 17 4 0 1.83314 7.06783 -0.331218 5.65 0.0423287 -0.0323338 0.0846333 
qwerty 17 4 0 1.83314 7.40543 -0.589099 6.325 0.0423287 -0.0323338 0.0846333 
qwerty 17 4 0 1.83314 7.74303 -0.84698 7 0.0423287 -0.0323338 0.0846333 
qwerty 17 4 0 1.83314 8.08062 -1.10486 7.675 0.0423287 -0.0323338 0.0846333 
qwerty 17 4 0 1.83314 8.27063 -1.25 8.0549 0.0423287 -0.0323338 0.0846333 
qwerty 17 4 0 1.83314 8.41822 -1.36274 8.35 0.0423287 -0.0323338 0.0846333 
qwerty 17 4 0 0.795833 8.75 -2.72933 8.8433 0.0205699 -0.0933846 0.029261 
qwerty 17 4 0 0.795833 8.87773 -3.30921 9.025 0.0205699 -0.0933846 0.029261 
qwerty 17 4 0 0.795833 9.35224 -5.46343 9.7 0.0205699 -0.0933846 0.029261 
qwerty 29 17 0.00634503 0.214549 9.47468 -6.00693 9.8776 -0.0312797 0.0253651 0.0915325 
qwerty 29 17 0.00720258 0.207346 9.47379 -6.0057 9.88002 -0.0130585 0.0438131 0.0889376 
qwerty 29 17 0.00748009 0.199866 9.47302 -6.00389 9.88264 -0.0324176 0.0407492 0.0853733 
qwerty 29 17 0.00790895 0.191957 9.47071 -6.00185 9.88593 -0.0430179 0.0664437 0.0611121 
qwerty 29 17 0.0170807 0.174877 9.4675 -5.99745 9.88927 -0.0313926 0.094707 -0.00671455 
qwerty 29 17 0.0269632 0.147913 9.46467 -5.98971 9.89141 0.0580804 0.0647179 0.0493788 
qwerty 29 17 0.0314124 0.116501 9.4688 -5.98586 9.89988 0.0305097 0.0436148 0.0846576 
qwerty 29 17 0.116501 0 9.47199 -5.98129 9.90875 0.0305097 0.0436148 0.0846576 
qwerty 30 27 0 2.93514 6.95564 0.618756 5.65 0.0202644 0.0710001 0.0674414 
qwerty 30 27 0 2.93514 7.15846 1.32937 6.325 0.0202644 0.0710001 0.0674414 
qwerty 30 27 0 2.93514 7.36128 2.03999 7 0.0202644 0.0710001 0.0674414 
qwerty 30 27 0 2.93514 7.5641 2.75061 7.675 0.0202644 0.0710001 0.0674414 
qwerty 33 30 0.128633 0.552771 7.56913 2.80127 7.6436 -0.00824073 0.00653485 -0.0994454 
qwerty 33 30 0.0597797 0.492991 7.5644 2.81231 7.61454 0.00754101 0.0380543 -0.0921683 
qwerty 33 30 0.0958876 0.397103 7.57491 2.8284 7.58656 0.0507638 0.0361614 -0.0782009 
qwerty 33 30 0.0866971 0.310406 7.5947 2.85001 7.55638 0.0491714 0.0400142 -0.0773372 
qwerty 33 30 0.310406 0 7.62004 2.87063 7.51652 0.0491714 0.0400142 -0.0773372 
qwerty 16 4 0 0.893781 3.3844 -0.473056 2.275 0.0813809 0.0318195 0.0486279 
qwerty 16 4 0 0.557757 5.10172 0.629927 1.775 0.0787021 0.0529978 -0.0315787 
qwerty 16 4 0 0.288092 5.89292 0.439496 2.00158 0.0952431 -0.0288824 0.00972422 
qwerty 16 4 0 0.288092 6.25 0.331211 2.03803 0.0952431 -0.0288824 0.00972422 
qwerty 16 4 0 0.18155 7.62531 -0.0858509 2.17845 0.010866 0.0170207 -0.0979399 
qwerty 16 4 0 0.153446 7.64597 -0.0534909 1.99225 -0.0663253 0.058516 -0.0466566 
qwerty 16 4 0 0.153446 7.33714 0.218978 1.775 -0.0663253 0.058516 -0.0466566 
qwerty 39 16 0.0281044 0 7.64658 -0.0537868 1.99171 0.0707254 -0.0342794 -0.0618292 
qwerty 38 16 0.106542 0 7.63192 -0.088811 2.18379 0.0734418 -0.032908 0.059358 
qwerty 37 16 0.0147318 0 5.89283 0.439371 2.0018 -0.0321217 -0.046149 0.082695 
qwerty 15 4 0 0.389404 2.7033 -0.873629 2.275 0.0278667 -0.012647 0.0952024 
qwerty 15 4 0 0.389404 2.90088 -0.963298 2.95 0.0278667 -0.012647 0.0952024 
qwerty 13 4 0 0.545011 3.40418 -0.580704 2.275 0.0836812 0.0232444 0.0495697 
qwerty 13 4 0 0.545011 4.54369 -0.26418 2.95 0.0836812 0.0232444 0.0495697 
qwerty 13 4 0 0.545011 5.68319 0.0523445 3.625 0.0836812 0.0232444 0.0495697 
qwerty 13 4 0 0.545011 6.82269 0.368869 4.3 0.0836812 0.0232444 0.0495697 
qwerty 13 4 0 0.545011 7.9622 0.685393 4.975 0.0836812 0.0232444 0.0495697 
qwerty 13 4 0 0.545011 9.1017 1.00192 5.65 0.0836812 0.0232444 0.0495697 
qwerty 13 4 0 0.321078 9.88442 1.21934 6.11366 0.0599231 -0.0798256 0.00608993 
qwerty 13 4 0 0.305146 10.4832 0.421697 6.17451 0.0736915 -0.0616592 -0.0277074 
qwerty 13 4 0 0.305146 11.25 -0.219909 5.8862 0.0736915 -0.0616592 -0.0277074 
qwerty 13 4 0 0.305146 11.4128 -0.35609 5.825 0.0736915 -0.0616592 -0.0277074 
qwerty 45 13 0.0159316 0 10.4831 0.421532 6.17476 -0.0252482 -0.0529984 0.0809549 
qwerty 44 13 0.223934 0 9.89982 1.2417 6.12829 0.0499181 0.0725066 0.0474445 
qwerty 12 4 0 10.5631 3.75 -0.834901 1.95458 0.0980453 0.00623416 0.0186618 
qwerty 12 4 0 10.5631 5.43342 -0.727862 2.275 0.0980453 0.00623416 0.0186618 
qwerty 12 4 0 10.5631 8.97974 -0.502371 2.95 0.0980453 0.00623416 0.0186618 
qwerty 12 4 0 10.5631 11.25 -0.358017 3.38212 0.0980453 0.00623416 0.0186618 
qwerty 12 4 0 10.5631 12.5261 -0.27688 3.625 0.0980453 0.00623416 0.0186618 
qwerty 47 12 0 2.991 12.7933 -0.194372 3.8 -0.0874599 0.0346767 -0.0338866 
qwerty 47 12 1.01943 1.76383 12.7511 0.236215 3.83539 0.0126445 0.0858108 0.0497657 
qwerty 47 12 0.49882 1.26501 12.9108 0.504944 3.9216 -0.0083055 0.0745882 0.066088 
qwerty 47 12 0.410011 0.854996 12.7898 0.720162 4.00943 -0.0847799 -0.00739289 0.052514 
qwerty 47 12 0.392448 0.462549 12.594 0.670632 4.00743 -0.0367955 0.0678938 -0.0635336 
qwerty 47 12 0.441882 0.0206672 12.5602 0.732988 3.94908 -0.0658521 -0.0655273 0.0370092 
qwerty 47 12 0.0206672 0 12.5598 0.732661 3.94927 -0.0658521 -0.0655273 0.0370092 
qwerty 50 47 0 0.524218 12.6404 0.336709 4.3 -0.0194826 0.0701785 0.0685231 
qwerty 50 47 0 0.524218 12.4485 1.02802 4.975 -0.0194826 0.0701785 0.0685231 
qwerty 50 47 0 0.524218 12.3869 1.25 5.19175 -0.0194826 0.0701785 0.0685231 
qwerty 50 47 0 0.524218 12.2566 1.71932 5.65 -0.0194826 0.0701785 0.0685231 
qwerty 10 4 0 0.680695 3.75 -0.86802 2.00702 0.097538 0.00436983 0.0216156 
qwerty 10 4 0 0.680695 4.95925 -0.813844 2.275 0.097538 0.00436983 0.0216156 
qwerty 10 4 0 0.227412 5.46482 -1.10581 2.04821 -0.0741718 -0.0617766 -0.0261187 
qwerty 10 4 0 0.227412 4.68895 -1.75203 1.775 -0.0741718 -0.0617766 -0.0261187 
qwerty 55 10 0.17389 0 5.48372 -1.10996 2.04159 0.0924096 -0.0202838 -0.0323889 
qwerty 8 4 0 2.40497 1.32907 -1.22698 1.6 0.062071 -0.0341418 0.0705799 
qwerty 8 4 0 2.40497 1.92269 -1.5535 2.275 0.062071 -0.0341418 0.0705799 
qwerty 8 4 0 2.40497 2.51631 -1.88002 2.95 0.062071 -0.0341418 0.0705799 
qwerty 8 4 0 2.40497 3.10994 -2.20654 3.625 0.062071 -0.0341418 0.0705799 
qwerty 8 4 0 2.40497 3.70356 -2.53306 4.3 0.062071 -0.0341418 0.0705799 
qwerty 8 4 0 2.40497 4.29719 -2.85958 4.975 0.062071 -0.0341418 0.0705799 
qwerty 8 4 0 0.322995 4.69741 -2.51675 4.475 0.0492805 0.0485054 -0.0722403 
qwerty 60 57 0 0.273654 3.83665 -3.41003 4.475 -0.0547531 -0.0584584 -0.0598725 
qwerty 60 57 0 0.138001 3.92572 -3.28304 4.975 0.0204905 0.027543 0.093923 
qwerty 59 57 0 1.1413 4.40834 -2.47572 5.65 0.00865963 0.053297 0.0841691 
qwerty 59 57 0 1.03338 4.44673 -2.23943 6.02317 0.00115392 0.026324 0.0964661 
qwerty 59 57 0 1.03338 4.45034 -2.15706 6.325 0.00115392 0.026324 0.0964661 
qwerty 59 57 0 1.03338 4.45842 -1.97287 7 0.00115392 0.026324 0.0964661 
qwerty 59 57 0 1.03338 4.46649 -1.78867 7.675 0.00115392 0.026324 0.0964661 
qwerty 59 57 0 1.03338 4.47457 -1.60447 8.35 0.00115392 0.026324 0.0964661 
qwerty 59 57 0 0.219606 4.56139 -2.21263 7.85 0.0102758 -0.0742987 -0.066137 
qwerty 63 59 0.107911 0 4.44902 -2.23057 6.02221 0.0248887 0.0962953 -0.0103807 
qwerty 6 4 0 1.85057 1.24011 -1.25 1.52534 0.0580258 -0.0424228 0.0695221 
qwerty 6 4 0 1.85057 1.30242 -1.29556 1.6 0.0580258 -0.0424228 0.0695221 
qwerty 6 4 0 1.85057 1.8658 -1.70745 2.275 0.0580258 -0.0424228 0.0695221 
qwerty 6 4 0 1.85057 2.42919 -2.11934 2.95 0.0580258 -0.0424228 0.0695221 
qwerty 6 4 0 1.85057 2.99257 -2.53123 3.625 0.0580258 -0.0424228 0.0695221 
qwerty 6 4 0 0.54633 3.21819 -2.69618 3.89532 0.0838973 0.0531974 0.011458 
qwerty 6 4 0 0.311877 3.62699 -2.43697 3.95115 -0.0253233 0.0863448 0.0436268 
qwerty 6 4 0 0.311877 3.4245 -1.74654 4.3 -0.0253233 0.0863448 0.0436268 
qwerty 69 6 0.234454 0 3.65984 -2.43566 3.94666 0.0990017 0.00393259 -0.0135353 
qwerty 68 6 0.320668 0.983574 3.27925 -2.8299 3.98291 0.0681686 -0.0729543 0.00554156 
qwerty 68 6 0.274643 0.708931 3.33598 -2.97756 3.9635 0.0573686 -0.0810872 0.0115631 
qwerty 68 6 0.415417 0.293514 3.33884 -3.14521 4.01632 -0.0207228 0.00103645 0.0978238 
qwerty 68 6 0.293514 0 3.32905 -3.14472 4.06256 -0.0207228 0.00103645 0.0978238 
qwerty 2 1 0 257.335 -0.0707524 0.0825566 0.25 -0.0138274 0.0161343 0.0977164 
qwerty 2 1 0 257.335 -0.166268 0.194008 0.925 -0.0138274 0.0161343 0.0977164 
qwerty 2 1 0 257.335 -0.261784 0.30546 1.6 -0.0138274 0.0161343 0.0977164 
qwerty 2 1 0 257.335 -0.3573 0.416912 2.275 -0.0138274 0.0161343 0.0977164 
qwerty 2 1 0 257.335 -0.452816 0.528363 2.95 -0.0138274 0.0161343 0.0977164 
qwerty 2 1 0 257.335 -0.548332 0.639815 3.625 -0.0138274 0.0161343 0.0977164 
qwerty 2 1 0 257.335 -0.643848 0.751266 4.3 -0.0138274 0.0161343 0.0977164 
qwerty 2 1 0 257.335 -0.739364 0.862718 4.975 -0.0138274 0.0161343 0.0977164 
qwerty 2 1 0 257.335 -0.834879 0.97417 5.65 -0.0138274 0.0161343 0.0977164 
qwerty 73 2 0.780166 108.146 -0.91599 1.10296 6.325 -0.0120154 0.017257 0.0977641 
qwerty 73 2 0.805114 84.6926 -1.04995 1.20192 7 -0.021355 0.0156673 0.0964287 
qwerty 73 2 0.833718 79.7848 -1.15712 1.36755 7.675 -0.0132829 0.026137 0.0956056 
qwerty 73 2 0.891402 69.3872 -1.14749 1.6362 8.35 0.00704588 0.0394626 0.0916136 
qwerty 73 2 0.0695152 31.75 -1.14398 1.71771 8.57285 -0.00820811 0.0395328 0.0914865 
qwerty 73 2 0.698405 30.1627 -1.16283 1.82119 8.80961 -0.0124038 0.0351646 0.0927879 
qwerty 73 2 0.360415 29.8023 -1.19162 1.90282 9.025 -0.0132616 0.0360688 0.092321 
qwerty 86 73 0.0754553 0.813437 -1.20205 1.84614 8.83689 -0.09275 0.0292586 0.0232673 
qwerty 86 73 0.124432 0.689005 -1.25 1.86126 8.84892 -0.0993705 0.0111962 -0.000377871 
qwerty 86 73 0.0755514 0.613454 -1.28678 1.85618 8.85079 -0.0967265 -0.0208588 -0.0144529 
qwerty 86 73 0.0605515 0.552902 -1.32365 1.85732 8.849 -0.0980211 0.0014887 0.0197394 
qwerty 86 73 0.117871 0.435032 -1.36587 1.87154 8.8582 -0.0984132 -0.0133854 -0.0116479 
qwerty 86 73 0.171017 0.264014 -1.43101 1.84433 8.89122 -0.0439602 -0.0896356 0.00574108 
qwerty 86 73 0.264014 0 -1.44861 1.80843 8.89352 -0.0439602 -0.0896356 0.00574108 
qwerty 72 2 0.560955 137.668 -0.879871 1.07674 6.12664 -0.00773004 0.021485 0.0973583 
qwerty 72 2 0.286453 137.381 -0.89562 1.12052 6.325 -0.00878262 0.0197237 0.0976414 
qwerty 72 2 0.856107 51.2771 -1.01466 1.22591 7 -0.0236466 0.0155622 0.0959096 
qwerty 72 2 0.748131 42.4834 -1.03064 1.42335 7.675 0.00151505 0.0295526 0.0955215 
qwerty 72 2 0.116698 37.1313 -1.01195 1.50615 7.90403 0.0189972 0.0309925 0.0931589 
qwerty 72 2 0.942399 36.1889 -0.921013 1.65452 8.35 0.0200353 0.032127 0.0925551 
qwerty 72 2 0.910471 31.6581 -0.903993 1.98627 9.025 0.00260888 0.0471096 0.0881696 
qwerty 72 2 0.918749 23.9558 -1.05009 2.39149 9.7 -0.0158259 0.0570212 0.0806109 
qwerty 72 2 0.2155 19.3015 -1.21958 2.4416 9.98785 -0.0610089 -0.0148974 0.0778202 
qwerty 72 2 0.080876 19.2206 -1.25 2.43417 10.0267 -0.0620892 -0.0158288 0.0767749 
qwerty 72 2 0.684769 18.5359 -1.53171 2.36235 10.375 -0.0706679 -0.00545195 0.0705431 
qwerty 124 72 0.0464553 0.253085 -1.20882 2.4436 10.0007 0.0648719 0.0503041 0.0571064 
qwerty 124 72 0.0512571 0.201828 -1.2037 2.45931 10.015 0.0559209 0.040473 0.0723518 
qwerty 124 72 0.107793 0.0940355 -1.20267 2.45946 10.0449 0.0337048 -0.0881287 0.0331257 
qwerty 124 72 0.0940355 0 -1.20022 2.45306 10.0473 0.0337048 -0.0881287 0.0331257 
qwerty 132 72 0 2.4557 -1.28153 2.43326 9.875 0.06004 0.00147823 -0.0799563 
qwerty 132 72 0 2.4557 -0.774666 2.44574 9.2 0.06004 0.00147823 -0.0799563 
qwerty 132 72 0 2.4557 -0.267801 2.45822 8.525 0.06004 0.00147823 -0.0799563 
qwerty 132 72 0 2.4557 0.239064 2.4707 7.85 0.06004 0.00147823 -0.0799563 
qwerty 132 72 0 2.4557 0.745928 2.48318 7.175 0.06004 0.00147823 -0.0799563 
qwerty 132 72 0 2.4557 1.25279 2.49566 6.5 0.06004 0.00147823 -0.0799563 
qwerty 132 72 0 2.4557 1.75966 2.50814 5.825 0.06004 0.00147823 -0.0799563 
qwerty 132 72 0 2.4557 2.26652 2.52061 5.15 0.06004 0.00147823 -0.0799563 
qwerty 132 72 0 2.4557 2.77339 2.53309 4.475 0.06004 0.00147823 -0.0799563 
qwerty 132 72 0 2.4557 3.28025 2.54557 3.8 0.06004 0.00147823 -0.0799563 
qwerty 132 72 0 2.4557 3.75 2.55714 3.17443 0.06004 0.00147823 -0.0799563 
qwerty 132 72 0 2.4557 3.78712 2.55805 3.125 0.06004 0.00147823 -0.0799563 
qwerty 132 72 0 2.4557 4.29398 2.57053 2.45 0.06004 0.00147823 -0.0799563 
qwerty 132 72 0 2.4557 4.80085 2.58301 1.775 0.06004 0.00147823 -0.0799563 
qwerty 132 72 0 2.4557 5.30771 2.59549 1.1 0.06004 0.00147823 -0.0799563 
qwerty 132 72 0 2.4557 5.81458 2.60797 0.425 0.06004 0.00147823 -0.0799563 
qwerty 132 72 0 2.4557 6.32144 2.62045 -0.25 0.06004 0.00147823 -0.0799563 
qwerty 134 130 0.995535 2.68455 -1.9794 2.80002 11.0036 -0.0497184 0.0137658 0.0856655 
qwerty 134 130 0.0765173 2.60803 -2.00633 2.80748 11.05 -0.0481173 0.0266887 0.0835011 
qwerty 135 134 0 1.02083 -2.51744 2.75398 11.725 -0.0620007 -0.00747683 0.0781025 
qwerty 135 134 0 1.02083 -3.05328 2.68936 12.4 -0.0620007 -0.00747683 0.0781025 
qwerty 135 134 0 1.02083 -3.58912 2.62474 13.075 -0.0620007 -0.00747683 0.0781025 
qwerty 135 134 0 1.02083 -4.12497 2.56012 13.75 -0.0620007 -0.00747683 0.0781025 
qwerty 135 134 0 1.02083 -4.66081 2.4955 14.425 -0.0620007 -0.00747683 0.0781025 
qwerty 135 134 0 1.02083 -5.19665 2.43089 15.1 -0.0620007 -0.00747683 0.0781025 
qwerty 135 134 0 1.02083 -5.73249 2.36627 15.775 -0.0620007 -0.00747683 0.0781025 
qwerty 135 134 0 0.229812 -6.03237 2.35619 15.275 -0.0272197 0.00349833 -0.0961605 
qwerty 136 135 0.00451914 0.203709 -5.85246 2.35112 15.9513 0.000482907 0.0814434 0.0580236 
qwerty 136 135 0.00787596 0.195833 -5.85268 2.35345 15.9527 0.00716511 0.0899843 0.0430289 
qwerty 136 135 0.0110026 0.18483 -5.85298 2.35584 15.9539 -0.00997407 0.0666433 0.0738863 
qwerty 136 135 0.00525231 0.179578 -5.85316 2.3577 15.9553 -0.00988618 0.0726061 0.0680487 
qwerty 136 135 0.00694536 0.172632 -5.85376 2.36018 15.9573 -0.0341467 0.0472824 0.0812304 
qwerty 136 135 0.0182682 0.154364 -5.85479 2.36161 15.9602 -0.0377276 0.0530687 0.0758969 
qwerty 136 135 0.0146073 0.139757 -5.85605 2.36568 15.9633 -0.0605622 0.0347509 0.0715862 
qwerty 136 135 0.025424 0.114333 -5.8607 2.36517 15.9688 -0.0928797 -0.0108569 0.035433 
qwerty 136 135 0.0590814 0.0552514 -5.87091 2.36844 15.9673 -0.0687454 0.0683376 0.0245774 
qwerty 136 135 0.0552514 0 -5.87288 2.3704 15.968 -0.0687454 0.0683376 0.0245774 
qwerty 128 72 0 4.71159 -1.93967 2.03287 11.05 -0.0454496 -0.0399139 0.0796318 
qwerty 128 72 0 4.71159 -2.32493 1.69454 11.725 -0.0454496 -0.0399139 0.0796318 
qwerty 128 72 0 4.71159 -2.71018 1.35621 12.4 -0.0454496 -0.0399139 0.0796318 
qwerty 128 72 0 4.71159 -3.09543 1.01788 13.075 -0.0454496 -0.0399139 0.0796318 
qwerty 128 72 0 4.71159 -3.48069 0.679546 13.75 -0.0454496 -0.0399139 0.0796318 
qwerty 128 72 0 4.71159 -3.75 0.443037 14.2219 -0.0454496 -0.0399139 0.0796318 
qwerty 128 72 0 4.71159 -3.86594 0.341215 14.425 -0.0454496 -0.0399139 0.0796318 
qwerty 128 72 0 1.61079 -4.22534 0.025589 15.0547 -0.071716 -0.0646496 0.026024 
qwerty 128 72 0 1.61079 -4.35017 -0.0869407 15.1 -0.071716 -0.0646496 0.026024 
qwerty 128 72 0 0.304186 -4.21064 -0.29854 14.6 0.0382415 -0.0224093 -0.0896405 
qwerty 128 72 0 0.304186 -3.92268 -0.467283 13.925 0.0382415 -0.0224093 -0.0896405 
qwerty 141 128 0.295798 2.805 -4.23875 0.0141827 15.1 -0.0109679 -0.0123956 0.0986208 
qwerty 144 142 0 0.431051 -6.25 -0.558075 15.605 -0.094476 -0.020224 0.025793 
qwerty 144 142 0 0.431051 -6.87265 -0.691362 15.775 -0.094476 -0.020224 0.025793 
qwerty 125 72 0 0.857283 -2.12482 2.35936 11.05 -0.0660739 -0.000265844 0.0750611 
qwerty 125 72 0 0.857283 -2.719 2.35697 11.725 -0.0660739 -0.000265844 0.0750611 
qwerty 125 72 0 0.857283 -3.31318 2.35458 12.4 -0.0660739 -0.000265844 0.0750611 
qwerty 125 72 0 0.857283 -3.75 2.35283 12.8962 -0.0660739 -0.000265844 0.0750611 
qwerty 125 72 0 0.857283 -3.90736 2.35219 13.075 -0.0660739 -0.000265844 0.0750611 
qwerty 125 72 0 0.857283 -4.50154 2.3498 13.75 -0.0660739 -0.000265844 0.0750611 
qwerty 125 72 0 0.857283 -5.09572 2.34741 14.425 -0.0660739 -0.000265844 0.0750611 
qwerty 125 72 0 0.857283 -5.6899 2.34502 15.1 -0.0660739 -0.000265844 0.0750611 
qwerty 125 72 0 0.857283 -6.25 2.34277 15.7363 -0.0660739 -0.000265844 0.0750611 
qwerty 125 72 0 0.857283 -6.28408 2.34263 15.775 -0.0660739 -0.000265844 0.0750611 
qwerty 125 72 0 0.857283 -6.87827 2.34024 16.45 -0.0660739 -0.000265844 0.0750611 
qwerty 125 72 0 0.857283 -7.47245 2.33785 17.125 -0.0660739 -0.000265844 0.0750611 
qwerty 125 72 0 0.857283 -8.06663 2.33546 17.8 -0.0660739 -0.000265844 0.0750611 
qwerty 125 72 0 0.857283 -8.66081 2.33307 18.475 -0.0660739 -0.000265844 0.0750611 
qwerty 125 72 0 0.857283 -9.25499 2.33068 19.15 -0.0660739 -0.000265844 0.0750611 
qwerty 125 72 0 0.857283 -9.84917 2.32829 19.825 -0.0660739 -0.000265844 0.0750611 
qwerty 125 72 0 0.857283 -10.4434 2.3259 20.5 -0.0660739 -0.000265844 0.0750611 
qwerty 125 72 0 0.857283 -11.0375 2.3235 21.175 -0.0660739 -0.000265844 0.0750611 
qwerty 125 72 0 0.857283 -11.6317 2.32111 21.85 -0.0660739 -0.000265844 0.0750611 
qwerty 125 72 0 0.273805 -11.9495 2.31984 22.211 -0.0191004 0.0829268 -0.0525198 
qwerty 125 72 0 0.273805 -12.0172 2.61355 22.025 -0.0191004 0.0829268 -0.0525198 
qwerty 125 72 0 0.273805 -12.2626 3.67935 21.35 -0.0191004 0.0829268 -0.0525198 
qwerty 148 125 0.188399 0.395079 -11.9915 2.33505 22.2933 -0.0875079 -0.0206305 0.0437806 
qwerty 148 125 0.318181 0.0768984 -12.0564 2.31975 22.3258 0.0885146 -0.00773564 -0.0458839 
qwerty 148 125 0.0768984 0 -12.0518 2.31935 22.3235 0.0885146 -0.00773564 -0.0458839 
qwerty 123 72 0 0.735129 -1.25 2.44889 10.0431 -0.0541558 -0.00872801 0.083612 
qwerty 123 72 0 0.735129 -1.46496 2.41424 10.375 -0.0541558 -0.00872801 0.083612 
qwerty 123 72 0 0.735129 -1.90217 2.34378 11.05 -0.0541558 -0.00872801 0.083612 
qwerty 123 72 0 0.735129 -2.33937 2.27332 11.725 -0.0541558 -0.00872801 0.083612 
qwerty 123 72 0 0.735129 -2.77657 2.20286 12.4 -0.0541558 -0.00872801 0.083612 
qwerty 123 72 0 0.735129 -3.21377 2.1324 13.075 -0.0541558 -0.00872801 0.083612 
qwerty 123 72 0 0.735129 -3.65097 2.06194 13.75 -0.0541558 -0.00872801 0.083612 
qwerty 123 72 0 0.735129 -4.08817 1.99147 14.425 -0.0541558 -0.00872801 0.083612 
qwerty 123 72 0 0.572577 -4.52245 1.92148 15.0955 0.00233271 0.0140699 0.0989778 
qwerty 123 72 0 0.572577 -4.52234 1.92212 15.1 0.00233271 0.0140699 0.0989778 
qwerty 123 72 0 0.572577 -4.50643 2.01808 15.775 0.00233271 0.0140699 0.0989778 
qwerty 123 72 0 0.572577 -4.49052 2.11403 16.45 0.00233271 0.0140699 0.0989778 
qwerty 123 72 0 0.572577 -4.47461 2.20998 17.125 0.00233271 0.0140699 0.0989778 
qwerty 123 72 0 0.572577 -4.45871 2.30593 17.8 0.00233271 0.0140699 0.0989778 
qwerty 150 123 0.00882608 0.153726 -4.52461 1.92054 15.0956 -0.0994495 -0.0103952 -0.00132013 
qwerty 150 123 0.00867693 0.145049 -4.52712 1.92062 15.0952 -0.0970184 -0.0160243 0.0181838 
qwerty 150 123 0.0096082 0.135441 -4.52982 1.92012 15.0952 -0.0897684 -0.040382 -0.0176331 
qwerty 150 123 0.00690838 0.128533 -4.53262 1.91896 15.0942 -0.0712352 -0.0275541 -0.0645471 
qwerty 150 123 0.00996553 0.118567 -4.5345 1.91831 15.0915 -0.0668713 -0.0192042 -0.0718292 
qwerty 150 123 0.0272278 0.0913394 -4.53765 1.91915 15.0874 -0.0692403 0.0323718 -0.0644813 
qwerty 150 123 0.0305801 0.0607593 -4.54091 1.92565 15.0851 -0.0737978 0.0660886 -0.0136447 
qwerty 150 123 0.0607593 0 -4.54341 1.92789 15.0846 -0.0737978 0.0660886 -0.0136447 
qwerty 120 72 0 2.71563 -1.01454 2.37809 9.7 -0.0108947 0.0543989 0.083199 
qwerty 120 72 0 2.71563 -1.10293 2.81943 10.375 -0.0108947 0.0543989 0.083199 
qwerty 120 72 0 2.71563 -1.19132 3.26077 11.05 -0.0108947 0.0543989 0.083199 
qwerty 120 72 0 2.71563 -1.25 3.5538 11.4982 -0.0108947 0.0543989 0.083199 
qwerty 120 72 0 2.71563 -1.2797 3.70211 11.725 -0.0108947 0.0543989 0.083199 
qwerty 120 72 0 2.71563 -1.36809 4.14346 12.4 -0.0108947 0.0543989 0.083199 
qwerty 120 72 0 2.71563 -1.45648 4.5848 13.075 -0.0108947 0.0543989 0.083199 
qwerty 120 72 0 2.71563 -1.54487 5.02614 13.75 -0.0108947 0.0543989 0.083199 
qwerty 120 72 0 2.71563 -1.63326 5.46748 14.425 -0.0108947 0.0543989 0.083199 
qwerty 154 120 0.108949 0.826983 -1.6851 5.52745 14.6515 -0.0167839 -0.0713299 0.0680467 
qwerty 154 120 0.0983663 0.728617 -1.71259 5.49417 14.7004 -0.000793493 -0.0645691 0.0763558 
qwerty 154 120 0.103453 0.625163 -1.69902 5.44288 14.7385 -0.0164863 -0.0977975 0.0128006 
qwerty 154 120 0.156218 0.468946 -1.71648 5.36958 14.7836 0.0643155 -0.0431123 0.0632839 
qwerty 154 120 0.422463 0.0464833 -1.65638 5.32929 14.8427 -0.00977868 -0.0178468 0.0979075 
qwerty 154 120 0.0464833 0 -1.65658 5.32892 14.8448 -0.00977868 -0.0178468 0.0979075 
qwerty 119 72 0 1.54784 -1.07348 2.18917 9.7 -0.0245359 0.0255172 0.0935247 
qwerty 119 72 0 1.54784 -1.25 2.37275 10.3729 -0.0245359 0.0255172 0.0935247 
qwerty 119 72 0 1.54784 -1.25056 2.37333 10.375 -0.0245359 0.0255172 0.0935247 
qwerty 119 72 0 1.54784 -1.42765 2.5575 11.05 -0.0245359 0.0255172 0.0935247 
qwerty 119 72 0 1.54784 -1.60473 2.74167 11.725 -0.0245359 0.0255172 0.0935247 
qwerty 119 72 0 1.54784 -1.78182 2.92583 12.4 -0.0245359 0.0255172 0.0935247 
qwerty 119 72 0 1.54784 -1.9589 3.11 13.075 -0.0245359 0.0255172 0.0935247 
qwerty 119 72 0 1.54784 -2.13598 3.29416 13.75 -0.0245359 0.0255172 0.0935247 
qwerty 119 72 0 1.54784 -2.31307 3.47833 14.425 -0.0245359 0.0255172 0.0935247 
qwerty 119 72 0 1.54784 -2.49015 3.6625 15.1 -0.0245359 0.0255172 0.0935247 
qwerty 119 72 0 1.54784 -2.66724 3.84666 15.775 -0.0245359 0.0255172 0.0935247 
qwerty 119 72 0 1.54784 -2.84432 4.03083 16.45 -0.0245359 0.0255172 0.0935247 
qwerty 119 72 0 1.54784 -3.02141 4.215 17.125 -0.0245359 0.0255172 0.0935247 
qwerty 119 72 0 1.54784 -3.19849 4.39916 17.8 -0.0245359 0.0255172 0.0935247 
qwerty 119 72 0 1.54784 -3.37557 4.58333 18.475 -0.0245359 0.0255172 0.0935247 
qwerty 119 72 0 1.54784 -3.55266 4.76749 19.15 -0.0245359 0.0255172 0.0935247 
qwerty 119 72 0 1.54784 -3.72974 4.95166 19.825 -0.0245359 0.0255172 0.0935247 
qwerty 119 72 0 1.54784 -3.90683 5.13583 20.5 -0.0245359 0.0255172 0.0935247 
qwerty 119 72 0 1.54784 -4.08391 5.31999 21.175 -0.0245359 0.0255172 0.0935247 
qwerty 119 72 0 1.46122 -4.37344 5.4252 21.85 -0.039929 0.0134145 0.0906958 
qwerty 119 72 0 1.46122 -4.67061 5.52503 22.525 -0.039929 0.0134145 0.0906958 
qwerty 119 72 0 1.46122 -4.96778 5.62487 23.2 -0.039929 0.0134145 0.0906958 
qwerty 119 72 0 1.46122 -5.26495 5.72471 23.875 -0.039929 0.0134145 0.0906958 
qwerty 119 72 0 1.46122 -5.56212 5.82454 24.55 -0.039929 0.0134145 0.0906958 
qwerty 119 72 0 1.46122 -5.85929 5.92438 25.225 -0.039929 0.0134145 0.0906958 
qwerty 119 72 0 1.46122 -6.15646 6.02422 25.9 -0.039929 0.0134145 0.0906958 
qwerty 119 72 0 1.46122 -6.25 6.05564 26.1125 -0.039929 0.0134145 0.0906958 
qwerty 119 72 0 1.46122 -6.45363 6.12405 26.575 -0.039929 0.0134145 0.0906958 
qwerty 119 72 0 1.46122 -6.7508 6.22389 27.25 -0.039929 0.0134145 0.0906958 
qwerty 119 72 0 1.46122 -7.04797 6.32373 27.925 -0.039929 0.0134145 0.0906958 
qwerty 119 72 0 1.46122 -7.34514 6.42356 28.6 -0.039929 0.0134145 0.0906958 
qwerty 119 72 0 1.46122 -7.64231 6.5234 29.275 -0.039929 0.0134145 0.0906958 
qwerty 119 72 0 1.46122 -7.93948 6.62323 29.95 -0.039929 0.0134145 0.0906958 
qwerty 119 72 0 1.46122 -8.23665 6.72307 30.625 -0.039929 0.0134145 0.0906958 
qwerty 119 72 0 1.46122 -8.53382 6.82291 31.3 -0.039929 0.0134145 0.0906958 
qwerty 119 72 0 1.46122 -8.75 6.89553 31.791 -0.039929 0.0134145 0.0906958 
qwerty 119 72 0 1.46122 -8.83099 6.92274 31.975 -0.039929 0.0134145 0.0906958 
qwerty 119 72 0 1.46122 -9.12816 7.02258 32.65 -0.039929 0.0134145 0.0906958 
qwerty 119 72 0 1.46122 -9.42533 7.12242 33.325 -0.039929 0.0134145 0.0906958 
qwerty 119 72 0 1.46122 -9.7225 7.22225 34 -0.039929 0.0134145 0.0906958 
qwerty 119 72 0 1.46122 -10.0197 7.32209 34.675 -0.039929 0.0134145 0.0906958 
qwerty 119 72 0 1.46122 -10.3168 7.42193 35.35 -0.039929 0.0134145 0.0906958 
qwerty 119 72 0 1.46122 -10.614 7.52176 36.025 -0.039929 0.0134145 0.0906958 
qwerty 119 72 0 0.856728 -10.9166 7.65632 36.3665 -0.0929746 0.0336651 0.0149123 
qwerty 119 72 0 0.856728 -12.9956 8.40912 36.7 -0.0929746 0.0336651 0.0149123 
qwerty 158 119 0.179741 0 -10.9154 7.66014 36.3878 0.00536968 0.0176531 0.0982829 
qwerty 118 72 0 0.790509 -1.02787 1.93925 9.025 -0.0191837 0.0402901 0.0894913 
qwerty 118 72 0 0.261421 0.56515 2.51291 8.525 0.0901213 0.0317983 -0.0294452 
qwerty 117 72 0 0.416107 -0.921714 1.7004 8.55887 -0.0225951 0.0163895 0.0960252 
qwerty 117 72 0 0.416107 -1.0314 1.77996 9.025 -0.0225951 0.0163895 0.0960252 
qwerty 163 117 0.00624528 0 -0.921657 1.70039 8.55888 0.0958935 -0.0159701 0.0234391 
qwerty 116 72 0.00029101 0 -1.00461 1.51849 7.94265 0.0178302 0.029931 0.0937349 
qwerty 165 116 0.00334417 0 -1.0046 1.5185 7.94265 0.0334612 0.0900526 -0.0277648 
qwerty 115 72 0 1.16771 -1.01156 1.64596 8.35 0.00231552 0.0299604 0.0953783 
qwerty 115 72 0 1.16771 -0.995174 1.858 9.025 0.00231552 0.0299604 0.0953783 
qwerty 115 72 0 1.16771 -0.978787 2.07003 9.7 0.00231552 0.0299604 0.0953783 
qwerty 115 72 0 1.16771 -0.9624 2.28206 10.375 0.00231552 0.0299604 0.0953783 
qwerty 115 72 0 1.16771 -0.946012 2.49409 11.05 0.00231552 0.0299604 0.0953783 
qwerty 115 72 0 1.16771 -0.929625 2.70612 11.725 0.00231552 0.0299604 0.0953783 
qwerty 115 72 0 1.16771 -0.913238 2.91816 12.4 0.00231552 0.0299604 0.0953783 
qwerty 114 72 0 1.26771 -0.959205 1.63777 8.35 0.011097 0.0285621 0.0951896 
qwerty 114 72 0 1.26771 -0.880515 1.84031 9.025 0.011097 0.0285621 0.0951896 
qwerty 114 72 0 1.26771 -0.801825 2.04284 9.7 0.011097 0.0285621 0.0951896 
qwerty 112 72 0 0.277678 -1.04024 1.62997 8.35 -0.00135582 0.0291999 0.0956322 
qwerty 111 72 0 0.931689 -1.03614 1.41286 7.675 0.00228335 0.0285651 0.0958062 
qwerty 111 72 0 0.931689 -1.02006 1.61411 8.35 0.00228335 0.0285651 0.0958062 
qwerty 109 72 0 4.96848 -1.12885 1.35304 7.675 -0.0163982 0.0182592 0.0969417 
qwerty 109 72 0 4.96848 -1.24303 1.48018 8.35 -0.0163982 0.0182592 0.0969417 
qwerty 109 72 0 4.96848 -1.35721 1.60732 9.025 -0.0163982 0.0182592 0.0969417 
qwerty 109 72 0 4.96848 -1.47139 1.73446 9.7 -0.0163982 0.0182592 0.0969417 
qwerty 109 72 0 4.96848 -1.58557 1.86159 10.375 -0.0163982 0.0182592 0.0969417 
qwerty 109 72 0 4.96848 -1.69975 1.98873 11.05 -0.0163982 0.0182592 0.0969417 
qwerty 109 72 0 4.96848 -1.81393 2.11587 11.725 -0.0163982 0.0182592 0.0969417 
qwerty 109 72 0 4.96848 -1.92811 2.24301 12.4 -0.0163982 0.0182592 0.0969417 
qwerty 109 72 0 4.96848 -2.04229 2.37014 13.075 -0.0163982 0.0182592 0.0969417 
qwerty 109 72 0 4.96848 -2.15647 2.49728 13.75 -0.0163982 0.0182592 0.0969417 
qwerty 109 72 0 4.96848 -2.27065 2.62442 14.425 -0.0163982 0.0182592 0.0969417 
qwerty 109 72 0 4.96848 -2.38483 2.75156 15.1 -0.0163982 0.0182592 0.0969417 
qwerty 109 72 0 4.96848 -2.49901 2.87869 15.775 -0.0163982 0.0182592 0.0969417 
qwerty 108 72 0 38.3089 -1.00484 1.23146 7 -0.0168595 0.0151142 0.0974029 
qwerty 108 72 0 38.3089 -1.12167 1.3362 7.675 -0.0168595 0.0151142 0.0974029 
qwerty 108 72 0 38.3089 -1.23851 1.44094 8.35 -0.0168595 0.0151142 0.0974029 
qwerty 108 72 0 38.3089 -1.35534 1.54569 9.025 -0.0168595 0.0151142 0.0974029 
qwerty 108 72 0 38.3089 -1.47218 1.65043 9.7 -0.0168595 0.0151142 0.0974029 
qwerty 108 72 0 38.3089 -1.58902 1.75517 10.375 -0.0168595 0.0151142 0.0974029 
qwerty 176 108 0.845108 20.9554 -1.81082 1.87111 11.05 -0.0360878 0.0230643 0.0903643 
qwerty 176 108 0.811412 13.9501 -2.11494 2.1242 11.5341 -0.0429048 0.0581894 0.0690882 
qwerty 176 108 0.38948 13.4281 -2.19326 2.22374 11.6678 -0.0548646 0.049267 0.0675473 
qwerty 176 108 0.114056 13.314 -2.23976 2.26549 11.725 -0.0540782 0.0475465 0.0693894 
qwerty 176 108 0 6.37562 -2.58317 2.2723 11.9 -0.0866187 0.0452505 -0.0212035 
qwerty 188 176 0 0.513614 -2.15336 1.66799 11.225 0.0423974 -0.0634726 -0.0646041 
qwerty 185 176 0 0.24981 -3.04776 2.23175 12.4 -0.0758846 -0.00193644 0.0650982 
qwerty 184 176 0 0.951967 -3.80331 1.89463 12.4 -0.0902391 -0.0225638 0.0367121 
qwerty 196 195 0 0.217455 -3.95133 1.70614 13.075 0.022807 -0.0155916 0.096108 
qwerty 182 176 0 0.132555 -2.24027 2.26474 11.725 -0.0555212 0.0484292 0.0676166 
qwerty 181 176 0.00029101 0 -2.12446 2.13761 11.5526 -0.0383828 0.0540538 0.0748662 
qwerty 203 181 0.00493856 0 -2.12445 2.13764 11.5526 0.0263245 0.0798868 -0.0540844 
qwerty 180 176 0 1.05554 -2.17638 2.10404 11.725 -0.0388865 0.0321653 0.0863321 
qwerty 180 176 0 1.05554 -2.48042 2.35553 12.4 -0.0388865 0.0321653 0.0863321 
qwerty 180 176 0 1.05554 -2.78446 2.60702 13.075 -0.0388865 0.0321653 0.0863321 
qwerty 180 176 0 1.05554 -3.0885 2.85851 13.75 -0.0388865 0.0321653 0.0863321 
qwerty 180 176 0 1.05554 -3.39254 3.10999 14.425 -0.0388865 0.0321653 0.0863321 
qwerty 180 176 0 1.05554 -3.69658 3.36148 15.1 -0.0388865 0.0321653 0.0863321 
qwerty 180 176 0 1.05554 -4.00062 3.61297 15.775 -0.0388865 0.0321653 0.0863321 
qwerty 180 176 0 1.05554 -4.16628 3.75 16.1428 -0.0388865 0.0321653 0.0863321 
qwerty 180 176 0 1.05554 -4.30466 3.86446 16.45 -0.0388865 0.0321653 0.0863321 
qwerty 180 176 0 1.05554 -4.6087 4.11595 17.125 -0.0388865 0.0321653 0.0863321 
qwerty 179 176 0 0.701312 -1.99095 3.3376 11.725 -0.00533141 0.0930634 0.0362046 
qwerty 179 176 0 0.571636 -1.94173 3.75 11.9026 0.0492665 0.0760809 0.0422435 
qwerty 179 176 0 0.571636 -1.36165 4.64579 12.4 0.0492665 0.0760809 0.0422435 
qwerty 179 176 0 0.571636 -0.574435 5.86147 13.075 0.0492665 0.0760809 0.0422435 
qwerty 179 176 0 0.571636 -0.322843 6.25 13.2907 0.0492665 0.0760809 0.0422435 
qwerty 179 176 0 0.571636 0.212785 7.07715 13.75 0.0492665 0.0760809 0.0422435 
qwerty 179 176 0 0.571636 1 8.29284 14.425 0.0492665 0.0760809 0.0422435 
qwerty 179 176 0 0.571636 1.29604 8.75 14.6788 0.0492665 0.0760809 0.0422435 
qwerty 179 176 0 0.571636 1.78722 9.50852 15.1 0.0492665 0.0760809 0.0422435 
qwerty 179 176 0 0.571636 2.57444 10.7242 15.775 0.0492665 0.0760809 0.0422435 
qwerty 179 176 0 0.571636 2.91493 11.25 16.0669 0.0492665 0.0760809 0.0422435 
qwerty 179 176 0 0.571636 3.36166 11.9399 16.45 0.0492665 0.0760809 0.0422435 
qwerty 179 176 0 0.571636 3.75 12.5396 16.783 0.0492665 0.0760809 0.0422435 
qwerty 179 176 0 0.571636 4.14888 13.1556 17.125 0.0492665 0.0760809 0.0422435 
qwerty 179 176 0 0.571636 4.53382 13.75 17.4551 0.0492665 0.0760809 0.0422435 
qwerty 179 176 0 0.571636 4.9361 14.3712 17.8 0.0492665 0.0760809 0.0422435 
qwerty 178 176 0 0.734561 -2.23968 1.98654 11.725 -0.0533706 0.0149272 0.0832392 
qwerty 178 176 0 0.734561 -2.67247 2.10759 12.4 -0.0533706 0.0149272 0.0832392 
qwerty 178 176 0 0.734561 -3.10526 2.22864 13.075 -0.0533706 0.0149272 0.0832392 
qwerty 178 176 0 0.734561 -3.53805 2.34968 13.75 -0.0533706 0.0149272 0.0832392 
qwerty 178 176 0 0.734561 -3.75 2.40896 14.0806 -0.0533706 0.0149272 0.0832392 
qwerty 178 176 0 0.734561 -3.97084 2.47073 14.425 -0.0533706 0.0149272 0.0832392 
qwerty 178 176 0 0.734561 -4.40363 2.59178 15.1 -0.0533706 0.0149272 0.0832392 
qwerty 178 176 0 0.734561 -4.83642 2.71283 15.775 -0.0533706 0.0149272 0.0832392 
qwerty 178 176 0 0.734561 -5.26921 2.83387 16.45 -0.0533706 0.0149272 0.0832392 
qwerty 178 176 0 0.734561 -5.702 2.95492 17.125 -0.0533706 0.0149272 0.0832392 
qwerty 178 176 0 0.734561 -6.13479 3.07597 17.8 -0.0533706 0.0149272 0.0832392 
qwerty 178 176 0 0.734561 -6.25 3.10819 17.9797 -0.0533706 0.0149272 0.0832392 
qwerty 178 176 0 0.734561 -6.56758 3.19701 18.475 -0.0533706 0.0149272 0.0832392 
qwerty 178 176 0 0.734561 -7.00037 3.31806 19.15 -0.0533706 0.0149272 0.0832392 
qwerty 178 176 0 0.734561 -7.43316 3.43911 19.825 -0.0533706 0.0149272 0.0832392 
qwerty 178 176 0 0.734561 -7.86595 3.56016 20.5 -0.0533706 0.0149272 0.0832392 
qwerty 107 72 0 0.81302 -0.998178 1.24323 7 -0.0154841 0.0175696 0.0972191 
qwerty 107 72 0 0.81302 -1.10569 1.36522 7.675 -0.0154841 0.0175696 0.0972191 
qwerty 107 72 0 0.81302 -1.21319 1.4872 8.35 -0.0154841 0.0175696 0.0972191 
qwerty 107 72 0 0.81302 -1.25 1.52897 8.5811 -0.0154841 0.0175696 0.0972191 
qwerty 107 72 0 0.81302 -1.3207 1.60919 9.025 -0.0154841 0.0175696 0.0972191 
qwerty 107 72 0 0.81302 -1.42821 1.73118 9.7 -0.0154841 0.0175696 0.0972191 
qwerty 107 72 0 0.81302 -1.53572 1.85317 10.375 -0.0154841 0.0175696 0.0972191 
qwerty 106 72 0 8.60385 -1.00006 1.24769 7 -0.0157987 0.0183895 0.0970166 
qwerty 106 72 0 8.60385 -1.10998 1.37563 7.675 -0.0157987 0.0183895 0.0970166 
qwerty 106 72 0 8.60385 -1.2199 1.50358 8.35 -0.0157987 0.0183895 0.0970166 
qwerty 105 72 0 25.529 -0.994892 1.22203 7 -0.0150056 0.0140478 0.0978647 
qwerty 105 72 0 25.529 -1.09839 1.31893 7.675 -0.0150056 0.0140478 0.0978647 
qwerty 105 72 0 25.529 -1.20189 1.41582 8.35 -0.0150056 0.0140478 0.0978647 
qwerty 105 72 0 25.529 -1.25 1.46086 8.66379 -0.0150056 0.0140478 0.0978647 
qwerty 105 72 0 25.529 -1.30538 1.51271 9.025 -0.0150056 0.0140478 0.0978647 
qwerty 105 72 0 25.529 -1.40888 1.6096 9.7 -0.0150056 0.0140478 0.0978647 
qwerty 105 72 0 25.529 -1.51238 1.70649 10.375 -0.0150056 0.0140478 0.0978647 
qwerty 105 72 0 25.529 -1.61588 1.80338 11.05 -0.0150056 0.0140478 0.0978647 
qwerty 105 72 0 25.529 -1.71938 1.90027 11.725 -0.0150056 0.0140478 0.0978647 
qwerty 105 72 0 25.529 -1.82287 1.99716 12.4 -0.0150056 0.0140478 0.0978647 
qwerty 105 72 0 25.529 -1.92637 2.09406 13.075 -0.0150056 0.0140478 0.0978647 
qwerty 105 72 0 25.529 -2.02987 2.19095 13.75 -0.0150056 0.0140478 0.0978647 
qwerty 219 105 1.40628 8.70524 -2.07545 2.84577 14.425 0.00954824 0.0858963 0.0503056 
qwerty 226 219 0 0.164522 -2.28677 1.92982 15.1 -0.0103695 -0.0909183 0.0403278 
qwerty 225 219 0 0.310383 -1.45652 2.78819 13.925 0.0707284 -0.0291001 -0.0644258 
qwerty 225 219 0 0.310383 -0.715486 2.48331 13.25 0.0707284 -0.0291001 -0.0644258 
qwerty 221 219 0 0.308421 -2.37703 3.98231 14.425 -0.0170856 0.0947317 0.0270922 
qwerty 221 219 0 0.308421 -2.78603 6.25 15.0735 -0.0170856 0.0947317 0.0270922 
qwerty 221 219 0 0.308421 -2.80272 6.34254 15.1 -0.0170856 0.0947317 0.0270922 
qwerty 104 72 0 9.84222 -0.959773 1.25 6.99535 -0.0094193 0.0187757 0.0977689 
qwerty 104 72 0 9.84222 -0.960221 1.25089 7 -0.0094193 0.0187757 0.0977689 
qwerty 104 72 0 9.84222 -1.02525 1.38052 7.675 -0.0094193 0.0187757 0.0977689 
qwerty 104 72 0 9.84222 -1.09028 1.51015 8.35 -0.0094193 0.0187757 0.0977689 
qwerty 104 72 0 9.84222 -1.15531 1.63978 9.025 -0.0094193 0.0187757 0.0977689 
qwerty 104 72 0 9.84222 -1.22035 1.76941 9.7 -0.0094193 0.0187757 0.0977689 
qwerty 104 72 0 9.84222 -1.25 1.82852 10.0078 -0.0094193 0.0187757 0.0977689 
qwerty 104 72 0 9.84222 -1.28538 1.89903 10.375 -0.0094193 0.0187757 0.0977689 
qwerty 104 72 0 9.84222 -1.35041 2.02866 11.05 -0.0094193 0.0187757 0.0977689 
qwerty 236 104 0 1.17128 0.331084 2.01792 10.55 0.0957287 -0.000698116 -0.0289056 
qwerty 236 104 0 1.17128 1.25 2.01122 10.2725 0.0957287 -0.000698116 -0.0289056 
qwerty 236 104 0 1.17128 2.56653 2.00162 9.875 0.0957287 -0.000698116 -0.0289056 
qwerty 235 104 0 1.12979 -0.191821 -1.5832 11.725 0.0249913 -0.0953394 0.0169066 
qwerty 103 72 0 3.51743 -0.893401 1.11965 6.325 -0.00665192 0.0210972 0.0975226 
qwerty 103 72 0 3.51743 -0.934499 1.25 6.92753 -0.00665192 0.0210972 0.0975226 
qwerty 103 72 0 3.51743 -0.939442 1.26568 7 -0.00665192 0.0210972 0.0975226 
qwerty 103 72 0 3.51743 -0.985483 1.4117 7.675 -0.00665192 0.0210972 0.0975226 
qwerty 103 72 0 3.51743 -1.03152 1.55772 8.35 -0.00665192 0.0210972 0.0975226 
qwerty 103 72 0 3.51743 -1.07756 1.70375 9.025 -0.00665192 0.0210972 0.0975226 
qwerty 103 72 0 3.51743 -1.12361 1.84977 9.7 -0.00665192 0.0210972 0.0975226 
qwerty 103 72 0 3.51743 -1.16965 1.99579 10.375 -0.00665192 0.0210972 0.0975226 
qwerty 103 72 0 3.51743 -1.21569 2.14182 11.05 -0.00665192 0.0210972 0.0975226 
qwerty 103 72 0 3.51743 -1.25 2.25064 11.553 -0.00665192 0.0210972 0.0975226 
qwerty 103 72 0 3.51743 -1.26173 2.28784 11.725 -0.00665192 0.0210972 0.0975226 
qwerty 103 72 0 3.51743 -1.30777 2.43387 12.4 -0.00665192 0.0210972 0.0975226 
qwerty 103 72 0 3.51743 -1.35381 2.57989 13.075 -0.00665192 0.0210972 0.0975226 
qwerty 103 72 0 3.51743 -1.39985 2.72591 13.75 -0.00665192 0.0210972 0.0975226 
qwerty 103 72 0 3.51743 -1.44589 2.87194 14.425 -0.00665192 0.0210972 0.0975226 
qwerty 103 72 0 3.51743 -1.49193 3.01796 15.1 -0.00665192 0.0210972 0.0975226 
qwerty 103 72 0 3.51743 -1.53798 3.16398 15.775 -0.00665192 0.0210972 0.0975226 
qwerty 103 72 0 3.51743 -1.58402 3.31001 16.45 -0.00665192 0.0210972 0.0975226 
qwerty 103 72 0 3.51743 -1.63006 3.45603 17.125 -0.00665192 0.0210972 0.0975226 
qwerty 103 72 0 3.51743 -1.6761 3.60205 17.8 -0.00665192 0.0210972 0.0975226 
qwerty 103 72 0 3.51743 -1.72214 3.74808 18.475 -0.00665192 0.0210972 0.0975226 
qwerty 103 72 0 0.589045 -1.90699 3.75 18.6752 -0.095138 -0.0170167 0.0256749 
qwerty 103 72 0 0.589045 -3.66652 3.43528 19.15 -0.095138 -0.0170167 0.0256749 
qwerty 250 248 0 0.40396 -1.54194 4.06626 18.9037 0.0854527 0.0393557 0.0338964 
qwerty 250 248 0 0.40396 -0.921072 4.3522 19.15 0.0854527 0.0393557 0.0338964 
qwerty 250 248 0 0.40396 0.780599 5.13592 19.825 0.0854527 0.0393557 0.0338964 
qwerty 251 250 0.0569393 0 -1.54367 4.06806 18.9054 -0.0570025 0.0595101 0.0566503 
qwerty 102 72 0 0.320829 -0.8675 1.05605 6.04865 0.0107501 0.0765041 0.0634946 
qwerty 102 72 0 0.320829 -0.820711 1.38903 6.325 0.0107501 0.0765041 0.0634946 
qwerty 102 72 0 0.320829 -0.706429 2.20233 7 0.0107501 0.0765041 0.0634946 
qwerty 254 102 0.0551964 0 -0.868156 1.05404 6.05058 -0.0229012 -0.0702473 0.0673858 
qwerty 101 72 0 1.16806 -0.894669 1.12625 6.325 -0.00786235 0.0223026 0.0971637 
qwerty 101 72 0 1.16806 -0.938293 1.25 6.86411 -0.00786235 0.0223026 0.0971637 
qwerty 101 72 0 1.16806 -0.949289 1.28119 7 -0.00786235 0.0223026 0.0971637 
qwerty 101 72 0 1.16806 -1.00391 1.43613 7.675 -0.00786235 0.0223026 0.0971637 
qwerty 101 72 0 1.16806 -1.05853 1.59107 8.35 -0.00786235 0.0223026 0.0971637 
qwerty 100 5 0 17.6775 1.43722 -3.02888 1.6 0.0262827 -0.0925727 0.027194 
qwerty 261 258 0 1.98055 1.08935 -2.97338 1.1 -0.0540255 0.023021 -0.08094 
qwerty 261 258 0 1.98055 0.638807 -2.7814 0.425 -0.0540255 0.023021 -0.08094 
qwerty 261 258 0 1.98055 0.18826 -2.58942 -0.25 -0.0540255 0.023021 -0.08094 
qwerty 99 5 0 5.13434 2.65765 -2.72561 1.6 0.0701015 -0.0674089 0.0232769 
qwerty 98 5 0 3.51501 2.03383 -3.75 1.55823 0.0385629 -0.0904545 0.0181902 
qwerty 98 5 0 3.51501 2.12237 -3.95769 1.6 0.0385629 -0.0904545 0.0181902 
qwerty 98 5 0 3.51501 3.55337 -7.31427 2.275 0.0385629 -0.0904545 0.0181902 
qwerty 96 34 0 0.510999 6.95825 2.91476 7.175 -0.0744076 0.0188668 -0.0640902 
qwerty 96 34 0 0.510999 6.17459 3.11347 6.5 -0.0744076 0.0188668 -0.0640902 
qwerty 95 34 0 0.510999 8.3224 2.56887 8.35 0.0744076 -0.0188668 0.0640902 
qwerty 95 34 0 0.510999 8.75 2.46045 8.71831 0.0744076 -0.0188668 0.0640902 
qwerty 95 34 0 0.510999 9.10607 2.37016 9.025 0.0744076 -0.0188668 0.0640902 
qwerty 95 34 0 0.191781 9.49702 2.27103 9.36174 -0.0112557 -0.0216333 -0.096981 
qwerty 95 34 0 0.191781 9.47825 2.23495 9.2 -0.0112557 -0.0216333 -0.096981 
qwerty 268 95 0.319218 0 9.53006 2.26651 9.40397 0.0614081 -0.00839351 0.0784767 
qwerty 94 48 0 0.510999 12.3363 -0.576189 3.125 -0.0558056 -0.0397551 -0.0728373 
qwerty 94 48 0 0.510999 11.8192 -0.944608 2.45 -0.0558056 -0.0397551 -0.0728373 
qwerty 94 48 0 0.510999 11.302 -1.31303 1.775 -0.0558056 -0.0397551 -0.0728373 
qwerty 93 48 0 0.510999 13.2366 0.0651339 4.3 0.0558056 0.0397551 0.0728373 
qwerty 92 73 0 21.4951 -1.2003 2.03387 9.7 3.39591e-05 0.0180724 0.0983534 
qwerty 92 73 0 21.4951 -1.20007 2.1579 10.375 3.39591e-05 0.0180724 0.0983534 
qwerty 92 73 0 21.4951 -1.19983 2.28193 11.05 3.39591e-05 0.0180724 0.0983534 
qwerty 274 92 0.863137 12.6141 -1.2079 2.31635 11.7012 0.0104409 0.0176968 0.0978663 
qwerty 274 92 0.130081 12.484 -1.20535 2.32066 11.725 0.0111658 0.0187992 0.0975803 
qwerty 274 92 0.292331 3.81008 -1.23845 2.31348 11.996 0.0180365 -0.0837672 0.0515533 
qwerty 274 92 0.868186 2.9419 -1.02797 1.85312 12.2262 0.0647127 -0.0376799 0.0662759 
qwerty 274 92 0.364633 2.57726 -0.858305 1.75433 12.4 0.0693653 -0.045254 0.0560405 
qwerty 274 92 0.666827 1.6387 -1.03588 2.03138 12.266 -0.0839151 0.0541279 -0.0053317 
qwerty 274 92 0.625496 1.0132 -1.22693 2.24772 12.2595 -0.0948343 0.0196817 -0.0248815 
qwerty 274 92 0.548801 0.464401 -1.3739 2.36596 12.1373 -0.0524793 0.00928665 -0.0846149 
qwerty 274 92 0.397478 0.0669236 -1.42234 2.37453 12.0592 -0.0992435 0.00808455 -0.00923985 
qwerty 274 92 0.0669236 0 -1.42633 2.37486 12.0588 -0.0992435 0.00808455 -0.00923985 
qwerty 277 274 0.0324783 2.11465 -1.21292 2.30597 11.725 -0.0231757 -0.0466389 0.085368 
qwerty 282 277 0 0.630755 -1.26588 2.10234 12.4 -0.00451648 -0.0268864 0.0962119 
qwerty 282 277 0 0.630755 -1.29756 1.91371 13.075 -0.00451648 -0.0268864 0.0962119 
qwerty 282 277 0 0.524152 -0.999735 1.35397 13.75 0.0337162 -0.061624 0.0711738 
qwerty 282 277 0 0.524152 -0.679976 0.769542 14.425 0.0337162 -0.061624 0.0711738 
qwerty 282 277 0 0.524152 -0.360217 0.18511 15.1 0.0337162 -0.061624 0.0711738 
qwerty 282 277 0 0.524152 -0.0404586 -0.399321 15.775 0.0337162 -0.061624 0.0711738 
qwerty 282 277 0 0.524152 0.2793 -0.983753 16.45 0.0337162 -0.061624 0.0711738 
qwerty 282 277 0 0.524152 0.599059 -1.56818 17.125 0.0337162 -0.061624 0.0711738 
qwerty 282 277 0 0.524152 0.918818 -2.15262 17.8 0.0337162 -0.061624 0.0711738 
qwerty 281 274 0 0.20576 -1.14864 1.62488 12.36 0.0662692 0.0141248 0.0735451 
qwerty 281 274 0 0.20576 -1.11258 1.63256 12.4 0.0662692 0.0141248 0.0735451 
qwerty 285 281 0.0818497 0 -1.15061 1.61953 12.3596 -0.0344042 -0.0937081 -0.00592827 
qwerty 280 274 0 1.84404 -1.61241 2.69675 12.4 -0.051478 0.0408288 0.0753858 
qwerty 280 274 0 1.84404 -2.07334 3.06233 13.075 -0.051478 0.0408288 0.0753858 
qwerty 280 274 0 1.84404 -2.53427 3.42791 13.75 -0.051478 0.0408288 0.0753858 
qwerty 280 274 0 1.84404 -2.9952 3.79349 14.425 -0.051478 0.0408288 0.0753858 
qwerty 280 274 0 1.84404 -3.45614 4.15907 15.1 -0.051478 0.0408288 0.0753858 
qwerty 280 274 0 1.84404 -3.75 4.39214 15.5303 -0.051478 0.0408288 0.0753858 
qwerty 280 274 0 1.84404 -3.91707 4.52464 15.775 -0.051478 0.0408288 0.0753858 
qwerty 280 274 0 1.84404 -4.378 4.89022 16.45 -0.051478 0.0408288 0.0753858 
qwerty 280 274 0 1.84404 -4.83893 5.2558 17.125 -0.051478 0.0408288 0.0753858 
qwerty 280 274 0 1.84404 -5.29986 5.62138 17.8 -0.051478 0.0408288 0.0753858 
qwerty 280 274 0 1.84404 -5.76079 5.98696 18.475 -0.051478 0.0408288 0.0753858 
qwerty 280 274 0 1.84404 -6.09244 6.25 18.9607 -0.051478 0.0408288 0.0753858 
qwerty 280 274 0 1.84404 -6.22172 6.35254 19.15 -0.051478 0.0408288 0.0753858 
qwerty 280 274 0 0.589391 -6.55522 6.61705 19.6384 -0.0902135 0.0345121 -0.0258929 
qwerty 280 274 0 0.589391 -7.6471 7.03476 19.325 -0.0902135 0.0345121 -0.0258929 
qwerty 287 280 0.268498 0.986151 -6.62109 6.70236 19.7502 0.0356123 0.0895042 0.0268471 
qwerty 287 280 0.255233 0.730918 -6.56426 6.80681 19.7735 0.0214847 0.0669265 0.0711285 
qwerty 287 280 0.123221 0.607697 -6.54871 6.85525 19.825 -0.0426967 0.0512211 0.0745211 
qwerty 279 274 0 1.41359 -1.36642 2.65701 12.4 -0.024744 0.0442555 0.0861927 
qwerty 279 274 0 1.41359 -1.56019 3.00359 13.075 -0.024744 0.0442555 0.0861927 
qwerty 279 274 0 1.41359 -1.75397 3.35017 13.75 -0.024744 0.0442555 0.0861927 
qwerty 279 274 0 1.41359 -1.94775 3.69675 14.425 -0.024744 0.0442555 0.0861927 
qwerty 279 274 0 1.41359 -2.14153 4.04333 15.1 -0.024744 0.0442555 0.0861927 
qwerty 279 274 0 1.41359 -2.3353 4.3899 15.775 -0.024744 0.0442555 0.0861927 
qwerty 91 73 0 3.4731 -1.61253 2.22416 9.7 -0.0508817 0.0377185 0.0773845 
qwerty 91 73 0 3.4731 -2.05636 2.55316 10.375 -0.0508817 0.0377185 0.0773845 
qwerty 91 73 0 3.4731 -2.50018 2.88217 11.05 -0.0508817 0.0377185 0.0773845 
qwerty 91 73 0 3.4731 -2.94401 3.21117 11.725 -0.0508817 0.0377185 0.0773845 
qwerty 91 73 0 3.4731 -3.38783 3.54018 12.4 -0.0508817 0.0377185 0.0773845 
qwerty 91 73 0 3.4731 -3.75 3.80865 12.9508 -0.0508817 0.0377185 0.0773845 
qwerty 91 73 0 3.4731 -3.83166 3.86919 13.075 -0.0508817 0.0377185 0.0773845 
qwerty 90 73 0 4.39387 -1.33467 2.1073 9.7 -0.0199384 0.0282356 0.0938361 
qwerty 90 73 0 4.39387 -1.47809 2.31041 10.375 -0.0199384 0.0282356 0.0938361 
qwerty 90 73 0 4.39387 -1.62152 2.51351 11.05 -0.0199384 0.0282356 0.0938361 
qwerty 90 73 0 4.39387 -1.76494 2.71662 11.725 -0.0199384 0.0282356 0.0938361 
qwerty 85 73 0.00029101 0 -1.14768 1.73398 8.61302 -0.00850951 0.0374067 0.0923489 
qwerty 304 85 0.00568073 0 -1.14771 1.73396 8.61305 -0.0616421 -0.0535366 0.0577415 
qwerty 84 73 0 4.23444 -1.12144 1.93701 9.025 0.00322147 0.0431804 0.0901392 
qwerty 84 73 0 4.23444 -1.09732 2.26036 9.7 0.00322147 0.0431804 0.0901392 
qwerty 84 73 0 0.421749 -3.75 0.617481 10.018 -0.0783002 -0.061968 0.00538959 
qwerty 84 73 0 0.20811 -3.75385 0.614433 10.0182 0.0696134 -0.0436606 0.0569888 
qwerty 84 73 0 0.20811 -3.75 0.612018 10.0214 0.0696134 -0.0436606 0.0569888 
qwerty 84 73 0 0.20811 -3.31804 0.341097 10.375 0.0696134 -0.0436606 0.0569888 
qwerty 307 84 0.00614705 0.207491 -3.75676 0.614015 10.0175 -0.0931402 -0.0261128 -0.0253581 
qwerty 307 84 0.0111674 0.196324 -3.76111 0.613534 10.0167 -0.0863742 -0.0421765 -0.0275796 
qwerty 307 84 0.0268931 0.169431 -3.76693 0.611608 10.0158 -0.0999264 0.00114941 -0.0036596 
qwerty 307 84 0.0241013 0.145329 -3.77605 0.611084 10.0139 -0.0809645 -0.052702 -0.0258313 
qwerty 307 84 0.0536712 0.0916581 -3.78091 0.599404 10.0072 0.013106 0.00445372 -0.0990374 
qwerty 307 84 0.0916581 0 -3.78 0.599713 10.0003 0.013106 0.00445372 -0.0990374 
qwerty 309 305 0 1.32125 -1.25 2.3776 10.0423 -0.0473353 0.0262231 0.0840935 
qwerty 309 305 0 1.32125 -1.43725 2.48133 10.375 -0.0473353 0.0262231 0.0840935 
qwerty 309 305 0 1.32125 -1.8172 2.69181 11.05 -0.0473353 0.0262231 0.0840935 
qwerty 309 305 0 0.920005 -2.18828 2.72782 11.5907 -0.0716353 0.03728 0.0589796 
qwerty 309 305 0 0.920005 -2.35137 2.81269 11.725 -0.0716353 0.03728 0.0589796 
qwerty 309 305 0 0.806022 -3.07457 3.18905 12.3204 -0.0778675 0.0573758 0.0253903 
qwerty 309 305 0 0.806022 -3.31858 3.36885 12.4 -0.0778675 0.0573758 0.0253903 
qwerty 309 305 0 0.806022 -5.38868 4.89418 13.075 -0.0778675 0.0573758 0.0253903 
qwerty 312 309 0.113984 0 -3.07545 3.1857 12.3299 -0.00873161 -0.0332049 0.0939212 
qwerty 311 309 0.239308 0 -2.19033 2.70353 11.6148 -0.00598254 -0.0708302 0.070337 
qwerty 310 309 0.00308209 0.120385 -1.9151 2.74759 11.225 -0.0152787 0.0985896 -0.00683046 
qwerty 310 309 0.00055605 0.119829 -1.91514 2.74785 11.225 -0.0138762 0.098938 -0.00432743 
qwerty 310 309 0.00155544 0.0599706 -1.91487 2.74799 11.2253 -0.0436087 -0.00544634 0.0898255 
qwerty 310 309 0.000781238 0.0591894 -1.91496 2.74796 11.2256 -0.0179561 0.016999 0.0968948 
qwerty 310 309 0.00266028 0.0565291 -1.91501 2.74798 11.226 -0.0375391 -0.00117256 0.0926792 
qwerty 310 309 0.00272841 0.0538007 -1.91509 2.74795 11.2264 -0.0233112 0.0136285 0.0962853 
qwerty 310 309 0.00480625 0.0489945 -1.91532 2.74799 11.2273 -0.0314999 -0.0134283 0.0939544 
qwerty 310 309 0.0105566 0.0384379 -1.91507 2.74759 11.2288 0.0133221 -0.0121865 0.0983566 
qwerty 310 309 0.0384379 0 -1.91486 2.7474 11.2302 0.0133221 -0.0121865 0.0983566 
qwerty 83 73 0 1.0822 -1.08489 1.92434 9.025 0.00927489 0.0413391 0.0905817 
qwerty 83 73 0 1.0822 -1.01577 2.23239 9.7 0.00927489 0.0413391 0.0905817 
qwerty 83 73 0 1.0822 -0.946658 2.54044 10.375 0.00927489 0.0413391 0.0905817 
qwerty 83 73 0 1.0822 -0.877543 2.8485 11.05 0.00927489 0.0413391 0.0905817 
qwerty 83 73 0 1.0822 -0.808428 3.15655 11.725 0.00927489 0.0413391 0.0905817 
qwerty 83 73 0 1.0822 -0.739313 3.4646 12.4 0.00927489 0.0413391 0.0905817 
qwerty 83 73 0 0.9539 -0.753431 3.58467 13.075 -0.00543747 0.0100828 0.0993417 
qwerty 83 73 0 0.9539 -0.790377 3.65318 13.75 -0.00543747 0.0100828 0.0993417 
qwerty 81 73 0 29.7888 -1.07745 1.88607 9.025 0.00969608 0.0344816 0.0933649 
qwerty 81 73 0 29.7888 -1.00735 2.13537 9.7 0.00969608 0.0344816 0.0933649 
qwerty 81 73 0 29.7888 -0.937255 2.38466 10.375 0.00969608 0.0344816 0.0933649 
qwerty 81 73 0 29.7888 -0.867155 2.63395 11.05 0.00969608 0.0344816 0.0933649 
qwerty 81 73 0 29.7888 -0.797055 2.88324 11.725 0.00969608 0.0344816 0.0933649 
qwerty 81 73 0 29.7888 -0.726956 3.13253 12.4 0.00969608 0.0344816 0.0933649 
qwerty 81 73 0 29.7888 -0.656856 3.38182 13.075 0.00969608 0.0344816 0.0933649 
qwerty 81 73 0 29.7888 -0.586756 3.63111 13.75 0.00969608 0.0344816 0.0933649 
qwerty 81 73 0 29.7888 -0.516657 3.88041 14.425 0.00969608 0.0344816 0.0933649 
qwerty 81 73 0 29.7888 -0.446557 4.1297 15.1 0.00969608 0.0344816 0.0933649 
qwerty 81 73 0 29.7888 -0.376457 4.37899 15.775 0.00969608 0.0344816 0.0933649 
qwerty 319 81 0.850873 16.742 -0.237373 4.62527 16.45 0.0265741 0.0403935 0.0875339 
qwerty 319 81 3.0837 10.7237 0.973652 3.30888 16.6394 0.0496165 -0.0868143 -0.0012184 
qwerty 319 81 0.024816 10.2772 0.982577 3.2928 16.6395 0.0385407 -0.0921852 -0.00406338 
qwerty 319 81 0.576002 9.70116 1.1203 2.96337 16.625 0.0541718 -0.0832088 -0.0119046 
qwerty 319 81 1.01869 3.68675 1.36714 3.30096 16.1388 0.062163 0.0728903 -0.0286839 
qwerty 319 81 1.13806 2.54869 1.67287 3.69318 15.9588 -0.019344 0.0981106 -0.000353471 
qwerty 319 81 0.082299 2.46639 1.66167 3.75 15.9586 -0.0237258 0.097018 -0.00495902 
qwerty 319 81 0.243739 2.22265 1.62061 3.91789 15.95 0.0211685 0.0976612 -0.00376573 
qwerty 319 81 0 1.15036 1.61269 3.9674 15.95 0.00127574 0.0356061 -0.0934376 
qwerty 322 319 0.125131 0.540442 1.36417 3.36316 16.1149 -0.0328317 0.0839357 -0.0433229 
qwerty 322 319 0.182136 0.358305 1.30523 3.41992 16.0928 -0.0735726 -0.0273092 -0.061978 
qwerty 322 319 0.312377 0.0459287 1.258 3.40239 16.053 -0.0308068 -0.0393856 0.0866009 
qwerty 322 319 0.0459287 0 1.25736 3.40157 16.0548 -0.0308068 -0.0393856 0.0866009 
qwerty 321 319 0.0371798 0.384551 0.99438 3.29378 16.6402 0.0991644 0.00714368 -0.0107417 
qwerty 321 319 0.014737 0.369815 1.00517 3.29236 16.6387 0.0977217 -0.00982144 -0.0188149 
qwerty 321 319 0.0170153 0.352799 1.01595 3.29111 16.6392 0.0594558 0.0781161 0.0190495 
qwerty 321 319 0.0176993 0.3351 1.01984 3.29878 16.6398 0.0577163 0.079611 0.018191 
qwerty 321 319 0.0186354 0.316465 1.02613 3.30635 16.6435 0.081985 0.0438249 0.0368488 
qwerty 321 319 0.0164238 0.300041 1.03424 3.30826 16.6478 0.0793446 0.0296541 0.0531514 
qwerty 321 319 0.0254759 0.274565 1.04349 3.30971 16.6569 0.0775069 0.0204253 0.0597953 
qwerty 321 319 0.0447688 0.229796 1.05843 3.31313 16.6689 0.0686468 0.0202051 0.0698525 
qwerty 321 319 0.0533648 0.176431 1.07956 3.32172 16.6741 0.0363148 0.0121934 0.0923718 
qwerty 321 319 0.176431 0 1.08716 3.32427 16.6934 0.0363148 0.0121934 0.0923718 
qwerty 324 322 0 0.237476 1.12233 3.75 16.0229 -0.0519642 0.083122 -0.0197602 
qwerty 324 322 0 0.237476 0.930551 4.05677 15.95 -0.0519642 0.083122 -0.0197602 
qwerty 80 73 0 0.398839 -1.21756 1.59347 8.35 -0.00785693 0.0320265 0.0944064 
qwerty 78 73 0 4.53968 -1.26995 1.55248 8.35 -0.0159119 0.0260614 0.095224 
qwerty 78 73 0 4.53968 -1.38274 1.73721 9.025 -0.0159119 0.0260614 0.095224 
qwerty 78 73 0 4.53968 -1.49553 1.92195 9.7 -0.0159119 0.0260614 0.095224 
qwerty 78 73 0 4.53968 -1.60832 2.10669 10.375 -0.0159119 0.0260614 0.095224 
qwerty 78 73 0 4.53968 -1.72112 2.29142 11.05 -0.0159119 0.0260614 0.095224 
qwerty 78 73 0 4.53968 -1.83391 2.47616 11.725 -0.0159119 0.0260614 0.095224 
qwerty 78 73 0 4.53968 -1.9467 2.6609 12.4 -0.0159119 0.0260614 0.095224 
qwerty 78 73 0 4.53968 -2.05949 2.84564 13.075 -0.0159119 0.0260614 0.095224 
qwerty 78 73 0 4.53968 -2.17229 3.03037 13.75 -0.0159119 0.0260614 0.095224 
qwerty 78 73 0 4.53968 -2.28508 3.21511 14.425 -0.0159119 0.0260614 0.095224 
qwerty 78 73 0 4.53968 -2.39787 3.39985 15.1 -0.0159119 0.0260614 0.095224 
qwerty 78 73 0 4.53968 -2.51066 3.58458 15.775 -0.0159119 0.0260614 0.095224 
qwerty 78 73 0 4.53968 -2.61166 3.75 16.3794 -0.0159119 0.0260614 0.095224 
qwerty 78 73 0 4.53968 -2.62346 3.76932 16.45 -0.0159119 0.0260614 0.095224 
qwerty 78 73 0 4.53968 -2.73625 3.95406 17.125 -0.0159119 0.0260614 0.095224 
qwerty 78 73 0 4.53968 -2.84904 4.1388 17.8 -0.0159119 0.0260614 0.095224 
qwerty 78 73 0 4.53968 -2.96184 4.32353 18.475 -0.0159119 0.0260614 0.095224 
qwerty 78 73 0 4.53968 -3.07463 4.50827 19.15 -0.0159119 0.0260614 0.095224 
qwerty 78 73 0 4.53968 -3.18742 4.69301 19.825 -0.0159119 0.0260614 0.095224 
qwerty 78 73 0 4.53968 -3.30021 4.87774 20.5 -0.0159119 0.0260614 0.095224 
qwerty 78 73 0 4.53968 -3.41301 5.06248 21.175 -0.0159119 0.0260614 0.095224 
qwerty 78 73 0 4.53968 -3.5258 5.24722 21.85 -0.0159119 0.0260614 0.095224 
qwerty 78 73 0 4.53968 -3.63859 5.43196 22.525 -0.0159119 0.0260614 0.095224 
qwerty 78 73 0 4.53968 -3.75138 5.61669 23.2 -0.0159119 0.0260614 0.095224 
qwerty 78 73 0 4.53968 -3.86418 5.80143 23.875 -0.0159119 0.0260614 0.095224 
qwerty 78 73 0 4.53968 -3.97697 5.98617 24.55 -0.0159119 0.0260614 0.095224 
qwerty 78 73 0 4.53968 -4.08976 6.1709 25.225 -0.0159119 0.0260614 0.095224 
qwerty 78 73 0 4.53968 -4.13805 6.25 25.514 -0.0159119 0.0260614 0.095224 
qwerty 78 73 0 4.53968 -4.20255 6.35564 25.9 -0.0159119 0.0260614 0.095224 
qwerty 328 78 0.856301 2.88536 -4.4209 6.6779 26.5211 -0.0101411 0.057866 0.0809239 
qwerty 328 78 0.109281 2.77608 -4.42766 6.71646 26.575 -0.00895906 0.0632347 0.0769487 
qwerty 328 78 0 0.424775 -4.47192 6.68486 26.575 0.0971897 -0.023501 0.00136403 
qwerty 328 78 0.0152655 0.401493 -4.46589 6.68991 26.5691 0.0471131 0.0709764 -0.0523709 
qwerty 328 78 0.0154735 0.38602 -4.46264 6.69606 26.5637 0.041806 0.0131726 -0.0898818 
qwerty 328 78 0.0218219 0.364198 -4.45777 6.69723 26.5543 0.0245677 0.029925 -0.0922005 
qwerty 328 78 0.0256419 0.338556 -4.45497 6.70241 26.5452 0.0500671 0.0500775 -0.0706083 
qwerty 328 78 0.0374488 0.301107 -4.44392 6.71143 26.5372 0.0754672 0.0462896 -0.0464971 
qwerty 328 78 0.0379975 0.26311 -4.43192 6.71966 26.5272 0.0927856 0.0355523 -0.0112632 
qwerty 328 78 0.0833214 0.179789 -4.40907 6.72393 26.5097 0.0870998 0.0479911 0.0105107 
qwerty 328 78 0.179789 0 -4.39025 6.7343 26.512 0.0870998 0.0479911 0.0105107 
qwerty 76 73 0 1.60584 -1.18493 1.33216 7.675 -0.0188223 0.0183577 0.0964817 
qwerty 76 73 0 1.60584 -1.31661 1.46059 8.35 -0.0188223 0.0183577 0.0964817 
qwerty 76 73 0 1.60584 -1.4483 1.58903 9.025 -0.0188223 0.0183577 0.0964817 
qwerty 76 73 0 1.60584 -1.57998 1.71746 9.7 -0.0188223 0.0183577 0.0964817 
qwerty 76 73 0 1.60584 -1.71166 1.84589 10.375 -0.0188223 0.0183577 0.0964817 
qwerty 76 73 0 1.60584 -1.84335 1.97433 11.05 -0.0188223 0.0183577 0.0964817 
qwerty 76 73 0 1.60584 -1.97503 2.10276 11.725 -0.0188223 0.0183577 0.0964817 
qwerty 76 73 0 1.60584 -2.10672 2.23119 12.4 -0.0188223 0.0183577 0.0964817 
qwerty 76 73 0 1.60584 -2.2384 2.35963 13.075 -0.0188223 0.0183577 0.0964817 
qwerty 76 73 0 1.60584 -2.37008 2.48806 13.75 -0.0188223 0.0183577 0.0964817 
qwerty 76 73 0 1.60584 -2.50177 2.61649 14.425 -0.0188223 0.0183577 0.0964817 
qwerty 76 73 0 1.60584 -2.63345 2.74493 15.1 -0.0188223 0.0183577 0.0964817 
qwerty 76 73 0 1.60584 -2.76513 2.87336 15.775 -0.0188223 0.0183577 0.0964817 
qwerty 76 73 0 0.922713 -3.46504 3.26204 16.45 -0.0717877 0.0387182 0.057857 
qwerty 76 73 0 0.922713 -3.75 3.41573 16.6797 -0.0717877 0.0387182 0.057857 
qwerty 76 73 0 0.922713 -4.30256 3.71375 17.125 -0.0717877 0.0387182 0.057857 
qwerty 75 73 0 20.3827 -0.993068 1.21976 7 -0.0111127 0.0171046 0.0978976 
qwerty 75 73 0 20.3827 -1.06969 1.33769 7.675 -0.0111127 0.0171046 0.0978976 
qwerty 75 73 0 20.3827 -1.14631 1.45563 8.35 -0.0111127 0.0171046 0.0978976 
qwerty 75 73 0 20.3827 -1.22293 1.57356 9.025 -0.0111127 0.0171046 0.0978976 
qwerty 75 73 0 20.3827 -1.29956 1.6915 9.7 -0.0111127 0.0171046 0.0978976 
qwerty 75 73 0 20.3827 -1.37618 1.80943 10.375 -0.0111127 0.0171046 0.0978976 
qwerty 75 73 0 20.3827 -1.4528 1.92737 11.05 -0.0111127 0.0171046 0.0978976 
qwerty 75 73 0 20.3827 -1.52942 2.04531 11.725 -0.0111127 0.0171046 0.0978976 
qwerty 75 73 0 0 -1.57364 2.11337 12.1146 -0.0111127 0.0171046 0.0978976 
qwerty 334 75 0.146695 16.0993 -1.58041 2.12443 12.1728 -0.0105595 0.0179628 0.0978051 
qwerty 334 75 0.33485 15.7644 -1.60493 2.16616 12.4 -0.00983886 0.0128386 0.0986832 
qwerty 334 75 1.07646 9.08482 -1.98052 1.9774 13.075 -0.0504212 -0.015732 0.0849129 
qwerty 334 75 0.323828 3.21287 -1.89999 1.79615 13.4144 0.0354158 -0.0743996 0.0566605 
qwerty 334 75 0.944939 2.26793 -1.78567 1.40733 13.6707 -0.00153981 -0.0920587 0.0390234 
qwerty 334 75 0.23534 1.67482 -1.77853 1.27671 13.7193 -0.00697914 -0.0956784 0.0282301 
qwerty 334 75 0.0657314 1.60909 -1.78048 1.25 13.7272 -0.0110361 -0.0947316 0.0300688 
qwerty 334 75 0.105367 1.50372 -1.78884 1.17819 13.75 -0.00979115 -0.0951086 0.0293001 
qwerty 344 334 0.0284218 0.329355 -1.79194 1.26826 13.7189 -0.0603347 -0.0669462 0.0433351 
qwerty 344 334 0.0187189 0.310636 -1.79639 1.25994 13.7227 -0.0632307 -0.0474243 0.0612602 
qwerty 344 334 0.0178938 0.292742 -1.79971 1.25571 13.7271 -0.0569222 -0.0560599 0.0601428 
qwerty 344 334 0.0211589 0.271583 -1.804 1.25283 13.7319 -0.0812388 -0.0243597 0.0529798 
qwerty 344 334 0.0429405 0.228643 -1.81082 1.2506 13.7353 -0.0686682 -0.0615309 0.0387121 
qwerty 344 334 0.000817916 0.227825 -1.81149 1.25 13.7357 -0.0452669 -0.079573 0.0402374 
qwerty 344 334 0.00532293 0.222502 -1.81312 1.24783 13.7368 -0.0662868 -0.0708894 0.0240988 
qwerty 344 334 0.00728138 0.21522 -1.81476 1.24519 13.7376 -0.0454671 -0.0665361 0.0592089 
qwerty 344 334 0.00527343 0.209947 -1.81631 1.24361 13.7393 -0.0535518 -0.0427134 0.0728544 
qwerty 344 334 0.00945449 0.200493 -1.81927 1.24134 13.7418 -0.0914363 0.0232026 0.0331819 
qwerty 344 334 0.0105033 0.189989 -1.82355 1.24138 13.7427 -0.0807269 -0.0197545 0.0556141 
qwerty 344 334 0.00779522 0.182194 -1.82614 1.24018 13.7458 -0.080821 -0.0170384 0.0563707 
qwerty 344 334 0.0118269 0.170367 -1.82833 1.23981 13.7483 -0.0767223 -0.015452 0.0622488 
qwerty 344 334 0.00695612 0.163411 -1.83045 1.23939 13.75 -0.0441691 -0.0307043 0.0842991 
qwerty 344 334 0 0.137718 -1.83093 1.23909 13.75 0.0805755 0.0592182 0.0008909 
qwerty 344 334 0.00166919 0.07453 -1.83063 1.23895 13.7495 0.030352 0.0104758 -0.0947049 
qwerty 344 334 0.00169537 0.0728346 -1.83055 1.23903 13.7491 0.0185786 0.0396397 -0.0899085 
qwerty 344 334 0.000966324 0.0718683 -1.83047 1.23928 13.7486 0.0257512 0.0569806 -0.078039 
qwerty 344 334 0.00549011 0.0663782 -1.8302 1.23989 13.7481 0.0463341 0.0675365 -0.0573757 
qwerty 344 334 0.006146 0.0602322 -1.82983 1.2405 13.7474 0.0502773 0.0680931 -0.0532497 
qwerty 344 334 0.00563863 0.0545935 -1.82874 1.241 13.7463 0.0763773 0.0349179 -0.0542886 
qwerty 344 334 0.0319044 0.0226891 -1.82681 1.24116 13.7455 0.0597604 0.0145184 -0.0788537 
qwerty 344 334 0.0226891 0 -1.82645 1.24124 13.745 0.0597604 0.0145184 -0.0788537 
qwerty 333 75 0.491497 2.54055 -1.59499 2.11358 12.4 0.027962 -0.00688844 0.0957637 
qwerty 345 334 0 0.510999 -1.89014 1.25 13.6285 -0.0532966 0.0399176 -0.074606 
qwerty 345 334 0 0.510999 -2.16051 1.4525 13.25 -0.0532966 0.0399176 -0.074606 
qwerty 343 334 0.00029101 0 -1.89357 1.80265 13.426 0.0437079 0.0442109 0.0783264 
qwerty 349 343 0.00347982 0 -1.89355 1.80266 13.4259 0.0609581 0.0285569 -0.07395 
qwerty 342 334 0 2.05939 -1.73239 1.26264 13.75 0.031971 -0.0758519 0.0567833 
qwerty 342 334 0 2.05939 -1.35234 0.360962 14.425 0.031971 -0.0758519 0.0567833 
qwerty 342 334 0 2.05939 -0.972289 -0.540712 15.1 0.031971 -0.0758519 0.0567833 
qwerty 352 350 0 0.33375 -0.999847 -0.982973 14.6 -0.0159371 -0.0405908 -0.0899911 
qwerty 341 334 0 0.312534 -2.14235 1.91616 13.75 -0.0223929 -0.0101031 0.0969355 
qwerty 340 334 0 0.20265 -1.85189 1.89028 13.075 -0.0277389 -0.0275811 0.0920317 
qwerty 338 334 0 1.69328 -2.13286 1.88575 13.075 -0.0595005 -0.0324202 0.0735433 
qwerty 338 334 0 1.69328 -2.67898 1.58818 13.75 -0.0595005 -0.0324202 0.0735433 
qwerty 338 334 0 1.69328 -3.22509 1.29062 14.425 -0.0595005 -0.0324202 0.0735433 
qwerty 338 334 0 1.69328 -3.7712 0.993061 15.1 -0.0595005 -0.0324202 0.0735433 
qwerty 338 334 0 1.69328 -4.31731 0.695499 15.775 -0.0595005 -0.0324202 0.0735433 
qwerty 338 334 0 1.69328 -4.86342 0.397938 16.45 -0.0595005 -0.0324202 0.0735433 
qwerty 338 334 0 1.69328 -5.40954 0.100376 17.125 -0.0595005 -0.0324202 0.0735433 
qwerty 338 334 0 1.69328 -5.95565 -0.197185 17.8 -0.0595005 -0.0324202 0.0735433 
qwerty 338 334 0 1.69328 -6.25 -0.35757 18.1638 -0.0595005 -0.0324202 0.0735433 
qwerty 338 334 0 1.69328 -6.50176 -0.494747 18.475 -0.0595005 -0.0324202 0.0735433 
qwerty 338 334 0 0.456053 -6.88477 -0.703441 18.9484 -0.0848599 0.0476411 -0.0230027 
qwerty 338 334 0 0.442597 -7.29681 -0.472121 18.8367 -0.0893952 0.0258381 -0.0366181 
qwerty 338 334 0 0.442597 -7.75265 -0.340369 18.65 -0.0893952 0.0258381 -0.0366181 
qwerty 336 334 0 0.0826657 -1.60024 2.16416 12.4 -0.00856718 0.0171633 0.0981429 
qwerty 320 81 0.928103 10.1763 -0.276254 4.64044 16.45 0.0180566 0.0298643 0.0937128 
qwerty 275 92 0.081255 1.07748 -1.25 2.30795 11.2561 -0.0559608 0.0328027 0.0761076 
qwerty 275 92 0.144537 0.932944 -1.32751 2.33343 11.3244 -0.0787393 -0.0233727 0.0570425 
qwerty 275 92 0.12546 0.807484 -1.39158 2.31988 11.3804 0.0792396 0.0240389 0.0560644 
qwerty 275 92 0.130056 0.677428 -1.32508 2.32588 11.4169 -0.0225926 -0.0962762 0.0148484 
qwerty 275 92 0.237728 0.4397 -1.30467 2.21998 11.3991 0.0514013 -0.0767886 0.0382285 
qwerty 275 92 0.27771 0.16199 -1.26838 2.15504 11.4402 -0.0895922 -0.0428541 -0.0116941 
qwerty 275 92 0.16199 0 -1.28447 2.14734 11.4381 -0.0895922 -0.0428541 -0.0116941 
qwerty 275 92 0 0 -1.28447 2.14734 11.4381 -0.0895922 -0.0428541 -0.0116941 
qwerty 358 338 0.0134562 0 -7.29679 -0.47192 18.8368 0.00733167 0.0871827 0.0484297 
qwerty 357 338 0.246067 0.991161 -6.97956 -0.764251 19.0423 -0.0700119 -0.0182849 0.0690217 
qwerty 357 338 0.18945 0.76354 -7.03843 -0.794203 19.139 -0.0411602 -0.0601476 0.0684697 
qwerty 357 338 0.0276488 0.735891 -7.04503 -0.803846 19.15 -0.0361025 -0.0755674 0.054646 
qwerty 357 338 0.00464995 0.21389 -7.03973 -0.788444 19.1499 0.084378 0.0483304 0.0233352 
qwerty 357 338 0.000929644 0.21296 -7.03935 -0.78823 19.15 0.0832371 0.0498763 0.0241649 
qwerty 383 357 0 0.0381709 -7.05117 -0.807795 19.15 -0.0589058 -0.0628656 0.0507743 
qwerty 382 260 0 0.510999 2.23571 -4.00916 1.1 0.060273 -0.0340306 -0.072174 
qwerty 382 260 0 0.510999 2.79941 -4.32743 0.425 0.060273 -0.0340306 -0.072174 
qwerty 381 260 0 0.510999 1.25446 -3.45514 2.275 -0.060273 0.0340306 0.072174 
qwerty 380 260 0 0.714493 2.24125 -4.10735 2.275 0.0623915 -0.0469814 0.0624503 
qwerty 380 260 0 0.714493 2.91562 -4.61516 2.95 0.0623915 -0.0469814 0.0624503 
qwerty 380 260 0 0.714493 3.58998 -5.12296 3.625 0.0623915 -0.0469814 0.0624503 
qwerty 377 263 0 0.510999 4.20857 -2.50743 1.1 0.0810678 0.0433118 -0.0393968 
qwerty 376 263 0 0.510999 1.98934 -3.41053 2.275 -0.0842994 -0.0239267 0.048178 
qwerty 374 265 0 0.510999 2.20681 -7.92855 2.95 -0.0949958 0.00533615 0.0307786 
qwerty 374 265 0 0.338782 1.75621 -7.83664 3.625 -0.0195366 0.0125466 0.0972672 
qwerty 374 265 0 0.338782 1.62063 -7.74957 4.3 -0.0195366 0.0125466 0.0972672 
qwerty 374 265 0 0.246309 2.15722 -6.95947 4.975 0.0519394 0.0712295 0.0472086 
qwerty 373 275 0 0.510999 -2.3987 2.64303 11.225 -0.0900033 0.0400397 -0.0172111 
qwerty 373 275 0 0.510999 -4.93218 3.75 10.8285 -0.0907569 0.0396005 -0.0139641 
qwerty 373 275 0 0.510999 -6.74241 4.53987 10.55 -0.0907569 0.0396005 -0.0139641 
qwerty 398 373 0.0110251 0.30077 -6.7663 4.54117 10.5543 -0.0172696 -0.0680535 0.0712073 
qwerty 398 373 0.00985404 0.290916 -6.76674 4.53728 10.5585 -0.00420061 -0.0648627 0.0759947 
qwerty 398 373 0.0126607 0.278255 -6.76719 4.53266 10.5621 -0.00973814 -0.0736443 0.0669454 
qwerty 398 373 0.0153164 0.262939 -6.76692 4.52798 10.5678 -0.0203683 -0.0721935 0.0661304 
qwerty 398 373 0.0222446 0.240694 -6.76803 4.51995 10.5729 0.0369725 -0.0811325 0.045283 
qwerty 398 373 0.0345802 0.206114 -6.76069 4.51179 10.5786 0.0536375 -0.018834 0.0822696 
qwerty 398 373 0.0520915 0.154022 -6.7531 4.51708 10.5926 -0.0123602 0.0144641 0.0981734 
qwerty 398 373 0.154022 0 -6.75517 4.5195 10.6091 -0.0123602 0.0144641 0.0981734 
qwerty 372 275 0 0.510999 -1.25 2.13201 11.4447 0.0900033 -0.0400397 0.0172111 
qwerty 372 275 0 0.510999 0.21598 1.47984 11.725 0.0900033 -0.0400397 0.0172111 
qwerty 372 275 0 0.312475 0.106958 0.23305 11.225 -0.0103649 -0.0919534 -0.0379096 
qwerty 370 275 0 0.291313 -1.22921 2.4956 11.725 -0.00630611 0.031848 0.094583 
qwerty 405 368 0.0330579 0.278782 -3.85514 3.5456 13.0722 0.0129194 -0.097663 -0.0171763 
qwerty 405 368 0.0081768 0.270605 -3.85399 3.54078 13.0722 0.036757 -0.0925565 -0.00906722 
qwerty 405 368 0.0101017 0.260503 -3.85287 3.53671 13.0714 0.0399277 -0.0911689 0.00969583 
qwerty 405 368 0.0114517 0.249052 -3.8512 3.53145 13.0717 0.0410555 -0.089845 0.0155669 
qwerty 405 368 0.0119435 0.237108 -3.84951 3.52613 13.0715 0.0527672 -0.0848295 0.00442421 
qwerty 405 368 0.0142294 0.222879 -3.84756 3.52036 13.0723 0.0516678 -0.0847477 0.0121761 
qwerty 405 368 0.0099541 0.212925 -3.84506 3.51517 13.0719 0.0142307 -0.0989188 -0.00354351 
qwerty 405 368 0.0147314 0.198193 -3.84481 3.50979 13.0722 0.0200248 -0.0952561 0.0229192 
qwerty 405 368 0.0160157 0.182178 -3.84479 3.50411 13.0726 -0.0109989 -0.0984661 0.0135441 
qwerty 405 368 0.0199454 0.162232 -3.8462 3.49946 13.0742 0.00594362 -0.0920464 0.0386282 
qwerty 405 368 0.00597327 0.156259 -3.84607 3.49748 13.075 -0.0176706 -0.0871432 0.0457583 
qwerty 405 368 0.0133253 0.139631 -3.84657 3.49851 13.0744 -0.0315048 0.0919178 -0.0236342 
qwerty 405 368 0.00365539 0.135975 -3.84734 3.50002 13.0742 -0.0359871 0.092019 -0.015409 
qwerty 405 368 0.00506447 0.130911 -3.84783 3.50159 13.0742 -0.0445412 0.0861597 -0.024343 
qwerty 405 368 0.00533831 0.125572 -3.84865 3.50276 13.0738 -0.0482269 0.0871206 -0.00917434 
qwerty 405 368 0.00529361 0.120279 -3.84944 3.50394 13.0738 -0.0586989 0.0772131 -0.024343 
qwerty 405 368 0.00489407 0.115385 -3.8506 3.50496 13.0735 -0.0690787 0.0705172 0.015983 
qwerty 405 368 0.00633472 0.10905 -3.85196 3.50591 13.0739 -0.0702679 0.0488055 0.0517731 
qwerty 405 368 0.0121158 0.0969342 -3.85307 3.50643 13.0749 -0.0904737 0.0102267 0.0413513 
qwerty 405 368 0.00294776 0.0939864 -3.85334 3.50646 13.075 -0.0904107 0.02259 0.0362712 
qwerty 405 368 0.00197199 0.0780509 -3.85375 3.50663 13.0746 -0.0597146 0.0124948 -0.0792341 
qwerty 405 368 0.00119644 0.0768545 -3.85399 3.50667 13.0742 -0.0466664 0.0255144 -0.0846833 
qwerty 405 368 0.00183153 0.075023 -3.85419 3.50678 13.0738 -0.0248067 0.0353208 -0.0902057 
qwerty 405 368 0.00250731 0.0725157 -3.85438 3.50711 13.0732 -0.0457224 0.0439349 -0.0773252 
qwerty 405 368 0.00558598 0.0669297 -3.85472 3.50753 13.0724 -0.04837 0.0325887 -0.0812301 
qwerty 405 368 0.0390408 0.0278889 -3.85548 3.5085 13.0715 0.0239946 0.0726046 -0.0644425 
qwerty 405 368 0.0278889 0 -3.85527 3.50912 13.071 0.0239946 0.0726046 -0.0644425 
qwerty 366 298 0 0.187729 -1.51234 3.06093 11.5357 -0.0751429 -0.00512932 0.0657817 
qwerty 366 298 0 0.187729 -1.72855 3.04617 11.725 -0.0751429 -0.00512932 0.0657817 
qwerty 407 366 0.32327 0 -1.47756 3.09264 11.5075 0.0633892 0.0577842 -0.0514081 
qwerty 365 320 0 0.510999 -1.02629 4.81296 15.95 -0.0695539 -0.0316935 -0.0644808 
qwerty 365 320 0 0.510999 -1.25 4.71102 15.7426 -0.0695539 -0.0316935 -0.0644808 
qwerty 365 320 0 0.510999 -1.75439 4.48118 15.275 -0.0695539 -0.0316935 -0.0644808 
qwerty 365 320 0 0.191195 -2.11408 4.31729 14.9416 0.048001 -0.0455906 0.0749494 
qwerty 365 320 0 0.191195 -2.0126 4.2209 15.1 0.048001 -0.0455906 0.0749494 
qwerty 409 365 0.319803 0 -2.15092 4.31113 14.9026 -0.0682672 -0.0114166 -0.0721752 
qwerty 364 320 0 0.510999 0.241159 5.39049 17.125 0.0695539 0.0316935 0.0644808 
qwerty 364 320 0 0.510999 0.969267 5.72227 17.8 0.0695539 0.0316935 0.0644808 
qwerty 364 320 0 0.510999 1.25 5.85019 18.0603 0.0695539 0.0316935 0.0644808 
qwerty 364 320 0 0.510999 1.69737 6.05404 18.475 0.0695539 0.0316935 0.0644808 
qwerty 220 105 1.09336 7.74755 -2.26332 2.36236 14.425 -0.0497098 0.0329586 0.0802662 
qwerty 220 105 0.984665 3.63987 -2.42644 2.26116 15.1 -0.0570907 -0.0447894 0.0688082 
qwerty 220 105 0.767519 2.0174 -2.44544 2.45396 14.7099 0.0106437 0.0136315 -0.0984931 
qwerty 220 105 0.156137 1.86126 -2.43356 2.46918 14.6 -0.0415332 0.032244 -0.0850607 
qwerty 220 105 0.00812555 0.266043 -2.4474 2.46633 14.6008 -0.00929266 0.0964883 0.0245694 
qwerty 220 105 0.0859936 0.18005 -2.44861 2.4702 14.6018 -0.00956279 0.0987824 0.0122714 
qwerty 220 105 0.0359247 0.144125 -2.4493 2.47375 14.6021 -0.0149696 0.0846929 0.0510198 
qwerty 220 105 0.0162741 0.127851 -2.44985 2.47696 14.605 0.0185876 0.0714313 0.0674691 
qwerty 220 105 0.0139729 0.113878 -2.45027 2.47948 14.6078 -0.00256406 -0.000954844 0.0999626 
qwerty 220 105 0.0245874 0.0892903 -2.45179 2.47951 14.6113 -0.0357399 -0.0274636 0.0892659 
qwerty 220 105 0.0731378 0.0161525 -2.45572 2.4781 14.6154 0.0141655 -0.076582 0.0627259 
qwerty 220 105 0.0161525 0 -2.45568 2.47786 14.6155 0.0141655 -0.076582 0.0627259 
qwerty 220 105 0 0 -2.45568 2.47786 14.6155 0.0141655 -0.076582 0.0627259 
qwerty 177 108 0.953172 12.0808 -1.61196 1.97381 11.05 -0.0219604 0.0301173 0.0927938 
qwerty 237 104 0 0.687371 -1.6243 1.87215 11.725 -0.0370131 -0.021417 0.0903955 
qwerty 237 104 0 0.687371 -1.90068 1.71223 12.4 -0.0370131 -0.021417 0.0903955 
qwerty 237 104 0 0.687371 -2.17707 1.5523 13.075 -0.0370131 -0.021417 0.0903955 
qwerty 237 104 0 0.687371 -2.45345 1.39238 13.75 -0.0370131 -0.021417 0.0903955 
qwerty 237 104 0 0.687371 -2.72983 1.23245 14.425 -0.0370131 -0.021417 0.0903955 
qwerty 237 104 0 0.687371 -3.00622 1.07253 15.1 -0.0370131 -0.021417 0.0903955 
qwerty 237 104 0 0.687371 -3.2826 0.912604 15.775 -0.0370131 -0.021417 0.0903955 
qwerty 237 104 0.0202422 0.667129 -3.47143 0.803344 16.2362 -0.0691631 -0.051729 0.0504041 
qwerty 237 104 0 0.667129 -3.76485 0.583881 16.45 -0.0691631 -0.051729 0.0504041 
qwerty 237 104 0 0.667129 -4.69107 -0.108862 17.125 -0.0691631 -0.051729 0.0504041 
qwerty 237 104 0 0.667129 -5.61729 -0.801606 17.8 -0.0691631 -0.051729 0.0504041 
qwerty 237 104 0 0.667129 -6.25 -1.27483 18.2611 -0.0691631 -0.051729 0.0504041 
qwerty 237 104 0 0.667129 -6.5435 -1.49435 18.475 -0.0691631 -0.051729 0.0504041 
qwerty 237 104 0 0.667129 -7.46972 -2.18709 19.15 -0.0691631 -0.051729 0.0504041 
qwerty 237 104 0 0.667129 -8.39594 -2.87984 19.825 -0.0691631 -0.051729 0.0504041 
qwerty 237 104 0 0.667129 -9.32215 -3.57258 20.5 -0.0691631 -0.051729 0.0504041 
qwerty 237 104 0 0.667129 -10.2484 -4.26532 21.175 -0.0691631 -0.051729 0.0504041 
qwerty 237 104 0 0.667129 -11.1746 -4.95807 21.85 -0.0691631 -0.051729 0.0504041 
qwerty 237 104 0 0.667129 -12.1008 -5.65081 22.525 -0.0691631 -0.051729 0.0504041 
qwerty 237 104 0 0.500947 -12.5433 -5.98174 22.8475 -0.0420344 -0.0269328 0.0866472 
qwerty 237 104 0 0.500947 -12.7143 -6.09132 23.2 -0.0420344 -0.0269328 0.0866472 
qwerty 237 104 0 0.500947 -13.0417 -6.30113 23.875 -0.0420344 -0.0269328 0.0866472 
qwerty 237 104 0 0.500947 -13.3692 -6.51095 24.55 -0.0420344 -0.0269328 0.0866472 
qwerty 237 104 0 0.274281 -13.4905 -6.58868 24.8001 0.00959653 0.0222439 0.0970212 
qwerty 237 104 0 0.274281 -13.4485 -6.49126 25.225 0.00959653 0.0222439 0.0970212 
qwerty 237 104 0 0.274281 -13.3817 -6.3365 25.9 0.00959653 0.0222439 0.0970212 
qwerty 237 104 0.051562 0.222719 -13.3609 -6.28832 26.1102 -0.00275432 0.089522 -0.0444772 
qwerty 237 104 0 0.222719 -13.3631 -6.21753 26.075 -0.00275432 0.089522 -0.0444772 
qwerty 237 104 0 0.134134 -13.387 -5.44112 25.6893 0.0576876 0.0797678 -0.0175853 
qwerty 237 104 0 0.0502733 -13.3242 -5.35427 25.6701 -0.0244676 0.0965347 0.00907729 
qwerty 237 104 0.0221885 0.0280849 -13.3278 -5.34018 25.6714 -0.0663066 0.0559902 0.0496843 
qwerty 237 104 0.0189687 0.00911618 -13.379 -5.29688 25.7099 -0.0943741 -0.0269126 0.0192158 
qwerty 237 104 0 0.00911618 -14.3129 -5.56319 25.9 -0.0943741 -0.0269126 0.0192158 
qwerty 237 104 0 0.00911618 -16.25 -6.11559 26.2944 -0.0943741 -0.0269126 0.0192158 
qwerty 237 104 0 0.00911618 -17.628 -6.50856 26.575 -0.0943741 -0.0269126 0.0192158 
qwerty 237 104 0.00117427 0.00790483 -18.0817 -6.53218 26.5499 -0.0888682 -0.00113965 -0.0458383 
qwerty 237 104 0 0.00790483 -18.75 -6.54075 26.2052 -0.0888682 -0.00113965 -0.0458383 
qwerty 237 104 0 0.00790483 -19.0024 -6.54399 26.075 -0.0888682 -0.00113965 -0.0458383 
qwerty 237 104 0.00419848 0.00370635 -19.8126 -6.55438 25.6571 -0.0942419 0.00484462 0.0330907 
qwerty 237 104 0 0.00370635 -20.5043 -6.51882 25.9 -0.0942419 0.00484462 0.0330907 
qwerty 237 104 0 0.00366309 -20.8827 -6.92941 25.4 -0.00928248 -0.0571442 -0.0815376 
qwerty 237 104 0 0.00366309 -20.9595 -7.40247 24.725 -0.00928248 -0.0571442 -0.0815376 
qwerty 237 104 4.39004e-05 0.00361919 -21.005 -7.68232 24.3257 0.00698452 -0.0814928 -0.0575338 
qwerty 237 104 0 0.00361919 -20.9715 -8.07282 24.05 0.00698452 -0.0814928 -0.0575338 
qwerty 237 104 0.00192577 0.00169343 -20.9048 -8.85078 23.5008 0.0316226 -0.0933251 0.0170422 
qwerty 237 104 0.000378044 0.00131538 -20.5672 -9.84713 23.6827 -0.0979922 0.0192356 -0.00524616 
qwerty 237 104 0.00131172 3.66258e-06 -21.1416 -9.73439 23.652 -0.00566104 0.0312191 0.0948331 
qwerty 237 104 0 3.66258e-06 -21.1549 -9.66097 23.875 -0.00566104 0.0312191 0.0948331 
qwerty 237 104 1.18094e-07 3.54448e-06 -21.1833 -9.50405 24.3517 0.0058182 0.0807744 0.0586656 
qwerty 237 104 0 3.54448e-06 -21.1637 -9.23096 24.55 0.0058182 0.0807744 0.0586656 
qwerty 237 104 2.19716e-07 3.32477e-06 -21.1244 -8.68522 24.9464 0.0302676 0.00545524 0.0951531 
qwerty 237 104 0 3.32477e-06 -21.0357 -8.66925 25.225 0.0302676 0.00545524 0.0951531 
qwerty 237 104 7.53978e-08 3.19053e-06 -21.1266 -8.55833 25.081 -0.0476416 0.0351201 -0.0806031 
qwerty 237 104 0 3.19053e-06 -21.25 -8.4674 24.8723 -0.0476416 0.0351201 -0.0806031 
qwerty 237 104 0 3.19053e-06 -21.3371 -8.40322 24.725 -0.0476416 0.0351201 -0.0806031 
qwerty 237 104 0 3.19053e-06 -21.736 -8.10911 24.05 -0.0476416 0.0351201 -0.0806031 
qwerty 237 104 4.20676e-07 2.76985e-06 -21.8569 -8.02003 23.8456 -0.0633965 0.00189191 -0.077313 
qwerty 237 104 2.31728e-06 4.52577e-07 -22.1132 -8.01238 23.5329 -0.0752051 0.0650211 0.0107914 
qwerty 237 104 7.163e-08 3.80948e-07 -22.1295 -7.9983 23.5353 0.0129692 -0.00484458 0.099037 
qwerty 237 104 0 3.80948e-07 -22.085 -8.01492 23.875 0.0129692 -0.00484458 0.099037 
qwerty 237 104 0 3.80948e-07 -21.9966 -8.04794 24.55 0.0129692 -0.00484458 0.099037 
qwerty 237 104 0 3.80948e-07 -21.9082 -8.08096 25.225 0.0129692 -0.00484458 0.099037 
qwerty 237 104 0 3.80948e-07 -21.8198 -8.11398 25.9 0.0129692 -0.00484458 0.099037 
qwerty 237 104 1.96503e-07 1.77636e-07 -21.8686 -8.09896 25.8538 -0.0949269 -0.0231768 -0.0212537 
qwerty 237 104 0 1.77636e-07 -23.8955 -8.59384 25.4 -0.0949269 -0.0231768 -0.0212537 
qwerty 237 104 0 1.75204e-07 -23.75 -9.14719 25.1559 0.0665166 -0.0701158 -0.0256771 
qwerty 237 104 0 1.75204e-07 -23.75 -9.14719 25.1559 0.0665166 -0.0701158 -0.0256771 
qwerty 411 364 0.0249633 0.264196 1.69336 6.05546 18.4733 -0.0461001 -0.0832746 -0.0306613 
qwerty 411 364 0.0143814 0.249814 1.69192 6.05136 18.4723 -0.0208341 -0.0912445 -0.035219 
qwerty 411 364 0.0268575 0.222957 1.69035 6.04699 18.4708 -0.0591652 -0.0726915 -0.034863 
qwerty 411 364 0.00922785 0.213729 1.68866 6.0433 18.4693 -0.037095 -0.0757944 -0.0536579 
qwerty 411 364 0.0330061 0.180723 1.68683 6.03955 18.4678 -0.0365857 -0.0770489 -0.0522011 
qwerty 411 364 0.0100651 0.170658 1.68477 6.03697 18.4654 -0.0632669 -0.0568078 -0.0526324 
qwerty 411 364 0.0141665 0.156491 1.68255 6.0345 18.4618 -0.0590436 -0.0424009 -0.0686733 
qwerty 411 364 0.0326637 0.123827 1.67901 6.03304 18.4557 0.00646672 -0.021942 -0.0973485 
qwerty 411 364 0.0455053 0.0783221 1.68253 6.03816 18.4449 0.0320628 -0.051399 -0.079562 
qwerty 411 364 0.0783221 0 1.68423 6.03544 18.4407 0.0320628 -0.051399 -0.079562 
qwerty 433 155 0 0.510999 -1.81742 5.48948 15.1 -0.0303592 -0.0160012 0.093927 
qwerty 433 155 0 0.510999 -2.0356 5.37449 15.775 -0.0303592 -0.0160012 0.093927 
qwerty 433 155 0 0.510999 -2.25377 5.2595 16.45 -0.0303592 -0.0160012 0.093927 
qwerty 433 155 0 0.510999 -2.47194 5.14451 17.125 -0.0303592 -0.0160012 0.093927 
qwerty 433 155 0 0.510999 -2.69012 5.02952 17.8 -0.0303592 -0.0160012 0.093927 
qwerty 430 175 0 0.510999 -2.46997 2.17348 15.275 0.00329568 -0.0797233 -0.0602772 
qwerty 430 175 0 0.510999 -2.43306 1.28072 14.6 0.00329568 -0.0797233 -0.0602772 
qwerty 430 175 0 0.510999 -2.39616 0.387958 13.925 0.00329568 -0.0797233 -0.0602772 
qwerty 430 175 0 0.510999 -2.35925 -0.504805 13.25 0.00329568 -0.0797233 -0.0602772 
qwerty 430 175 0 0.510999 -2.32234 -1.39757 12.575 0.00329568 -0.0797233 -0.0602772 
qwerty 430 175 0 0.510999 -2.28544 -2.29033 11.9 0.00329568 -0.0797233 -0.0602772 
qwerty 430 175 0 0.510999 -2.24853 -3.18309 11.225 0.00329568 -0.0797233 -0.0602772 
qwerty 430 175 0 0.510999 -2.2251 -3.75 10.7964 0.00329568 -0.0797233 -0.0602772 
qwerty 430 175 0 0.510999 -2.21163 -4.07585 10.55 0.00329568 -0.0797233 -0.0602772 
qwerty 430 175 0 0.510999 -2.17472 -4.96862 9.875 0.00329568 -0.0797233 -0.0602772 
qwerty 443 430 0.00532447 0.20654 -2.16531 -5.19996 9.69934 0.0700705 -0.0558124 -0.0444422 
qwerty 443 430 0.00659195 0.199948 -2.16305 -5.20118 9.69768 0.0527311 -0.0440486 -0.0726578 
qwerty 443 430 0.00499459 0.194954 -2.16202 -5.20211 9.69581 0.0549738 -0.0371819 -0.0748023 
qwerty 443 430 0.00670055 0.188253 -2.1599 -5.2029 9.69374 0.0523601 -0.0377285 -0.076387 
qwerty 443 430 0.0107055 0.177547 -2.1574 -5.20389 9.69058 0.0277765 -0.0566709 -0.0775685 
qwerty 443 430 0.0223033 0.155244 -2.15718 -5.2074 9.68687 -0.00552546 -0.0617388 -0.0784716 
qwerty 443 430 0.0276723 0.127572 -2.15909 -5.20976 9.68034 -0.0241918 -0.0641059 -0.0728367 
qwerty 443 430 0.052467 0.0751049 -2.15763 -5.22015 9.67661 -0.0218163 -0.0946752 -0.0236781 
qwerty 443 430 0.0751049 0 -2.1587 -5.2248 9.67544 -0.0218163 -0.0946752 -0.0236781 
qwerty 429 177 0 0.510999 -1.20656 3.75 10.7986 0.0286297 0.0943352 -0.0167695 
qwerty 429 177 0 0.510999 -0.782072 5.14869 10.55 0.0286297 0.0943352 -0.0167695 
qwerty 429 177 0 0.42506 -1.10032 6.31668 9.875 -0.0247297 0.0832712 -0.0495414 
qwerty 426 177 0 3.43047 -1.85895 1.9504 10.55 -0.0270525 -0.0283579 -0.0919999 
qwerty 424 177 0 1.19584 -1.87205 2.50548 11.725 -0.0262686 0.0581808 0.0769737 
qwerty 424 177 0 1.19584 -2.1024 3.01568 12.4 -0.0262686 0.0581808 0.0769737 
qwerty 424 177 0 1.19584 -2.33276 3.52588 13.075 -0.0262686 0.0581808 0.0769737 
qwerty 424 177 0 1.19584 -2.43395 3.75 13.3715 -0.0262686 0.0581808 0.0769737 
qwerty 424 177 0 0.414016 -2.54261 3.99068 13.6899 0.0870352 0.00825251 0.0485466 
qwerty 424 177 0 0.414016 -2.43493 4.00089 13.75 0.0870352 0.00825251 0.0485466 
qwerty 451 424 0.100646 0.681175 -2.57527 4.01962 13.7083 -0.0598704 0.0444145 0.066655 
qwerty 451 424 0.0559513 0.625224 -2.59175 4.03325 13.7418 -0.0179079 0.0606315 0.0774799 
qwerty 451 424 0.0136977 0.611526 -2.59364 4.03967 13.75 -0.0129297 0.041499 0.0900592 
qwerty 423 177 0 0.456585 -1.7235 2.29587 11.5229 0.00526247 0.00114235 0.0998549 
qwerty 423 177 0 0.456585 -1.71286 2.29818 11.725 0.00526247 0.00114235 0.0998549 
qwerty 453 423 0.0935478 0 -1.72634 2.30248 11.5228 -0.0394578 0.0918542 -0.00242751 
qwerty 422 177 0 0.234998 -1.6714 1.88863 11.05 -0.0110816 0.0199333 0.0973646 
qwerty 421 214 0 0.408233 -1.24526 0.82319 7.85 -0.00642971 -0.057335 -0.0816784 
qwerty 421 214 0 0.408233 -1.2984 0.349367 7.175 -0.00642971 -0.057335 -0.0816784 
qwerty 421 214 0 0.198458 -1.34973 -0.125196 7.675 -0.00627689 -0.0583184 0.0809911 
qwerty 420 214 0 0.510999 -1.25 1.64794 8.5856 -0.0137917 0.0957004 0.0255191 
qwerty 420 214 0 0.510999 -1.48747 3.29575 9.025 -0.0137917 0.0957004 0.0255191 
qwerty 419 220 0 0.26869 -2.46661 2.42592 14.6378 -0.0476927 -0.0352875 -0.0804997 
qwerty 419 220 0 0.26869 -2.48899 2.40936 14.6 -0.0476927 -0.0352875 -0.0804997 
qwerty 460 419 0.0529898 0.18932 -2.45641 2.41163 14.6506 0.0657524 0.0181403 0.073127 
qwerty 460 419 0.18932 0 -2.44095 2.4159 14.6678 0.0657524 0.0181403 0.073127 
qwerty 418 220 0 0.510999 -2.44803 2.51418 14.6 0.0190059 0.0902584 -0.038629 
qwerty 417 220 0 0.870652 -3.04219 2.69406 13.925 -0.0651211 0.0237049 -0.0720925 
qwerty 417 220 0 0.870652 -3.65192 2.91601 13.25 -0.0651211 0.0237049 -0.0720925 
qwerty 417 220 0 0.870652 -4.26165 3.13796 12.575 -0.0651211 0.0237049 -0.0720925 
qwerty 417 220 0 0.870652 -4.87138 3.35991 11.9 -0.0651211 0.0237049 -0.0720925 
qwerty 417 220 0 0.870652 -5.4811 3.58185 11.225 -0.0651211 0.0237049 -0.0720925 
qwerty 417 220 0 0.37775 -5.81353 3.70286 10.857 -0.0683089 0.0555013 0.047471 
qwerty 417 220 0 0.37775 -5.87155 3.75 10.8973 -0.0683089 0.0555013 0.047471 
qwerty 417 220 0 0.37775 -6.09128 3.92853 11.05 -0.0683089 0.0555013 0.047471 
qwerty 463 417 0.052141 0.440762 -5.82998 3.7038 10.834 -0.0482947 0.0685173 -0.0545252 
qwerty 463 417 0.0469789 0.393783 -5.84781 3.71618 10.82 -0.0444269 0.0127449 -0.0886782 
qwerty 463 417 0.0361535 0.357629 -5.85194 3.72302 10.8012 -0.039984 0.010471 -0.0910584 
qwerty 463 417 0.0329372 0.324692 -5.8553 3.72194 10.7856 -0.0397416 0.0142118 -0.0906567 
qwerty 463 417 0.041862 0.28283 -5.85904 3.72748 10.769 -0.064897 0.0156032 -0.0744642 
qwerty 463 417 0.0434296 0.239401 -5.867 3.72772 10.7591 -0.0504801 -0.0370479 -0.0779693 
qwerty 463 417 0.046616 0.192785 -5.87739 3.72109 10.7521 -0.0873007 -0.0102641 -0.0476784 
qwerty 463 417 0.0449673 0.147817 -5.89181 3.71562 10.7491 -0.0518113 0.0148111 0.0842391 
qwerty 463 417 0.147817 0 -5.89991 3.71794 10.7623 -0.0518113 0.0148111 0.0842391 
qwerty 416 220 0 0.9542 -2.07899 2.44656 15.1 0.0317586 0.0106928 0.0942181 
qwerty 416 220 0 0.9542 -1.85146 2.52316 15.775 0.0317586 0.0106928 0.0942181 
qwerty 416 220 0 0.9542 -1.62394 2.59977 16.45 0.0317586 0.0106928 0.0942181 
qwerty 416 220 0 0.9542 -1.39641 2.67637 17.125 0.0317586 0.0106928 0.0942181 
qwerty 416 220 0 0.9542 -1.16889 2.75298 17.8 0.0317586 0.0106928 0.0942181 
qwerty 416 220 0 0.9542 -0.94136 2.82958 18.475 0.0317586 0.0106928 0.0942181 
qwerty 416 220 0 0.9542 -0.713834 2.90619 19.15 0.0317586 0.0106928 0.0942181 
qwerty 416 220 0 0.9542 -0.486308 2.98279 19.825 0.0317586 0.0106928 0.0942181 
qwerty 415 220 0 0.208729 -2.21189 2.12591 14.425 -0.0300927 -0.0163841 0.0939467 
qwerty 415 220 0 0.208729 -2.42811 2.00819 15.1 -0.0300927 -0.0163841 0.0939467 
qwerty 414 220 0 0.297022 -2.24982 2.26389 14.425 -0.0355215 0.00943952 0.0930007 
qwerty 414 220 0 0.297022 -2.50763 2.33241 15.1 -0.0355215 0.00943952 0.0930007 
qwerty 414 220 0 0.297022 -2.76545 2.40092 15.775 -0.0355215 0.00943952 0.0930007 
qwerty 414 220 0 0.297022 -3.02326 2.46943 16.45 -0.0355215 0.00943952 0.0930007 
qwerty 437 237 0.0291517 0.0547087 -13.3241 -5.35424 25.6701 0.0961323 0.0211944 -0.0175894 
qwerty 437 237 0.0547087 0 -13.324 -5.35422 25.6701 0.0945736 0.0176753 -0.0272657 
qwerty 436 237 0.0885848 0 -13.3871 -5.44106 25.6892 -0.0803558 0.0404934 -0.0436261 
qwerty 435 237 0.158004 0.0686621 -13.4907 -6.58886 24.8001 -0.0741875 -0.0647876 0.0172853 
qwerty 435 237 0.0686621 0 -13.4908 -6.58892 24.8002 -0.0737395 -0.0651746 0.0177414 
qwerty 434 237 0.124652 0.0415305 -12.5434 -5.98186 22.8474 -0.059097 -0.0603225 -0.0535606 
qwerty 434 237 0.022687 0.0188434 -12.5434 -5.9819 22.8473 -0.0659969 -0.0489195 -0.0570201 
qwerty 434 237 0.000899519 0.0179439 -12.5435 -5.98192 22.8473 -0.0637813 -0.035782 -0.0682026 
qwerty 434 237 0.0179439 0 -12.5435 -5.98194 22.8473 -0.0806524 -0.00942532 -0.058364 
