qwerty 1 0 0 200 0 0 -0.249992 0 0 0.1 
qwerty 3 1 0 42.6022 -0.882531 0.75628 0.25 -0.0697525 0.059774 0.0395178 
qwerty 4 3 0.276527 12.4996 -1.25 1.13738 0.427461 -0.0690701 0.0721348 0.00508927 
qwerty 4 3 0.842263 11.6449 -1.63587 1.51175 0.432961 -0.0735691 0.0676482 -0.00336348 
qwerty 4 3 0.438561 11.2063 -1.81 1.67186 0.425 -0.0753362 0.0657606 -9.19472e-06 
qwerty 4 3 1.63199 8.7737 -2.41487 2.22495 0.925 -0.0771368 0.03262 0.0546429 
qwerty 9 4 0 0.528132 -2.59211 2.73417 1.6 -0.0261632 0.0623282 0.0736932 
qwerty 9 4 0 0.528132 -2.83176 3.30507 2.275 -0.0261632 0.0623282 0.0736932 
qwerty 9 4 0 0.528132 -3.01853 3.75 2.80106 -0.0261632 0.0623282 0.0736932 
qwerty 9 4 0 0.528132 -3.0714 3.87597 2.95 -0.0261632 0.0623282 0.0736932 
qwerty 8 4 0 2.49952 -2.22617 2.78532 1.6 0.0251506 0.0628458 0.0736061 
qwerty 8 4 0 2.49952 -1.99553 3.36164 2.275 0.0251506 0.0628458 0.0736061 
qwerty 7 4 0 0.0124635 -1.80881 1.66073 0.425 -0.0757169 0.0652289 -0.00348553 
qwerty 2 1 0 292.374 0.0512792 -0.0439435 0.25 0.0101637 -0.00870974 0.0991001 
qwerty 2 1 0 292.374 0.120507 -0.103268 0.925 0.0101637 -0.00870974 0.0991001 
qwerty 2 1 0 292.374 0.189735 -0.162593 1.6 0.0101637 -0.00870974 0.0991001 
qwerty 2 1 0 292.374 0.258963 -0.221917 2.275 0.0101637 -0.00870974 0.0991001 
qwerty 2 1 0 292.374 0.328191 -0.281242 2.95 0.0101637 -0.00870974 0.0991001 
qwerty 2 1 0 292.374 0.397419 -0.340566 3.625 0.0101637 -0.00870974 0.0991001 
qwerty 2 1 0 292.374 0.466647 -0.399891 4.3 0.0101637 -0.00870974 0.0991001 
qwerty 2 1 0 292.374 0.535875 -0.459215 4.975 0.0101637 -0.00870974 0.0991001 
qwerty 2 1 0 292.374 0.605103 -0.51854 5.65 0.0101637 -0.00870974 0.0991001 
qwerty 2 1 0 292.374 0.674331 -0.577865 6.325 0.0101637 -0.00870974 0.0991001 
qwerty 2 1 0 292.374 0.743559 -0.637189 7 0.0101637 -0.00870974 0.0991001 
qwerty 2 1 0 292.374 0.812787 -0.696514 7.675 0.0101637 -0.00870974 0.0991001 
qwerty 2 1 0 292.374 0.882016 -0.755838 8.35 0.0101637 -0.00870974 0.0991001 
qwerty 2 1 0 292.374 0.951244 -0.815163 9.025 0.0101637 -0.00870974 0.0991001 
qwerty 2 1 0 292.374 1.02047 -0.874487 9.7 0.0101637 -0.00870974 0.0991001 
qwerty 2 1 0 292.374 1.0897 -0.933812 10.375 0.0101637 -0.00870974 0.0991001 
qwerty 23 2 1.26481 119.919 1.16483 -1.01786 11.05 0.010066 -0.0130909 0.0986271 
qwerty 23 2 0.970403 66.6738 1.23114 -1.14622 11.725 0.0104978 -0.0216734 0.097057 
qwerty 23 2 0.386478 56.4468 1.29104 -1.25 12.1105 0.0187788 -0.0322823 0.0927643 
qwerty 23 2 0.533546 55.9133 1.34965 -1.35076 12.4 0.0174709 -0.0349437 0.0920527 
qwerty 23 2 0.0547619 52.8146 1.37214 -1.43313 12.6137 0.00458841 -0.0260185 0.0964468 
qwerty 23 2 0.882189 51.9324 1.39409 -1.55756 13.075 0.00634665 -0.0311895 0.0947994 
qwerty 23 2 0.852199 37.3099 1.53312 -1.86996 13.75 0.0204011 -0.0348398 0.0914876 
qwerty 23 2 0.148661 13.644 1.58809 -2.05959 13.9863 0.0261015 -0.079163 0.0552443 
qwerty 23 2 1.30989 12.3341 1.79537 -2.68824 14.425 0.0354726 -0.0853744 0.0381169 
qwerty 5 3 0.151334 23.1053 -1.24415 0.951643 0.516912 -0.0167412 -0.0561679 0.0810241 
qwerty 5 3 0.051077 23.0542 -1.25 0.932006 0.54524 -0.0151838 -0.0567352 0.0809356 
qwerty 5 3 0.776697 22.2775 -1.32124 0.665797 0.925 -0.0191498 -0.0544096 0.0816877 
qwerty 5 3 0.925594 17.4424 -1.39185 0.451732 1.6 -0.0151058 -0.0248492 0.0956783 
qwerty 5 3 0.689336 5.38258 -1.47397 0.298334 2.02497 -0.0418605 -0.00810793 0.0904542 
qwerty 5 3 0.45639 4.92619 -1.58968 0.275923 2.275 -0.0444874 -0.0243285 0.0861916 
qwerty 51 5 0.00788032 0.279809 -1.2414 0.948188 0.517514 0.0484054 -0.0874902 0.00154318 
qwerty 51 5 0.0152206 0.264589 -1.23969 0.943192 0.517472 0.0252996 -0.0962432 0.00985759 
qwerty 51 5 0.00951844 0.25507 -1.23881 0.93781 0.517509 0.00318133 -0.0924018 0.0381023 
qwerty 51 5 0.0113615 0.243709 -1.23799 0.932782 0.519848 0.0194029 -0.074853 0.0634079 
qwerty 51 5 0.0127247 0.230984 -1.2349 0.927605 0.523308 0.050521 -0.0489142 0.0710987 
qwerty 51 5 0.0148772 0.216107 -1.23216 0.92243 0.528743 0.0559621 -0.0241589 0.0792754 
qwerty 51 5 0.0323648 0.183742 -1.22837 0.919264 0.540045 0.0660579 -0.0497436 0.056231 
qwerty 51 5 0.0357413 0.148001 -1.22247 0.917578 0.54792 0.0862836 0.00740103 0.0500036 
qwerty 51 5 0.0428578 0.105143 -1.215 0.918022 0.5585 0.0857255 -0.00530261 0.0512154 
qwerty 51 5 0.105143 0 -1.20746 0.917556 0.563004 0.0857255 -0.00530261 0.0512154 
qwerty 35 23 0.0565117 0.24042 1.37312 -1.45533 12.6201 0.0320854 -0.0935368 0.0148796 
qwerty 35 23 0.0521849 0.188235 1.37787 -1.47629 12.6174 -0.0405619 -0.0868348 0.0285387 
qwerty 35 23 0.0524151 0.13582 1.36708 -1.48755 12.6297 -0.0153528 -0.0780208 0.0606386 
qwerty 35 23 0.13582 0 1.365 -1.49814 12.6379 -0.0153528 -0.0780208 0.0606386 
qwerty 22 2 0.814507 45.589 1.18143 -1.00778 11.05 0.0121629 -0.00922147 0.0988283 
qwerty 22 2 0.502531 42.3618 1.25 -1.10644 11.5313 0.0168213 -0.0197619 0.0965739 
qwerty 22 2 0.301763 42.06 1.28373 -1.14607 11.725 0.0167727 -0.0212657 0.0962624 
qwerty 22 2 0.44571 2.12519 1.36617 -1.00748 12.0869 0.0120135 0.0398013 0.090948 
qwerty 22 2 0.635877 1.48932 1.40205 -0.871676 12.3953 -0.030922 -0.00289972 0.0950548 
qwerty 22 2 0.00731835 1.482 1.40051 -0.871821 12.4 -0.0299648 0.0193206 0.0934282 
qwerty 67 22 0.324763 0.12317 1.44311 -0.967775 12.1033 -0.00736345 0.0587936 0.0805549 
qwerty 67 22 0.12317 0 1.44227 -0.961008 12.1125 -0.00736345 0.0587936 0.0805549 
qwerty 66 22 0 1.13021 1.40505 -0.759453 12.4 0.0159724 0.0612394 0.0774249 
qwerty 65 22 0 32.2963 1.34206 -1.15565 12.4 0.00863573 0.000606804 0.0996246 
qwerty 65 22 0 32.2963 1.40057 -1.15154 13.075 0.00863573 0.000606804 0.0996246 
qwerty 65 22 0 32.2963 1.45908 -1.14743 13.75 0.00863573 0.000606804 0.0996246 
qwerty 65 22 0 32.2963 1.51759 -1.14331 14.425 0.00863573 0.000606804 0.0996246 
qwerty 65 22 0 32.2963 1.5761 -1.1392 15.1 0.00863573 0.000606804 0.0996246 
qwerty 70 65 0.9165 22.1774 1.62796 -1.12623 15.775 0.0081851 -0.00357071 0.0996005 
qwerty 70 65 0.0487067 12.9131 1.67722 -1.17941 15.9732 0.0240194 -0.0535147 0.0809892 
qwerty 70 65 0.232819 12.6803 1.7089 -1.25 16.0801 0.0269883 -0.0540105 0.0797151 
qwerty 70 65 0.739629 11.9407 1.83415 -1.50065 16.45 0.0343695 -0.0541467 0.0767259 
qwerty 80 78 0 0.426725 1.25 -1.51311 16.9848 -0.0841864 0.0115995 0.0527077 
qwerty 80 78 0 0.426725 1.02614 -1.48226 17.125 -0.0841864 0.0115995 0.0527077 
qwerty 80 78 0 0.426725 -0.0519931 -1.33371 17.8 -0.0841864 0.0115995 0.0527077 
qwerty 85 77 0.00171073 0.0915674 1.49487 -1.48727 16.4496 -0.0538601 0.010767 -0.0835653 
qwerty 85 77 0.0022116 0.0893558 1.49456 -1.4871 16.4489 -0.0304405 0.0145755 -0.0941325 
qwerty 85 77 0.00270757 0.0866483 1.49432 -1.48707 16.4483 -0.0834061 0.0113768 -0.0539814 
qwerty 85 77 0.00411007 0.0825382 1.4933 -1.48672 16.4478 -0.0858656 0.023607 -0.0454951 
qwerty 85 77 0.0085604 0.0739778 1.49235 -1.48614 16.4475 -0.0814741 0.0120126 -0.0567245 
qwerty 85 77 0.00692171 0.0670561 1.49145 -1.48558 16.4466 -0.0579137 0.0280598 -0.0765418 
qwerty 85 77 0.0150615 0.0519945 1.48997 -1.48441 16.4455 -0.0426993 0.0798586 -0.0424191 
qwerty 85 77 0.0133752 0.0386193 1.48841 -1.48271 16.4457 -0.0654251 0.0755137 -0.00415115 
qwerty 85 77 0.0386193 0 1.48742 -1.48156 16.4457 -0.0654251 0.0755137 -0.00415115 
qwerty 74 70 0 2.83355 2.34809 -2.18714 17.125 0.0462533 -0.0629156 0.0624681 
qwerty 74 70 0 2.83355 2.84788 -2.86698 17.8 0.0462533 -0.0629156 0.0624681 
qwerty 74 70 0 2.83355 3.34767 -3.54681 18.475 0.0462533 -0.0629156 0.0624681 
qwerty 74 70 0 2.83355 3.49704 -3.75 18.6767 0.0462533 -0.0629156 0.0624681 
qwerty 74 70 0 2.83355 3.84746 -4.22665 19.15 0.0462533 -0.0629156 0.0624681 
qwerty 74 70 0 2.83355 4.34725 -4.90648 19.825 0.0462533 -0.0629156 0.0624681 
qwerty 74 70 0 2.83355 4.84704 -5.58632 20.5 0.0462533 -0.0629156 0.0624681 
qwerty 74 70 0 2.83355 5.34683 -6.26615 21.175 0.0462533 -0.0629156 0.0624681 
qwerty 74 70 0 2.83355 5.84662 -6.94599 21.85 0.0462533 -0.0629156 0.0624681 
qwerty 74 70 0 2.83355 6.25 -7.49468 22.3948 0.0462533 -0.0629156 0.0624681 
qwerty 74 70 0 2.83355 6.34642 -7.62583 22.525 0.0462533 -0.0629156 0.0624681 
qwerty 74 70 0 2.83355 6.84621 -8.30566 23.2 0.0462533 -0.0629156 0.0624681 
qwerty 74 70 0 2.83355 7.346 -8.9855 23.875 0.0462533 -0.0629156 0.0624681 
qwerty 74 70 0 2.83355 7.84579 -9.66533 24.55 0.0462533 -0.0629156 0.0624681 
qwerty 74 70 0 2.83355 8.34558 -10.3452 25.225 0.0462533 -0.0629156 0.0624681 
qwerty 74 70 0 2.83355 8.84537 -11.025 25.9 0.0462533 -0.0629156 0.0624681 
qwerty 74 70 0 2.83355 9.34516 -11.7048 26.575 0.0462533 -0.0629156 0.0624681 
qwerty 74 70 0 2.83355 9.84495 -12.3847 27.25 0.0462533 -0.0629156 0.0624681 
qwerty 74 70 0 2.83355 10.3447 -13.0645 27.925 0.0462533 -0.0629156 0.0624681 
qwerty 74 70 0 2.83355 10.8445 -13.7443 28.6 0.0462533 -0.0629156 0.0624681 
qwerty 74 70 0 2.83355 11.25 -14.2959 29.1476 0.0462533 -0.0629156 0.0624681 
qwerty 74 70 0 2.83355 11.3443 -14.4242 29.275 0.0462533 -0.0629156 0.0624681 
qwerty 74 70 0 2.83355 11.8441 -15.104 29.95 0.0462533 -0.0629156 0.0624681 
qwerty 74 70 0 2.83355 12.3439 -15.7839 30.625 0.0462533 -0.0629156 0.0624681 
qwerty 74 70 0 2.61431 12.583 -16.25 30.9857 0.0359068 -0.0750352 0.0555015 
qwerty 74 70 0 2.61431 12.7864 -16.675 31.3 0.0359068 -0.0750352 0.0555015 
qwerty 74 70 0 2.61431 13.2231 -17.5875 31.975 0.0359068 -0.0750352 0.0555015 
qwerty 74 70 0 2.61431 13.6598 -18.5001 32.65 0.0359068 -0.0750352 0.0555015 
qwerty 74 70 0 2.61431 14.0965 -19.4127 33.325 0.0359068 -0.0750352 0.0555015 
qwerty 74 70 0 2.61431 14.5332 -20.3252 34 0.0359068 -0.0750352 0.0555015 
qwerty 74 70 0 2.61431 14.9699 -21.2378 34.675 0.0359068 -0.0750352 0.0555015 
qwerty 74 70 0 2.61431 15.4066 -22.1504 35.35 0.0359068 -0.0750352 0.0555015 
qwerty 74 70 0 2.61431 15.8433 -23.0629 36.025 0.0359068 -0.0750352 0.0555015 
qwerty 74 70 0 2.61431 16.172 -23.75 36.5332 0.0359068 -0.0750352 0.0555015 
qwerty 74 70 0 2.61431 16.28 -23.9755 36.7 0.0359068 -0.0750352 0.0555015 
qwerty 74 70 0 2.61431 16.7167 -24.8881 37.375 0.0359068 -0.0750352 0.0555015 
qwerty 74 70 0 2.61431 17.1533 -25.8006 38.05 0.0359068 -0.0750352 0.0555015 
qwerty 74 70 0 2.61431 17.59 -26.7132 38.725 0.0359068 -0.0750352 0.0555015 
qwerty 74 70 0 2.61431 18.0267 -27.6258 39.4 0.0359068 -0.0750352 0.0555015 
qwerty 74 70 0 2.61431 18.4634 -28.5383 40.075 0.0359068 -0.0750352 0.0555015 
qwerty 73 70 0 0.745235 1.71462 -1.25 16.0896 0.0264992 -0.0500104 0.0824424 
qwerty 73 70 0 0.745235 1.83046 -1.46862 16.45 0.0264992 -0.0500104 0.0824424 
qwerty 73 70 0 0.745235 2.04743 -1.87808 17.125 0.0264992 -0.0500104 0.0824424 
qwerty 73 70 0 0.745235 2.26439 -2.28754 17.8 0.0264992 -0.0500104 0.0824424 
qwerty 73 70 0 0.745235 2.48135 -2.697 18.475 0.0264992 -0.0500104 0.0824424 
qwerty 73 70 0 0.745235 2.69832 -3.10647 19.15 0.0264992 -0.0500104 0.0824424 
qwerty 73 70 0 0.608541 2.77 -3.24174 19.373 -0.0189821 -0.0211735 0.0958716 
qwerty 73 70 0 0.608541 2.68051 -3.34157 19.825 -0.0189821 -0.0211735 0.0958716 
qwerty 73 70 0 0.608541 2.54686 -3.49064 20.5 -0.0189821 -0.0211735 0.0958716 
qwerty 89 73 0.136694 0 2.78079 -3.25015 19.3741 0.0786466 -0.0612711 0.00778223 
qwerty 72 70 0 6.37781 1.68062 -1.21796 16.45 0.00198745 -0.0110907 0.0993632 
qwerty 72 70 0 6.37781 1.69413 -1.2933 17.125 0.00198745 -0.0110907 0.0993632 
qwerty 72 70 0 6.37781 1.70763 -1.36864 17.8 0.00198745 -0.0110907 0.0993632 
qwerty 72 70 0 6.37781 1.72113 -1.44398 18.475 0.00198745 -0.0110907 0.0993632 
qwerty 72 70 0 6.37781 1.73463 -1.51932 19.15 0.00198745 -0.0110907 0.0993632 
qwerty 72 70 0 6.37781 1.74813 -1.59466 19.825 0.00198745 -0.0110907 0.0993632 
qwerty 72 70 0 6.37781 1.76163 -1.67001 20.5 0.00198745 -0.0110907 0.0993632 
qwerty 72 70 0 6.36946 1.77019 -1.71775 20.9277 0.00327637 -0.0104281 0.0994008 
qwerty 72 70 0 6.36946 1.77834 -1.74369 21.175 0.00327637 -0.0104281 0.0994008 
qwerty 72 70 0 6.36946 1.80059 -1.8145 21.85 0.00327637 -0.0104281 0.0994008 
qwerty 72 70 0 6.36946 1.82284 -1.88532 22.525 0.00327637 -0.0104281 0.0994008 
qwerty 72 70 0 6.36946 1.84508 -1.95613 23.2 0.00327637 -0.0104281 0.0994008 
qwerty 72 70 0 6.36946 1.86733 -2.02694 23.875 0.00327637 -0.0104281 0.0994008 
qwerty 72 70 0 6.36946 1.88958 -2.09776 24.55 0.00327637 -0.0104281 0.0994008 
qwerty 72 70 0 6.36946 1.91183 -2.16857 25.225 0.00327637 -0.0104281 0.0994008 
qwerty 72 70 0 6.36946 1.93408 -2.23939 25.9 0.00327637 -0.0104281 0.0994008 
qwerty 72 70 0 6.36946 1.95633 -2.3102 26.575 0.00327637 -0.0104281 0.0994008 
qwerty 72 70 0 6.36946 1.97858 -2.38101 27.25 0.00327637 -0.0104281 0.0994008 
qwerty 72 70 0 6.36946 2.00083 -2.45183 27.925 0.00327637 -0.0104281 0.0994008 
qwerty 91 72 0.00835425 0 1.7701 -1.7178 20.9278 -0.0883084 -0.0464877 0.00636581 
qwerty 64 22 0 1.38726 1.33936 -1.19003 12.4 0.00842012 -0.00515076 0.0995117 
qwerty 64 22 0 1.38726 1.39647 -1.22497 13.075 0.00842012 -0.00515076 0.0995117 
qwerty 64 22 0 1.38726 1.43739 -1.25 13.5586 0.00842012 -0.00515076 0.0995117 
qwerty 64 22 0 1.38726 1.45359 -1.25991 13.75 0.00842012 -0.00515076 0.0995117 
qwerty 64 22 0 1.38726 1.5107 -1.29484 14.425 0.00842012 -0.00515076 0.0995117 
qwerty 64 22 0 1.38726 1.56782 -1.32978 15.1 0.00842012 -0.00515076 0.0995117 
qwerty 64 22 0 1.38726 1.62493 -1.36472 15.775 0.00842012 -0.00515076 0.0995117 
qwerty 64 22 0 1.38726 1.68204 -1.39966 16.45 0.00842012 -0.00515076 0.0995117 
qwerty 64 22 0 1.38726 1.73916 -1.4346 17.125 0.00842012 -0.00515076 0.0995117 
qwerty 64 22 0 0.619425 1.81617 -1.25 17.391 0.0270182 0.078061 0.0563604 
qwerty 64 22 0 0.619425 2.01222 -0.683576 17.8 0.0270182 0.078061 0.0563604 
qwerty 64 22 0 0.563194 2.96542 0.282437 18.475 0.06304 0.0636362 0.0444567 
qwerty 64 22 0 0.563194 3.92257 1.24865 19.15 0.06304 0.0636362 0.0444567 
qwerty 97 94 0 0.171685 1.88122 -1.79037 17.8 0.0199591 -0.0527558 0.082574 
qwerty 63 22 0 1.27114 1.35064 -1.71894 12.4 0.0066651 -0.0672385 0.0737195 
qwerty 63 22 0 1.27114 1.41167 -2.3346 13.075 0.0066651 -0.0672385 0.0737195 
qwerty 63 22 0 1.27114 1.4727 -2.95026 13.75 0.0066651 -0.0672385 0.0737195 
qwerty 63 22 0 1.27114 1.53372 -3.56591 14.425 0.0066651 -0.0672385 0.0737195 
qwerty 63 22 0 0.273369 2.00343 -3.80351 13.925 0.0573635 -0.0134144 -0.0808052 
qwerty 63 22 0 0.273369 2.48261 -3.91556 13.25 0.0573635 -0.0134144 -0.0808052 
qwerty 62 22 0 0.649817 1.18822 -1.13611 11.725 0.000629165 -0.0192885 0.0981201 
qwerty 62 22 0 0.649817 1.19193 -1.25 12.3044 0.000629165 -0.0192885 0.0981201 
qwerty 62 22 0 0.649817 1.19255 -1.2688 12.4 0.000629165 -0.0192885 0.0981201 
qwerty 62 22 0 0.649817 1.19687 -1.40149 13.075 0.000629165 -0.0192885 0.0981201 
qwerty 62 22 0 0.649817 1.2012 -1.53419 13.75 0.000629165 -0.0192885 0.0981201 
qwerty 62 22 0 0.649817 1.20553 -1.66688 14.425 0.000629165 -0.0192885 0.0981201 
qwerty 61 22 0 121.193 1.15998 -0.989822 11.05 0.0103772 -0.0080789 0.0991314 
qwerty 61 22 0 121.193 1.23064 -1.04483 11.725 0.0103772 -0.0080789 0.0991314 
qwerty 61 22 0 121.193 1.3013 -1.09984 12.4 0.0103772 -0.0080789 0.0991314 
qwerty 61 22 0 121.193 1.37196 -1.15485 13.075 0.0103772 -0.0080789 0.0991314 
qwerty 61 22 0 121.193 1.44262 -1.20986 13.75 0.0103772 -0.0080789 0.0991314 
qwerty 61 22 0 121.193 1.51328 -1.26487 14.425 0.0103772 -0.0080789 0.0991314 
qwerty 61 22 0 121.193 1.58394 -1.31988 15.1 0.0103772 -0.0080789 0.0991314 
qwerty 105 61 0.683812 102.715 1.61971 -1.35081 15.5917 0.00497265 -0.00679084 0.0996452 
qwerty 105 61 0.301237 102.414 1.62886 -1.3633 15.775 0.00399356 -0.0060552 0.0997366 
qwerty 105 61 0.568237 4.01717 1.45107 -1.25 16.2163 -0.0228588 0.0532622 0.0814899 
qwerty 105 61 0.429707 3.58747 1.38553 -1.09728 16.45 -0.0199777 0.0574581 0.0793692 
qwerty 109 105 0.557367 1.45605 1.44203 -1.40768 15.4847 -0.0512682 -0.0152147 -0.084499 
qwerty 109 105 0.510126 0.945925 1.31481 -1.44543 15.275 -0.095436 0.0155997 -0.0254679 
qwerty 107 105 0 0.436924 1.6197 -1.35077 15.5918 -0.0279173 0.0681736 0.0676239 
qwerty 107 105 0.324696 0.112228 1.59589 -1.29263 15.6494 -0.0157006 0.0132819 0.0978626 
qwerty 107 105 0.112228 0 1.59435 -1.29132 15.6591 -0.0157006 0.0132819 0.0978626 
qwerty 115 107 0 0.0627101 1.65301 -0.888739 15.775 0.00668708 0.0927486 0.0367829 
qwerty 114 105 0 0.262347 0.674298 -0.568123 15.95 -0.0656148 0.0521946 -0.0545017 
qwerty 113 105 0 0.676032 -0.779595 -1.12504 17.125 -0.0824996 -0.0320476 0.0465486 
qwerty 113 105 0 0.676032 -1.10128 -1.25 17.3065 -0.0824996 -0.0320476 0.0465486 
qwerty 113 105 0 0.676032 -1.97592 -1.58976 17.8 -0.0824996 -0.0320476 0.0465486 
qwerty 113 105 0 0.676032 -3.17224 -2.05448 18.475 -0.0824996 -0.0320476 0.0465486 
qwerty 113 105 0 0.676032 -4.36857 -2.5192 19.15 -0.0824996 -0.0320476 0.0465486 
qwerty 112 105 0 14.1759 1.72903 -1.33333 16.45 0.016941 0.00674025 0.0983238 
qwerty 112 105 0 14.1759 1.84533 -1.28705 17.125 0.016941 0.00674025 0.0983238 
qwerty 112 105 0 14.1759 1.93846 -1.25 17.6655 0.016941 0.00674025 0.0983238 
qwerty 112 105 0 14.1759 1.96163 -1.24078 17.8 0.016941 0.00674025 0.0983238 
qwerty 112 105 0 14.1759 2.07793 -1.19451 18.475 0.016941 0.00674025 0.0983238 
qwerty 112 105 0 14.1759 2.19424 -1.14824 19.15 0.016941 0.00674025 0.0983238 
qwerty 112 105 0 14.1759 2.31054 -1.10197 19.825 0.016941 0.00674025 0.0983238 
qwerty 112 105 0 14.1759 2.42684 -1.05569 20.5 0.016941 0.00674025 0.0983238 
qwerty 112 105 0 14.1759 2.54314 -1.00942 21.175 0.016941 0.00674025 0.0983238 
qwerty 112 105 0 14.1759 2.65944 -0.963148 21.85 0.016941 0.00674025 0.0983238 
qwerty 112 105 0 14.1759 2.77574 -0.916876 22.525 0.016941 0.00674025 0.0983238 
qwerty 112 105 0 14.1759 2.89204 -0.870603 23.2 0.016941 0.00674025 0.0983238 
qwerty 112 105 0 14.1759 3.00834 -0.824331 23.875 0.016941 0.00674025 0.0983238 
qwerty 120 112 0.377887 2.45154 3.1856 -0.547932 24.1688 0.0635202 0.0723364 0.0270673 
qwerty 120 112 0.679373 1.77217 3.47125 -0.347506 24.3626 0.0788581 0.041229 0.0456242 
qwerty 120 112 0.575329 1.19684 3.67325 -0.21256 24.5376 -0.0182134 0.071121 0.0678975 
qwerty 120 112 0.190293 1.00655 3.66992 -0.199528 24.55 -0.0292151 0.0836502 0.0463586 
qwerty 120 112 0.0300824 0.542651 3.69783 -0.18942 24.5373 0.0578165 0.0483916 -0.0656924 
qwerty 120 112 0.0373197 0.505332 3.71177 -0.174185 24.5249 0.0693699 0.0213528 -0.0687886 
qwerty 120 112 0.0387963 0.466535 3.7268 -0.173667 24.5046 0.0722692 -0.0243669 -0.0646793 
qwerty 120 112 0.03566 0.430875 3.73945 -0.177586 24.4845 0.0524852 0.0614648 -0.0588845 
qwerty 120 112 0.0655211 0.365354 3.76457 -0.157842 24.4675 0.0423865 0.0622346 -0.0658046 
qwerty 120 112 0.0955735 0.269781 3.77633 -0.143711 24.43 0.0616929 -0.0277685 -0.0736403 
qwerty 120 112 0.269781 0 3.8019 -0.155217 24.3995 0.0616929 -0.0277685 -0.0736403 
qwerty 126 120 0.146096 0.505217 3.14433 -0.514501 24.2149 -0.0294583 0.0382697 0.0875651 
qwerty 126 120 0.189841 0.315376 3.08999 -0.525831 24.2933 -0.0270644 0.00479656 0.0961484 
qwerty 126 120 0.146252 0.147481 3.07899 -0.523883 24.3324 0.0675401 0.0438484 0.059293 
qwerty 126 120 0.147481 0 3.08951 -0.517053 24.3416 0.0675401 0.0438484 0.059293 
qwerty 127 126 0 0.021643 3.09092 -0.344366 24.55 0.00422511 0.0635806 0.0770692 
qwerty 125 120 0 0.12843 2.94484 -1.08536 24.55 -0.0195627 -0.0525539 0.0827973 
qwerty 124 120 0 0.317985 3.07897 -0.529434 24.55 0.0100534 0.0418443 0.0902662 
qwerty 123 120 0 0.414061 3.00672 -0.62912 24.55 -0.000552334 0.0289053 0.0957297 
qwerty 132 122 0.0212846 0.418609 2.99986 -0.778815 24.0575 0.0104978 0.0638492 0.0762435 
qwerty 132 122 0.0204459 0.398163 2.99909 -0.771916 24.066 -0.0137375 -0.00677629 0.0988199 
qwerty 132 122 0.0298729 0.36829 2.99465 -0.773679 24.0783 -0.024143 0.0156693 0.0957684 
qwerty 132 122 0.0259001 0.34239 2.99256 -0.772429 24.0916 -0.0393317 0.0081464 0.0915787 
qwerty 132 122 0.0437276 0.298662 2.98105 -0.771989 24.1088 -0.092535 0.028808 0.024645 
qwerty 132 122 0.0751623 0.2235 2.95335 -0.748962 24.1116 -0.090888 -0.0349462 0.0227626 
qwerty 132 122 0.2235 0 2.9254 -0.759707 24.1186 -0.090888 -0.0349462 0.0227626 
qwerty 111 105 0 78.5381 1.67809 -1.3503 16.45 0.0071984 0.00349758 0.0996792 
qwerty 111 105 0 78.5381 1.72684 -1.32661 17.125 0.0071984 0.00349758 0.0996792 
qwerty 133 111 0.299996 21.8765 1.76504 -1.25 17.4382 0.0118013 0.0265032 0.0956991 
qwerty 133 111 0.753422 21.123 1.80965 -1.1498 17.8 0.0115066 0.0272164 0.0955346 
qwerty 143 133 0 0.581916 1.47203 -0.98962 18.475 -0.0487595 0.0121555 0.0864567 
qwerty 143 133 0 0.275322 1.25039 -0.934367 18.868 0.068057 -0.0547897 0.048645 
qwerty 143 133 0 0.275322 1.64245 -1.25 19.1482 0.068057 -0.0547897 0.048645 
qwerty 143 133 0 0.275322 1.64493 -1.25199 19.15 0.068057 -0.0547897 0.048645 
qwerty 150 143 0.306594 0 1.21306 -0.916811 18.8972 -0.0738158 0.0347183 0.0578435 
qwerty 142 133 0 7.4718 1.25 -0.775526 18.3045 -0.0744816 0.0408221 0.0527829 
qwerty 142 133 0 7.4718 1.00941 -0.643662 18.475 -0.0744816 0.0408221 0.0527829 
qwerty 142 133 0 7.4718 0.0569197 -0.121619 19.15 -0.0744816 0.0408221 0.0527829 
qwerty 142 133 0 7.4718 -0.895568 0.400423 19.825 -0.0744816 0.0408221 0.0527829 
qwerty 142 133 0 7.4718 -1.84806 0.922466 20.5 -0.0744816 0.0408221 0.0527829 
qwerty 141 133 0 0.528552 1.25 -0.649095 18.3248 -0.0678611 0.0531848 0.0506582 
qwerty 141 133 0 0.528552 1.04882 -0.491423 18.475 -0.0678611 0.0531848 0.0506582 
qwerty 141 133 0 0.528552 0.144598 0.217242 19.15 -0.0678611 0.0531848 0.0506582 
qwerty 140 133 0 2.25317 1.58745 -0.63277 18.475 -0.0293558 0.0612717 0.0733759 
qwerty 140 133 0 2.25317 1.3174 -0.0691184 19.15 -0.0293558 0.0612717 0.0733759 
qwerty 140 133 0 2.25317 1.04735 0.494533 19.825 -0.0293558 0.0612717 0.0733759 
qwerty 140 133 0 2.25317 0.7773 1.05818 20.5 -0.0293558 0.0612717 0.0733759 
qwerty 156 155 0 0.12544 0.271231 1.59425 21.175 -0.0573057 0.0451426 0.0683974 
qwerty 139 133 0 2.50386 1.78916 -0.742718 18.475 -0.00479463 0.0545376 0.0836819 
qwerty 139 133 0 2.50386 1.75049 -0.302804 19.15 -0.00479463 0.0545376 0.0836819 
qwerty 139 133 0 2.50386 1.71181 0.13711 19.825 -0.00479463 0.0545376 0.0836819 
qwerty 137 133 0 0.700009 1.77264 -1.25 17.4457 0.0173913 0.0246697 0.095336 
qwerty 137 133 0 0.700009 1.83727 -1.15833 17.8 0.0173913 0.0246697 0.095336 
qwerty 137 133 0 0.661456 1.84122 -1.09028 18.475 -0.0043088 0.00567983 0.0997455 
qwerty 137 133 0 0.557563 1.42648 -1.10503 19.15 -0.0548462 -0.0023086 0.0835857 
qwerty 137 133 0 0.557563 1.25 -1.11246 19.419 -0.0548462 -0.0023086 0.0835857 
qwerty 137 133 0 0.557563 0.983568 -1.12368 19.825 -0.0548462 -0.0023086 0.0835857 
qwerty 137 133 0 0.344582 1.3355 -0.936721 20.5 0.0481807 0.0244218 0.0841558 
qwerty 137 133 0 0.344582 1.72195 -0.740838 21.175 0.0481807 0.0244218 0.0841558 
qwerty 137 133 0 0.344582 2.10839 -0.544954 21.85 0.0481807 0.0244218 0.0841558 
qwerty 135 133 0 29.332 1.80839 -1.31739 17.8 0.0121376 0.00131342 0.099252 
qwerty 135 133 0 29.332 1.89094 -1.30845 18.475 0.0121376 0.00131342 0.099252 
qwerty 135 133 0 29.332 1.97348 -1.29952 19.15 0.0121376 0.00131342 0.099252 
qwerty 135 133 0 29.332 2.05603 -1.29059 19.825 0.0121376 0.00131342 0.099252 
qwerty 135 133 0 29.332 2.13858 -1.28166 20.5 0.0121376 0.00131342 0.099252 
qwerty 135 133 0 29.332 2.22112 -1.27272 21.175 0.0121376 0.00131342 0.099252 
qwerty 135 133 0 29.332 2.30367 -1.26379 21.85 0.0121376 0.00131342 0.099252 
qwerty 135 133 0 29.332 2.38621 -1.25486 22.525 0.0121376 0.00131342 0.099252 
qwerty 135 133 0 29.332 2.43113 -1.25 22.8923 0.0121376 0.00131342 0.099252 
qwerty 135 133 0 29.332 2.46876 -1.24593 23.2 0.0121376 0.00131342 0.099252 
qwerty 135 133 0 29.332 2.55131 -1.237 23.875 0.0121376 0.00131342 0.099252 
qwerty 135 133 0 29.332 2.63385 -1.22806 24.55 0.0121376 0.00131342 0.099252 
qwerty 135 133 0 29.332 2.7164 -1.21913 25.225 0.0121376 0.00131342 0.099252 
qwerty 135 133 0 29.332 2.79895 -1.2102 25.9 0.0121376 0.00131342 0.099252 
qwerty 166 135 0.950202 14.7241 2.89193 -1.21437 26.575 0.00591387 0.00299993 0.0997799 
qwerty 166 135 2.1736 8.0168 2.78687 -2.54805 27.0588 0.00451987 -0.0936244 0.0348431 
qwerty 166 135 0.335799 7.64764 2.78321 -2.69327 27.1195 -0.0070243 -0.09527 0.0295684 
qwerty 166 135 0.682894 6.96475 2.7522 -3.11379 27.25 0.0242075 -0.0831297 0.0500345 
qwerty 171 166 0 0.717996 2.17668 -6.25 27.0239 -0.0157681 -0.0982878 -0.00953336 
qwerty 171 166 0 0.717996 1.77561 -8.75 26.7814 -0.0157681 -0.0982878 -0.00953336 
qwerty 171 166 0 0.717996 1.72362 -9.07407 26.75 -0.0157681 -0.0982878 -0.00953336 
qwerty 170 166 0 0.0333535 2.67824 -3.2185 27.25 -0.0190397 -0.0952733 0.0236745 
qwerty 169 166 0 0.912152 2.79657 -0.9759 27.25 -0.0142075 0.0371586 0.0917463 
qwerty 169 166 0 0.912152 2.69204 -0.702515 27.925 -0.0142075 0.0371586 0.0917463 
qwerty 169 166 0 0.912152 2.58751 -0.42913 28.6 -0.0142075 0.0371586 0.0917463 
qwerty 169 166 0 0.912152 2.48299 -0.155744 29.275 -0.0142075 0.0371586 0.0917463 
qwerty 169 166 0 0.912152 2.37846 0.117641 29.95 -0.0142075 0.0371586 0.0917463 
qwerty 169 166 0 0.296873 3.37985 1.23241 29.45 0.0636238 0.0685202 -0.0354541 
qwerty 59 5 0 0.510999 -0.879939 1.25 2.7052 0.0646412 0.0715634 0.0264611 
qwerty 59 5 0 0.510999 -0.281914 1.91206 2.95 0.0646412 0.0715634 0.0264611 
qwerty 57 5 0 0.612885 -2.1769 0.0872892 2.90164 -0.0831447 0.0503693 0.0234499 
qwerty 57 5 0 0.612885 -2.34836 0.191157 2.95 -0.0831447 0.0503693 0.0234499 
qwerty 57 5 0 0.612885 -3.75 1.04027 3.34531 -0.0831447 0.0503693 0.0234499 
qwerty 57 5 0 0.612885 -4.74166 1.64103 3.625 -0.0831447 0.0503693 0.0234499 
qwerty 57 5 0 0.612885 -7.13497 3.0909 4.3 -0.0831447 0.0503693 0.0234499 
qwerty 57 5 0 0.612885 -8.75 4.06928 4.7555 -0.0831447 0.0503693 0.0234499 
qwerty 57 5 0 0.612885 -9.52827 4.54077 4.975 -0.0831447 0.0503693 0.0234499 
qwerty 57 5 0 0.4454 -9.85412 5.04952 5.65 -0.0271096 0.0546505 0.0792363 
qwerty 57 5 0 0.4454 -10.0851 5.51508 6.325 -0.0271096 0.0546505 0.0792363 
qwerty 57 5 0 0.4454 -10.316 5.98064 7 -0.0271096 0.0546505 0.0792363 
qwerty 57 5 0 0.4454 -10.5469 6.44619 7.675 -0.0271096 0.0546505 0.0792363 
qwerty 57 5 0 0.4454 -10.7779 6.91175 8.35 -0.0271096 0.0546505 0.0792363 
qwerty 57 5 0 0.437554 -10.8465 7.42372 9.025 -0.00763774 0.0603329 0.0793827 
qwerty 57 5 0 0.437554 -10.9114 7.93674 9.7 -0.00763774 0.0603329 0.0793827 
qwerty 57 5 0 0.437554 -10.9764 8.44975 10.375 -0.00763774 0.0603329 0.0793827 
qwerty 184 57 0.0397491 0.487443 -2.17894 0.0739277 2.92464 0.0249208 -0.0731441 0.0634736 
qwerty 184 57 0.0364983 0.450945 -2.17455 0.0580663 2.93502 0.0325689 -0.0899314 0.0291824 
qwerty 184 57 0.0320567 0.418888 -2.16578 0.0449997 2.94278 0.0620622 -0.0751148 0.0224957 
qwerty 184 57 0.0298027 0.389086 -2.15249 0.033884 2.94576 0.0555785 -0.0601471 -0.0573877 
qwerty 184 57 0.0290255 0.36006 -2.14142 0.0243382 2.93871 0.0910485 -0.0191656 -0.036645 
qwerty 184 57 0.0393139 0.320746 -2.12712 0.022288 2.92663 0.0809102 0.0184021 -0.0558113 
qwerty 184 57 0.0381274 0.282619 -2.11292 0.0232942 2.92033 0.0600954 -0.00329775 -0.0798603 
qwerty 184 57 0.0382589 0.24436 -2.10302 0.0295471 2.90576 0.0716386 -0.0116713 -0.0687873 
qwerty 184 57 0.121831 0.122529 -2.0832 0.0261005 2.88957 0.0892339 -0.0448948 0.0046651 
qwerty 184 57 0.122529 0 -2.07302 0.0209787 2.8901 0.0892339 -0.0448948 0.0046651 
qwerty 56 5 0 7.71448 -1.64306 0.196556 2.275 -0.0530843 -0.0319521 0.0784928 
qwerty 56 5 0 7.71448 -2.09956 -0.0782161 2.95 -0.0530843 -0.0319521 0.0784928 
qwerty 56 5 0 7.71448 -2.55606 -0.352988 3.625 -0.0530843 -0.0319521 0.0784928 
qwerty 55 5 0 0.835979 -1.32698 0.211376 2.275 0.0102484 -0.0319219 0.0942123 
qwerty 53 5 0 0.427421 -1.385 0.350702 1.6 -0.00746165 -0.0416539 0.090605 
qwerty 52 5 0 0.529076 -1.60114 -0.43584 1.6 -0.0222027 -0.0839431 0.0496045 
qwerty 52 5 0 0.529076 -1.90326 -1.57811 2.275 -0.0222027 -0.0839431 0.0496045 
qwerty 50 5 0 1.61472 -1.25 1.03389 0.435311 -0.08056 0.0499318 0.031889 
qwerty 50 5 0 1.61472 -2.48708 1.80065 0.925 -0.08056 0.0499318 0.031889 
qwerty 50 5 0 1.37839 -3.37955 2.51627 1.6 -0.0606805 0.0546347 0.0577315 
qwerty 50 5 0 1.37839 -3.75 2.84981 1.95245 -0.0606805 0.0546347 0.0577315 
qwerty 50 5 0 1.37839 -4.08903 3.15507 2.275 -0.0606805 0.0546347 0.0577315 
qwerty 50 5 0 0.663873 -4.10067 3.75 2.45511 0.0091616 0.0971697 0.0217743 
qwerty 50 5 0 0.663873 -3.89244 5.95847 2.95 0.0091616 0.0971697 0.0217743 
qwerty 50 5 0 0.383057 -4.4657 7.37559 2.45 -0.0545205 0.0625009 -0.0558672 
qwerty 50 5 0 0.383057 -5.12443 8.13074 1.775 -0.0545205 0.0625009 -0.0558672 
qwerty 50 5 0 0.383057 -5.66462 8.75 1.22147 -0.0545205 0.0625009 -0.0558672 
qwerty 50 5 0 0.383057 -5.78316 8.8859 1.1 -0.0545205 0.0625009 -0.0558672 
qwerty 49 19 0 0.510999 -2.34625 2.89519 1.775 -0.0419925 -0.0613036 -0.0669216 
qwerty 49 19 0 0.510999 -2.7698 2.27686 1.1 -0.0419925 -0.0613036 -0.0669216 
qwerty 48 19 0 0.510999 -0.954396 3.47125 2.95 0.0879509 -0.000817595 0.0475812 
qwerty 48 19 0 0.510999 0.2933 3.45965 3.625 0.0879509 -0.000817595 0.0475812 
qwerty 48 19 0 0.510999 1.541 3.44805 4.3 0.0879509 -0.000817595 0.0475812 
qwerty 48 19 0 0.510999 2.78869 3.43645 4.975 0.0879509 -0.000817595 0.0475812 
qwerty 48 19 0 0.510999 4.03639 3.42485 5.65 0.0879509 -0.000817595 0.0475812 
qwerty 48 19 0 0.510999 5.28409 3.41325 6.325 0.0879509 -0.000817595 0.0475812 
qwerty 48 19 0 0.510999 6.53178 3.40165 7 0.0879509 -0.000817595 0.0475812 
qwerty 48 19 0 0.510999 7.77948 3.39006 7.675 0.0879509 -0.000817595 0.0475812 
qwerty 47 23 0 0.510999 1.25 -2.60232 14.2408 -0.0808414 0.0463897 -0.0362306 
qwerty 47 23 0 0.510999 0.545286 -2.19793 13.925 -0.0808414 0.0463897 -0.0362306 
qwerty 47 23 0 0.510999 -0.960844 -1.33366 13.25 -0.0808414 0.0463897 -0.0362306 
qwerty 46 23 0 0.510999 2.66241 -3.75 14.8062 0.0673541 -0.0699404 0.0239114 
qwerty 46 23 0 0.510999 3.48996 -4.60933 15.1 0.0673541 -0.0699404 0.0239114 
qwerty 43 23 0 2.77631 1.5152 -3.75 14.9728 -0.0360128 -0.082661 0.0432462 
qwerty 43 23 0 2.77631 1.40923 -3.99322 15.1 -0.0360128 -0.082661 0.0432462 
qwerty 43 23 0 2.18753 1.25 -4.68806 15.6025 -0.0114055 -0.0774832 0.0621793 
qwerty 43 23 0 2.18753 1.21835 -4.90307 15.775 -0.0114055 -0.0774832 0.0621793 
qwerty 43 23 0 2.18753 1.09454 -5.74421 16.45 -0.0114055 -0.0774832 0.0621793 
qwerty 43 23 0 2.18753 0.970721 -6.58534 17.125 -0.0114055 -0.0774832 0.0621793 
qwerty 43 23 0 2.18753 0.846906 -7.42648 17.8 -0.0114055 -0.0774832 0.0621793 
qwerty 43 23 0 2.18753 0.723091 -8.26761 18.475 -0.0114055 -0.0774832 0.0621793 
qwerty 43 23 0 2.18753 0.652083 -8.75 18.8621 -0.0114055 -0.0774832 0.0621793 
qwerty 43 23 0 2.18753 0.599276 -9.10875 19.15 -0.0114055 -0.0774832 0.0621793 
qwerty 43 23 0 2.18753 0.475461 -9.94988 19.825 -0.0114055 -0.0774832 0.0621793 
qwerty 43 23 0 2.18753 0.351646 -10.791 20.5 -0.0114055 -0.0774832 0.0621793 
qwerty 41 23 0.00029101 0 1.63675 -2.20289 14.0892 0.0265858 -0.0783058 0.0562262 
qwerty 224 41 0.01086 0 1.63683 -2.20302 14.0892 0.0536023 -0.0814616 -0.0221543 
qwerty 40 23 0 2.44972 1.8801 -2.77662 14.425 0.0320327 -0.0806838 0.0496389 
qwerty 40 23 0 2.44972 2.26654 -3.75 15.0239 0.0320327 -0.0806838 0.0496389 
qwerty 40 23 0 2.44972 2.31568 -3.87377 15.1 0.0320327 -0.0806838 0.0496389 
qwerty 225 40 0.0480152 0.637461 2.38428 -4.14917 15.2821 -0.0528928 0.0610457 0.0589557 
qwerty 225 40 0.0926974 0.544764 2.36429 -4.13362 15.2971 -0.0660534 0.0531521 0.0530265 
qwerty 225 40 0.075424 0.46934 2.34964 -4.10996 15.3187 -0.0356751 0.0581578 0.0731092 
qwerty 225 40 0.104819 0.364521 2.33571 -4.0884 15.3337 -0.0390283 0.0550201 0.0738213 
qwerty 225 40 0.115587 0.248934 2.31651 -4.06797 15.3479 -0.063719 0.0544122 0.054582 
qwerty 225 40 0.248934 0 2.29325 -4.04811 15.3678 -0.063719 0.0544122 0.054582 
qwerty 39 23 0 18.3744 1.99223 -2.78607 14.425 0.0410607 -0.0779001 0.0473878 
qwerty 39 23 0 18.3744 2.50031 -3.75 15.0114 0.0410607 -0.0779001 0.0473878 
qwerty 39 23 0 18.3744 2.5771 -3.89569 15.1 0.0410607 -0.0779001 0.0473878 
qwerty 229 227 0 0.686351 1.99832 -2.15314 15.2796 -0.0589415 0.0723151 -0.036006 
qwerty 229 227 0 0.686351 1.99075 -2.14385 15.275 -0.0589415 0.0723151 -0.036006 
qwerty 229 227 0 0.686351 1.2622 -1.25 14.8299 -0.0589415 0.0723151 -0.036006 
qwerty 229 227 0 0.686351 0.885778 -0.78817 14.6 -0.0589415 0.0723151 -0.036006 
qwerty 234 229 0.00694069 0.15604 1.99906 -2.15167 15.2818 0.0361994 0.0647819 0.0670292 
qwerty 234 229 0.0173493 0.138691 2.00032 -2.14837 15.2835 -0.0109677 0.0827346 0.0550881 
qwerty 234 229 0.0149593 0.123732 2.00037 -2.14507 15.2877 -0.0351475 0.0374408 0.085807 
qwerty 234 229 0.0227291 0.101002 1.99662 -2.14467 15.2934 0.0163079 -0.0756907 0.0632848 
qwerty 234 229 0.101002 0 1.99796 -2.15088 15.2986 0.0163079 -0.0756907 0.0632848 
qwerty 38 23 0 0.307317 1.75477 -2.19732 14.425 0.0326478 -0.0417288 0.0848106 
qwerty 37 23 0 10.9146 1.51569 -1.89318 13.75 0.0181184 -0.0446102 0.087645 
qwerty 37 23 0 10.9146 1.65523 -2.23674 14.425 0.0181184 -0.0446102 0.087645 
qwerty 37 23 0 10.9146 1.79477 -2.58031 15.1 0.0181184 -0.0446102 0.087645 
qwerty 37 23 0 10.9146 1.93431 -2.92388 15.775 0.0181184 -0.0446102 0.087645 
qwerty 37 23 0 10.9146 2.07385 -3.26744 16.45 0.0181184 -0.0446102 0.087645 
qwerty 37 23 0 10.9146 2.21338 -3.61101 17.125 0.0181184 -0.0446102 0.087645 
qwerty 37 23 0 10.9146 2.26984 -3.75 17.3981 0.0181184 -0.0446102 0.087645 
qwerty 37 23 0 10.9146 2.35292 -3.95457 17.8 0.0181184 -0.0446102 0.087645 
qwerty 239 37 0.71849 4.99838 2.38828 -4.2366 18.4061 0.00593919 -0.0414933 0.0907911 
qwerty 239 37 0.104773 4.89361 2.39279 -4.2681 18.475 0.00278566 -0.0503136 0.0863758 
qwerty 241 239 0.124598 0.72825 2.40646 -4.20148 18.448 0.0543641 0.0642034 0.0540598 
qwerty 241 239 0.110636 0.617614 2.43366 -4.16936 18.475 0.0910866 0.0308961 0.0273617 
qwerty 244 239 0 0.772116 0.828341 -5.45571 19.15 -0.0762013 -0.0568634 0.0309825 
qwerty 244 239 0 0.772116 -0.83182 -6.69457 19.825 -0.0762013 -0.0568634 0.0309825 
qwerty 244 239 0 0.772116 -2.49198 -7.93343 20.5 -0.0762013 -0.0568634 0.0309825 
qwerty 244 239 0 0.772116 -3.75 -8.87219 21.0115 -0.0762013 -0.0568634 0.0309825 
qwerty 244 239 0 0.772116 -4.15214 -9.17228 21.175 -0.0762013 -0.0568634 0.0309825 
qwerty 244 239 0 0.759121 -5.735 -10.0449 21.85 -0.0825678 -0.0439483 0.0353708 
qwerty 244 239 0 0.759121 -6.25 -10.3191 22.0706 -0.0825678 -0.0439483 0.0353708 
qwerty 244 239 0 0.759121 -7.31068 -10.8836 22.525 -0.0825678 -0.0439483 0.0353708 
qwerty 244 239 0 0.759121 -7.99901 -11.25 22.8199 -0.0825678 -0.0439483 0.0353708 
qwerty 244 239 0 0.759121 -8.88637 -11.7223 23.2 -0.0825678 -0.0439483 0.0353708 
qwerty 243 239 0 0.467374 2.22226 -4.93117 19.15 -0.0188291 -0.0695488 0.0693428 
qwerty 243 239 0 0.413304 1.73036 -5.2161 19.825 -0.0560656 -0.0318177 0.0764479 
qwerty 243 239 0 0.283515 1.42027 -5.39208 20.2478 -0.0989166 0.0073145 -0.0127283 
qwerty 243 239 0 0.15607 0.332891 -5.31167 20.1079 0.0408881 -0.0912576 0.000467398 
qwerty 243 239 0 0.15607 0.75331 -6.25 20.1127 0.0408881 -0.0912576 0.000467398 
qwerty 243 239 0 0.15607 1.87344 -8.75 20.1255 0.0408881 -0.0912576 0.000467398 
qwerty 243 239 0 0.15607 2.99357 -11.25 20.1383 0.0408881 -0.0912576 0.000467398 
qwerty 243 239 0 0.15607 4.1137 -13.75 20.1511 0.0408881 -0.0912576 0.000467398 
qwerty 243 239 0 0.120685 4.46585 -14.536 20.1552 -0.0242929 -0.0157581 -0.0957159 
qwerty 243 239 0 0.120685 4.42647 -14.5615 20 -0.0242929 -0.0157581 -0.0957159 
qwerty 251 243 0.0353852 0 4.46648 -14.5368 20.1559 0.0481472 -0.0637993 0.0600957 
qwerty 250 243 0.127445 0 0.321925 -5.30648 20.1067 -0.0899452 0.0426302 -0.00961907 
qwerty 249 243 0.129789 0 1.42185 -5.39703 20.2593 0.0126013 -0.0393756 0.0910537 
qwerty 242 239 0 1.0564 2.40921 -4.32801 19.15 0.00148904 -0.00788877 0.0996772 
qwerty 242 239 0 1.0564 2.41929 -4.38143 19.825 0.00148904 -0.00788877 0.0996772 
qwerty 242 239 0 1.0564 2.42937 -4.43485 20.5 0.00148904 -0.00788877 0.0996772 
qwerty 242 239 0 1.0564 2.43946 -4.48827 21.175 0.00148904 -0.00788877 0.0996772 
qwerty 242 239 0 1.0564 2.44954 -4.54169 21.85 0.00148904 -0.00788877 0.0996772 
qwerty 242 239 0 1.0564 2.45962 -4.59512 22.525 0.00148904 -0.00788877 0.0996772 
qwerty 242 239 0 1.0564 2.46971 -4.64854 23.2 0.00148904 -0.00788877 0.0996772 
qwerty 242 239 0 1.0564 2.47979 -4.70196 23.875 0.00148904 -0.00788877 0.0996772 
qwerty 242 239 0 1.0564 2.48988 -4.75538 24.55 0.00148904 -0.00788877 0.0996772 
qwerty 242 239 0 1.0564 2.49996 -4.8088 25.225 0.00148904 -0.00788877 0.0996772 
qwerty 242 239 0 1.0564 2.51004 -4.86222 25.9 0.00148904 -0.00788877 0.0996772 
qwerty 242 239 0 1.0564 2.52013 -4.91565 26.575 0.00148904 -0.00788877 0.0996772 
qwerty 242 239 0 1.0564 2.53021 -4.96907 27.25 0.00148904 -0.00788877 0.0996772 
qwerty 242 239 0 1.0564 2.54029 -5.02249 27.925 0.00148904 -0.00788877 0.0996772 
qwerty 242 239 0 1.0564 2.55038 -5.07591 28.6 0.00148904 -0.00788877 0.0996772 
qwerty 242 239 0 1.0564 2.56046 -5.12933 29.275 0.00148904 -0.00788877 0.0996772 
qwerty 242 239 0 1.0564 2.57054 -5.18275 29.95 0.00148904 -0.00788877 0.0996772 
qwerty 242 239 0 1.0564 2.58063 -5.23618 30.625 0.00148904 -0.00788877 0.0996772 
qwerty 242 239 0 1.0564 2.59071 -5.2896 31.3 0.00148904 -0.00788877 0.0996772 
qwerty 242 239 0 0.878238 2.70511 -5.09596 31.975 0.0182282 0.032544 0.0927826 
qwerty 242 239 0 0.878238 2.83773 -4.8592 32.65 0.0182282 0.032544 0.0927826 
qwerty 242 239 0 0.583134 2.89372 -4.75924 32.935 -0.0339907 -0.0236619 0.0910206 
qwerty 242 239 0 0.583134 2.74807 -4.86062 33.325 -0.0339907 -0.0236619 0.0910206 
qwerty 242 239 0 0.583134 2.496 -5.0361 34 -0.0339907 -0.0236619 0.0910206 
qwerty 242 239 0 0.583134 2.24393 -5.21157 34.675 -0.0339907 -0.0236619 0.0910206 
qwerty 254 242 0.295103 0 2.92111 -4.72684 32.9567 0.057471 0.0679765 0.0455663 
qwerty 33 23 0 0.302866 1.402 -1.67404 13.075 0.00656769 -0.0434237 0.0898401 
qwerty 33 23 0 0.302866 1.45135 -2.0003 13.75 0.00656769 -0.0434237 0.0898401 
qwerty 32 23 0 2.18728 1.29847 -1.25 12.2437 0.0139485 -0.0203463 0.0969096 
qwerty 32 23 0 2.18728 1.32097 -1.28281 12.4 0.0139485 -0.0203463 0.0969096 
qwerty 32 23 0 2.18728 1.41812 -1.42453 13.075 0.0139485 -0.0203463 0.0969096 
qwerty 32 23 0 2.18728 1.51528 -1.56625 13.75 0.0139485 -0.0203463 0.0969096 
qwerty 32 23 0 2.18728 1.61243 -1.70796 14.425 0.0139485 -0.0203463 0.0969096 
qwerty 32 23 0 2.18728 1.70959 -1.84968 15.1 0.0139485 -0.0203463 0.0969096 
qwerty 32 23 0 2.18728 1.80674 -1.9914 15.775 0.0139485 -0.0203463 0.0969096 
qwerty 32 23 0 2.18728 1.9039 -2.13312 16.45 0.0139485 -0.0203463 0.0969096 
qwerty 32 23 0 2.18728 2.00105 -2.27483 17.125 0.0139485 -0.0203463 0.0969096 
qwerty 32 23 0 2.18728 2.0982 -2.41655 17.8 0.0139485 -0.0203463 0.0969096 
qwerty 32 23 0 2.18728 2.19536 -2.55827 18.475 0.0139485 -0.0203463 0.0969096 
qwerty 32 23 0 2.18728 2.29251 -2.69998 19.15 0.0139485 -0.0203463 0.0969096 
qwerty 31 23 0 5.49272 1.28612 -1.24455 12.4 0.00817537 -0.014128 0.0986588 
qwerty 31 23 0 5.49272 1.34205 -1.34121 13.075 0.00817537 -0.014128 0.0986588 
qwerty 31 23 0 5.49272 1.39799 -1.43787 13.75 0.00817537 -0.014128 0.0986588 
qwerty 31 23 0 5.49272 1.45392 -1.53453 14.425 0.00817537 -0.014128 0.0986588 
qwerty 31 23 0 5.49272 1.50985 -1.63119 15.1 0.00817537 -0.014128 0.0986588 
qwerty 31 23 0 5.49272 1.56579 -1.72785 15.775 0.00817537 -0.014128 0.0986588 
qwerty 31 23 0 5.49272 1.62172 -1.82451 16.45 0.00817537 -0.014128 0.0986588 
qwerty 31 23 0 5.49272 1.67766 -1.92117 17.125 0.00817537 -0.014128 0.0986588 
qwerty 31 23 0 5.49272 1.73359 -2.01783 17.8 0.00817537 -0.014128 0.0986588 
qwerty 31 23 0 5.49272 1.78952 -2.11449 18.475 0.00817537 -0.014128 0.0986588 
qwerty 30 23 0 0.219209 1.22456 -1.11406 11.725 0.00877571 -0.0139906 0.0986268 
qwerty 28 23 0 0.837587 1.22437 -1.08032 11.725 0.00844968 -0.00848688 0.0992803 
qwerty 28 23 0 0.837587 1.28182 -1.13802 12.4 0.00844968 -0.00848688 0.0992803 
qwerty 28 23 0 0.837587 1.33927 -1.19572 13.075 0.00844968 -0.00848688 0.0992803 
qwerty 28 23 0 0.837587 1.39331 -1.25 13.7099 0.00844968 -0.00848688 0.0992803 
qwerty 28 23 0 0.837587 1.39672 -1.25343 13.75 0.00844968 -0.00848688 0.0992803 
qwerty 26 23 0 47.114 1.21352 -1.12438 11.725 0.00699889 -0.0156912 0.0985129 
qwerty 26 23 0 47.114 1.26147 -1.2319 12.4 0.00699889 -0.0156912 0.0985129 
qwerty 26 23 0 47.114 1.30943 -1.33941 13.075 0.00699889 -0.0156912 0.0985129 
qwerty 24 23 0 1.61981 1.155 -0.997514 11.05 0.00941549 -0.00954199 0.0990974 
qwerty 24 23 0 1.61981 1.21913 -1.06251 11.725 0.00941549 -0.00954199 0.0990974 
qwerty 24 23 0 1.61981 1.28326 -1.1275 12.4 0.00941549 -0.00954199 0.0990974 
qwerty 24 23 0 1.61981 1.3474 -1.1925 13.075 0.00941549 -0.00954199 0.0990974 
qwerty 24 23 0 1.61981 1.40414 -1.25 13.6722 0.00941549 -0.00954199 0.0990974 
qwerty 24 23 0 1.61981 1.41153 -1.25749 13.75 0.00941549 -0.00954199 0.0990974 
qwerty 24 23 0 1.61981 1.47566 -1.32249 14.425 0.00941549 -0.00954199 0.0990974 
qwerty 24 23 0 1.61981 1.5398 -1.38748 15.1 0.00941549 -0.00954199 0.0990974 
qwerty 24 23 0 1.61981 1.60393 -1.45248 15.775 0.00941549 -0.00954199 0.0990974 
qwerty 24 23 0 1.61981 1.66806 -1.51747 16.45 0.00941549 -0.00954199 0.0990974 
qwerty 24 23 0 1.61981 1.7322 -1.58247 17.125 0.00941549 -0.00954199 0.0990974 
qwerty 24 23 0 1.61981 1.79633 -1.64746 17.8 0.00941549 -0.00954199 0.0990974 
qwerty 24 23 0 1.61981 1.86047 -1.71246 18.475 0.00941549 -0.00954199 0.0990974 
qwerty 24 23 0 1.61981 1.9246 -1.77745 19.15 0.00941549 -0.00954199 0.0990974 
qwerty 24 23 0 1.61981 1.98873 -1.84245 19.825 0.00941549 -0.00954199 0.0990974 
qwerty 24 23 0 1.61981 2.05287 -1.90744 20.5 0.00941549 -0.00954199 0.0990974 
qwerty 24 23 0 1.61981 2.117 -1.97244 21.175 0.00941549 -0.00954199 0.0990974 
qwerty 24 23 0 1.61981 2.18113 -2.03743 21.85 0.00941549 -0.00954199 0.0990974 
qwerty 24 23 0 1.61981 2.24527 -2.10243 22.525 0.00941549 -0.00954199 0.0990974 
qwerty 24 23 0 1.61981 2.3094 -2.16742 23.2 0.00941549 -0.00954199 0.0990974 
qwerty 24 23 0 1.61981 2.37353 -2.23242 23.875 0.00941549 -0.00954199 0.0990974 
qwerty 24 23 0 1.61981 2.43767 -2.29741 24.55 0.00941549 -0.00954199 0.0990974 
qwerty 24 23 0 1.61981 2.5018 -2.36241 25.225 0.00941549 -0.00954199 0.0990974 
qwerty 24 23 0 1.61981 2.56593 -2.4274 25.9 0.00941549 -0.00954199 0.0990974 
qwerty 24 23 0 1.61981 2.63007 -2.4924 26.575 0.00941549 -0.00954199 0.0990974 
qwerty 24 23 0 1.61981 2.6942 -2.55739 27.25 0.00941549 -0.00954199 0.0990974 
qwerty 24 23 0 1.61981 2.75833 -2.62239 27.925 0.00941549 -0.00954199 0.0990974 
qwerty 24 23 0 1.61981 2.82247 -2.68738 28.6 0.00941549 -0.00954199 0.0990974 
qwerty 24 23 0 1.61981 2.8866 -2.75238 29.275 0.00941549 -0.00954199 0.0990974 
qwerty 24 23 0 1.61981 2.95073 -2.81737 29.95 0.00941549 -0.00954199 0.0990974 
qwerty 24 23 0 1.61981 3.01487 -2.88237 30.625 0.00941549 -0.00954199 0.0990974 
qwerty 24 23 0 1.61981 3.079 -2.94736 31.3 0.00941549 -0.00954199 0.0990974 
qwerty 24 23 0 1.61981 3.14313 -3.01236 31.975 0.00941549 -0.00954199 0.0990974 
qwerty 24 23 0 1.61981 3.20727 -3.07736 32.65 0.00941549 -0.00954199 0.0990974 
qwerty 24 23 0 1.61981 3.2714 -3.14235 33.325 0.00941549 -0.00954199 0.0990974 
qwerty 24 23 0 1.61981 3.33553 -3.20735 34 0.00941549 -0.00954199 0.0990974 
qwerty 24 23 0 1.48257 3.30351 -3.18617 34.675 -0.00858184 0.00658355 0.0994133 
qwerty 24 23 0 1.48257 3.24524 -3.14146 35.35 -0.00858184 0.00658355 0.0994133 
qwerty 24 23 0 1.48257 3.18697 -3.09676 36.025 -0.00858184 0.00658355 0.0994133 
qwerty 24 23 0 1.48257 3.1287 -3.05206 36.7 -0.00858184 0.00658355 0.0994133 
qwerty 24 23 0 1.48257 3.07043 -3.00736 37.375 -0.00858184 0.00658355 0.0994133 
qwerty 24 23 0 1.48257 3.01217 -2.96266 38.05 -0.00858184 0.00658355 0.0994133 
qwerty 24 23 0 1.48257 2.9539 -2.91796 38.725 -0.00858184 0.00658355 0.0994133 
qwerty 24 23 0 1.48257 2.89563 -2.87326 39.4 -0.00858184 0.00658355 0.0994133 
qwerty 24 23 0 1.48257 2.83736 -2.82856 40.075 -0.00858184 0.00658355 0.0994133 
qwerty 272 26 0.443703 7.21916 1.39794 -1.33065 13.5615 0.0205144 -0.00728103 0.097602 
qwerty 272 26 0.310005 6.90916 1.43756 -1.34471 13.75 0.00780347 -0.0238998 0.0967879 
qwerty 272 26 0.73153 0 1.55866 -1.70256 14.0849 -0.00861861 -0.0718307 0.0690368 
qwerty 275 272 0.116642 0.309277 1.35822 -1.32106 13.5853 -0.0725636 0.0022818 0.06877 
qwerty 275 272 0.0971261 0.212151 1.34015 -1.30441 13.6162 -0.0590917 0.0732112 0.0338865 
qwerty 275 272 0.108733 0.103418 1.32004 -1.28754 13.6163 -0.0385775 0.0898519 0.0209384 
qwerty 275 272 0.103418 0 1.31675 -1.27986 13.6181 -0.0385775 0.0898519 0.0209384 
qwerty 271 26 0.127919 36.7766 1.33635 -1.37414 13.3461 0.0165981 -0.0142704 0.0975749 
qwerty 271 26 0.992032 35.7845 1.40505 -1.43321 13.75 0.0195953 -0.0138312 0.097081 
qwerty 271 26 0 3.97206 1.40829 -1.51144 13.925 0.0535946 -0.0727206 -0.0428873 
qwerty 271 26 1.00175 2.8612 1.75123 -1.22806 14.2755 0.0811258 0.0492753 0.031473 
qwerty 271 26 0.808225 2.05297 2.09133 -1.00459 14.4107 0.0486511 0.0849949 -0.0202221 
qwerty 271 26 0.616406 1.43657 2.32026 -0.765214 14.3362 0.0464169 0.0867003 -0.0181251 
qwerty 271 26 0.544724 0.891841 2.40035 -0.513048 14.3597 0.0180818 0.0807887 -0.0560914 
qwerty 271 26 0.44781 0.444032 2.51538 -0.38174 14.2748 0.0516224 0.0832208 -0.0202343 
qwerty 271 26 0.346372 0.0976599 2.48684 -0.264706 14.2527 -0.0560944 -0.000959942 0.0827798 
qwerty 271 26 0.0976599 0 2.48249 -0.264781 14.2591 -0.0560944 -0.000959942 0.0827798 
qwerty 281 271 0 23.8171 1.55487 -1.52341 14.425 0.0214608 -0.010789 0.0970723 
qwerty 281 271 0 23.8171 1.7041 -1.59843 15.1 0.0214608 -0.010789 0.0970723 
qwerty 281 271 0 23.8171 1.85333 -1.67345 15.775 0.0214608 -0.010789 0.0970723 
qwerty 281 271 0 23.8171 2.00256 -1.74848 16.45 0.0214608 -0.010789 0.0970723 
qwerty 281 271 0 23.8171 2.15179 -1.8235 17.125 0.0214608 -0.010789 0.0970723 
qwerty 281 271 0 23.8171 2.30102 -1.89852 17.8 0.0214608 -0.010789 0.0970723 
qwerty 281 271 0 23.8171 2.45025 -1.97354 18.475 0.0214608 -0.010789 0.0970723 
qwerty 283 281 0.850931 3.59791 2.61691 -2.12543 19.15 -0.0509776 -0.0413068 0.0754655 
qwerty 280 271 0 3.27053 1.47861 -1.5915 14.425 0.0102343 -0.0229292 0.0967962 
qwerty 280 271 0 3.27053 1.54998 -1.75139 15.1 0.0102343 -0.0229292 0.0967962 
qwerty 280 271 0 3.27053 1.62135 -1.91129 15.775 0.0102343 -0.0229292 0.0967962 
qwerty 280 271 0 3.27053 1.69272 -2.07118 16.45 0.0102343 -0.0229292 0.0967962 
qwerty 280 271 0 3.27053 1.76408 -2.23108 17.125 0.0102343 -0.0229292 0.0967962 
qwerty 279 271 0 0.352591 1.4139 -1.44001 13.75 0.0186199 -0.0158146 0.0969701 
qwerty 278 272 0 3.5737 1.51872 -2.18581 14.425 -0.00674363 -0.0815919 0.0574221 
qwerty 278 272 0 2.71156 1.5196 -2.74618 15.1 0.000848556 -0.0616517 0.0787296 
qwerty 278 272 0 2.71156 1.52688 -3.27476 15.775 0.000848556 -0.0616517 0.0787296 
qwerty 278 272 0 2.71156 1.53342 -3.75 16.3819 0.000848556 -0.0616517 0.0787296 
qwerty 278 272 0 2.71156 1.53415 -3.80334 16.45 0.000848556 -0.0616517 0.0787296 
qwerty 278 272 0 2.71156 1.54143 -4.33192 17.125 0.000848556 -0.0616517 0.0787296 
qwerty 278 272 0 2.71156 1.5487 -4.8605 17.8 0.000848556 -0.0616517 0.0787296 
qwerty 277 272 0 0.546233 1.50373 -1.41554 14.425 -0.0122492 0.0640101 0.0758463 
qwerty 277 272 0 0.546233 1.47205 -1.25 14.6212 -0.0122492 0.0640101 0.0758463 
qwerty 277 272 0 0.546233 1.39472 -0.845881 15.1 -0.0122492 0.0640101 0.0758463 
qwerty 277 272 0 0.546233 1.28571 -0.276218 15.775 -0.0122492 0.0640101 0.0758463 
qwerty 277 272 0 0.431559 1.3876 -0.12282 16.45 0.0225565 0.00652942 0.0972038 
qwerty 276 272 0 0.41486 1.63539 -1.66 14.425 0.0253918 -0.0379811 0.0889533 
qwerty 284 281 1.0019 11.1787 2.46343 -1.953 19.15 -0.0131586 0.00637608 0.0989252 
qwerty 302 284 0 2.66774 2.51638 -1.96413 19.325 -0.0160283 0.0842847 -0.051373 
qwerty 302 284 0.4635 1.16162 2.6557 -2.20728 19.3705 0.0370881 -0.0871972 0.0319551 
qwerty 302 284 0.362507 0.799115 2.67179 -2.38768 19.5304 0.0697563 -0.0627192 0.0346462 
qwerty 302 284 0.377483 0.421633 2.76745 -2.55636 19.4927 0.072589 -0.0444919 0.0524529 
qwerty 302 284 0.367722 0.0539105 2.82644 -2.59252 19.5353 -0.0600222 -0.0786679 -0.0144463 
qwerty 302 284 0.0539105 0 2.82479 -2.59469 19.5349 -0.0600222 -0.0786679 -0.0144463 
qwerty 295 276 0.0139123 0.12294 1.63486 -1.66504 14.4249 -0.0367768 0.092981 0.00141325 
qwerty 295 276 0.00654058 0.116399 1.63452 -1.66398 14.425 -0.0362432 0.0925007 -0.0114044 
qwerty 295 276 0.00320293 0.113196 1.63399 -1.66301 14.4249 -0.0668508 0.0549933 -0.0500671 
qwerty 295 276 0.00356249 0.109633 1.633 -1.66226 14.4244 -0.0685674 0.0576853 -0.0443949 
qwerty 295 276 0.0105428 0.0990907 1.63228 -1.66117 14.4237 -0.0226466 0.0270984 -0.0935564 
qwerty 295 276 0.00472616 0.0943645 1.63208 -1.661 14.4223 -0.0362383 -0.0227675 -0.0903793 
qwerty 295 276 0.0129024 0.0814622 1.63139 -1.66182 14.421 -0.0747372 -0.0339183 -0.0571306 
qwerty 295 276 0.0116653 0.0697969 1.62933 -1.66285 14.4201 -0.0908227 0.0227531 0.0351216 
qwerty 295 276 0.0198836 0.0499133 1.62714 -1.66278 14.4216 0.00115812 -0.00655896 0.0997779 
qwerty 295 276 0.0147613 0.035152 1.62731 -1.66199 14.4231 0.0290455 0.0116529 0.0949767 
qwerty 295 276 0.0105187 0.0246333 1.62819 -1.6623 14.4239 0.0875449 0.048087 0.00485132 
qwerty 295 276 0.0246333 0 1.62878 -1.66197 14.4239 0.0875449 0.048087 0.00485132 
qwerty 304 284 0 0.318045 1.72655 -1.8576 19.4264 -0.0436214 -0.0771649 0.0462898 
qwerty 304 284 0 0.318045 1.35091 -2.52209 19.825 -0.0436214 -0.0771649 0.0462898 
qwerty 304 284 0 0.318045 0.714822 -3.64731 20.5 -0.0436214 -0.0771649 0.0462898 
qwerty 305 304 0.192954 0 1.70889 -1.84107 19.4246 -0.072827 0.0681427 -0.0072661 
qwerty 301 284 0 1.57345 2.49366 -2.00812 19.825 0.00997044 -0.00577418 0.099334 
qwerty 301 284 0 1.57345 2.56141 -2.04735 20.5 0.00997044 -0.00577418 0.099334 
qwerty 301 284 0 1.57345 2.62917 -2.08659 21.175 0.00997044 -0.00577418 0.099334 
qwerty 301 284 0 1.57345 2.69692 -2.12583 21.85 0.00997044 -0.00577418 0.099334 
qwerty 301 284 0 1.57345 2.76467 -2.16506 22.525 0.00997044 -0.00577418 0.099334 
qwerty 301 284 0 1.57345 2.83242 -2.2043 23.2 0.00997044 -0.00577418 0.099334 
qwerty 301 284 0 1.57345 2.90017 -2.24354 23.875 0.00997044 -0.00577418 0.099334 
qwerty 301 284 0 1.57345 2.96792 -2.28278 24.55 0.00997044 -0.00577418 0.099334 
qwerty 301 284 0 1.57345 3.03568 -2.32201 25.225 0.00997044 -0.00577418 0.099334 
qwerty 301 284 0 1.57345 3.10343 -2.36125 25.9 0.00997044 -0.00577418 0.099334 
qwerty 301 284 0 1.57345 3.17118 -2.40049 26.575 0.00997044 -0.00577418 0.099334 
qwerty 301 284 0 1.57345 3.23893 -2.43972 27.25 0.00997044 -0.00577418 0.099334 
qwerty 301 284 0 1.57345 3.30668 -2.47896 27.925 0.00997044 -0.00577418 0.099334 
qwerty 301 284 0 1.57345 3.37444 -2.5182 28.6 0.00997044 -0.00577418 0.099334 
qwerty 301 284 0 1.57345 3.44219 -2.55743 29.275 0.00997044 -0.00577418 0.099334 
qwerty 301 284 0 1.57345 3.50994 -2.59667 29.95 0.00997044 -0.00577418 0.099334 
qwerty 301 284 0 1.57345 3.57769 -2.63591 30.625 0.00997044 -0.00577418 0.099334 
qwerty 301 284 0 1.57345 3.64544 -2.67515 31.3 0.00997044 -0.00577418 0.099334 
qwerty 301 284 0 1.57345 3.71319 -2.71438 31.975 0.00997044 -0.00577418 0.099334 
qwerty 301 284 0 1.57345 3.78095 -2.75362 32.65 0.00997044 -0.00577418 0.099334 
qwerty 301 284 0 1.57345 3.8487 -2.79286 33.325 0.00997044 -0.00577418 0.099334 
qwerty 301 284 0 1.57345 3.91645 -2.83209 34 0.00997044 -0.00577418 0.099334 
qwerty 301 284 0 1.57345 3.9842 -2.87133 34.675 0.00997044 -0.00577418 0.099334 
qwerty 301 284 0 1.57345 4.05195 -2.91057 35.35 0.00997044 -0.00577418 0.099334 
qwerty 301 284 0 1.57345 4.1197 -2.9498 36.025 0.00997044 -0.00577418 0.099334 
qwerty 301 284 0 1.57345 4.18746 -2.98904 36.7 0.00997044 -0.00577418 0.099334 
qwerty 301 284 0 1.57345 4.25521 -3.02828 37.375 0.00997044 -0.00577418 0.099334 
qwerty 301 284 0 1.57345 4.32296 -3.06752 38.05 0.00997044 -0.00577418 0.099334 
qwerty 301 284 0 1.57345 4.39071 -3.10675 38.725 0.00997044 -0.00577418 0.099334 
qwerty 301 284 0 1.57345 4.45846 -3.14599 39.4 0.00997044 -0.00577418 0.099334 
qwerty 301 284 0 1.57345 4.52621 -3.18523 40.075 0.00997044 -0.00577418 0.099334 
qwerty 300 284 0 4.66961 2.57511 -2.08761 19.15 0.0169908 -0.017877 0.0969109 
qwerty 299 286 0 0.510999 3.19492 -1.64255 16.625 0.0873222 0.0362467 -0.0325733 
qwerty 296 292 0 0.510999 1.91272 -5.22094 18.475 0.0527326 -0.0362826 0.07683 
qwerty 240 37 0.876688 2.07944 2.48417 -4.14119 18.4042 0.0222044 -0.0418977 0.0880429 
qwerty 240 37 0.128531 1.95091 2.50203 -4.17489 18.475 -0.00817454 -0.0219968 0.0972076 
qwerty 228 39 0.0441544 0.50698 2.65459 -4.26122 15.0857 -0.0669688 -0.0479083 -0.0567449 
qwerty 228 39 0.0320632 0.474916 2.64289 -4.26828 15.07 -0.0723782 -0.0134909 -0.0676712 
qwerty 228 39 0.0673386 0.407578 2.62549 -4.27321 15.0574 -0.0771564 -0.0200625 -0.0603687 
qwerty 228 39 0.0371145 0.370463 2.61282 -4.28058 15.0418 -0.0716887 -0.00065804 -0.0697158 
qwerty 228 39 0.0730874 0.297376 2.59603 -4.28329 15.0189 0.00222383 -0.0684129 -0.0729022 
qwerty 228 39 0.136606 0.160769 2.60796 -4.33575 15.0114 -0.0590886 -0.0793866 0.0143634 
qwerty 228 39 0.160769 0 2.59748 -4.34983 15.014 -0.0590886 -0.0793866 0.0143634 
qwerty 228 39 0 0 2.59748 -4.34983 15.014 -0.0590886 -0.0793866 0.0143634 
qwerty 167 135 0.954357 11.2768 2.87165 -1.19688 26.575 0.0468676 0.00245759 0.0883028 
qwerty 134 111 0.926418 12.9231 1.79757 -1.29078 17.7996 0.0128815 -0.0079905 0.0988444 
qwerty 134 111 0.000408922 12.9227 1.79763 -1.29082 17.8 0.0127118 -0.00767461 0.0988914 
qwerty 134 111 1.53631 8.98275 2.18354 -0.575464 18.475 0.0451773 0.0784925 0.0424021 
qwerty 352 134 0 0.510999 2.51369 -0.686568 17.975 0.0398832 -0.0260804 -0.0879156 
qwerty 350 134 0 0.688395 3.17641 -0.772836 17.975 0.0798599 -0.0311074 -0.051524 
qwerty 350 134 0 0.227169 3.29309 -0.565906 18.475 0.0106964 0.0389869 0.0914637 
qwerty 349 134 0 0.342959 2.64482 -0.567728 17.975 0.0543343 -0.0203427 -0.0814491 
qwerty 349 134 0 0.342959 3.46798 -0.890011 17.3 0.0755907 -0.0296869 -0.0583501 
qwerty 346 134 0 0.00518822 1.79763 -1.29083 17.8 0.0133897 -0.0101732 0.098576 
qwerty 345 134 0 5.96706 1.76355 -1.25 17.5018 0.00920677 0.0234219 0.0967815 
qwerty 345 134 0 5.96706 1.79192 -1.17782 17.8 0.00920677 0.0234219 0.0967815 
qwerty 345 134 0 5.96706 1.85614 -1.01447 18.475 0.00920677 0.0234219 0.0967815 
qwerty 345 134 0 5.96706 1.92035 -0.851112 19.15 0.00920677 0.0234219 0.0967815 
qwerty 345 134 0 5.96706 1.98456 -0.687757 19.825 0.00920677 0.0234219 0.0967815 
qwerty 345 134 0 5.96706 2.04877 -0.524402 20.5 0.00920677 0.0234219 0.0967815 
qwerty 345 134 0 5.96706 2.11298 -0.361047 21.175 0.00920677 0.0234219 0.0967815 
qwerty 345 134 0 5.96706 2.1772 -0.197692 21.85 0.00920677 0.0234219 0.0967815 
qwerty 345 134 0 5.96706 2.24141 -0.0343363 22.525 0.00920677 0.0234219 0.0967815 
qwerty 345 134 0 5.96706 2.30562 0.129019 23.2 0.00920677 0.0234219 0.0967815 
qwerty 343 153 0 0.510999 -2.33679 0.841517 21.175 -0.0473672 -0.0157138 0.0866569 
qwerty 343 153 0 0.510999 -2.70575 0.719117 21.85 -0.0473672 -0.0157138 0.0866569 
qwerty 343 153 0 0.510999 -3.0747 0.596717 22.525 -0.0473672 -0.0157138 0.0866569 
qwerty 343 153 0 0.510999 -3.44366 0.474317 23.2 -0.0473672 -0.0157138 0.0866569 
qwerty 343 153 0 0.510999 -3.75 0.372691 23.7604 -0.0473672 -0.0157138 0.0866569 
qwerty 343 153 0 0.510999 -3.81262 0.351917 23.875 -0.0473672 -0.0157138 0.0866569 
qwerty 342 153 0 0.510999 -1.69452 1.05458 20 0.0473672 0.0157138 -0.0866569 
qwerty 342 153 0 0.510999 -1.32556 1.17698 19.325 0.0473672 0.0157138 -0.0866569 
qwerty 342 153 0 0.510999 -1.10547 1.25 18.9223 0.0473672 0.0157138 -0.0866569 
qwerty 342 153 0 0.510999 -0.956606 1.29938 18.65 0.0473672 0.0157138 -0.0866569 
qwerty 342 153 0 0.510999 -0.587647 1.42178 17.975 0.0473672 0.0157138 -0.0866569 
qwerty 342 153 0 0.510999 -0.218688 1.54418 17.3 0.0473672 0.0157138 -0.0866569 
qwerty 377 376 0 0.151276 -1.7744 0.705012 21.175 0.0449153 -0.0248004 0.0858344 
qwerty 338 153 0 0.653454 -2.07895 0.627186 21.175 -0.013081 -0.0466597 0.0874743 
qwerty 338 153 0 0.653454 -2.17989 0.267134 21.85 -0.013081 -0.0466597 0.0874743 
qwerty 338 153 0 0.493173 -2.19484 0.291342 22.525 0.00204836 0.0222917 0.0974622 
qwerty 338 153 0 0.493173 -2.18065 0.445729 23.2 0.00204836 0.0222917 0.0974622 
qwerty 338 153 0 0.493173 -2.16646 0.600116 23.875 0.00204836 0.0222917 0.0974622 
qwerty 338 153 0 0.493173 -2.15228 0.754503 24.55 0.00204836 0.0222917 0.0974622 
qwerty 380 338 0.00768491 0.25988 -2.15126 0.795105 24.729 -0.0212527 0.0116548 0.097018 
qwerty 380 338 0.008887 0.250993 -2.1522 0.794809 24.733 0.0193014 -0.0120235 0.0973802 
qwerty 380 338 0.00888242 0.242111 -2.15169 0.794137 24.7374 0.0111962 -0.0370374 0.092211 
qwerty 380 338 0.0239431 0.218168 -2.15131 0.79002 24.7453 -0.00845585 -0.0283308 0.0955294 
qwerty 380 338 0.025303 0.192865 -2.14981 0.788181 24.7571 0.0711964 -0.0290145 0.063947 
qwerty 380 338 0.0496344 0.14323 -2.13416 0.786403 24.7644 0.0548913 0.0835387 0.00286865 
qwerty 380 338 0.14323 0 -2.12602 0.798794 24.7648 0.0548913 0.0835387 0.00286865 
qwerty 337 159 0 0.510999 1.45947 -0.214533 20.5 -0.0329041 -0.0572747 0.0750795 
qwerty 337 159 0 0.510999 1.25 -0.579147 20.978 -0.0329041 -0.0572747 0.0750795 
qwerty 337 159 0 0.510999 1.16365 -0.72946 21.175 -0.0329041 -0.0572747 0.0750795 
qwerty 337 159 0 0.510999 0.867822 -1.24439 21.85 -0.0329041 -0.0572747 0.0750795 
qwerty 336 159 0 0.510999 1.97442 0.681821 19.325 0.0329041 0.0572747 -0.0750795 
qwerty 336 159 0 0.412629 1.87059 1.25 19.0299 -0.0194218 0.0884063 -0.0425102 
qwerty 336 159 0 0.412629 1.69704 2.03996 18.65 -0.0194218 0.0884063 -0.0425102 
qwerty 336 159 0 0.412629 1.38865 3.44372 17.975 -0.0194218 0.0884063 -0.0425102 
qwerty 335 167 0 0.510999 4.44774 -2.44216 27.25 0.0751176 -0.0605256 0.0263438 
qwerty 334 167 0 0.299383 2.75442 -1.30888 26.075 -0.020503 -0.018816 -0.0960499 
qwerty 331 167 0 3.39632 4.00745 -2.03662 27.25 0.0721996 -0.0565724 0.0398345 
qwerty 331 167 0 3.39632 5.23087 -2.99524 27.925 0.0721996 -0.0565724 0.0398345 
qwerty 331 167 0 3.39632 6.19412 -3.75 28.4564 0.0721996 -0.0565724 0.0398345 
qwerty 331 167 0 3.39632 6.4543 -3.95387 28.6 0.0721996 -0.0565724 0.0398345 
qwerty 331 167 0 3.39632 7.67773 -4.91249 29.275 0.0721996 -0.0565724 0.0398345 
qwerty 331 167 0 3.39632 8.90116 -5.87112 29.95 0.0721996 -0.0565724 0.0398345 
qwerty 331 167 0 0.454349 9.64811 -6.45639 30.3621 0.0430878 0.0799297 0.041889 
qwerty 331 167 0 0.326655 9.70127 -6.35777 30.4138 -0.0378849 0.0924715 -0.00370909 
qwerty 331 167 0 0.326655 8.75 -4.03586 30.3207 -0.0378849 0.0924715 -0.00370909 
qwerty 331 167 0 0.326655 6.75152 0.842132 30.125 -0.0378849 0.0924715 -0.00370909 
qwerty 391 331 0.127694 0 9.71147 -6.35582 30.4203 0.0833922 0.0159457 0.0528344 
qwerty 390 331 0.93209 2.00988 10.0221 -6.6807 30.483 0.0840221 -0.0517293 -0.0162591 
qwerty 390 331 0.503723 1.50616 10.2702 -6.84547 30.2936 0.0784912 0.0393196 -0.0478864 
qwerty 390 331 0.535365 0.970792 10.4483 -6.72698 30.1385 0.0820011 0.0395294 -0.0413914 
qwerty 390 331 0.0414929 0.929299 10.475 -6.71413 30.125 0.060511 0.0437709 -0.0665021 
qwerty 330 190 0 0.510999 -1.94061 1.80804 3.125 0.0266746 0.0935303 -0.0232499 
qwerty 329 190 0 0.510999 -2.81276 -1.25 3.88517 -0.0266746 -0.0935303 0.0232499 
qwerty 329 190 0 0.510999 -3.28869 -2.91878 4.3 -0.0266746 -0.0935303 0.0232499 
qwerty 327 226 0 0.510999 3.20192 -4.23269 15.775 0.0835749 -0.00875977 0.054208 
qwerty 326 228 0 0.510999 2.57371 -4.24374 15.1 -0.0171434 0.0765216 0.0620527 
qwerty 325 228 0 0.510999 2.71185 -4.86032 14.6 0.0171434 -0.0765216 -0.0620527 
qwerty 325 228 0 0.510999 2.89833 -5.69271 13.925 0.0171434 -0.0765216 -0.0620527 
qwerty 325 228 0 0.510999 3.02318 -6.25 13.4731 0.0171434 -0.0765216 -0.0620527 
qwerty 325 228 0 0.510999 3.08481 -6.5251 13.25 0.0171434 -0.0765216 -0.0620527 
qwerty 324 228 0 2.77554 2.1603 -3.86901 14.6 -0.0627213 0.0476228 -0.0616288 
qwerty 324 228 0 2.77554 1.47333 -3.34741 13.925 -0.0627213 0.0476228 -0.0616288 
qwerty 324 228 0 2.77554 0.786365 -2.82581 13.25 -0.0627213 0.0476228 -0.0616288 
qwerty 324 228 0 2.77554 0.0993983 -2.30422 12.575 -0.0627213 0.0476228 -0.0616288 
qwerty 324 228 0 2.77554 -0.587568 -1.78262 11.9 -0.0627213 0.0476228 -0.0616288 
qwerty 324 228 0 2.77554 -1.25 -1.27965 11.2491 -0.0627213 0.0476228 -0.0616288 
qwerty 324 228 0 2.77554 -1.27453 -1.26102 11.225 -0.0627213 0.0476228 -0.0616288 
qwerty 324 228 0 0.340062 -1.88277 -0.799205 10.6274 0.0752298 0.0617855 0.0228696 
qwerty 324 228 0 0.340062 -0.492484 0.342624 11.05 0.0752298 0.0617855 0.0228696 
qwerty 324 228 0 0.175091 -0.0877548 0.806893 10.8749 -0.0567656 0.0575424 0.0588773 
qwerty 324 228 0 0.175091 -0.256587 0.978035 11.05 -0.0567656 0.0575424 0.0588773 
qwerty 405 324 0.112408 0 -0.0805053 0.809834 10.8689 0.0735554 0.029843 -0.0608193 
qwerty 403 324 0.28255 2.15293 -1.96914 -0.751116 10.55 -0.0775952 0.0143294 -0.0614301 
qwerty 407 403 0 0.242658 -3.9579 -1.04031 10.8234 -0.0940965 -0.00103011 -0.0338348 
qwerty 407 403 0 0.242658 -4.71836 -1.04863 10.55 -0.0940965 -0.00103011 -0.0338348 
qwerty 408 407 0.0149589 0 -3.95795 -1.04038 10.8237 -0.0194378 -0.0275276 0.094151 
qwerty 322 228 0 2.92546 1.94165 -9.20562 15.775 -0.0141283 -0.0983297 0.0114741 
qwerty 322 228 0 2.59311 1.31951 -14.7663 15.275 -0.0109861 -0.0989452 -0.00944242 
qwerty 414 412 0 0.908473 2.33101 -18.2425 14.6 0.0531687 -0.0814668 -0.023157 
qwerty 321 240 0 0.510999 2.3631 -4.18672 19.15 -0.0247903 0.000535257 0.096877 
qwerty 321 240 0 0.510999 2.19037 -4.18299 19.825 -0.0247903 0.000535257 0.096877 
qwerty 321 240 0 0.188801 2.09158 -4.18086 20.2111 -0.00647652 0.0658794 -0.074953 
qwerty 321 240 0 0.188801 2.07334 -3.99532 20 -0.00647652 0.0658794 -0.074953 
qwerty 416 321 0.322197 0 2.08208 -4.19095 20.2639 -0.017391 -0.0184844 0.0967258 
qwerty 319 262 0 0.510999 1.25 -1.78591 18.1336 -0.0677162 0.0532238 -0.0508109 
qwerty 319 262 0 0.459249 1.13241 -1.69348 18.0454 -0.0265547 0.0744375 -0.0612691 
qwerty 319 262 0 0.459249 1.1019 -1.60795 17.975 -0.0265547 0.0744375 -0.0612691 
qwerty 319 262 0 0.459249 0.974202 -1.25 17.6804 -0.0265547 0.0744375 -0.0612691 
qwerty 319 262 0 0.459249 0.809345 -0.787876 17.3 -0.0265547 0.0744375 -0.0612691 
qwerty 319 262 0 0.413193 0.467359 -0.383076 16.625 -0.0441648 0.0333775 -0.0832791 
qwerty 319 262 0 0.413193 0.109391 -0.112542 15.95 -0.0441648 0.0333775 -0.0832791 
qwerty 319 262 0 0.413193 -0.248577 0.157992 15.275 -0.0441648 0.0333775 -0.0832791 
qwerty 319 262 0 0.413193 -0.606545 0.428526 14.6 -0.0441648 0.0333775 -0.0832791 
qwerty 319 262 0 0.413193 -0.964513 0.69906 13.925 -0.0441648 0.0333775 -0.0832791 
qwerty 319 262 0 0.413193 -1.32248 0.969594 13.25 -0.0441648 0.0333775 -0.0832791 
qwerty 421 319 0.0517496 0 1.12998 -1.69424 18.0456 -0.0950587 -0.0296452 0.00922034 
qwerty 318 262 0 0.510999 2.60452 -2.85054 19.15 0.0677162 -0.0532238 0.0508109 
qwerty 318 262 0 0.510999 3.5041 -3.55759 19.825 0.0677162 -0.0532238 0.0508109 
qwerty 317 262 0 0.473573 1.25 -2.5206 18.3001 -0.0738422 -0.0601283 -0.0305274 
qwerty 317 262 0 0.473573 0.463716 -3.16085 17.975 -0.0738422 -0.0601283 -0.0305274 
qwerty 317 262 0 0.473573 -0.2598 -3.75 17.6759 -0.0738422 -0.0601283 -0.0305274 
qwerty 317 262 0 0.473573 -1.16903 -4.49037 17.3 -0.0738422 -0.0601283 -0.0305274 
qwerty 316 309 0 0.510999 2.08317 -1.42438 19.825 -0.0482115 0.0645963 0.0591859 
qwerty 316 309 0 0.510999 1.53333 -0.687679 20.5 -0.0482115 0.0645963 0.0591859 
qwerty 316 309 0 0.510999 1.25 -0.308059 20.8478 -0.0482115 0.0645963 0.0591859 
qwerty 316 309 0 0.510999 0.983489 0.049026 21.175 -0.0482115 0.0645963 0.0591859 
qwerty 106 61 0.819202 10.9644 1.5252 -1.45415 15.775 -0.0420247 -0.0149538 0.0895003 
qwerty 71 65 0.771084 7.26831 1.64019 -0.997266 15.775 -0.00341271 0.0493247 0.086922 
qwerty 427 316 0.00793856 0.296959 0.839282 0.236961 21.3529 -0.0562688 -0.0465895 0.068288 
qwerty 427 316 0.00875919 0.2882 0.837002 0.233867 21.3561 -0.0632285 -0.0444189 0.0634754 
qwerty 427 316 0.0313829 0.256817 0.832636 0.231755 21.3593 -0.0745067 -0.0466669 0.0476545 
qwerty 427 316 0.0139404 0.242876 0.829295 0.229718 21.3626 -0.0751517 -0.0186821 0.0632708 
qwerty 427 316 0.0155039 0.227373 0.823532 0.22839 21.3664 -0.0868027 -0.0491815 -0.00681738 
qwerty 427 316 0.0483737 0.178999 0.817297 0.222265 21.3639 -0.092049 -0.0390549 0.0012986 
qwerty 427 316 0.0177484 0.161251 0.810553 0.217977 21.3619 -0.0777259 -0.0484254 -0.0401705 
qwerty 427 316 0.0272321 0.134018 0.80386 0.216332 21.3602 -0.0873416 -0.0420268 0.0246007 
qwerty 427 316 0.0233001 0.110718 0.798224 0.214148 21.3596 -0.0763013 -0.0582515 -0.0280156 
qwerty 427 316 0.0202433 0.090475 0.795899 0.209689 21.3563 -0.0393052 -0.0141333 -0.090859 
qwerty 427 316 0.0250141 0.0654608 0.793624 0.210987 21.3519 0.0218015 0.0440224 -0.0871018 
qwerty 427 316 0.0145518 0.050909 0.794102 0.211952 21.35 -0.0384268 -0.00819486 -0.0919577 
qwerty 427 316 0.000539682 0.046267 0.79415 0.21189 21.3502 0.0395335 0.0127956 0.0909581 
qwerty 427 316 0.00102551 0.0452414 0.794249 0.211904 21.3503 0.0195977 0.000956738 0.0980562 
qwerty 427 316 0.000911844 0.0443296 0.794304 0.211932 21.3505 0.0102604 0.0330296 0.0938284 
qwerty 427 316 0.0044699 0.0398597 0.794399 0.21204 21.3508 0.00868526 0.0495617 0.0864188 
qwerty 427 316 0.00247838 0.0373813 0.794308 0.212189 21.3513 -0.00674392 0.0606952 0.0791872 
qwerty 427 316 0.00934287 0.0280385 0.794558 0.212939 21.3518 -0.0310807 0.0348515 0.0884272 
qwerty 427 316 0.0280385 0 0.794291 0.213239 21.3526 -0.0310807 0.0348515 0.0884272 
qwerty 449 71 0 0.317359 1.97365 4.97746 15.571 -0.0265081 0.0476041 0.0838521 
qwerty 449 71 0 0.317359 1.90916 5.09327 15.775 -0.0265081 0.0476041 0.0838521 
qwerty 449 71 0 0.317359 1.69577 5.47648 16.45 -0.0265081 0.0476041 0.0838521 
qwerty 451 449 0.179484 0 1.97934 4.99342 15.5577 0.0264167 0.0740405 -0.0618074 
qwerty 447 71 0 0.777049 1.54606 -0.691464 16.45 -0.0123116 0.0401813 0.0907407 
qwerty 447 71 0 0.777049 1.45447 -0.392564 17.125 -0.0123116 0.0401813 0.0907407 
qwerty 444 93 0 0.510999 2.92144 -3.62696 27.425 0.0575435 -0.0734781 -0.0359125 
qwerty 444 93 0 0.400337 3.18881 -4.35304 26.75 -0.000765791 -0.0599635 -0.0800237 
qwerty 441 106 0 0.510999 1.16201 -2.44189 16.45 -0.0247646 -0.0805494 0.0538378 
qwerty 441 106 0 0.510999 0.851519 -3.45179 17.125 -0.0247646 -0.0805494 0.0538378 
qwerty 441 106 0 0.510999 0.759836 -3.75 17.3243 -0.0247646 -0.0805494 0.0538378 
qwerty 441 106 0 0.510999 0.541029 -4.46169 17.8 -0.0247646 -0.0805494 0.0538378 
qwerty 441 106 0 0.510999 0.230539 -5.47159 18.475 -0.0247646 -0.0805494 0.0538378 
qwerty 441 106 0 0.510999 -0.00878021 -6.25 18.9953 -0.0247646 -0.0805494 0.0538378 
qwerty 441 106 0 0.510999 -0.0799514 -6.48149 19.15 -0.0247646 -0.0805494 0.0538378 
qwerty 441 106 0 0.510999 -0.390442 -7.49139 19.825 -0.0247646 -0.0805494 0.0538378 
qwerty 440 106 0 3.53955 1.34915 -2.23137 16.45 -0.0108769 -0.0754154 0.0647627 
qwerty 440 106 0 3.53955 1.25 -2.91885 17.0404 -0.0108769 -0.0754154 0.0647627 
qwerty 440 106 0 3.53955 1.23579 -3.0174 17.125 -0.0108769 -0.0754154 0.0647627 
qwerty 440 106 0 3.53955 1.13013 -3.75 17.7541 -0.0108769 -0.0754154 0.0647627 
qwerty 440 106 0 3.53955 1.12242 -3.80343 17.8 -0.0108769 -0.0754154 0.0647627 
qwerty 440 106 0 3.53955 1.00905 -4.58946 18.475 -0.0108769 -0.0754154 0.0647627 
qwerty 440 106 0 3.53955 0.895686 -5.37549 19.15 -0.0108769 -0.0754154 0.0647627 
qwerty 440 106 0 3.53955 0.782319 -6.16152 19.825 -0.0108769 -0.0754154 0.0647627 
qwerty 440 106 0 0 0.73835 -6.46638 20.0868 -0.0108769 -0.0754154 0.0647627 
qwerty 464 440 0.267889 1.27238 0.747671 -6.5932 20.1916 -0.0113339 -0.0680973 0.0723485 
qwerty 464 440 0.402717 0.869661 0.760235 -6.7074 20.4035 0.0214608 -0.0904405 0.0368775 
qwerty 464 440 0.389443 0.480218 0.818794 -6.8484 20.4873 0.0070404 -0.0946363 -0.0315341 
qwerty 464 440 0.480218 0 0.822203 -6.95312 20.4972 -0.0106452 -0.0994311 -0.00037376 
qwerty 466 464 0 0.0391625 0.61266 -6.91255 20.5 -0.0290963 -0.0688225 0.0664595 
qwerty 438 106 0 3.44657 1.2166 -1.93784 16.45 -0.0349259 -0.0553178 0.0756315 
qwerty 438 106 0 3.44657 0.904896 -2.43155 17.125 -0.0349259 -0.0553178 0.0756315 
qwerty 438 106 0 3.44657 0.593188 -2.92525 17.8 -0.0349259 -0.0553178 0.0756315 
qwerty 438 106 0 3.44657 0.28148 -3.41895 18.475 -0.0349259 -0.0553178 0.0756315 
qwerty 438 106 0 3.44657 0.0724674 -3.75 18.9276 -0.0349259 -0.0553178 0.0756315 
qwerty 438 106 0 3.44657 -0.0302286 -3.91266 19.15 -0.0349259 -0.0553178 0.0756315 
qwerty 438 106 0 3.44657 -0.341937 -4.40636 19.825 -0.0349259 -0.0553178 0.0756315 
qwerty 438 106 0 3.44657 -0.653645 -4.90006 20.5 -0.0349259 -0.0553178 0.0756315 
qwerty 438 106 0 3.44657 -0.965354 -5.39377 21.175 -0.0349259 -0.0553178 0.0756315 
qwerty 438 106 0 3.44657 -1.27706 -5.88747 21.85 -0.0349259 -0.0553178 0.0756315 
qwerty 438 106 0 3.44657 -1.58877 -6.38117 22.525 -0.0349259 -0.0553178 0.0756315 
qwerty 438 106 0 3.44657 -1.90048 -6.87488 23.2 -0.0349259 -0.0553178 0.0756315 
qwerty 438 106 0 3.44657 -2.21219 -7.36858 23.875 -0.0349259 -0.0553178 0.0756315 
qwerty 438 106 0 3.44657 -2.5239 -7.86228 24.55 -0.0349259 -0.0553178 0.0756315 
qwerty 438 106 0 3.44657 -2.8356 -8.35599 25.225 -0.0349259 -0.0553178 0.0756315 
qwerty 438 106 0 3.44657 -3.08437 -8.75 25.7637 -0.0349259 -0.0553178 0.0756315 
qwerty 438 106 0 3.44657 -3.14731 -8.84969 25.9 -0.0349259 -0.0553178 0.0756315 
qwerty 438 106 0 3.44657 -3.45902 -9.34339 26.575 -0.0349259 -0.0553178 0.0756315 
qwerty 438 106 0 3.44657 -3.77073 -9.83709 27.25 -0.0349259 -0.0553178 0.0756315 
qwerty 438 106 0 3.44657 -4.08244 -10.3308 27.925 -0.0349259 -0.0553178 0.0756315 
qwerty 438 106 0 3.44657 -4.39414 -10.8245 28.6 -0.0349259 -0.0553178 0.0756315 
qwerty 438 106 0 3.44657 -4.70585 -11.3182 29.275 -0.0349259 -0.0553178 0.0756315 
qwerty 472 438 0.709218 1.98155 -4.48405 -11.697 29.6813 0.050877 -0.0650237 0.056422 
qwerty 472 438 0.590469 1.39108 -4.38794 -11.928 29.8975 0.0678132 -0.011245 0.0726287 
qwerty 472 438 0.125654 1.26543 -4.33891 -11.9361 29.95 0.0494287 0.0367777 0.0787668 
qwerty 474 472 0 0.980935 -4.2992 -12.2627 29.45 0.00597506 -0.0548597 -0.0833949 
qwerty 474 472 0 0.980935 -4.25083 -12.7067 28.775 0.00597506 -0.0548597 -0.0833949 
qwerty 474 472 0 0.980935 -4.20247 -13.1508 28.1 0.00597506 -0.0548597 -0.0833949 
qwerty 474 472 0 0.980935 -4.15411 -13.5948 27.425 0.00597506 -0.0548597 -0.0833949 
qwerty 474 472 0 0.980935 -4.13721 -13.75 27.1891 0.00597506 -0.0548597 -0.0833949 
qwerty 474 472 0 0.980935 -4.10575 -14.0389 26.75 0.00597506 -0.0548597 -0.0833949 
qwerty 474 472 0 0.980935 -4.05739 -14.4829 26.075 0.00597506 -0.0548597 -0.0833949 
qwerty 474 472 0 0.293156 -4.03024 -14.7321 25.6962 -0.00629859 0.0933744 -0.0352355 
qwerty 474 472 0 0.293156 -4.08319 -13.9472 25.4 -0.00629859 0.0933744 -0.0352355 
qwerty 475 474 0.4217 0.26608 -4.05601 -14.7756 25.5869 0.0301883 -0.0130114 -0.0944424 
qwerty 475 474 0.26608 0 -4.04377 -14.7809 25.5486 0.0301883 -0.0130114 -0.0944424 
qwerty 437 106 0 0.767598 1.54847 -1.56545 15.775 -0.00815756 -0.0401027 0.0912427 
qwerty 437 106 0 0.767598 1.48812 -1.86213 16.45 -0.00815756 -0.0401027 0.0912427 
qwerty 437 106 0 0.767598 1.42777 -2.1588 17.125 -0.00815756 -0.0401027 0.0912427 
qwerty 437 106 0 0.767598 1.36742 -2.45548 17.8 -0.00815756 -0.0401027 0.0912427 
qwerty 437 106 0 0.767598 1.30707 -2.75215 18.475 -0.00815756 -0.0401027 0.0912427 
qwerty 437 106 0 0.767598 1.24673 -3.04882 19.15 -0.00815756 -0.0401027 0.0912427 
qwerty 437 106 0 0.767598 1.18638 -3.3455 19.825 -0.00815756 -0.0401027 0.0912427 
qwerty 437 106 0 0.767598 1.12603 -3.64217 20.5 -0.00815756 -0.0401027 0.0912427 
qwerty 437 106 0 0.767598 1.06568 -3.93885 21.175 -0.00815756 -0.0401027 0.0912427 
qwerty 437 106 0 0.767598 1.00533 -4.23552 21.85 -0.00815756 -0.0401027 0.0912427 
qwerty 437 106 0 0.767598 0.944984 -4.53219 22.525 -0.00815756 -0.0401027 0.0912427 
qwerty 437 106 0 0.767598 0.884635 -4.82887 23.2 -0.00815756 -0.0401027 0.0912427 
qwerty 437 106 0 0.767598 0.824287 -5.12554 23.875 -0.00815756 -0.0401027 0.0912427 
qwerty 437 106 0 0.767598 0.763938 -5.42222 24.55 -0.00815756 -0.0401027 0.0912427 
qwerty 437 106 0 0.767598 0.70359 -5.71889 25.225 -0.00815756 -0.0401027 0.0912427 
qwerty 437 106 0 0.767598 0.643241 -6.01556 25.9 -0.00815756 -0.0401027 0.0912427 
qwerty 437 106 0 0.767598 0.582893 -6.31224 26.575 -0.00815756 -0.0401027 0.0912427 
qwerty 437 106 0 0.767598 0.522545 -6.60891 27.25 -0.00815756 -0.0401027 0.0912427 
qwerty 437 106 0 0.767598 0.462196 -6.90559 27.925 -0.00815756 -0.0401027 0.0912427 
qwerty 437 106 0 0.767598 0.401848 -7.20226 28.6 -0.00815756 -0.0401027 0.0912427 
qwerty 437 106 0 0.741519 0.395584 -7.62888 29.275 0.0014519 -0.0571662 0.0820361 
qwerty 437 106 0 0.741519 0.40753 -8.09925 29.95 0.0014519 -0.0571662 0.0820361 
qwerty 437 106 0 0.741519 0.419476 -8.56962 30.625 0.0014519 -0.0571662 0.0820361 
qwerty 437 106 0 0.741519 0.424058 -8.75 30.8839 0.0014519 -0.0571662 0.0820361 
qwerty 437 106 0 0.741519 0.431423 -9.03998 31.3 0.0014519 -0.0571662 0.0820361 
qwerty 437 106 0 0.741519 0.443369 -9.51035 31.975 0.0014519 -0.0571662 0.0820361 
qwerty 437 106 0 0.741519 0.455316 -9.98072 32.65 0.0014519 -0.0571662 0.0820361 
qwerty 437 106 0 0.741519 0.467262 -10.4511 33.325 0.0014519 -0.0571662 0.0820361 
qwerty 437 106 0 0.741519 0.479208 -10.9215 34 0.0014519 -0.0571662 0.0820361 
qwerty 437 106 0 0.741519 0.491155 -11.3918 34.675 0.0014519 -0.0571662 0.0820361 
qwerty 436 106 0 2.68035 1.56526 -1.43311 15.775 -0.00602132 -0.0185774 0.0980746 
qwerty 436 106 0 2.68035 1.52382 -1.56097 16.45 -0.00602132 -0.0185774 0.0980746 
qwerty 436 106 0 2.68035 1.48237 -1.68883 17.125 -0.00602132 -0.0185774 0.0980746 
qwerty 436 106 0 2.68035 1.44093 -1.81669 17.8 -0.00602132 -0.0185774 0.0980746 
qwerty 436 106 0 1.32862 1.25 -1.71919 18.2457 -0.0449672 0.0281692 0.0847611 
qwerty 436 106 0 1.32862 1.12835 -1.64299 18.475 -0.0449672 0.0281692 0.0847611 
qwerty 436 106 0 1.32862 0.770255 -1.41866 19.15 -0.0449672 0.0281692 0.0847611 
qwerty 436 106 0 1.32862 0.412156 -1.19433 19.825 -0.0449672 0.0281692 0.0847611 
qwerty 436 106 0 1.32862 0.0540568 -0.970008 20.5 -0.0449672 0.0281692 0.0847611 
qwerty 435 121 0 1.44623 1.57092 -0.965191 24.55 -0.093092 -0.00954279 0.0352535 
qwerty 435 121 0 1.44623 -0.211518 -1.14791 25.225 -0.093092 -0.00954279 0.0352535 
qwerty 435 121 0 1.44623 -1.20746 -1.25 25.6022 -0.093092 -0.00954279 0.0352535 
qwerty 435 121 0 1.44623 -1.99396 -1.33062 25.9 -0.093092 -0.00954279 0.0352535 
qwerty 435 121 0 1.44623 -3.75 -1.51063 26.565 -0.093092 -0.00954279 0.0352535 
qwerty 435 121 0 1.44623 -3.77639 -1.51334 26.575 -0.093092 -0.00954279 0.0352535 
qwerty 435 121 0 1.44623 -5.55883 -1.69606 27.25 -0.093092 -0.00954279 0.0352535 
qwerty 435 121 0 1.25625 -6.25 -1.85392 27.6907 -0.0765784 -0.0229582 0.0600722 
qwerty 435 121 0 1.25625 -6.54867 -1.94346 27.925 -0.0765784 -0.0229582 0.0600722 
qwerty 431 364 0 0.510999 2.83749 -0.00970255 23.875 0.0631451 -0.017938 0.0754382 
qwerty 430 364 0 0.510999 1.85396 0.269693 22.7 -0.0631451 0.017938 -0.0754382 
qwerty 430 364 0 0.387927 1.36486 0.408633 22.1157 -0.0820074 0.0566058 -0.0083999 
qwerty 430 364 0 0.387927 1.25 0.487918 22.1039 -0.0820074 0.0566058 -0.0083999 
qwerty 430 364 0 0.387927 0.479502 1.01976 22.025 -0.0820074 0.0566058 -0.0083999 
qwerty 465 440 0.112988 0.825131 0.750265 -6.53167 20.1122 0.0109502 -0.0946795 0.0302636 
qwerty 465 440 0.197096 0.628035 0.736279 -6.60636 20.1292 -0.0133747 -0.00634002 -0.0988985 
qwerty 465 440 0.151726 0.476309 0.729493 -6.58052 20.0589 -0.0332426 -0.0340942 -0.0879347 
qwerty 465 440 0.165789 0.31052 0.706216 -6.60231 20.0024 -0.0619015 0.00437928 -0.0784157 
qwerty 465 440 0.00538073 0.305139 0.704359 -6.60218 20 -0.0665774 0.00772419 -0.0742144 
qwerty 490 430 0.123072 0 1.36472 0.404716 22.1049 -0.00120991 -0.0340772 -0.0940068 
qwerty 493 465 0 0.538405 0.757139 -6.37917 20.5 0.00904015 0.0402831 0.0910799 
qwerty 493 465 0 0.509827 0.997265 -6.14514 21.175 0.0389259 0.0276111 0.0878772 
qwerty 493 465 0 0.509827 1.29626 -5.93306 21.85 0.0389259 0.0276111 0.0878772 
qwerty 492 465 0 0.287321 0.52079 -6.33512 19.3905 -0.0531937 0.0669137 0.0518939 
qwerty 492 465 0 0.143418 0.343882 -6.11258 19.5631 0.0940428 -0.0232245 -0.0248309 
qwerty 492 465 0 0.143418 1.24562 -6.33527 19.325 0.0940428 -0.0232245 -0.0248309 
qwerty 497 492 0.143903 0 0.333381 -6.10435 19.5698 -0.070241 0.0550689 0.0450956 
qwerty 496 492 0.0934534 0.325886 0.53516 -6.34114 19.35 -0.0145954 -0.0849064 -0.0507727 
qwerty 496 492 0.0345113 0.291374 0.528723 -6.35479 19.3445 0.00635466 -0.0824498 -0.0562285 
qwerty 496 492 0.0199415 0.271433 0.529547 -6.36142 19.3368 0.048976 -0.0548772 -0.0677484 
qwerty 496 492 0.0207888 0.250644 0.533958 -6.36805 19.3317 0.0504097 -0.0655546 -0.0562268 
qwerty 496 492 0.0232458 0.227398 0.538959 -6.37486 19.3252 0.039363 -0.050446 -0.0768489 
qwerty 496 492 0.000627484 0.226771 0.539036 -6.37496 19.325 0.0401096 -0.0500398 -0.0767283 
qwerty 496 492 0.00510201 0.188985 0.540411 -6.37698 19.3268 -0.0154093 0.0794476 0.0587421 
qwerty 496 492 0.0124779 0.176507 0.5403 -6.37506 19.3287 -0.0354655 0.0423955 0.0833356 
qwerty 496 492 0.00477295 0.171734 0.539278 -6.37367 19.3305 -0.0375105 0.0351941 0.0857574 
qwerty 496 492 0.00606541 0.165668 0.537445 -6.37188 19.3331 -0.0360349 0.0279294 0.0890024 
qwerty 496 492 0.0104385 0.15523 0.534431 -6.37099 19.3367 -0.0612875 0.0506075 0.0606854 
qwerty 496 492 0.0171501 0.13808 0.531282 -6.36877 19.3422 -0.0649836 -0.0233463 0.0723331 
qwerty 496 492 0.0354062 0.102674 0.525049 -6.36853 19.347 -0.098278 0.0138021 0.0122855 
qwerty 496 492 0.102674 0 0.516751 -6.36736 19.348 -0.098278 0.0138021 0.0122855 
