qwerty 1 0 0 200 0 0 -0.249999 0 0 0.1 
qwerty 3 1 0 86.764 -0.131933 0.420517 0.25 -0.0197944 0.0630921 0.0750172 
qwerty 3 1 0 86.764 -0.310042 0.988215 0.925 -0.0197944 0.0630921 0.0750172 
qwerty 3 1 0 86.764 -0.392174 1.25 1.23626 -0.0197944 0.0630921 0.0750172 
qwerty 3 1 0 86.764 -0.488151 1.55591 1.6 -0.0197944 0.0630921 0.0750172 
qwerty 3 1 0 86.764 -0.666261 2.12361 2.275 -0.0197944 0.0630921 0.0750172 
qwerty 3 1 0 86.764 -0.84437 2.69131 2.95 -0.0197944 0.0630921 0.0750172 
qwerty 3 1 0 86.764 -1.02248 3.25901 3.625 -0.0197944 0.0630921 0.0750172 
qwerty 3 1 0 86.764 -1.17652 3.75 4.20879 -0.0197944 0.0630921 0.0750172 
qwerty 3 1 0 86.764 -1.20059 3.82671 4.3 -0.0197944 0.0630921 0.0750172 
qwerty 3 1 0 86.764 -1.25 3.9842 4.48726 -0.0197944 0.0630921 0.0750172 
qwerty 3 1 0 86.764 -1.3787 4.39441 4.975 -0.0197944 0.0630921 0.0750172 
qwerty 4 3 1.27279 38.0167 -1.60782 5.08493 5.65 -0.0192909 0.0733937 0.0651247 
qwerty 11 4 0 0.495367 -1.58679 6.19167 6.325 0.0125614 0.0857148 0.0499519 
qwerty 11 4 0 0.495367 -1.41705 7.34994 7 0.0125614 0.0857148 0.0499519 
qwerty 11 4 0 0.495367 -1.25 8.48983 7.66429 0.0125614 0.0857148 0.0499519 
qwerty 11 4 0 0.495367 -1.24731 8.5082 7.675 0.0125614 0.0857148 0.0499519 
qwerty 11 4 0 0.495367 -1.07757 9.66646 8.35 0.0125614 0.0857148 0.0499519 
qwerty 9 4 0 0.603669 -1.75332 6.65886 6.325 -0.00739904 0.0929062 0.0362449 
qwerty 9 4 0 0.603669 -1.89112 8.38908 7 -0.00739904 0.0929062 0.0362449 
qwerty 8 4 0 29.8024 -1.7391 5.65817 6.325 -0.0133192 0.0635661 0.0760391 
qwerty 8 4 0 29.8024 -1.85733 6.22245 7 -0.0133192 0.0635661 0.0760391 
qwerty 8 4 0 29.8024 -1.97557 6.78673 7.675 -0.0133192 0.0635661 0.0760391 
qwerty 8 4 0 29.8024 -2.0938 7.35101 8.35 -0.0133192 0.0635661 0.0760391 
qwerty 8 4 0 29.8024 -2.21204 7.91528 9.025 -0.0133192 0.0635661 0.0760391 
qwerty 6 4 0 1.05975 -1.75675 5.77085 6.325 -0.0150791 0.070265 0.0695374 
qwerty 6 4 0 1.05975 -1.85958 6.25 6.79919 -0.0150791 0.070265 0.0695374 
qwerty 6 4 0 1.05975 -1.90312 6.45291 7 -0.0150791 0.070265 0.0695374 
qwerty 6 4 0 1.05975 -2.0495 7.13497 7.675 -0.0150791 0.070265 0.0695374 
qwerty 6 4 0 1.05975 -2.19587 7.81704 8.35 -0.0150791 0.070265 0.0695374 
qwerty 6 4 0 1.05975 -2.34224 8.4991 9.025 -0.0150791 0.070265 0.0695374 
qwerty 6 4 0 0.570304 -0.865316 10.0835 9.7 0.0662019 0.0692417 0.0286862 
qwerty 2 1 0 248.213 0.0355592 -0.11334 0.25 0.00691926 -0.0220542 0.097292 
qwerty 2 1 0 248.213 0.0835641 -0.266349 0.925 0.00691926 -0.0220542 0.097292 
qwerty 2 1 0 248.213 0.131569 -0.419358 1.6 0.00691926 -0.0220542 0.097292 
qwerty 2 1 0 248.213 0.179574 -0.572367 2.275 0.00691926 -0.0220542 0.097292 
qwerty 2 1 0 248.213 0.227579 -0.725376 2.95 0.00691926 -0.0220542 0.097292 
qwerty 2 1 0 248.213 0.275584 -0.878385 3.625 0.00691926 -0.0220542 0.097292 
qwerty 2 1 0 248.213 0.323589 -1.03139 4.3 0.00691926 -0.0220542 0.097292 
qwerty 2 1 0 248.213 0.371594 -1.1844 4.975 0.00691926 -0.0220542 0.097292 
qwerty 2 1 0 248.213 0.392174 -1.25 5.26438 0.00691926 -0.0220542 0.097292 
qwerty 2 1 0 248.213 0.419599 -1.33741 5.65 0.00691926 -0.0220542 0.097292 
qwerty 26 2 0.290962 54.7161 0.445687 -1.40771 5.97743 0.0114093 -0.0189564 0.0975217 
qwerty 26 2 0.536129 54.18 0.48635 -1.47527 6.325 0.0106489 -0.0176845 0.0978461 
qwerty 26 2 0.789151 30.9857 0.557949 -1.63442 7 0.0172439 -0.0255617 0.0951275 
qwerty 26 2 0.860266 9.45503 0.740576 -1.69477 7.675 0.0255699 -0.0243235 0.0935657 
qwerty 19 8 0.947187 8.5453 -2.42033 8.30056 9.7 -0.0293407 0.0239317 0.0925548 
qwerty 19 8 0.855886 1.26511 -2.50275 8.67086 9.88044 -0.00982507 0.0788384 -0.0607287 
qwerty 19 8 0.0167085 1.2484 -2.50363 8.67793 9.875 0.00171713 0.0740894 -0.0671403 
qwerty 5 3 1.0908 25.1996 -1.51663 4.97821 5.65 -0.0110534 0.0588785 0.0800696 
qwerty 5 3 0.683634 2.07736 -1.03423 4.73932 6.01941 0.0710418 -0.0646702 0.0277638 
qwerty 5 3 0.764331 1.31303 -0.763873 4.50172 5.98409 0.0859801 -0.0414544 0.0298155 
qwerty 5 3 0.0212649 0.981945 -0.749537 4.4966 5.98883 0.0891006 -0.0110796 0.0440263 
qwerty 5 3 0.36515 0.616795 -0.625383 4.48897 6.16753 0.0970171 0.0185789 0.0155723 
qwerty 5 3 0.329035 0.28776 -0.515102 4.51825 6.26278 0.0742625 0.0410161 0.0529411 
qwerty 5 3 0.28776 0 -0.481197 4.53697 6.28695 0.0742625 0.0410161 0.0529411 
qwerty 5 3 0 0 -0.481197 4.53697 6.28695 0.0742625 0.0410161 0.0529411 
qwerty 58 5 0.309819 0 -0.72762 4.45293 5.9729 0.0426471 -0.0849698 -0.0310058 
qwerty 25 2 0.784364 179.556 0.461255 -1.47473 6.325 0.0050382 -0.0184899 0.0981465 
qwerty 25 2 0.865878 89.0913 0.49198 -1.55219 6.97792 0.00447014 -0.00992664 0.0994056 
qwerty 25 2 0.0273789 89.064 0.492973 -1.5544 7 0.00456851 -0.00993282 0.0994005 
qwerty 25 2 0.859816 82.3306 0.434373 -1.63086 7.675 -0.0131723 -0.0113525 0.0984765 
qwerty 25 2 0.272112 35.1175 0.401427 -1.66881 8.02882 -0.00552022 -0.00998758 0.0993467 
qwerty 25 2 0.53975 34.5778 0.383581 -1.7011 8.35 -0.00487673 -0.0123386 0.099116 
qwerty 25 2 0.850686 19.1183 0.148968 -1.54806 9.025 -0.0324951 0.0382178 0.0865071 
qwerty 75 25 0 10.8053 -0.391356 -0.497399 8.525 -0.0344237 0.0786592 -0.0512615 
qwerty 75 25 0 10.8053 -0.844639 0.538368 7.85 -0.0344237 0.0786592 -0.0512615 
qwerty 73 25 0 3.09287 -0.153323 -1.30226 9.7 -0.0394923 0.0309899 0.0864869 
qwerty 73 25 0 3.09287 -0.461547 -1.06039 10.375 -0.0394923 0.0309899 0.0864869 
qwerty 73 25 0 3.09287 -0.769771 -0.818529 11.05 -0.0394923 0.0309899 0.0864869 
qwerty 73 25 0 3.09287 -1.078 -0.576664 11.725 -0.0394923 0.0309899 0.0864869 
qwerty 73 25 0 3.09287 -1.38622 -0.334799 12.4 -0.0394923 0.0309899 0.0864869 
qwerty 73 25 0 3.09287 -1.69444 -0.0929333 13.075 -0.0394923 0.0309899 0.0864869 
qwerty 73 25 0 3.09287 -2.00267 0.148932 13.75 -0.0394923 0.0309899 0.0864869 
qwerty 73 25 0 3.09287 -2.31089 0.390798 14.425 -0.0394923 0.0309899 0.0864869 
qwerty 73 25 0 3.09287 -2.61912 0.632663 15.1 -0.0394923 0.0309899 0.0864869 
qwerty 73 25 0 3.09287 -2.92734 0.874528 15.775 -0.0394923 0.0309899 0.0864869 
qwerty 73 25 0 3.09287 -3.23556 1.11639 16.45 -0.0394923 0.0309899 0.0864869 
qwerty 73 25 0 3.09287 -3.54379 1.35826 17.125 -0.0394923 0.0309899 0.0864869 
qwerty 73 25 0 3.09287 -3.85201 1.60012 17.8 -0.0394923 0.0309899 0.0864869 
qwerty 73 25 0 1.93912 -3.90629 1.99879 18.475 -0.00125935 0.0533639 0.0845619 
qwerty 73 25 0 1.93912 -3.91634 2.42475 19.15 -0.00125935 0.0533639 0.0845619 
qwerty 73 25 0 1.93912 -3.92639 2.85072 19.825 -0.00125935 0.0533639 0.0845619 
qwerty 73 25 0 1.93912 -3.93644 3.27669 20.5 -0.00125935 0.0533639 0.0845619 
qwerty 73 25 0 1.93912 -3.9465 3.70266 21.175 -0.00125935 0.0533639 0.0845619 
qwerty 73 25 0 1.93912 -3.95655 4.12862 21.85 -0.00125935 0.0533639 0.0845619 
qwerty 73 25 0 1.93912 -3.9666 4.55459 22.525 -0.00125935 0.0533639 0.0845619 
qwerty 73 25 0 1.93912 -3.97665 4.98056 23.2 -0.00125935 0.0533639 0.0845619 
qwerty 73 25 0 1.93912 -3.98671 5.40653 23.875 -0.00125935 0.0533639 0.0845619 
qwerty 73 25 0 1.93912 -3.99676 5.83249 24.55 -0.00125935 0.0533639 0.0845619 
qwerty 73 25 0 1.93912 -4.00681 6.25846 25.225 -0.00125935 0.0533639 0.0845619 
qwerty 73 25 0 1.93912 -4.01686 6.68443 25.9 -0.00125935 0.0533639 0.0845619 
qwerty 73 25 0 1.93912 -4.02692 7.11039 26.575 -0.00125935 0.0533639 0.0845619 
qwerty 73 25 0 1.93912 -4.03697 7.53636 27.25 -0.00125935 0.0533639 0.0845619 
qwerty 73 25 0 1.93912 -4.04702 7.96233 27.925 -0.00125935 0.0533639 0.0845619 
qwerty 73 25 0 1.93912 -4.05707 8.3883 28.6 -0.00125935 0.0533639 0.0845619 
qwerty 73 25 0 1.93912 -4.06713 8.81426 29.275 -0.00125935 0.0533639 0.0845619 
qwerty 73 25 0 1.93912 -4.07718 9.24023 29.95 -0.00125935 0.0533639 0.0845619 
qwerty 71 25 0 1.95768 0.204721 -1.64146 9.025 -0.0274539 0.0126336 0.0953241 
qwerty 71 25 0 1.95768 0.0103173 -1.552 9.7 -0.0274539 0.0126336 0.0953241 
qwerty 71 25 0 1.95768 -0.184086 -1.46254 10.375 -0.0274539 0.0126336 0.0953241 
qwerty 71 25 0 1.95768 -0.37849 -1.37308 11.05 -0.0274539 0.0126336 0.0953241 
qwerty 71 25 0 1.95768 -0.572894 -1.28362 11.725 -0.0274539 0.0126336 0.0953241 
qwerty 71 25 0 1.95768 -0.645951 -1.25 11.9787 -0.0274539 0.0126336 0.0953241 
qwerty 71 25 0 1.95768 -0.767298 -1.19416 12.4 -0.0274539 0.0126336 0.0953241 
qwerty 71 25 0 1.95768 -0.961701 -1.1047 13.075 -0.0274539 0.0126336 0.0953241 
qwerty 71 25 0 1.95768 -1.15611 -1.01524 13.75 -0.0274539 0.0126336 0.0953241 
qwerty 71 25 0 0.977242 -1.86969 -0.383434 14.425 -0.0634531 0.0576117 0.0515228 
qwerty 71 25 0 0.977242 -2.70099 0.371337 15.1 -0.0634531 0.0576117 0.0515228 
qwerty 70 25 0 7.93743 0.22791 -1.70714 9.025 -0.0243108 0.00153172 0.0969878 
qwerty 70 25 0 7.93743 0.0587155 -1.69648 9.7 -0.0243108 0.00153172 0.0969878 
qwerty 70 25 0 7.93743 -0.110479 -1.68582 10.375 -0.0243108 0.00153172 0.0969878 
qwerty 70 25 0 7.93743 -0.279673 -1.67515 11.05 -0.0243108 0.00153172 0.0969878 
qwerty 70 25 0 7.93743 -0.448867 -1.66449 11.725 -0.0243108 0.00153172 0.0969878 
qwerty 70 25 0 7.93743 -0.618062 -1.65383 12.4 -0.0243108 0.00153172 0.0969878 
qwerty 70 25 0 7.93743 -0.787256 -1.64317 13.075 -0.0243108 0.00153172 0.0969878 
qwerty 70 25 0 7.93743 -0.95645 -1.63251 13.75 -0.0243108 0.00153172 0.0969878 
qwerty 70 25 0 7.93743 -1.12564 -1.62185 14.425 -0.0243108 0.00153172 0.0969878 
qwerty 70 25 0 7.93743 -1.29484 -1.61119 15.1 -0.0243108 0.00153172 0.0969878 
qwerty 70 25 0 7.93743 -1.46403 -1.60053 15.775 -0.0243108 0.00153172 0.0969878 
qwerty 70 25 0 7.93743 -1.63323 -1.58987 16.45 -0.0243108 0.00153172 0.0969878 
qwerty 70 25 0 7.93743 -1.80242 -1.57921 17.125 -0.0243108 0.00153172 0.0969878 
qwerty 70 25 0 7.93743 -1.97162 -1.56855 17.8 -0.0243108 0.00153172 0.0969878 
qwerty 70 25 0 7.93743 -2.14081 -1.55789 18.475 -0.0243108 0.00153172 0.0969878 
qwerty 70 25 0 7.93743 -2.31001 -1.54723 19.15 -0.0243108 0.00153172 0.0969878 
qwerty 69 25 0 0.0667909 0.382871 -1.70193 8.35 -0.00573744 -0.0102387 0.0993089 
qwerty 68 25 0 2.20832 0.357316 -1.68501 8.35 -0.0105818 -0.00768248 0.0991413 
qwerty 68 25 0 2.20832 0.28527 -1.73731 9.025 -0.0105818 -0.00768248 0.0991413 
qwerty 68 25 0 2.20832 0.213224 -1.78962 9.7 -0.0105818 -0.00768248 0.0991413 
qwerty 68 25 0 2.20832 0.141178 -1.84192 10.375 -0.0105818 -0.00768248 0.0991413 
qwerty 68 25 0 2.20832 0.0691323 -1.89423 11.05 -0.0105818 -0.00768248 0.0991413 
qwerty 67 25 0 41.2487 0.34454 -1.66742 8.35 -0.0127128 -0.00474048 0.0990753 
qwerty 67 25 0 41.2487 0.257927 -1.69971 9.025 -0.0127128 -0.00474048 0.0990753 
qwerty 67 25 0 0.995407 -0.621534 -1.25 9.56988 -0.0803836 0.0420578 0.0420669 
qwerty 67 25 0 0.995407 -0.870175 -1.11991 9.7 -0.0803836 0.0420578 0.0420669 
qwerty 67 25 0 0.995407 -1.25 -0.921178 9.89877 -0.0803836 0.0420578 0.0420669 
qwerty 67 25 0 0.995407 -2.16 -0.445052 10.375 -0.0803836 0.0420578 0.0420669 
qwerty 67 25 0 0.295503 -1.45127 0.835292 9.875 0.0502465 0.0792573 -0.0345481 
qwerty 67 25 0 0.295503 -1.18836 1.25 9.69423 0.0502465 0.0792573 -0.0345481 
qwerty 67 25 0 0.295503 -0.469558 2.38382 9.2 0.0502465 0.0792573 -0.0345481 
qwerty 96 67 0.899717 30.258 0.264558 -1.7618 9.7 0.00419055 -0.0143543 0.0988757 
qwerty 96 67 0.803958 23.579 0.29639 -1.79002 10.375 0.0110157 -0.00704325 0.0991415 
qwerty 96 67 1.10351 3.83314 -0.101387 -1.60457 11.05 -0.0211551 0.0420156 0.0882448 
qwerty 107 96 0 0.475508 -0.111605 -1.43554 11.725 0.00758583 0.0356957 0.0931035 
qwerty 105 96 0 0.316582 0.322006 -1.47061 11.05 0.00168177 0.0460435 0.0887534 
qwerty 104 96 0 15.6927 0.231278 -1.54515 11.05 -0.0136195 0.0379883 0.0914954 
qwerty 104 96 0 15.6927 0.130801 -1.26489 11.725 -0.0136195 0.0379883 0.0914954 
qwerty 104 96 0 15.6927 0.0303245 -0.984638 12.4 -0.0136195 0.0379883 0.0914954 
qwerty 112 104 1.54539 10.1318 0.569496 -1.18995 13.075 0.0777583 -0.0139385 0.0613137 
qwerty 112 104 1.0505 3.68199 0.697571 -1.43709 12.575 -0.0342464 -0.0412035 -0.0844361 
qwerty 103 96 0 0.596977 0.295072 -1.70986 10.375 0.00674967 0.0123065 0.0990101 
qwerty 102 96 0 3.06697 0.274572 -1.87872 10.375 0.00142836 -0.0170832 0.0985197 
qwerty 102 96 0 3.06697 0.284358 -1.99576 11.05 0.00142836 -0.0170832 0.0985197 
qwerty 102 96 0 3.06697 0.294145 -2.11281 11.725 0.00142836 -0.0170832 0.0985197 
qwerty 102 96 0 3.06697 0.303931 -2.22985 12.4 0.00142836 -0.0170832 0.0985197 
qwerty 99 96 0 7.12163 0.184224 -1.71601 9.7 -0.0105969 -0.00200758 0.0994167 
qwerty 99 96 0 7.12163 0.112276 -1.72964 10.375 -0.0105969 -0.00200758 0.0994167 
qwerty 66 25 0 3.40024 0.534816 -1.62487 7.675 0.00616763 -0.0103044 0.0992763 
qwerty 66 25 0 3.40024 0.576751 -1.69493 8.35 0.00616763 -0.0103044 0.0992763 
qwerty 66 25 0 3.40024 0.618686 -1.76499 9.025 0.00616763 -0.0103044 0.0992763 
qwerty 66 25 0 3.40024 0.660621 -1.83505 9.7 0.00616763 -0.0103044 0.0992763 
qwerty 66 25 0 3.40024 0.702556 -1.90511 10.375 0.00616763 -0.0103044 0.0992763 
qwerty 64 25 0 0.0118585 0.492986 -1.55431 7 0.00453203 -0.00951959 0.0994426 
qwerty 63 25 0 17.7224 0.493741 -1.56906 7 0.00425678 -0.0128023 0.0990857 
qwerty 63 25 0 17.7224 0.522739 -1.65628 7.675 0.00425678 -0.0128023 0.0990857 
qwerty 63 25 0 17.7224 0.551738 -1.74349 8.35 0.00425678 -0.0128023 0.0990857 
qwerty 63 25 0 17.7224 0.580736 -1.8307 9.025 0.00425678 -0.0128023 0.0990857 
qwerty 63 25 0 17.7224 0.609735 -1.91791 9.7 0.00425678 -0.0128023 0.0990857 
qwerty 63 25 0 17.7224 0.638733 -2.00513 10.375 0.00425678 -0.0128023 0.0990857 
qwerty 63 25 0 17.7224 0.667731 -2.09234 11.05 0.00425678 -0.0128023 0.0990857 
qwerty 63 25 0 17.7224 0.69673 -2.17955 11.725 0.00425678 -0.0128023 0.0990857 
qwerty 63 25 0 17.7224 0.725728 -2.26676 12.4 0.00425678 -0.0128023 0.0990857 
qwerty 63 25 0 17.7224 0.754727 -2.35398 13.075 0.00425678 -0.0128023 0.0990857 
qwerty 63 25 0 17.7224 0.783725 -2.44119 13.75 0.00425678 -0.0128023 0.0990857 
qwerty 63 25 0 17.7224 0.812723 -2.5284 14.425 0.00425678 -0.0128023 0.0990857 
qwerty 63 25 0 17.7224 0.841722 -2.61561 15.1 0.00425678 -0.0128023 0.0990857 
qwerty 63 25 0 17.7224 0.87072 -2.70283 15.775 0.00425678 -0.0128023 0.0990857 
qwerty 63 25 0 17.7224 0.899719 -2.79004 16.45 0.00425678 -0.0128023 0.0990857 
qwerty 63 25 0 17.7224 0.928717 -2.87725 17.125 0.00425678 -0.0128023 0.0990857 
qwerty 63 25 0 17.7224 0.957715 -2.96446 17.8 0.00425678 -0.0128023 0.0990857 
qwerty 139 135 0 0.395225 0.494343 -3.75 17.6422 -0.0382428 -0.069416 -0.0609828 
qwerty 139 135 0 0.395225 0.279758 -4.1395 17.3 -0.0382428 -0.069416 -0.0609828 
qwerty 139 135 0 0.395225 -0.14354 -4.90784 16.625 -0.0382428 -0.069416 -0.0609828 
qwerty 139 135 0 0.395225 -0.566838 -5.67619 15.95 -0.0382428 -0.069416 -0.0609828 
qwerty 134 132 0 1.42864 0.744724 -3.14017 18.475 -0.0324962 -0.025182 0.0911585 
qwerty 134 132 0 1.42864 0.5041 -3.32663 19.15 -0.0324962 -0.025182 0.0911585 
qwerty 134 132 0 1.42864 0.263476 -3.5131 19.825 -0.0324962 -0.025182 0.0911585 
qwerty 134 132 0 1.42864 0.0228516 -3.69956 20.5 -0.0324962 -0.025182 0.0911585 
qwerty 134 132 0 1.42864 -0.217773 -3.88603 21.175 -0.0324962 -0.025182 0.0911585 
qwerty 134 132 0 1.42864 -0.458397 -4.07249 21.85 -0.0324962 -0.025182 0.0911585 
qwerty 134 132 0 1.42864 -0.699021 -4.25896 22.525 -0.0324962 -0.025182 0.0911585 
qwerty 134 132 0 1.42864 -0.939645 -4.44542 23.2 -0.0324962 -0.025182 0.0911585 
qwerty 146 145 0 0.350441 -1.25 -5.17657 23.496 -0.0315161 -0.0923408 0.0219069 
qwerty 146 145 0 0.350441 -1.7952 -6.77399 23.875 -0.0315161 -0.0923408 0.0219069 
qwerty 62 25 0 69.3012 0.504928 -1.58355 7 0.00627766 -0.015371 0.098612 
qwerty 62 25 0 69.3012 0.547899 -1.68877 7.675 0.00627766 -0.015371 0.098612 
qwerty 62 25 0 69.3012 0.590869 -1.79398 8.35 0.00627766 -0.015371 0.098612 
qwerty 148 62 0.126876 61.6441 0.592516 -1.82481 8.58662 -0.0112158 -0.00910057 0.0989514 
qwerty 148 62 0.886996 52.4183 0.540309 -1.8604 8.98803 -0.0116727 -0.0093195 0.0988782 
qwerty 148 62 0.0732728 52.345 0.535945 -1.86389 9.025 -0.0114865 -0.00856605 0.0989681 
qwerty 148 62 0.923947 21.2717 0.693805 -1.7854 9.7 0.0326778 0.0212149 0.0920982 
qwerty 152 148 0.14229 0.224328 0.598801 -1.79937 8.60867 -0.03705 0.0820989 0.0434404 
qwerty 152 148 0.224328 0 0.587341 -1.77397 8.6221 -0.03705 0.0820989 0.0434404 
qwerty 159 148 0 1.42517 -1.86638 -3.08955 9.2 -0.0877617 -0.0431766 -0.0208247 
qwerty 159 148 0 1.42517 -3.75 -4.01624 8.75304 -0.0877617 -0.0431766 -0.0208247 
qwerty 159 148 0 1.42517 -4.71103 -4.48905 8.525 -0.0877617 -0.0431766 -0.0208247 
qwerty 159 148 0 1.42517 -7.55568 -5.88855 7.85 -0.0877617 -0.0431766 -0.0208247 
qwerty 159 148 0 0.449049 -8.452 -5.97191 7.175 -0.0279148 0.0462396 -0.0841585 
qwerty 159 148 0 0.449049 -8.67589 -5.60104 6.5 -0.0279148 0.0462396 -0.0841585 
qwerty 159 148 0 0.449049 -8.75 -5.47828 6.27657 -0.0279148 0.0462396 -0.0841585 
qwerty 159 148 0 0.449049 -8.89978 -5.23017 5.825 -0.0279148 0.0462396 -0.0841585 
qwerty 159 148 0 0.449049 -9.12367 -4.8593 5.15 -0.0279148 0.0462396 -0.0841585 
qwerty 159 148 0 0.449049 -9.34757 -4.48844 4.475 -0.0279148 0.0462396 -0.0841585 
qwerty 159 148 0 0.449049 -9.57146 -4.11757 3.8 -0.0279148 0.0462396 -0.0841585 
qwerty 159 148 0 0.419375 -9.49554 -3.6434 3.125 0.0104915 0.0574783 -0.0811552 
qwerty 160 159 0.166915 0.779299 -8.3398 -6.30128 7.64534 -0.0277103 -0.0913337 -0.0298378 
qwerty 160 159 0.122383 0.656916 -8.36772 -6.36998 7.64542 0.0119651 -0.0956888 0.0264667 
qwerty 160 159 0.236174 0.420742 -8.35051 -6.44495 7.66939 0.0408036 -0.0613795 0.0675842 
qwerty 160 159 0.0222246 0.398517 -8.34713 -6.45004 7.675 0.0819651 -0.0388719 0.0420798 
qwerty 160 159 0.0199602 0.35894 -8.35127 -6.45713 7.67221 -0.0363291 -0.0809491 -0.0461241 
qwerty 160 159 0.0167253 0.342214 -8.3544 -6.46443 7.66908 -0.0297561 -0.0558096 -0.0774588 
qwerty 160 159 0.0141796 0.328035 -8.35677 -6.46901 7.66423 -0.0374642 -0.0419249 -0.0826966 
qwerty 160 159 0.139246 0.188789 -8.3584 -6.47217 7.65777 -0.0410857 -0.0348579 -0.084243 
qwerty 160 159 0.0366326 0.152156 -8.359 -6.47721 7.64847 -0.0187479 -0.0246864 -0.0950742 
qwerty 160 159 0.045231 0.106925 -8.36211 -6.48542 7.63865 -0.0806165 -0.0590021 -0.00444216 
qwerty 160 159 0.106925 0 -8.3694 -6.49076 7.63825 -0.0806165 -0.0590021 -0.00444216 
qwerty 163 158 0.997656 9.00763 0.753725 -1.86142 10.375 -0.0180043 -0.018749 0.0965625 
qwerty 166 163 0 3.94467 0.433764 -1.74454 11.05 -0.0423223 0.0148937 0.08937 
qwerty 166 163 0 3.94467 0.11411 -1.63205 11.725 -0.0423223 0.0148937 0.08937 
qwerty 166 163 0 3.94467 -0.205545 -1.51956 12.4 -0.0423223 0.0148937 0.08937 
qwerty 166 163 0 3.94467 -0.5252 -1.40707 13.075 -0.0423223 0.0148937 0.08937 
qwerty 166 163 0 3.94467 -0.844855 -1.29458 13.75 -0.0423223 0.0148937 0.08937 
qwerty 166 163 0 3.94467 -1.16451 -1.18209 14.425 -0.0423223 0.0148937 0.08937 
qwerty 166 163 0 3.94467 -1.48416 -1.0696 15.1 -0.0423223 0.0148937 0.08937 
qwerty 166 163 0 3.94467 -1.80382 -0.957109 15.775 -0.0423223 0.0148937 0.08937 
qwerty 166 163 0 3.94467 -2.12347 -0.844619 16.45 -0.0423223 0.0148937 0.08937 
qwerty 166 163 0 3.94467 -2.44313 -0.732129 17.125 -0.0423223 0.0148937 0.08937 
qwerty 166 163 0 3.94467 -2.76278 -0.619639 17.8 -0.0423223 0.0148937 0.08937 
qwerty 166 163 0 3.94467 -3.08244 -0.507149 18.475 -0.0423223 0.0148937 0.08937 
qwerty 166 163 0 3.94467 -3.40209 -0.394659 19.15 -0.0423223 0.0148937 0.08937 
qwerty 166 163 0 3.94467 -3.72175 -0.282169 19.825 -0.0423223 0.0148937 0.08937 
qwerty 166 163 0 3.94467 -4.0414 -0.169679 20.5 -0.0423223 0.0148937 0.08937 
qwerty 166 163 0 3.94467 -4.36106 -0.0571888 21.175 -0.0423223 0.0148937 0.08937 
qwerty 166 163 0 3.94467 -4.68071 0.0553013 21.85 -0.0423223 0.0148937 0.08937 
qwerty 166 163 0 3.94467 -5.00037 0.167791 22.525 -0.0423223 0.0148937 0.08937 
qwerty 166 163 0 3.94467 -5.32002 0.280282 23.2 -0.0423223 0.0148937 0.08937 
qwerty 166 163 0 1.34719 -5.58413 0.373223 23.7577 0.0276963 0.00770789 0.0957784 
qwerty 166 163 0 1.34719 -5.55021 0.382663 23.875 0.0276963 0.00770789 0.0957784 
qwerty 166 163 0 1.34719 -5.35502 0.436985 24.55 0.0276963 0.00770789 0.0957784 
qwerty 166 163 0 0.253092 -5.62261 0.45079 24.8544 -0.018911 -0.0981932 -0.000685839 
qwerty 166 163 0 0.20654 -5.95057 -1.25208 24.8425 -0.0190511 -0.0512422 -0.0837335 
qwerty 166 163 0 0.20654 -5.9773 -1.32398 24.725 -0.0190511 -0.0512422 -0.0837335 
qwerty 170 166 0.0465521 0 -5.95065 -1.25344 24.8441 -0.00381743 -0.0639746 0.0767638 
qwerty 169 166 0.181362 0 -5.63839 0.462593 24.864 -0.0719775 0.0538442 0.0438183 
qwerty 167 166 0.239607 2.35787 -5.69133 0.398607 23.875 -0.0766339 0.0214134 0.0605699 
qwerty 165 163 0 1.79916 0.668812 -1.8604 11.05 -0.012501 0.00019821 0.0992153 
qwerty 165 163 0 1.79916 0.583762 -1.85906 11.725 -0.012501 0.00019821 0.0992153 
qwerty 165 163 0 1.79916 0.498713 -1.85771 12.4 -0.012501 0.00019821 0.0992153 
qwerty 165 163 0 1.79916 0.413664 -1.85636 13.075 -0.012501 0.00019821 0.0992153 
qwerty 165 163 0 1.79916 0.328615 -1.85501 13.75 -0.012501 0.00019821 0.0992153 
qwerty 165 163 0 1.79916 0.243566 -1.85366 14.425 -0.012501 0.00019821 0.0992153 
qwerty 165 163 0 1.79916 0.158517 -1.85231 15.1 -0.012501 0.00019821 0.0992153 
qwerty 165 163 0 1.79916 0.0734677 -1.85097 15.775 -0.012501 0.00019821 0.0992153 
qwerty 165 163 0 1.79916 -0.0115814 -1.84962 16.45 -0.012501 0.00019821 0.0992153 
qwerty 165 163 0 1.79916 -0.0966305 -1.84827 17.125 -0.012501 0.00019821 0.0992153 
qwerty 165 163 0 1.79916 -0.18168 -1.84692 17.8 -0.012501 0.00019821 0.0992153 
qwerty 165 163 0 1.79916 -0.266729 -1.84557 18.475 -0.012501 0.00019821 0.0992153 
qwerty 165 163 0 1.79916 -0.351778 -1.84422 19.15 -0.012501 0.00019821 0.0992153 
qwerty 165 163 0 1.79916 -0.436827 -1.84287 19.825 -0.012501 0.00019821 0.0992153 
qwerty 165 163 0 1.79916 -0.521876 -1.84153 20.5 -0.012501 0.00019821 0.0992153 
qwerty 165 163 0 1.79916 -0.606925 -1.84018 21.175 -0.012501 0.00019821 0.0992153 
qwerty 165 163 0 1.79916 -0.691974 -1.83883 21.85 -0.012501 0.00019821 0.0992153 
qwerty 165 163 0 1.79916 -0.777024 -1.83748 22.525 -0.012501 0.00019821 0.0992153 
qwerty 165 163 0 1.79916 -0.862073 -1.83613 23.2 -0.012501 0.00019821 0.0992153 
qwerty 165 163 0 1.79916 -0.947122 -1.83478 23.875 -0.012501 0.00019821 0.0992153 
qwerty 165 163 0 1.79916 -1.03217 -1.83343 24.55 -0.012501 0.00019821 0.0992153 
qwerty 165 163 0 0.944892 -0.585472 -1.76466 25.225 0.0565535 0.00864485 0.0820181 
qwerty 165 163 0 0.475908 -0.279699 -1.87011 25.4976 0.0687626 0.0507982 0.0518773 
qwerty 165 163 0 0.475908 0.25367 -1.47609 25.9 0.0687626 0.0507982 0.0518773 
qwerty 174 165 0.260953 0 -0.264369 -1.90463 25.5086 0.0389823 -0.0877718 0.0278655 
qwerty 157 148 0 0.568976 0.61063 -1.95584 9.7 0.0149564 -0.0144313 0.0978164 
qwerty 157 148 0 0.568976 0.713839 -2.05543 10.375 0.0149564 -0.0144313 0.0978164 
qwerty 157 148 0 0.322907 3.67249 -3.75 10.8948 0.0862551 -0.0491973 0.0118184 
qwerty 157 148 0 0.275421 3.77187 -3.80669 10.9084 0.0878105 0.0169017 0.0447622 
qwerty 157 148 0 0.275421 4.04962 -3.75323 11.05 0.0878105 0.0169017 0.0447622 
qwerty 177 157 0.0474857 0 3.77223 -3.80869 10.9076 0.0162744 -0.0911504 -0.0377724 
qwerty 156 148 0 4.14341 0.577364 -1.94601 9.7 0.00778719 -0.0123498 0.0989285 
qwerty 156 148 0 4.14341 0.630497 -2.03028 10.375 0.00778719 -0.0123498 0.0989285 
qwerty 156 148 0 4.14341 0.68363 -2.11454 11.05 0.00778719 -0.0123498 0.0989285 
qwerty 156 148 0 4.14341 0.736763 -2.1988 11.725 0.00778719 -0.0123498 0.0989285 
qwerty 156 148 0 4.14341 0.789896 -2.28307 12.4 0.00778719 -0.0123498 0.0989285 
qwerty 156 148 0 4.14341 0.843028 -2.36733 13.075 0.00778719 -0.0123498 0.0989285 
qwerty 156 148 0 4.14341 0.896161 -2.4516 13.75 0.00778719 -0.0123498 0.0989285 
qwerty 156 148 0 4.14341 0.949294 -2.53586 14.425 0.00778719 -0.0123498 0.0989285 
qwerty 156 148 0 4.14341 1.00243 -2.62012 15.1 0.00778719 -0.0123498 0.0989285 
qwerty 156 148 0 4.14341 1.05556 -2.70439 15.775 0.00778719 -0.0123498 0.0989285 
qwerty 156 148 0 4.14341 1.10869 -2.78865 16.45 0.00778719 -0.0123498 0.0989285 
qwerty 156 148 0 4.14341 1.16183 -2.87291 17.125 0.00778719 -0.0123498 0.0989285 
qwerty 156 148 0 4.14341 1.21496 -2.95718 17.8 0.00778719 -0.0123498 0.0989285 
qwerty 156 148 0 4.14341 1.25 -3.01275 18.2452 0.00778719 -0.0123498 0.0989285 
qwerty 156 148 0 4.14341 1.26809 -3.04144 18.475 0.00778719 -0.0123498 0.0989285 
qwerty 156 148 0 4.14341 1.32122 -3.12571 19.15 0.00778719 -0.0123498 0.0989285 
qwerty 156 148 0 4.14341 1.37436 -3.20997 19.825 0.00778719 -0.0123498 0.0989285 
qwerty 156 148 0 3.41598 1.39951 -3.24987 20.1446 -0.0129799 -0.00265728 0.0991184 
qwerty 156 148 0 3.41598 1.35297 -3.25939 20.5 -0.0129799 -0.00265728 0.0991184 
qwerty 156 148 0 3.41598 1.26458 -3.27749 21.175 -0.0129799 -0.00265728 0.0991184 
qwerty 156 148 0 3.41598 1.17619 -3.29559 21.85 -0.0129799 -0.00265728 0.0991184 
qwerty 156 148 0 3.41598 1.08779 -3.31368 22.525 -0.0129799 -0.00265728 0.0991184 
qwerty 156 148 0 3.41598 0.999401 -3.33178 23.2 -0.0129799 -0.00265728 0.0991184 
qwerty 156 148 0 3.41598 0.911008 -3.34988 23.875 -0.0129799 -0.00265728 0.0991184 
qwerty 156 148 0 3.41598 0.822614 -3.36797 24.55 -0.0129799 -0.00265728 0.0991184 
qwerty 156 148 0 3.41598 0.734221 -3.38607 25.225 -0.0129799 -0.00265728 0.0991184 
qwerty 156 148 0 3.41598 0.645828 -3.40416 25.9 -0.0129799 -0.00265728 0.0991184 
qwerty 179 156 0.12538 0.602049 1.44639 -3.25184 20.2054 0.0719143 -0.000437723 0.0694849 
qwerty 179 156 0.327988 0.27406 1.48959 -3.23915 20.2913 -0.0709106 -0.0636673 -0.0303012 
qwerty 179 156 0.27406 0 1.45948 -3.26619 20.2784 -0.0709106 -0.0636673 -0.0303012 
qwerty 155 148 0 2.85406 0.688947 -1.66141 9.7 0.0270158 0.0377016 0.0885931 
qwerty 155 148 0 2.85406 0.894783 -1.37416 10.375 0.0270158 0.0377016 0.0885931 
qwerty 155 148 0 0.216741 1.08 -1.52136 10.608 -0.0208436 0.0355011 0.091133 
qwerty 155 148 0 0.216741 0.978909 -1.34918 11.05 -0.0208436 0.0355011 0.091133 
qwerty 184 155 0.107393 0.116111 1.0751 -1.55197 10.5888 0.022953 -0.0176489 -0.0957167 
qwerty 184 155 0.116111 0 1.07749 -1.55381 10.5788 0.022953 -0.0176489 -0.0957167 
qwerty 183 155 0.185654 2.21278 0.953635 -1.25 10.6672 -0.00514275 0.0281865 0.0958075 
qwerty 183 155 0.840239 1.37254 0.888865 -1.14558 10.9979 -0.0446571 -0.0213579 0.0868883 
qwerty 183 155 0.307719 1.06482 0.862107 -1.15838 11.05 -0.0388493 -0.0186803 0.0902318 
qwerty 183 155 0.0613247 0.696937 0.824428 -1.14548 11.024 -0.0673946 -0.00512628 -0.0737 
qwerty 183 155 0.0840616 0.612876 0.800825 -1.15167 10.997 -0.0831421 0.00126798 -0.0555498 
qwerty 183 155 0.0621611 0.550715 0.775173 -1.15096 10.9687 -0.0571289 0.0106668 -0.0813788 
qwerty 183 155 0.0848132 0.465902 0.76176 -1.14358 10.9175 -0.0661791 0.00311081 -0.0749043 
qwerty 183 155 0.123237 0.342665 0.71368 -1.16289 10.8893 -0.0525331 0.0286546 -0.0801198 
qwerty 183 155 0.093864 0.248801 0.706568 -1.13879 10.856 -0.0227016 0.0757796 -0.0611726 
qwerty 183 155 0.248801 0 0.698288 -1.11115 10.8337 -0.0227016 0.0757796 -0.0611726 
qwerty 182 155 0.846673 15.9225 0.50788 -1.94746 9.7 0.00764165 -0.0134694 0.0987936 
qwerty 182 155 1.03793 12.1441 0.747103 -1.6313 10.375 0.0277174 0.0609823 0.074249 
qwerty 188 182 0 3.54764 0.381551 -1.57668 9.875 -0.0446146 -0.00900702 -0.0890416 
qwerty 188 182 0 3.54764 0.0433405 -1.64496 9.2 -0.0446146 -0.00900702 -0.0890416 
qwerty 188 182 0 3.54764 -0.29487 -1.71324 8.525 -0.0446146 -0.00900702 -0.0890416 
qwerty 188 182 0 3.54764 -0.633081 -1.78152 7.85 -0.0446146 -0.00900702 -0.0890416 
qwerty 188 182 0 3.54764 -0.971291 -1.8498 7.175 -0.0446146 -0.00900702 -0.0890416 
qwerty 188 182 0 3.54764 -1.3095 -1.91808 6.5 -0.0446146 -0.00900702 -0.0890416 
qwerty 188 182 0 3.54764 -1.64771 -1.98636 5.825 -0.0446146 -0.00900702 -0.0890416 
qwerty 188 182 0 3.54764 -1.98592 -2.05464 5.15 -0.0446146 -0.00900702 -0.0890416 
qwerty 188 182 0 3.54764 -2.32413 -2.12292 4.475 -0.0446146 -0.00900702 -0.0890416 
qwerty 188 182 0 3.54764 -2.66234 -2.1912 3.8 -0.0446146 -0.00900702 -0.0890416 
qwerty 188 182 0 3.54764 -3.00055 -2.25948 3.125 -0.0446146 -0.00900702 -0.0890416 
qwerty 188 182 0 3.54764 -3.33876 -2.32776 2.45 -0.0446146 -0.00900702 -0.0890416 
qwerty 188 182 0 1.0055 -3.61848 -3.34061 1.775 -0.0214376 -0.0824779 -0.0523242 
qwerty 188 182 0 0.869816 -3.56519 -3.75 1.44452 0.0160759 -0.0754255 -0.0636597 
qwerty 188 182 0 0.869816 -3.47819 -4.1582 1.1 0.0160759 -0.0754255 -0.0636597 
qwerty 188 182 0 0.869816 -3.30773 -4.95795 0.425 0.0160759 -0.0754255 -0.0636597 
qwerty 186 182 0 2.81453 0.336662 -1.8953 9.7 -0.0362085 -0.00231207 0.0931858 
qwerty 153 148 0 8.33881 0.535906 -1.86392 9.025 -0.0117739 -0.00939811 0.0988587 
qwerty 153 148 0 8.33881 0.455515 -1.92808 9.7 -0.0117739 -0.00939811 0.0988587 
qwerty 153 148 0 8.33881 0.375124 -1.99225 10.375 -0.0117739 -0.00939811 0.0988587 
qwerty 153 148 0 8.33881 0.294733 -2.05642 11.05 -0.0117739 -0.00939811 0.0988587 
qwerty 153 148 0 8.33881 0.214342 -2.12059 11.725 -0.0117739 -0.00939811 0.0988587 
qwerty 153 148 0 8.33881 0.133951 -2.18476 12.4 -0.0117739 -0.00939811 0.0988587 
qwerty 153 148 0 8.33881 0.0535597 -2.24893 13.075 -0.0117739 -0.00939811 0.0988587 
qwerty 153 148 0 8.33881 -0.0268314 -2.3131 13.75 -0.0117739 -0.00939811 0.0988587 
qwerty 153 148 0 8.33881 -0.107223 -2.37727 14.425 -0.0117739 -0.00939811 0.0988587 
qwerty 153 148 0 8.33881 -0.187614 -2.44144 15.1 -0.0117739 -0.00939811 0.0988587 
qwerty 153 148 0 2.10579 -0.218451 -2.46606 15.3589 -0.0364489 -0.057858 0.0729653 
qwerty 153 148 0 2.10579 -0.426296 -2.79598 15.775 -0.0364489 -0.057858 0.0729653 
qwerty 153 148 0 2.10579 -0.763484 -3.33123 16.45 -0.0364489 -0.057858 0.0729653 
qwerty 153 148 0 2.10579 -1.10067 -3.86647 17.125 -0.0364489 -0.057858 0.0729653 
qwerty 153 148 0 0.521367 -1.30826 -4.19599 17.5406 -0.00675255 0.0596938 0.0799441 
qwerty 153 148 0 0.521367 -1.33017 -4.00226 17.8 -0.00675255 0.0596938 0.0799441 
qwerty 153 148 0 0.521367 -1.38719 -3.49825 18.475 -0.00675255 0.0596938 0.0799441 
qwerty 153 148 0 0.521367 -1.4442 -2.99423 19.15 -0.00675255 0.0596938 0.0799441 
qwerty 153 148 0 0.521367 -1.50122 -2.49021 19.825 -0.00675255 0.0596938 0.0799441 
qwerty 153 148 0 0.521367 -1.55823 -1.98619 20.5 -0.00675255 0.0596938 0.0799441 
qwerty 153 148 0 0.521367 -1.61525 -1.48217 21.175 -0.00675255 0.0596938 0.0799441 
qwerty 153 148 0 0.521367 -1.64151 -1.25 21.4859 -0.00675255 0.0596938 0.0799441 
qwerty 153 148 0 0.521367 -1.67226 -0.978151 21.85 -0.00675255 0.0596938 0.0799441 
qwerty 153 148 0 0.521367 -1.72927 -0.474132 22.525 -0.00675255 0.0596938 0.0799441 
qwerty 153 148 0 0.521367 -1.78629 0.0298872 23.2 -0.00675255 0.0596938 0.0799441 
qwerty 153 148 0 0.521367 -1.8433 0.533906 23.875 -0.00675255 0.0596938 0.0799441 
qwerty 153 148 0 0.521367 -1.90032 1.03793 24.55 -0.00675255 0.0596938 0.0799441 
qwerty 153 148 0 0.49794 -1.95164 1.49163 25.1576 -0.0173822 0.0788867 0.0589469 
qwerty 153 148 0 0.49794 -1.97151 1.5818 25.225 -0.0173822 0.0788867 0.0589469 
qwerty 153 148 0 0.49794 -2.17055 2.48513 25.9 -0.0173822 0.0788867 0.0589469 
qwerty 153 148 0 0.49794 -2.3696 3.38846 26.575 -0.0173822 0.0788867 0.0589469 
qwerty 197 153 0.0234268 0 -1.95144 1.49131 25.1581 0.0328107 -0.0521323 0.0787761 
qwerty 196 153 0.52284 1.06158 -1.3635 -4.35438 17.7795 -0.0430515 -0.0298771 0.08517 
qwerty 196 153 0.0396308 1.02195 -1.37386 -4.36157 17.8 -0.0435811 -0.00709056 0.0897241 
qwerty 196 153 0 0.579827 -1.38486 -4.35892 17.8 -0.0953626 0.0262783 0.0146772 
qwerty 196 153 0.0588249 0.489309 -1.38735 -4.33629 17.7906 -0.019227 0.0836964 -0.0512371 
qwerty 196 153 0.0367187 0.45259 -1.39389 -4.32156 17.7788 0.00663116 0.0840375 -0.0537934 
qwerty 196 153 0.0458218 0.406768 -1.397 -4.30727 17.7651 -0.0642186 0.0766548 0.000139774 
qwerty 196 153 0.0366158 0.370152 -1.40938 -4.28848 17.759 -0.0434935 0.0854838 -0.0282992 
qwerty 196 153 0.0414485 0.328704 -1.42099 -4.27215 17.7565 -0.0770422 0.0637304 0.00171258 
qwerty 196 153 0.0645734 0.264131 -1.44006 -4.25518 17.745 -0.08361 0.0410101 -0.0364354 
qwerty 196 153 0.118972 0.145158 -1.473 -4.25853 17.7408 -0.0771591 -0.0264233 -0.0578643 
qwerty 196 153 0.145158 0 -1.4847 -4.26254 17.732 -0.0771591 -0.0264233 -0.0578643 
qwerty 195 153 0.301031 5.58099 -0.228931 -2.43344 15.5458 -0.00047663 0.00446549 0.0998991 
qwerty 195 153 0.362999 5.21799 -0.230024 -2.4232 15.775 -0.00793666 -0.0157971 0.0984249 
qwerty 199 195 0.331783 0.0192185 -0.274525 -2.46325 15.5759 -0.0893105 -0.0188349 0.0408521 
qwerty 199 195 0.0192185 0 -0.274915 -2.46333 15.5761 -0.0893105 -0.0188349 0.0408521 
qwerty 201 195 0 0.663523 -2.24356 -1.25 16.2584 -0.0834933 0.0516047 0.0191265 
qwerty 201 195 0 0.663523 -3.0799 -0.733088 16.45 -0.0834933 0.0516047 0.0191265 
qwerty 201 195 0 0.663523 -6.02649 1.08811 17.125 -0.0834933 0.0516047 0.0191265 
qwerty 201 195 0 0.518201 -6.78011 2.58571 16.625 -0.0301317 0.0873811 -0.0381658 
qwerty 151 148 0 0.51047 0.628396 -1.91278 9.025 0.00547057 -0.0177128 0.0982666 
qwerty 150 148 0 0.752089 0.618313 -1.9059 9.025 0.00377426 -0.0166185 0.0985372 
qwerty 150 148 0 0.752089 0.644168 -2.01974 9.7 0.00377426 -0.0166185 0.0985372 
qwerty 150 148 0 0.752089 0.670022 -2.13358 10.375 0.00377426 -0.0166185 0.0985372 
qwerty 150 148 0 0.286358 0.68171 -2.18504 10.6801 0.09897 0.00372672 -0.0138221 
qwerty 150 148 0 0.286358 1.61358 -2.14996 10.55 0.09897 0.00372672 -0.0138221 
qwerty 207 150 0.130304 0.335427 0.673855 -2.16829 10.7372 0.0791149 0.00226988 0.0611202 
qwerty 207 150 0.335427 0 0.719788 -2.16697 10.7727 0.0791149 0.00226988 0.0611202 
qwerty 61 25 0 0.29557 0.495099 -1.58095 7 0.00455717 -0.0149365 0.0987731 
qwerty 61 25 0 0.29557 0.526242 -1.68303 7.675 0.00455717 -0.0149365 0.0987731 
qwerty 61 25 0 0.295274 0.584583 -1.80241 8.35 0.00951526 -0.0179871 0.0979077 
qwerty 61 25 0 0.295274 0.650183 -1.92642 9.025 0.00951526 -0.0179871 0.0979077 
qwerty 60 5 0 0.510999 -0.479576 4.49804 6.325 0.00297647 -0.0714913 0.069858 
qwerty 60 5 0 0.25051 -0.457648 3.97135 6.83965 0.0872242 -0.0291622 -0.0392621 
qwerty 60 5 0 0.25051 0.204422 3.75 6.54163 0.0872242 -0.0291622 -0.0392621 
qwerty 60 5 0 0.25051 0.296911 3.71908 6.5 0.0872242 -0.0291622 -0.0392621 
qwerty 212 60 0.260489 0 -0.471441 3.95152 6.87054 -0.0351729 -0.0505658 0.078778 
qwerty 59 5 0 0.510999 -0.50088 5.00973 5.825 -0.00297647 0.0714913 -0.069858 
qwerty 59 5 0 0.510999 -0.52964 5.70051 5.15 -0.00297647 0.0714913 -0.069858 
qwerty 59 5 0 0.510999 -0.5584 6.39129 4.475 -0.00297647 0.0714913 -0.069858 
qwerty 59 5 0 0.510999 -0.58716 7.08207 3.8 -0.00297647 0.0714913 -0.069858 
qwerty 53 5 0 1.96014 -1.25 5.23947 5.84575 0.0763332 0.0517909 0.0386127 
qwerty 53 5 0 1.96014 -0.302574 5.88228 6.325 0.0763332 0.0517909 0.0386127 
qwerty 53 5 0 1.96014 0.239392 6.25 6.59915 0.0763332 0.0517909 0.0386127 
qwerty 53 5 0 1.96014 1.03183 6.78766 7 0.0763332 0.0517909 0.0386127 
qwerty 53 5 0 1.96014 2.36623 7.69303 7.675 0.0763332 0.0517909 0.0386127 
qwerty 53 5 0 1.96014 3.70063 8.5984 8.35 0.0763332 0.0517909 0.0386127 
qwerty 53 5 0 1.96014 5.03504 9.50377 9.025 0.0763332 0.0517909 0.0386127 
qwerty 53 5 0 1.96014 6.36944 10.4091 9.7 0.0763332 0.0517909 0.0386127 
qwerty 53 5 0 1.96014 7.70384 11.3145 10.375 0.0763332 0.0517909 0.0386127 
qwerty 53 5 0 1.96014 9.03825 12.2199 11.05 0.0763332 0.0517909 0.0386127 
qwerty 53 5 0 1.76645 10.5673 13.723 11.725 0.0655993 0.0701897 0.0277512 
qwerty 53 5 0 1.76645 12.1629 15.4303 12.4 0.0655993 0.0701897 0.0277512 
qwerty 53 5 0 0.820822 13.2998 15.6348 13.075 0.0841441 -0.00492576 0.05381 
qwerty 53 5 0 0.820822 14.3553 15.573 13.75 0.0841441 -0.00492576 0.05381 
qwerty 53 5 0 0.820822 15.4108 15.5112 14.425 0.0841441 -0.00492576 0.05381 
qwerty 52 5 0 1.18586 -1.25 5.42164 6.20567 0.0388975 0.0571549 0.0722517 
qwerty 52 5 0 1.18586 -1.18575 5.51604 6.325 0.0388975 0.0571549 0.0722517 
qwerty 52 5 0 1.18586 -0.822361 6.05 7 0.0388975 0.0571549 0.0722517 
qwerty 52 5 0 1.18586 -0.458967 6.58396 7.675 0.0388975 0.0571549 0.0722517 
qwerty 52 5 0 1.18586 -0.0955737 7.11792 8.35 0.0388975 0.0571549 0.0722517 
qwerty 52 5 0 1.18586 0.26782 7.65188 9.025 0.0388975 0.0571549 0.0722517 
qwerty 52 5 0 1.18586 0.631214 8.18584 9.7 0.0388975 0.0571549 0.0722517 
qwerty 52 5 0 1.18586 0.994607 8.7198 10.375 0.0388975 0.0571549 0.0722517 
qwerty 52 5 0 1.18586 1.358 9.25376 11.05 0.0388975 0.0571549 0.0722517 
qwerty 52 5 0 1.18586 1.72139 9.78773 11.725 0.0388975 0.0571549 0.0722517 
qwerty 52 5 0 1.18586 2.08479 10.3217 12.4 0.0388975 0.0571549 0.0722517 
qwerty 52 5 0 1.18586 2.44818 10.8556 13.075 0.0388975 0.0571549 0.0722517 
qwerty 51 5 0 10.2637 -1.53549 5.58001 6.325 -0.00184428 0.0670426 0.0741747 
qwerty 51 5 0 10.2637 -1.55227 6.1901 7 -0.00184428 0.0670426 0.0741747 
qwerty 229 226 0 1.39417 -1.66307 6.25864 7.675 -0.012061 -0.00558151 0.099113 
qwerty 229 226 0 0.392297 1.45479 7.01162 8.35 0.0953596 0.0230637 0.0193547 
qwerty 229 226 0 0.353348 4.51412 6.65435 7.85 0.0971306 -0.0143611 -0.0189578 
qwerty 228 226 0 0.532473 -1.68713 6.45087 7.19283 0.0489955 0.0809173 0.0324319 
qwerty 228 226 0 0.532473 -1.25 7.1728 7.48218 0.0489955 0.0809173 0.0324319 
qwerty 228 226 0 0.532473 -0.958703 7.65388 7.675 0.0489955 0.0809173 0.0324319 
qwerty 228 226 0 0.532473 -0.295004 8.75 8.11433 0.0489955 0.0809173 0.0324319 
qwerty 228 226 0 0.532473 0.0610318 9.338 8.35 0.0489955 0.0809173 0.0324319 
qwerty 228 226 0 0.532473 1.08077 11.0221 9.025 0.0489955 0.0809173 0.0324319 
qwerty 234 228 0.0433396 0.599758 -1.71144 6.46128 7.20938 -0.0536438 0.0563118 0.0628595 
qwerty 234 228 0.043717 0.556041 -1.72011 6.48066 7.23052 -0.0567204 0.0372427 0.0734559 
qwerty 234 228 0.051907 0.504134 -1.73218 6.50009 7.2518 -0.0579633 0.0503234 0.0640922 
qwerty 234 228 0.0923503 0.411783 -1.76065 6.50916 7.28281 -0.0937068 0.00308724 0.0347779 
qwerty 234 228 0.112829 0.298955 -1.80272 6.53198 7.29867 -0.0849375 0.0513789 0.0120762 
qwerty 234 228 0.298955 0 -1.84402 6.55697 7.30454 -0.0849375 0.0513789 0.0120762 
qwerty 50 5 0 0.370993 -1.57023 5.54617 6.325 -0.00607588 0.064674 0.0760287 
qwerty 50 5 0 0.370993 -1.62418 6.12036 7 -0.00607588 0.064674 0.0760287 
qwerty 50 5 0 0.370993 -1.67812 6.69455 7.675 -0.00607588 0.064674 0.0760287 
qwerty 50 5 0 0.370993 -1.73206 7.26874 8.35 -0.00607588 0.064674 0.0760287 
qwerty 49 5 0 16.1431 -1.4944 4.98477 5.65 -0.01064 0.0660178 0.0743535 
qwerty 49 5 0 16.1431 -1.591 5.58409 6.325 -0.01064 0.0660178 0.0743535 
qwerty 237 49 0.07044 3.52778 -1.58782 5.7754 6.53622 0.0419976 0.0598496 0.0682219 
qwerty 237 49 0.852741 2.67504 -1.34526 6.01251 6.92439 0.0251269 0.0291071 0.0923115 
qwerty 237 49 0.125484 2.54955 -1.32467 6.03635 7 0.0490535 0.0319674 0.0810669 
qwerty 237 49 0.594812 1.81377 -1.461 6.24226 6.71582 -0.0659936 0.0105116 -0.0743932 
qwerty 237 49 0.136045 1.67773 -1.5096 6.25 6.66103 -0.0588057 0.00624398 -0.0806406 
qwerty 237 49 0.442752 1.23498 -1.62703 6.26247 6.5 -0.00763195 0.0456769 -0.0886305 
qwerty 239 237 0.0461068 0.587303 -1.59135 5.76722 6.55842 0.020532 -0.0528395 0.0823798 
qwerty 239 237 0.0543397 0.532964 -1.58594 5.75699 6.59051 0.0759203 0.0634946 -0.0143017 
qwerty 239 237 0.101331 0.431633 -1.55745 5.80074 6.57388 0.0704108 0.0677557 -0.0212479 
qwerty 239 237 0.0737401 0.357893 -1.53548 5.83565 6.56581 0.00465993 0.082545 -0.0562548 
qwerty 239 237 0.121345 0.236547 -1.54678 5.87257 6.54863 -0.0422499 0.0900387 0.0103915 
qwerty 239 237 0.105997 0.130551 -1.55281 5.89253 6.55615 0.00682897 0.0094168 0.0993211 
qwerty 239 237 0.130551 0 -1.55194 5.89373 6.56876 0.00682897 0.0094168 0.0993211 
qwerty 48 5 0 1.81157 -1.46057 4.98251 5.65 -0.00573003 0.0661423 0.0747821 
qwerty 48 5 0 1.81157 -1.51229 5.57952 6.325 -0.00573003 0.0661423 0.0747821 
qwerty 48 5 0 0.760081 -1.14263 6.25 6.505 0.0538121 0.0834487 0.0118566 
qwerty 48 5 0 0.298952 -1.13035 6.26905 6.50771 0.0669302 -0.0385717 -0.0635025 
qwerty 48 5 0 0.298952 -1.12222 6.26437 6.5 0.0669302 -0.0385717 -0.0635025 
qwerty 48 5 0 0.298952 -0.41079 5.85437 5.825 0.0669302 -0.0385717 -0.0635025 
qwerty 48 5 0 0.161534 -0.140073 6.85318 6.325 0.019985 0.08682 0.045419 
qwerty 241 48 0.0272532 0.433875 -1.12914 6.28073 6.51081 0.0406383 0.0814852 0.0413364 
qwerty 241 48 0.0270617 0.406814 -1.12627 6.28881 6.51667 0.05246 0.0809878 0.0262475 
qwerty 241 48 0.0251659 0.381648 -1.12091 6.29639 6.52124 0.0380145 0.078251 0.0493121 
qwerty 241 48 0.0318724 0.349775 -1.11374 6.30559 6.52913 0.0131977 0.0893449 0.0429338 
qwerty 241 48 0.0398782 0.309897 -1.11191 6.32162 6.53261 0.0340016 0.0940413 -0.000360674 
qwerty 241 48 0.0383908 0.271506 -1.11177 6.34101 6.53571 -0.0539002 0.054045 -0.0646058 
qwerty 241 48 0.0424253 0.229081 -1.12182 6.35747 6.52914 -0.0728961 0.0654593 -0.0200308 
qwerty 241 48 0.0360391 0.193042 -1.13371 6.367 6.53182 -0.0728391 0.0490172 -0.0478725 
qwerty 241 48 0.0937955 0.0992465 -1.14725 6.38363 6.53268 -0.0746984 0.047302 -0.046719 
qwerty 241 48 0.0992465 0 -1.1532 6.3874 6.52895 -0.0746984 0.047302 -0.046719 
qwerty 47 19 0 0.510999 -2.58437 9.04288 10.375 -0.0133905 0.0563588 0.0815131 
qwerty 47 19 0 0.510999 -2.69526 9.50958 11.05 -0.0133905 0.0563588 0.0815131 
qwerty 47 19 0 0.510999 -2.80614 9.97628 11.725 -0.0133905 0.0563588 0.0815131 
qwerty 47 19 0 0.510999 -2.91703 10.443 12.4 -0.0133905 0.0563588 0.0815131 
qwerty 47 19 0 0.510999 -3.02791 10.9097 13.075 -0.0133905 0.0563588 0.0815131 
qwerty 47 19 0 0.510999 -3.10877 11.25 13.5672 -0.0133905 0.0563588 0.0815131 
qwerty 47 19 0 0.510999 -3.1388 11.3764 13.75 -0.0133905 0.0563588 0.0815131 
qwerty 47 19 0 0.474128 -3.26799 12.3154 14.425 -0.0105931 0.0838795 0.0534043 
qwerty 46 19 0 0.510999 -2.39135 8.23047 9.2 0.0133905 -0.0563588 -0.0815131 
qwerty 46 19 0 0.510999 -2.28046 7.76377 8.525 0.0133905 -0.0563588 -0.0815131 
qwerty 40 19 0 17.9506 -2.21154 8.46272 9.7 0.0040359 0.0626945 0.0778017 
qwerty 40 19 0 17.9506 -2.17653 9.00665 10.375 0.0040359 0.0626945 0.0778017 
qwerty 40 19 0 17.9506 -2.14151 9.55058 11.05 0.0040359 0.0626945 0.0778017 
qwerty 40 19 0 17.9506 -2.1065 10.0945 11.725 0.0040359 0.0626945 0.0778017 
qwerty 252 40 0.898008 3.18434 -2.14091 10.5713 12.3725 0.0306934 0.0429538 0.0849287 
qwerty 252 40 0.0494698 3.13487 -2.13097 10.5852 12.4 0.0398258 0.0467983 0.0788913 
qwerty 252 40 0 0.990803 -2.13064 10.5721 12.4 -0.00515388 0.0333729 0.0941259 
qwerty 39 26 0 0.510999 1.25 -1.40041 7.54595 0.0769415 0.0307015 -0.0560127 
qwerty 39 26 0 0.510999 1.75956 -1.19709 7.175 0.0769415 0.0307015 -0.0560127 
qwerty 39 26 0 0.510999 2.68677 -0.827109 6.5 0.0769415 0.0307015 -0.0560127 
qwerty 38 26 0 0.510999 0.145523 -1.84113 8.35 -0.0769415 -0.0307015 0.0560127 
qwerty 38 26 0 0.510999 -0.781688 -2.21111 9.025 -0.0769415 -0.0307015 0.0560127 
qwerty 38 26 0 0.510999 -1.7089 -2.58108 9.7 -0.0769415 -0.0307015 0.0560127 
qwerty 36 26 0 1.25648 1.13525 -1.73492 8.33716 0.0396757 0.0246414 0.0884231 
qwerty 36 26 0 1.25648 1.14101 -1.73134 8.35 0.0396757 0.0246414 0.0884231 
qwerty 36 26 0 0.303221 1.95927 -2.72662 7.85 0.0582403 -0.0721027 -0.0375403 
qwerty 260 36 0.0493847 0.0887393 1.1423 -1.73809 8.33928 0.0124583 0.00693835 0.098978 
qwerty 260 36 0.0369203 0.051819 1.14489 -1.74053 8.34455 0.00937027 -0.0648778 0.0755186 
qwerty 260 36 0.051819 0 1.14513 -1.74219 8.34649 0.00937027 -0.0648778 0.0755186 
qwerty 35 26 0 5.64293 0.843372 -1.63895 7.675 0.0470815 0.00800696 0.0878591 
qwerty 35 26 0 5.64293 1.20509 -1.57744 8.35 0.0470815 0.00800696 0.0878591 
qwerty 35 26 0 5.64293 1.5668 -1.51592 9.025 0.0470815 0.00800696 0.0878591 
qwerty 35 26 0 5.64293 1.92852 -1.4544 9.7 0.0470815 0.00800696 0.0878591 
qwerty 35 26 0 5.64293 2.29024 -1.39289 10.375 0.0470815 0.00800696 0.0878591 
qwerty 35 26 0 5.64293 2.65195 -1.33137 11.05 0.0470815 0.00800696 0.0878591 
qwerty 35 26 0 5.64293 3.01367 -1.26986 11.725 0.0470815 0.00800696 0.0878591 
qwerty 35 26 0 5.64293 3.13044 -1.25 11.9429 0.0470815 0.00800696 0.0878591 
qwerty 35 26 0 5.64293 3.37538 -1.20834 12.4 0.0470815 0.00800696 0.0878591 
qwerty 35 26 0 0.44164 3.49709 -1.18765 12.6271 -0.0886477 -0.0199537 0.0417544 
qwerty 35 26 0 0.44164 2.54618 -1.40168 13.075 -0.0886477 -0.0199537 0.0417544 
qwerty 264 35 0.723587 4.4777 3.75 -1.14285 13.0232 0.0536567 -0.0578585 0.0614276 
qwerty 264 35 0.11485 4.36285 3.79529 -1.19168 13.075 0.0609822 -0.0489449 0.0623343 
qwerty 264 35 0.407997 1.09606 4.07034 -1.12758 13.0166 0.0242501 0.0863402 -0.0442413 
qwerty 264 35 0.441813 0.654243 4.23883 -0.988669 12.9165 0.0429456 0.0741914 -0.0514909 
qwerty 264 35 0.342151 0.312092 4.35661 -0.882689 12.9082 0.02793 0.0842894 0.0459915 
qwerty 264 35 0.312092 0 4.37113 -0.838881 12.9321 0.02793 0.0842894 0.0459915 
qwerty 266 264 0 1.27072 4.59554 -1.7218 13.75 0.0682071 -0.0451261 0.0575451 
qwerty 34 26 0 12.7487 0.588963 -1.93866 7.675 0.0024591 -0.0426217 0.0904287 
qwerty 34 26 0 12.7487 0.607319 -2.2568 8.35 0.0024591 -0.0426217 0.0904287 
qwerty 34 26 0 12.7487 0.625674 -2.57495 9.025 0.0024591 -0.0426217 0.0904287 
qwerty 34 26 0 12.7487 0.64403 -2.8931 9.7 0.0024591 -0.0426217 0.0904287 
qwerty 34 26 0 12.7487 0.662386 -3.21125 10.375 0.0024591 -0.0426217 0.0904287 
qwerty 34 26 0 12.7487 0.680742 -3.52939 11.05 0.0024591 -0.0426217 0.0904287 
qwerty 34 26 0 12.7487 0.699098 -3.84754 11.725 0.0024591 -0.0426217 0.0904287 
qwerty 34 26 0 12.7487 0.717454 -4.16569 12.4 0.0024591 -0.0426217 0.0904287 
qwerty 34 26 0 12.7487 0.735809 -4.48384 13.075 0.0024591 -0.0426217 0.0904287 
qwerty 34 26 0 12.7487 0.754165 -4.80198 13.75 0.0024591 -0.0426217 0.0904287 
qwerty 34 26 0 12.7487 0.772521 -5.12013 14.425 0.0024591 -0.0426217 0.0904287 
qwerty 34 26 0 12.7487 0.790877 -5.43828 15.1 0.0024591 -0.0426217 0.0904287 
qwerty 34 26 0 12.7487 0.809233 -5.75643 15.775 0.0024591 -0.0426217 0.0904287 
qwerty 34 26 0 12.7487 0.827589 -6.07457 16.45 0.0024591 -0.0426217 0.0904287 
qwerty 34 26 0 12.7487 0.845944 -6.39272 17.125 0.0024591 -0.0426217 0.0904287 
qwerty 34 26 0 12.7487 0.8643 -6.71087 17.8 0.0024591 -0.0426217 0.0904287 
qwerty 34 26 0 12.7487 0.882656 -7.02902 18.475 0.0024591 -0.0426217 0.0904287 
qwerty 34 26 0 12.7487 0.901012 -7.34716 19.15 0.0024591 -0.0426217 0.0904287 
qwerty 34 26 0 12.7487 0.919368 -7.66531 19.825 0.0024591 -0.0426217 0.0904287 
qwerty 34 26 0 12.7487 0.937724 -7.98346 20.5 0.0024591 -0.0426217 0.0904287 
qwerty 34 26 0 12.7487 0.956079 -8.3016 21.175 0.0024591 -0.0426217 0.0904287 
qwerty 34 26 0 12.7487 0.974435 -8.61975 21.85 0.0024591 -0.0426217 0.0904287 
qwerty 34 26 0 12.7487 0.992791 -8.9379 22.525 0.0024591 -0.0426217 0.0904287 
qwerty 34 26 0 12.7487 1.01115 -9.25605 23.2 0.0024591 -0.0426217 0.0904287 
qwerty 274 34 0 0.252804 0.54936 -9.34616 23.875 -0.0678435 -0.00145052 0.0734518 
qwerty 273 34 0 0.337001 -0.547441 -12.6803 23.875 -0.041956 -0.0897552 0.0135531 
qwerty 273 34 0 0.288789 -1.12703 -13.3582 23.375 -0.0567288 -0.0644363 -0.0512817 
qwerty 272 34 0 2.0597 1.25 -9.20217 23.6792 0.0570774 0.0326583 0.0753366 
qwerty 272 34 0 2.0597 1.39835 -9.11729 23.875 0.0570774 0.0326583 0.0753366 
qwerty 272 34 0 2.0597 1.90975 -8.82468 24.55 0.0570774 0.0326583 0.0753366 
qwerty 272 34 0 1.47918 2.05 -8.64364 25.225 0.018336 0.0250678 0.0950547 
qwerty 272 34 0 1.47918 2.18021 -8.46563 25.9 0.018336 0.0250678 0.0950547 
qwerty 272 34 0 1.47918 2.31042 -8.28762 26.575 0.018336 0.0250678 0.0950547 
qwerty 272 34 0 1.47918 2.44062 -8.10961 27.25 0.018336 0.0250678 0.0950547 
qwerty 272 34 0 1.43444 2.56005 -7.94634 27.8691 0.0249706 0.0369321 0.0895125 
qwerty 272 34 0 1.43444 2.57564 -7.92328 27.925 0.0249706 0.0369321 0.0895125 
qwerty 272 34 0 1.43444 2.76394 -7.64478 28.6 0.0249706 0.0369321 0.0895125 
qwerty 272 34 0 1.43444 2.95224 -7.36628 29.275 0.0249706 0.0369321 0.0895125 
qwerty 272 34 0 1.43444 3.14054 -7.08778 29.95 0.0249706 0.0369321 0.0895125 
qwerty 272 34 0 1.16826 3.2557 -6.91746 30.3628 0.0136045 0.0702283 0.0698778 
qwerty 272 34 0 1.16826 3.30675 -6.65395 30.625 0.0136045 0.0702283 0.0698778 
qwerty 272 34 0 1.16826 3.385 -6.25 31.0269 0.0136045 0.0702283 0.0698778 
qwerty 272 34 0 1.16826 3.43816 -5.97557 31.3 0.0136045 0.0702283 0.0698778 
qwerty 272 34 0 1.16826 3.56958 -5.29718 31.975 0.0136045 0.0702283 0.0698778 
qwerty 272 34 0 0.140622 3.20504 -5.27931 31.6765 0.0895055 0.044481 -0.00319562 
qwerty 272 34 0 0.110266 3.47838 -5.14347 31.6668 -0.0419305 0.0813981 -0.0402018 
qwerty 272 34 0 0.110266 3.27838 -4.75522 31.475 -0.0419305 0.0813981 -0.0402018 
qwerty 286 272 0.030356 0 3.47933 -5.14363 31.667 0.0962891 -0.0152207 0.0222877 
qwerty 285 272 0.11782 0 3.19561 -5.28099 31.6718 -0.0883684 -0.0157247 -0.0440882 
qwerty 283 272 0.266185 0 3.26951 -6.9376 30.3952 0.0340273 -0.0496399 0.0798625 
qwerty 282 272 0.0447398 0 2.55926 -7.94778 27.8702 -0.0398087 -0.0727683 0.0558574 
qwerty 271 34 0 10.0693 1.94305 -9.01924 22.7 0.0781117 0.0266992 -0.0564421 
qwerty 271 34 0 10.0693 2.8772 -8.69994 22.025 0.0781117 0.0266992 -0.0564421 
qwerty 271 34 0 10.0693 3.81135 -8.38064 21.35 0.0781117 0.0266992 -0.0564421 
qwerty 271 34 0 10.0693 4.7455 -8.06134 20.675 0.0781117 0.0266992 -0.0564421 
qwerty 271 34 0 10.0693 5.67965 -7.74204 20 0.0781117 0.0266992 -0.0564421 
qwerty 271 34 0 10.0693 6.25 -7.54709 19.5879 0.0781117 0.0266992 -0.0564421 
qwerty 271 34 0 10.0693 6.6138 -7.42274 19.325 0.0781117 0.0266992 -0.0564421 
qwerty 271 34 0 3.71723 7.13776 -7.24364 18.9464 0.0462024 0.0434458 -0.0773162 
qwerty 271 34 0 3.71723 7.31488 -7.07709 18.65 0.0462024 0.0434458 -0.0773162 
qwerty 271 34 0 3.71723 7.71824 -6.69779 17.975 0.0462024 0.0434458 -0.0773162 
qwerty 288 271 0.992351 4.70362 7.72742 -7.16763 18.6713 0.0902591 -0.0191389 -0.0385617 
qwerty 288 271 0.113474 4.59015 7.77731 -7.17821 18.65 0.0938107 -0.0117909 -0.0325656 
qwerty 288 271 0.901423 1.77828 7.48488 -7.26963 18.7072 -0.0993408 0.00652807 -0.00942283 
qwerty 288 271 0.45104 1.32724 7.19166 -7.22475 18.6933 -0.062453 0.000610224 0.0780977 
qwerty 288 271 0.195508 1.13173 7.12998 -7.24615 18.7855 -0.0716371 0.00576997 0.0695329 
qwerty 288 271 0.511776 0.619952 6.95703 -7.33256 18.9168 -0.0773646 -0.0213918 0.0596415 
qwerty 288 271 0.394907 0.225045 6.83886 -7.29783 18.9884 -0.03683 0.0641807 -0.0672636 
qwerty 288 271 0.225045 0 6.82741 -7.27787 18.9675 -0.03683 0.0641807 -0.0672636 
qwerty 290 288 0.0864198 0.569658 7.75163 -7.15411 18.6687 0.0788305 0.0446388 -0.0423454 
qwerty 290 288 0.0391937 0.530464 7.77516 -7.14709 18.6612 0.086998 0.0486249 0.00818339 
qwerty 290 288 0.0506146 0.479849 7.79937 -7.14001 18.6637 0.0781662 -0.000169675 -0.06237 
qwerty 290 288 0.0378398 0.44201 7.81649 -7.14005 18.65 0.0837042 0.0117818 -0.0534302 
qwerty 290 288 0.0147153 0.406952 7.8166 -7.14307 18.6591 -0.0227151 -0.0243118 0.0943025 
qwerty 290 288 0.0242686 0.382684 7.81323 -7.14935 18.6702 -0.0355045 -0.0418368 0.0836009 
qwerty 290 288 0.0310131 0.351671 7.81095 -7.15666 18.6805 0.0398006 -0.00144082 0.091727 
qwerty 290 288 0.0300312 0.321639 7.81801 -7.16064 18.6959 0.0654906 0.0140007 0.0742628 
qwerty 290 288 0.0734928 0.248147 7.83188 -7.15038 18.7092 0.0897152 0.0383264 0.0219607 
qwerty 290 288 0.203037 0.0451096 7.85294 -7.13653 18.7146 0.0799271 0.044235 0.0406807 
qwerty 290 288 0.0451096 0 7.85454 -7.13564 18.7154 0.0799271 0.044235 0.0406807 
qwerty 32 26 0 7.06462 0.607258 -1.62629 7 0.0195623 -0.0234091 0.095233 
qwerty 32 26 0 7.06462 0.745913 -1.79221 7.675 0.0195623 -0.0234091 0.095233 
qwerty 32 26 0 0.849326 0.80146 -1.85868 7.94541 0.0386063 0.0709644 0.0589373 
qwerty 32 26 0 0.849326 1.06648 -1.37153 8.35 0.0386063 0.0709644 0.0589373 
qwerty 32 26 0 0.849326 1.25 -1.0342 8.63016 0.0386063 0.0709644 0.0589373 
qwerty 32 26 0 0.849326 1.50863 -0.558786 9.025 0.0386063 0.0709644 0.0589373 
qwerty 32 26 0 0.849326 1.95079 0.253958 9.7 0.0386063 0.0709644 0.0589373 
qwerty 32 26 0 0.205303 2.3085 0.911484 10.2461 -0.0308351 -0.034706 -0.0885703 
qwerty 32 26 0 0.205303 2.17931 0.766074 9.875 -0.0308351 -0.034706 -0.0885703 
qwerty 293 32 0.155072 0.488951 2.31874 0.940386 10.315 0.0585773 0.0575929 0.0570242 
qwerty 293 32 0.0614161 0.427534 2.34895 0.955497 10.3317 0.0703598 -0.0137747 0.069712 
qwerty 293 32 0.0435508 0.383984 2.37273 0.958218 10.3462 0.0513053 0.049427 0.0701765 
qwerty 293 32 0.0474518 0.336532 2.39007 0.964018 10.3616 0.0481724 0.0682952 0.0549107 
qwerty 293 32 0.134645 0.201887 2.40186 0.980733 10.375 -0.062183 0.0603367 0.0499275 
qwerty 292 32 0.886558 5.32873 0.869946 -2.00529 8.35 0.0100882 -0.0273807 0.0956479 
qwerty 296 292 0 0.217538 0.893655 -1.65135 7.85 0.000724317 0.0522531 -0.0852589 
qwerty 296 292 0 0.17756 0.898311 -1.31545 7.30194 -0.0696721 -0.0208595 -0.0686344 
qwerty 296 292 0 0.17756 0.769453 -1.35403 7.175 -0.0696721 -0.0208595 -0.0686344 
qwerty 297 296 0.0399772 0 0.899295 -1.31427 7.30144 0.0608048 0.0731432 -0.0308683 
qwerty 31 26 0 0.765217 0.551373 -1.63771 7 0.00927108 -0.0240671 0.0966169 
qwerty 31 26 0 0.765217 0.616144 -1.80585 7.675 0.00927108 -0.0240671 0.0966169 
qwerty 31 26 0 0.765217 0.680915 -1.97399 8.35 0.00927108 -0.0240671 0.0966169 
qwerty 31 26 0 0.765217 0.745686 -2.14213 9.025 0.00927108 -0.0240671 0.0966169 
qwerty 31 26 0 0.765217 0.810458 -2.31027 9.7 0.00927108 -0.0240671 0.0966169 
qwerty 31 26 0 0.765217 0.875229 -2.47841 10.375 0.00927108 -0.0240671 0.0966169 
qwerty 31 26 0 0.765217 0.94 -2.64655 11.05 0.00927108 -0.0240671 0.0966169 
qwerty 31 26 0 0.765217 1.00477 -2.81469 11.725 0.00927108 -0.0240671 0.0966169 
qwerty 29 26 0 11.3991 0.558213 -1.60385 7 0.0103317 -0.01857 0.097716 
qwerty 29 26 0 11.3991 0.629583 -1.73213 7.675 0.0103317 -0.01857 0.097716 
qwerty 29 26 0 11.3991 0.700952 -1.86041 8.35 0.0103317 -0.01857 0.097716 
qwerty 29 26 0 11.3991 0.772321 -1.98868 9.025 0.0103317 -0.01857 0.097716 
qwerty 29 26 0 11.3991 0.84369 -2.11696 9.7 0.0103317 -0.01857 0.097716 
qwerty 29 26 0 11.3991 0.915059 -2.24524 10.375 0.0103317 -0.01857 0.097716 
qwerty 29 26 0 11.3991 0.986428 -2.37352 11.05 0.0103317 -0.01857 0.097716 
qwerty 29 26 0 11.3991 1.0578 -2.50179 11.725 0.0103317 -0.01857 0.097716 
qwerty 29 26 0 11.3991 1.12917 -2.63007 12.4 0.0103317 -0.01857 0.097716 
qwerty 29 26 0 11.3991 1.20054 -2.75835 13.075 0.0103317 -0.01857 0.097716 
qwerty 29 26 0 11.3991 1.2719 -2.88663 13.75 0.0103317 -0.01857 0.097716 
qwerty 29 26 0 11.3991 1.34327 -3.0149 14.425 0.0103317 -0.01857 0.097716 
qwerty 29 26 0 11.3991 1.41464 -3.14318 15.1 0.0103317 -0.01857 0.097716 
qwerty 29 26 0 11.3991 1.48601 -3.27146 15.775 0.0103317 -0.01857 0.097716 
qwerty 29 26 0 11.3991 1.55738 -3.39974 16.45 0.0103317 -0.01857 0.097716 
qwerty 29 26 0 11.3991 1.62875 -3.52802 17.125 0.0103317 -0.01857 0.097716 
qwerty 29 26 0 11.3991 1.70012 -3.65629 17.8 0.0103317 -0.01857 0.097716 
qwerty 29 26 0 11.3991 1.77149 -3.78457 18.475 0.0103317 -0.01857 0.097716 
qwerty 29 26 0 11.3991 1.84286 -3.91285 19.15 0.0103317 -0.01857 0.097716 
qwerty 29 26 0 11.3991 1.91423 -4.04113 19.825 0.0103317 -0.01857 0.097716 
qwerty 29 26 0 11.3991 1.9856 -4.1694 20.5 0.0103317 -0.01857 0.097716 
qwerty 29 26 0 11.3991 2.05696 -4.29768 21.175 0.0103317 -0.01857 0.097716 
qwerty 29 26 0 11.3991 2.12833 -4.42596 21.85 0.0103317 -0.01857 0.097716 
qwerty 29 26 0 11.3991 2.1997 -4.55424 22.525 0.0103317 -0.01857 0.097716 
qwerty 301 29 0.952715 5.25587 2.17097 -4.6407 23.2 -0.0513861 -0.0407736 0.0754784 
qwerty 303 301 0 0.549141 2.18295 -4.53421 22.9104 0.0570382 0.0671574 0.0472919 
qwerty 303 301 0 0.549141 2.53225 -4.12295 23.2 0.0570382 0.0671574 0.0472919 
qwerty 303 301 0 0.549141 3.34636 -3.16441 23.875 0.0570382 0.0671574 0.0472919 
qwerty 303 301 0 0.549141 4.16047 -2.20587 24.55 0.0570382 0.0671574 0.0472919 
qwerty 304 303 0.305448 0.28622 2.18345 -4.57621 23.0249 -0.0133815 -0.0873205 0.0468621 
qwerty 304 303 0.28622 0 2.17737 -4.6159 23.0462 -0.0133815 -0.0873205 0.0468621 
qwerty 28 26 0 1.49598 0.488022 -1.47505 6.325 0.0118732 -0.0188852 0.0974801 
qwerty 28 26 0 1.49598 0.570238 -1.60582 7 0.0118732 -0.0188852 0.0974801 
qwerty 28 26 0 1.49598 0.652454 -1.73659 7.675 0.0118732 -0.0188852 0.0974801 
qwerty 28 26 0 1.49598 0.73467 -1.86736 8.35 0.0118732 -0.0188852 0.0974801 
qwerty 28 26 0 1.49598 0.816886 -1.99813 9.025 0.0118732 -0.0188852 0.0974801 
qwerty 28 26 0 1.49598 0.899102 -2.1289 9.7 0.0118732 -0.0188852 0.0974801 
qwerty 28 26 0 1.49598 0.981318 -2.25967 10.375 0.0118732 -0.0188852 0.0974801 
qwerty 28 26 0 1.49598 1.06353 -2.39044 11.05 0.0118732 -0.0188852 0.0974801 
qwerty 28 26 0 1.49598 1.14575 -2.52121 11.725 0.0118732 -0.0188852 0.0974801 
qwerty 28 26 0 1.49598 1.22797 -2.65198 12.4 0.0118732 -0.0188852 0.0974801 
qwerty 28 26 0 1.49598 1.25 -2.68703 12.5809 0.0118732 -0.0188852 0.0974801 
qwerty 28 26 0 1.49598 1.31018 -2.78276 13.075 0.0118732 -0.0188852 0.0974801 
qwerty 28 26 0 1.49598 1.3924 -2.91353 13.75 0.0118732 -0.0188852 0.0974801 
qwerty 28 26 0 1.49598 1.47462 -3.0443 14.425 0.0118732 -0.0188852 0.0974801 
qwerty 28 26 0 1.49598 1.55683 -3.17507 15.1 0.0118732 -0.0188852 0.0974801 
qwerty 28 26 0 1.49598 1.63905 -3.30584 15.775 0.0118732 -0.0188852 0.0974801 
qwerty 28 26 0 1.49598 1.72126 -3.43661 16.45 0.0118732 -0.0188852 0.0974801 
qwerty 28 26 0 0.981105 1.74449 -3.47355 16.6407 0.064965 -0.0270811 0.0710364 
qwerty 28 26 0 0.971274 2.13289 -3.63546 17.0654 0.0722992 -0.0262694 0.0638963 
qwerty 28 26 0 0.971274 2.20036 -3.65997 17.125 0.0722992 -0.0262694 0.0638963 
qwerty 28 26 0 0.971274 2.44814 -3.75 17.344 0.0722992 -0.0262694 0.0638963 
qwerty 28 26 0 0.971274 2.96413 -3.93748 17.8 0.0722992 -0.0262694 0.0638963 
qwerty 28 26 0 0.516134 5.11887 -4.19235 17.3 0.095429 -0.00996215 -0.0281791 
qwerty 28 26 0 0.516134 6.25 -4.31043 16.966 0.095429 -0.00996215 -0.0281791 
qwerty 28 26 0 0.516134 7.40477 -4.43098 16.625 0.095429 -0.00996215 -0.0281791 
qwerty 307 28 0.00983053 0 2.13281 -3.63547 17.0655 -0.0643896 -0.0104716 0.0757913 
qwerty 306 28 0.067443 0.447431 1.73456 -3.47686 16.6537 -0.0328312 0.00945985 0.093982 
qwerty 306 28 0.0233567 0.424075 1.7306 -3.47897 16.6678 -0.0439816 -0.016571 0.0882668 
qwerty 306 28 0.0442062 0.379868 1.72185 -3.47803 16.6914 -0.0403234 -0.0334418 0.0851802 
qwerty 306 28 0.232741 0.147127 1.69659 -3.47764 16.7235 -0.0245915 0.0393173 0.0885969 
qwerty 306 28 0.147127 0 1.69278 -3.47154 16.7372 -0.0245915 0.0393173 0.0885969 
qwerty 27 26 0 8.65595 0.476716 -1.48161 6.325 0.00898983 -0.0204458 0.0974739 
qwerty 27 26 0 8.65595 0.53897 -1.6232 7 0.00898983 -0.0204458 0.0974739 
qwerty 27 26 0 8.65595 0.601224 -1.76479 7.675 0.00898983 -0.0204458 0.0974739 
qwerty 27 26 0 8.65595 0.663478 -1.90637 8.35 0.00898983 -0.0204458 0.0974739 
qwerty 27 26 0 8.65595 0.725732 -2.04796 9.025 0.00898983 -0.0204458 0.0974739 
qwerty 253 40 1.00184 10.7604 -2.09 10.6961 12.4 0.0102673 0.0592594 0.0798931 
qwerty 253 40 0.655891 3.13095 -1.82328 11.0909 12.3885 0.0809584 0.0570966 -0.0136281 
qwerty 253 40 0.575222 2.55573 -1.59764 11.25 12.3505 0.0751919 0.0615798 0.0235393 
qwerty 253 40 0.33307 2.22266 -1.43954 11.3795 12.4 0.0408214 0.0873527 0.0265165 
qwerty 238 49 0.409694 9.16145 -1.702 5.9742 6.68438 -0.0210983 0.0663536 0.0717779 
qwerty 238 49 0.69723 8.46422 -1.78969 6.25 6.98272 -0.0315334 0.0663064 0.0678904 
qwerty 238 49 0.0349446 8.42928 -1.79772 6.26687 7 -0.0297728 0.0673798 0.067628 
qwerty 327 238 0.28641 0.106068 -1.76318 6.01464 6.68014 -0.0265885 0.0895572 0.0356729 
qwerty 327 238 0.106068 0 -1.76556 6.02264 6.68333 -0.0265885 0.0895572 0.0356729 
qwerty 331 310 0 4.86105 3.75 -4.55004 8.81261 0.0770249 -0.0632485 -0.00817281 
qwerty 331 310 0 4.86105 6.25 -6.6029 8.54734 0.0770249 -0.0632485 -0.00817281 
qwerty 331 310 0 4.86105 6.46054 -6.77578 8.525 0.0770249 -0.0632485 -0.00817281 
qwerty 336 334 0 0.275428 6.29576 -7.38904 8.33494 0.0538398 -0.0831209 0.0138632 
qwerty 336 334 0 0.275428 6.35424 -7.47931 8.35 0.0538398 -0.0831209 0.0138632 
qwerty 337 336 0.0694856 0.700833 6.25947 -7.3813 8.32186 -0.0900979 0.0430398 -0.00547255 
qwerty 337 336 0.0585901 0.642243 6.22264 -7.3624 8.33149 -0.0845958 0.0532345 0.00310559 
qwerty 337 336 0.110133 0.532109 6.19547 -7.33449 8.33328 -0.0841811 0.0534014 0.00786366 
qwerty 337 336 0.110799 0.42131 6.16856 -7.31361 8.34874 -0.0606688 0.0739064 0.029277 
qwerty 337 336 0.00728204 0.414028 6.16595 -7.31044 8.35 -0.0412404 0.0730069 0.0544906 
qwerty 337 336 0 0.396165 6.16511 -7.30968 8.35 0.0707381 0.0619324 0.0340661 
qwerty 330 238 0 3.5804 -2.79275 3.75 6.88513 -0.0344387 -0.0937226 -0.00548179 
qwerty 330 238 0 3.5804 -3.71138 1.25 6.73891 -0.0344387 -0.0937226 -0.00548179 
qwerty 330 238 0 3.5804 -4.63001 -1.25 6.59268 -0.0344387 -0.0937226 -0.00548179 
qwerty 330 238 0 3.5804 -5.21229 -2.83462 6.5 -0.0344387 -0.0937226 -0.00548179 
qwerty 330 238 0 3.5804 -8.75 -12.4623 5.93688 -0.0344387 -0.0937226 -0.00548179 
qwerty 330 238 0 3.5804 -9.45289 -14.3752 5.825 -0.0344387 -0.0937226 -0.00548179 
qwerty 330 238 0 0.697459 -9.13591 -15.656 5.15 0.0528354 -0.0596326 -0.0604349 
qwerty 346 340 0 1.14396 -1.95661 6.09836 6.5 -0.0057289 -0.00298132 -0.0997912 
qwerty 346 340 0 1.14396 -1.99536 6.07819 5.825 -0.0057289 -0.00298132 -0.0997912 
qwerty 346 340 0 1.14396 -2.03411 6.05803 5.15 -0.0057289 -0.00298132 -0.0997912 
qwerty 346 340 0 1.14396 -2.07286 6.03786 4.475 -0.0057289 -0.00298132 -0.0997912 
qwerty 346 340 0 1.14396 -2.11161 6.01769 3.8 -0.0057289 -0.00298132 -0.0997912 
qwerty 346 340 0 1.14396 -2.15036 5.99753 3.125 -0.0057289 -0.00298132 -0.0997912 
qwerty 346 340 0 0.984874 -2.05227 6.16105 2.45 0.0168792 0.0271283 -0.0947583 
qwerty 346 340 0 0.984874 -1.93203 6.3543 1.775 0.0168792 0.0271283 -0.0947583 
qwerty 346 340 0 0.984874 -1.81179 6.54754 1.1 0.0168792 0.0271283 -0.0947583 
qwerty 346 340 0 0.637827 -1.25 6.61249 0.58403 0.0797757 0.00503479 -0.0600873 
qwerty 346 340 0 0.637827 -1.03886 6.62581 0.425 0.0797757 0.00503479 -0.0600873 
qwerty 346 340 0 0.565685 -0.583003 6.58644 -0.25 0.0467144 -0.00791663 -0.088063 
qwerty 329 238 0 1.04631 -1.71318 6.32461 6.5 0.016498 -0.0125372 -0.0978296 
qwerty 329 238 0 0.305026 -1.60897 6.24542 5.88207 -0.0943206 -0.032398 0.00734841 
qwerty 329 238 0 0.305026 -3.75 5.51 6.04887 -0.0943206 -0.032398 0.00734841 
qwerty 329 238 0 0.305026 -6.25 4.65128 6.24365 -0.0943206 -0.032398 0.00734841 
qwerty 329 238 0 0.305026 -7.2942 4.29261 6.325 -0.0943206 -0.032398 0.00734841 
qwerty 352 329 0.0549233 0.686359 -1.58822 6.24411 5.85276 0.0659872 0.0274299 -0.0699521 
qwerty 352 329 0.0860287 0.600331 -1.56203 6.25499 5.825 0.0786446 0.0324296 -0.0525675 
qwerty 325 253 0 0.492359 -1.67274 11.9613 12.0422 -0.010449 0.0716694 -0.0689515 
qwerty 325 253 0 0.492359 -1.69429 12.1091 11.9 -0.010449 0.0716694 -0.0689515 
qwerty 325 253 0 0.204408 -1.77814 12.6842 11.3467 0.087237 -0.0487875 0.00307925 
qwerty 325 253 0 0.204408 -1.25 12.3888 11.3653 0.087237 -0.0487875 0.00307925 
qwerty 325 253 0 0.204408 1.25 10.9907 11.4536 0.087237 -0.0487875 0.00307925 
qwerty 325 253 0 0.204408 3.75 9.59259 11.5418 0.087237 -0.0487875 0.00307925 
qwerty 325 253 0 0.204408 6.25 8.19446 11.6301 0.087237 -0.0487875 0.00307925 
qwerty 325 253 0 0.204408 8.75 6.79633 11.7183 0.087237 -0.0487875 0.00307925 
qwerty 325 253 0 0.204408 8.93981 6.69017 11.725 0.087237 -0.0487875 0.00307925 
qwerty 359 325 0.287951 0 -1.7953 12.718 11.3209 -0.0374109 0.0736926 -0.0563011 
qwerty 358 325 0.0186398 0 -1.67309 11.9614 12.0424 -0.0856432 0.0283291 0.0431591 
qwerty 324 253 0 0.573173 -1.2541 11.1952 13.075 0.0255646 -0.0316789 0.0913395 
qwerty 324 253 0 0.573173 -1.06517 10.9611 13.75 0.0255646 -0.0316789 0.0913395 
qwerty 324 253 0 0.573173 -0.87625 10.727 14.425 0.0255646 -0.0316789 0.0913395 
qwerty 323 253 0 0.3051 -1.67462 11.5273 13.075 -0.0339211 0.0174837 0.092432 
qwerty 323 253 0 0.3051 -1.92233 11.655 13.75 -0.0339211 0.0174837 0.092432 
qwerty 323 253 0 0.3051 -2.17005 11.7827 14.425 -0.0339211 0.0174837 0.092432 
qwerty 322 253 0 0.0145128 -1.40711 11.25 12.3578 0.0931841 0.0356321 -0.00686095 
qwerty 322 253 0.00029101 0 -1.19654 11.3305 12.3423 0.0931841 0.0356321 -0.00686095 
qwerty 363 322 0.0142218 0 -1.19633 11.3304 12.3423 0.0836726 -0.0546384 -0.00367807 
qwerty 321 253 0 0.42055 -1.47849 11.25 12.2895 0.0879615 0.0443227 -0.0172708 
qwerty 321 253 0 0.42055 0.505311 12.2496 11.9 0.0879615 0.0443227 -0.0172708 
qwerty 320 253 0 0.411773 -1.70738 11.235 11.9 0.0515621 0.0409772 -0.0752477 
qwerty 320 253 0 0.411773 -1.25 11.5985 11.2325 0.0515621 0.0409772 -0.0752477 
qwerty 320 253 0 0.411773 -1.24485 11.6026 11.225 0.0515621 0.0409772 -0.0752477 
qwerty 318 253 0 1.07769 -1.96595 11.25 12.3546 0.0342566 0.0881193 -0.0325803 
qwerty 318 253 0 1.07769 -1.488 12.4794 11.9 0.0342566 0.0881193 -0.0325803 
qwerty 318 253 0 0.533441 -1.25 12.8283 11.5491 0.0432827 0.00857811 -0.0897387 
qwerty 318 253 0 0.533441 -1.09366 12.8593 11.225 0.0432827 0.00857811 -0.0897387 
qwerty 318 253 0 0.533441 -0.768091 12.9238 10.55 0.0432827 0.00857811 -0.0897387 
qwerty 318 253 0 0.184049 -0.686179 13.0553 11.05 0.00841174 0.0214245 0.0973151 
qwerty 315 302 0 0.510999 2.16029 -4.96486 23.2 -0.012998 -0.0565238 0.0814624 
qwerty 314 302 0 0.510999 2.34777 -4.14957 22.025 0.012998 0.0565238 -0.0814624 
qwerty 314 302 0 0.510999 2.43966 -3.75 21.4491 0.012998 0.0565238 -0.0814624 
qwerty 314 302 0 0.510999 2.45548 -3.68121 21.35 0.012998 0.0565238 -0.0814624 
qwerty 312 302 0 0.145984 2.40324 -4.77269 23.2 0.0304152 -0.0317913 0.0898011 
qwerty 164 158 0.916724 3.03611 0.953439 -1.39633 10.2418 0.00453117 0.0896869 0.0439969 
qwerty 164 158 0.590427 2.44568 0.967158 -1.1248 10.375 0.00919285 0.081468 0.0572577 
qwerty 164 158 0.0731142 0.785333 0.877601 -1.06246 10.3597 -0.093997 0.0213929 -0.0265876 
qwerty 164 158 0.090143 0.69519 0.828201 -1.04513 10.3361 -0.0395195 0.0888547 -0.0233036 
qwerty 164 158 0.113226 0.581964 0.789352 -1.00627 10.3207 -0.0694173 0.0677991 0.024177 
qwerty 164 158 0.0954069 0.486558 0.739851 -0.969579 10.3107 -0.0919375 -0.0390355 0.00487044 
qwerty 164 158 0.117705 0.368853 0.677812 -0.986013 10.2829 -0.0971672 -0.0232469 0.00425713 
qwerty 164 158 0.144111 0.224742 0.631627 -1.00117 10.3146 -0.0895111 -0.0440086 -0.00714108 
qwerty 164 158 0.224742 0 0.604083 -1.01471 10.3124 -0.0895111 -0.0440086 -0.00714108 
qwerty 164 158 0 0 0.604083 -1.01471 10.3124 -0.0895111 -0.0440086 -0.00714108 
qwerty 149 62 0 0.292787 0.567658 -1.82578 8.35 0.0913416 -0.0406535 0.00200019 
qwerty 149 62 0.00754903 0.250219 0.571776 -1.82738 8.34786 0.0715385 -0.0514612 -0.0472651 
qwerty 149 62 0.00532038 0.244898 0.574351 -1.82939 8.34684 0.0822411 -0.0480563 -0.0304467 
qwerty 149 62 0.00740853 0.23749 0.577408 -1.8316 8.34539 0.0568412 -0.0646465 -0.0508912 
qwerty 149 62 0.0102218 0.227268 0.579666 -1.83375 8.34377 0.0234824 -0.0583362 0.0777526 
qwerty 149 62 0.0069173 0.220351 0.580334 -1.83651 8.34649 0.0230723 -0.0628551 0.0742759 
qwerty 149 62 0.0065498 0.213801 0.581567 -1.83821 8.34937 0.0271137 -0.0704801 0.0655545 
qwerty 149 62 0.00260847 0.211193 0.581827 -1.83888 8.35 0.0293704 -0.0799902 0.0523349 
qwerty 119 102 0.485231 0.971641 0.370824 -2.29651 12.8211 0.0201764 0.0142648 0.0968991 
qwerty 119 102 0.817071 0.15457 0.45438 -2.21863 12.9869 0.00578959 0.0855811 0.0514039 
qwerty 119 102 0.15457 0 0.455341 -2.20443 12.9954 0.00578959 0.0855811 0.0514039 
qwerty 119 102 0 0 0.455341 -2.20443 12.9954 0.00578959 0.0855811 0.0514039 
qwerty 416 79 0 0.510999 -0.419935 -0.610238 8.35 0.0345979 -0.0869687 0.0352055 
qwerty 412 85 0 0.335956 -4.75462 8.9897 30.625 -0.0649486 -0.0475762 0.0593143 
qwerty 423 412 0.0110048 0.234139 -4.94711 8.84953 30.8028 -0.0511927 0.0257608 0.0819493 
qwerty 423 412 0.00761896 0.22652 -4.95004 8.85056 30.8059 -0.0539526 0.0305715 0.0784506 
qwerty 423 412 0.00917181 0.217348 -4.95202 8.85233 30.8089 -0.0530528 0.0249191 0.0810212 
qwerty 423 412 0.0132893 0.204059 -4.95573 8.85378 30.8121 -0.0533815 0.00625807 0.0843282 
qwerty 423 412 0.0212371 0.182822 -4.95793 8.85581 30.8188 -0.0506505 0.0544756 0.0668351 
qwerty 423 412 0.0289154 0.153906 -4.96038 8.86051 30.8278 -0.0438129 0.0687242 0.0579432 
qwerty 423 412 0.0827577 0.0711485 -4.97283 8.86659 30.8354 -0.0861028 -0.00424891 0.050678 
qwerty 423 412 0.0711485 0 -4.97669 8.8664 30.8377 -0.0861028 -0.00424891 0.050678 
qwerty 411 85 0 0.266936 -3.91035 9.06545 29.45 -0.0261265 -0.0152013 -0.0953222 
qwerty 411 85 0 0.266936 -4.09536 8.9578 28.775 -0.0261265 -0.0152013 -0.0953222 
qwerty 411 85 0 0.266936 -4.28037 8.85016 28.1 -0.0261265 -0.0152013 -0.0953222 
qwerty 411 85 0 0.266936 -4.46538 8.74252 27.425 -0.0261265 -0.0152013 -0.0953222 
qwerty 411 85 0 0.266936 -4.65039 8.63487 26.75 -0.0261265 -0.0152013 -0.0953222 
qwerty 411 85 0 0.266936 -4.83539 8.52723 26.075 -0.0261265 -0.0152013 -0.0953222 
qwerty 411 85 0 0.266936 -5.0204 8.41959 25.4 -0.0261265 -0.0152013 -0.0953222 
qwerty 410 92 0 2.7683 -2.43886 -1.45706 18.65 0.00665982 0.0220836 -0.0973035 
qwerty 410 92 0 2.7683 -2.39266 -1.30386 17.975 0.00665982 0.0220836 -0.0973035 
qwerty 410 92 0 2.7683 -2.37642 -1.25 17.7377 0.00665982 0.0220836 -0.0973035 
qwerty 410 92 0 2.7683 -2.34646 -1.15067 17.3 0.00665982 0.0220836 -0.0973035 
qwerty 410 92 0 2.7683 -2.30026 -0.99747 16.625 0.00665982 0.0220836 -0.0973035 
qwerty 410 92 0 2.7683 -2.25406 -0.844275 15.95 0.00665982 0.0220836 -0.0973035 
qwerty 410 92 0 2.7683 -2.20786 -0.69108 15.275 0.00665982 0.0220836 -0.0973035 
qwerty 410 92 0 2.7683 -2.16167 -0.537884 14.6 0.00665982 0.0220836 -0.0973035 
qwerty 410 92 0 2.7683 -2.11547 -0.384689 13.925 0.00665982 0.0220836 -0.0973035 
qwerty 410 92 0 2.7683 -2.06927 -0.231494 13.25 0.00665982 0.0220836 -0.0973035 
qwerty 409 92 0 0.521891 -2.91129 -0.136731 19.825 -0.0265572 0.0896892 0.0353634 
qwerty 409 92 0 0.521891 -3.32191 1.25 20.3718 -0.0265572 0.0896892 0.0353634 
qwerty 409 92 0 0.521891 -3.4182 1.57521 20.5 -0.0265572 0.0896892 0.0353634 
qwerty 406 95 0 0.510999 0.488211 -2.1112 10.55 0.05316 -0.0249537 -0.0809403 
qwerty 405 95 0 0.510999 -0.283506 -1.74895 11.725 -0.05316 0.0249537 0.0809403 
qwerty 405 95 0 0.510999 -0.726833 -1.54085 12.4 -0.05316 0.0249537 0.0809403 
qwerty 405 95 0 0.510999 -1.17016 -1.33275 13.075 -0.05316 0.0249537 0.0809403 
qwerty 405 95 0 0.510999 -1.34645 -1.25 13.3434 -0.05316 0.0249537 0.0809403 
qwerty 405 95 0 0.510999 -1.61349 -1.12465 13.75 -0.05316 0.0249537 0.0809403 
qwerty 404 113 0 0.510999 0.161297 -1.09834 11.9 0.0215506 -0.0280377 -0.0935385 
qwerty 404 113 0 0.510999 0.316812 -1.30067 11.225 0.0215506 -0.0280377 -0.0935385 
qwerty 404 113 0 0.2386 0.771954 -1.43693 10.816 0.0367732 -0.0900982 0.0230227 
qwerty 404 113 0 0.2386 1.14572 -2.35269 11.05 0.0367732 -0.0900982 0.0230227 
qwerty 440 404 0.0787602 0 0.775051 -1.43483 10.8122 0.0579758 0.0393217 -0.0713625 
qwerty 403 113 0 0.510999 -0.109415 -0.746139 13.075 -0.0215506 0.0280377 0.0935385 
qwerty 401 119 0 0.510999 0.454033 -2.15339 13.075 -0.00138316 0.0539828 0.0841661 
qwerty 401 119 0 0.510999 0.442941 -1.72046 13.75 -0.00138316 0.0539828 0.0841661 
qwerty 401 119 0 0.510999 0.431848 -1.28752 14.425 -0.00138316 0.0539828 0.0841661 
qwerty 401 119 0 0.510999 0.420755 -0.854589 15.1 -0.00138316 0.0539828 0.0841661 
qwerty 401 119 0 0.510999 0.409662 -0.421654 15.775 -0.00138316 0.0539828 0.0841661 
qwerty 401 119 0 0.510999 0.39857 0.0112799 16.45 -0.00138316 0.0539828 0.0841661 
qwerty 400 119 0 0.510999 0.46225 -2.47408 12.575 0.00138316 -0.0539828 -0.0841661 
qwerty 400 119 0 0.34659 0.469417 -2.75378 12.1389 -0.0835919 -0.0384539 -0.0391624 
qwerty 400 119 0 0.34659 -0.0405607 -2.98838 11.9 -0.0835919 -0.0384539 -0.0391624 
qwerty 446 400 0.164409 0 0.481952 -2.7598 12.1265 0.0671998 -0.0322821 -0.0666488 
qwerty 399 129 0 0.510999 0.428946 -1.94159 11.05 -0.0455026 -0.00334643 0.0889849 
qwerty 399 129 0 0.510999 0.0837833 -1.96698 11.725 -0.0455026 -0.00334643 0.0889849 
qwerty 398 129 0 0.510999 1.02978 -1.89741 9.875 0.0455026 0.00334643 -0.0889849 
qwerty 398 129 0 0.510999 1.37495 -1.87202 9.2 0.0455026 0.00334643 -0.0889849 
qwerty 398 129 0 0.510999 1.72011 -1.84664 8.525 0.0455026 0.00334643 -0.0889849 
qwerty 396 133 0 0.469169 0.611318 -4.28418 18.475 -0.0105816 -0.0820711 0.0561459 
qwerty 396 133 0 0.469169 0.484103 -5.27087 19.15 -0.0105816 -0.0820711 0.0561459 
qwerty 396 133 0 0.222311 -0.381155 -5.48204 18.65 -0.0807889 -0.00427771 -0.058778 
qwerty 393 149 0 0.510999 2.17532 -3.75 8.15305 0.0638397 -0.0765534 -0.00800363 
qwerty 393 149 0 0.510999 4.26013 -6.25 7.89167 0.0638397 -0.0765534 -0.00800363 
qwerty 393 149 0 0.510999 4.59253 -6.6486 7.85 0.0638397 -0.0765534 -0.00800363 
qwerty 393 149 0 0.476624 6.73289 -8.75 7.90477 0.0809789 -0.0556269 0.0186568 
qwerty 393 149 0 0.476624 8.66537 -10.0775 8.35 0.0809789 -0.0556269 0.0186568 
qwerty 393 149 0 0.388253 9.28261 -10.4673 8.10918 0.0674553 -0.0240765 -0.0697861 
qwerty 393 149 0 0.214055 9.44302 -10.5245 7.94323 -0.037552 0.0763988 -0.0524697 
qwerty 393 149 0 0.214055 9.37629 -10.3888 7.85 -0.037552 0.0763988 -0.0524697 
qwerty 459 393 0.174198 0 9.4584 -10.5361 7.9361 0.0749821 -0.0563031 -0.0347512 
qwerty 458 393 0.0371663 0 9.28318 -10.4681 8.11015 0.0398856 -0.0613105 0.0681921 
qwerty 390 164 0 0.358293 0.479818 -1.10741 10.2497 0.00448784 -0.0985788 -0.0161889 
qwerty 390 164 0 0.358293 0.583686 -3.38895 9.875 0.00448784 -0.0985788 -0.0161889 
qwerty 464 390 0.152706 0 0.464394 -1.10468 10.2445 -0.0934524 0.0165115 -0.0315282 
qwerty 389 164 0 0.510999 0.72826 -0.922075 10.375 0.0743106 0.0554343 0.037483 
qwerty 388 181 0 0.25193 0.447443 -3.55081 26.575 -0.0339402 -0.0310978 0.0887749 
qwerty 386 181 0 0.310774 -0.0178887 -4.02768 26.575 -0.0611261 -0.0563468 0.0555755 
qwerty 385 193 0 0.189563 1.02804 -2.15886 10.057 -0.0940398 -0.028098 0.0191578 
qwerty 385 193 0 0.189563 -0.533125 -2.62532 10.375 -0.0940398 -0.028098 0.0191578 
qwerty 471 385 0.321436 0 1.08075 -2.16799 10.0668 0.0969044 -0.0167952 0.0180956 
qwerty 384 193 0 0.510999 -1.50332 -1.25551 9.2 -0.0897319 0.0320218 -0.0303775 
qwerty 383 227 0 0.510999 -1.25 6.35425 7.34817 0.0678763 0.0355331 0.0642667 
qwerty 383 227 0 0.510999 -0.904814 6.53496 7.675 0.0678763 0.0355331 0.0642667 
qwerty 380 227 0 0.520799 -1.25 5.46991 7.34563 0.0373605 -0.086084 0.0345505 
qwerty 380 227 0 0.520799 -0.893844 4.64928 7.675 0.0373605 -0.086084 0.0345505 
qwerty 380 227 0 0.282848 -0.269255 3.96853 7.175 0.052074 -0.0297885 -0.0800059 
qwerty 380 227 0 0.282848 0.11276 3.75 6.58808 0.052074 -0.0297885 -0.0800059 
qwerty 380 227 0 0.282848 0.170087 3.71721 6.5 0.052074 -0.0297885 -0.0800059 
qwerty 380 227 0 0.282848 0.609429 3.46588 5.825 0.052074 -0.0297885 -0.0800059 
qwerty 380 227 0 0.282848 1.04877 3.21456 5.15 0.052074 -0.0297885 -0.0800059 
qwerty 378 335 0 0.510999 10.9349 -3.75 8.11211 0.0745169 0.0663615 -0.00658645 
qwerty 378 335 0 0.354532 11.4637 -3.27904 8.06536 0.0263274 0.0462181 -0.0846803 
qwerty 378 335 0 0.354532 11.5307 -3.1615 7.85 0.0263274 0.0462181 -0.0846803 
qwerty 378 335 0 0.354532 11.7406 -2.79309 7.175 0.0263274 0.0462181 -0.0846803 
qwerty 482 378 0.156467 0 11.4753 -3.27203 8.07603 0.0669392 0.0408117 0.0620769 
