qwerty 1 0 0 200 0 0 -0.249997 0 0 0.1 
qwerty 3 1 0 124.502 -0.231827 0.197644 0.25 -0.0395951 0.0337568 0.0853973 
qwerty 3 1 0 124.502 -0.544796 0.464466 0.925 -0.0395951 0.0337568 0.0853973 
qwerty 3 1 0 124.502 -0.857765 0.731288 1.6 -0.0395951 0.0337568 0.0853973 
qwerty 3 1 0 124.502 -1.17073 0.99811 2.275 -0.0395951 0.0337568 0.0853973 
qwerty 3 1 0 124.502 -1.46619 1.25 2.91223 -0.0395951 0.0337568 0.0853973 
qwerty 3 1 0 124.502 -1.4837 1.26493 2.95 -0.0395951 0.0337568 0.0853973 
qwerty 4 3 0.391666 68.9457 -1.68443 1.35733 3.31807 -0.0514658 0.0141067 0.0845711 
qwerty 4 3 0.55935 68.3864 -1.87122 1.40853 3.625 -0.051361 0.0140379 0.0846462 
qwerty 4 3 1.01546 24.8706 -2.05161 1.50807 4.3 -0.0240537 0.0220278 0.0945314 
qwerty 4 3 1.00183 16.8941 -2.44097 1.31454 4.975 -0.0590017 -0.0244953 0.0769336 
qwerty 8 4 0.297652 0 -1.71889 1.39118 3.31838 -0.0713242 0.0700888 0.000649834 
qwerty 18 4 0 0.152932 -2.5888 1.46042 5.65 0.00566732 0.0128186 0.099013 
qwerty 17 4 0 2.00162 -2.18224 3.75 5.55425 0.0179392 0.0966843 0.0181751 
qwerty 17 4 0 2.00162 -2.08773 4.25936 5.65 0.0179392 0.0966843 0.0181751 
qwerty 17 4 0 2.00162 -1.42149 7.85009 6.325 0.0179392 0.0966843 0.0181751 
qwerty 17 4 0 0.687186 -0.956486 10.3562 6.79612 0.0936828 0.0339815 0.00829456 
qwerty 17 4 0 0.687186 1.34626 11.1915 7 0.0936828 0.0339815 0.00829456 
qwerty 17 4 0 0.211466 1.29033 11.2598 6.5 -0.0709184 -0.0142958 -0.0690377 
qwerty 20 17 0.290685 1.02375 -0.936817 10.5303 6.78448 -0.0111841 0.0974601 0.019402 
qwerty 20 17 0.310528 0.71322 -0.883184 10.6876 6.84027 0.00991497 0.0313577 0.0944372 
qwerty 20 17 0.346406 0.366814 -0.891672 10.7381 6.97699 -0.0671464 -0.0739684 0.00447587 
qwerty 20 17 0.306882 0.0599315 -0.923106 10.6775 6.98934 0.0528783 0.0810291 -0.0252622 
qwerty 20 17 0.0599315 0 -0.921354 10.6801 6.9885 0.0528783 0.0810291 -0.0252622 
qwerty 15 4 0 6.29436 -3.7577 1.48462 5.65 -0.0901176 0.0118624 0.0416904 
qwerty 15 4 0 6.29436 -5.21677 1.67668 6.325 -0.0901176 0.0118624 0.0416904 
qwerty 15 4 0 6.29436 -6.67584 1.86875 7 -0.0901176 0.0118624 0.0416904 
qwerty 15 4 0 6.29436 -8.13492 2.06081 7.675 -0.0901176 0.0118624 0.0416904 
qwerty 15 4 0 6.29436 -9.59399 2.25287 8.35 -0.0901176 0.0118624 0.0416904 
qwerty 15 4 0 6.29436 -11.0531 2.44493 9.025 -0.0901176 0.0118624 0.0416904 
qwerty 14 4 0 0.368201 -2.8943 1.38574 4.475 -0.0346419 0.00773711 -0.0934884 
qwerty 14 4 0 0.368201 -3.14442 1.44161 3.8 -0.0346419 0.00773711 -0.0934884 
qwerty 28 26 0 0.203328 -2.34841 1.70571 5.65 0.0418089 0.0524461 0.0741716 
qwerty 13 4 0 1.7159 -2.79433 1.25 5.42239 -0.0604892 -0.0101666 0.0789791 
qwerty 13 4 0 1.7159 -2.96866 1.2207 5.65 -0.0604892 -0.0101666 0.0789791 
qwerty 13 4 0 1.7159 -3.48563 1.13381 6.325 -0.0604892 -0.0101666 0.0789791 
qwerty 13 4 0 1.7159 -4.00261 1.04692 7 -0.0604892 -0.0101666 0.0789791 
qwerty 13 4 0 1.7159 -4.51958 0.960032 7.675 -0.0604892 -0.0101666 0.0789791 
qwerty 13 4 0 1.7159 -5.03656 0.873142 8.35 -0.0604892 -0.0101666 0.0789791 
qwerty 13 4 0 1.7159 -5.55353 0.786253 9.025 -0.0604892 -0.0101666 0.0789791 
qwerty 13 4 0 1.7159 -6.07051 0.699363 9.7 -0.0604892 -0.0101666 0.0789791 
qwerty 13 4 0 1.7159 -6.25 0.669195 9.93436 -0.0604892 -0.0101666 0.0789791 
qwerty 13 4 0 1.7159 -6.58748 0.612474 10.375 -0.0604892 -0.0101666 0.0789791 
qwerty 13 4 0 1.7159 -7.10446 0.525584 11.05 -0.0604892 -0.0101666 0.0789791 
qwerty 13 4 0 1.7159 -7.62143 0.438694 11.725 -0.0604892 -0.0101666 0.0789791 
qwerty 13 4 0 1.7159 -8.13841 0.351805 12.4 -0.0604892 -0.0101666 0.0789791 
qwerty 13 4 0 1.7159 -8.65539 0.264915 13.075 -0.0604892 -0.0101666 0.0789791 
qwerty 13 4 0 0.909187 -11.684 0.426874 13.75 -0.0980364 0.00586079 0.0188286 
qwerty 32 31 0 0.50885 -12.7715 0.353944 14.425 -0.0326821 -0.0210883 0.0921258 
qwerty 32 31 0 0.50885 -13.011 0.199432 15.1 -0.0326821 -0.0210883 0.0921258 
qwerty 32 31 0 0.101293 -12.7375 -0.185843 14.6 0.0331252 -0.0580082 -0.0744162 
qwerty 10 4 0 37.3787 -2.23208 1.5304 4.3 -0.0460065 0.0170843 0.0871294 
qwerty 44 10 0.827242 9.46827 -2.40612 1.62256 4.975 -0.0089034 0.0171046 0.0981232 
qwerty 52 44 0 0.173021 -2.06963 1.57292 4.475 0.0263671 -0.0231548 -0.093641 
qwerty 51 44 0 0.15929 -2.38999 1.38829 5.65 -0.0199135 -0.0465088 0.0862576 
qwerty 50 44 0 0.261435 -2.56437 1.68693 4.475 -0.0454083 -0.0121141 -0.0882686 
qwerty 49 44 0 0.2737 -2.19082 1.81178 4.475 0.0107903 0.0143994 -0.0983678 
qwerty 48 44 0 0.933808 -0.987095 1.25 5.64456 0.0886428 -0.025581 0.0385756 
qwerty 48 44 0 0.933808 -0.974594 1.24639 5.65 0.0886428 -0.025581 0.0385756 
qwerty 48 44 0 0.933808 0.576487 0.798773 6.325 0.0886428 -0.025581 0.0385756 
qwerty 48 44 0 0.933808 2.12757 0.351154 7 0.0886428 -0.025581 0.0385756 
qwerty 46 44 0 1.75406 -1.94471 1.51717 4.475 0.0641539 -0.0149898 -0.0752302 
qwerty 46 44 0 1.75406 -1.36909 1.38267 3.8 0.0641539 -0.0149898 -0.0752302 
qwerty 46 44 0 1.75406 -0.793474 1.24818 3.125 0.0641539 -0.0149898 -0.0752302 
qwerty 46 44 0 0.430586 -0.700699 1.22724 2.92561 0.0903879 0.0421746 -0.0071648 
qwerty 46 44 0 0.430586 -0.651924 1.25 2.92175 0.0903879 0.0421746 -0.0071648 
qwerty 46 44 0 0.323266 -0.532054 1.30593 2.91224 0.0568346 0.0345694 0.0746644 
qwerty 46 44 0 0.323266 -0.503314 1.32341 2.95 0.0568346 0.0345694 0.0746644 
qwerty 63 46 0.10732 0 -0.526679 1.30776 2.90512 0.0590203 0.0200631 -0.0781926 
qwerty 62 46 0.0603011 0.72438 -0.716265 1.22191 2.88511 -0.0334651 -0.0215541 -0.0917361 
qwerty 62 46 0.0651407 0.659239 -0.720187 1.21177 2.84127 0.0164751 -0.0934516 -0.0315495 
qwerty 62 46 0.0626166 0.596623 -0.716088 1.17631 2.83865 0.0105347 -0.0977616 -0.0182122 
qwerty 62 46 0.0847733 0.511849 -0.708742 1.13444 2.81743 0.027979 -0.079996 -0.0530831 
qwerty 62 46 0.132884 0.378965 -0.713167 1.09496 2.76437 0.0248168 -0.0350962 -0.0902905 
qwerty 62 46 0.333653 0.0453123 -0.695845 1.07047 2.70135 -0.0726304 -0.0421339 -0.0543098 
qwerty 62 46 0.0453123 0 -0.697313 1.06961 2.70025 -0.0726304 -0.0421339 -0.0543098 
qwerty 9 4 0 2.86251 -2.22535 1.48839 4.3 -0.0456193 0.0110569 0.0882985 
qwerty 9 4 0 2.86251 -2.57409 1.57291 4.975 -0.0456193 0.0110569 0.0882985 
qwerty 9 4 0 2.86251 -2.92282 1.65743 5.65 -0.0456193 0.0110569 0.0882985 
qwerty 9 4 0 2.86251 -3.27156 1.74196 6.325 -0.0456193 0.0110569 0.0882985 
qwerty 9 4 0 2.86251 -3.6203 1.82648 7 -0.0456193 0.0110569 0.0882985 
qwerty 9 4 0 2.86251 -3.75 1.85792 7.25104 -0.0456193 0.0110569 0.0882985 
qwerty 9 4 0 2.86251 -3.96904 1.91101 7.675 -0.0456193 0.0110569 0.0882985 
qwerty 9 4 0 2.86251 -4.31778 1.99553 8.35 -0.0456193 0.0110569 0.0882985 
qwerty 9 4 0 2.86251 -4.66651 2.08006 9.025 -0.0456193 0.0110569 0.0882985 
qwerty 9 4 0 2.86251 -5.01525 2.16458 9.7 -0.0456193 0.0110569 0.0882985 
qwerty 9 4 0 2.86251 -5.36399 2.24911 10.375 -0.0456193 0.0110569 0.0882985 
qwerty 9 4 0 2.86251 -5.71273 2.33363 11.05 -0.0456193 0.0110569 0.0882985 
qwerty 9 4 0 2.86251 -6.06147 2.41815 11.725 -0.0456193 0.0110569 0.0882985 
qwerty 9 4 0 2.86251 -6.4102 2.50268 12.4 -0.0456193 0.0110569 0.0882985 
qwerty 9 4 0 2.86251 -6.75894 2.5872 13.075 -0.0456193 0.0110569 0.0882985 
qwerty 9 4 0 2.86251 -7.10768 2.67173 13.75 -0.0456193 0.0110569 0.0882985 
qwerty 9 4 0 2.86251 -7.45642 2.75625 14.425 -0.0456193 0.0110569 0.0882985 
qwerty 9 4 0 2.86251 -7.80516 2.84078 15.1 -0.0456193 0.0110569 0.0882985 
qwerty 9 4 0 2.86251 -8.15389 2.9253 15.775 -0.0456193 0.0110569 0.0882985 
qwerty 9 4 0 2.86251 -8.50263 3.00983 16.45 -0.0456193 0.0110569 0.0882985 
qwerty 9 4 0 2.86251 -8.75 3.06978 16.9288 -0.0456193 0.0110569 0.0882985 
qwerty 9 4 0 2.86251 -8.85137 3.09435 17.125 -0.0456193 0.0110569 0.0882985 
qwerty 9 4 0 2.86251 -9.20011 3.17887 17.8 -0.0456193 0.0110569 0.0882985 
qwerty 9 4 0 2.86251 -9.54885 3.2634 18.475 -0.0456193 0.0110569 0.0882985 
qwerty 9 4 0 2.86251 -9.89759 3.34792 19.15 -0.0456193 0.0110569 0.0882985 
qwerty 9 4 0 2.86251 -10.2463 3.43245 19.825 -0.0456193 0.0110569 0.0882985 
qwerty 9 4 0 2.86251 -10.5951 3.51697 20.5 -0.0456193 0.0110569 0.0882985 
qwerty 9 4 0 2.86251 -10.9438 3.6015 21.175 -0.0456193 0.0110569 0.0882985 
qwerty 7 4 0 5.14739 -1.80978 1.48709 3.625 -0.0419561 0.0277734 0.0864195 
qwerty 7 4 0 5.14739 -2.13748 1.70402 4.3 -0.0419561 0.0277734 0.0864195 
qwerty 7 4 0 5.14739 -2.46519 1.92095 4.975 -0.0419561 0.0277734 0.0864195 
qwerty 69 67 0 0.295294 -2.05997 1.85515 5.65 0.065014 -0.0146375 0.0745582 
qwerty 69 67 0 0.295294 -1.47138 1.72264 6.325 0.065014 -0.0146375 0.0745582 
qwerty 6 4 0 10.8359 -1.81766 1.49813 3.625 -0.0428254 0.0291135 0.0855476 
qwerty 6 4 0 10.8359 -2.15556 1.72784 4.3 -0.0428254 0.0291135 0.0855476 
qwerty 6 4 0 10.8359 -2.49347 1.95756 4.975 -0.0428254 0.0291135 0.0855476 
qwerty 6 4 0 10.8359 -2.83138 2.18727 5.65 -0.0428254 0.0291135 0.0855476 
qwerty 6 4 0 10.8359 -3.16928 2.41699 6.325 -0.0428254 0.0291135 0.0855476 
qwerty 6 4 0 1.89438 -3.48169 2.62937 6.94906 -0.042669 -0.0375279 0.0822862 
qwerty 6 4 0 1.89438 -3.50811 2.60613 7 -0.042669 -0.0375279 0.0822862 
qwerty 6 4 0 1.89438 -3.75 2.39338 7.46649 -0.042669 -0.0375279 0.0822862 
qwerty 6 4 0 1.89438 -3.85812 2.29829 7.675 -0.042669 -0.0375279 0.0822862 
qwerty 6 4 0 1.89438 -4.20814 1.99044 8.35 -0.042669 -0.0375279 0.0822862 
qwerty 6 4 0 1.89438 -4.55816 1.6826 9.025 -0.042669 -0.0375279 0.0822862 
qwerty 6 4 0 1.89438 -4.90817 1.37476 9.7 -0.042669 -0.0375279 0.0822862 
qwerty 6 4 0 1.89438 -5.25819 1.06691 10.375 -0.042669 -0.0375279 0.0822862 
qwerty 6 4 0 0.785989 -4.95927 0.426694 11.05 0.0378487 -0.0661255 0.064768 
qwerty 71 6 0.0930975 8.84845 -3.50701 2.65491 7 -0.042515 0.0258627 0.0867387 
qwerty 77 71 0 0.423484 -3.47392 3.03555 7.675 0.0183337 0.0589887 0.0786397 
qwerty 77 71 0 0.423484 -3.31656 3.54187 8.35 0.0183337 0.0589887 0.0786397 
qwerty 77 71 0 0.423484 -3.15919 4.0482 9.025 0.0183337 0.0589887 0.0786397 
qwerty 77 71 0 0.423484 -3.00182 4.55453 9.7 0.0183337 0.0589887 0.0786397 
qwerty 76 71 0 3.28744 -3.7164 2.68657 7.675 -0.0292078 0.00513397 0.0955016 
qwerty 80 79 0 0.396593 -6.66244 3.87324 8.35 -0.07912 -0.0391871 0.046951 
qwerty 2 1 0 210.475 0.123082 -0.104934 0.25 0.0234216 -0.0199681 0.0951457 
qwerty 86 2 0.770052 61.0327 0.277026 -0.312756 0.925 0.0218707 -0.0301594 0.0928013 
qwerty 86 2 1.05627 31.4712 0.483979 -0.558523 1.6 0.0296279 -0.029947 0.0906938 
qwerty 86 2 1.09719 25.0014 0.568533 -1.06026 2.275 0.00214171 -0.0657469 0.0753177 
qwerty 86 2 0.111233 19.4044 0.575225 -1.25 2.5129 0.00661538 -0.0451739 0.0889694 
qwerty 86 2 0.718409 18.686 0.607726 -1.47194 2.95 0.011454 -0.0476571 0.0871642 
qwerty 86 2 1.17673 14.777 1.25 -1.63422 3.48669 0.0785489 0.00662375 0.0615321 
qwerty 86 2 0.346436 14.4305 1.42656 -1.61933 3.625 0.078884 0.0109269 0.0604807 
qwerty 86 2 0.43234 8.1402 1.49146 -1.25 3.87285 0.0066881 0.0935476 0.0347003 
qwerty 86 2 0.0285839 8.00945 1.49365 -1.22783 3.88154 0.00619164 0.0917511 0.0392862 
qwerty 86 2 1.61932 6.39013 1.56243 -0.267943 4.28449 0.0956855 0.0024393 0.028954 
qwerty 86 2 0.0913549 6.29878 1.61367 -0.266636 4.3 0.0939133 0.0133954 0.0316362 
qwerty 86 2 0.148255 5.3874 1.7214 -0.206521 4.25185 0.0734675 0.0384673 -0.055882 
qwerty 86 2 1.34473 4.04267 2.23425 0.0836224 3.81135 0.0846405 0.0240679 -0.0475049 
qwerty 86 2 0.0354394 4.00723 2.25447 0.0893716 3.8 0.0848882 0.0249728 -0.046587 
qwerty 86 2 0.684838 1.58365 2.08263 0.298957 3.99955 -0.0599778 0.0715909 0.0357407 
qwerty 86 2 0.475854 1.1078 1.93301 0.564043 3.98169 0.000305603 0.0984442 0.0175684 
qwerty 86 2 0.48291 0.624887 1.89976 0.749161 4.1326 0.067393 0.0270256 0.068759 
qwerty 86 2 0.480088 0.144798 1.97795 0.858637 4.20041 -0.00356751 0.0744202 0.0667002 
qwerty 86 2 0.0443404 0.0974084 1.97753 0.86728 4.20816 0.0375269 0.0695114 0.0613181 
qwerty 86 2 0.0974084 0 1.98037 0.872527 4.21279 0.0375269 0.0695114 0.0613181 
qwerty 86 2 0 0 1.98037 0.872527 4.21279 0.0375269 0.0695114 0.0613181 
qwerty 45 10 1.1926 23.726 -2.71202 1.73886 4.975 -0.0443107 0.0237723 0.0864375 
qwerty 45 10 1.83803 17.7384 -2.93189 2.53934 5.65 -0.0248279 0.0761163 0.0599157 
qwerty 45 10 1.05709 10.5783 -2.98071 3.11148 6.325 -0.00293943 0.0631339 0.0774949 
qwerty 45 10 1.11006 5.0397 -3.3428 3.22923 7 -0.0577396 0.00877173 0.0811738 
qwerty 5 3 1.04615 31.6239 -1.79822 1.6479 3.625 -0.042022 0.04346 0.0796579 
qwerty 85 2 0.0334261 58.0896 0.167957 -0.135257 0.449006 0.0127418 -0.000960789 0.0991803 
qwerty 85 2 0.749904 57.3397 0.229109 -0.139868 0.925 0.00900469 -0.0028141 0.099554 
qwerty 85 2 1.26596 3.88365 -0.133552 -0.480896 1.58777 -0.0232915 -0.0490528 0.0839722 
qwerty 85 2 0.0176249 3.86603 -0.136945 -0.488043 1.6 -0.0225808 -0.0535569 0.0813742 
qwerty 138 85 0.0798141 0.650346 0.198996 -0.128145 0.475246 0.0746846 -0.0167919 0.0643447 
qwerty 138 85 0.0663388 0.584008 0.222209 -0.128188 0.501532 0.0766465 0.0396677 0.0505153 
qwerty 138 85 0.0774193 0.506588 0.265543 -0.1223 0.524321 0.0841804 0.0488295 0.0230073 
qwerty 138 85 0.142726 0.363863 0.301205 -0.0727805 0.525242 0.0718519 0.0586696 -0.0373522 
qwerty 138 85 0.191349 0.172514 0.316297 -0.0266674 0.500109 0.0219508 0.0972696 -0.0075361 
qwerty 138 85 0.172514 0 0.32073 -0.00702483 0.498588 0.0219508 0.0972696 -0.0075361 
qwerty 140 85 0 49.1115 0.261619 -0.210063 1.6 0.00313989 -0.0106089 0.0993861 
qwerty 140 85 0 49.1115 0.282944 -0.282115 2.275 0.00313989 -0.0106089 0.0993861 
qwerty 140 85 0 49.1115 0.304269 -0.354167 2.95 0.00313989 -0.0106089 0.0993861 
qwerty 140 85 0 49.1115 0.325594 -0.426219 3.625 0.00313989 -0.0106089 0.0993861 
qwerty 143 140 0.231815 17.871 0.245053 -0.429604 3.91421 -0.0590065 0.00606262 0.0805076 
qwerty 143 140 0.834923 17.0361 -0.0377029 -0.400553 4.3 -0.0648337 0.00771183 0.0757438 
qwerty 143 140 0 13.6114 -0.148922 -0.408923 4.475 -0.0981206 -0.0171103 -0.00892081 
qwerty 143 140 1.5499 2.82308 -0.824596 -0.645432 4.5853 -0.08385 -0.0544634 0.00170728 
qwerty 143 140 0.904951 1.91812 -1.1486 -0.923595 4.63209 -0.0696021 -0.0716628 0.00447066 
qwerty 143 140 0.249986 1.66814 -1.25 -1.02799 4.6386 -0.0808307 -0.0565962 0.0162254 
qwerty 143 140 0.541263 1.12688 -1.51356 -1.14501 4.65257 -0.0986388 0.0164412 -0.000268991 
qwerty 143 140 0.386397 0.740479 -1.71329 -1.06722 4.77214 -0.0517344 0.0843036 0.0147124 
qwerty 143 140 0.372458 0.368021 -1.78984 -0.92829 4.72198 -0.0686083 -0.00251674 -0.0727088 
qwerty 143 140 0.308163 0.0598585 -1.83569 -0.929972 4.67339 -0.082411 -0.0548099 -0.0142933 
qwerty 143 140 0.0598585 0 -1.83841 -0.931784 4.67291 -0.082411 -0.0548099 -0.0142933 
qwerty 147 143 0.279535 0.265746 0.2754 -0.383913 3.95722 0.0510822 0.000475339 0.0859673 
qwerty 147 143 0.265746 0 0.296072 -0.383721 3.99201 0.0510822 0.000475339 0.0859673 
qwerty 152 143 0 0.725574 -1.25 -0.560422 4.63066 -0.0978989 -0.0132269 0.0155192 
qwerty 152 143 0 0.725574 -3.42215 -0.853897 4.975 -0.0978989 -0.0132269 0.0155192 
qwerty 152 143 0 0.452712 -4.81263 -0.809051 5.65 -0.0500895 0.0306114 0.0809567 
qwerty 152 143 0 0.452712 -5.23026 -0.553819 6.325 -0.0500895 0.0306114 0.0809567 
qwerty 150 143 0 0.343392 -1.07632 0.293878 4.975 -0.0419487 0.0741635 0.0523457 
qwerty 150 143 0 0.343392 -1.61713 1.25 5.64985 -0.0419487 0.0741635 0.0523457 
qwerty 150 143 0 0.343392 -1.61725 1.25022 5.65 -0.0419487 0.0741635 0.0523457 
qwerty 150 143 0 0.154375 -1.88807 1.72901 5.98794 -0.0149842 -0.0701054 -0.0697188 
qwerty 150 143 0 0.154375 -1.92309 1.56517 5.825 -0.0149842 -0.0701054 -0.0697188 
qwerty 158 150 0.189017 0 -1.894 1.7468 6.00203 -0.0252733 0.0758505 0.0600663 
qwerty 149 143 0 0.348525 -1.189 -0.566701 4.975 -0.0892906 -0.0139838 0.0427978 
qwerty 149 143 0 0.348525 -2.59727 -0.787251 5.65 -0.0892906 -0.0139838 0.0427978 
qwerty 149 143 0 0.348525 -3.75 -0.967779 6.20251 -0.0892906 -0.0139838 0.0427978 
qwerty 149 143 0 0.348525 -4.00555 -1.0078 6.325 -0.0892906 -0.0139838 0.0427978 
qwerty 146 143 0 16.8065 0.322883 -0.495006 4.3 -0.00102747 -0.0100711 0.0994863 
qwerty 146 143 0 16.8065 0.315912 -0.563337 4.975 -0.00102747 -0.0100711 0.0994863 
qwerty 146 143 0 7.03313 0.504018 -0.606912 5.65 0.0314926 -0.00628487 0.0947033 
qwerty 146 143 0 7.03313 0.728482 -0.651707 6.325 0.0314926 -0.00628487 0.0947033 
qwerty 146 143 0 7.03313 0.952946 -0.696503 7 0.0314926 -0.00628487 0.0947033 
qwerty 146 143 0 7.03313 1.17741 -0.741298 7.675 0.0314926 -0.00628487 0.0947033 
qwerty 146 143 0 7.03313 1.40187 -0.786094 8.35 0.0314926 -0.00628487 0.0947033 
qwerty 146 143 0 7.03313 1.62634 -0.83089 9.025 0.0314926 -0.00628487 0.0947033 
qwerty 146 143 0 7.03313 1.8508 -0.875685 9.7 0.0314926 -0.00628487 0.0947033 
qwerty 146 143 0 7.03313 2.07527 -0.920481 10.375 0.0314926 -0.00628487 0.0947033 
qwerty 146 143 0 7.03313 2.29973 -0.965276 11.05 0.0314926 -0.00628487 0.0947033 
qwerty 146 143 0 7.03313 2.5242 -1.01007 11.725 0.0314926 -0.00628487 0.0947033 
qwerty 146 143 0 7.03313 2.74866 -1.05487 12.4 0.0314926 -0.00628487 0.0947033 
qwerty 146 143 0 7.03313 2.97312 -1.09966 13.075 0.0314926 -0.00628487 0.0947033 
qwerty 146 143 0 7.03313 3.19759 -1.14446 13.75 0.0314926 -0.00628487 0.0947033 
qwerty 146 143 0 7.03313 3.42205 -1.18925 14.425 0.0314926 -0.00628487 0.0947033 
qwerty 146 143 0 7.03313 3.64652 -1.23405 15.1 0.0314926 -0.00628487 0.0947033 
qwerty 146 143 0 7.03313 3.75 -1.2547 15.4112 0.0314926 -0.00628487 0.0947033 
qwerty 146 143 0 7.03313 3.87098 -1.27885 15.775 0.0314926 -0.00628487 0.0947033 
qwerty 146 143 0 7.03313 4.09545 -1.32364 16.45 0.0314926 -0.00628487 0.0947033 
qwerty 146 143 0 7.03313 4.31991 -1.36844 17.125 0.0314926 -0.00628487 0.0947033 
qwerty 146 143 0 7.03313 4.54437 -1.41323 17.8 0.0314926 -0.00628487 0.0947033 
qwerty 146 143 0 7.03313 4.76884 -1.45803 18.475 0.0314926 -0.00628487 0.0947033 
qwerty 146 143 0 7.03313 4.9933 -1.50282 19.15 0.0314926 -0.00628487 0.0947033 
qwerty 146 143 0 7.03313 5.21777 -1.54762 19.825 0.0314926 -0.00628487 0.0947033 
qwerty 146 143 0 7.03313 5.44223 -1.59241 20.5 0.0314926 -0.00628487 0.0947033 
qwerty 146 143 0 7.03313 5.6667 -1.63721 21.175 0.0314926 -0.00628487 0.0947033 
qwerty 146 143 0 7.03313 5.89116 -1.68201 21.85 0.0314926 -0.00628487 0.0947033 
qwerty 146 143 0 7.03313 6.11562 -1.7268 22.525 0.0314926 -0.00628487 0.0947033 
qwerty 146 143 0 7.03313 6.34009 -1.7716 23.2 0.0314926 -0.00628487 0.0947033 
qwerty 146 143 0 7.03313 6.56455 -1.81639 23.875 0.0314926 -0.00628487 0.0947033 
qwerty 146 143 0 7.03313 6.78902 -1.86119 24.55 0.0314926 -0.00628487 0.0947033 
qwerty 146 143 0 7.03313 7.01348 -1.90598 25.225 0.0314926 -0.00628487 0.0947033 
qwerty 146 143 0 7.03313 7.23795 -1.95078 25.9 0.0314926 -0.00628487 0.0947033 
qwerty 146 143 0 7.03313 7.46241 -1.99557 26.575 0.0314926 -0.00628487 0.0947033 
qwerty 146 143 0 0 7.68062 -2.03912 27.2312 0.0314926 -0.00628487 0.0947033 
qwerty 164 146 0.0232097 4.62844 7.68932 -2.03924 27.25 0.0416496 -0.00508065 0.0907717 
qwerty 163 146 0 0.310428 0.337423 -0.573494 5.15 -0.0694904 0.0484749 -0.0531157 
qwerty 162 146 1.24697 6.89347 -0.152616 -0.128258 5.65 -0.0126381 0.0552108 0.0824139 
qwerty 168 162 0 1.35045 0.974362 0.0921419 6.325 0.0869916 0.00526127 0.0490386 
qwerty 168 162 0 1.35045 2.17177 0.164562 7 0.0869916 0.00526127 0.0490386 
qwerty 168 162 0 1.35045 3.36919 0.236981 7.675 0.0869916 0.00526127 0.0490386 
qwerty 168 162 0 1.35045 4.5666 0.309401 8.35 0.0869916 0.00526127 0.0490386 
qwerty 168 162 0 0.516817 4.65144 0.514739 9.025 -0.0103158 0.0313643 0.0943921 
qwerty 168 162 0 0.516817 4.57767 0.739026 9.7 -0.0103158 0.0313643 0.0943921 
qwerty 166 164 0 0.524905 4.91296 -3.25739 26.75 -0.0902004 -0.0386453 -0.0192466 
qwerty 145 143 0 0.228046 0.307009 -0.481373 4.3 -0.00380629 -0.00764704 0.0996345 
qwerty 139 85 0 0.282443 0.274778 -0.144117 1.6 0.00678896 -0.000536449 0.0997678 
qwerty 136 85 0 0.645381 0.345501 -0.249051 0.925 0.0317182 -0.0197643 0.0927541 
qwerty 136 85 0 0.645381 0.576324 -0.392882 1.6 0.0317182 -0.0197643 0.0927541 
qwerty 136 85 0 0.645381 0.807148 -0.536712 2.275 0.0317182 -0.0197643 0.0927541 
qwerty 136 85 0 0.645381 1.03797 -0.680543 2.95 0.0317182 -0.0197643 0.0927541 
qwerty 136 85 0 0.645381 1.25 -0.812662 3.57004 0.0317182 -0.0197643 0.0927541 
qwerty 136 85 0 0.645381 1.26879 -0.824373 3.625 0.0317182 -0.0197643 0.0927541 
qwerty 136 85 0 0.645381 1.49962 -0.968204 4.3 0.0317182 -0.0197643 0.0927541 
qwerty 136 85 0 0.645381 1.73044 -1.11203 4.975 0.0317182 -0.0197643 0.0927541 
qwerty 136 85 0 0.186469 1.5822 -1.20585 4.475 -0.0288147 -0.0120834 -0.0949932 
qwerty 181 135 1.11828 34.1891 0.319173 -0.254684 0.925 0.0284665 -0.0208049 0.0935779 
qwerty 181 135 1.04999 20.5901 0.620574 -0.659822 1.6 0.0291055 -0.0495476 0.0818407 
qwerty 181 135 1.07404 16.5074 1.08922 -0.867178 2.275 0.0659195 -0.037589 0.0651282 
qwerty 198 181 0 1.78687 2.19624 1.30632 1.775 0.0322085 0.0914701 -0.0244095 
qwerty 198 181 0 0.920788 2.41789 2.21052 1.1 0.00472641 0.0562214 -0.082564 
qwerty 198 181 0 0.920788 2.45653 2.67016 0.425 0.00472641 0.0562214 -0.082564 
qwerty 198 181 0 0.920788 2.49517 3.1298 -0.25 0.00472641 0.0562214 -0.082564 
qwerty 196 181 0 0.407149 2.96677 0.347902 2.95 0.0748185 0.0599393 0.0284511 
qwerty 210 207 0 0.636872 2.48595 -1.32561 2.95 0.0660771 -0.00992559 0.0743996 
qwerty 210 207 0 0.636872 3.08545 -1.41566 3.625 0.0660771 -0.00992559 0.0743996 
qwerty 210 207 0 0.636872 3.68494 -1.50571 4.3 0.0660771 -0.00992559 0.0743996 
qwerty 210 207 0 0.636872 4.28443 -1.59576 4.975 0.0660771 -0.00992559 0.0743996 
qwerty 210 207 0 0.612696 4.72153 -1.81443 5.65 0.0504521 -0.0283004 0.08157 
qwerty 210 207 0 0.612696 5.13903 -2.04862 6.325 0.0504521 -0.0283004 0.08157 
qwerty 210 207 0 0.612696 5.55652 -2.28281 7 0.0504521 -0.0283004 0.08157 
qwerty 210 207 0 0.612696 5.97402 -2.517 7.675 0.0504521 -0.0283004 0.08157 
qwerty 210 207 0 0.612696 6.39151 -2.75118 8.35 0.0504521 -0.0283004 0.08157 
qwerty 210 207 0 0.612696 6.80901 -2.98537 9.025 0.0504521 -0.0283004 0.08157 
qwerty 210 207 0 0.612696 7.22651 -3.21956 9.7 0.0504521 -0.0283004 0.08157 
qwerty 210 207 0 0.612696 7.644 -3.45375 10.375 0.0504521 -0.0283004 0.08157 
qwerty 210 207 0 0.612696 8.0615 -3.68794 11.05 0.0504521 -0.0283004 0.08157 
qwerty 210 207 0 0.612696 8.47899 -3.92213 11.725 0.0504521 -0.0283004 0.08157 
qwerty 210 207 0 0.612696 8.89649 -4.15632 12.4 0.0504521 -0.0283004 0.08157 
qwerty 210 207 0 0.612696 9.31399 -4.3905 13.075 0.0504521 -0.0283004 0.08157 
qwerty 210 207 0 0.612696 9.73148 -4.62469 13.75 0.0504521 -0.0283004 0.08157 
qwerty 210 207 0 0.606574 10.1441 -4.77754 14.425 0.0513647 -0.0156612 0.0843587 
qwerty 210 207 0 0.606574 10.5551 -4.90286 15.1 0.0513647 -0.0156612 0.0843587 
qwerty 210 207 0 0.606574 10.9661 -5.02817 15.775 0.0513647 -0.0156612 0.0843587 
qwerty 210 207 0 0.606574 11.3771 -5.15349 16.45 0.0513647 -0.0156612 0.0843587 
qwerty 189 181 0 0.13027 0.704784 -0.710354 1.80915 -0.0100923 0.0973495 -0.0205234 
qwerty 189 181 0 0.13027 0.68799 -0.548363 1.775 -0.0100923 0.0973495 -0.0205234 
qwerty 221 189 0.0694365 0 0.706399 -0.712769 1.81231 0.0376634 -0.0563117 0.0735558 
qwerty 187 181 0 1.05183 0.54278 -0.493419 1.6 0.0271793 -0.0300351 0.0914286 
qwerty 187 181 0 1.05183 0.74344 -0.715163 2.275 0.0271793 -0.0300351 0.0914286 
qwerty 187 181 0 1.05183 0.944099 -0.936906 2.95 0.0271793 -0.0300351 0.0914286 
qwerty 187 181 0 1.05183 1.14476 -1.15865 3.625 0.0271793 -0.0300351 0.0914286 
qwerty 187 181 0 1.05183 1.22742 -1.25 3.90308 0.0271793 -0.0300351 0.0914286 
qwerty 187 181 0 1.05183 1.34542 -1.38039 4.3 0.0271793 -0.0300351 0.0914286 
qwerty 187 181 0 1.05183 1.54608 -1.60214 4.975 0.0271793 -0.0300351 0.0914286 
qwerty 187 181 0 1.05183 1.74674 -1.82388 5.65 0.0271793 -0.0300351 0.0914286 
qwerty 186 181 0 0.951658 0.600037 -0.711578 1.6 0.0309804 -0.0569223 0.0761582 
qwerty 186 181 0 0.951658 0.874621 -1.21609 2.275 0.0309804 -0.0569223 0.0761582 
qwerty 186 181 0 0.951658 1.1492 -1.7206 2.95 0.0309804 -0.0569223 0.0761582 
qwerty 186 181 0 0.951658 1.25 -1.9058 3.19778 0.0309804 -0.0569223 0.0761582 
qwerty 186 181 0 0.951658 1.42379 -2.22511 3.625 0.0309804 -0.0569223 0.0761582 
qwerty 186 181 0 0.951658 1.69837 -2.72962 4.3 0.0309804 -0.0569223 0.0761582 
qwerty 186 181 0 0.951658 1.97296 -3.23413 4.975 0.0309804 -0.0569223 0.0761582 
qwerty 186 181 0 0.951658 2.24754 -3.73864 5.65 0.0309804 -0.0569223 0.0761582 
qwerty 186 181 0 0.951658 2.52212 -4.24315 6.325 0.0309804 -0.0569223 0.0761582 
qwerty 186 181 0 0.620321 3.01581 -4.14699 7 0.058983 0.0133622 0.0796396 
qwerty 186 181 0 0.620321 3.51573 -4.03373 7.675 0.058983 0.0133622 0.0796396 
qwerty 186 181 0 0.620321 4.01565 -3.92048 8.35 0.058983 0.0133622 0.0796396 
qwerty 186 181 0 0.620321 4.51557 -3.80722 9.025 0.058983 0.0133622 0.0796396 
qwerty 186 181 0 0.620321 4.76817 -3.75 9.36606 0.058983 0.0133622 0.0796396 
qwerty 186 181 0 0.620321 5.01549 -3.69397 9.7 0.058983 0.0133622 0.0796396 
qwerty 185 181 0 3.76642 0.585892 -0.652882 1.6 0.0305366 -0.0512359 0.0802645 
qwerty 185 181 0 3.76642 0.842696 -1.08376 2.275 0.0305366 -0.0512359 0.0802645 
qwerty 185 181 0 3.76642 0.941774 -1.25 2.53542 0.0305366 -0.0512359 0.0802645 
qwerty 185 181 0 3.76642 1.0995 -1.51464 2.95 0.0305366 -0.0512359 0.0802645 
qwerty 185 181 0 3.76642 1.25 -1.76716 3.34559 0.0305366 -0.0512359 0.0802645 
qwerty 185 181 0 3.76642 1.3563 -1.94552 3.625 0.0305366 -0.0512359 0.0802645 
qwerty 185 181 0 3.76642 1.61311 -2.3764 4.3 0.0305366 -0.0512359 0.0802645 
qwerty 185 181 0 3.76642 1.86991 -2.80728 4.975 0.0305366 -0.0512359 0.0802645 
qwerty 185 181 0 3.76642 2.12671 -3.23815 5.65 0.0305366 -0.0512359 0.0802645 
qwerty 185 181 0 3.76642 2.38352 -3.66903 6.325 0.0305366 -0.0512359 0.0802645 
qwerty 183 181 0 0.69374 0.60137 -0.535236 1.6 0.0353869 -0.0367384 0.086012 
qwerty 183 181 0 0.69374 0.879077 -0.82355 2.275 0.0353869 -0.0367384 0.086012 
qwerty 183 181 0 0.69374 1.15679 -1.11186 2.95 0.0353869 -0.0367384 0.086012 
qwerty 183 181 0 0.604688 1.17147 -1.58677 3.625 -0.00428168 -0.0603076 0.0796534 
qwerty 183 181 0 0.582995 1.1898 -2.36585 4.3 0.00272753 -0.077651 0.0629514 
qwerty 183 181 0 0.582995 1.21905 -3.19847 4.975 0.00272753 -0.077651 0.0629514 
qwerty 183 181 0 0.582995 1.23842 -3.75 5.42212 0.00272753 -0.077651 0.0629514 
qwerty 183 181 0 0.582995 1.24829 -4.03109 5.65 0.00272753 -0.077651 0.0629514 
qwerty 134 5 0 16.5741 -2.06326 2.32121 4.3 -0.0238595 0.0713269 0.065903 
qwerty 134 5 0 16.5741 -2.30764 3.05176 4.975 -0.0238595 0.0713269 0.065903 
qwerty 134 5 0 16.5741 -2.54121 3.75 5.62014 -0.0238595 0.0713269 0.065903 
qwerty 134 5 0 16.5741 -2.55202 3.78231 5.65 -0.0238595 0.0713269 0.065903 
qwerty 134 5 0 16.5741 -2.7964 4.51287 6.325 -0.0238595 0.0713269 0.065903 
qwerty 134 5 0 16.5741 -3.04077 5.24342 7 -0.0238595 0.0713269 0.065903 
qwerty 134 5 0 16.5741 -3.28515 5.97397 7.675 -0.0238595 0.0713269 0.065903 
qwerty 134 5 0 16.5741 -3.37748 6.25 7.93004 -0.0238595 0.0713269 0.065903 
qwerty 134 5 0 16.5741 -3.52953 6.70453 8.35 -0.0238595 0.0713269 0.065903 
qwerty 134 5 0 16.5741 -3.75 7.36362 8.95897 -0.0238595 0.0713269 0.065903 
qwerty 134 5 0 16.5741 -3.77391 7.43508 9.025 -0.0238595 0.0713269 0.065903 
qwerty 134 5 0 16.5741 -4.01828 8.16563 9.7 -0.0238595 0.0713269 0.065903 
qwerty 236 134 0.18658 4.52765 -4.09778 8.40801 9.95179 -0.0173272 0.0694559 0.0698258 
qwerty 236 134 0.905948 3.6217 -4.2028 8.82898 10.375 -0.00928847 0.0436026 0.0895128 
qwerty 236 134 0.744492 2.34527 -4.37142 9.08986 9.98324 -0.0323561 -0.0221366 -0.0919948 
qwerty 236 134 0.243331 2.10194 -4.40949 9.06381 9.875 -0.0275026 -0.0280722 -0.0919541 
qwerty 238 236 0 2.14779 -4.18358 8.61549 10.375 -0.0179107 0.0433068 0.0883387 
qwerty 238 236 0 2.14779 -4.23922 8.75 10.6494 -0.0179107 0.0433068 0.0883387 
qwerty 238 236 0 2.14779 -4.32044 8.94639 11.05 -0.0179107 0.0433068 0.0883387 
qwerty 238 236 0 2.14779 -4.4573 9.2773 11.725 -0.0179107 0.0433068 0.0883387 
qwerty 238 236 0 2.14779 -4.59415 9.60821 12.4 -0.0179107 0.0433068 0.0883387 
qwerty 238 236 0 2.14779 -4.73101 9.93912 13.075 -0.0179107 0.0433068 0.0883387 
qwerty 238 236 0 2.14779 -4.86787 10.27 13.75 -0.0179107 0.0433068 0.0883387 
qwerty 238 236 0 1.82485 -4.98174 10.5454 14.3117 -0.00954065 0.0669192 0.0736939 
qwerty 238 236 0 1.82485 -4.99642 10.6483 14.425 -0.00954065 0.0669192 0.0736939 
qwerty 239 238 0.322938 0 -4.99925 10.5212 14.3576 -0.0319527 -0.0441609 0.0838382 
qwerty 133 5 0 0.463392 -2.82718 2.47856 3.125 -0.0196777 0.06017 -0.0774103 
qwerty 132 5 0 12.5107 -2.18489 2.22451 4.3 -0.0406855 0.060903 0.0680846 
qwerty 131 5 0 0.148285 -2.01604 1.99428 4.10045 0.0727347 -0.0683915 0.00568036 
qwerty 131 5 0 0.148285 -1.22449 1.25 4.16227 0.0727347 -0.0683915 0.00568036 
qwerty 131 5 0 0.101095 0.444095 -0.318948 4.29258 -0.010798 0.071792 -0.0687699 
qwerty 131 5 0 0.0952694 0.428074 -0.212433 4.19055 0.0481499 0.0856429 -0.0186249 
qwerty 131 5 0 0.0952694 1.25028 1.25 3.87251 0.0481499 0.0856429 -0.0186249 
qwerty 131 5 0 0.0952694 1.43774 1.58343 3.8 0.0481499 0.0856429 -0.0186249 
qwerty 251 131 0.00582513 0 0.428036 -0.212439 4.19051 -0.0733917 -0.011649 -0.0669175 
qwerty 250 131 0.0471903 0 0.445243 -0.320631 4.29333 0.0528757 -0.0774598 0.0347008 
qwerty 249 131 0.129118 0 -2.02265 2.00272 4.10682 -0.0530068 0.0676569 0.0511158 
qwerty 129 5 0 0.111024 -1.8049 1.64188 3.625 -0.0391004 0.0477244 0.078699 
qwerty 128 5 0 1.03785 -1.8106 1.58673 3.625 -0.0401279 0.0400378 0.0823816 
qwerty 128 5 0 0.649433 -1.65911 1.60194 4.3 0.0240985 0.000676854 0.0970505 
qwerty 128 5 0 0.649433 -1.4915 1.60664 4.975 0.0240985 0.000676854 0.0970505 
qwerty 128 5 0 0.486907 -0.511388 1.40849 5.65 0.0812629 -0.0164333 0.0559132 
qwerty 256 128 0.00354685 0.110176 -1.49121 1.60743 4.97402 -0.0354632 0.0486391 -0.0798536 
qwerty 256 128 0.00659817 0.103578 -1.49156 1.60811 4.97326 -0.0096345 0.0662133 -0.0743167 
qwerty 256 128 0.00385579 0.099722 -1.49141 1.60888 4.97247 0.00861984 0.0713521 -0.0695311 
qwerty 256 128 0.00965106 0.0900709 -1.4915 1.61007 4.97168 0.024942 0.0595881 -0.0763358 
qwerty 256 128 0.0110288 0.0790421 -1.49062 1.61097 4.97007 0.0543205 0.0558579 -0.0626832 
qwerty 256 128 0.010112 0.0689301 -1.48916 1.61211 4.96857 0.0873597 0.0381017 -0.0302746 
qwerty 256 128 0.021146 0.0477841 -1.48732 1.61344 4.96645 -0.0473345 -0.0702302 -0.053171 
qwerty 256 128 0.0477841 0 -1.48837 1.61188 4.96526 -0.0473345 -0.0702302 -0.053171 
qwerty 127 25 0 0.510999 -11.4476 2.3292 9.7 0.000701736 -0.0140252 0.0990091 
qwerty 126 25 0 0.510999 -11.4559 2.49564 8.525 -0.000701736 0.0140252 -0.0990091 
qwerty 126 25 0 0.510999 -11.4607 2.59126 7.85 -0.000701736 0.0140252 -0.0990091 
qwerty 126 25 0 0.510999 -11.4655 2.68688 7.175 -0.000701736 0.0140252 -0.0990091 
qwerty 126 25 0 0.510999 -11.4703 2.78249 6.5 -0.000701736 0.0140252 -0.0990091 
qwerty 126 25 0 0.510999 -11.475 2.87811 5.825 -0.000701736 0.0140252 -0.0990091 
qwerty 126 25 0 0.510999 -11.4798 2.97373 5.15 -0.000701736 0.0140252 -0.0990091 
qwerty 126 25 0 0.510999 -11.4846 3.06935 4.475 -0.000701736 0.0140252 -0.0990091 
qwerty 126 25 0 0.510999 -11.4894 3.16496 3.8 -0.000701736 0.0140252 -0.0990091 
qwerty 126 25 0 0.510999 -11.4942 3.26058 3.125 -0.000701736 0.0140252 -0.0990091 
qwerty 125 25 0 0.6618 -13.5915 1.91704 8.525 -0.0930135 -0.0243587 -0.02748 
qwerty 125 25 0 0.6618 -15.8762 1.31871 7.85 -0.0930135 -0.0243587 -0.02748 
qwerty 125 25 0 0.6618 -18.161 0.720376 7.175 -0.0930135 -0.0243587 -0.02748 
qwerty 125 25 0 0.660241 -18.7712 0.560568 6.99471 -0.0909303 -0.0252498 -0.0330777 
qwerty 125 25 0 0.660241 -20.1312 0.182928 6.5 -0.0909303 -0.0252498 -0.0330777 
qwerty 261 125 0.00155917 0 -18.7712 0.560569 6.99472 -0.0380597 0.0137767 0.0914421 
qwerty 124 39 0 0.510999 -3.06838 2.21645 3.8 -0.0746744 0.0511322 -0.0425351 
qwerty 123 39 0 0.510999 -1.25 0.971346 4.83576 0.0746744 -0.0511322 0.0425351 
qwerty 123 39 0 0.510999 -1.00555 0.803963 4.975 0.0746744 -0.0511322 0.0425351 
qwerty 123 39 0 0.510999 0.179474 -0.00746672 5.65 0.0746744 -0.0511322 0.0425351 
qwerty 123 39 0 0.510999 1.25 -0.690652 6.19103 0.0776485 -0.0494337 0.0390771 
qwerty 123 39 0 0.510999 1.51621 -0.860132 6.325 0.0776485 -0.0494337 0.0390771 
qwerty 123 39 0 0.404844 2.50163 -0.89376 7 0.0775415 0.0199187 0.0599213 
qwerty 123 39 0 0.404844 3.37512 -0.66938 7.675 0.0775415 0.0199187 0.0599213 
qwerty 123 39 0 0.404844 4.2486 -0.445 8.35 0.0775415 0.0199187 0.0599213 
qwerty 123 39 0 0.404844 5.12209 -0.220619 9.025 0.0775415 0.0199187 0.0599213 
qwerty 122 45 0 0.510999 -3.5701 2.90059 7.675 -0.0288048 -0.0300957 0.0909095 
qwerty 122 45 0 0.510999 -3.78397 2.67713 8.35 -0.0288048 -0.0300957 0.0909095 
qwerty 121 45 0 0.510999 -3.1978 3.28957 6.5 0.0288048 0.0300957 -0.0909095 
qwerty 121 45 0 0.510999 -2.98392 3.51303 5.825 0.0288048 0.0300957 -0.0909095 
qwerty 121 45 0 0.510999 -2.77005 3.73649 5.15 0.0288048 0.0300957 -0.0909095 
qwerty 121 45 0 0.510999 -2.55618 3.95995 4.475 0.0288048 0.0300957 -0.0909095 
qwerty 121 45 0 0.510999 -2.3423 4.18341 3.8 0.0288048 0.0300957 -0.0909095 
qwerty 121 45 0 0.510999 -2.12843 4.40687 3.125 0.0288048 0.0300957 -0.0909095 
qwerty 121 45 0 0.510999 -1.91455 4.63033 2.45 0.0288048 0.0300957 -0.0909095 
qwerty 121 45 0 0.510999 -1.70068 4.85379 1.775 0.0288048 0.0300957 -0.0909095 
qwerty 121 45 0 0.510999 -1.4868 5.07725 1.1 0.0288048 0.0300957 -0.0909095 
qwerty 121 45 0 0.510999 -1.27293 5.30071 0.425 0.0288048 0.0300957 -0.0909095 
qwerty 121 45 0 0.252346 -1.91693 5.65828 -0.25 -0.0734435 0.00677282 -0.0675291 
qwerty 118 45 0 1.04206 -2.76909 3.68726 7 0.0220999 0.0638914 0.0736851 
qwerty 118 45 0 1.04206 -2.56664 4.27254 7.675 0.0220999 0.0638914 0.0736851 
qwerty 118 45 0 1.04206 -2.3642 4.85782 8.35 0.0220999 0.0638914 0.0736851 
qwerty 118 45 0 1.04206 -2.16175 5.44311 9.025 0.0220999 0.0638914 0.0736851 
qwerty 118 45 0 1.04206 -1.9593 6.02839 9.7 0.0220999 0.0638914 0.0736851 
qwerty 118 45 0 1.04206 -1.75685 6.61367 10.375 0.0220999 0.0638914 0.0736851 
qwerty 118 45 0 1.04206 -1.5544 7.19896 11.05 0.0220999 0.0638914 0.0736851 
qwerty 118 45 0 1.04206 -1.35195 7.78424 11.725 0.0220999 0.0638914 0.0736851 
qwerty 118 45 0 1.04206 -1.1495 8.36953 12.4 0.0220999 0.0638914 0.0736851 
qwerty 118 45 0 1.04206 -0.947056 8.95481 13.075 0.0220999 0.0638914 0.0736851 
qwerty 118 45 0 1.04206 -0.744608 9.54009 13.75 0.0220999 0.0638914 0.0736851 
qwerty 118 45 0 0.500773 -1.25 10.1171 13.9586 -0.0669282 0.0708334 0.0224331 
qwerty 118 45 0 0.379737 -1.58854 10.4754 14.072 -0.0446485 0.0259526 0.0856328 
qwerty 118 45 0 0.379737 -1.77258 10.5824 14.425 -0.0446485 0.0259526 0.0856328 
qwerty 118 45 0 0.341504 -2.07639 10.759 15.0077 -0.0784621 -0.00974202 0.0612273 
qwerty 118 45 0 0.341504 -2.19468 10.7443 15.1 -0.0784621 -0.00974202 0.0612273 
qwerty 276 118 0.0382333 0 -2.07566 10.76 15.0086 0.0488757 0.0654732 0.0576578 
qwerty 275 118 0.121036 0 -1.59351 10.4831 14.0656 -0.044525 0.06887 -0.0572228 
qwerty 114 45 0 2.41219 -3.37425 3.70757 6.325 -0.0311488 0.0823776 0.0473675 
qwerty 114 45 0 0.787104 -3.58859 4.27445 6.65096 -0.0948582 0.0316217 0.00140646 
qwerty 114 45 0 0.787104 -9.5148 6.25 6.73883 -0.0948582 0.0316217 0.00140646 
qwerty 114 45 0 0.364295 -11.3918 6.8757 6.76666 -0.0538667 -0.0839499 0.00712656 
qwerty 114 45 0 0.364295 -11.7933 6.25 6.81977 -0.0538667 -0.0839499 0.00712656 
qwerty 114 45 0 0.364295 -13.1555 4.12694 7 -0.0538667 -0.0839499 0.00712656 
qwerty 283 114 0.303308 0.119501 -11.4492 6.93361 6.7651 -0.0246002 -0.0693087 -0.0677579 
qwerty 283 114 0.119501 0 -11.4519 6.92603 6.75769 -0.0246002 -0.0693087 -0.0677579 
qwerty 282 114 0.672915 0.952174 -3.62052 4.56349 6.71276 0.0542533 0.0813873 -0.0208012 
qwerty 282 114 0.428244 0.52393 -3.56611 4.73049 6.62406 0.0183363 0.0771589 -0.0609121 
qwerty 282 114 0.497869 0.0260607 -3.60369 4.82664 6.56027 -0.0213192 0.097686 -0.00171438 
qwerty 282 114 0.0260607 0 -3.60385 4.82738 6.56026 -0.0213192 0.097686 -0.00171438 
qwerty 113 45 0 1.89302 -2.97308 2.02972 5.65 -0.034602 0.0393444 0.0851746 
qwerty 113 45 0 1.89302 -3.2473 2.34152 6.325 -0.034602 0.0393444 0.0851746 
qwerty 113 45 0 1.89302 -3.52151 2.65332 7 -0.034602 0.0393444 0.0851746 
qwerty 113 45 0 1.89302 -3.75 2.91312 7.56243 -0.034602 0.0393444 0.0851746 
qwerty 113 45 0 1.89302 -3.79573 2.96512 7.675 -0.034602 0.0393444 0.0851746 
qwerty 113 45 0 1.89302 -4.06995 3.27692 8.35 -0.034602 0.0393444 0.0851746 
qwerty 113 45 0 1.89302 -4.34417 3.58872 9.025 -0.034602 0.0393444 0.0851746 
qwerty 113 45 0 1.89302 -4.48601 3.75 9.37415 -0.034602 0.0393444 0.0851746 
qwerty 113 45 0 1.89302 -4.61838 3.90052 9.7 -0.034602 0.0393444 0.0851746 
qwerty 113 45 0 1.89302 -4.8926 4.21232 10.375 -0.034602 0.0393444 0.0851746 
qwerty 112 66 0 0.510999 -10.8085 3.75 21.4286 0.0740004 0.0489417 0.0461373 
qwerty 112 66 0 0.510999 -10.1326 4.19702 21.85 0.0740004 0.0489417 0.0461373 
qwerty 109 68 0 0.510999 -2.19865 1.27123 5.65 0.0374503 -0.0780772 0.0500142 
qwerty 109 68 0 0.229177 -2.05208 1.13165 5.15 0.0240868 -0.0198784 -0.0949983 
qwerty 290 109 0.00417156 0.0900097 -2.05118 1.13225 5.15042 0.0557172 0.00153959 0.0830255 
qwerty 290 109 0.0021201 0.0878896 -2.05094 1.13229 5.15093 0.045662 0.0356342 0.081518 
qwerty 290 109 0.00253364 0.085356 -2.05072 1.13258 5.15162 0.0240615 0.00424218 0.0969693 
qwerty 290 109 0.0022861 0.0830699 -2.05059 1.13273 5.15248 0.0334672 -0.0207254 0.0919261 
qwerty 290 109 0.00642823 0.0766416 -2.04995 1.13209 5.15362 0.0607369 -0.0340415 0.0717788 
qwerty 290 109 0.00994037 0.0667013 -2.04938 1.1308 5.1554 0.0364577 -0.0926463 0.00935394 
qwerty 290 109 0.0210947 0.0456066 -2.04706 1.12879 5.15481 0.0130488 -0.041399 -0.090088 
qwerty 290 109 0.0456066 0 -2.04679 1.12794 5.15296 0.0130488 -0.041399 -0.090088 
qwerty 108 86 0 0.510999 0.743932 -0.330622 3.8 -0.0697014 -0.0678249 -0.0232701 
qwerty 107 86 0 0.510999 2.24159 1.12672 4.3 0.0697014 0.0678249 0.0232701 
qwerty 106 86 0.00029101 0 1.97508 0.867948 4.21257 -0.0482562 0.0131417 0.0865947 
qwerty 295 106 0.00275851 0 1.97508 0.867935 4.21256 -0.0305869 -0.0903951 -0.029886 
qwerty 104 86 0 0.0256346 2.02623 -0.0641435 4.02643 0.0945749 -0.0300967 0.0122388 
qwerty 104 86 0.00029101 0 2.54385 -0.228868 4.09342 0.0945749 -0.0300967 0.0122388 
qwerty 298 104 0.0253436 0 2.54441 -0.22917 4.09308 0.0773632 -0.0420035 -0.0474408 
qwerty 297 104 0.0006083 0 2.02623 -0.0641427 4.02643 -0.0180049 0.0679262 -0.0711467 
qwerty 103 86 0 0.102167 1.59873 -0.432684 4.3 0.0116154 0.0878947 0.0462558 
qwerty 102 86 0 1.51026 1.5265 -1.25 3.94679 0.0144947 0.0851737 0.0503523 
qwerty 102 86 0 1.51026 1.62818 -0.65253 4.3 0.0144947 0.0851737 0.0503523 
qwerty 102 86 0 1.51026 1.82249 0.489269 4.975 0.0144947 0.0851737 0.0503523 
qwerty 102 86 0 1.51026 1.95195 1.25 5.42472 0.0144947 0.0851737 0.0503523 
qwerty 102 86 0 1.51026 2.0168 1.63107 5.65 0.0144947 0.0851737 0.0503523 
qwerty 102 86 0 1.51026 2.21111 2.77287 6.325 0.0144947 0.0851737 0.0503523 
qwerty 102 86 0 1.51026 2.37739 3.75 6.90265 0.0144947 0.0851737 0.0503523 
qwerty 102 86 0 1.51026 2.40542 3.91467 7 0.0144947 0.0851737 0.0503523 
qwerty 102 86 0 1.51026 2.59973 5.05647 7.675 0.0144947 0.0851737 0.0503523 
qwerty 102 86 0 1.51026 2.79404 6.19827 8.35 0.0144947 0.0851737 0.0503523 
qwerty 102 86 0 1.51026 2.98835 7.34007 9.025 0.0144947 0.0851737 0.0503523 
qwerty 102 86 0 1.51026 3.18266 8.48187 9.7 0.0144947 0.0851737 0.0503523 
qwerty 102 86 0 1.51026 3.37697 9.62367 10.375 0.0144947 0.0851737 0.0503523 
qwerty 99 86 0 0.456431 1.85748 -1.25 4.24834 0.0504083 0.0459877 0.0731036 
qwerty 99 86 0 0.456431 1.8931 -1.2175 4.3 0.0504083 0.0459877 0.0731036 
qwerty 95 86 0 0.593532 0.54989 -0.959888 2.275 0.00495953 -0.0524348 0.0850058 
qwerty 93 86 0 2.0326 0.760634 -0.793172 2.275 0.036129 -0.030641 0.0880672 
qwerty 93 86 0 2.0326 1.03755 -1.02802 2.95 0.036129 -0.030641 0.0880672 
qwerty 93 86 0 2.0326 1.25 -1.2082 3.46787 0.036129 -0.030641 0.0880672 
qwerty 93 86 0 2.0326 1.31446 -1.26287 3.625 0.036129 -0.030641 0.0880672 
qwerty 93 86 0 2.0326 1.59138 -1.49772 4.3 0.036129 -0.030641 0.0880672 
qwerty 93 86 0 2.0326 1.86829 -1.73257 4.975 0.036129 -0.030641 0.0880672 
qwerty 93 86 0 2.0326 2.14521 -1.96743 5.65 0.036129 -0.030641 0.0880672 
qwerty 93 86 0 2.0326 2.42212 -2.20228 6.325 0.036129 -0.030641 0.0880672 
qwerty 93 86 0 2.0326 2.69903 -2.43713 7 0.036129 -0.030641 0.0880672 
qwerty 93 86 0 2.0326 2.97595 -2.67198 7.675 0.036129 -0.030641 0.0880672 
qwerty 93 86 0 2.0326 3.25286 -2.90683 8.35 0.036129 -0.030641 0.0880672 
qwerty 93 86 0 2.0326 3.52978 -3.14168 9.025 0.036129 -0.030641 0.0880672 
qwerty 93 86 0 2.0326 3.80669 -3.37653 9.7 0.036129 -0.030641 0.0880672 
qwerty 93 86 0 2.0326 4.08361 -3.61138 10.375 0.036129 -0.030641 0.0880672 
qwerty 93 86 0 2.0326 4.24705 -3.75 10.7734 0.036129 -0.030641 0.0880672 
qwerty 93 86 0 2.0326 4.36052 -3.84623 11.05 0.036129 -0.030641 0.0880672 
qwerty 93 86 0 0.771025 4.61316 -4.06049 11.6658 0.0233157 0.0585455 0.0776454 
qwerty 93 86 0 0.771025 4.63093 -4.01588 11.725 0.0233157 0.0585455 0.0776454 
qwerty 93 86 0 0.203858 4.78292 -4.13136 11.225 0.0208223 -0.0282436 -0.0936415 
qwerty 93 86 0 0.203858 4.93302 -4.33495 10.55 0.0208223 -0.0282436 -0.0936415 
qwerty 310 93 0.131411 1.13016 4.6407 -4.11385 11.725 0.0525961 -0.0712395 0.0464606 
qwerty 310 93 0.112606 0.804683 4.62433 -4.1099 11.6599 -0.068866 0.0266184 -0.0674458 
qwerty 310 93 0.104774 0.699909 4.59824 -4.09462 11.6176 -0.0565943 0.00167162 -0.0824275 
qwerty 310 93 0.0998086 0.600101 4.54565 -4.07865 11.5743 -0.0433834 0.00592919 -0.089904 
qwerty 310 93 0.163141 0.436959 4.468 -4.0896 11.5175 -0.080454 0.0107083 -0.0584164 
qwerty 310 93 0.365358 0.0716014 4.39938 -4.08047 11.4676 -0.0949858 0.00285485 -0.0311376 
qwerty 310 93 0.0716014 0 4.39508 -4.08034 11.4662 -0.0949858 0.00285485 -0.0311376 
qwerty 91 86 0 11.371 0.377563 -0.486939 1.6 0.0127624 -0.0240002 0.0962347 
qwerty 91 86 0 11.371 0.46708 -0.655279 2.275 0.0127624 -0.0240002 0.0962347 
qwerty 91 86 0 11.371 0.556597 -0.823619 2.95 0.0127624 -0.0240002 0.0962347 
qwerty 91 86 0 11.371 0.646114 -0.991959 3.625 0.0127624 -0.0240002 0.0962347 
qwerty 314 91 0.699198 3.49497 0.853611 -1.25 4.04872 0.0175806 -0.088897 0.0422877 
qwerty 314 91 0.961669 2.52469 0.900329 -1.69291 4.26814 0.0356056 -0.0737034 0.057446 
qwerty 314 91 0.0758056 2.44889 0.920078 -1.73379 4.3 0.0445946 -0.0560509 0.0697826 
qwerty 317 314 0 0.00861129 0.923231 -1.73966 4.3 0.0375247 -0.0765931 0.0522054 
qwerty 316 314 0 0.179473 0.464297 -1.20027 3.99304 0.0103986 0.0437842 0.0893018 
qwerty 316 314 0 0.179473 0.50004 -1.04977 4.3 0.0103986 0.0437842 0.0893018 
qwerty 316 314 0 0.179473 0.578639 -0.71882 4.975 0.0103986 0.0437842 0.0893018 
qwerty 319 316 0.0626413 0 0.462237 -1.20319 3.99294 -0.0575168 -0.081751 -0.00293076 
qwerty 90 86 0 0.775563 0.469646 -0.44497 1.6 0.0273355 -0.0176278 0.0945623 
qwerty 90 86 0 0.775563 0.664771 -0.5708 2.275 0.0273355 -0.0176278 0.0945623 
qwerty 90 86 0 0.775563 0.859896 -0.69663 2.95 0.0273355 -0.0176278 0.0945623 
qwerty 90 86 0 0.775563 1.05502 -0.82246 3.625 0.0273355 -0.0176278 0.0945623 
qwerty 90 86 0 0.775563 1.25015 -0.94829 4.3 0.0273355 -0.0176278 0.0945623 
qwerty 90 86 0 0.775563 1.44527 -1.07412 4.975 0.0273355 -0.0176278 0.0945623 
qwerty 90 86 0 0.775563 1.64039 -1.19995 5.65 0.0273355 -0.0176278 0.0945623 
qwerty 90 86 0 0.775563 1.83552 -1.32578 6.325 0.0273355 -0.0176278 0.0945623 
qwerty 90 86 0 0.195358 1.50532 -1.97763 5.95671 0.05056 -0.0861365 0.00491751 
qwerty 90 86 0 0.173315 2.70758 -4.02586 6.07364 -0.0305041 -0.094984 0.00689475 
qwerty 90 86 0 0.173315 1.59549 -7.48869 6.325 -0.0305041 -0.094984 0.00689475 
qwerty 90 86 0 0.10782 2.15331 -7.0031 5.825 0.0606237 0.0600209 -0.0521753 
qwerty 323 90 0.0220431 0 2.70814 -4.02588 6.07363 0.0999591 -0.00240806 -0.00154439 
qwerty 322 90 0.0517944 0 1.50316 -1.97792 5.95536 -0.0843556 -0.0113158 -0.0524984 
qwerty 89 86 0 13.7918 0.432547 -0.50688 1.6 0.0216435 -0.0268771 0.0938572 
qwerty 89 86 0 13.7918 0.588202 -0.700174 2.275 0.0216435 -0.0268771 0.0938572 
qwerty 89 86 0 13.7918 0.743858 -0.893469 2.95 0.0216435 -0.0268771 0.0938572 
qwerty 89 86 0 13.7918 0.899513 -1.08676 3.625 0.0216435 -0.0268771 0.0938572 
qwerty 89 86 0 13.7918 1.03096 -1.25 4.19504 0.0216435 -0.0268771 0.0938572 
qwerty 89 86 0 13.7918 1.05517 -1.28006 4.3 0.0216435 -0.0268771 0.0938572 
qwerty 89 86 0 13.7918 1.21082 -1.47335 4.975 0.0216435 -0.0268771 0.0938572 
qwerty 89 86 0 13.7918 1.36648 -1.66665 5.65 0.0216435 -0.0268771 0.0938572 
qwerty 89 86 0 13.7918 1.52214 -1.85994 6.325 0.0216435 -0.0268771 0.0938572 
qwerty 89 86 0 13.7918 1.67779 -2.05323 7 0.0216435 -0.0268771 0.0938572 
qwerty 89 86 0 13.7918 1.83345 -2.24653 7.675 0.0216435 -0.0268771 0.0938572 
qwerty 326 89 0.872299 6.28522 2.02704 -2.42119 8.35 0.0267582 -0.0193105 0.0943986 
qwerty 326 89 1.12139 3.79917 1.43408 -2.44978 8.18959 -0.097988 0.0173516 0.00986291 
qwerty 326 89 0.979584 2.81958 0.919198 -2.25488 8.21622 -0.0974621 0.0210084 0.00773256 
qwerty 326 89 0.509182 2.25614 0.616732 -2.11642 8.20653 -0.0706643 0.0638741 0.030441 
qwerty 326 89 0.0306863 1.63771 0.603869 -2.10357 8.2137 -0.0455062 0.0645689 0.0613191 
qwerty 326 89 0.3899 1.24781 0.502716 -1.96004 8.35 -0.0351852 0.0376941 0.0856805 
qwerty 326 89 0.142402 0.965105 0.47124 -2.03283 8.28901 -0.0379565 -0.00460678 -0.0924017 
qwerty 326 89 0.191181 0.773923 0.42838 -2.03066 8.19685 -0.0184886 -0.0137571 -0.0973083 
qwerty 326 89 0.163081 0.610842 0.424221 -2.0432 8.10917 -0.0528328 -0.0475242 -0.0703573 
qwerty 326 89 0.318521 0.29232 0.406054 -2.16378 8.04648 -0.00519128 -0.0736434 -0.0674515 
qwerty 326 89 0.29232 0 0.403616 -2.19837 8.0148 -0.00519128 -0.0736434 -0.0674515 
qwerty 332 326 0.216979 0.370761 0.538404 -2.09227 8.21769 -0.060346 0.0585536 0.054128 
qwerty 332 326 0.290506 0.0802543 0.497628 -2.0527 8.25426 -0.0548976 -0.0353792 -0.0757269 
qwerty 332 326 0.0802543 0 0.494598 -2.05465 8.25008 -0.0548976 -0.0353792 -0.0757269 
qwerty 331 326 0 0.0542623 0.310144 -1.87776 8.35 -0.0740249 0.057623 0.0346396 
qwerty 330 326 0.00029101 0 1.4339 -2.44974 8.18962 -0.0961498 0.0206918 0.0180851 
qwerty 334 330 0.0021199 0 1.43389 -2.44974 8.18963 -0.0710517 -0.0659783 0.0244648 
qwerty 329 326 0 0.370723 2.73465 -3.3912 7.85 0.0547252 -0.0734331 -0.0401587 
qwerty 329 326 0 0.370723 3.65449 -4.62549 7.175 0.0547252 -0.0734331 -0.0401587 
qwerty 328 326 0 0.309349 1.70257 -2.39457 8.35 -0.0258023 -0.0197472 0.0945743 
qwerty 328 326 0 0.309349 1.51841 -2.53551 9.025 -0.0258023 -0.0197472 0.0945743 
qwerty 88 86 0 3.06234 0.27438 -0.319543 0.925 0.0208039 -0.0308148 0.0928313 
qwerty 88 86 0 3.06234 0.42565 -0.543605 1.6 0.0208039 -0.0308148 0.0928313 
qwerty 88 86 0 3.06234 0.57692 -0.767668 2.275 0.0208039 -0.0308148 0.0928313 
qwerty 88 86 0 3.06234 0.72819 -0.991731 2.95 0.0208039 -0.0308148 0.0928313 
qwerty 88 86 0 3.06234 0.87946 -1.21579 3.625 0.0208039 -0.0308148 0.0928313 
qwerty 88 86 0 3.06234 1.03073 -1.43986 4.3 0.0208039 -0.0308148 0.0928313 
qwerty 88 86 0 3.06234 1.182 -1.66392 4.975 0.0208039 -0.0308148 0.0928313 
qwerty 88 86 0 3.06234 1.33327 -1.88798 5.65 0.0208039 -0.0308148 0.0928313 
qwerty 88 86 0 3.06234 1.48454 -2.11204 6.325 0.0208039 -0.0308148 0.0928313 
qwerty 88 86 0 3.06234 1.63581 -2.33611 7 0.0208039 -0.0308148 0.0928313 
qwerty 88 86 0 3.06234 1.78708 -2.56017 7.675 0.0208039 -0.0308148 0.0928313 
qwerty 88 86 0 3.06234 1.93835 -2.78423 8.35 0.0208039 -0.0308148 0.0928313 
qwerty 88 86 0 3.06234 2.08962 -3.00829 9.025 0.0208039 -0.0308148 0.0928313 
qwerty 88 86 0 3.06234 2.24089 -3.23236 9.7 0.0208039 -0.0308148 0.0928313 
qwerty 88 86 0 3.06234 2.39216 -3.45642 10.375 0.0208039 -0.0308148 0.0928313 
qwerty 88 86 0 3.06234 2.54343 -3.68048 11.05 0.0208039 -0.0308148 0.0928313 
qwerty 88 86 0 3.06234 2.6947 -3.90454 11.725 0.0208039 -0.0308148 0.0928313 
qwerty 88 86 0 3.05586 2.86228 -4.12773 12.4 0.0233937 -0.0304987 0.0923177 
qwerty 88 86 0 3.05586 3.03333 -4.35073 13.075 0.0233937 -0.0304987 0.0923177 
qwerty 88 86 0 3.05586 3.20438 -4.57372 13.75 0.0233937 -0.0304987 0.0923177 
qwerty 88 86 0 3.05586 3.37543 -4.79672 14.425 0.0233937 -0.0304987 0.0923177 
qwerty 88 86 0 3.05586 3.54648 -5.01972 15.1 0.0233937 -0.0304987 0.0923177 
qwerty 88 86 0 3.05586 3.71753 -5.24272 15.775 0.0233937 -0.0304987 0.0923177 
qwerty 88 86 0 3.05586 3.88857 -5.46572 16.45 0.0233937 -0.0304987 0.0923177 
qwerty 88 86 0 3.05586 4.05962 -5.68871 17.125 0.0233937 -0.0304987 0.0923177 
qwerty 88 86 0 3.05586 4.23067 -5.91171 17.8 0.0233937 -0.0304987 0.0923177 
qwerty 88 86 0 3.05586 4.40172 -6.13471 18.475 0.0233937 -0.0304987 0.0923177 
qwerty 88 86 0 3.05586 4.49015 -6.25 18.824 0.0233937 -0.0304987 0.0923177 
qwerty 88 86 0 3.05586 4.57277 -6.35771 19.15 0.0233937 -0.0304987 0.0923177 
qwerty 88 86 0 3.05586 4.74381 -6.5807 19.825 0.0233937 -0.0304987 0.0923177 
qwerty 88 86 0 0.242475 4.59814 -6.1716 19.325 -0.0220724 0.0610089 -0.0760968 
qwerty 88 86 0 0.242475 4.40236 -5.63043 18.65 -0.0220724 0.0610089 -0.0760968 
qwerty 87 86 0 7.77064 0.306982 -0.339105 0.925 0.0255507 -0.0335726 0.0906644 
qwerty 87 86 0 7.77064 0.497208 -0.589055 1.6 0.0255507 -0.0335726 0.0906644 
qwerty 87 86 0 7.77064 0.687434 -0.839004 2.275 0.0255507 -0.0335726 0.0906644 
qwerty 341 87 0.699587 1.5886 0.436777 -1.06448 2.7405 -0.0281066 0.0163799 0.0945606 
qwerty 341 87 0.42237 1.16623 0.374507 -1.02819 2.95 0.00481041 0.0252855 0.0966308 
qwerty 248 132 0 8.22723 -2.24049 2.36047 4.475 -0.0585635 0.0809606 -0.00396142 
qwerty 248 132 0.902591 6.55765 -2.35838 2.80956 4.62583 -0.0271041 0.0854429 0.044327 
qwerty 248 132 0.759824 5.79502 -2.53469 3.22017 4.84726 -0.0241216 0.0896069 0.037266 
qwerty 248 132 0.612895 5.18213 -2.61737 3.52732 4.975 -0.0314682 0.0948547 -0.00351187 
qwerty 248 132 0.00803518 3.1126 -2.61967 3.53394 4.97482 -0.00645246 0.0980081 -0.0187825 
qwerty 248 132 0.8498 2.2628 -2.72563 3.99032 4.92839 -0.0327317 0.0942049 -0.00735359 
qwerty 248 132 0.637939 1.62486 -2.88137 4.31996 4.96273 -0.0454166 0.0829636 0.0324712 
qwerty 248 132 0.0576425 1.56722 -2.89854 4.35132 4.975 -0.0471343 0.0836858 0.0278397 
qwerty 248 132 0.493001 1.02064 -3.09036 4.53045 4.97371 -0.0592914 0.0803134 0.0058558 
qwerty 248 132 0.0320449 0.988593 -3.10342 4.54814 4.975 -0.070869 0.0703767 -0.00496942 
qwerty 248 132 0.135759 0.852834 -3.15808 4.60777 4.96977 -0.0222773 0.0879077 0.0421421 
qwerty 248 132 0.0159647 0.836869 -3.16084 4.61868 4.975 -0.0400266 0.0900299 0.0171024 
qwerty 248 132 0.132427 0.547436 -3.13532 4.65104 4.95264 -0.0374944 0.0873361 -0.0310899 
qwerty 248 132 0.058526 0.48891 -3.14156 4.67752 4.93617 -0.0575398 0.00812124 -0.0813831 
qwerty 248 132 0.0577117 0.431199 -3.15454 4.68642 4.91263 -0.00189464 0.019668 -0.0980285 
qwerty 248 132 0.0711369 0.360062 -3.14243 4.68758 4.87716 0.0544412 0.0481749 -0.0686684 
qwerty 248 132 0.088891 0.271171 -3.14146 4.71837 4.83618 -0.0101782 0.099449 0.00250952 
qwerty 248 132 0.271171 0 -3.14569 4.7597 4.83722 -0.0101782 0.099449 0.00250952 
qwerty 248 132 0 0 -3.14569 4.7597 4.83722 -0.0101782 0.099449 0.00250952 
qwerty 353 248 0.000737057 2.06075 -2.62015 3.53448 4.975 -0.0649496 0.071782 0.0250778 
qwerty 353 248 0.503714 0.939797 -2.55202 3.60453 4.76158 0.0488672 0.0708337 -0.0509371 
qwerty 353 248 0.432416 0.507381 -2.37478 3.71386 4.72635 0.0864225 -0.0147953 -0.0480859 
qwerty 353 248 0.323701 0.18368 -2.28595 3.69865 4.67692 -0.0651661 0.000976514 -0.0758448 
qwerty 353 248 0.18368 0 -2.30054 3.69887 4.65995 -0.0651661 0.000976514 -0.0758448 
qwerty 356 353 0 0.442486 -2.83693 5.00639 4.475 -0.0136408 0.0936996 -0.0321608 
qwerty 356 353 0 0.442486 -3.01798 6.25 4.04815 -0.0136408 0.0936996 -0.0321608 
qwerty 356 353 0 0.442486 -3.12323 6.97299 3.8 -0.0136408 0.0936996 -0.0321608 
qwerty 356 353 0 0.21171 -3.52407 6.95448 3.125 -0.0440737 -0.057655 -0.0687997 
qwerty 355 248 0 0.510999 -3.26202 4.91432 4.975 -0.0489747 0.0650918 0.0580047 
qwerty 355 248 0 0.510999 -3.83194 5.67179 5.65 -0.0489747 0.0650918 0.0580047 
qwerty 355 248 0 0.510999 -4.40186 6.42926 6.325 -0.0489747 0.0650918 0.0580047 
qwerty 355 248 0 0.510999 -4.97178 7.18674 7 -0.0489747 0.0650918 0.0580047 
qwerty 354 248 0 0.510999 -2.83986 4.35323 4.475 0.0489747 -0.0650918 -0.0580047 
qwerty 354 248 0 0.510999 -2.386 3.75 3.93745 0.0489747 -0.0650918 -0.0580047 
qwerty 354 248 0 0.22509 -2.36842 3.72664 3.91664 0.00417087 -0.0377771 0.0924959 
qwerty 354 248 0 0.22509 -2.35114 3.57007 4.3 0.00417087 -0.0377771 0.0924959 
qwerty 360 354 0.0267647 0.259144 -2.36153 3.71783 3.90784 0.0892154 -0.0280674 -0.0353954 
qwerty 360 354 0.0488033 0.210341 -2.34966 3.70767 3.89571 0.0470157 -0.0879605 -0.00724439 
qwerty 360 354 0.0607951 0.149546 -2.33493 3.69316 3.90288 0.00634964 -0.0625972 0.0777256 
qwerty 360 354 0.149546 0 -2.33391 3.68318 3.91527 0.00634964 -0.0625972 0.0777256 
qwerty 352 248 0.00029101 0 -2.53528 3.22231 4.84812 -0.024961 0.0898782 0.0360396 
qwerty 362 352 0.00251007 0 -2.53529 3.22232 4.84812 -0.0515474 0.0856777 0.00148435 
qwerty 351 248 0 0.0297897 -2.56409 3.46897 4.975 -0.0265776 0.0851963 0.0451134 
qwerty 350 248 0 0.491012 -2.75566 3.13226 4.975 -0.0486668 0.0731788 0.0477117 
qwerty 350 248 0 0.491012 -3.16648 3.75 5.37776 -0.0486668 0.0731788 0.0477117 
qwerty 350 248 0 0.491012 -3.44417 4.16756 5.65 -0.0486668 0.0731788 0.0477117 
qwerty 350 248 0 0.491012 -3.75 4.62742 5.94983 -0.0486668 0.0731788 0.0477117 
qwerty 350 248 0 0.491012 -4.13268 5.20285 6.325 -0.0486668 0.0731788 0.0477117 
qwerty 350 248 0 0.491012 -4.82119 6.23815 7 -0.0486668 0.0731788 0.0477117 
qwerty 346 315 0 0.413483 1.25 -0.913607 3.12818 0.0663991 0.0237347 -0.0709071 
qwerty 346 315 0 0.413483 1.25298 -0.912543 3.125 0.0663991 0.0237347 -0.0709071 
qwerty 346 315 0 0.413483 1.88506 -0.686601 2.45 0.0663991 0.0237347 -0.0709071 
qwerty 346 315 0 0.413483 2.51715 -0.460659 1.775 0.0663991 0.0237347 -0.0709071 
qwerty 346 315 0 0.413483 3.14923 -0.234716 1.1 0.0663991 0.0237347 -0.0709071 
qwerty 346 315 0 0.413483 3.75 -0.0199699 0.458447 0.0663991 0.0237347 -0.0709071 
qwerty 346 315 0 0.413483 3.78132 -0.00877407 0.425 0.0663991 0.0237347 -0.0709071 
qwerty 346 315 0 0.413483 4.41341 0.217168 -0.25 0.0663991 0.0237347 -0.0709071 
qwerty 342 341 0 0.510999 1.25 -0.562534 3.5716 0.0753605 0.0383947 0.053354 
qwerty 342 341 0 0.510999 1.32542 -0.524107 3.625 0.0753605 0.0383947 0.053354 
qwerty 237 134 1.77391 6.36162 -4.43946 9.16745 10.375 -0.0386589 0.0918753 0.00802563 
qwerty 230 185 0.129375 0.833989 2.34013 -3.68446 6.27485 -0.0774691 0.00482738 -0.0630494 
qwerty 230 185 0.103063 0.730927 2.29847 -3.66306 6.21695 -0.070343 0.0563412 -0.0433304 
qwerty 230 185 0.111772 0.619155 2.23068 -3.64409 6.18423 -0.088263 0.0449431 -0.0137755 
qwerty 230 185 0.179993 0.439162 2.14776 -3.62967 6.17002 -0.0644719 0.075183 -0.0138159 
qwerty 230 185 0.260073 0.179089 2.12628 -3.55955 6.14649 0.0589251 0.0763447 0.0264446 
qwerty 230 185 0.179089 0 2.13878 -3.54335 6.1521 0.0589251 0.0763447 0.0264446 
qwerty 230 185 0 0 2.13878 -3.54335 6.1521 0.0589251 0.0763447 0.0264446 
qwerty 182 135 0.782407 35.0731 0.275325 -0.179936 0.925 0.0223289 -0.00441919 0.097375 
qwerty 182 135 1.74211 19.6837 0.913896 0.309276 1.6 0.0690833 0.0567233 0.0448327 
qwerty 182 135 1.45164 5.19403 1.7832 0.420125 1.1 0.0535327 -0.0285741 -0.0794844 
qwerty 165 146 0.0437055 1.31578 7.68072 -2.04322 27.25 -0.00155461 -0.0192663 0.0981142 
qwerty 144 140 0.425627 3.02908 0.170223 -0.572134 4.02192 -0.059612 -0.0198443 0.0777985 
qwerty 144 140 0.900384 2.1287 -0.0428534 -0.643066 4.3 -0.0280152 0.0810304 0.0514707 
qwerty 409 144 0 0.510999 0.42194 -1.50533 4.975 0.0401939 -0.0744169 0.0533533 
qwerty 409 144 0 0.510999 0.930454 -2.44682 5.65 0.0401939 -0.0744169 0.0533533 
qwerty 409 144 0 0.510999 1.25 -3.03844 6.07416 0.0401939 -0.0744169 0.0533533 
qwerty 409 144 0 0.510999 1.43897 -3.38831 6.325 0.0401939 -0.0744169 0.0533533 
qwerty 408 144 0 0.510999 -0.463252 0.133554 3.8 -0.0401939 0.0744169 -0.0533533 
qwerty 408 144 0 0.510999 -0.971766 1.07504 3.125 -0.0401939 0.0744169 -0.0533533 
qwerty 407 144 0 0.259616 -0.04437 -0.663764 4.3 -0.059115 -0.0252418 0.0766046 
qwerty 407 144 0 0.259616 -0.56526 -0.886181 4.975 -0.059115 -0.0252418 0.0766046 
qwerty 406 144 0 2.48821 0.398843 -0.728236 4.3 0.0094817 -0.0452806 0.0886553 
qwerty 406 144 0 2.48821 0.471034 -1.07299 4.975 0.0094817 -0.0452806 0.0886553 
qwerty 406 144 0 2.48821 0.508099 -1.25 5.32157 0.0094817 -0.0452806 0.0886553 
qwerty 406 144 0 2.48821 0.543225 -1.41775 5.65 0.0094817 -0.0452806 0.0886553 
qwerty 406 144 0 2.48821 0.615417 -1.7625 6.325 0.0094817 -0.0452806 0.0886553 
qwerty 406 144 0 1.92466 0.814025 -2.4514 7 0.0204901 -0.0706545 0.0677355 
qwerty 406 144 0 1.92466 1.01821 -3.15549 7.675 0.0204901 -0.0706545 0.0677355 
qwerty 406 144 0 1.92466 1.19062 -3.75 8.24495 0.0204901 -0.0706545 0.0677355 
qwerty 406 144 0 1.92466 1.2224 -3.85958 8.35 0.0204901 -0.0706545 0.0677355 
qwerty 406 144 0 1.92466 1.42659 -4.56367 9.025 0.0204901 -0.0706545 0.0677355 
qwerty 417 415 0 0.819818 1.30474 -4.90371 8.525 -0.0224873 -0.0422623 -0.0877964 
qwerty 417 415 0 0.819818 1.13185 -5.22864 7.85 -0.0224873 -0.0422623 -0.0877964 
qwerty 417 415 0 0.819818 0.958965 -5.55356 7.175 -0.0224873 -0.0422623 -0.0877964 
qwerty 417 415 0 0.819818 0.786077 -5.87848 6.5 -0.0224873 -0.0422623 -0.0877964 
qwerty 417 415 0 0.819818 0.613189 -6.20341 5.825 -0.0224873 -0.0422623 -0.0877964 
qwerty 417 415 0 0.819818 0.440301 -6.52833 5.15 -0.0224873 -0.0422623 -0.0877964 
qwerty 417 415 0 0.819818 0.267413 -6.85325 4.475 -0.0224873 -0.0422623 -0.0877964 
qwerty 417 415 0 0.819818 0.0945247 -7.17818 3.8 -0.0224873 -0.0422623 -0.0877964 
qwerty 417 415 0 0.819818 -0.0783634 -7.5031 3.125 -0.0224873 -0.0422623 -0.0877964 
qwerty 417 415 0 0.819818 -0.251252 -7.82802 2.45 -0.0224873 -0.0422623 -0.0877964 
qwerty 417 415 0 0.819818 -0.42414 -8.15295 1.775 -0.0224873 -0.0422623 -0.0877964 
qwerty 417 415 0 0.819818 -0.597028 -8.47787 1.1 -0.0224873 -0.0422623 -0.0877964 
qwerty 417 415 0 0.819818 -0.769916 -8.80279 0.425 -0.0224873 -0.0422623 -0.0877964 
qwerty 417 415 0 0.819818 -0.942804 -9.12771 -0.25 -0.0224873 -0.0422623 -0.0877964 
qwerty 416 415 0 0.39754 0.883786 -4.71336 9.7 -0.0671207 -0.0104086 0.0733926 
qwerty 416 415 0 0.39754 0.266469 -4.80909 10.375 -0.0671207 -0.0104086 0.0733926 
qwerty 416 415 0 0.39754 -0.350848 -4.90482 11.05 -0.0671207 -0.0104086 0.0733926 
qwerty 405 144 0 4.45688 0.513626 -0.657022 4.3 0.030212 -0.0339882 0.089062 
qwerty 405 144 0 4.45688 0.742603 -0.914619 4.975 0.030212 -0.0339882 0.089062 
qwerty 420 405 0 1.59311 0.8141 -0.954759 5.15 0.0425215 -0.0885176 -0.018883 
qwerty 420 405 0 0.714974 0.834591 -0.965489 5.15 0.0141523 -0.067757 -0.0721713 
qwerty 404 156 0 0.510999 -2.68995 0.687074 4.975 -0.0537226 0.0773008 0.0337413 
qwerty 404 156 0 0.49058 -3.17861 1.25 5.23547 -0.0715833 0.0633399 0.0293919 
qwerty 404 156 0 0.49058 -4.18819 2.14331 5.65 -0.0715833 0.0633399 0.0293919 
qwerty 404 156 0 0.49058 -5.83213 3.59795 6.325 -0.0715833 0.0633399 0.0293919 
qwerty 403 156 0 0.504117 -1.21027 -1.25 4.13308 0.0668725 -0.0683329 -0.0293033 
qwerty 403 156 0 0.504117 -0.450145 -2.02672 3.8 0.0668725 -0.0683329 -0.0293033 
qwerty 403 156 0 0.504117 1.09026 -3.60076 3.125 0.0668725 -0.0683329 -0.0293033 
qwerty 403 156 0 0.504117 2.63066 -5.17481 2.45 0.0668725 -0.0683329 -0.0293033 
qwerty 402 156 0 0.896143 -2.40084 -0.111835 3.8 -0.0573412 0.0437656 -0.0692572 
qwerty 402 156 0 0.896143 -2.9597 0.314717 3.125 -0.0573412 0.0437656 -0.0692572 
qwerty 402 156 0 0.896143 -3.51857 0.741268 2.45 -0.0573412 0.0437656 -0.0692572 
qwerty 400 165 0 0.510999 7.30916 -1.94965 26.75 -0.054886 0.0173587 -0.0817692 
qwerty 400 165 0 0.510999 6.85607 -1.80636 26.075 -0.054886 0.0173587 -0.0817692 
qwerty 400 165 0 0.25844 6.60341 -1.71145 25.6097 -0.090275 0.00274218 0.0429291 
qwerty 400 165 0 0.25844 5.993 -1.69291 25.9 -0.090275 0.00274218 0.0429291 
qwerty 432 400 0.252559 0 6.60401 -1.70596 25.5728 0.00160389 0.0147052 -0.0988999 
qwerty 399 182 0 0.2183 1.70281 0.493105 1.41462 0.0565289 0.0795539 -0.0218098 
qwerty 399 182 0 0.2183 2.24064 1.25 1.20711 0.0565289 0.0795539 -0.0218098 
qwerty 399 182 0 0.2183 2.51826 1.64071 1.1 0.0565289 0.0795539 -0.0218098 
qwerty 434 399 0.292699 0 1.67733 0.484365 1.4532 -0.0541461 -0.0185712 0.0819958 
qwerty 398 182 0 0.510999 2.15891 0.367613 0.425 0.0415819 -0.011441 -0.0902222 
qwerty 393 182 0 0.429534 2.54508 0.393453 0.425 0.0735884 -0.00216761 -0.067676 
qwerty 393 182 0 0.429534 3.27905 0.371833 -0.25 0.0735884 -0.00216761 -0.067676 
qwerty 392 182 0 1.02334 1.7845 0.289009 1.1 0.0610419 -0.04126 -0.0676129 
qwerty 392 182 0 1.02334 2.3939 -0.122902 0.425 0.0610419 -0.04126 -0.0676129 
qwerty 392 182 0 1.02334 3.0033 -0.534813 -0.25 0.0610419 -0.04126 -0.0676129 
qwerty 391 182 0 0.914129 2.1565 1.11003 1.1 0.075762 0.0462894 -0.0460153 
qwerty 391 182 0 0.914129 3.26786 1.78905 0.425 0.075762 0.0462894 -0.0460153 
qwerty 391 182 0 0.645512 3.65128 2.02332 0.19212 0.0162884 0.0698399 -0.0696928 
qwerty 391 182 0 0.645512 3.75461 2.46637 -0.25 0.0162884 0.0698399 -0.0696928 
qwerty 442 391 0.0849308 0.183687 3.67659 2.03207 0.203361 0.0990181 0.0103991 -0.00934198 
qwerty 442 391 0.183687 0 3.69876 2.0344 0.20127 0.0990181 0.0103991 -0.00934198 
qwerty 388 182 0 1.22019 2.52097 0.820449 1.1 0.0898895 0.0213201 -0.0382797 
qwerty 388 182 0 1.22019 3.75 1.11195 0.576614 0.0898895 0.0213201 -0.0382797 
qwerty 388 182 0 1.22019 4.10602 1.19639 0.425 0.0898895 0.0213201 -0.0382797 
qwerty 388 182 0 0.370129 4.26973 1.52592 0.925 0.0260405 0.0530093 0.0806964 
qwerty 388 182 0 0.370129 4.48756 1.96932 1.6 0.0260405 0.0530093 0.0806964 
qwerty 384 182 0 0.121425 0.642462 0.162033 1.6 0.0427201 0.048002 0.0766211 
qwerty 383 182 0 0.895102 0.577445 -0.116506 1.6 0.0411197 0.0102832 0.0905728 
qwerty 383 182 0 0.895102 0.883893 -0.03987 2.275 0.0411197 0.0102832 0.0905728 
qwerty 382 182 0 10.3332 0.529581 -0.12034 1.6 0.0348555 0.00998467 0.0931955 
qwerty 382 182 0 10.3332 0.782033 -0.0480225 2.275 0.0348555 0.00998467 0.0931955 
qwerty 382 182 0 10.3332 1.03449 0.0242948 2.95 0.0348555 0.00998467 0.0931955 
qwerty 382 182 0 10.3332 1.25 0.0860307 3.52623 0.0348555 0.00998467 0.0931955 
qwerty 382 182 0 10.3332 1.28694 0.0966122 3.625 0.0348555 0.00998467 0.0931955 
qwerty 382 182 0 10.3332 1.53939 0.16893 4.3 0.0348555 0.00998467 0.0931955 
qwerty 382 182 0 10.3332 1.79184 0.241247 4.975 0.0348555 0.00998467 0.0931955 
qwerty 382 182 0 10.3332 2.0443 0.313564 5.65 0.0348555 0.00998467 0.0931955 
qwerty 382 182 0 10.3332 2.29675 0.385882 6.325 0.0348555 0.00998467 0.0931955 
qwerty 382 182 0 10.3332 2.5492 0.458199 7 0.0348555 0.00998467 0.0931955 
qwerty 382 182 0 10.3332 2.80166 0.530516 7.675 0.0348555 0.00998467 0.0931955 
qwerty 382 182 0 10.3332 3.05411 0.602834 8.35 0.0348555 0.00998467 0.0931955 
qwerty 382 182 0 10.3332 3.30656 0.675151 9.025 0.0348555 0.00998467 0.0931955 
qwerty 382 182 0 10.3332 3.55901 0.747468 9.7 0.0348555 0.00998467 0.0931955 
qwerty 382 182 0 10.3332 3.75 0.802178 10.2107 0.0348555 0.00998467 0.0931955 
qwerty 382 182 0 10.3332 3.81147 0.819786 10.375 0.0348555 0.00998467 0.0931955 
qwerty 381 230 0 0.510999 2.14764 -3.60414 6.325 0.00483193 -0.0331267 0.0942299 
qwerty 381 230 0 0.510999 2.16892 -3.75 6.73991 0.00483193 -0.0331267 0.0942299 
qwerty 381 230 0 0.510999 2.18226 -3.84143 7 0.00483193 -0.0331267 0.0942299 
qwerty 381 230 0 0.510999 2.21687 -4.07873 7.675 0.00483193 -0.0331267 0.0942299 
qwerty 380 230 0 0.510999 2.12201 -3.42836 5.825 -0.00483193 0.0331267 -0.0942299 
qwerty 380 230 0 0.510999 2.08739 -3.19106 5.15 -0.00483193 0.0331267 -0.0942299 
qwerty 380 230 0 0.510999 2.05278 -2.95376 4.475 -0.00483193 0.0331267 -0.0942299 
qwerty 380 230 0 0.510999 2.01817 -2.71647 3.8 -0.00483193 0.0331267 -0.0942299 
qwerty 379 230 0.00029101 0 2.33914 -3.68384 6.27472 -0.0843041 0.0526112 -0.0111749 
qwerty 463 379 0.00189176 0 2.33915 -3.68384 6.27472 0.0712092 0.0696449 0.00887894 
qwerty 378 237 0 0.810787 -5.58495 9.96222 9.875 -0.0801061 0.0463819 -0.0378383 
qwerty 378 237 0 0.810787 -7.01397 10.7896 9.2 -0.0801061 0.0463819 -0.0378383 
qwerty 378 237 0 0.810787 -8.44299 11.617 8.525 -0.0801061 0.0463819 -0.0378383 
qwerty 376 237 0 2.94455 -4.49041 10.0762 9.875 -0.00411236 0.0810079 -0.0584876 
qwerty 376 237 0 2.94455 -4.53787 11.0111 9.2 -0.00411236 0.0810079 -0.0584876 
qwerty 376 237 0 0.529103 -4.56505 10.9413 8.525 -0.0030539 -0.0404888 -0.0913856 
qwerty 421 405 0.015137 0.421712 0.814478 -0.95113 5.15064 0.0799235 0.0589035 -0.0119418 
qwerty 421 405 0.00992684 0.411785 0.818789 -0.947952 5.15 0.0727217 0.0647621 -0.0227467 
qwerty 475 466 0 0.371427 -6.1688 12.9044 8.525 -0.0667703 0.0713208 -0.0213324 
qwerty 474 421 0 0.510999 1.29404 -1.22711 5.65 0.0630423 -0.037991 0.0676931 
qwerty 473 421 0 0.510999 0.199766 -0.567668 4.475 -0.0630423 0.037991 -0.0676931 
qwerty 473 421 0 0.510999 -0.428859 -0.188842 3.8 -0.0630423 0.037991 -0.0676931 
qwerty 473 421 0 0.510999 -1.05748 0.189984 3.125 -0.0630423 0.037991 -0.0676931 
qwerty 471 460 0 0.510999 3.79704 1.25 10.6855 -0.0348556 0.0861979 0.0368103 
qwerty 471 460 0 0.510999 3.45193 2.10345 11.05 -0.0348556 0.0861979 0.0368103 
qwerty 482 468 0.0118034 0.327049 3.91397 0.825909 10.5547 -0.0508507 0.0729533 0.0457387 
qwerty 482 468 0.00972598 0.317323 3.91086 0.830903 10.5589 -0.0554702 0.0749831 0.0360637 
qwerty 482 468 0.0126118 0.304711 3.90844 0.836143 10.5606 -0.0424388 0.0833648 0.0353448 
qwerty 482 468 0.0127557 0.291956 3.90587 0.842337 10.5623 -0.0363736 0.0931109 -0.00270674 
qwerty 482 468 0.0124466 0.279509 3.90199 0.847988 10.5619 -0.0501496 0.0815714 -0.0288292 
qwerty 482 468 0.0103644 0.269145 3.89938 0.852724 10.5591 -0.0296399 0.0821904 -0.0486437 
qwerty 482 468 0.0142168 0.254928 3.89868 0.857997 10.5556 0.0213468 0.0969793 0.0118037 
qwerty 482 468 0.010597 0.244331 3.89863 0.863981 10.557 0.0135738 0.0876816 0.0461269 
qwerty 482 468 0.0322223 0.212109 3.90075 0.868479 10.56 0.0404448 0.0859382 0.0312865 
qwerty 482 468 0.0144452 0.197663 3.90519 0.874107 10.5611 0.0749048 0.0562783 0.0349574 
qwerty 482 468 0.0157426 0.181921 3.91026 0.87711 10.5642 0.0842635 -0.0502934 0.0192415 
qwerty 482 468 0.0205684 0.161352 3.91657 0.872229 10.5657 0.0848809 -0.00211567 0.0528275 
qwerty 482 468 0.0195109 0.141842 3.92308 0.873733 10.5707 0.0871196 0.0150139 0.0467415 
qwerty 482 468 0.0461488 0.0956928 3.93452 0.878991 10.5698 0.084619 0.0272084 0.0458184 
qwerty 482 468 0.0956928 0 3.94085 0.881027 10.5732 0.084619 0.0272084 0.0458184 
