qwerty 1 0 0 200 0 0 -0.249992 0 0 0.1 
qwerty 3 1 0 25.9177 3.40034e-05 -0.000136333 -0.25 0.0241649 -0.0968871 -0.00538029 
qwerty 2 1 0 309.059 -0.0101679 0.0407674 0.25 -0.00202648 0.00812497 0.0996488 
qwerty 2 1 0 309.059 -0.0238949 0.0958042 0.925 -0.00202648 0.00812497 0.0996488 
qwerty 5 2 1.03828 122.09 -0.0316442 0.188795 1.6 0.0012863 0.0160617 0.0986933 
qwerty 5 2 0.897016 77.2387 -0.0532479 0.360075 2.275 -0.000627772 0.0232426 0.0972594 
qwerty 5 2 0.898465 48.754 -0.000196037 0.538711 2.95 0.0122894 0.0270226 0.0954921 
qwerty 4 2 0.878138 70.925 -0.0156947 0.2193 1.6 0.00245131 0.0205567 0.0978336 
qwerty 4 2 0.385597 59.3185 -0.108611 0.40065 1.98069 -0.0253559 0.0495296 0.0830897 
qwerty 4 2 0.163477 58.6764 -0.137311 0.457938 2.07471 -0.0251284 0.0495863 0.0831249 
qwerty 4 2 0.434764 58.2416 -0.197859 0.577418 2.275 -0.0241059 0.0500424 0.0831545 
qwerty 4 2 0.832824 20.3116 -0.328376 0.929447 2.95 -0.0151881 0.0484695 0.0861396 
qwerty 4 2 0.913636 12.4 -0.735615 0.703484 3.24091 -0.0734188 -0.0618593 0.027984 
qwerty 4 2 1.09208 11.308 -1.25 0.270087 3.43697 -0.0822772 -0.0541603 0.0172371 
qwerty 4 2 1.98166 9.32629 -2.14752 -0.32072 3.625 -0.0788176 -0.0427642 0.0442607 
qwerty 4 2 1.09439 3.82409 -2.83033 -0.49936 4.19235 -0.0664833 -0.0373669 0.0646814 
qwerty 4 2 0.495252 3.32884 -2.94098 -0.561552 4.3 -0.0674124 -0.0378336 0.0634365 
qwerty 4 2 0.468617 1.5274 -3.27539 -0.565141 4.20791 -0.0918259 -0.0389857 0.00693699 
qwerty 4 2 0.36531 1.07224 -3.46525 -0.691556 4.16006 -0.0811714 -0.0584055 1.24154e-05 
qwerty 4 2 0.479912 0.592329 -3.56377 -0.899917 4.17765 -0.0466064 -0.0850311 0.0244448 
qwerty 4 2 0.316972 0.275358 -3.70144 -0.961632 4.19573 -0.0722764 -0.0228606 0.065219 
qwerty 4 2 0.275358 0 -3.73236 -0.971413 4.22363 -0.0722764 -0.0228606 0.065219 
qwerty 37 4 0.0971454 0.23245 -3.30738 -0.545754 4.18149 -0.0979543 -0.016688 0.0112456 
qwerty 37 4 0.23245 0 -3.33945 -0.551217 4.18517 -0.0979543 -0.016688 0.0112456 
qwerty 29 4 0.370023 0.108661 -0.173652 0.546639 2.07538 0.00379082 0.0315795 -0.094807 
qwerty 29 4 0.108661 0 -0.173299 0.549577 2.06656 0.00379082 0.0315795 -0.094807 
qwerty 40 25 0 0.632402 -0.110277 0.823474 1.1 -0.0142218 0.0731537 -0.0666804 
qwerty 40 25 0 0.632402 -0.254243 1.564 0.425 -0.0142218 0.0731537 -0.0666804 
qwerty 40 25 0 0.632402 -0.39821 2.30453 -0.25 -0.0142218 0.0731537 -0.0666804 
qwerty 39 25 0 0.724861 0.0602338 0.500141 2.275 0.00949088 0.0395576 0.0913516 
qwerty 39 25 0 0.724861 0.130362 0.792433 2.95 0.00949088 0.0395576 0.0913516 
qwerty 39 25 0 0.724861 0.200491 1.08473 3.625 0.00949088 0.0395576 0.0913516 
qwerty 39 25 0 0.666821 0.220375 1.25 3.87161 0.00389823 0.0686312 0.0726262 
qwerty 39 25 0 0.666821 0.243369 1.65482 4.3 0.00389823 0.0686312 0.0726262 
qwerty 39 25 0 0.666821 0.2796 2.29269 4.975 0.00389823 0.0686312 0.0726262 
qwerty 39 25 0 0.666821 0.315831 2.93056 5.65 0.00389823 0.0686312 0.0726262 
qwerty 39 25 0 0.666821 0.352062 3.56843 6.325 0.00389823 0.0686312 0.0726262 
qwerty 39 25 0 0.666821 0.362375 3.75 6.51714 0.00389823 0.0686312 0.0726262 
qwerty 39 25 0 0.428344 0.372401 3.92652 6.70393 -0.0795654 0.0391198 0.0462491 
qwerty 39 25 0 0.428344 -0.136947 4.17695 7 -0.0795654 0.0391198 0.0462491 
qwerty 39 25 0 0.428344 -1.25 4.7242 7.64699 -0.0795654 0.0391198 0.0462491 
qwerty 39 25 0 0.428344 -1.29819 4.7479 7.675 -0.0795654 0.0391198 0.0462491 
qwerty 43 39 0.238477 0 0.395216 3.94456 6.72173 0.0669035 0.0529087 0.0521977 
qwerty 38 4 0 0.0898443 -4.21641 -0.783504 3.8 -0.0896311 -0.0109716 -0.0429638 
qwerty 36 4 0 0.334875 -3.42297 -0.800508 3.8 -0.0631664 -0.0338656 -0.0697361 
qwerty 35 4 0 0.212327 -2.31429 -0.386325 3.84259 -0.000792914 -0.0249529 0.0968335 
qwerty 35 4 0 0.212327 -2.31803 -0.504195 4.3 -0.000792914 -0.0249529 0.0968335 
qwerty 48 35 0.00892621 0 -2.31438 -0.386376 3.84256 -0.0849186 -0.0459372 -0.02605 
qwerty 34 4 0 1.1376 -2.96213 -0.624323 4.3 -0.074328 -0.0255742 0.0618167 
qwerty 33 4 0 0.153938 -1.25 0.154566 3.42374 -0.0664438 -0.0709046 0.0236169 
qwerty 33 4 0 0.153938 -1.81622 -0.44967 3.625 -0.0664438 -0.0709046 0.0236169 
qwerty 32 4 0 3.93613 -0.563468 1.12349 3.625 -0.0345823 0.0255622 0.0902809 
qwerty 32 4 0 3.93613 -0.734624 1.25 4.07182 -0.0345823 0.0255622 0.0902809 
qwerty 32 4 0 3.93613 -0.822028 1.31461 4.3 -0.0345823 0.0255622 0.0902809 
qwerty 32 4 0 3.93613 -1.08059 1.50573 4.975 -0.0345823 0.0255622 0.0902809 
qwerty 32 4 0 3.93613 -1.33915 1.69685 5.65 -0.0345823 0.0255622 0.0902809 
qwerty 32 4 0 3.93613 -1.59771 1.88797 6.325 -0.0345823 0.0255622 0.0902809 
qwerty 32 4 0 3.93613 -1.85627 2.07909 7 -0.0345823 0.0255622 0.0902809 
qwerty 55 52 0 0.801706 -2.29051 2.44029 7.675 -0.0508546 0.0425478 0.0748565 
qwerty 55 52 0 0.801706 -2.74908 2.82396 8.35 -0.0508546 0.0425478 0.0748565 
qwerty 55 52 0 0.708186 -3.75 3.35403 9.00215 -0.0795556 0.0398219 0.0456632 
qwerty 55 52 0 0.708186 -3.78982 3.37396 9.025 -0.0795556 0.0398219 0.0456632 
qwerty 31 4 0 0.114577 -0.256884 0.954167 2.95 -0.00577966 0.0491632 0.0868883 
qwerty 30 4 0 34.5112 -0.282835 0.995342 2.95 -0.00975029 0.0538744 0.0836808 
qwerty 30 4 0 34.5112 -0.361484 1.42991 3.625 -0.00975029 0.0538744 0.0836808 
qwerty 30 4 0 0 -0.408621 1.69036 4.02954 -0.00975029 0.0538744 0.0836808 
qwerty 63 30 0.625313 8.56632 -0.420979 1.86633 4.3 -0.0545121 0.0758835 0.0356388 
qwerty 63 30 0 7.39299 -0.483264 1.93413 4.3 -0.0514886 0.0784248 0.0346191 
qwerty 67 63 0 1.16955 1.0448 2.75288 4.975 0.0871575 0.0386111 0.0302117 
qwerty 67 63 0 1.16955 2.9921 3.61555 5.65 0.0871575 0.0386111 0.0302117 
qwerty 67 63 0 1.16955 3.75 3.9513 5.91271 0.0871575 0.0386111 0.0302117 
qwerty 67 63 0 1.16955 4.9394 4.47821 6.325 0.0871575 0.0386111 0.0302117 
qwerty 67 63 0 1.16955 6.88671 5.34087 7 0.0871575 0.0386111 0.0302117 
qwerty 66 63 0 0.534826 -0.537017 1.82323 4.83221 0.0849922 -0.04525 0.0269956 
qwerty 66 63 0 0.534826 -0.0874551 1.58388 4.975 0.0849922 -0.04525 0.0269956 
qwerty 66 63 0 0.534826 0.539674 1.25 5.17419 0.0849922 -0.04525 0.0269956 
qwerty 66 63 0 0.534826 2.03769 0.452451 5.65 0.0849922 -0.04525 0.0269956 
qwerty 73 66 0.315112 0.333513 -0.573497 1.7678 4.89114 -0.0537715 -0.0591819 0.060051 
qwerty 73 66 0.133471 0.200043 -0.575605 1.74225 4.93664 -0.0113994 0.0515327 0.0849378 
qwerty 73 66 0.0715648 0.128478 -0.563581 1.76047 4.95151 0.00134824 0.0989674 0.0142704 
qwerty 73 66 0.128478 0 -0.563414 1.77271 4.95328 0.00134824 0.0989674 0.0142704 
qwerty 28 4 0 3.76377 -0.19857 0.576592 2.275 -0.0253769 0.0496324 0.0830219 
qwerty 28 4 0 3.76377 -0.404894 0.980123 2.95 -0.0253769 0.0496324 0.0830219 
qwerty 28 4 0 3.76377 -0.611218 1.38365 3.625 -0.0253769 0.0496324 0.0830219 
qwerty 28 4 0 3.76377 -0.817543 1.78719 4.3 -0.0253769 0.0496324 0.0830219 
qwerty 28 4 0 3.76377 -1.02387 2.19072 4.975 -0.0253769 0.0496324 0.0830219 
qwerty 28 4 0 2.18619 -1.15375 2.44473 5.3999 -0.0608833 0.0550252 0.0571442 
qwerty 28 4 0 2.18619 -1.42021 2.68556 5.65 -0.0608833 0.0550252 0.0571442 
qwerty 28 4 0 2.18619 -2.13937 3.33553 6.325 -0.0608833 0.0550252 0.0571442 
qwerty 28 4 0 0.807788 -2.21341 3.68449 7 0.0186263 0.0342108 0.0921015 
qwerty 28 4 0 0.807788 -2.0769 3.93522 7.675 0.0186263 0.0342108 0.0921015 
qwerty 28 4 0 0.807788 -1.94039 4.18594 8.35 0.0186263 0.0342108 0.0921015 
qwerty 28 4 0 0.807788 -1.80388 4.43667 9.025 0.0186263 0.0342108 0.0921015 
qwerty 28 4 0 0.807788 -1.66737 4.6874 9.7 0.0186263 0.0342108 0.0921015 
qwerty 28 4 0 0.807788 -1.53086 4.93812 10.375 0.0186263 0.0342108 0.0921015 
qwerty 28 4 0 0.807788 -1.39435 5.18885 11.05 0.0186263 0.0342108 0.0921015 
qwerty 28 4 0 0.807788 -1.25784 5.43958 11.725 0.0186263 0.0342108 0.0921015 
qwerty 28 4 0 0.807788 -1.12133 5.6903 12.4 0.0186263 0.0342108 0.0921015 
qwerty 77 28 0 0.449404 -2.3357 3.47833 6.5 -0.0163761 0.0793141 -0.0586609 
qwerty 76 28 0.448037 1.12955 -1.09501 2.51596 5.63481 0.0224754 -0.0159754 0.0961231 
qwerty 76 28 0.0195108 1.11004 -1.09146 2.51344 5.65 0.0284724 -0.0109718 0.095231 
qwerty 27 4 0 0.144166 -0.209967 0.567357 2.275 -0.0280638 0.0481739 0.0830163 
qwerty 26 4 0 2.12358 -0.251296 0.572411 2.275 -0.0341575 0.0478707 0.0808806 
qwerty 26 4 0 2.12358 -0.536363 0.971923 2.95 -0.0341575 0.0478707 0.0808806 
qwerty 26 4 0 2.12358 -0.821429 1.37143 3.625 -0.0341575 0.0478707 0.0808806 
qwerty 26 4 0 2.12358 -1.1065 1.77095 4.3 -0.0341575 0.0478707 0.0808806 
qwerty 26 4 0 1.51386 -1.95334 2.35643 4.975 -0.0692575 0.0474775 0.0543073 
qwerty 26 4 0 1.51386 -2.81416 2.94654 5.65 -0.0692575 0.0474775 0.0543073 
qwerty 26 4 0 1.07814 -3.14195 3.26306 6.325 -0.03131 0.035427 0.088117 
qwerty 26 4 0 1.07814 -3.38179 3.53444 7 -0.03131 0.035427 0.088117 
qwerty 26 4 0 1.07814 -3.62164 3.80582 7.675 -0.03131 0.035427 0.088117 
qwerty 26 4 0 0.435896 -3.828 4.03932 8.25577 -0.0972178 0.0216251 -0.00900307 
qwerty 26 4 0 0.169799 -5.79859 4.47766 8.07328 0.0920255 0.0109542 -0.0375675 
qwerty 26 4 0 0.169799 -5.25164 4.54277 7.85 0.0920255 0.0109542 -0.0375675 
qwerty 84 26 0.266097 0 -5.83876 4.4829 8.07498 -0.0990727 0.0129238 0.0041925 
qwerty 83 26 0.126892 0.515354 -3.82104 4.03193 8.31634 -0.0316917 -0.00913351 0.0944045 
qwerty 83 26 0.0538495 0.461505 -3.83226 4.02393 8.34161 -0.0360102 0.00959118 0.0927969 
qwerty 83 26 0.0155946 0.44591 -3.83551 4.02479 8.35 -0.042419 0.0206878 0.0881626 
qwerty 83 26 0.0114386 0.355523 -3.84205 4.02263 8.34488 -0.0733345 -0.0348363 -0.0583823 
qwerty 83 26 0.0146917 0.340831 -3.84992 4.01948 8.3408 -0.0892389 -0.0267846 -0.0363181 
qwerty 83 26 0.0155698 0.325262 -3.85614 4.01815 8.33703 -0.0883185 0.00365018 -0.0467602 
qwerty 83 26 0.0141008 0.311161 -3.86312 4.01805 8.33465 -0.0827071 -0.00948594 -0.0554036 
qwerty 83 26 0.0174635 0.293697 -3.8711 4.01892 8.33055 -0.0982133 -0.00155558 -0.0187542 
qwerty 83 26 0.016378 0.277319 -3.88027 4.01719 8.32861 -0.0794657 -0.0396511 -0.0459672 
qwerty 83 26 0.051299 0.22602 -3.88738 4.01084 8.32271 -0.00941122 -0.0812221 0.0575708 
qwerty 83 26 0.0371552 0.188865 -3.88773 4.0022 8.33523 -0.0371949 -0.0305491 0.0876544 
qwerty 83 26 0.0222061 0.166659 -3.89367 4.00049 8.34115 -0.0597987 0.00484606 0.0800039 
qwerty 83 26 0.0195436 0.147116 -3.89652 4.00102 8.34655 -0.0874501 0.0110449 0.047228 
qwerty 83 26 0.015452 0.131664 -3.90105 4.00237 8.34946 -0.0912175 0.0226211 0.0341708 
qwerty 83 26 0.00367018 0.127993 -3.90249 4.00273 8.35 -0.081158 0.037546 0.0447624 
qwerty 83 26 0.00275275 0.0987037 -3.902 4.00175 8.34979 0.0829986 -0.0410211 -0.0377956 
qwerty 83 26 0.0019164 0.0967873 -3.90133 4.00155 8.34957 0.0853429 -0.0103945 -0.0510739 
qwerty 83 26 0.00320665 0.0935806 -3.90072 4.00138 8.34911 0.085405 -0.0172216 -0.0490856 
qwerty 83 26 0.00219017 0.0913905 -3.90015 4.00116 8.34869 0.091787 -0.0207419 -0.0338367 
qwerty 83 26 0.00182729 0.0895632 -3.89956 4.00088 8.34844 0.084024 -0.03084 -0.0445966 
qwerty 83 26 0.00357274 0.0859904 -3.89889 4.00049 8.34811 -0.0417146 -0.0392486 -0.0819722 
qwerty 83 26 0.00470343 0.081287 -3.89959 4.00002 8.34737 -0.0512364 -0.0258045 -0.0819082 
qwerty 83 26 0.00723825 0.0740488 -3.90004 3.99995 8.34608 -0.0291445 -0.0219965 -0.0930954 
qwerty 83 26 0.0132476 0.0608011 -3.90035 4.00031 8.34398 0.0322049 -0.00316699 -0.0946193 
qwerty 83 26 0.0231352 0.037666 -3.90113 3.99987 8.34094 0.0282619 0.00206365 -0.095901 
qwerty 83 26 0.037666 0 -3.90072 3.9999 8.33955 0.0282619 0.00206365 -0.095901 
qwerty 24 4 0 0.261126 0.00177285 0.196611 1.6 0.00385521 0.0156239 0.0986967 
qwerty 24 4 0 0.138318 0.0230232 0.282731 2.14403 -0.0380291 0.0456136 -0.0804561 
qwerty 24 4 0 0.138318 -0.151404 0.491946 1.775 -0.0380291 0.0456136 -0.0804561 
qwerty 86 24 0.122808 0 0.0249373 0.28205 2.1553 0.0167135 -0.00594574 0.098414 
qwerty 23 4 0 10.7836 -0.0334789 0.150506 1.6 -0.00137304 0.00804564 0.0996664 
qwerty 23 4 0 10.7836 -0.0427779 0.204996 2.275 -0.00137304 0.00804564 0.0996664 
qwerty 23 4 0 10.7836 -0.0520769 0.259486 2.95 -0.00137304 0.00804564 0.0996664 
qwerty 23 4 0 10.7836 -0.061376 0.313976 3.625 -0.00137304 0.00804564 0.0996664 
qwerty 23 4 0 10.7836 -0.070675 0.368466 4.3 -0.00137304 0.00804564 0.0996664 
qwerty 23 4 0 10.7836 -0.079974 0.422956 4.975 -0.00137304 0.00804564 0.0996664 
qwerty 23 4 0 10.7836 -0.089273 0.477446 5.65 -0.00137304 0.00804564 0.0996664 
qwerty 23 4 0 10.7836 -0.0985721 0.531936 6.325 -0.00137304 0.00804564 0.0996664 
qwerty 23 4 0 10.7836 -0.107871 0.586426 7 -0.00137304 0.00804564 0.0996664 
qwerty 23 4 0 10.7836 -0.11717 0.640915 7.675 -0.00137304 0.00804564 0.0996664 
qwerty 92 88 0 0.417599 0.327515 0.914232 7.175 0.0519724 0.0337562 -0.0784818 
qwerty 90 88 0 1.42089 -0.179288 0.761098 8.05507 -0.0461613 0.044893 0.0765098 
qwerty 90 88 0 1.42089 -0.357229 0.93415 8.35 -0.0461613 0.044893 0.0765098 
qwerty 90 88 0 1.42089 -0.764482 1.33021 9.025 -0.0461613 0.044893 0.0765098 
qwerty 96 90 0.162677 0 -0.167227 0.759774 8.06881 0.0657997 -0.00722562 0.0749546 
qwerty 22 5 0 0.510999 0.0581335 1.25 2.82752 0.00135896 0.091306 -0.0407598 
qwerty 22 5 0 0.510999 0.0707202 2.09568 2.45 0.00135896 0.091306 -0.0407598 
qwerty 22 5 0 0.510999 0.0932251 3.60775 1.775 0.00135896 0.091306 -0.0407598 
qwerty 21 5 0 0.510999 0.031545 -0.536439 3.625 -0.00135896 -0.091306 0.0407598 
qwerty 21 5 0 0.510999 0.0209247 -1.25 3.94354 -0.00135896 -0.091306 0.0407598 
qwerty 21 5 0 0.510999 0.00904005 -2.04851 4.3 -0.00135896 -0.091306 0.0407598 
qwerty 21 5 0 0.510999 -0.0134649 -3.56058 4.975 -0.00135896 -0.091306 0.0407598 
qwerty 21 5 0 0.510999 -0.0359698 -5.07264 5.65 -0.00135896 -0.091306 0.0407598 
qwerty 21 5 0 0.259317 -0.341143 -5.50086 5.15 -0.0431744 -0.0391886 -0.0812418 
qwerty 20 5 0 43.9234 0.106811 0.801485 3.625 0.0131577 0.035609 0.0925142 
qwerty 20 5 0 43.9234 0.202812 1.0613 4.3 0.0131577 0.035609 0.0925142 
qwerty 20 5 0 43.9234 0.298813 1.32111 4.975 0.0131577 0.035609 0.0925142 
qwerty 20 5 0 43.9234 0.394814 1.58091 5.65 0.0131577 0.035609 0.0925142 
qwerty 20 5 0 43.9234 0.490816 1.84072 6.325 0.0131577 0.035609 0.0925142 
qwerty 20 5 0 43.9234 0.586817 2.10053 7 0.0131577 0.035609 0.0925142 
qwerty 20 5 0 43.9234 0.682818 2.36034 7.675 0.0131577 0.035609 0.0925142 
qwerty 101 20 0.760406 14.4892 0.620483 2.40789 8.35 -0.0114171 -0.0104931 0.0987904 
qwerty 101 20 1.00584 8.20184 0.60339 2.13041 9.025 -0.00698049 -0.0541941 0.0837513 
qwerty 101 20 1.06249 3.37862 0.349671 1.76326 9.63698 -0.073284 -0.0522748 0.0435523 
qwerty 101 20 0.234898 3.14372 0.243632 1.68762 9.7 -0.0790943 -0.0444955 0.0420028 
qwerty 101 20 0.707947 2.13174 0.401544 2.01784 9.43609 -0.0270467 0.0399403 -0.0875971 
qwerty 101 20 0.415598 1.71614 0.328648 2.12549 9.2 -0.0247801 0.0595304 -0.0764335 
qwerty 101 20 0.398588 1.13786 0.206692 2.26634 9.37196 -0.000796695 0.00752717 -0.0997131 
qwerty 101 20 0.295641 0.842217 0.205318 2.27932 9.2 0.079784 -0.0558558 0.0226857 
qwerty 101 20 0.0869944 0.755222 0.242055 2.23992 9.20806 0.033994 -0.0126435 -0.0931909 
qwerty 101 20 0.01136 0.743862 0.244995 2.23883 9.2 0.0244041 0.00314076 -0.0969256 
qwerty 106 101 0 0.194887 -3.21954 2.02763 9.7 -0.0987832 -0.00596036 0.0143651 
qwerty 105 101 0 0.585674 0.408098 1.42415 9.7 -0.0178975 -0.0807811 0.0561613 
qwerty 105 101 0 0.585674 0.192988 0.453251 10.375 -0.0178975 -0.0807811 0.0561613 
qwerty 103 101 0 2.58372 0.434655 2.30435 9.025 -0.0311616 -0.0136646 0.0940332 
qwerty 103 101 0 2.58372 0.210967 2.20627 9.7 -0.0311616 -0.0136646 0.0940332 
qwerty 103 101 0 2.58372 -0.0127208 2.10818 10.375 -0.0311616 -0.0136646 0.0940332 
qwerty 103 101 0 2.58372 -0.236409 2.01009 11.05 -0.0311616 -0.0136646 0.0940332 
qwerty 19 5 0 14.7047 -0.00440555 0.545408 2.95 0.00819159 0.0262046 0.0961572 
qwerty 19 5 0 14.7047 0.0530974 0.729358 3.625 0.00819159 0.0262046 0.0961572 
qwerty 19 5 0 14.7047 0.1106 0.913308 4.3 0.00819159 0.0262046 0.0961572 
qwerty 19 5 0 14.7047 0.168103 1.09726 4.975 0.00819159 0.0262046 0.0961572 
qwerty 19 5 0 14.7047 0.21585 1.25 5.53548 0.00819159 0.0262046 0.0961572 
qwerty 19 5 0 14.7047 0.225606 1.28121 5.65 0.00819159 0.0262046 0.0961572 
qwerty 19 5 0 7.28119 0.168794 1.57827 6.325 -0.0112782 0.0431029 0.0895262 
qwerty 19 5 0 7.28119 0.0837595 1.90325 7 -0.0112782 0.0431029 0.0895262 
qwerty 19 5 0 7.28119 -0.00127495 2.22823 7.675 -0.0112782 0.0431029 0.0895262 
qwerty 113 19 1.11523 3.56973 0.161991 1.7839 6.30104 0.0294122 0.0444954 0.0845877 
qwerty 113 19 0.035891 3.53384 0.170324 1.7965 6.325 0.0347013 0.0493739 0.0797373 
qwerty 118 113 0 0.541652 0.594883 1.83281 6.325 0.0435891 0.0631822 0.0640937 
qwerty 118 113 0 0.541652 1.05394 2.49821 7 0.0435891 0.0631822 0.0640937 
qwerty 118 113 0 0.541652 1.25 2.7824 7.28829 0.0435891 0.0631822 0.0640937 
qwerty 118 113 0 0.541652 1.513 3.16361 7.675 0.0435891 0.0631822 0.0640937 
qwerty 118 113 0 0.541652 1.91754 3.75 8.26985 0.0435891 0.0631822 0.0640937 
qwerty 118 113 0 0.541652 1.97205 3.82901 8.35 0.0435891 0.0631822 0.0640937 
qwerty 118 113 0 0.541652 2.43111 4.49441 9.025 0.0435891 0.0631822 0.0640937 
qwerty 117 113 0 1.55263 0.354183 1.40132 6.325 0.0209392 0.0149668 0.096631 
qwerty 117 113 0 1.55263 0.50045 1.50587 7 0.0209392 0.0149668 0.096631 
qwerty 117 113 0 1.55263 0.646717 1.61042 7.675 0.0209392 0.0149668 0.096631 
qwerty 117 113 0 1.55263 0.792984 1.71496 8.35 0.0209392 0.0149668 0.096631 
qwerty 117 113 0 1.55263 0.939251 1.81951 9.025 0.0209392 0.0149668 0.096631 
qwerty 117 113 0 0.695679 1.56801 3.08011 9.7 0.0404124 0.0822431 0.0400362 
qwerty 117 113 0 0.604851 1.99893 3.95708 10.1269 0.00389909 0.0987129 0.0155098 
qwerty 117 113 0 0.604851 2.0613 5.53605 10.375 0.00389909 0.0987129 0.0155098 
qwerty 124 117 0.0908276 0 2.00447 3.95655 10.1309 0.0810124 -0.00783782 0.0580996 
qwerty 116 114 0 0.501903 -0.155131 1.59466 8.35 -0.0184127 -0.0746864 0.0638977 
qwerty 116 114 0 0.501903 -0.349638 0.805693 9.025 -0.0184127 -0.0746864 0.0638977 
qwerty 116 114 0 0.501903 -0.544146 0.0167239 9.7 -0.0184127 -0.0746864 0.0638977 
qwerty 18 5 0 9.00834 -0.0261507 0.546779 2.95 0.00455849 0.0269723 0.0961858 
qwerty 18 5 0 9.00834 0.00583921 0.736062 3.625 0.00455849 0.0269723 0.0961858 
qwerty 18 5 0 9.00834 0.0378292 0.925345 4.3 0.00455849 0.0269723 0.0961858 
qwerty 16 5 0 0.421487 -0.0945268 0.376146 2.275 -0.0102289 0.0280882 0.0954276 
qwerty 13 5 0 30.2757 -0.0337491 0.278414 2.275 -0.000342307 0.0131266 0.0991341 
qwerty 13 5 0 30.2757 -0.0360799 0.367792 2.95 -0.000342307 0.0131266 0.0991341 
qwerty 13 5 0 30.2757 -0.0384106 0.457171 3.625 -0.000342307 0.0131266 0.0991341 
qwerty 13 5 0 30.2757 -0.0407414 0.546549 4.3 -0.000342307 0.0131266 0.0991341 
qwerty 13 5 0 30.2757 -0.0430721 0.635927 4.975 -0.000342307 0.0131266 0.0991341 
qwerty 13 5 0 30.2757 -0.0454029 0.725306 5.65 -0.000342307 0.0131266 0.0991341 
qwerty 13 5 0 30.2757 -0.0477337 0.814684 6.325 -0.000342307 0.0131266 0.0991341 
qwerty 13 5 0 30.2757 -0.0500644 0.904062 7 -0.000342307 0.0131266 0.0991341 
qwerty 13 5 0 30.2757 -0.0523952 0.99344 7.675 -0.000342307 0.0131266 0.0991341 
qwerty 13 5 0 30.2757 -0.0547259 1.08282 8.35 -0.000342307 0.0131266 0.0991341 
qwerty 13 5 0 30.2757 -0.0570567 1.1722 9.025 -0.000342307 0.0131266 0.0991341 
qwerty 135 13 0.840361 19.9736 -0.237765 1.25 9.67129 -0.0373408 0.00278091 0.092725 
qwerty 135 13 0.0402063 19.9334 -0.249326 1.25086 9.7 -0.032036 0.00384384 0.0946516 
qwerty 135 13 1.73386 15.0375 -1.09325 0.771545 10.2216 -0.0758472 -0.0467052 0.0454513 
qwerty 135 13 0.324037 14.7134 -1.25 0.675021 10.3155 -0.073108 -0.0483886 0.0481016 
qwerty 135 13 0.224266 14.4892 -1.34038 0.6152 10.375 -0.0698165 -0.0517099 0.049515 
qwerty 135 13 0 1.54321 -1.61225 0.38385 10.375 0.0173058 0.0636063 0.075198 
qwerty 135 13 0 0.627153 -1.61526 0.401976 10.375 -0.0842761 -0.0360557 0.0399691 
qwerty 135 13 0.039169 0.562436 -1.63433 0.417024 10.3597 -0.0801376 0.0575369 -0.0163547 
qwerty 135 13 0.0628991 0.499537 -1.65528 0.425735 10.3583 -0.0896969 0.0377843 -0.0229525 
qwerty 135 13 0.042964 0.456573 -1.67074 0.434304 10.3545 -0.0904731 0.00503482 -0.0422996 
qwerty 135 13 0.0377569 0.418816 -1.68696 0.43401 10.3414 -0.0757363 -0.013827 -0.0638187 
qwerty 135 13 0.046343 0.372473 -1.70032 0.431343 10.3245 -0.0641749 0.00250876 -0.0766504 
qwerty 135 13 0.0788572 0.293616 -1.71669 0.434705 10.2975 -0.0675375 -0.0647246 -0.0353471 
qwerty 135 13 0.137791 0.155825 -1.72583 0.392894 10.2814 0.0978067 0.0174957 -0.0113026 
qwerty 135 13 0.155825 0 -1.70913 0.39588 10.2795 0.0978067 0.0174957 -0.0113026 
qwerty 139 135 0.362875 0.917873 -1.4534 0.701357 10.2654 -0.0161546 0.0917994 -0.03622 
qwerty 139 135 0.241161 0.672582 -1.50822 0.808285 10.1843 -0.0789409 0.0503375 -0.0351352 
qwerty 139 135 0.229898 0.442684 -1.62509 0.818258 10.1153 -0.00814711 -0.0214174 -0.0973392 
qwerty 139 135 0.344815 0.0978687 -1.63216 0.799672 10.0308 -0.0969571 0.0200522 -0.0140439 
qwerty 139 135 0.0978687 0 -1.6397 0.801232 10.0297 -0.0969571 0.0200522 -0.0140439 
qwerty 138 135 0.2783 0.205179 -1.15353 0.823838 10.2595 0.00445517 -0.0306175 0.0950932 
qwerty 138 135 0.205179 0 -1.15234 0.815634 10.285 0.00445517 -0.0306175 0.0950932 
qwerty 143 139 0.00029101 0 -1.51332 0.811382 10.1859 -0.08258 0.0501676 0.0257634 
qwerty 144 143 0.00383862 0 -1.51333 0.811404 10.1859 -0.0330304 0.0862937 -0.0382412 
qwerty 141 135 0 0.307053 -1.80104 0.617387 10.3491 -0.0562684 -0.0664415 0.0491873 
qwerty 141 135 0 0.307053 -1.83064 0.582437 10.375 -0.0562684 -0.0664415 0.0491873 
qwerty 147 141 0.138657 0.774106 -1.8178 0.67653 10.3136 -0.0107634 0.0898694 -0.0425164 
qwerty 147 141 0.10466 0.669446 -1.83006 0.716087 10.279 -0.0230529 0.0931556 -0.0281177 
qwerty 147 141 0.0900996 0.579346 -1.84859 0.764469 10.2567 -0.0192014 0.0980949 -0.0029481 
qwerty 147 141 0.119133 0.460213 -1.87054 0.822097 10.2394 -0.0200839 0.0978448 -0.00479983 
qwerty 147 141 0.151824 0.308389 -1.85182 0.889745 10.2598 -0.00342002 0.0885759 0.0462883 
qwerty 147 141 0.308389 0 -1.85357 0.934941 10.2834 -0.00342002 0.0885759 0.0462883 
qwerty 140 135 0 0.700379 -1.97917 -1.25 10.9957 -0.0301719 -0.0904766 0.0300607 
qwerty 140 135 0 0.700379 -2.03362 -1.41329 11.05 -0.0301719 -0.0904766 0.0300607 
qwerty 140 135 0 0.700379 -2.71112 -3.4449 11.725 -0.0301719 -0.0904766 0.0300607 
qwerty 140 135 0 0.593725 -3.03034 -4.40216 12.043 -0.0730708 -0.0663966 0.0158795 
qwerty 140 135 0 0.593725 -4.67288 -5.89468 12.4 -0.0730708 -0.0663966 0.0158795 
qwerty 149 140 0.106654 0 -3.02456 -4.40838 12.0461 0.064136 -0.0690199 0.0335084 
qwerty 137 135 0 3.19946 -0.0344145 1.22043 9.7 0.00411745 0.00585168 0.0997437 
qwerty 137 135 0 3.19946 -0.00655033 1.26003 10.375 0.00411745 0.00585168 0.0997437 
qwerty 137 135 0 3.19946 0.0213139 1.29963 11.05 0.00411745 0.00585168 0.0997437 
qwerty 137 135 0 3.19946 0.049178 1.33923 11.725 0.00411745 0.00585168 0.0997437 
qwerty 137 135 0 3.19946 0.0770422 1.37883 12.4 0.00411745 0.00585168 0.0997437 
qwerty 137 135 0 3.19946 0.104906 1.41844 13.075 0.00411745 0.00585168 0.0997437 
qwerty 137 135 0 3.19946 0.132771 1.45804 13.75 0.00411745 0.00585168 0.0997437 
qwerty 137 135 0 3.19946 0.160635 1.49764 14.425 0.00411745 0.00585168 0.0997437 
qwerty 137 135 0 3.19946 0.188499 1.53724 15.1 0.00411745 0.00585168 0.0997437 
qwerty 137 135 0 0.26862 0.204801 1.5604 15.4949 0.0482974 -0.0473339 -0.0736673 
qwerty 137 135 0 0.26862 0.348984 1.4191 15.275 0.0482974 -0.0473339 -0.0736673 
qwerty 137 135 0 0.26862 0.521525 1.25 15.0118 0.0482974 -0.0473339 -0.0736673 
qwerty 137 135 0 0.26862 0.791524 0.985387 14.6 0.0482974 -0.0473339 -0.0736673 
qwerty 151 137 0.571206 2.35964 0.204967 1.58638 15.775 -0.050286 0.00485861 0.0863001 
qwerty 12 5 0 3.74197 -0.0170695 0.287276 2.275 0.00214053 0.0144217 0.0989315 
qwerty 12 5 0 3.74197 -0.00246481 0.385674 2.95 0.00214053 0.0144217 0.0989315 
qwerty 12 5 0 3.74197 0.0121398 0.484072 3.625 0.00214053 0.0144217 0.0989315 
qwerty 12 5 0 3.74197 0.0267445 0.58247 4.3 0.00214053 0.0144217 0.0989315 
qwerty 12 5 0 3.74197 0.0413491 0.680868 4.975 0.00214053 0.0144217 0.0989315 
qwerty 12 5 0 3.74197 0.0559538 0.779266 5.65 0.00214053 0.0144217 0.0989315 
qwerty 12 5 0 3.74197 0.0705584 0.877664 6.325 0.00214053 0.0144217 0.0989315 
qwerty 12 5 0 3.74197 0.0851631 0.976062 7 0.00214053 0.0144217 0.0989315 
qwerty 11 5 0 6.37849 -0.0145959 0.295716 2.275 0.00250073 0.0156413 0.0987375 
qwerty 11 5 0 6.37849 0.00249989 0.402645 2.95 0.00250073 0.0156413 0.0987375 
qwerty 11 5 0 6.37849 0.0195957 0.509574 3.625 0.00250073 0.0156413 0.0987375 
qwerty 11 5 0 6.37849 0.0366914 0.616502 4.3 0.00250073 0.0156413 0.0987375 
qwerty 11 5 0 6.37849 0.0537872 0.723431 4.975 0.00250073 0.0156413 0.0987375 
qwerty 11 5 0 6.37849 0.070883 0.83036 5.65 0.00250073 0.0156413 0.0987375 
qwerty 11 5 0 6.37849 0.0879788 0.937289 6.325 0.00250073 0.0156413 0.0987375 
qwerty 11 5 0 6.37849 0.105075 1.04422 7 0.00250073 0.0156413 0.0987375 
qwerty 11 5 0 6.37849 0.12217 1.15115 7.675 0.00250073 0.0156413 0.0987375 
qwerty 11 5 0 0.606711 4.08337 3.73964 8.35 0.0830029 0.0541351 0.013413 
qwerty 10 5 0 0.915053 -0.156411 0.0504409 1.6 -0.0229344 -0.0108558 0.0967273 
qwerty 10 5 0 0.915053 -0.316457 -0.0253152 2.275 -0.0229344 -0.0108558 0.0967273 
qwerty 10 5 0 0.915053 -0.476502 -0.101071 2.95 -0.0229344 -0.0108558 0.0967273 
qwerty 10 5 0 0.915053 -0.636547 -0.176828 3.625 -0.0229344 -0.0108558 0.0967273 
qwerty 9 5 0 1.27641 -0.0679963 0.185526 1.6 -0.00695512 0.0138736 0.0987884 
qwerty 9 5 0 1.27641 -0.115519 0.280321 2.275 -0.00695512 0.0138736 0.0987884 
qwerty 9 5 0 1.27641 -0.163042 0.375117 2.95 -0.00695512 0.0138736 0.0987884 
qwerty 9 5 0 1.27641 -0.210565 0.469912 3.625 -0.00695512 0.0138736 0.0987884 
qwerty 9 5 0 1.27641 -0.258088 0.564707 4.3 -0.00695512 0.0138736 0.0987884 
qwerty 9 5 0 1.27641 -0.30561 0.659503 4.975 -0.00695512 0.0138736 0.0987884 
qwerty 9 5 0 1.27641 -0.353133 0.754298 5.65 -0.00695512 0.0138736 0.0987884 
qwerty 9 5 0 1.27641 -0.400656 0.849093 6.325 -0.00695512 0.0138736 0.0987884 
qwerty 9 5 0 1.27641 -0.448179 0.943888 7 -0.00695512 0.0138736 0.0987884 
qwerty 9 5 0 1.27641 -0.495702 1.03868 7.675 -0.00695512 0.0138736 0.0987884 
qwerty 9 5 0 1.27641 -0.543225 1.13348 8.35 -0.00695512 0.0138736 0.0987884 
qwerty 9 5 0 1.27641 -0.590747 1.22827 9.025 -0.00695512 0.0138736 0.0987884 
qwerty 9 5 0 1.18961 -0.636208 1.31896 9.67072 -0.0110935 0.0367919 0.0923217 
qwerty 9 5 0 1.18961 -0.639727 1.33063 9.7 -0.0110935 0.0367919 0.0923217 
qwerty 9 5 0 1.18961 -0.720836 1.59963 10.375 -0.0110935 0.0367919 0.0923217 
qwerty 9 5 0 1.18961 -0.801945 1.86863 11.05 -0.0110935 0.0367919 0.0923217 
qwerty 9 5 0 0.633977 -0.0949024 2.72955 11.725 0.0573071 0.0664683 0.0479359 
qwerty 9 5 0 0.633977 0.712056 3.66551 12.4 0.0573071 0.0664683 0.0479359 
qwerty 9 5 0 0.20608 0.0558291 2.37771 13.075 -0.0462454 -0.0833246 0.0303046 
qwerty 166 9 0.0867966 0 -0.635328 1.31365 9.67403 0.0139233 -0.0840027 0.0524375 
qwerty 8 5 0 7.80609 -0.0613906 0.167658 1.6 -0.00584057 0.0108214 0.099241 
qwerty 8 5 0 7.80609 -0.101116 0.241261 2.275 -0.00584057 0.0108214 0.099241 
qwerty 8 5 0 7.80609 -0.140841 0.314865 2.95 -0.00584057 0.0108214 0.099241 
qwerty 8 5 0 7.80609 -0.180567 0.388468 3.625 -0.00584057 0.0108214 0.099241 
qwerty 8 5 0 7.80609 -0.220292 0.462071 4.3 -0.00584057 0.0108214 0.099241 
qwerty 8 5 0 7.80609 -0.260017 0.535675 4.975 -0.00584057 0.0108214 0.099241 
qwerty 8 5 0 7.80609 -0.299743 0.609278 5.65 -0.00584057 0.0108214 0.099241 
qwerty 8 5 0 7.80609 -0.339468 0.682881 6.325 -0.00584057 0.0108214 0.099241 
qwerty 8 5 0 7.80609 -0.379193 0.756485 7 -0.00584057 0.0108214 0.099241 
qwerty 8 5 0 7.80609 -0.418919 0.830088 7.675 -0.00584057 0.0108214 0.099241 
qwerty 8 5 0 7.80609 -0.458644 0.903691 8.35 -0.00584057 0.0108214 0.099241 
qwerty 8 5 0 7.80609 -0.498369 0.977295 9.025 -0.00584057 0.0108214 0.099241 
qwerty 8 5 0 7.80609 -0.538094 1.0509 9.7 -0.00584057 0.0108214 0.099241 
qwerty 172 170 0 0.84771 2.24879 0.905603 9.2 0.091635 0.00868093 -0.0390854 
qwerty 172 170 0 0.327173 2.83971 0.961583 8.94795 0.0342913 -0.0778002 0.0526426 
qwerty 172 170 0 0.327173 2.8899 0.847712 9.025 0.0342913 -0.0778002 0.0526426 
qwerty 174 172 0.100367 0.42017 2.86284 0.979316 8.91902 0.0817642 0.0372841 -0.0438693 
qwerty 174 172 0.125855 0.294316 2.90304 0.97751 8.87468 0.0868861 -0.03394 -0.0360399 
qwerty 174 172 0.294316 0 2.94428 0.9614 8.85757 0.0868861 -0.03394 -0.0360399 
qwerty 7 5 0 88.3829 -0.0656666 0.161109 1.6 -0.00657211 0.00971804 0.0993095 
qwerty 7 5 0 88.3829 -0.110337 0.227162 2.275 -0.00657211 0.00971804 0.0993095 
qwerty 7 5 0 88.3829 -0.155007 0.293215 2.95 -0.00657211 0.00971804 0.0993095 
qwerty 177 7 0.214985 57.8134 -0.177421 0.335087 3.27493 -0.00620191 0.0183261 0.0981106 
qwerty 177 7 0.71112 57.1023 -0.19955 0.400476 3.625 -0.0045955 0.0206815 0.09773 
qwerty 177 7 0.972469 53.7689 -0.185037 0.473471 4.3 -0.00073615 0.00777509 0.0996946 
qwerty 177 7 0.200962 46.6254 -0.159993 0.484105 4.58126 0.0187389 -0.000329303 0.098228 
qwerty 177 7 0.826966 45.7985 -0.0848788 0.482785 4.975 0.0202386 -0.00100164 0.0979255 
qwerty 177 7 0.185371 37.9624 -0.0845316 0.45978 5.2217 -0.035932 -0.00910514 0.0928762 
qwerty 177 7 0.766437 37.196 -0.250231 0.417792 5.65 -0.0385716 -0.0109245 0.0916127 
qwerty 177 7 0.881402 28.6563 -0.61668 0.329901 6.325 -0.0512136 -0.0209438 0.0832978 
qwerty 177 7 1.42282 19.7737 -1.01103 0.99068 7 -0.0326791 0.0746296 0.0579871 
qwerty 185 177 0.0925706 0.897456 -0.18373 0.518382 4.63434 -0.057047 0.0737634 0.0361193 
qwerty 185 177 0.239152 0.658304 -0.246636 0.568801 4.68301 -0.0366949 0.0361887 0.0856964 
qwerty 185 177 0.242577 0.415727 -0.305437 0.579208 4.78048 -0.0814372 -0.0490883 0.0309568 
qwerty 185 177 0.408479 0.00724797 -0.370348 0.540081 4.80515 0.0390837 0.064183 -0.0659773 
qwerty 185 177 0.00724797 0 -0.370318 0.540131 4.8051 0.0390837 0.064183 -0.0659773 
qwerty 182 177 0.214602 0.30554 -0.139385 0.336611 3.34617 0.0944499 0.014569 0.0294442 
qwerty 182 177 0.30554 0 -0.0918774 0.343939 3.36098 0.0944499 0.014569 0.0294442 
qwerty 176 7 0.749219 20.6995 -0.270219 0.261419 3.60889 -0.00548374 -0.00979023 0.0993684 
qwerty 176 7 0.0171291 20.6823 -0.271108 0.259832 3.625 -0.00604268 -0.0102245 0.0992922 
qwerty 176 7 0.317061 16.6814 -0.192418 0.202646 3.97378 0.0415965 0.00101871 0.0909324 
qwerty 176 7 0.55071 16.1307 -0.0431893 0.206301 4.3 0.0438436 0.00557288 0.0897033 
qwerty 176 7 0.503691 12.7239 0.24991 0.0878151 4.71043 0.0740248 -0.0145651 0.0656368 
qwerty 176 7 0.618103 12.1058 0.548294 0.0291054 4.975 0.0750672 -0.00471628 0.0658989 
qwerty 176 7 0.651996 1.91464 0.252027 0.0340178 5.15825 -0.0969639 -0.0102917 -0.0221828 
qwerty 176 7 0.0857926 1.82885 0.215973 0.030191 5.15 -0.0983369 -0.00381848 -0.0177559 
qwerty 176 7 0.468769 0.807849 0.231822 -0.00261782 5.29341 0.0245962 -0.0675169 0.0695449 
qwerty 176 7 0.362912 0.444937 0.314196 -0.110406 5.36177 -0.00389294 -0.0301701 0.0952607 
qwerty 176 7 0.374362 0.0705749 0.310796 -0.136762 5.44499 0.0399587 -0.0904807 0.0147156 
qwerty 176 7 0.0705749 0 0.312559 -0.140754 5.44564 0.0399587 -0.0904807 0.0147156 
qwerty 203 176 0.304489 0.0757558 0.300513 0.0412509 4.69657 0.0181876 -0.0074841 -0.0980469 
qwerty 203 176 0.0757558 0 0.301421 0.0408773 4.69168 0.0181876 -0.0074841 -0.0980469 
qwerty 199 176 0.0311881 3.20224 -0.278878 0.265969 3.625 -0.0512551 0.0132485 0.0848374 
qwerty 206 176 0 0.109233 0.136132 -0.131379 5.65 -0.0113123 -0.0329688 0.0937288 
qwerty 209 206 0.00135021 0.0355891 0.135663 -0.130832 5.64987 -0.0191771 0.0193211 -0.0962234 
qwerty 209 206 0.00221569 0.0333734 0.135652 -0.130789 5.64975 -0.0283598 0.00560563 -0.0957304 
qwerty 209 206 0.00189361 0.0314798 0.135625 -0.130792 5.64961 0.00460592 -0.0119832 -0.0991725 
qwerty 209 206 0.00143758 0.0300422 0.135669 -0.130758 5.64938 0.0426395 -0.00226237 -0.0904254 
qwerty 209 206 0.00281152 0.0272307 0.135779 -0.130904 5.64906 0.0193748 0.0177051 -0.0964943 
qwerty 209 206 0.00442929 0.0228014 0.135968 -0.130775 5.64859 0.0893602 -0.0276281 0.0353758 
qwerty 209 206 0.0228014 0 0.136499 -0.130939 5.6488 0.0893602 -0.0276281 0.0353758 
qwerty 205 176 0 4.43221 0.14711 1.25 5.47405 -0.0394448 0.0871265 0.0292075 
qwerty 205 176 0 4.43221 -0.090507 1.77485 5.65 -0.0394448 0.0871265 0.0292075 
qwerty 205 176 0 4.43221 -1.0021 3.78839 6.325 -0.0394448 0.0871265 0.0292075 
qwerty 205 176 0 4.43221 -1.91368 5.80192 7 -0.0394448 0.0871265 0.0292075 
qwerty 205 176 0 3.50992 -2.26951 6.96832 7.675 -0.0251334 0.0835244 0.0489079 
qwerty 205 176 0 3.50992 -2.61638 8.12107 8.35 -0.0251334 0.0835244 0.0489079 
qwerty 205 176 0 3.50992 -2.96326 9.27383 9.025 -0.0251334 0.0835244 0.0489079 
qwerty 210 205 0.0200162 0.483942 -1.9279 5.82042 6.99184 0.00985972 -0.067916 -0.0727338 
qwerty 210 205 0.0147623 0.46918 -1.9253 5.81312 6.98262 0.0169428 -0.0344775 -0.0923268 
qwerty 210 205 0.0283759 0.440804 -1.92538 5.80671 6.96782 0.00304869 -0.0448783 -0.089312 
qwerty 210 205 0.0255212 0.415283 -1.92336 5.79751 6.95479 0.0351182 -0.0595793 -0.0722289 
qwerty 210 205 0.0561976 0.359085 -1.91917 5.78328 6.92811 0.04858 -0.057512 -0.0658206 
qwerty 210 205 0.0900665 0.269019 -1.8879 5.76893 6.90678 0.0507532 -0.0508002 -0.0695949 
qwerty 210 205 0.269019 0 -1.86696 5.74798 6.87807 0.0507532 -0.0508002 -0.0695949 
qwerty 204 176 0 0.720796 -0.045011 2.39014 4.475 -0.022938 0.092909 -0.0290133 
qwerty 204 176 0 0.720796 -0.380744 3.75 4.05035 -0.022938 0.092909 -0.0290133 
qwerty 204 176 0 0.720796 -0.578669 4.55168 3.8 -0.022938 0.092909 -0.0290133 
qwerty 204 176 0 0.720796 -1.11233 6.71323 3.125 -0.022938 0.092909 -0.0290133 
qwerty 204 176 0 0.720796 -1.61518 8.75 2.48896 -0.022938 0.092909 -0.0290133 
qwerty 204 176 0 0.720796 -1.64598 8.87477 2.45 -0.022938 0.092909 -0.0290133 
qwerty 204 176 0 0.465075 -1.93044 10.0269 2.09021 -0.0910336 0.0383144 -0.0156492 
qwerty 204 176 0 0.465075 -3.75 10.7928 1.77741 -0.0910336 0.0383144 -0.0156492 
qwerty 204 176 0 0.465075 -3.76404 10.7987 1.775 -0.0910336 0.0383144 -0.0156492 
qwerty 204 176 0 0.213732 -3.81041 10.558 2.275 -0.00219971 -0.0449993 0.0892761 
qwerty 204 176 0 0.213732 -3.82704 10.2177 2.95 -0.00219971 -0.0449993 0.0892761 
qwerty 217 204 0.255721 0 -1.91324 10.0597 2.08112 0.0451422 0.0859838 -0.023853 
qwerty 202 176 0.00029101 0 -0.191593 0.202632 3.97556 0.0419814 -0.000738019 0.090758 
qwerty 220 202 0.00328018 0 -0.191581 0.202644 3.97557 0.064077 0.065152 0.0406123 
qwerty 201 176 0 0.448308 -0.156301 -0.0246172 4.3 0.0179343 -0.0423307 0.0888058 
qwerty 201 176 0 0.448308 -0.019985 -0.346367 4.975 0.0179343 -0.0423307 0.0888058 
qwerty 201 176 0 0.448308 0.116331 -0.668116 5.65 0.0179343 -0.0423307 0.0888058 
qwerty 201 176 0 0.448308 0.252647 -0.989865 6.325 0.0179343 -0.0423307 0.0888058 
qwerty 201 176 0 0.448308 0.362859 -1.25 6.87074 0.0179343 -0.0423307 0.0888058 
qwerty 201 176 0 0.448308 0.388963 -1.31161 7 0.0179343 -0.0423307 0.0888058 
qwerty 201 176 0 0.448308 0.525279 -1.63336 7.675 0.0179343 -0.0423307 0.0888058 
qwerty 201 176 0 0.406401 0.619477 -1.6618 8.35 0.0125485 0.00474267 0.0990961 
qwerty 201 176 0 0.16178 0.690381 -1.635 8.90993 -0.0542114 -0.00681583 -0.0837536 
qwerty 201 176 0 0.16178 0.441224 -1.66633 8.525 -0.0542114 -0.00681583 -0.0837536 
qwerty 222 201 0.24462 0 0.699229 -1.63307 8.94427 0.0249177 0.00544359 0.0966927 
qwerty 200 176 0 0.398827 0.0418925 0.210421 4.3 0.0439593 -0.0062467 0.0896022 
qwerty 197 177 0 0.510999 -1.14211 1.25 6.92421 -0.0671753 -0.069654 -0.025215 
qwerty 197 177 0 0.510999 -2.27226 0.0781507 6.5 -0.0671753 -0.069654 -0.025215 
qwerty 197 177 0 0.446372 -3.04649 -1.25 6.7745 -0.0469166 -0.0855147 0.0220469 
qwerty 197 177 0 0.446372 -3.52636 -2.12466 7 -0.0469166 -0.0855147 0.0220469 
qwerty 228 197 0.00636831 0.260776 -3.53123 -2.13503 6.99548 -0.0019965 0.0235622 -0.097164 
qwerty 228 197 0.0141377 0.246638 -3.53077 -2.13387 6.99172 -0.0031909 0.0171762 -0.0984622 
qwerty 228 197 0.0107248 0.235913 -3.5301 -2.13324 6.98787 0.0130042 -0.053692 -0.0833551 
qwerty 228 197 0.0181076 0.217805 -3.5313 -2.13761 6.98168 0.0368534 -0.0564858 -0.0738321 
qwerty 228 197 0.0210995 0.196706 -3.52985 -2.14318 6.97376 0.0193362 -0.0795173 -0.0574727 
qwerty 228 197 0.0394652 0.157241 -3.53015 -2.15512 6.96668 -0.0635812 -0.0630495 0.0445219 
qwerty 228 197 0.108857 0.0483833 -3.53172 -2.16754 6.97926 -0.0239106 -0.0685498 0.0687692 
qwerty 228 197 0.0483833 0 -3.53226 -2.16909 6.98082 -0.0239106 -0.0685498 0.0687692 
qwerty 194 177 0 2.63144 -0.460791 3.75 6.7272 0.0241469 0.0959794 -0.0143137 
qwerty 194 177 0 2.63144 -0.0775069 5.27348 6.5 0.0241469 0.0959794 -0.0143137 
qwerty 193 177 0 4.16072 -1.25 1.63109 7.19181 -0.0299354 0.0921518 0.0247371 
qwerty 193 177 0 0.954016 -1.53779 2.51702 7.42963 0.0321344 0.053113 0.0783989 
qwerty 193 177 0 0.954016 -1.43722 2.68325 7.675 0.0321344 0.053113 0.0783989 
qwerty 193 177 0 0.954016 -1.16055 3.14054 8.35 0.0321344 0.053113 0.0783989 
qwerty 193 177 0 0.954016 -0.883879 3.59784 9.025 0.0321344 0.053113 0.0783989 
qwerty 193 177 0 0.954016 -0.791817 3.75 9.24961 0.0321344 0.053113 0.0783989 
qwerty 193 177 0 0.954016 -0.607208 4.05513 9.7 0.0321344 0.053113 0.0783989 
qwerty 193 177 0 0.954016 -0.330537 4.51242 10.375 0.0321344 0.053113 0.0783989 
qwerty 193 177 0 0.954016 -0.0538653 4.96971 11.05 0.0321344 0.053113 0.0783989 
qwerty 193 177 0 0.954016 0.222806 5.42701 11.725 0.0321344 0.053113 0.0783989 
qwerty 233 193 0.815609 2.39109 -1.84486 2.89636 7.40284 -0.0475182 0.0751672 -0.0457375 
qwerty 233 193 0.60585 1.78524 -1.98825 3.21338 7.26056 0.00793537 0.0914424 -0.0396903 
qwerty 233 193 0.478526 1.30672 -1.97114 3.4105 7.175 -0.018345 0.0775933 -0.0603551 
qwerty 233 193 0 1.0901 -1.96715 3.42129 7.175 0.00446034 0.0782289 -0.0621317 
qwerty 233 193 0.175064 0.879793 -1.96805 3.49622 7.23768 0.0470011 0.0546854 0.069285 
qwerty 233 193 0.137225 0.742568 -1.95734 3.55039 7.3025 0.00704485 0.0145001 0.098692 
qwerty 233 193 0.189422 0.553146 -1.96334 3.59608 7.39565 -0.0767007 0.0367362 0.0526066 
qwerty 233 193 0.250889 0.302257 -2.07724 3.58136 7.42678 -0.0898526 0.0169757 -0.0404764 
qwerty 233 193 0.302257 0 -2.12168 3.58976 7.40675 -0.0898526 0.0169757 -0.0404764 
qwerty 192 177 0 1.02352 -1.17707 0.375972 6.92609 -0.0992265 -0.00404512 -0.0117361 
qwerty 192 177 0 0.236435 -3.22362 0.292541 6.68404 0.0741368 0.0103636 -0.0663049 
qwerty 192 177 0 0.236435 -3.01784 0.321306 6.5 0.0741368 0.0103636 -0.0663049 
qwerty 236 192 0.2086 0.578481 -3.31341 0.326342 6.68974 -0.0956387 -0.0239532 -0.016718 
qwerty 236 192 0.234304 0.344178 -3.40691 0.299874 6.72097 -0.075392 0.0437032 0.0490519 
qwerty 236 192 0.320924 0.0232536 -3.45244 0.326265 6.75059 0.0852987 -0.00815362 -0.0515524 
qwerty 236 192 0.0232536 0 -3.45192 0.326215 6.75027 0.0852987 -0.00815362 -0.0515524 
qwerty 235 192 0.124277 3.73574 -1.22681 0.389626 7 -0.0579582 0.0227916 0.0782393 
qwerty 190 177 0 4.68579 -0.469496 0.379334 6.325 -0.0294979 -0.0068411 0.0953052 
qwerty 190 177 0 4.68579 -0.678415 0.330882 7 -0.0294979 -0.0068411 0.0953052 
qwerty 190 177 0 4.68579 -0.887334 0.282429 7.675 -0.0294979 -0.0068411 0.0953052 
qwerty 190 177 0 4.68579 -1.09625 0.233977 8.35 -0.0294979 -0.0068411 0.0953052 
qwerty 190 177 0 4.68579 -1.25 0.198321 8.84674 -0.0294979 -0.0068411 0.0953052 
qwerty 190 177 0 4.68579 -1.30517 0.185525 9.025 -0.0294979 -0.0068411 0.0953052 
qwerty 190 177 0 4.68579 -1.51409 0.137073 9.7 -0.0294979 -0.0068411 0.0953052 
qwerty 190 177 0 4.68579 -1.72301 0.0886205 10.375 -0.0294979 -0.0068411 0.0953052 
qwerty 190 177 0 4.68579 -1.93193 0.0401683 11.05 -0.0294979 -0.0068411 0.0953052 
qwerty 190 177 0 4.68579 -2.14085 -0.00828387 11.725 -0.0294979 -0.0068411 0.0953052 
qwerty 190 177 0 4.68579 -2.34977 -0.0567361 12.4 -0.0294979 -0.0068411 0.0953052 
qwerty 190 177 0 4.68579 -2.55869 -0.105188 13.075 -0.0294979 -0.0068411 0.0953052 
qwerty 190 177 0 4.68579 -2.76761 -0.15364 13.75 -0.0294979 -0.0068411 0.0953052 
qwerty 189 177 0 0.42007 -0.497603 0.418483 6.325 -0.0336635 -0.000526416 0.0941621 
qwerty 188 177 0.00029101 0 -0.180505 0.434452 5.47332 -0.0354824 -0.0093638 0.0930232 
qwerty 243 188 0.010884 0 -0.180471 0.434335 5.47322 0.0217265 -0.0742675 -0.0633427 
qwerty 187 177 0 1.41151 -0.0720973 0.388393 5.65 -0.00280364 -0.0153727 0.0987716 
qwerty 187 177 0 1.41151 -0.0912573 0.283337 6.325 -0.00280364 -0.0153727 0.0987716 
qwerty 187 177 0 1.41151 -0.110417 0.178281 7 -0.00280364 -0.0153727 0.0987716 
qwerty 187 177 0 1.41151 -0.129577 0.0732247 7.675 -0.00280364 -0.0153727 0.0987716 
qwerty 187 177 0 1.41151 -0.148737 -0.0318315 8.35 -0.00280364 -0.0153727 0.0987716 
qwerty 187 177 0 1.41151 -0.167897 -0.136888 9.025 -0.00280364 -0.0153727 0.0987716 
qwerty 187 177 0 1.41151 -0.187057 -0.241944 9.7 -0.00280364 -0.0153727 0.0987716 
qwerty 187 177 0 1.41151 -0.206217 -0.347 10.375 -0.00280364 -0.0153727 0.0987716 
qwerty 187 177 0 1.41151 -0.225377 -0.452056 11.05 -0.00280364 -0.0153727 0.0987716 
qwerty 187 177 0 1.41151 -0.244537 -0.557113 11.725 -0.00280364 -0.0153727 0.0987716 
qwerty 187 177 0 1.41151 -0.263697 -0.662169 12.4 -0.00280364 -0.0153727 0.0987716 
qwerty 187 177 0 1.41151 -0.282857 -0.767225 13.075 -0.00280364 -0.0153727 0.0987716 
qwerty 187 177 0 1.41151 -0.302017 -0.872281 13.75 -0.00280364 -0.0153727 0.0987716 
qwerty 187 177 0 1.41151 -0.321177 -0.977338 14.425 -0.00280364 -0.0153727 0.0987716 
qwerty 187 177 0 1.41151 -0.340337 -1.08239 15.1 -0.00280364 -0.0153727 0.0987716 
qwerty 187 177 0 1.41151 -0.359497 -1.18745 15.775 -0.00280364 -0.0153727 0.0987716 
qwerty 187 177 0 1.41151 -0.370905 -1.25 16.1769 -0.00280364 -0.0153727 0.0987716 
qwerty 187 177 0 1.41151 -0.378657 -1.29251 16.45 -0.00280364 -0.0153727 0.0987716 
qwerty 187 177 0 1.41151 -0.397817 -1.39756 17.125 -0.00280364 -0.0153727 0.0987716 
qwerty 187 177 0 1.41151 -0.416977 -1.50262 17.8 -0.00280364 -0.0153727 0.0987716 
qwerty 187 177 0 0.972262 -0.430323 -1.5758 18.2702 -0.00796616 0.0410332 0.090845 
qwerty 187 177 0 0.972262 -0.448282 -1.48329 18.475 -0.00796616 0.0410332 0.090845 
qwerty 187 177 0 0.972262 -0.493574 -1.25 18.9915 -0.00796616 0.0410332 0.090845 
qwerty 187 177 0 0.972262 -0.507473 -1.17841 19.15 -0.00796616 0.0410332 0.090845 
qwerty 187 177 0 0.972262 -0.566663 -0.873522 19.825 -0.00796616 0.0410332 0.090845 
qwerty 187 177 0 0.972262 -0.625854 -0.568635 20.5 -0.00796616 0.0410332 0.090845 
qwerty 187 177 0 0.972262 -0.685044 -0.263749 21.175 -0.00796616 0.0410332 0.090845 
qwerty 187 177 0 0.972262 -0.744235 0.0411371 21.85 -0.00796616 0.0410332 0.090845 
qwerty 187 177 0 0.972262 -0.803425 0.346023 22.525 -0.00796616 0.0410332 0.090845 
qwerty 244 187 0.314202 0.125049 -0.426263 -1.64183 18.325 0.077321 -0.0458913 0.043766 
qwerty 244 187 0.125049 0 -0.417133 -1.64725 18.3301 0.077321 -0.0458913 0.043766 
qwerty 186 177 0 4.29634 0.0948767 0.369955 5.65 0.0264518 -0.0166092 0.094997 
qwerty 186 177 0 4.29634 0.282829 0.251938 6.325 0.0264518 -0.0166092 0.094997 
qwerty 186 177 0 4.29634 0.470782 0.133922 7 0.0264518 -0.0166092 0.094997 
qwerty 186 177 0 4.29634 0.658735 0.0159049 7.675 0.0264518 -0.0166092 0.094997 
qwerty 186 177 0 4.29634 0.846688 -0.102112 8.35 0.0264518 -0.0166092 0.094997 
qwerty 186 177 0 4.29634 1.03464 -0.220128 9.025 0.0264518 -0.0166092 0.094997 
qwerty 186 177 0 4.29634 1.22259 -0.338145 9.7 0.0264518 -0.0166092 0.094997 
qwerty 186 177 0 4.29634 1.41055 -0.456162 10.375 0.0264518 -0.0166092 0.094997 
qwerty 186 177 0 1.87479 1.96224 -0.832727 11.05 0.0634525 -0.0436296 0.0637984 
qwerty 186 177 0 1.87479 2.63358 -1.29434 11.725 0.0634525 -0.0436296 0.0637984 
qwerty 186 177 0 1.87479 3.30492 -1.75595 12.4 0.0634525 -0.0436296 0.0637984 
qwerty 186 177 0 1.87479 3.75 -2.06198 12.8475 0.0634525 -0.0436296 0.0637984 
qwerty 186 177 0 1.87479 3.97626 -2.21756 13.075 0.0634525 -0.0436296 0.0637984 
qwerty 186 177 0 0.442644 4.20858 -2.3773 13.3086 0.0833429 0.0425271 -0.0352904 
qwerty 186 177 0 0.442644 4.34695 -2.3067 13.25 0.0833429 0.0425271 -0.0352904 
qwerty 186 177 0 0.442644 5.94105 -1.49328 12.575 0.0833429 0.0425271 -0.0352904 
qwerty 186 177 0 0.442644 6.41782 -1.25 12.3731 0.0833429 0.0425271 -0.0352904 
qwerty 186 177 0 0.37756 6.89346 -1.0073 12.1717 0.0487635 0.0228658 -0.0842572 
qwerty 186 177 0 0.37756 7.05072 -0.933558 11.9 0.0487635 0.0228658 -0.0842572 
qwerty 186 177 0 0.3594 7.89111 -0.678573 11.225 0.0766537 0.0229718 -0.0599709 
qwerty 250 186 0.0650848 0 6.89612 -1.00583 12.174 0.0694759 0.0383137 0.06087 
qwerty 249 186 0.361739 1.0704 4.30462 -2.44638 13.4649 0.0583747 -0.0257737 0.0769942 
qwerty 249 186 0.488786 0.581619 4.40918 -2.44613 13.6473 0.0609253 -0.0636641 0.0472756 
qwerty 249 186 0.340438 0.241181 4.50455 -2.48623 13.7217 0.09864 -0.00536941 0.0155347 
qwerty 249 186 0.241181 0 4.53879 -2.4881 13.7271 0.09864 -0.00536941 0.0155347 
qwerty 184 177 0 2.40149 -0.0580102 0.460632 4.975 0.0235477 -0.00415756 0.097099 
qwerty 184 177 0 2.40149 0.105686 0.431731 5.65 0.0235477 -0.00415756 0.097099 
qwerty 184 177 0 1.53463 0.0651239 0.599814 6.325 -0.0119259 0.029608 0.0947689 
qwerty 184 177 0 1.53463 -0.0198197 0.810699 7 -0.0119259 0.029608 0.0947689 
qwerty 184 177 0 1.53463 -0.104763 1.02158 7.675 -0.0119259 0.029608 0.0947689 
qwerty 184 177 0 1.53463 -0.189707 1.23247 8.35 -0.0119259 0.029608 0.0947689 
qwerty 184 177 0 1.53463 -0.27465 1.44336 9.025 -0.0119259 0.029608 0.0947689 
qwerty 184 177 0 1.53463 -0.359594 1.65424 9.7 -0.0119259 0.029608 0.0947689 
qwerty 184 177 0 1.53463 -0.444537 1.86513 10.375 -0.0119259 0.029608 0.0947689 
qwerty 184 177 0 1.53463 -0.529481 2.07601 11.05 -0.0119259 0.029608 0.0947689 
qwerty 184 177 0 1.53463 -0.614425 2.2869 11.725 -0.0119259 0.029608 0.0947689 
qwerty 184 177 0 1.53463 -0.699368 2.49778 12.4 -0.0119259 0.029608 0.0947689 
qwerty 184 177 0 1.53463 -0.784312 2.70867 13.075 -0.0119259 0.029608 0.0947689 
qwerty 184 177 0 1.53463 -0.869255 2.91955 13.75 -0.0119259 0.029608 0.0947689 
qwerty 184 177 0 1.53463 -0.954199 3.13044 14.425 -0.0119259 0.029608 0.0947689 
qwerty 184 177 0 1.3309 -0.917541 3.22735 15.1 0.0115708 0.00840345 0.0989722 
qwerty 184 177 0 1.3309 -0.838627 3.28467 15.775 0.0115708 0.00840345 0.0989722 
qwerty 184 177 0 1.3309 -0.759712 3.34198 16.45 0.0115708 0.00840345 0.0989722 
qwerty 184 177 0 1.3309 -0.680798 3.39929 17.125 0.0115708 0.00840345 0.0989722 
qwerty 184 177 0 1.3309 -0.601884 3.4566 17.8 0.0115708 0.00840345 0.0989722 
qwerty 184 177 0 1.3309 -0.522969 3.51392 18.475 0.0115708 0.00840345 0.0989722 
qwerty 184 177 0 1.3309 -0.444055 3.57123 19.15 0.0115708 0.00840345 0.0989722 
qwerty 256 255 0 0.23498 -0.548423 3.71068 19.825 -0.0155627 0.0239622 0.0958312 
qwerty 183 177 0 1.63927 -0.167863 0.546333 4.975 0.00313307 0.0104298 0.0994052 
qwerty 183 177 0 1.63927 -0.146588 0.617155 5.65 0.00313307 0.0104298 0.0994052 
qwerty 183 177 0 1.63927 -0.125313 0.687978 6.325 0.00313307 0.0104298 0.0994052 
qwerty 183 177 0 1.63927 -0.104039 0.7588 7 0.00313307 0.0104298 0.0994052 
qwerty 183 177 0 1.63927 -0.0827639 0.829622 7.675 0.00313307 0.0104298 0.0994052 
qwerty 183 177 0 1.63927 -0.0614892 0.900444 8.35 0.00313307 0.0104298 0.0994052 
qwerty 181 177 0 0.146928 -0.201435 0.386351 3.625 -0.00680355 0.0146839 0.0986818 
qwerty 180 177 0 1.91283 -0.192013 0.35636 3.625 -0.00512634 0.00922494 0.0994415 
qwerty 180 177 0 0.228151 -0.099246 0.159833 3.125 0.0143868 -0.0300975 -0.0942717 
qwerty 179 177 0 0.53369 -0.22176 0.354619 3.625 -0.0104555 0.00885368 0.099057 
qwerty 179 177 0 0.53369 -0.293007 0.41495 4.3 -0.0104555 0.00885368 0.099057 
qwerty 102 20 0.826737 18.4402 0.673352 2.61821 8.35 -0.0133144 0.039016 0.091107 
qwerty 102 20 2.07174 7.55019 0.234421 3.90572 8.55437 -0.0304114 0.0945219 0.0118639 
qwerty 102 20 1.57307 5.97712 -0.147998 4.82573 8.58378 -0.0278165 0.0922027 -0.0269241 
qwerty 102 20 0.412105 5.56501 -0.208727 5.02703 8.525 -0.031094 0.0944775 -0.0103524 
qwerty 102 20 0 4.14665 -0.235617 5.12329 8.525 0.0539402 0.069827 -0.04706 
qwerty 64 30 0.652906 23.6447 -0.447646 1.86376 4.3 -0.0112027 0.0559645 0.0821126 
qwerty 64 30 1.75765 17.2898 -0.396282 2.9909 4.70759 0.00218933 0.0941994 0.0334915 
qwerty 64 30 1.39172 15.898 -0.378802 3.74303 4.975 -0.00786113 0.0938901 0.0335091 
qwerty 300 64 0.486665 0 -0.322733 3.05285 4.68971 -0.0371194 0.0547145 0.0750231 
qwerty 262 180 0.213128 1.01335 -0.305501 0.395296 3.91956 -0.0955596 -0.0287185 0.00660405 
qwerty 262 180 0.304102 0.709244 -0.432743 0.354279 3.87325 -0.0646922 0.0652759 -0.0394206 
qwerty 262 180 0.306942 0.402302 -0.502935 0.437936 3.80379 0.0473926 0.0842688 -0.0255482 
qwerty 262 180 0.0276316 0.37467 -0.495904 0.450439 3.8 0.04939 0.0736937 -0.0461504 
qwerty 311 64 0 0.510999 -0.670494 4.21415 5.65 -0.0614877 0.0329757 0.071637 
qwerty 311 64 0 0.510999 -1.24986 4.52486 6.325 -0.0614877 0.0329757 0.071637 
qwerty 311 64 0 0.510999 -1.82923 4.83558 7 -0.0614877 0.0329757 0.071637 
qwerty 310 64 0 0.510999 0.338035 3.67328 4.475 0.0614877 -0.0329757 -0.071637 
qwerty 310 64 0 0.109997 -0.53777 4.75425 4.60546 0.066909 -0.0698195 0.0254641 
qwerty 310 64 0 0.109997 0.433218 3.74102 4.975 0.066909 -0.0698195 0.0254641 
qwerty 318 310 0.0784501 0 -0.541236 4.75826 4.60529 -0.0653409 0.0756333 -0.00318731 
qwerty 309 64 0 1.03988 -1.11682 6.9029 4.475 -0.029732 0.0929463 -0.0218403 
qwerty 309 64 0 1.03988 -1.70767 8.75 4.04097 -0.029732 0.0929463 -0.0218403 
qwerty 309 64 0 1.03988 -2.03572 9.77551 3.8 -0.029732 0.0929463 -0.0218403 
qwerty 309 64 0 1.03988 -2.95462 12.6481 3.125 -0.029732 0.0929463 -0.0218403 
qwerty 309 64 0 1.03988 -3.30709 13.75 2.86608 -0.029732 0.0929463 -0.0218403 
qwerty 309 64 0 0.215135 -3.83905 15.413 2.47532 -0.0155657 -0.0910931 0.0382067 
qwerty 309 64 0 0.215135 -4.03244 14.2812 2.95 -0.0155657 -0.0910931 0.0382067 
qwerty 309 64 0 0.16506 -4.2071 13.8923 2.45 -0.0264903 -0.0583469 -0.0767717 
qwerty 322 309 0.0916703 0.73307 -3.86162 15.4596 2.45821 -0.0270962 0.0513118 -0.0814426 
qwerty 322 309 0.0145585 0.718511 -3.86435 15.4648 2.45 -0.0198513 0.0718136 -0.0666988 
qwerty 322 309 0.0553725 0.575638 -3.86326 15.4953 2.4508 -0.0302709 0.0940811 -0.0152453 
qwerty 322 309 0.0368717 0.538766 -3.86486 15.5003 2.45 -0.0182025 0.0938783 -0.0292496 
qwerty 306 64 0 0.224096 -0.698964 4.0419 5.65 -0.0648349 -0.0166141 0.0742995 
qwerty 298 64 0 0.958401 -0.38388 2.43939 4.975 0.00851665 0.0636729 0.076637 
qwerty 298 64 0 0.958401 -0.308868 3.00021 5.65 0.00851665 0.0636729 0.076637 
qwerty 298 64 0 0.958401 -0.233855 3.56102 6.325 0.00851665 0.0636729 0.076637 
qwerty 298 64 0 0.958401 -0.208578 3.75 6.55245 0.00851665 0.0636729 0.076637 
qwerty 298 64 0 0.958401 -0.158842 4.12184 7 0.00851665 0.0636729 0.076637 
qwerty 298 64 0 0.958401 -0.0838299 4.68266 7.675 0.00851665 0.0636729 0.076637 
qwerty 298 64 0 0.596895 -0.0277475 4.91189 8.00303 -0.0435515 0.0799698 0.0413293 
qwerty 298 64 0 0.596895 -0.39337 5.58326 8.35 -0.0435515 0.0799698 0.0413293 
qwerty 298 64 0 0.294455 -0.918324 6.54718 8.84817 0.0750105 0.0241184 0.061577 
qwerty 298 64 0 0.294455 -0.702915 6.61644 9.025 0.0750105 0.0241184 0.061577 
qwerty 337 298 0.302441 0 -0.955939 6.57897 8.85328 -0.0759721 0.0641992 0.0103296 
qwerty 336 298 0.339722 0 0.00874438 4.913 8.04963 0.0616423 0.00187557 0.0787192 
qwerty 297 89 0 0.510999 -0.706124 0.925087 7.175 -0.062835 0.0341053 -0.0699184 
qwerty 297 89 0 0.510999 -1.30474 1.25 6.5089 -0.062835 0.0341053 -0.0699184 
qwerty 297 89 0 0.510999 -1.31274 1.25434 6.5 -0.062835 0.0341053 -0.0699184 
qwerty 297 89 0 0.510999 -1.91936 1.5836 5.825 -0.062835 0.0341053 -0.0699184 
qwerty 297 89 0 0.349153 -2.06328 1.35164 5.15 -0.00895518 -0.0431903 -0.0897463 
qwerty 296 89 0 0.510999 0.349838 0.351937 8.35 0.062835 -0.0341053 0.0699184 
qwerty 296 89 0 0.510999 0.956454 0.0226813 9.025 0.062835 -0.0341053 0.0699184 
qwerty 296 89 0 0.510999 1.56307 -0.306575 9.7 0.062835 -0.0341053 0.0699184 
qwerty 296 89 0 0.510999 2.16969 -0.635831 10.375 0.062835 -0.0341053 0.0699184 
qwerty 295 102 0 1.68847 -0.851522 6.25 8.06864 -0.0500495 0.0797203 -0.0337596 
qwerty 295 102 0 1.68847 -1.17566 6.7663 7.85 -0.0500495 0.0797203 -0.0337596 
qwerty 295 102 0 0.903888 -2.12756 8.28251 7.20792 -0.0926289 0.0371074 0.00655178 
qwerty 295 102 0 0.903888 -3.75 8.93246 7.32268 -0.0926289 0.0371074 0.00655178 
qwerty 295 102 0 0.903888 -6.25 9.93397 7.49951 -0.0926289 0.0371074 0.00655178 
qwerty 295 102 0 0.248845 -7.43196 10.4075 7.58311 0.0174198 -0.0935129 0.0308528 
qwerty 295 102 0 0.248845 -7.38008 10.129 7.675 0.0174198 -0.0935129 0.0308528 
qwerty 345 295 0.0788117 0.576231 -7.47408 10.4334 7.56385 -0.0869756 0.0409863 -0.0274841 
qwerty 345 295 0.119768 0.456464 -7.52417 10.4412 7.53518 -0.00443918 0.0313826 -0.0948442 
qwerty 345 295 0.178846 0.277617 -7.57311 10.4559 7.47247 -0.0534943 0.0773352 -0.0340241 
qwerty 345 295 0.277617 0 -7.59629 10.4894 7.45772 -0.0534943 0.0773352 -0.0340241 
qwerty 344 295 0.0798563 0.704723 -2.13636 8.32097 7.18287 -0.0214775 0.0580957 -0.0785087 
qwerty 344 295 0.0148489 0.689875 -2.13851 8.32679 7.175 -0.00171277 0.0474618 -0.0880025 
qwerty 347 344 0 0.223262 -1.59953 8.47267 7.675 0.0712542 0.0192712 0.0674645 
qwerty 292 102 0 0.187866 -0.683755 5.68034 8.57281 -0.0339732 0.0350907 0.0872609 
qwerty 292 102 0 0.187866 -0.859807 5.86218 9.025 -0.0339732 0.0350907 0.0872609 
qwerty 292 102 0 0.187866 -1.1226 6.13362 9.7 -0.0339732 0.0350907 0.0872609 
qwerty 351 292 0.0384625 0 -0.684281 5.68121 8.57169 -0.0347859 0.0573699 -0.0741528 
qwerty 291 102 0 5.30601 0.194312 3.11887 9.025 -0.0543318 0.0517318 0.0661201 
qwerty 291 102 0 5.30601 -0.360345 3.64699 9.7 -0.0543318 0.0517318 0.0661201 
qwerty 353 291 0.865133 3.2781 -0.300381 3.73226 10.375 0.049606 0.0055175 0.0866533 
qwerty 355 353 0 0.265646 -0.513397 3.44528 10.375 -0.00600992 -0.0531049 0.0845207 
qwerty 290 102 0 0.431933 0.459706 3.09024 9.025 -0.0278226 0.0561102 0.0779586 
qwerty 290 102 0 0.431933 0.218806 3.57607 9.7 -0.0278226 0.0561102 0.0779586 
qwerty 290 102 0 0.426833 0.0314289 3.94748 10.375 -0.0220679 0.0434027 0.0873453 
qwerty 290 102 0 0.426833 -0.139111 4.28289 11.05 -0.0220679 0.0434027 0.0873453 
qwerty 289 102 0 0.285173 0.573222 2.92262 9.025 -0.0134011 0.0407405 0.0903362 
qwerty 288 102 0 7.63845 0.766277 2.62963 8.35 0.0109812 0.03721 0.0921674 
qwerty 288 102 0 7.63845 0.846699 2.90214 9.025 0.0109812 0.03721 0.0921674 
qwerty 288 102 0 7.63845 0.927121 3.17465 9.7 0.0109812 0.03721 0.0921674 
qwerty 288 102 0 7.63845 1.00754 3.44717 10.375 0.0109812 0.03721 0.0921674 
qwerty 288 102 0 7.63845 1.08797 3.71968 11.05 0.0109812 0.03721 0.0921674 
qwerty 288 102 0 7.63845 1.16839 3.99219 11.725 0.0109812 0.03721 0.0921674 
qwerty 288 102 0 7.63845 1.24881 4.2647 12.4 0.0109812 0.03721 0.0921674 
qwerty 288 102 0 7.63845 1.32923 4.53721 13.075 0.0109812 0.03721 0.0921674 
qwerty 364 362 0 1.69712 -0.982415 4.62552 12.575 -0.0969841 0.00280411 -0.0242119 
qwerty 364 362 0 0.457037 -1.25 4.20986 12.7149 -0.03039 -0.0882406 0.0359171 
qwerty 364 362 0 0.457037 -1.5547 3.32512 13.075 -0.03039 -0.0882406 0.0359171 
qwerty 285 115 0 0.510999 -0.241524 2.66832 7.175 -0.038562 0.0572442 -0.0723607 
qwerty 285 115 0 0.510999 -0.601241 3.20231 6.5 -0.038562 0.0572442 -0.0723607 
qwerty 285 115 0 0.510999 -0.960957 3.7363 5.825 -0.038562 0.0572442 -0.0723607 
qwerty 285 115 0 0.510999 -1.32067 4.27029 5.15 -0.038562 0.0572442 -0.0723607 
qwerty 284 115 0 0.510999 0.38465 1.73878 8.35 0.038562 -0.0572442 0.0723607 
qwerty 284 115 0 0.410235 0.186469 0.796919 9.025 -0.0245934 -0.0809416 0.0533256 
qwerty 284 115 0 0.410235 -0.124837 -0.227647 9.7 -0.0245934 -0.0809416 0.0533256 
qwerty 284 115 0 0.410235 -0.436143 -1.25221 10.375 -0.0245934 -0.0809416 0.0533256 
qwerty 284 115 0 0.410235 -0.747448 -2.27678 11.05 -0.0245934 -0.0809416 0.0533256 
qwerty 284 115 0 0.410235 -1.05875 -3.30135 11.725 -0.0245934 -0.0809416 0.0533256 
qwerty 284 115 0 0.410235 -1.19507 -3.75 12.0206 -0.0245934 -0.0809416 0.0533256 
qwerty 284 115 0 0.410235 -1.37006 -4.32591 12.4 -0.0245934 -0.0809416 0.0533256 
qwerty 283 115 0 0.310597 -0.827185 1.72428 7.175 -0.0763385 -0.0459602 -0.0453882 
qwerty 280 130 0 2.4424 -8.75048 2.99004 3.8 -0.0971599 0.02263 -0.00691676 
qwerty 280 130 0 2.4424 -11.25 3.57222 3.62206 -0.0971599 0.02263 -0.00691676 
qwerty 280 130 0 2.4424 -13.75 4.15451 3.44409 -0.0971599 0.02263 -0.00691676 
qwerty 280 130 0 0.963583 -13.9344 4.19745 3.43096 -0.0833341 -0.0532366 0.0148761 
qwerty 280 130 0 0.963583 -15.0214 3.50305 3.625 -0.0833341 -0.0532366 0.0148761 
qwerty 376 280 0.367463 1.11135 -14.108 4.3369 3.48804 -0.0627294 0.0768128 0.0128379 
qwerty 376 280 0.419094 0.692259 -14.2626 4.46672 3.57018 -0.0681299 0.0475166 0.0556821 
qwerty 376 280 0.253553 0.438706 -14.3297 4.51349 3.625 -0.0664455 -0.00298336 0.0746733 
qwerty 376 280 0.0176689 0.383192 -14.331 4.50344 3.6197 -0.0201089 -0.0869974 -0.0450231 
qwerty 376 280 0.0204947 0.362697 -14.3315 4.495 3.61413 -0.0350444 -0.0865631 -0.0357591 
qwerty 376 280 0.0165 0.346197 -14.3357 4.48619 3.61246 -0.0500595 -0.0826189 -0.0258489 
qwerty 376 280 0.0199185 0.326279 -14.3397 4.47811 3.60876 -0.067842 -0.0704426 -0.020864 
qwerty 376 280 0.0237202 0.302558 -14.3461 4.47136 3.60488 -0.0650896 -0.0759078 -0.0011605 
qwerty 376 280 0.0401865 0.262372 -14.3576 4.464 3.6065 -0.0764794 -0.0590917 0.0256722 
qwerty 376 280 0.0266517 0.23572 -14.3685 4.4607 3.6104 -0.094052 -0.0318393 0.0118526 
qwerty 376 280 0.0576214 0.178099 -14.3764 4.45913 3.61392 -0.0877774 -0.0268843 0.039653 
qwerty 376 280 0.024043 0.154056 -14.3852 4.45827 3.61533 -0.094401 0.0278946 0.0176165 
qwerty 376 280 0.0272299 0.126826 -14.3947 4.4563 3.61605 -0.096192 -0.00334594 -0.0271274 
qwerty 376 280 0.0760622 0.0507639 -14.4007 4.45692 3.6098 -0.0384019 -0.0624492 -0.0680103 
qwerty 376 280 0.0507639 0 -14.4016 4.45537 3.60812 -0.0384019 -0.0624492 -0.0680103 
qwerty 278 136 0 0.477804 -0.224481 0.559085 9.7 -0.014362 -0.0727491 0.0670918 
qwerty 278 136 0 0.477804 -0.368975 -0.172833 10.375 -0.014362 -0.0727491 0.0670918 
qwerty 277 136 0 0.763657 -1.25 1.06553 8.70965 -0.0919672 -0.0131583 -0.0369986 
qwerty 277 136 0 0.763657 -1.70899 0.999863 8.525 -0.0919672 -0.0131583 -0.0369986 
qwerty 277 136 0 0.763657 -3.4222 0.746651 7.85 -0.0922372 -0.013775 -0.0360907 
qwerty 275 157 0 0.510999 -0.703874 1.11875 7.675 -0.0754774 0.0144119 0.0639958 
qwerty 275 157 0 0.510999 -1.39125 1.25 8.25782 -0.0754774 0.0144119 0.0639958 
qwerty 275 157 0 0.510999 -1.49998 1.27076 8.35 -0.0754774 0.0144119 0.0639958 
qwerty 275 157 0 0.510999 -2.29608 1.42277 9.025 -0.0754774 0.0144119 0.0639958 
qwerty 275 157 0 0.510999 -3.09218 1.57478 9.7 -0.0754774 0.0144119 0.0639958 
qwerty 275 157 0 0.510999 -3.75 1.70039 10.2578 -0.0754774 0.0144119 0.0639958 
qwerty 275 157 0 0.510999 -3.88828 1.72679 10.375 -0.0754774 0.0144119 0.0639958 
qwerty 275 157 0 0.510999 -4.68438 1.8788 11.05 -0.0754774 0.0144119 0.0639958 
qwerty 275 157 0 0.510999 -5.48048 2.03081 11.725 -0.0754774 0.0144119 0.0639958 
qwerty 275 157 0 0.20819 -5.9249 2.11567 12.1018 -0.0200065 0.0117828 -0.0972672 
qwerty 275 157 0 0.20819 -5.96641 2.14012 11.9 -0.0200065 0.0117828 -0.0972672 
qwerty 385 275 0.302809 0 -5.95185 2.11951 12.1433 -0.0543181 0.00775431 0.0836027 
qwerty 270 232 0 0.510999 -0.212616 6.12876 5.825 -0.0448325 0.0282325 -0.0848114 
qwerty 270 232 0 0.510999 -0.405143 6.25 5.46079 -0.0448325 0.0282325 -0.0848114 
qwerty 270 232 0 0.510999 -0.569431 6.35346 5.15 -0.0448325 0.0282325 -0.0848114 
qwerty 269 240 0 0.510999 -3.65758 3.50463 14.425 -0.0232092 0.0956956 0.0174268 
qwerty 268 240 0 0.510999 -2.50443 -1.25 13.5592 0.0232092 -0.0956956 -0.0174268 
qwerty 268 240 0 0.510999 -2.0927 -2.94765 13.25 0.0232092 -0.0956956 -0.0174268 
qwerty 407 363 0 0.510999 1.02789 4.75417 13.75 -0.0468876 0.0178186 0.0865104 
qwerty 407 363 0 0.510999 0.662046 4.8932 14.425 -0.0468876 0.0178186 0.0865104 
qwerty 407 363 0 0.510999 0.296204 5.03223 15.1 -0.0468876 0.0178186 0.0865104 
qwerty 407 363 0 0.510999 -0.0696377 5.17126 15.775 -0.0468876 0.0178186 0.0865104 
qwerty 406 363 0 0.510999 1.64571 4.52331 12.575 0.0448975 -0.0165051 -0.0878168 
qwerty 406 363 0 0.510999 1.99081 4.39644 11.9 0.0448975 -0.0165051 -0.0878168 
qwerty 406 363 0 0.510999 2.33592 4.26958 11.225 0.0448975 -0.0165051 -0.0878168 
qwerty 404 363 0 0.573871 1.8625 4.6909 13.373 0.0928717 0.0273749 0.0250094 
qwerty 404 363 0 0.573871 3.26235 5.10352 13.75 0.0928717 0.0273749 0.0250094 
qwerty 404 363 0 0.327691 3.76467 5.34939 13.25 0.0491494 0.0291592 -0.0820614 
qwerty 413 404 0.0179352 0 1.86247 4.69072 13.3734 -0.00790658 -0.0478271 0.0874646 
