qwerty 1 0 0 200 0 0 -0.249995 0 0 0.1 
qwerty 3 1 0 106.493 0.0905799 -0.345621 0.25 0.0147396 -0.056241 0.0813615 
qwerty 4 3 1.4104 96.0224 0.191014 -0.856589 0.925 0.0103946 -0.0600221 0.0793051 
qwerty 4 3 0.669097 68.4634 0.221961 -1.25 1.42951 0.00349926 -0.0690745 0.0722252 
qwerty 4 3 0.355253 68.1081 0.230221 -1.41305 1.6 0.00211245 -0.0670566 0.0741549 
qwerty 4 3 0.910028 64.5302 0.224116 -1.83291 2.275 -0.0054454 -0.0489149 0.0870499 
qwerty 4 3 0.878804 55.9671 0.251168 -2.11893 2.91037 0.0056175 -0.0386564 0.092055 
qwerty 4 3 0.329213 55.6378 0.253587 -2.13557 2.95 0.00621488 -0.0392323 0.0917725 
qwerty 4 3 0.736916 25.5467 0.0531036 -2.33032 3.625 -0.0322557 -0.0218487 0.0920989 
qwerty 14 4 0.105848 0.187403 0.255349 -2.10083 2.9254 0.0372749 0.0827165 0.0420543 
qwerty 14 4 0.0416316 0.145772 0.258029 -2.09077 2.93298 0.0102543 0.0686042 0.0720299 
qwerty 14 4 0.0302467 0.115525 0.26245 -2.08509 2.93964 0.0362665 0.0870857 0.0331785 
qwerty 14 4 0.0516362 0.0638888 0.267979 -2.08143 2.94248 0.0740152 0.0648317 0.0178491 
qwerty 14 4 0.0638888 0 0.270722 -2.07902 2.94314 0.0740152 0.0648317 0.0178491 
qwerty 21 4 0 2.68203 0.197692 -2.72143 4.3 0.0239268 -0.0523276 0.0817883 
qwerty 21 4 0 2.68203 0.39516 -3.15329 4.975 0.0239268 -0.0523276 0.0817883 
qwerty 21 4 0 2.68203 0.592629 -3.58515 5.65 0.0239268 -0.0523276 0.0817883 
qwerty 21 4 0 2.68203 0.790097 -4.01701 6.325 0.0239268 -0.0523276 0.0817883 
qwerty 21 4 0 2.68203 0.987565 -4.44887 7 0.0239268 -0.0523276 0.0817883 
qwerty 21 4 0 2.68203 1.18503 -4.88073 7.675 0.0239268 -0.0523276 0.0817883 
qwerty 21 4 0 2.68203 1.3825 -5.31259 8.35 0.0239268 -0.0523276 0.0817883 
qwerty 22 21 0.575804 1.49701 1.35544 -5.31444 8.01651 -0.0550649 0.0254131 -0.0795112 
qwerty 22 21 0.391376 1.10563 1.24012 -5.26122 7.85 -0.0611781 -0.00708144 -0.0787851 
qwerty 20 4 0 7.71618 -0.00741595 -2.4404 4.3 -0.00698589 -0.0157165 0.0985098 
qwerty 20 4 0 7.71618 -0.055284 -2.54809 4.975 -0.00698589 -0.0157165 0.0985098 
qwerty 20 4 0 7.71618 -0.103152 -2.65579 5.65 -0.00698589 -0.0157165 0.0985098 
qwerty 20 4 0 7.71618 -0.15102 -2.76348 6.325 -0.00698589 -0.0157165 0.0985098 
qwerty 20 4 0 7.71618 -0.198888 -2.87117 7 -0.00698589 -0.0157165 0.0985098 
qwerty 20 4 0 7.71618 -0.246756 -2.97886 7.675 -0.00698589 -0.0157165 0.0985098 
qwerty 20 4 0 7.71618 -0.294624 -3.08655 8.35 -0.00698589 -0.0157165 0.0985098 
qwerty 20 4 0 7.71618 -0.342492 -3.19424 9.025 -0.00698589 -0.0157165 0.0985098 
qwerty 20 4 0 7.71618 -0.39036 -3.30193 9.7 -0.00698589 -0.0157165 0.0985098 
qwerty 19 4 0 1.22073 -0.0298272 -2.52042 4.3 -0.0104058 -0.0278949 0.0954651 
qwerty 19 4 0 1.22073 -0.103403 -2.71766 4.975 -0.0104058 -0.0278949 0.0954651 
qwerty 19 4 0 0.53224 -0.129618 -2.78794 5.21551 -0.0653715 0.0510837 0.0558302 
qwerty 19 4 0 0.217655 -0.344391 -2.6201 5.39893 0.0202529 -0.0905972 0.0371749 
qwerty 19 4 0 0.217655 -0.20761 -3.23197 5.65 0.0202529 -0.0905972 0.0371749 
qwerty 26 19 0.314584 0 -0.3762 -2.58204 5.41648 -0.0604555 0.0723399 0.0333476 
qwerty 25 19 0.0617162 0.62677 -0.118949 -2.80451 5.246 0.0177811 -0.0807039 0.0563091 
qwerty 25 19 0.0995462 0.527224 -0.0939137 -2.85253 5.26329 0.0763121 -0.0341475 0.0548672 
qwerty 25 19 0.111056 0.416168 -0.0616345 -2.86427 5.31674 0.0684064 -0.0545258 0.048451 
qwerty 25 19 0.370394 0.0457745 -0.00702963 -2.90779 5.35542 -0.0940774 0.0112838 0.0319706 
qwerty 25 19 0.0457745 0 -0.00896596 -2.90756 5.35607 -0.0940774 0.0112838 0.0319706 
qwerty 18 4 0 1.16815 -0.169181 -2.52837 4.3 -0.0304376 -0.0269065 0.0913761 
qwerty 18 4 0 1.16815 -0.394025 -2.72713 4.975 -0.0304376 -0.0269065 0.0913761 
qwerty 17 4 0 4.97401 -0.15573 -2.51339 4.3 -0.0288658 -0.0250382 0.0924113 
qwerty 17 4 0 4.97401 -0.366574 -2.69627 4.975 -0.0288658 -0.0250382 0.0924113 
qwerty 17 4 0 4.97401 -0.577419 -2.87916 5.65 -0.0288658 -0.0250382 0.0924113 
qwerty 17 4 0 4.97401 -0.788264 -3.06205 6.325 -0.0288658 -0.0250382 0.0924113 
qwerty 17 4 0 4.97401 -0.999109 -3.24493 7 -0.0288658 -0.0250382 0.0924113 
qwerty 17 4 0 4.97401 -1.20995 -3.42782 7.675 -0.0288658 -0.0250382 0.0924113 
qwerty 17 4 0 4.97401 -1.4208 -3.61071 8.35 -0.0288658 -0.0250382 0.0924113 
qwerty 17 4 0 4.97401 -1.63164 -3.79359 9.025 -0.0288658 -0.0250382 0.0924113 
qwerty 17 4 0 4.97401 -1.84249 -3.97648 9.7 -0.0288658 -0.0250382 0.0924113 
qwerty 17 4 0 4.97401 -2.05333 -4.15937 10.375 -0.0288658 -0.0250382 0.0924113 
qwerty 17 4 0 4.868 -2.28359 -4.30473 11.05 -0.0320588 -0.0191711 0.0927615 
qwerty 17 4 0 1.21042 -3.75 -4.81367 11.688 -0.0878104 -0.0303518 0.0369879 
qwerty 17 4 0 1.21042 -3.83786 -4.84404 11.725 -0.0878104 -0.0303518 0.0369879 
qwerty 35 31 0 0.186694 -2.69276 -4.46999 10.55 -0.0516009 -0.029212 -0.0805233 
qwerty 16 4 0 26.0548 0.137839 -2.41843 3.625 -0.0187369 -0.0357501 0.0914924 
qwerty 16 4 0 26.0548 -0.000395349 -2.68218 4.3 -0.0187369 -0.0357501 0.0914924 
qwerty 16 4 0 26.0548 -0.13863 -2.94594 4.975 -0.0187369 -0.0357501 0.0914924 
qwerty 16 4 0 26.0548 -0.276864 -3.20969 5.65 -0.0187369 -0.0357501 0.0914924 
qwerty 16 4 0 26.0548 -0.415098 -3.47344 6.325 -0.0187369 -0.0357501 0.0914924 
qwerty 16 4 0 26.0548 -0.553332 -3.73719 7 -0.0187369 -0.0357501 0.0914924 
qwerty 37 16 0.100852 3.55279 -0.615652 -3.78913 6.95437 -0.0248014 -0.0478419 -0.084238 
qwerty 37 16 0.875467 2.67733 -0.76498 -4.03175 6.52882 -0.0353457 -0.0270711 -0.0895424 
qwerty 37 16 0.0543927 2.62293 -0.776357 -4.04047 6.5 -0.0391976 -0.0267636 -0.0880185 
qwerty 40 37 0.0618754 0.361277 -0.62954 -3.80608 6.95641 0.0320474 -0.0791734 -0.0520051 
qwerty 40 37 0.045392 0.315885 -0.627057 -3.82463 6.94387 0.0356079 -0.0672212 -0.0649106 
qwerty 40 37 0.0789422 0.236943 -0.60768 -3.83296 6.91784 0.0185099 -0.016681 -0.0968459 
qwerty 40 37 0.236943 0 -0.601433 -3.83859 6.88515 0.0185099 -0.016681 -0.0968459 
qwerty 41 37 0 0.378879 -0.813492 -4.04797 5.825 -0.00469554 -0.000570088 -0.0998881 
qwerty 41 37 0 0.378879 -0.845222 -4.05182 5.15 -0.00469554 -0.000570088 -0.0998881 
qwerty 39 37 0 0.539107 -1.15609 -4.22539 6.5 -0.0631274 -0.0529843 -0.0566356 
qwerty 39 37 0 0.539107 -1.90846 -4.85687 5.825 -0.0631274 -0.0529843 -0.0566356 
qwerty 39 37 0 0.539107 -2.66083 -5.48835 5.15 -0.0631274 -0.0529843 -0.0566356 
qwerty 39 37 0 0.539107 -3.4132 -6.11983 4.475 -0.0631274 -0.0529843 -0.0566356 
qwerty 39 37 0 0.539107 -4.16557 -6.75132 3.8 -0.0631274 -0.0529843 -0.0566356 
qwerty 39 37 0 0.42241 -4.24587 -7.12525 3.125 0.000964292 -0.0450221 -0.0892865 
qwerty 39 37 0 0.42241 -4.23858 -7.46561 2.45 0.000964292 -0.0450221 -0.0892865 
qwerty 39 37 0 0.42241 -4.23129 -7.80597 1.775 0.000964292 -0.0450221 -0.0892865 
qwerty 13 4 0 3.29426 0.192758 -2.17871 2.95 -0.00428692 -0.0453635 0.0890156 
qwerty 13 4 0 3.29426 0.160251 -2.5227 3.625 -0.00428692 -0.0453635 0.0890156 
qwerty 13 4 0 3.29426 0.127743 -2.86669 4.3 -0.00428692 -0.0453635 0.0890156 
qwerty 13 4 0 3.29426 0.0952359 -3.21068 4.975 -0.00428692 -0.0453635 0.0890156 
qwerty 13 4 0 3.29426 0.0627284 -3.55467 5.65 -0.00428692 -0.0453635 0.0890156 
qwerty 13 4 0 3.29426 0.0302209 -3.89865 6.325 -0.00428692 -0.0453635 0.0890156 
qwerty 13 4 0 3.29426 -0.00228661 -4.24264 7 -0.00428692 -0.0453635 0.0890156 
qwerty 13 4 0 3.29426 -0.0347941 -4.58663 7.675 -0.00428692 -0.0453635 0.0890156 
qwerty 13 4 0 3.29426 -0.0673016 -4.93062 8.35 -0.00428692 -0.0453635 0.0890156 
qwerty 13 4 0 0.75634 1.11119 -5.18141 9.025 0.0854117 -0.0180941 0.0487591 
qwerty 13 4 0 0.75634 2.2936 -5.4319 9.7 0.0854117 -0.0180941 0.0487591 
qwerty 13 4 0 0.439844 3.4604 -5.67908 10.3661 0.00995323 -0.0809034 0.0579273 
qwerty 13 4 0 0.439844 3.46193 -5.69152 10.375 0.00995323 -0.0809034 0.0579273 
qwerty 13 4 0 0.439844 3.53064 -6.25 10.7749 0.00995323 -0.0809034 0.0579273 
qwerty 13 4 0 0.439844 3.57791 -6.63425 11.05 0.00995323 -0.0809034 0.0579273 
qwerty 51 13 0.0110117 0.305484 3.46518 -5.67654 10.3666 0.00702004 0.0710019 0.0700674 
qwerty 51 13 0.00934963 0.296135 3.46524 -5.67311 10.3716 0.0106426 0.0597936 0.0794447 
qwerty 51 13 0.00713768 0.288997 3.4657 -5.67055 10.375 0.022948 0.0613114 0.075593 
qwerty 50 13 0.497491 1.21381 0.0771789 -4.72018 8.1705 -0.0634729 0.0447376 -0.0630059 
qwerty 50 13 0.237783 0.526659 -0.0334898 -4.65532 8.09227 -0.0114948 0.0538288 -0.0834885 
qwerty 50 13 0.176629 0.343717 -0.0429695 -4.61093 8.02342 0.0217124 0.00227806 -0.0975878 
qwerty 50 13 0.343717 0 -0.0298847 -4.60955 7.96461 0.0943362 0.0307967 -0.0123387 
qwerty 53 50 0.287281 0.162084 -0.000764776 -4.57423 8.10589 0.0897921 0.040769 -0.016591 
qwerty 53 50 0.162084 0 0.0155951 -4.56681 8.10287 0.0897921 0.040769 -0.016591 
qwerty 54 50 0.00029101 0 0.0080388 -4.61309 8.02277 0.0999018 -0.00424197 -0.0012825 
qwerty 55 54 0.0060223 0 0.00806117 -4.6131 8.02281 0.0404246 -0.0206691 0.089099 
qwerty 10 4 0 0.138451 0.246417 -1.55811 1.79114 -0.0238293 -0.091905 -0.0313949 
qwerty 10 4 0 0.138451 0.23417 -1.60535 1.775 -0.0238293 -0.091905 -0.0313949 
qwerty 58 10 0.0425295 0 0.246702 -1.55773 1.79288 0.0158245 0.0214975 0.0963714 
qwerty 9 4 0 14.4409 0.23071 -1.25 1.4565 0.00610599 -0.0600107 0.0797586 
qwerty 9 4 0 14.4409 0.241696 -1.35797 1.6 0.00610599 -0.0600107 0.0797586 
qwerty 9 4 0 14.4409 0.293371 -1.86585 2.275 0.00610599 -0.0600107 0.0797586 
qwerty 9 4 0 1.72889 0.898279 -2.26583 2.95 0.0708796 -0.033721 0.0619595 
qwerty 9 4 0 1.72889 1.25 -2.43316 3.25746 0.0708796 -0.033721 0.0619595 
qwerty 9 4 0 1.72889 1.67046 -2.63319 3.625 0.0708796 -0.033721 0.0619595 
qwerty 9 4 0 1.72889 2.44264 -3.00056 4.3 0.0708796 -0.033721 0.0619595 
qwerty 60 9 1.30922 11.146 0.175773 -2.54914 2.95 -0.00440879 -0.0719388 0.0693207 
qwerty 60 9 0.794615 6.16563 0.408399 -2.8867 3.59985 0.0438456 -0.00668691 0.0896261 
qwerty 60 9 0.0326875 6.13295 0.420704 -2.88858 3.625 0.0395957 -0.00407559 0.0917364 
qwerty 60 9 1.015 2.33907 0.752774 -3.18687 3.24899 0.00768297 -0.0352123 -0.0932795 
qwerty 60 9 0.19387 2.1452 0.762986 -3.23367 3.125 0.0133332 -0.0212645 -0.096799 
qwerty 66 60 0.0363348 0.288924 0.400084 -2.89886 3.60646 -0.0207088 0.0552822 -0.0807157 
qwerty 66 60 0.0293755 0.259549 0.397311 -2.89301 3.59709 0.00358639 0.0619848 -0.0783902 
qwerty 66 60 0.0429088 0.21664 0.401382 -2.88692 3.58363 0.0106171 0.0151962 -0.0982667 
qwerty 66 60 0.0672467 0.149394 0.394097 -2.89194 3.56188 0.00982579 -0.0592246 -0.0799744 
qwerty 66 60 0.149394 0 0.39566 -2.90137 3.54915 0.00982579 -0.0592246 -0.0799744 
qwerty 8 4 0 6.79693 0.242526 -1.25 1.5334 0.00721871 -0.053486 0.0841851 
qwerty 8 4 0 6.79693 0.248237 -1.29231 1.6 0.00721871 -0.053486 0.0841851 
qwerty 8 4 0 6.79693 0.306117 -1.72116 2.275 0.00721871 -0.053486 0.0841851 
qwerty 8 4 0 6.79693 0.363997 -2.15002 2.95 0.00721871 -0.053486 0.0841851 
qwerty 8 4 0 6.79693 0.421877 -2.57887 3.625 0.00721871 -0.053486 0.0841851 
qwerty 8 4 0 6.79693 0.479756 -3.00772 4.3 0.00721871 -0.053486 0.0841851 
qwerty 8 4 0 6.79693 0.537636 -3.43658 4.975 0.00721871 -0.053486 0.0841851 
qwerty 8 4 0 6.79693 0.579937 -3.75 5.46832 0.00721871 -0.053486 0.0841851 
qwerty 8 4 0 6.79693 0.595516 -3.86543 5.65 0.00721871 -0.053486 0.0841851 
qwerty 8 4 0 6.79693 0.653396 -4.29428 6.325 0.00721871 -0.053486 0.0841851 
qwerty 8 4 0 6.79693 0.711276 -4.72313 7 0.00721871 -0.053486 0.0841851 
qwerty 8 4 0 6.79693 0.769156 -5.15199 7.675 0.00721871 -0.053486 0.0841851 
qwerty 8 4 0 6.79693 0.827036 -5.58084 8.35 0.00721871 -0.053486 0.0841851 
qwerty 8 4 0 6.79693 0.884916 -6.00969 9.025 0.00721871 -0.053486 0.0841851 
qwerty 8 4 0 6.79693 0.917348 -6.25 9.40323 0.00721871 -0.053486 0.0841851 
qwerty 8 4 0 6.79693 0.942796 -6.43855 9.7 0.00721871 -0.053486 0.0841851 
qwerty 8 4 0 6.79693 1.00068 -6.8674 10.375 0.00721871 -0.053486 0.0841851 
qwerty 8 4 0 6.79693 1.05856 -7.29625 11.05 0.00721871 -0.053486 0.0841851 
qwerty 8 4 0 6.79693 1.11644 -7.7251 11.725 0.00721871 -0.053486 0.0841851 
qwerty 8 4 0 6.79693 1.17432 -8.15396 12.4 0.00721871 -0.053486 0.0841851 
qwerty 8 4 0 6.79693 1.23219 -8.58281 13.075 0.00721871 -0.053486 0.0841851 
qwerty 8 4 0 6.79693 1.25476 -8.75 13.3382 0.00721871 -0.053486 0.0841851 
qwerty 8 4 0 6.79693 1.29007 -9.01166 13.75 0.00721871 -0.053486 0.0841851 
qwerty 8 4 0 6.79693 1.34795 -9.44052 14.425 0.00721871 -0.053486 0.0841851 
qwerty 8 4 0 6.79693 1.40583 -9.86937 15.1 0.00721871 -0.053486 0.0841851 
qwerty 7 4 0 1.84241 0.243027 -1.25 1.51479 0.0073461 -0.0547795 0.0833381 
qwerty 7 4 0 1.84241 0.250538 -1.30601 1.6 0.0073461 -0.0547795 0.0833381 
qwerty 7 4 0 1.84241 0.310038 -1.7497 2.275 0.0073461 -0.0547795 0.0833381 
qwerty 7 4 0 1.84241 0.369538 -2.19338 2.95 0.0073461 -0.0547795 0.0833381 
qwerty 7 4 0 1.84241 0.429038 -2.63707 3.625 0.0073461 -0.0547795 0.0833381 
qwerty 7 4 0 1.84241 0.488537 -3.08076 4.3 0.0073461 -0.0547795 0.0833381 
qwerty 7 4 0 1.84241 0.548037 -3.52445 4.975 0.0073461 -0.0547795 0.0833381 
qwerty 7 4 0 1.84241 0.578284 -3.75 5.31814 0.0073461 -0.0547795 0.0833381 
qwerty 7 4 0 1.84241 0.607537 -3.96814 5.65 0.0073461 -0.0547795 0.0833381 
qwerty 7 4 0 1.84241 0.667037 -4.41183 6.325 0.0073461 -0.0547795 0.0833381 
qwerty 7 4 0 1.84241 0.726537 -4.85552 7 0.0073461 -0.0547795 0.0833381 
qwerty 7 4 0 1.84241 0.786037 -5.29921 7.675 0.0073461 -0.0547795 0.0833381 
qwerty 7 4 0 1.84241 0.845537 -5.74289 8.35 0.0073461 -0.0547795 0.0833381 
qwerty 7 4 0 1.84241 0.905037 -6.18658 9.025 0.0073461 -0.0547795 0.0833381 
qwerty 7 4 0 1.84241 0.964537 -6.63027 9.7 0.0073461 -0.0547795 0.0833381 
qwerty 7 4 0 1.84241 1.02404 -7.07396 10.375 0.0073461 -0.0547795 0.0833381 
qwerty 7 4 0 1.84241 1.08354 -7.51765 11.05 0.0073461 -0.0547795 0.0833381 
qwerty 7 4 0 1.84241 1.14304 -7.96134 11.725 0.0073461 -0.0547795 0.0833381 
qwerty 7 4 0 1.84241 1.20254 -8.40503 12.4 0.0073461 -0.0547795 0.0833381 
qwerty 6 4 0 0.889656 0.225496 -1.25 1.48921 0.00487043 -0.05696 0.0820478 
qwerty 6 4 0 0.889656 0.232073 -1.32692 1.6 0.00487043 -0.05696 0.0820478 
qwerty 6 4 0 0.889656 0.272141 -1.79552 2.275 0.00487043 -0.05696 0.0820478 
qwerty 6 4 0 0.889656 0.31221 -2.26413 2.95 0.00487043 -0.05696 0.0820478 
qwerty 6 4 0 0.889656 0.352278 -2.73273 3.625 0.00487043 -0.05696 0.0820478 
qwerty 6 4 0 0.889656 0.392347 -3.20134 4.3 0.00487043 -0.05696 0.0820478 
qwerty 6 4 0 0.889656 0.432416 -3.66994 4.975 0.00487043 -0.05696 0.0820478 
qwerty 6 4 0 0.889656 0.472484 -4.13855 5.65 0.00487043 -0.05696 0.0820478 
qwerty 6 4 0 0.649775 -0.0644938 -4.82819 6.325 -0.0548764 -0.0615663 0.0565523 
qwerty 6 4 0 0.649775 -0.719491 -5.56303 7 -0.0548764 -0.0615663 0.0565523 
qwerty 6 4 0 0.331994 -1.20734 -6.11036 7.50275 -0.0911485 0.0411334 5.24171e-05 
qwerty 6 4 0 0.331994 -1.25 -6.09111 7.50278 -0.0911485 0.0411334 5.24171e-05 
qwerty 6 4 0 0.145054 -1.44186 -6.00453 7.50289 0.0845981 -0.0516555 -0.0132241 
qwerty 6 4 0 0.145054 -1.25 -6.12168 7.4729 0.0845981 -0.0516555 -0.0132241 
qwerty 6 4 0 0.0935277 -0.948679 -6.30566 7.42579 -0.0976206 0.020293 0.00764345 
qwerty 6 4 0 0.0935277 -1.25 -6.24303 7.44939 -0.0976206 0.020293 0.00764345 
qwerty 6 4 0 0.0935277 -3.75 -5.72334 7.64513 -0.0976206 0.020293 0.00764345 
qwerty 6 4 0 0.0935277 -4.13149 -5.64403 7.675 -0.0976206 0.020293 0.00764345 
qwerty 75 6 0.051526 0 -0.946369 -6.30668 7.42551 0.0909966 -0.0399284 -0.0111955 
qwerty 74 6 0.18694 0 -1.46247 -5.99428 7.50382 -0.0894669 0.044487 0.00407159 
qwerty 73 6 0.0522102 0.265571 -1.20879 -6.13481 7.50833 0.00815318 -0.0940839 0.03289 
qwerty 73 6 0.0533395 0.212231 -1.20741 -6.15051 7.52352 0.0306194 -0.0665467 0.0680734 
qwerty 73 6 0.070818 0.141413 -1.19567 -6.16453 7.53213 0.0104558 -0.0934736 0.0339612 
qwerty 73 6 0.141413 0 -1.19415 -6.1781 7.53706 0.0104558 -0.0934736 0.0339612 
qwerty 2 1 0 228.484 -0.0356844 0.136159 0.25 -0.00686991 0.0262131 0.0962584 
qwerty 2 1 0 228.484 -0.0838588 0.319975 0.925 -0.00686991 0.0262131 0.0962584 
qwerty 2 1 0 228.484 -0.132033 0.503792 1.6 -0.00686991 0.0262131 0.0962584 
qwerty 2 1 0 228.484 -0.180208 0.687608 2.275 -0.00686991 0.0262131 0.0962584 
qwerty 2 1 0 228.484 -0.228382 0.871425 2.95 -0.00686991 0.0262131 0.0962584 
qwerty 2 1 0 228.484 -0.276556 1.05524 3.625 -0.00686991 0.0262131 0.0962584 
qwerty 2 1 0 228.484 -0.324731 1.23906 4.3 -0.00686991 0.0262131 0.0962584 
qwerty 2 1 0 228.484 -0.372905 1.42287 4.975 -0.00686991 0.0262131 0.0962584 
qwerty 2 1 0 228.484 -0.42108 1.60669 5.65 -0.00686991 0.0262131 0.0962584 
qwerty 2 1 0 228.484 -0.469254 1.79051 6.325 -0.00686991 0.0262131 0.0962584 
qwerty 2 1 0 228.484 -0.517428 1.97432 7 -0.00686991 0.0262131 0.0962584 
qwerty 2 1 0 228.484 -0.565603 2.15814 7.675 -0.00686991 0.0262131 0.0962584 
qwerty 2 1 0 228.484 -0.613777 2.34196 8.35 -0.00686991 0.0262131 0.0962584 
qwerty 2 1 0 228.484 -0.661952 2.52577 9.025 -0.00686991 0.0262131 0.0962584 
qwerty 78 2 0.885864 200.437 -0.718752 2.70006 9.7 -0.00814164 0.0249853 0.0964855 
qwerty 78 2 0.109176 197.204 -0.739489 2.75979 9.91877 -0.0130069 0.0263475 0.0955857 
qwerty 78 2 0.552349 194.244 -0.780521 2.84216 10.2228 -0.0127276 0.02595 0.095732 
qwerty 78 2 0.329948 193.914 -0.800749 2.88341 10.375 -0.0128146 0.026149 0.0956662 
qwerty 78 2 0.780521 187.672 -0.810896 3.13443 11.05 0.000901119 0.0364315 0.0931232 
qwerty 84 78 0.197649 0.920276 -0.854158 3.25392 11.039 -0.0652019 0.0705678 -0.0277291 
qwerty 84 78 0.169161 0.751114 -0.945745 3.29841 10.9991 -0.0745742 0.042684 -0.0511544 
qwerty 84 78 0.165584 0.58553 -1.01757 3.36473 10.9801 -0.0703799 -0.0189366 0.0684695 
qwerty 84 78 0.185075 0.400455 -1.08205 3.34017 11.0365 -0.0131615 -0.0832966 0.0537443 
qwerty 84 78 0.0724583 0.327997 -1.08536 3.31924 11.05 0.0195793 -0.0730896 0.0653801 
qwerty 84 78 0.00203037 0.0959515 -1.08503 3.31926 11.0498 -0.0777879 -0.0559466 -0.0286185 
qwerty 84 78 0.0026753 0.0932762 -1.08565 3.31897 11.0496 -0.081048 -0.0528007 -0.0253633 
qwerty 84 78 0.00184437 0.0914318 -1.08627 3.31858 11.0494 -0.0522799 -0.0701805 -0.0483892 
qwerty 84 78 0.00159521 0.0898366 -1.08658 3.31796 11.049 -0.0645535 -0.0527703 -0.0552099 
qwerty 84 78 0.00413177 0.0857048 -1.08703 3.31758 11.0488 -0.061266 -0.0679533 -0.0403586 
qwerty 84 78 0.00207489 0.0836299 -1.08745 3.31697 11.0485 -0.0124417 -0.0862692 -0.0490186 
qwerty 84 78 0.00544447 0.0781855 -1.08774 3.31614 11.0482 -0.0231991 -0.0724006 -0.0649611 
qwerty 84 78 0.00330738 0.0748781 -1.0882 3.31549 11.0474 -0.019557 -0.0164869 -0.0966732 
qwerty 84 78 0.00677854 0.0680995 -1.08809 3.31545 11.0457 -0.0251594 -0.00478573 -0.0966649 
qwerty 84 78 0.0291878 0.0389117 -1.08895 3.31605 11.0434 0.0680883 0.0437509 0.0587353 
qwerty 84 78 0.0389117 0 -1.0879 3.31672 11.0443 0.0680883 0.0437509 0.0587353 
qwerty 80 78 0.0697348 0.599202 -0.735138 2.74569 9.94213 0.0193458 -0.0383083 0.0903229 
qwerty 80 78 0.0567105 0.542491 -0.719905 2.73187 9.97117 0.041492 -0.0766504 0.0490218 
qwerty 80 78 0.096522 0.445969 -0.695081 2.6736 9.97782 -0.00238072 -0.099208 0.012333 
qwerty 80 78 0.0983443 0.347625 -0.709622 2.62899 9.97925 0.00696328 -0.0986169 -0.0150403 
qwerty 80 78 0.145341 0.202284 -0.719131 2.5841 9.95705 0.0149374 -0.095796 0.0244948 
qwerty 80 78 0.202284 0 -0.715219 2.55901 9.96346 0.0149374 -0.095796 0.0244948 
qwerty 77 2 0.773444 25.1062 -0.766991 2.8219 9.7 0.0132631 0.0349826 0.0927378 
qwerty 77 2 0.976652 19.7309 -0.918056 3.25806 10.375 -0.0247116 0.0542384 0.0802965 
qwerty 77 2 0.844341 6.0046 -0.832569 3.73604 10.6266 0.0525659 0.0844275 0.0104315 
qwerty 77 2 0.0193422 5.98526 -0.82388 3.75 10.6283 0.0541396 0.0835279 0.00959092 
qwerty 77 2 0.217437 5.45415 -0.743427 3.89046 10.6391 0.0363927 0.0931424 0.000240545 
qwerty 77 2 0.737819 4.69811 -0.532203 4.30566 10.6073 0.0392663 0.0819057 -0.0418283 
qwerty 77 2 0.32503 4.37308 -0.478404 4.41788 10.55 0.034179 0.0782209 -0.0520893 
qwerty 97 77 0.138565 0.175107 -0.697248 3.86837 10.6286 0.0711838 -0.0562418 -0.0420681 
qwerty 97 77 0.175107 0 -0.682517 3.85673 10.6199 0.0711838 -0.0562418 -0.0420681 
qwerty 98 77 0 0.0182144 -0.483628 4.44428 10.55 0.0308086 0.0879183 -0.0363483 
qwerty 96 77 0.00029101 0 -0.831955 3.73705 10.6266 0.0521186 0.0852499 0.00401357 
qwerty 100 96 0.00197034 0 -0.831954 3.73705 10.6267 0.0223266 -0.0223903 0.0948694 
qwerty 95 77 0 6.59912 -1.55375 3.61626 11.05 -0.0669099 0.0364857 0.0647445 
qwerty 101 95 0.567397 1.44471 -1.49131 3.44195 11.2648 0.0489924 -0.0751405 -0.0442002 
qwerty 101 95 0.173489 1.27122 -1.44717 3.37426 11.225 0.029465 -0.0893713 -0.0338317 
qwerty 104 101 0 0.122169 -1.70185 3.60496 11.725 -0.0410933 0.037205 0.0832294 
qwerty 103 101 0 0.678446 -3.75 1.97546 11.6658 -0.0753297 -0.063646 0.016572 
qwerty 103 101 0 0.678446 -4.01907 1.74812 11.725 -0.0753297 -0.063646 0.016572 
qwerty 93 77 0 0.233118 -1.32862 3.36524 11.05 -0.0529886 0.00782212 0.0844454 
qwerty 93 77 0 0.233118 -1.75218 3.42777 11.725 -0.0529886 0.00782212 0.0844454 
qwerty 92 77 0 2.21612 -1.17792 3.39019 11.05 -0.0337677 0.0127671 0.0932563 
qwerty 92 77 0 2.21612 -1.25 3.41744 11.2491 -0.0337677 0.0127671 0.0932563 
qwerty 92 77 0 2.21612 -1.42234 3.4826 11.725 -0.0337677 0.0127671 0.0932563 
qwerty 92 77 0 2.21612 -1.66675 3.57501 12.4 -0.0337677 0.0127671 0.0932563 
qwerty 92 77 0 2.21612 -1.91117 3.66742 13.075 -0.0337677 0.0127671 0.0932563 
qwerty 92 77 0 2.21612 -2.12959 3.75 13.6782 -0.0337677 0.0127671 0.0932563 
qwerty 92 77 0 2.21612 -2.15558 3.75983 13.75 -0.0337677 0.0127671 0.0932563 
qwerty 92 77 0 2.21612 -2.4 3.85223 14.425 -0.0337677 0.0127671 0.0932563 
qwerty 92 77 0 2.21612 -2.64441 3.94464 15.1 -0.0337677 0.0127671 0.0932563 
qwerty 92 77 0 2.21612 -2.88882 4.03705 15.775 -0.0337677 0.0127671 0.0932563 
qwerty 92 77 0 2.21612 -3.13324 4.12946 16.45 -0.0337677 0.0127671 0.0932563 
qwerty 92 77 0 2.21612 -3.37765 4.22187 17.125 -0.0337677 0.0127671 0.0932563 
qwerty 92 77 0 2.21612 -3.62207 4.31428 17.8 -0.0337677 0.0127671 0.0932563 
qwerty 92 77 0 2.21612 -3.75 4.36265 18.1533 -0.0337677 0.0127671 0.0932563 
qwerty 92 77 0 2.21612 -3.86648 4.40669 18.475 -0.0337677 0.0127671 0.0932563 
qwerty 92 77 0 2.21612 -4.1109 4.4991 19.15 -0.0337677 0.0127671 0.0932563 
qwerty 92 77 0 2.21612 -4.35531 4.59151 19.825 -0.0337677 0.0127671 0.0932563 
qwerty 92 77 0 2.21612 -4.59972 4.68392 20.5 -0.0337677 0.0127671 0.0932563 
qwerty 92 77 0 2.21612 -4.84414 4.77633 21.175 -0.0337677 0.0127671 0.0932563 
qwerty 92 77 0 2.21612 -5.08855 4.86874 21.85 -0.0337677 0.0127671 0.0932563 
qwerty 92 77 0 2.21612 -5.33297 4.96115 22.525 -0.0337677 0.0127671 0.0932563 
qwerty 92 77 0 1.72001 -5.3714 5.11473 23.2 0.000735134 0.0239497 0.0970869 
qwerty 92 77 0 1.72001 -5.36628 5.28124 23.875 0.000735134 0.0239497 0.0970869 
qwerty 92 77 0 1.72001 -5.36117 5.44775 24.55 0.000735134 0.0239497 0.0970869 
qwerty 92 77 0 1.72001 -5.35606 5.61426 25.225 0.000735134 0.0239497 0.0970869 
qwerty 92 77 0 1.72001 -5.35095 5.78078 25.9 0.000735134 0.0239497 0.0970869 
qwerty 92 77 0 1.72001 -5.34584 5.94729 26.575 0.000735134 0.0239497 0.0970869 
qwerty 92 77 0 1.72001 -5.34073 6.1138 27.25 0.000735134 0.0239497 0.0970869 
qwerty 92 77 0 1.72001 -5.33562 6.28031 27.925 0.000735134 0.0239497 0.0970869 
qwerty 92 77 0 1.72001 -5.33051 6.44682 28.6 0.000735134 0.0239497 0.0970869 
qwerty 92 77 0 1.72001 -5.3254 6.61333 29.275 0.000735134 0.0239497 0.0970869 
qwerty 92 77 0 1.72001 -5.32029 6.77984 29.95 0.000735134 0.0239497 0.0970869 
qwerty 92 77 0 1.72001 -5.31517 6.94636 30.625 0.000735134 0.0239497 0.0970869 
qwerty 92 77 0 1.72001 -5.31006 7.11287 31.3 0.000735134 0.0239497 0.0970869 
qwerty 90 77 0 1.41708 -0.888668 3.3273 10.375 -0.0195595 0.0640674 0.0742482 
qwerty 90 77 0 1.41708 -1.01772 3.75 10.8649 -0.0195595 0.0640674 0.0742482 
qwerty 90 77 0 1.41708 -1.06649 3.90974 11.05 -0.0195595 0.0640674 0.0742482 
qwerty 90 77 0 1.3881 -1.21006 4.36959 11.725 -0.0171367 0.0547777 0.0818886 
qwerty 90 77 0 1.3881 -1.35132 4.82112 12.4 -0.0171367 0.0547777 0.0818886 
qwerty 90 77 0 1.3881 -1.49258 5.27264 13.075 -0.0171367 0.0547777 0.0818886 
qwerty 90 77 0 1.3881 -1.63383 5.72417 13.75 -0.0171367 0.0547777 0.0818886 
qwerty 90 77 0 1.3881 -1.77509 6.1757 14.425 -0.0171367 0.0547777 0.0818886 
qwerty 90 77 0 1.3881 -1.91634 6.62723 15.1 -0.0171367 0.0547777 0.0818886 
qwerty 90 77 0 1.3881 -2.0576 7.07875 15.775 -0.0171367 0.0547777 0.0818886 
qwerty 90 77 0 1.3881 -2.19886 7.53028 16.45 -0.0171367 0.0547777 0.0818886 
qwerty 90 77 0 1.3881 -2.34011 7.98181 17.125 -0.0171367 0.0547777 0.0818886 
qwerty 90 77 0 1.3881 -2.48137 8.43334 17.8 -0.0171367 0.0547777 0.0818886 
qwerty 116 90 0.26726 0.727422 -2.5068 8.38453 17.7362 -0.0152657 -0.0864928 -0.0478117 
qwerty 116 90 0.163423 0.563999 -2.52191 8.29753 17.7204 -0.0659565 -0.0738406 0.0140466 
qwerty 116 90 0.144958 0.419041 -2.54829 8.22569 17.7284 -0.030946 -0.0774999 0.0551009 
qwerty 116 90 0.228971 0.190071 -2.5338 8.17737 17.7793 0.03531 -0.0904896 0.0237663 
qwerty 116 90 0.190071 0 -2.52544 8.15595 17.7849 0.03531 -0.0904896 0.0237663 
qwerty 89 78 0 52.0638 -0.82493 3.37587 11.725 -0.0026407 0.0333121 0.0942514 
qwerty 119 89 0.876693 31.9931 -0.734519 3.47198 12.4 0.0146765 0.00663399 0.0986944 
qwerty 119 89 0.881532 26.34 -0.744705 3.71476 13.075 0.00191987 0.035807 0.0933497 
qwerty 119 89 0.848828 22.6556 -0.882743 3.85039 13.75 -0.0304666 0.00954737 0.0947662 
qwerty 119 89 0.993169 14.4613 -0.925918 3.99269 14.425 -0.00288906 0.00461179 0.0998518 
qwerty 119 89 0.849224 10.8991 -0.831452 3.83968 15.1 0.0223789 -0.0201135 0.0953658 
qwerty 132 119 0 1.58555 -0.841192 3.39795 14.6 -0.0047503 -0.044333 -0.0895099 
qwerty 132 119 0 1.58555 -0.877015 3.06363 13.925 -0.0047503 -0.044333 -0.0895099 
qwerty 132 119 0 1.58555 -0.912837 2.72932 13.25 -0.0047503 -0.044333 -0.0895099 
qwerty 132 119 0 1.58555 -0.948659 2.395 12.575 -0.0047503 -0.044333 -0.0895099 
qwerty 132 119 0 1.58555 -0.984482 2.06068 11.9 -0.0047503 -0.044333 -0.0895099 
qwerty 132 119 0 1.46959 -1.16317 1.61776 11.225 -0.023026 -0.0542557 -0.0807844 
qwerty 132 119 0 1.46959 -1.31924 1.25 10.6774 -0.023026 -0.0542557 -0.0807844 
qwerty 132 119 0 1.46959 -1.35556 1.16443 10.55 -0.023026 -0.0542557 -0.0807844 
qwerty 132 119 0 1.46959 -1.54796 0.711089 9.875 -0.023026 -0.0542557 -0.0807844 
qwerty 132 119 0 1.46959 -1.74035 0.257752 9.2 -0.023026 -0.0542557 -0.0807844 
qwerty 132 119 0 1.46959 -1.93275 -0.195585 8.525 -0.023026 -0.0542557 -0.0807844 
qwerty 132 119 0 1.46959 -2.12514 -0.648922 7.85 -0.023026 -0.0542557 -0.0807844 
qwerty 132 119 0 1.46959 -2.31754 -1.10226 7.175 -0.023026 -0.0542557 -0.0807844 
qwerty 132 119 0 1.46959 -2.38024 -1.25 6.95502 -0.023026 -0.0542557 -0.0807844 
qwerty 132 119 0 1.46959 -2.50993 -1.5556 6.5 -0.023026 -0.0542557 -0.0807844 
qwerty 132 119 0 1.46959 -2.70233 -2.00893 5.825 -0.023026 -0.0542557 -0.0807844 
qwerty 132 119 0 1.46959 -2.89472 -2.46227 5.15 -0.023026 -0.0542557 -0.0807844 
qwerty 132 119 0 1.46959 -3.08712 -2.91561 4.475 -0.023026 -0.0542557 -0.0807844 
qwerty 132 119 0 1.46959 -3.27951 -3.36895 3.8 -0.023026 -0.0542557 -0.0807844 
qwerty 132 119 0 1.46959 -3.47191 -3.82228 3.125 -0.023026 -0.0542557 -0.0807844 
qwerty 132 119 0 1.46959 -3.6643 -4.27562 2.45 -0.023026 -0.0542557 -0.0807844 
qwerty 132 119 0 1.46959 -3.75 -4.47754 2.14935 -0.023026 -0.0542557 -0.0807844 
qwerty 132 119 0 1.46959 -3.8567 -4.72896 1.775 -0.023026 -0.0542557 -0.0807844 
qwerty 132 119 0 1.46959 -4.04909 -5.1823 1.1 -0.023026 -0.0542557 -0.0807844 
qwerty 132 119 0 1.46959 -4.24149 -5.63563 0.425 -0.023026 -0.0542557 -0.0807844 
qwerty 132 119 0 1.46959 -4.43389 -6.08897 -0.25 -0.023026 -0.0542557 -0.0807844 
qwerty 131 119 0 0.155028 -0.838585 3.65652 15.0019 -0.00714125 0.0986674 -0.0146198 
qwerty 131 119 0 0.155028 -0.845351 3.75 14.988 -0.00714125 0.0986674 -0.0146198 
qwerty 131 119 0 0.11014 -0.98315 5.65392 14.7059 -0.0908845 -0.0393111 0.0139517 
qwerty 131 119 0 0.11014 -3.55045 4.54346 15.1 -0.0908845 -0.0393111 0.0139517 
qwerty 135 131 0.0448879 0 -0.982342 5.6557 14.7055 0.0406826 0.0896823 -0.0173786 
qwerty 134 131 0.0647892 0 -0.838943 3.65393 14.9991 -0.00941473 -0.068243 -0.0724862 
qwerty 130 119 0 0.371878 -0.680976 3.66074 15.293 0.0870114 -0.0336434 0.0360159 
qwerty 130 119 0 0.371878 0.48344 3.21052 15.775 0.0870114 -0.0336434 0.0360159 
qwerty 137 130 0.0275065 0 -0.681424 3.66036 15.2936 -0.0539306 -0.0458895 0.0706091 
qwerty 128 119 0 0.434092 -0.679592 4.21093 15.1 0.0344471 0.0321577 0.0882002 
qwerty 127 119 0 3.1705 -1.04598 3.94432 14.425 -0.0194185 0.0169635 0.0966186 
qwerty 127 119 0 3.1705 -1.18164 4.06283 15.1 -0.0194185 0.0169635 0.0966186 
qwerty 127 119 0 3.1705 -1.25 4.12255 15.4401 -0.0194185 0.0169635 0.0966186 
qwerty 127 119 0 3.1705 -1.3173 4.18134 15.775 -0.0194185 0.0169635 0.0966186 
qwerty 127 119 0 3.1705 -1.45297 4.29985 16.45 -0.0194185 0.0169635 0.0966186 
qwerty 127 119 0 3.1705 -1.58863 4.41836 17.125 -0.0194185 0.0169635 0.0966186 
qwerty 127 119 0 3.1705 -1.72429 4.53688 17.8 -0.0194185 0.0169635 0.0966186 
qwerty 127 119 0 3.1705 -1.85995 4.65539 18.475 -0.0194185 0.0169635 0.0966186 
qwerty 127 119 0 3.1705 -1.99562 4.7739 19.15 -0.0194185 0.0169635 0.0966186 
qwerty 126 119 0 1.01483 -1.17837 3.91468 14.425 -0.0403378 0.0088283 0.0910765 
qwerty 123 119 0 0.824378 -0.822048 3.71763 13.075 -0.014186 0.0396147 0.0907162 
qwerty 123 119 0 0.824378 -0.927603 4.01239 13.75 -0.014186 0.0396147 0.0907162 
qwerty 122 119 0 0.919929 -0.774926 3.7252 13.075 -0.0060813 0.0414698 0.0907925 
qwerty 122 119 0 0.919929 -0.820137 4.03351 13.75 -0.0060813 0.0414698 0.0907925 
qwerty 122 119 0 0.919929 -0.865349 4.34182 14.425 -0.0060813 0.0414698 0.0907925 
qwerty 122 119 0 0.919929 -0.910561 4.65013 15.1 -0.0060813 0.0414698 0.0907925 
qwerty 122 119 0 0.919929 -0.955772 4.95844 15.775 -0.0060813 0.0414698 0.0907925 
qwerty 122 119 0 0.919929 -1.00098 5.26675 16.45 -0.0060813 0.0414698 0.0907925 
qwerty 122 119 0 0.919929 -1.0462 5.57506 17.125 -0.0060813 0.0414698 0.0907925 
qwerty 122 119 0 0.919929 -1.09141 5.88336 17.8 -0.0060813 0.0414698 0.0907925 
qwerty 122 119 0 0.919929 -1.13662 6.19167 18.475 -0.0060813 0.0414698 0.0907925 
qwerty 122 119 0 0.336603 -1.09682 6.79041 19.0053 0.0734953 -0.026983 0.0622121 
qwerty 122 119 0 0.336603 -0.925849 6.72763 19.15 0.0734953 -0.026983 0.0622121 
qwerty 156 122 0.310651 0.0752039 -1.11517 6.85695 19.0246 -0.0706241 0.0616937 0.0347292 
qwerty 156 122 0.0752039 0 -1.11865 6.85999 19.0263 -0.0706241 0.0616937 0.0347292 
qwerty 121 119 0 0.690702 -0.848305 3.70531 13.075 -0.0182274 0.0380414 0.0906676 
qwerty 88 78 0 2.06132 -1.25 3.53446 11.6015 -0.0631133 0.0499716 0.0593257 
qwerty 88 78 0 2.06132 -1.38142 3.63852 11.725 -0.0631133 0.0499716 0.0593257 
qwerty 88 78 0 2.06132 -2.09952 4.20709 12.4 -0.0631133 0.0499716 0.0593257 
qwerty 88 78 0 2.06132 -2.81761 4.77566 13.075 -0.0631133 0.0499716 0.0593257 
qwerty 88 78 0 2.06132 -3.53571 5.34423 13.75 -0.0631133 0.0499716 0.0593257 
qwerty 88 78 0 2.06132 -3.75 5.5139 13.9514 -0.0631133 0.0499716 0.0593257 
qwerty 88 78 0 2.06132 -4.2538 5.9128 14.425 -0.0631133 0.0499716 0.0593257 
qwerty 88 78 0 2.06132 -4.67968 6.25 14.8253 -0.0631133 0.0499716 0.0593257 
qwerty 88 78 0 2.06132 -4.9719 6.48137 15.1 -0.0631133 0.0499716 0.0593257 
qwerty 88 78 0 2.06132 -5.68999 7.04994 15.775 -0.0631133 0.0499716 0.0593257 
qwerty 88 78 0 2.06132 -6.40809 7.61851 16.45 -0.0631133 0.0499716 0.0593257 
qwerty 88 78 0 2.06132 -7.12618 8.18708 17.125 -0.0631133 0.0499716 0.0593257 
qwerty 88 78 0 2.06132 -7.83713 8.75 17.7933 -0.0631133 0.0499716 0.0593257 
qwerty 88 78 0 2.06132 -7.84428 8.75565 17.8 -0.0631133 0.0499716 0.0593257 
qwerty 88 78 0 2.06132 -8.56237 9.32423 18.475 -0.0631133 0.0499716 0.0593257 
qwerty 88 78 0 2.06132 -9.28047 9.8928 19.15 -0.0631133 0.0499716 0.0593257 
qwerty 88 78 0 2.06132 -9.99856 10.4614 19.825 -0.0631133 0.0499716 0.0593257 
qwerty 88 78 0 2.06132 -10.7167 11.0299 20.5 -0.0631133 0.0499716 0.0593257 
qwerty 88 78 0 2.06132 -11.25 11.4522 21.0013 -0.0631133 0.0499716 0.0593257 
qwerty 88 78 0 2.06132 -11.4347 11.5985 21.175 -0.0631133 0.0499716 0.0593257 
qwerty 88 78 0 2.06132 -12.1528 12.1671 21.85 -0.0631133 0.0499716 0.0593257 
qwerty 88 78 0 2.06132 -12.8709 12.7356 22.525 -0.0631133 0.0499716 0.0593257 
qwerty 87 78 0 95.8827 -0.811205 3.38986 11.725 -0.000335657 0.0354829 0.0934925 
qwerty 86 78 0 3.46247 -0.815079 3.39105 11.725 -0.000990537 0.0356558 0.0934221 
qwerty 86 78 0 3.46247 -0.822236 3.64868 12.4 -0.000990537 0.0356558 0.0934221 
qwerty 86 78 0 3.46247 -0.829393 3.9063 13.075 -0.000990537 0.0356558 0.0934221 
qwerty 86 78 0 3.46247 -0.83655 4.16392 13.75 -0.000990537 0.0356558 0.0934221 
qwerty 86 78 0 3.46247 -0.843707 4.42154 14.425 -0.000990537 0.0356558 0.0934221 
qwerty 85 78 0 32.2444 -0.803028 3.39673 11.725 0.00102664 0.0364352 0.0931205 
qwerty 82 78 0 0.788785 -0.846035 3.09337 11.05 -0.00584222 0.0296817 0.0953146 
qwerty 82 78 0 0.788785 -0.887409 3.30357 11.725 -0.00584222 0.0296817 0.0953146 
qwerty 82 78 0 0.382318 -1.6046 3.75 11.9393 -0.0859656 0.0496783 0.0119157 
qwerty 82 78 0 0.382318 -4.92847 5.67082 12.4 -0.0859656 0.0496783 0.0119157 
qwerty 81 78 0 2.40762 -0.800857 2.88263 10.375 -0.0128106 0.025489 0.0958447 
qwerty 81 78 0 2.40762 -0.891078 3.06214 11.05 -0.0128106 0.025489 0.0958447 
qwerty 81 78 0 2.40762 -0.981299 3.24165 11.725 -0.0128106 0.025489 0.0958447 
qwerty 81 78 0 2.40762 -1.07152 3.42116 12.4 -0.0128106 0.025489 0.0958447 
qwerty 81 78 0 1.94541 -1.25 3.55035 12.8361 -0.0430824 0.0264193 0.0862898 
qwerty 81 78 0 1.94541 -1.36928 3.6235 13.075 -0.0430824 0.0264193 0.0862898 
qwerty 81 78 0 1.94541 -1.57556 3.75 13.4882 -0.0430824 0.0264193 0.0862898 
qwerty 81 78 0 1.94541 -1.70629 3.83017 13.75 -0.0430824 0.0264193 0.0862898 
qwerty 81 78 0 1.94541 -2.0433 4.03683 14.425 -0.0430824 0.0264193 0.0862898 
qwerty 81 78 0 1.86884 -2.36119 4.1459 15.1 -0.04192 0.0122621 0.0899575 
qwerty 81 78 0 1.86884 -2.67574 4.23791 15.775 -0.04192 0.0122621 0.0899575 
qwerty 81 78 0 1.86884 -2.99029 4.32992 16.45 -0.04192 0.0122621 0.0899575 
qwerty 81 78 0 1.86884 -3.30484 4.42193 17.125 -0.04192 0.0122621 0.0899575 
qwerty 81 78 0 1.86884 -3.61939 4.51394 17.8 -0.04192 0.0122621 0.0899575 
qwerty 81 78 0 1.86884 -3.75 4.55214 18.0803 -0.04192 0.0122621 0.0899575 
qwerty 81 78 0 1.86884 -3.93394 4.60595 18.475 -0.04192 0.0122621 0.0899575 
qwerty 81 78 0 1.5918 -4.394 4.50625 19.15 -0.0565673 -0.0134899 0.0813521 
qwerty 81 78 0 1.5918 -4.86336 4.39432 19.825 -0.0565673 -0.0134899 0.0813521 
qwerty 81 78 0 1.5918 -5.33271 4.28239 20.5 -0.0565673 -0.0134899 0.0813521 
qwerty 81 78 0 1.5918 -5.80206 4.17047 21.175 -0.0565673 -0.0134899 0.0813521 
qwerty 81 78 0 1.5918 -6.27142 4.05854 21.85 -0.0565673 -0.0134899 0.0813521 
qwerty 81 78 0 1.5918 -6.74077 3.94661 22.525 -0.0565673 -0.0134899 0.0813521 
qwerty 81 78 0 1.5918 -7.21012 3.83468 23.2 -0.0565673 -0.0134899 0.0813521 
qwerty 81 78 0 1.5918 -7.67948 3.72275 23.875 -0.0565673 -0.0134899 0.0813521 
qwerty 81 78 0 1.5918 -8.14883 3.61082 24.55 -0.0565673 -0.0134899 0.0813521 
qwerty 81 78 0 1.5918 -8.61819 3.49889 25.225 -0.0565673 -0.0134899 0.0813521 
qwerty 81 78 0 1.5918 -9.08754 3.38696 25.9 -0.0565673 -0.0134899 0.0813521 
qwerty 81 78 0 1.5918 -9.55689 3.27503 26.575 -0.0565673 -0.0134899 0.0813521 
qwerty 81 78 0 1.5918 -10.0262 3.1631 27.25 -0.0565673 -0.0134899 0.0813521 
qwerty 81 78 0 1.5918 -10.4956 3.05117 27.925 -0.0565673 -0.0134899 0.0813521 
qwerty 81 78 0 1.5918 -10.965 2.93924 28.6 -0.0565673 -0.0134899 0.0813521 
qwerty 81 78 0 1.5918 -11.25 2.87127 29.0099 -0.0565673 -0.0134899 0.0813521 
qwerty 81 78 0 1.5918 -11.4343 2.82731 29.275 -0.0565673 -0.0134899 0.0813521 
qwerty 81 78 0 1.5918 -11.9037 2.71538 29.95 -0.0565673 -0.0134899 0.0813521 
qwerty 81 78 0 1.5918 -12.373 2.60346 30.625 -0.0565673 -0.0134899 0.0813521 
qwerty 81 78 0 1.5918 -12.8424 2.49153 31.3 -0.0565673 -0.0134899 0.0813521 
qwerty 81 78 0 1.5918 -13.3117 2.3796 31.975 -0.0565673 -0.0134899 0.0813521 
qwerty 81 78 0 1.5918 -13.7811 2.26767 32.65 -0.0565673 -0.0134899 0.0813521 
qwerty 81 78 0 1.5918 -14.2504 2.15574 33.325 -0.0565673 -0.0134899 0.0813521 
qwerty 81 78 0 1.5918 -14.7198 2.04381 34 -0.0565673 -0.0134899 0.0813521 
qwerty 81 78 0 1.5918 -15.1891 1.93188 34.675 -0.0565673 -0.0134899 0.0813521 
qwerty 81 78 0 1.5918 -15.6585 1.81995 35.35 -0.0565673 -0.0134899 0.0813521 
qwerty 81 78 0 1.5918 -16.1278 1.70802 36.025 -0.0565673 -0.0134899 0.0813521 
qwerty 81 78 0 1.5918 -16.5972 1.59609 36.7 -0.0565673 -0.0134899 0.0813521 
qwerty 81 78 0 1.5918 -17.0666 1.48416 37.375 -0.0565673 -0.0134899 0.0813521 
qwerty 81 78 0 1.5918 -17.5359 1.37223 38.05 -0.0565673 -0.0134899 0.0813521 
qwerty 81 78 0 1.5918 -18.0053 1.2603 38.725 -0.0565673 -0.0134899 0.0813521 
qwerty 81 78 0 1.5918 -18.4746 1.14838 39.4 -0.0565673 -0.0134899 0.0813521 
qwerty 81 78 0 1.5918 -18.75 1.0827 39.796 -0.0565673 -0.0134899 0.0813521 
qwerty 81 78 0 1.5918 -18.944 1.03645 40.075 -0.0565673 -0.0134899 0.0813521 
qwerty 166 85 0.608517 3.99607 -0.963051 3.30765 12.1739 -0.0708739 -0.0331474 0.0622747 
qwerty 166 85 0.803791 3.19228 -1.22043 3.18728 12.4 -0.0323165 -0.0943362 -0.00750462 
qwerty 166 85 0.592108 1.75535 -1.31973 2.84908 12.3522 -0.0644195 -0.0744028 -0.0177301 
qwerty 166 85 0.560235 1.19512 -1.43562 2.56398 12.3043 -0.0130337 -0.0711762 0.0690223 
qwerty 166 85 0.419408 0.775707 -1.45368 2.46535 12.4 -0.0704133 0.063158 0.0324505 
qwerty 166 85 0.0705185 0.692993 -1.43655 2.49042 12.3792 0.0282592 0.0779448 -0.0559108 
qwerty 166 85 0.0678291 0.625164 -1.41355 2.52509 12.3584 0.0411773 0.0792166 -0.0450462 
qwerty 166 85 0.0793927 0.545772 -1.38293 2.55364 12.3369 0.0275418 0.0833578 -0.0478846 
qwerty 166 85 0.0962991 0.449472 -1.36505 2.59247 12.3293 0.038731 0.0794361 -0.0467955 
qwerty 166 85 0.0933278 0.356145 -1.34267 2.62612 12.3236 0.0183624 0.0978779 0.00909648 
qwerty 166 85 0.112036 0.244109 -1.31186 2.66331 12.3177 0.0734446 0.0497168 0.0461966 
qwerty 166 85 0.244109 0 -1.28605 2.68079 12.3339 0.0734446 0.0497168 0.0461966 
qwerty 166 85 0 0 -1.28605 2.68079 12.3339 0.0734446 0.0497168 0.0461966 
qwerty 177 166 0.166732 0.678087 -1.30416 2.79864 12.3606 0.0259963 -0.0956882 0.01296 
qwerty 177 166 0.111966 0.566121 -1.27736 2.74987 12.3679 0.0284438 0.0775545 0.0563582 
qwerty 177 166 0.0875481 0.478573 -1.26957 2.78776 12.3945 0.0392757 0.0538193 0.0745715 
qwerty 177 166 0.0128521 0.465721 -1.26669 2.79172 12.4 0.0286336 0.0437137 0.0852598 
qwerty 177 166 0 0.433701 -1.26548 2.79252 12.4 -0.00530797 0.073603 0.0674864 
qwerty 174 79 0.00108319 0.0462002 -0.733892 2.74681 9.87518 0.0189938 0.0459858 0.0867441 
qwerty 174 79 0.000698969 0.0455012 -0.733876 2.74691 9.87535 -0.00555409 0.0626873 0.077714 
qwerty 174 79 0.000591816 0.0449094 -0.733917 2.74702 9.87549 -0.0159923 0.0685944 0.0709863 
qwerty 174 79 0.00121056 0.0436989 -0.733916 2.74726 9.87567 -0.00590648 0.0706375 0.0705369 
qwerty 174 79 0.00366021 0.0400387 -0.733947 2.74747 9.87602 0.00354076 0.0615363 0.0787448 
qwerty 174 79 0.00393698 0.0361017 -0.733967 2.74766 9.87657 0.00384692 0.0520939 0.0852726 
qwerty 174 79 0.00599958 0.0301021 -0.734335 2.74796 9.87738 -0.0103524 0.06171 0.0780045 
qwerty 174 79 0.0301021 0 -0.734436 2.74856 9.87814 -0.0103524 0.06171 0.0780045 
qwerty 165 85 0.798334 11.9984 -0.729951 3.54508 12.4 0.0117348 0.0172027 0.0978078 
qwerty 161 87 0.87187 49.9847 -0.690206 3.61907 12.4 0.0162852 0.0331666 0.0929235 
qwerty 161 87 0.276523 45.1612 -0.654995 3.73538 12.735 0.0122583 0.0339289 0.0932661 
qwerty 161 87 0.564233 44.597 -0.610314 3.85905 13.075 0.0100789 0.0350466 0.0931137 
qwerty 161 87 1.00618 36.7004 -0.658101 4.09766 13.75 -0.0150671 0.0357443 0.0921701 
qwerty 161 87 0.809398 32.4756 -0.636722 4.27341 14.425 0.00752229 0.0220065 0.0972581 
qwerty 161 87 0.873376 28.5752 -0.774435 4.4676 15.1 -0.0252297 0.0230311 0.0939842 
qwerty 161 87 0.10671 25.8761 -0.796676 4.53722 15.3348 0.0335596 0.0358115 0.087128 
qwerty 161 87 0.971859 24.9043 -0.627137 4.71814 15.775 0.0264049 0.0289786 0.0919947 
qwerty 161 87 1.06686 21.2009 -0.333443 4.93854 16.45 0.0372843 0.0251165 0.0893255 
qwerty 161 87 0.814865 17.1777 -0.19507 4.97555 17.125 0.0211628 0.0176465 0.0961287 
qwerty 161 87 1.02439 11.8705 -0.14712 5.19807 17.8 -0.000554182 0.0223199 0.0974757 
qwerty 161 87 0.736243 1.37489 -0.203636 5.11902 18.289 -0.0186213 -0.00361545 0.0981844 
qwerty 161 87 0.365916 1.00897 -0.238912 5.11217 18.475 -0.0304191 0.0364142 0.0880266 
qwerty 189 161 0.304551 0 -0.695744 3.74269 12.7632 -0.0814213 0.0146182 0.0561861 
qwerty 202 161 0 5.81515 0.151561 5.63129 18.475 0.0338032 0.0579073 0.0741896 
qwerty 202 161 0 5.81515 0.459113 6.15815 19.15 0.0338032 0.0579073 0.0741896 
qwerty 202 161 0 5.81515 0.766665 6.68501 19.825 0.0338032 0.0579073 0.0741896 
qwerty 202 161 0 5.81515 1.07422 7.21186 20.5 0.0338032 0.0579073 0.0741896 
qwerty 202 161 0 5.81515 1.25 7.51299 20.8858 0.0338032 0.0579073 0.0741896 
qwerty 202 161 0 5.81515 1.38177 7.73872 21.175 0.0338032 0.0579073 0.0741896 
qwerty 202 161 0 5.81515 1.68932 8.26558 21.85 0.0338032 0.0579073 0.0741896 
qwerty 202 161 0 5.81515 1.99687 8.79244 22.525 0.0338032 0.0579073 0.0741896 
qwerty 202 161 0 5.81515 2.30442 9.3193 23.2 0.0338032 0.0579073 0.0741896 
qwerty 202 161 0 1.91525 2.46721 9.59817 23.5573 -0.0209347 0.0773231 0.0598571 
qwerty 202 161 0 1.91525 2.3561 10.0086 23.875 -0.0209347 0.0773231 0.0598571 
qwerty 202 161 0 1.91525 2.12002 10.8806 24.55 -0.0209347 0.0773231 0.0598571 
qwerty 202 161 0 1.91525 1.88394 11.7525 25.225 -0.0209347 0.0773231 0.0598571 
qwerty 202 161 0 1.91525 1.64786 12.6245 25.9 -0.0209347 0.0773231 0.0598571 
qwerty 202 161 0 1.91525 1.41179 13.4964 26.575 -0.0209347 0.0773231 0.0598571 
qwerty 202 161 0 1.91525 1.34313 13.75 26.7713 -0.0209347 0.0773231 0.0598571 
qwerty 202 161 0 1.23029 1.19505 14.297 27.1947 -0.057845 0.0791343 0.019792 
qwerty 202 161 0 1.23029 1.03344 14.518 27.25 -0.057845 0.0791343 0.019792 
qwerty 202 161 0 0.993493 -0.491009 16.25 27.0476 -0.0676021 0.0701131 -0.022674 
qwerty 202 161 0 0.34614 -1.33554 17.1259 26.7644 -0.0742555 -0.0528678 0.0411233 
qwerty 202 161 0 0.34614 -2.21241 16.5016 27.25 -0.0742555 -0.0528678 0.0411233 
qwerty 208 202 0.0494882 0.597865 -1.34678 17.144 26.7515 -0.0654993 0.061996 -0.0432012 
qwerty 208 202 0.00492329 0.592942 -1.34907 17.1462 26.75 -0.0741461 0.0567032 -0.0358761 
qwerty 206 202 0.0538475 0.631113 1.21171 14.3127 27.2198 0.0376461 0.034805 0.0858567 
qwerty 206 202 0.0562947 0.574819 1.22181 14.3269 27.2452 -0.03545 0.037154 0.0858072 
qwerty 206 202 0.00714871 0.56767 1.21984 14.329 27.25 -0.0320323 0.0108842 0.0941035 
qwerty 205 202 0.669681 3.23022 2.70458 9.78737 23.875 0.00732575 0.0843245 0.0532514 
qwerty 205 202 0.53948 1.51377 2.71697 9.79308 23.5327 -0.0713238 -0.0255491 -0.0652699 
qwerty 205 202 0.694798 0.818972 2.54466 9.73136 23.375 -0.0723924 -0.0270738 -0.0634536 
qwerty 201 161 0 1.15883 0.118991 5.64126 18.475 0.0289934 0.0609267 0.0738059 
qwerty 201 161 0 1.15883 0.384154 6.19847 19.15 0.0289934 0.0609267 0.0738059 
qwerty 201 161 0 1.15883 0.649316 6.75568 19.825 0.0289934 0.0609267 0.0738059 
qwerty 201 161 0 0.724612 0.204854 7.43488 20.5 -0.0429089 0.0641569 0.0635824 
qwerty 201 161 0 0.724612 -0.250673 8.11598 21.175 -0.0429089 0.0641569 0.0635824 
qwerty 200 161 0 0.645662 -0.0249553 5.25193 17.8 0.0265281 0.0369263 0.0890657 
qwerty 200 161 0 0.645662 0.176093 5.53178 18.475 0.0265281 0.0369263 0.0890657 
qwerty 200 161 0 0.645662 0.377141 5.81163 19.15 0.0265281 0.0369263 0.0890657 
qwerty 200 161 0 0.288712 0.167789 6.25 19.0936 -0.0455721 0.0867422 -0.0199743 
qwerty 200 161 0 0.288712 -0.844234 8.17629 18.65 -0.0455721 0.0867422 -0.0199743 
qwerty 199 161 0 0.782358 0.0753691 5.24053 17.8 0.0411186 0.0333141 0.0848495 
qwerty 199 161 0 0.782358 0.402478 5.50555 18.475 0.0411186 0.0333141 0.0848495 
qwerty 199 161 0 0.782358 0.729587 5.77057 19.15 0.0411186 0.0333141 0.0848495 
qwerty 199 161 0 0.782358 1.0567 6.0356 19.825 0.0411186 0.0333141 0.0848495 
qwerty 199 161 0 0.782358 1.32133 6.25 20.3711 0.0411186 0.0333141 0.0848495 
qwerty 199 161 0 0.782358 1.38381 6.30062 20.5 0.0411186 0.0333141 0.0848495 
qwerty 198 161 0 0.622466 0.0515732 5.21684 17.8 0.0334502 0.0328424 0.0883315 
qwerty 198 161 0 0.622466 0.307189 5.46781 18.475 0.0334502 0.0328424 0.0883315 
qwerty 198 161 0 0.622466 0.562804 5.71878 19.15 0.0334502 0.0328424 0.0883315 
qwerty 198 161 0 0.622466 0.81842 5.96975 19.825 0.0334502 0.0328424 0.0883315 
qwerty 198 161 0 0.622466 1.07403 6.22072 20.5 0.0334502 0.0328424 0.0883315 
qwerty 198 161 0 0.610648 1.25 6.57043 21.1544 0.022439 0.0465901 0.0855912 
qwerty 198 161 0 0.610648 1.25539 6.58164 21.175 0.022439 0.0465901 0.0855912 
qwerty 198 161 0 0.483124 1.19187 6.63191 21.85 -0.0181847 -0.00447451 0.0982308 
qwerty 198 161 0 0.483124 1.06692 6.60116 22.525 -0.0181847 -0.00447451 0.0982308 
qwerty 198 161 0 0.483124 0.941958 6.57042 23.2 -0.0181847 -0.00447451 0.0982308 
qwerty 198 161 0 0.483124 0.817 6.53967 23.875 -0.0181847 -0.00447451 0.0982308 
qwerty 198 161 0 0.483124 0.692042 6.50892 24.55 -0.0181847 -0.00447451 0.0982308 
qwerty 198 161 0 0.397623 0.732295 6.10273 25.225 0.0111649 -0.0616949 0.0779043 
qwerty 198 161 0 0.397623 0.829033 5.56818 25.9 0.0111649 -0.0616949 0.0779043 
qwerty 198 161 0 0.397623 0.925771 5.03362 26.575 0.0111649 -0.0616949 0.0779043 
qwerty 198 161 0 0.397623 1.02251 4.49907 27.25 0.0111649 -0.0616949 0.0779043 
qwerty 198 161 0 0.397623 1.11925 3.96452 27.925 0.0111649 -0.0616949 0.0779043 
qwerty 198 161 0 0.397623 1.1906 3.75 28.1611 0.0248694 -0.0665762 0.07035 
qwerty 198 161 0 0.397623 1.34577 3.33461 28.6 0.0248694 -0.0665762 0.07035 
qwerty 198 161 0 0.397623 1.58439 2.69582 29.275 0.0248694 -0.0665762 0.07035 
qwerty 198 161 0 0.159584 1.68735 2.4202 29.5662 -0.040113 0.0839048 -0.0367549 
qwerty 198 161 0 0.159584 1.56048 2.68557 29.45 -0.040113 0.0839048 -0.0367549 
qwerty 221 198 0.238039 0 1.69746 2.39545 29.5873 0.0297444 -0.0727854 0.0617863 
qwerty 195 161 0 0.330773 -0.608831 4.71899 15.775 0.036694 0.0355063 0.0859817 
qwerty 194 161 0 0.288347 -0.645211 4.48963 15.1 -0.000136388 0.0308022 0.0951378 
qwerty 191 161 0 0.859341 -0.733708 4.33959 14.425 -0.0104598 0.0335558 0.0936194 
qwerty 191 161 0 0.859341 -0.809124 4.58153 15.1 -0.0104598 0.0335558 0.0936194 
qwerty 191 161 0 0.859341 -0.884539 4.82347 15.775 -0.0104598 0.0335558 0.0936194 
qwerty 191 161 0 0.859341 -0.959955 5.06541 16.45 -0.0104598 0.0335558 0.0936194 
qwerty 191 161 0 0.859341 -1.03537 5.30735 17.125 -0.0104598 0.0335558 0.0936194 
qwerty 190 161 0 4.39654 -0.541488 4.13138 13.75 0.00939076 0.0372781 0.0923155 
qwerty 190 161 0 4.39654 -0.472824 4.40395 14.425 0.00939076 0.0372781 0.0923155 
qwerty 190 161 0 4.39654 -0.40416 4.67653 15.1 0.00939076 0.0372781 0.0923155 
qwerty 190 161 0 4.39654 -0.335496 4.9491 15.775 0.00939076 0.0372781 0.0923155 
qwerty 190 161 0 4.39654 -0.266832 5.22167 16.45 0.00939076 0.0372781 0.0923155 
qwerty 190 161 0 4.39654 -0.198167 5.49425 17.125 0.00939076 0.0372781 0.0923155 
qwerty 190 161 0 4.39654 -0.129503 5.76682 17.8 0.00939076 0.0372781 0.0923155 
qwerty 190 161 0 4.39654 -0.0608392 6.03939 18.475 0.00939076 0.0372781 0.0923155 
qwerty 190 161 0 4.39654 -0.00778478 6.25 18.9965 0.00939076 0.0372781 0.0923155 
qwerty 190 161 0 4.39654 0.00782494 6.31197 19.15 0.00939076 0.0372781 0.0923155 
qwerty 190 161 0 4.39654 0.0764891 6.58454 19.825 0.00939076 0.0372781 0.0923155 
qwerty 190 161 0 4.39654 0.145153 6.85711 20.5 0.00939076 0.0372781 0.0923155 
qwerty 190 161 0 4.39654 0.213817 7.12969 21.175 0.00939076 0.0372781 0.0923155 
qwerty 190 161 0 4.39654 0.282482 7.40226 21.85 0.00939076 0.0372781 0.0923155 
qwerty 190 161 0 4.39654 0.351146 7.67483 22.525 0.00939076 0.0372781 0.0923155 
qwerty 190 161 0 4.39654 0.41981 7.94741 23.2 0.00939076 0.0372781 0.0923155 
qwerty 190 161 0 4.39654 0.488474 8.21998 23.875 0.00939076 0.0372781 0.0923155 
qwerty 190 161 0 4.39654 0.557138 8.49255 24.55 0.00939076 0.0372781 0.0923155 
qwerty 190 161 0 4.39654 0.625802 8.76512 25.225 0.00939076 0.0372781 0.0923155 
qwerty 190 161 0 0.761821 2.18847 9.10385 25.9 0.0932415 0.0168868 0.0319508 
qwerty 232 190 0.0240096 0.446554 2.76424 9.32298 26.0871 -0.0372694 -0.0373724 0.084937 
qwerty 232 190 0.0177087 0.428845 2.75738 9.32049 26.0983 -0.0544531 -0.024517 0.0802108 
qwerty 232 190 0.02551 0.403335 2.75168 9.31832 26.1104 -0.0501846 -0.0415479 0.0758635 
qwerty 232 190 0.0526006 0.350734 2.7347 9.31155 26.1243 -0.0660803 -0.075053 -0.000666619 
qwerty 232 190 0.0658941 0.28484 2.71437 9.29107 26.1371 -0.053495 -0.0839565 -0.00946551 
qwerty 232 190 0.0771281 0.207712 2.70315 9.26378 26.1437 -0.0407145 -0.0762661 -0.0502575 
qwerty 232 190 0.207712 0 2.69203 9.24294 26.13 -0.0407145 -0.0762661 -0.0502575 
qwerty 230 190 0.885283 2.33573 0.528073 9.30164 25.5521 -0.0288932 0.0806512 -0.0515808 
qwerty 230 190 0.113989 2.20658 0.518656 9.34005 25.5232 -0.0249967 0.0731922 -0.0633882 
qwerty 230 190 0.298887 1.90769 0.470059 9.48235 25.4 0.018742 0.0638265 -0.0746654 
qwerty 230 190 0.565094 1.20648 0.193058 9.55829 25.4637 -0.0744921 0.0515895 0.0423018 
qwerty 230 190 0.390229 0.816252 0.0343174 9.75794 25.4621 -0.0137644 -0.0404744 -0.0904011 
qwerty 230 190 0.093987 0.722265 0.0248581 9.73013 25.4 0.00066712 -0.0377085 -0.0926154 
qwerty 230 190 0.0299382 0.5026 0.0223701 9.7254 25.4139 -0.0363162 0.0750403 0.0552276 
qwerty 230 190 0.0309849 0.471615 0.0203599 9.74043 25.4252 -0.0403268 0.0698726 0.0590895 
qwerty 230 190 0.0356348 0.43598 0.0170369 9.75375 25.4379 -0.0351911 0.0733651 0.0581304 
qwerty 230 190 0.0400186 0.395962 0.00621891 9.77173 25.4471 -0.0423901 0.0892091 0.0156464 
qwerty 230 190 0.0672894 0.328672 -0.00987267 9.79518 25.4593 -0.0982553 0.00955803 0.0159545 
qwerty 230 190 0.0637184 0.264954 -0.0373303 9.80958 25.457 -0.0705318 0.0639243 0.0306423 
qwerty 230 190 0.107148 0.157806 -0.05884 9.82143 25.4734 -0.0534893 0.0839573 -0.0094903 
qwerty 230 190 0.157806 0 -0.0681634 9.83606 25.4717 -0.0534893 0.0839573 -0.0094903 
qwerty 234 230 0 0.0151631 0.459066 9.53257 25.4 -0.0252268 0.0814976 -0.0521704 
qwerty 188 161 0 1.17694 -0.575619 3.8712 13.075 0.0179322 0.0353343 0.0918146 
qwerty 188 161 0 1.17694 -0.443786 4.13097 13.75 0.0179322 0.0353343 0.0918146 
qwerty 188 161 0 1.17694 -0.311952 4.39074 14.425 0.0179322 0.0353343 0.0918146 
qwerty 188 161 0 1.17694 -0.180119 4.65051 15.1 0.0179322 0.0353343 0.0918146 
qwerty 188 161 0 1.17694 -0.0482858 4.91028 15.775 0.0179322 0.0353343 0.0918146 
qwerty 188 161 0 1.17694 0.0835475 5.17005 16.45 0.0179322 0.0353343 0.0918146 
qwerty 188 161 0 1.17694 0.215381 5.42982 17.125 0.0179322 0.0353343 0.0918146 
qwerty 188 161 0 1.17694 0.347214 5.68959 17.8 0.0179322 0.0353343 0.0918146 
qwerty 188 161 0 1.17694 0.479047 5.94936 18.475 0.0179322 0.0353343 0.0918146 
qwerty 188 161 0 1.17694 0.610881 6.20913 19.15 0.0179322 0.0353343 0.0918146 
qwerty 188 161 0 0.262565 0.684395 6.35398 19.5264 -0.0520043 0.0538232 -0.0663221 
qwerty 188 161 0 0.262565 0.526474 6.51743 19.325 -0.0520043 0.0538232 -0.0663221 
qwerty 236 188 0.333313 0.581063 0.692178 6.34506 19.6418 -0.0655509 0.0183506 0.0732552 
qwerty 236 188 0.307693 0.27337 0.587665 6.32362 19.6885 -0.0883238 0.0317684 -0.0344916 
qwerty 236 188 0.27337 0 0.550301 6.33706 19.6739 -0.0883238 0.0317684 -0.0344916 
qwerty 187 161 0 0.435944 -0.631029 3.86439 13.075 0.00827083 0.0350437 0.0932927 
qwerty 187 161 0 0.435944 -0.571187 4.11795 13.75 0.00827083 0.0350437 0.0932927 
qwerty 187 161 0 0.435944 -0.511345 4.3715 14.425 0.00827083 0.0350437 0.0932927 
qwerty 187 161 0 0.435944 -0.451503 4.62505 15.1 0.00827083 0.0350437 0.0932927 
qwerty 187 161 0 0.435944 -0.391661 4.8786 15.775 0.00827083 0.0350437 0.0932927 
qwerty 185 161 0 0.160888 -0.673824 3.61225 12.4 0.0225538 0.0297165 0.0927807 
qwerty 184 161 0 2.45185 -0.692549 3.6043 12.4 0.0196857 0.0287061 0.0937467 
qwerty 184 161 0 2.45185 -0.550807 3.81099 13.075 0.0196857 0.0287061 0.0937467 
qwerty 184 161 0 2.45185 -0.409065 4.01768 13.75 0.0196857 0.0287061 0.0937467 
qwerty 184 161 0 2.45185 -0.267322 4.22437 14.425 0.0196857 0.0287061 0.0937467 
qwerty 184 161 0 2.45185 -0.12558 4.43106 15.1 0.0196857 0.0287061 0.0937467 
qwerty 184 161 0 2.45185 0.016162 4.63775 15.775 0.0196857 0.0287061 0.0937467 
qwerty 184 161 0 2.45185 0.157904 4.84445 16.45 0.0196857 0.0287061 0.0937467 
qwerty 184 161 0 2.45185 0.299646 5.05114 17.125 0.0196857 0.0287061 0.0937467 
qwerty 184 161 0 2.45185 0.441389 5.25783 17.8 0.0196857 0.0287061 0.0937467 
qwerty 184 161 0 2.45185 0.583131 5.46452 18.475 0.0196857 0.0287061 0.0937467 
qwerty 184 161 0 2.45185 0.724873 5.67121 19.15 0.0196857 0.0287061 0.0937467 
qwerty 184 161 0 2.45185 0.866615 5.8779 19.825 0.0196857 0.0287061 0.0937467 
qwerty 184 161 0 2.45185 1.00836 6.08459 20.5 0.0196857 0.0287061 0.0937467 
qwerty 184 161 0 2.45185 1.1501 6.29128 21.175 0.0196857 0.0287061 0.0937467 
qwerty 184 161 0 2.45185 1.29184 6.49797 21.85 0.0196857 0.0287061 0.0937467 
qwerty 184 161 0 2.45185 1.43358 6.70467 22.525 0.0196857 0.0287061 0.0937467 
qwerty 184 161 0 2.45185 1.57533 6.91136 23.2 0.0196857 0.0287061 0.0937467 
qwerty 184 161 0 2.45185 1.71707 7.11805 23.875 0.0196857 0.0287061 0.0937467 
qwerty 184 161 0 2.45185 1.85881 7.32474 24.55 0.0196857 0.0287061 0.0937467 
qwerty 184 161 0 2.45185 2.00055 7.53143 25.225 0.0196857 0.0287061 0.0937467 
qwerty 184 161 0 2.45185 2.14229 7.73812 25.9 0.0196857 0.0287061 0.0937467 
qwerty 184 161 0 2.45185 2.28404 7.94481 26.575 0.0196857 0.0287061 0.0937467 
qwerty 184 161 0 0.235216 2.22334 7.97188 26.075 -0.0140712 -0.00301166 -0.0989592 
qwerty 241 184 0.499222 1.37536 2.4918 8.1095 27.0031 0.0269081 0.0393473 0.0879076 
qwerty 241 184 0.368614 0.931269 2.56371 8.19323 27.1169 0.00395337 0.0954546 0.0295429 
qwerty 241 184 0.346902 0.584367 2.55037 8.34393 27.2433 0.0389558 0.0392207 0.0833318 
qwerty 241 184 0.0367121 0.547655 2.55349 8.34707 27.25 0.00989408 0.0283559 0.0953837 
qwerty 241 184 0.0202089 0.469061 2.5503 8.34544 27.237 -0.0247347 -0.0123765 -0.096099 
qwerty 241 184 0.0233347 0.445726 2.54838 8.34418 27.2232 0.00161072 -0.0358456 -0.0933408 
qwerty 241 184 0.0307529 0.414973 2.54677 8.34085 27.2092 -0.0121859 -0.00815885 -0.0989188 
qwerty 241 184 0.0330841 0.381889 2.54901 8.3426 27.1894 -0.00974308 0.0392829 -0.0914436 
qwerty 241 184 0.144948 0.236941 2.5452 8.36143 27.1611 0.0275285 0.0698536 -0.0660504 
qwerty 241 184 0.236941 0 2.55449 8.38501 27.1388 0.0275285 0.0698536 -0.0660504 
qwerty 243 241 0 0.0754791 2.51146 8.48318 27.25 -0.0161628 0.0896812 0.041183 
qwerty 183 165 0 1.08934 -0.650409 3.18243 13.075 0.0112668 -0.0576548 0.0809258 
qwerty 183 165 0 1.0327 -0.699817 2.59298 13.75 -0.00830179 -0.0667802 0.0739695 
qwerty 183 165 0 1.0327 -0.775574 1.98359 14.425 -0.00830179 -0.0667802 0.0739695 
qwerty 183 165 0 0.785357 -1.09775 1.25 14.7784 -0.0413692 -0.0849241 0.0328098 
qwerty 183 165 0 0.785357 -1.5033 0.417463 15.1 -0.0413692 -0.0849241 0.0328098 
qwerty 181 165 0 2.13568 -1.08133 3.59204 13.075 -0.0500388 0.00826431 0.0861848 
qwerty 180 165 0 2.53592 -1.1512 3.72583 13.075 -0.0541469 0.0219965 0.0811435 
qwerty 179 166 0 0.510999 -1.17609 2.11144 11.9 0.0151819 -0.0786108 -0.0599154 
qwerty 179 166 0 0.510999 -1.00505 1.22582 11.225 0.0151819 -0.0786108 -0.0599154 
qwerty 179 166 0 0.510999 -0.834014 0.340204 10.55 0.0151819 -0.0786108 -0.0599154 
qwerty 179 166 0 0.510999 -0.662976 -0.545416 9.875 0.0151819 -0.0786108 -0.0599154 
qwerty 179 166 0 0.510999 -0.526901 -1.25 9.33798 0.0151819 -0.0786108 -0.0599154 
qwerty 179 166 0 0.510999 -0.491938 -1.43104 9.2 0.0151819 -0.0786108 -0.0599154 
qwerty 179 166 0 0.289981 -0.502655 -1.47925 8.58867 0.041082 -0.0480627 -0.0774741 
qwerty 179 166 0 0.289981 -0.468893 -1.51874 8.525 0.041082 -0.0480627 -0.0774741 
qwerty 179 166 0 0.289981 -0.110962 -1.9375 7.85 0.041082 -0.0480627 -0.0774741 
qwerty 256 179 0.0567274 0 -0.504323 -1.47722 8.58721 -0.0554652 0.0674648 -0.0487044 
qwerty 178 166 0 0.510999 -1.30278 2.76746 12.4 -0.0151819 0.0786108 0.0599154 
qwerty 178 166 0 0.228273 -1.79447 3.59949 12.2517 -0.0963001 -0.0233369 0.0134787 
qwerty 178 166 0 0.228273 -2.85429 3.34266 12.4 -0.0963001 -0.0233369 0.0134787 
qwerty 259 178 0.104389 0 -1.79348 3.60724 12.2479 0.0114135 0.0891638 -0.0438126 
qwerty 176 166 0 0.0762811 -1.58653 2.98274 12.4 -0.0844205 -0.0439945 0.0306212 
qwerty 175 166 0 11.8729 -0.827258 3.72132 12.4 -0.00424049 0.0448272 0.0892891 
qwerty 175 166 0 11.8729 -0.859315 4.06021 13.075 -0.00424049 0.0448272 0.0892891 
qwerty 175 166 0 11.8729 -0.891372 4.39909 13.75 -0.00424049 0.0448272 0.0892891 
qwerty 263 175 0.695431 2.20144 -1.21318 4.70733 14.1671 -0.0661858 -0.00483798 0.0748066 
qwerty 263 175 0.078889 2.12255 -1.25 4.70463 14.2087 -0.07027 0.0161905 0.069282 
qwerty 263 175 0.534231 1.58832 -1.46938 4.75518 14.425 -0.0944519 0.0136943 0.0298547 
qwerty 263 175 0.111753 1.16539 -1.48006 4.8535 14.4153 0.0573847 0.0808917 0.0127881 
qwerty 263 175 0.18992 0.97547 -1.43649 4.91492 14.425 0.0318902 0.0902874 0.0288305 
qwerty 263 175 0.0197614 0.401912 -1.45905 4.92946 14.4168 -0.0613524 -0.0504655 -0.0607381 
qwerty 263 175 0.0253709 0.376541 -1.46559 4.92607 14.4103 -0.0557163 -0.0279449 -0.078197 
qwerty 263 175 0.0225421 0.353999 -1.47002 4.92243 14.4 -0.0268067 -0.0635363 -0.0724192 
qwerty 263 175 0.0258598 0.328139 -1.47468 4.91281 14.3919 -0.0259591 -0.0922384 -0.0286043 
qwerty 263 175 0.0567335 0.271406 -1.47632 4.89503 14.3786 -0.0590229 -0.0346136 -0.072926 
qwerty 263 175 0.0740006 0.197405 -1.48375 4.87897 14.3605 -0.0165172 -0.0633853 -0.0755611 
qwerty 263 175 0.197405 0 -1.48786 4.86318 14.3417 -0.0165172 -0.0633853 -0.0755611 
qwerty 263 175 0 0 -1.48786 4.86318 14.3417 -0.0165172 -0.0633853 -0.0755611 
qwerty 164 86 0.69252 0.978143 -0.825331 4.55022 14.905 0.00846136 0.0482764 0.0871653 
qwerty 164 86 0.548342 0.429801 -0.79842 4.66525 15.0561 0.00833372 0.061501 0.0784103 
qwerty 164 86 0.130113 0.299688 -0.793758 4.69966 15.1 0.0931847 0.0275689 0.0235917 
qwerty 164 86 0.0101011 0.282726 -0.789495 4.70216 15.0994 0.0863456 0.050219 0.00474321 
qwerty 164 86 0.0136097 0.269116 -0.784139 4.70545 15.0999 0.0925878 0.0373373 -0.00578099 
qwerty 164 86 0.00729594 0.26182 -0.780121 4.7072 15.0994 0.0724294 0.0677796 -0.0126455 
qwerty 164 86 0.0200715 0.241749 -0.776277 4.70997 15.0979 0.048873 0.0728933 -0.0479374 
qwerty 164 86 0.0101126 0.231636 -0.774061 4.71386 15.0965 0.0186537 0.0918166 -0.0349535 
qwerty 164 86 0.0125555 0.219081 -0.77271 4.71823 15.0949 0.0230178 0.0949575 -0.0212898 
qwerty 164 86 0.0142611 0.20482 -0.772568 4.72344 15.0946 -0.0045706 0.0977704 -0.0204953 
qwerty 164 86 0.0103623 0.194457 -0.773533 4.72746 15.0933 -0.020619 0.0874639 -0.0438738 
qwerty 164 86 0.0647085 0.129749 -0.773966 4.73243 15.0909 -0.0571378 0.0645912 -0.0506285 
qwerty 164 86 0.0171405 0.112608 -0.7778 4.73542 15.09 -0.0637771 0.07616 -0.0114952 
qwerty 164 86 0.0170145 0.0955939 -0.779829 4.73994 15.0889 -0.00119153 0.0920388 -0.0390824 
qwerty 164 86 0.020623 0.0749709 -0.777153 4.74447 15.087 0.0489094 0.0872217 0.000501508 
qwerty 164 86 0.0749709 0 -0.774815 4.74864 15.087 0.0489094 0.0872217 0.000501508 
qwerty 164 86 0 0 -0.774815 4.74864 15.087 0.0489094 0.0872217 0.000501508 
qwerty 162 87 0.913458 5.39803 -0.611307 3.66789 12.4 0.0585849 0.0135051 0.0799088 
qwerty 120 89 0.806402 16.2083 -0.861798 3.5707 12.3887 -0.0222341 0.0299424 0.0927852 
qwerty 120 89 0.057534 16.1508 -0.864511 3.57435 12.4 -0.0222946 0.0287521 0.0931465 
qwerty 120 89 0.74157 8.80062 -1.25 3.56551 12.9194 -0.050386 -0.00073401 0.0863754 
qwerty 120 89 0.302856 8.49776 -1.34074 3.56419 13.075 -0.0540133 -0.00496112 0.0840116 
qwerty 120 89 0.813563 5.11244 -1.26843 3.68622 13.75 0.0228962 0.0317789 0.0920101 
qwerty 38 16 1.14937 14.383 -0.931633 -3.89455 7.675 -0.0651317 -0.0173893 0.0738612 
qwerty 262 175 1.16029 3.75118 -0.782854 4.21566 14.425 0.0203041 -0.0375472 0.090432 
qwerty 304 5 0 3.34577 -1.25 0.579932 0.549413 -0.0811036 0.0567956 0.0140164 
qwerty 304 5 0 3.34577 -3.42328 2.10185 0.925 -0.0811036 0.0567956 0.0140164 
qwerty 304 5 0 3.34577 -5.77683 3.75 1.33174 -0.0811036 0.0567956 0.0140164 
qwerty 304 5 0 3.34577 -7.32907 4.83701 1.6 -0.0811036 0.0567956 0.0140164 
qwerty 304 5 0 3.34577 -8.75 5.83207 1.84557 -0.0811036 0.0567956 0.0140164 
qwerty 304 5 0 3.34577 -11.2349 7.57218 2.275 -0.0811036 0.0567956 0.0140164 
qwerty 304 5 0 3.34577 -12.9168 8.75 2.56567 -0.0811036 0.0567956 0.0140164 
qwerty 304 5 0 3.34577 -15.1406 10.3073 2.95 -0.0811036 0.0567956 0.0140164 
qwerty 304 5 0 3.34577 -16.25 11.0842 3.14172 -0.0811036 0.0567956 0.0140164 
qwerty 304 5 0 3.34577 -18.75 12.8349 3.57377 -0.0811036 0.0567956 0.0140164 
qwerty 304 5 0 3.34577 -19.0464 13.0425 3.625 -0.0811036 0.0567956 0.0140164 
qwerty 304 5 0 0.561337 -19.4363 13.9755 3.125 0.0087199 0.0720976 -0.0687452 
qwerty 304 5 0 0.561337 -19.3507 14.6834 2.45 0.0087199 0.0720976 -0.0687452 
qwerty 304 5 0 0.561337 -19.253 15.374 1.775 0.0102273 0.07104 -0.0696328 
qwerty 310 307 0 0.39798 -0.429686 -1.25 -0.177857 -0.00836621 -0.0900959 -0.0425763 
qwerty 310 307 0 0.39798 -0.443862 -1.40266 -0.25 -0.00836621 -0.0900959 -0.0425763 
qwerty 303 5 0 0.843143 1.25 1.6272 0.736072 0.0508932 0.0850022 0.0135834 
qwerty 303 5 0 0.843143 1.95786 2.80948 0.925 0.0508932 0.0850022 0.0135834 
qwerty 303 5 0 0.552277 2.62852 3.35965 1.6 0.0593287 0.0328253 0.0735024 
qwerty 303 5 0 0.552277 3.17335 3.6611 2.275 0.0593287 0.0328253 0.0735024 
qwerty 301 24 0 0.510999 -0.0589192 -3.14365 10.375 0.0381229 0.0296337 0.0875699 
qwerty 301 24 0 0.510999 0.234937 -2.91523 11.05 0.0381229 0.0296337 0.0875699 
qwerty 301 24 0 0.510999 0.528792 -2.68681 11.725 0.0381229 0.0296337 0.0875699 
qwerty 301 24 0 0.510999 0.822648 -2.45839 12.4 0.0381229 0.0296337 0.0875699 
qwerty 301 24 0 0.510999 1.1165 -2.22997 13.075 0.0381229 0.0296337 0.0875699 
qwerty 301 24 0 0.510999 1.41036 -2.00155 13.75 0.0381229 0.0296337 0.0875699 
qwerty 301 24 0 0.510999 1.70422 -1.77313 14.425 0.0381229 0.0296337 0.0875699 
qwerty 301 24 0 0.510999 1.99807 -1.54471 15.1 0.0381229 0.0296337 0.0875699 
qwerty 301 24 0 0.510999 2.29193 -1.31629 15.775 0.0381229 0.0296337 0.0875699 
qwerty 301 24 0 0.510999 2.3772 -1.25 15.9709 0.0381229 0.0296337 0.0875699 
qwerty 301 24 0 0.510999 2.58578 -1.08787 16.45 0.0381229 0.0296337 0.0875699 
qwerty 300 24 0 0.510999 -0.570446 -3.54127 9.2 -0.0381229 -0.0296337 -0.0875699 
qwerty 299 38 0 0.510999 -1.25 -4.37758 7.21376 -0.0318048 -0.0599705 -0.0734302 
qwerty 299 38 0 0.510999 -1.26679 -4.40923 7.175 -0.0318048 -0.0599705 -0.0734302 
qwerty 299 38 0 0.510999 -1.55915 -4.96051 6.5 -0.0318048 -0.0599705 -0.0734302 
qwerty 299 38 0 0.510999 -1.85151 -5.51178 5.825 -0.0318048 -0.0599705 -0.0734302 
qwerty 299 38 0 0.510999 -2.14388 -6.06305 5.15 -0.0318048 -0.0599705 -0.0734302 
qwerty 299 38 0 0.510999 -2.43624 -6.61433 4.475 -0.0318048 -0.0599705 -0.0734302 
qwerty 299 38 0 0.510999 -2.7286 -7.1656 3.8 -0.0318048 -0.0599705 -0.0734302 
qwerty 299 38 0 0.510999 -3.02096 -7.71687 3.125 -0.0318048 -0.0599705 -0.0734302 
qwerty 299 38 0 0.510999 -3.36683 -8.25341 2.45 -0.0378058 -0.0575003 -0.0725564 
qwerty 298 38 0 0.443262 -0.941261 -3.75 7.87171 0.0300924 0.0912078 0.0278494 
qwerty 298 38 0 0.443262 -0.424451 -2.18359 8.35 0.0300924 0.0912078 0.0278494 
qwerty 298 38 0 0.353393 0.267645 -1.25 7.95164 0.0581242 0.070649 -0.0403769 
qwerty 298 38 0 0.353393 0.413967 -1.07215 7.85 0.0581242 0.070649 -0.0403769 
qwerty 298 38 0 0.353393 1.25 -0.055965 7.26924 0.0581242 0.070649 -0.0403769 
qwerty 298 38 0 0.353393 1.38566 0.108926 7.175 0.0581242 0.070649 -0.0403769 
qwerty 298 38 0 0.353393 2.32444 1.25 6.52286 0.0581242 0.070649 -0.0403769 
qwerty 298 38 0 0.353393 2.35735 1.29 6.5 0.0581242 0.070649 -0.0403769 
qwerty 298 38 0 0.164553 2.18883 1.31902 7 -0.0393594 -0.00864766 0.0915208 
qwerty 297 38 0 10.5591 -1.29151 -3.96191 8.35 -0.0470803 -0.00928563 0.0877338 
qwerty 297 38 0 10.5591 -1.65374 -4.03336 9.025 -0.0470803 -0.00928563 0.0877338 
qwerty 297 38 0 10.5591 -2.01596 -4.1048 9.7 -0.0470803 -0.00928563 0.0877338 
qwerty 297 38 0 10.5591 -2.37818 -4.17624 10.375 -0.0470803 -0.00928563 0.0877338 
qwerty 325 322 0 0.364926 -2.15263 -4.24216 9.875 0.0294124 -0.0219573 -0.0930204 
qwerty 296 38 0 1.4762 -0.893742 -4.02486 7.675 -0.0438952 -0.0365757 0.0820696 
qwerty 296 38 0 1.4762 -1.25477 -4.32568 8.35 -0.0438952 -0.0365757 0.0820696 
qwerty 296 38 0 1.4762 -1.61579 -4.62651 9.025 -0.0438952 -0.0365757 0.0820696 
qwerty 296 38 0 1.4762 -1.97682 -4.92733 9.7 -0.0438952 -0.0365757 0.0820696 
qwerty 296 38 0 1.4762 -2.33785 -5.22816 10.375 -0.0438952 -0.0365757 0.0820696 
qwerty 296 38 0 1.4762 -2.69887 -5.52898 11.05 -0.0438952 -0.0365757 0.0820696 
qwerty 296 38 0 1.4762 -3.0599 -5.82981 11.725 -0.0438952 -0.0365757 0.0820696 
qwerty 296 38 0 1.4762 -3.42092 -6.13064 12.4 -0.0438952 -0.0365757 0.0820696 
qwerty 296 38 0 1.4762 -3.75 -6.40484 13.0153 -0.0438952 -0.0365757 0.0820696 
qwerty 296 38 0 1.4762 -3.78195 -6.43146 13.075 -0.0438952 -0.0365757 0.0820696 
qwerty 296 38 0 1.4762 -4.14298 -6.73229 13.75 -0.0438952 -0.0365757 0.0820696 
qwerty 296 38 0 1.4762 -4.504 -7.03311 14.425 -0.0438952 -0.0365757 0.0820696 
qwerty 296 38 0 1.4762 -4.86503 -7.33394 15.1 -0.0438952 -0.0365757 0.0820696 
qwerty 296 38 0 1.4762 -5.22605 -7.63476 15.775 -0.0438952 -0.0365757 0.0820696 
qwerty 296 38 0 1.4762 -5.58708 -7.93559 16.45 -0.0438952 -0.0365757 0.0820696 
qwerty 296 38 0 1.4762 -5.94811 -8.23641 17.125 -0.0438952 -0.0365757 0.0820696 
qwerty 296 38 0 1.4762 -6.30913 -8.53724 17.8 -0.0438952 -0.0365757 0.0820696 
qwerty 296 38 0 1.4762 -6.67016 -8.83806 18.475 -0.0438952 -0.0365757 0.0820696 
qwerty 296 38 0 1.4762 -7.03118 -9.13889 19.15 -0.0438952 -0.0365757 0.0820696 
qwerty 296 38 0 1.4762 -7.39221 -9.43971 19.825 -0.0438952 -0.0365757 0.0820696 
qwerty 296 38 0 1.4762 -7.75324 -9.74054 20.5 -0.0438952 -0.0365757 0.0820696 
qwerty 296 38 0 1.4762 -8.11426 -10.0414 21.175 -0.0438952 -0.0365757 0.0820696 
qwerty 296 38 0 0.331235 -8.75 -9.84936 20.801 -0.0794294 0.0274426 -0.0542022 
qwerty 296 38 0 0.331235 -8.93468 -9.78556 20.675 -0.0794294 0.0274426 -0.0542022 
qwerty 295 70 0 1.04573 2.64516 -11.225 15.775 0.0655557 -0.0690469 0.0305774 
qwerty 295 70 0 1.04573 4.09231 -12.7492 16.45 0.0655557 -0.0690469 0.0305774 
qwerty 294 70 0 0.530525 1.65339 -9.41814 14.6 0.0298882 0.0615057 -0.072964 
qwerty 294 70 0 0.530525 1.92989 -8.84915 13.925 0.0298882 0.0615057 -0.072964 
qwerty 294 70 0 0.530525 2.20639 -8.28015 13.25 0.0298882 0.0615057 -0.072964 
qwerty 292 102 0 0.510999 -1.07045 5.2438 10.55 0.0355087 0.0858181 -0.0370726 
qwerty 291 102 0 0.332648 -1.822 3.68729 11.3199 -0.0922948 -0.0334059 0.0191236 
qwerty 291 102 0 0.302004 -3.42812 3.10596 11.6526 -0.0832209 0.00859424 0.054776 
qwerty 291 102 0 0.302004 -3.53804 3.11731 11.725 -0.0832209 0.00859424 0.054776 
qwerty 291 102 0 0.151865 -2.98419 2.76683 12.353 0.0772007 -0.0568727 -0.0283822 
qwerty 291 102 0 0.151865 -1.75207 1.85915 11.9 0.0772007 -0.0568727 -0.0283822 
qwerty 346 291 0.025724 0 -2.98421 2.76691 12.3537 -0.00352021 0.0107936 0.0993534 
qwerty 344 291 0.0306441 0 -3.42843 3.10519 11.6521 -0.0310052 -0.0763234 -0.056687 
qwerty 343 291 0.0371239 0 -1.82173 3.68775 11.3212 0.0184903 0.0321301 0.092875 
qwerty 289 120 0 0.510999 -2.57471 4.3281 13.25 -0.0795065 0.0441288 -0.0416096 
qwerty 289 120 0 0.510999 -3.75 4.98042 12.6349 -0.0795065 0.0441288 -0.0416096 
qwerty 289 120 0 0.510999 -3.86448 5.04396 12.575 -0.0795065 0.0441288 -0.0416096 
qwerty 289 120 0 0.510999 -5.15425 5.75983 11.9 -0.0795065 0.0441288 -0.0416096 
qwerty 288 120 0 0.347333 -1.54287 3.1886 14.425 -0.0268898 -0.0621406 0.07359 
qwerty 288 120 0 0.347333 -1.78952 2.61862 15.1 -0.0268898 -0.0621406 0.07359 
qwerty 288 120 0 0.347333 -2.03616 2.04863 15.775 -0.0268898 -0.0621406 0.07359 
qwerty 288 120 0 0.347333 -2.28281 1.47865 16.45 -0.0268898 -0.0621406 0.07359 
qwerty 287 120 0 0.465457 -2.38549 3.39946 13.25 -0.0844358 -0.0197907 -0.0497888 
qwerty 287 120 0 0.465457 -3.53021 3.13116 12.575 -0.0844358 -0.0197907 -0.0497888 
qwerty 286 120 0 0.325744 -1.48026 3.24983 13.75 -0.0168687 -0.0432681 0.0885625 
qwerty 286 120 0 0.325744 -1.60883 2.92005 14.425 -0.0168687 -0.0432681 0.0885625 
qwerty 286 120 0 0.325744 -1.7374 2.59027 15.1 -0.0168687 -0.0432681 0.0885625 
qwerty 285 120 0 0.974123 -1.25 3.55223 12.8194 -0.0738245 -0.0232445 0.0633217 
qwerty 285 120 0 0.974123 -1.54805 3.45838 13.075 -0.0738245 -0.0232445 0.0633217 
qwerty 285 120 0 0.974123 -2.33501 3.2106 13.75 -0.0738245 -0.0232445 0.0633217 
qwerty 285 120 0 0.974123 -3.12197 2.96282 14.425 -0.0738245 -0.0232445 0.0633217 
qwerty 285 120 0 0.974123 -3.90892 2.71504 15.1 -0.0738245 -0.0232445 0.0633217 
qwerty 284 120 0 2.54275 -1.25 3.85932 12.9206 -0.0607579 0.0375003 0.0700158 
qwerty 284 120 0 2.54275 -1.38399 3.94202 13.075 -0.0607579 0.0375003 0.0700158 
qwerty 284 120 0 2.54275 -1.96973 4.30355 13.75 -0.0607579 0.0375003 0.0700158 
qwerty 284 120 0 2.54275 -2.55548 4.66507 14.425 -0.0607579 0.0375003 0.0700158 
qwerty 284 120 0 2.54275 -3.14123 5.0266 15.1 -0.0607579 0.0375003 0.0700158 
qwerty 284 120 0 2.54275 -3.72698 5.38813 15.775 -0.0607579 0.0375003 0.0700158 
qwerty 283 120 0 0.145837 -0.921138 3.64512 12.6493 -0.0460132 -0.0599754 -0.0654655 
qwerty 283 120 0 0.145837 -0.97334 3.57708 12.575 -0.0460132 -0.0599754 -0.0654655 
qwerty 360 283 0.133892 0 -0.920888 3.65058 12.6613 0.0018845 0.0412133 0.0910929 
qwerty 282 120 0 0.0793552 -0.864374 3.57464 12.4 -0.021005 0.0321439 0.092334 
qwerty 281 142 0 0.510999 -0.089972 2.41694 15.775 0.046366 0.0669897 0.0579877 
qwerty 280 142 0 0.510999 -0.897651 1.25 14.7649 -0.046366 -0.0669897 -0.0579877 
qwerty 280 142 0 0.510999 -1.02948 1.05953 14.6 -0.046366 -0.0669897 -0.0579877 
qwerty 279 160 0 0.510999 -12.8168 12.873 22.025 0.0154048 0.0212251 -0.0964997 
qwerty 279 160 0 0.510999 -12.7091 13.0215 21.35 0.0154048 0.0212251 -0.0964997 
qwerty 279 160 0 0.510999 -12.6013 13.17 20.675 0.0154048 0.0212251 -0.0964997 
qwerty 279 160 0 0.510999 -12.4936 13.3184 20 0.0154048 0.0212251 -0.0964997 
qwerty 279 160 0 0.374264 -12.962 13.6624 19.325 -0.0626971 0.0396603 -0.0670533 
qwerty 279 160 0 0.374264 -13.5931 14.0617 18.65 -0.0626971 0.0396603 -0.0670533 
qwerty 279 160 0 0.374264 -14.2243 14.4609 17.975 -0.0626971 0.0396603 -0.0670533 
qwerty 278 160 0 0.510999 -13.0044 12.6146 23.2 -0.0154048 -0.0212251 0.0964997 
qwerty 278 160 0 0.510999 -13.1121 12.4661 23.875 -0.0154048 -0.0212251 0.0964997 
qwerty 278 160 0 0.510999 -13.2199 12.3177 24.55 -0.0154048 -0.0212251 0.0964997 
qwerty 278 160 0 0.510999 -13.3276 12.1692 25.225 -0.0154048 -0.0212251 0.0964997 
qwerty 277 162 0 0.510999 -1.12717 3.84216 13.075 -0.0590532 0.0130032 0.0796469 
qwerty 277 162 0 0.510999 -1.62764 3.95236 13.75 -0.0590532 0.0130032 0.0796469 
qwerty 277 162 0 0.510999 -2.12811 4.06256 14.425 -0.0590532 0.0130032 0.0796469 
qwerty 277 162 0 0.510999 -2.62858 4.17276 15.1 -0.0590532 0.0130032 0.0796469 
qwerty 277 162 0 0.510999 -3.12905 4.28296 15.775 -0.0590532 0.0130032 0.0796469 
qwerty 277 162 0 0.510726 -3.63059 4.42054 16.45 -0.0588513 0.0162348 0.079202 
qwerty 277 162 0 0.510726 -4.13215 4.55891 17.125 -0.0588513 0.0162348 0.079202 
qwerty 276 162 0 0.510999 -0.255984 3.65033 11.9 0.0590532 -0.0130032 -0.0796469 
qwerty 276 162 0 0.510999 0.244486 3.54013 11.225 0.0590532 -0.0130032 -0.0796469 
qwerty 275 162 0 0.245042 -0.592386 3.78 13.075 0.0156844 0.00711359 0.0985058 
qwerty 272 162 0 23.924 -0.828257 3.67431 12.4 -0.00322869 0.0391493 0.0919615 
qwerty 272 162 0 23.924 -0.851955 3.96167 13.075 -0.00322869 0.0391493 0.0919615 
qwerty 272 162 0 23.924 -0.875654 4.24902 13.75 -0.00322869 0.0391493 0.0919615 
qwerty 272 162 0 23.924 -0.899353 4.53638 14.425 -0.00322869 0.0391493 0.0919615 
qwerty 271 162 0 5.70758 -0.802188 3.61641 12.4 0.00171808 0.0302546 0.095298 
qwerty 271 162 0 5.70758 -0.790019 3.83071 13.075 0.00171808 0.0302546 0.095298 
qwerty 271 162 0 5.70758 -0.77785 4.045 13.75 0.00171808 0.0302546 0.095298 
qwerty 271 162 0 5.70758 -0.765681 4.2593 14.425 0.00171808 0.0302546 0.095298 
qwerty 271 162 0 5.70758 -0.753511 4.4736 15.1 0.00171808 0.0302546 0.095298 
qwerty 270 162 0 2.30069 -0.790756 3.64182 12.4 0.00357141 0.0347705 0.0936924 
qwerty 270 162 0 2.30069 -0.765026 3.89232 13.075 0.00357141 0.0347705 0.0936924 
qwerty 270 162 0 2.30069 -0.739296 4.14282 13.75 0.00357141 0.0347705 0.0936924 
qwerty 269 164 0 0.510999 -2.02546 5.12637 14.6 -0.0896994 0.0270919 -0.0349292 
qwerty 269 164 0 0.510999 -3.75 5.64723 13.9285 -0.0896994 0.0270919 -0.0349292 
qwerty 269 164 0 0.510999 -3.75888 5.64992 13.925 -0.0896994 0.0270919 -0.0349292 
qwerty 269 164 0 0.188931 -3.75 5.31552 14.2398 0.0323246 -0.0672641 0.0665632 
qwerty 269 164 0 0.188931 -3.66008 5.12841 14.425 0.0323246 -0.0672641 0.0665632 
qwerty 268 164 0 0.510999 -0.741448 4.73856 15.1 0.0896994 -0.0270919 0.0349292 
qwerty 267 263 0 0.510999 -1.39657 4.93987 13.925 0.0210625 0.0176928 -0.0961423 
qwerty 267 263 0 0.431104 -1.08894 4.72686 13.25 0.042901 -0.0374054 -0.0822213 
qwerty 267 263 0 0.431104 -0.736744 4.41978 12.575 0.042901 -0.0374054 -0.0822213 
qwerty 267 263 0 0.431104 -0.384546 4.1127 11.9 0.042901 -0.0374054 -0.0822213 
qwerty 267 263 0 0.431104 -0.0323481 3.80562 11.225 0.042901 -0.0374054 -0.0822213 
qwerty 267 263 0 0.431104 0.31985 3.49853 10.55 0.042901 -0.0374054 -0.0822213 
qwerty 267 263 0 0.431104 0.672048 3.19145 9.875 0.042901 -0.0374054 -0.0822213 
qwerty 267 263 0 0.431104 1.02425 2.88437 9.2 0.042901 -0.0374054 -0.0822213 
qwerty 267 263 0 0.431104 1.25 2.68753 8.76733 0.042901 -0.0374054 -0.0822213 
qwerty 267 263 0 0.431104 1.37644 2.57729 8.525 0.042901 -0.0374054 -0.0822213 
qwerty 266 263 0 0.510999 -1.50611 4.84786 14.425 -0.0210625 -0.0176928 0.0961423 
qwerty 266 263 0 0.510999 -1.65399 4.72364 15.1 -0.0210625 -0.0176928 0.0961423 
qwerty 266 263 0 0.510999 -1.79098 4.59466 15.775 -0.0190575 -0.0186372 0.0963819 
qwerty 265 263 0 0.0684474 -1.91642 4.36773 13.925 -0.0534389 -0.0594899 -0.0600436 
qwerty 264 263 0 0.299782 -1.12453 4.88961 14.425 -0.0359652 0.0537423 0.0762776 
qwerty 382 271 0.259832 0.940626 -0.785131 4.418 15.3678 0.00459344 -0.0740176 0.0670842 
qwerty 382 271 0.215972 0.724654 -0.742936 4.27962 15.4238 0.000594415 -0.0991734 0.0128175 
qwerty 382 271 0.244907 0.479746 -0.748496 4.168 15.5034 -0.00479953 -0.0998848 2.18782e-05 
qwerty 382 271 0.301267 0.178479 -0.753136 4.07142 15.5034 -0.0356754 0.0422277 0.0833312 
qwerty 382 271 0.178479 0 -0.760664 4.08033 15.521 -0.0356754 0.0422277 0.0833312 
qwerty 382 271 0 0 -0.760664 4.08033 15.521 -0.0356754 0.0422277 0.0833312 
qwerty 323 297 0.309526 0.98502 -2.47074 -3.98682 10.2563 -0.0474999 0.0683202 -0.0554626 
qwerty 323 297 0.264919 0.7201 -2.60727 -3.90818 10.1992 -0.0656287 0.073537 0.0168873 
qwerty 323 297 0.263351 0.456749 -2.63522 -3.77568 10.226 -0.060972 0.0789418 -0.00711346 
qwerty 323 297 0.389394 0.0673545 -2.63567 -3.66342 10.1987 -0.0524874 0.0831746 -0.0180849 
qwerty 323 297 0.0673545 0 -2.63775 -3.66013 10.1979 -0.0524874 0.0831746 -0.0180849 
qwerty 323 297 0 0 -2.63775 -3.66013 10.1979 -0.0524874 0.0831746 -0.0180849 
qwerty 383 270 0.121084 0.86444 -0.766517 4.1583 13.9973 -0.00213121 -0.056709 0.082338 
qwerty 383 270 0.118161 0.746279 -0.777424 4.12589 14.0645 0.00912292 -0.0463558 0.0881358 
qwerty 383 270 0.108528 0.637751 -0.751299 4.10433 14.1292 0.0163311 0.0233477 0.095855 
qwerty 383 270 0.401591 0.236161 -0.706969 4.17821 14.2061 -0.0560679 0.0827654 0.00250671 
qwerty 383 270 0.236161 0 -0.725794 4.206 14.207 -0.0560679 0.0827654 0.00250671 
qwerty 379 272 0.797443 9.72608 -0.902908 4.76234 15.1 0.0449685 0.0309993 0.0837668 
qwerty 379 272 1.49586 5.1631 -1.26875 5.50904 14.692 -0.0331093 0.0809995 -0.0484031 
qwerty 379 272 0.250709 4.91239 -1.33169 5.66301 14.6 -0.0214714 0.0802754 -0.0556313 
qwerty 403 379 0 0.948366 -0.860814 5.25205 14.6 -0.00174333 0.065698 -0.0753707 
qwerty 403 379 0 0.948366 -0.876427 5.84043 13.925 -0.00174333 0.065698 -0.0753707 
qwerty 403 379 0 0.948366 -0.887295 6.25 13.4551 -0.00174333 0.065698 -0.0753707 
qwerty 403 379 0 0.948366 -0.892039 6.4288 13.25 -0.00174333 0.065698 -0.0753707 
qwerty 403 379 0 0.948366 -0.907652 7.01717 12.575 -0.00174333 0.065698 -0.0753707 
qwerty 403 379 0 0.948366 -0.923265 7.60555 11.9 -0.00174333 0.065698 -0.0753707 
qwerty 403 379 0 0.948366 -0.938878 8.19392 11.225 -0.00174333 0.065698 -0.0753707 
qwerty 403 379 0 0.948366 -0.953634 8.75 10.587 -0.00174333 0.065698 -0.0753707 
qwerty 403 379 0 0.948366 -0.954491 8.78229 10.55 -0.00174333 0.065698 -0.0753707 
qwerty 402 379 0 6.72314 -0.894168 4.86064 15.1 0.000970735 0.0435064 0.0900347 
qwerty 402 379 0 6.72314 -0.886891 5.18681 15.775 0.000970735 0.0435064 0.0900347 
qwerty 402 379 0 6.72314 -0.879613 5.51298 16.45 0.000970735 0.0435064 0.0900347 
qwerty 402 379 0 6.72314 -0.872335 5.83916 17.125 0.000970735 0.0435064 0.0900347 
qwerty 402 379 0 6.72314 -0.865058 6.16533 17.8 0.000970735 0.0435064 0.0900347 
qwerty 402 379 0 6.72314 -0.85778 6.4915 18.475 0.000970735 0.0435064 0.0900347 
qwerty 402 379 0 6.72314 -0.850502 6.81767 19.15 0.000970735 0.0435064 0.0900347 
qwerty 402 379 0 6.72314 -0.843224 7.14385 19.825 0.000970735 0.0435064 0.0900347 
qwerty 402 379 0 6.72314 -0.835947 7.47002 20.5 0.000970735 0.0435064 0.0900347 
qwerty 402 379 0 6.72314 -0.828669 7.79619 21.175 0.000970735 0.0435064 0.0900347 
qwerty 402 379 0 6.72314 -0.821391 8.12236 21.85 0.000970735 0.0435064 0.0900347 
qwerty 402 379 0 6.72314 -0.814114 8.44854 22.525 0.000970735 0.0435064 0.0900347 
qwerty 402 379 0 6.72314 -0.807387 8.75 23.1489 0.000970735 0.0435064 0.0900347 
qwerty 402 379 0 6.72314 -0.806836 8.77471 23.2 0.000970735 0.0435064 0.0900347 
qwerty 402 379 0 6.72314 -0.799558 9.10088 23.875 0.000970735 0.0435064 0.0900347 
qwerty 402 379 0 6.72314 -0.79228 9.42705 24.55 0.000970735 0.0435064 0.0900347 
qwerty 402 379 0 6.72314 -0.785003 9.75323 25.225 0.000970735 0.0435064 0.0900347 
qwerty 402 379 0 6.72314 -0.777725 10.0794 25.9 0.000970735 0.0435064 0.0900347 
qwerty 402 379 0 6.72314 -0.770447 10.4056 26.575 0.000970735 0.0435064 0.0900347 
qwerty 402 379 0 6.72314 -0.76317 10.7317 27.25 0.000970735 0.0435064 0.0900347 
qwerty 402 379 0 6.72314 -0.755892 11.0579 27.925 0.000970735 0.0435064 0.0900347 
qwerty 402 379 0 6.72314 -0.751606 11.25 28.3225 0.000970735 0.0435064 0.0900347 
qwerty 402 379 0 6.72314 -0.748614 11.3841 28.6 0.000970735 0.0435064 0.0900347 
qwerty 402 379 0 6.72314 -0.741336 11.7103 29.275 0.000970735 0.0435064 0.0900347 
qwerty 402 379 0 6.72314 -0.734059 12.0364 29.95 0.000970735 0.0435064 0.0900347 
qwerty 402 379 0 6.72314 -0.726781 12.3626 30.625 0.000970735 0.0435064 0.0900347 
qwerty 401 323 0 0.510999 -2.35829 -3.26098 10.375 0.0539053 0.0769916 0.0341541 
qwerty 401 323 0 0.380539 -2.61486 -1.25 10.7712 -0.0244884 0.095755 0.0152085 
qwerty 401 323 0 0.339008 -2.64937 -1.11505 10.7926 0.0171361 0.0954881 -0.0242566 
qwerty 401 323 0 0.339008 -2.47797 -0.159975 10.55 0.0171361 0.0954881 -0.0242566 
qwerty 409 401 0.0415314 0 -2.65061 -1.11472 10.7938 -0.0719815 0.0193529 0.0666643 
qwerty 400 323 0 0.418413 -3.04021 -4.23495 9.94294 0.0107963 -0.0895346 -0.0432088 
qwerty 400 323 0 0.418413 -3.02324 -4.37573 9.875 0.0107963 -0.0895346 -0.0432088 
qwerty 400 323 0 0.370058 -3.2945 -6.25 9.33961 -0.0149954 -0.0941719 -0.0301129 
qwerty 400 323 0 0.370058 -3.36402 -6.68661 9.2 -0.0149954 -0.0941719 -0.0301129 
qwerty 411 400 0.0925864 0 -3.04727 -4.23537 9.94308 -0.0998095 -0.00585315 0.00194991 
qwerty 396 382 0 0.510999 0.810349 9.33949 15.275 0.0285935 0.0957203 -0.00447692 
qwerty 395 382 0 0.510999 -1.25 2.44222 15.5976 -0.0285935 -0.0957203 0.00447692 
qwerty 395 382 0 0.276743 -1.52777 1.51235 15.6411 -0.0198587 -0.0055303 0.0978522 
qwerty 395 382 0 0.276743 -1.55495 1.50478 15.775 -0.0198587 -0.0055303 0.0978522 
qwerty 395 382 0 0.276743 -1.69194 1.46663 16.45 -0.0198587 -0.0055303 0.0978522 
qwerty 395 382 0 0.276743 -1.82893 1.42848 17.125 -0.0198587 -0.0055303 0.0978522 
qwerty 424 395 0.234256 0 -1.53334 1.4834 15.6259 -0.0168034 -0.0873442 -0.0457016 
qwerty 427 407 0 0.510999 -0.372032 12.7167 30.125 0.0496965 0.0205427 -0.0843104 
qwerty 427 407 0 0.510999 0.0258447 12.8812 29.45 0.0496965 0.0205427 -0.0843104 
qwerty 427 407 0 0.510999 0.423721 13.0457 28.775 0.0496965 0.0205427 -0.0843104 
qwerty 427 407 0 0.510999 0.821598 13.2101 28.1 0.0496965 0.0205427 -0.0843104 
qwerty 426 407 0 0.158059 -1.1304 12.5738 30.8383 0.0853963 0.035745 -0.0378124 
qwerty 426 407 0 0.158059 -1.0438 12.61 30.8 0.0853963 0.035745 -0.0378124 
qwerty 430 426 0.0609665 0.168141 -1.15091 12.5776 30.8361 -0.0951704 0.0307016 -6.27509e-05 
qwerty 430 426 0.0709829 0.097158 -1.16904 12.575 30.8367 -0.0563959 0.0823543 -0.00610407 
qwerty 430 426 0.097158 0 -1.17337 12.5813 30.8362 -0.0563959 0.0823543 -0.00610407 
