qwerty 1 0 0 200 0 0 -0.24999 0 0 0.1 
qwerty 3 1 0 283.186 -0.065325 0.0446725 0.25 -0.0129046 0.00882483 0.0987704 
qwerty 3 1 0 283.186 -0.153516 0.104982 0.925 -0.0129046 0.00882483 0.0987704 
qwerty 3 1 0 283.186 -0.241706 0.165291 1.6 -0.0129046 0.00882483 0.0987704 
qwerty 3 1 0 283.186 -0.329897 0.2256 2.275 -0.0129046 0.00882483 0.0987704 
qwerty 3 1 0 283.186 -0.418088 0.285909 2.95 -0.0129046 0.00882483 0.0987704 
qwerty 3 1 0 283.186 -0.506278 0.346218 3.625 -0.0129046 0.00882483 0.0987704 
qwerty 3 1 0 283.186 -0.594469 0.406527 4.3 -0.0129046 0.00882483 0.0987704 
qwerty 2 1 0 51.7906 0.679876 -0.464933 0.25 0.0705612 -0.0482533 0.0518916 
qwerty 2 1 0 51.7906 1.25 -0.854812 0.669277 0.0705612 -0.0482533 0.0518916 
qwerty 2 1 0 51.7906 1.59773 -1.09261 0.925 0.0705612 -0.0482533 0.0518916 
qwerty 2 1 0 51.7906 2.51558 -1.72028 1.6 0.0705612 -0.0482533 0.0518916 
qwerty 2 1 0 51.7906 3.43343 -2.34795 2.275 0.0705612 -0.0482533 0.0518916 
qwerty 2 1 0 51.7906 4.35128 -2.97562 2.95 0.0705612 -0.0482533 0.0518916 
qwerty 7 2 0.799995 11.9209 4.83894 -3.35883 3.50506 0.0449319 -0.0515102 0.072992 
qwerty 7 2 0.344772 11.5761 4.91277 -3.44347 3.625 0.0471216 -0.0470745 0.0745892 
qwerty 7 2 0.664434 4.55049 4.92871 -3.75 4.06682 0.0356669 -0.0649101 0.0671904 
qwerty 7 2 0.520222 4.03026 5.05249 -3.97526 4.3 0.0352575 -0.0757576 0.0549336 
qwerty 5 3 0.360277 62.6005 -0.639942 0.456273 4.73642 -0.0164976 0.017544 0.0970569 
qwerty 5 3 0.57968 62.0208 -0.680496 0.499399 4.975 -0.0157055 0.016543 0.0973636 
qwerty 5 3 1.02301 33.2336 -0.750122 0.524412 5.65 -0.0126956 0.00204479 0.0991698 
qwerty 5 3 0.993524 16.2815 -0.951972 0.548217 6.325 -0.0387248 0.00401703 0.09211 
qwerty 5 3 0.281138 1.66458 -1.25 0.588234 6.22752 -0.0707372 0.0613501 -0.0351057 
qwerty 5 3 0.517038 1.14754 -1.48167 0.681508 6.04945 -0.0642976 0.0684338 -0.0343894 
qwerty 5 3 0.385037 0.762505 -1.54154 0.910396 5.99367 0.0173271 0.0236053 0.0956167 
qwerty 5 3 0.431151 0.331354 -1.4183 0.989011 6.11373 -0.00711537 0.0616072 0.078447 
qwerty 5 3 0.331354 0 -1.42235 1.02407 6.15837 -0.00711537 0.0616072 0.078447 
qwerty 5 3 0 0 -1.42235 1.02407 6.15837 -0.00711537 0.0616072 0.078447 
qwerty 22 5 1.16216 8.10581 -0.378802 0.392937 5.65 0.0438215 -0.00737611 0.0895839 
qwerty 16 5 1.04367 19.7733 -0.686251 0.309203 4.975 0.00470698 -0.0196265 0.097942 
qwerty 16 5 0.372392 8.34291 -0.78991 0.15584 5.32658 -0.0293688 -0.0415146 0.0861046 
qwerty 16 5 0.642448 7.70046 -0.900223 -9.3547e-05 5.65 -0.0451492 -0.0430948 0.0781306 
qwerty 41 16 0.618519 1.18839 -0.740971 0.0333381 5.6115 0.0246626 0.0272753 0.0929936 
qwerty 41 16 0.0740887 1.1143 -0.73076 0.0446304 5.65 0.0247022 0.0416761 0.0874809 
qwerty 6 2 0.922585 29.1172 4.92321 -3.32464 3.38772 0.0729143 -0.0446328 0.0518789 
qwerty 6 2 0.639159 28.478 5.2567 -3.52878 3.625 0.0740844 -0.0443367 0.0504555 
qwerty 49 6 0.282414 0.467973 5.05452 -3.2932 3.45428 0.0823431 0.0155765 0.0545618 
qwerty 49 6 0.236664 0.231309 5.11352 -3.24655 3.49024 0.0608538 0.0744876 -0.0273571 
qwerty 49 6 0.231309 0 5.13329 -3.22235 3.48136 0.0608538 0.0744876 -0.0273571 
qwerty 4 3 1.16491 64.9406 -0.429786 0.0425831 4.975 0.0284079 -0.0550111 0.0785288 
qwerty 4 3 0.659414 53.5352 -0.257787 -0.216662 5.52925 0.028033 -0.0367896 0.0886605 
qwerty 4 3 0.241375 53.2939 -0.21961 -0.266765 5.65 0.0283572 -0.0376629 0.0881894 
qwerty 4 3 0.110402 48.8414 -0.131639 -0.350849 5.89718 0.0443438 -0.0329476 0.0833552 
qwerty 4 3 0.426653 48.41 -0.0109488 -0.433864 6.11852 0.0466759 -0.0322884 0.0823336 
qwerty 4 3 0.409556 48.0005 0.106107 -0.514838 6.325 0.0471268 -0.0305922 0.0827235 
qwerty 4 3 1.14352 19.3862 0.433064 -1.25 6.87271 0.0342307 -0.0767313 0.054227 
qwerty 4 3 0.43724 18.9489 0.513417 -1.43012 7 0.0350099 -0.0778931 0.0520285 
qwerty 61 4 0.299524 0 -0.236896 -0.260723 5.53031 0.0428335 -0.0903361 0.00216338 
qwerty 68 4 0 0.137113 0.478292 -1.25 6.98564 0.0311661 -0.074998 0.0583436 
qwerty 68 4 0 0.137113 0.485964 -1.26846 7 0.0311661 -0.074998 0.0583436 
qwerty 67 4 0 0.250921 0.536537 -1.03675 7 0.043761 -0.0577449 0.0689239 
qwerty 66 4 0 23.8391 0.570915 -0.90281 7 0.0517252 -0.0431321 0.0739198 
qwerty 66 4 0 23.8391 1.04324 -1.29667 7.675 0.0517252 -0.0431321 0.0739198 
qwerty 66 4 0 23.8391 1.51557 -1.69053 8.35 0.0517252 -0.0431321 0.0739198 
qwerty 66 4 0 23.8391 1.9879 -2.0844 9.025 0.0517252 -0.0431321 0.0739198 
qwerty 66 4 0 23.8391 2.46023 -2.47826 9.7 0.0517252 -0.0431321 0.0739198 
qwerty 81 66 0.884287 2.72861 2.41851 -3.16075 9.93948 0.00438782 -0.0905568 -0.0421926 
qwerty 81 66 0.215048 2.51356 2.42521 -3.29914 9.875 0.0184522 -0.0845003 -0.0501919 
qwerty 85 81 0.816533 1.71317 2.92567 -2.43553 9.90779 0.0878419 0.0464989 -0.0110302 
qwerty 85 81 0.606672 1.10649 3.17849 -2.30272 9.87673 0.0866703 0.025434 0.0429113 
qwerty 85 81 0.397147 0.709348 3.33587 -2.2579 10.0137 0.085677 0.0215704 0.0468419 
qwerty 85 81 0.152659 0.556689 3.41261 -2.27222 10.0669 0.0887017 -0.0332436 0.0320448 
qwerty 85 81 0.334226 0.222463 3.50337 -2.27905 10.1627 0.0781765 -0.0604137 -0.0154475 
qwerty 85 81 0.222463 0 3.52723 -2.29749 10.158 0.0781765 -0.0604137 -0.0154475 
qwerty 90 85 0 0.282922 2.87248 -2.19285 10.375 0.0466067 0.051858 0.0716838 
qwerty 87 81 0 0.156586 2.73432 -3.70706 10.375 0.0423971 -0.0557522 0.0713735 
qwerty 86 81 0 1.024 1.25 -3.62138 10.0684 -0.0773884 -0.0618241 0.0137413 
qwerty 86 81 0 1.024 -0.476906 -5.00097 10.375 -0.0773884 -0.0618241 0.0137413 
qwerty 84 81 0 0.836264 2.69368 -3.262 10.375 0.0148475 -0.0768111 0.0622865 
qwerty 84 81 0 0.815835 2.79173 -3.75 10.697 0.0177515 -0.0860641 0.0477269 
qwerty 84 81 0 0.815835 2.92302 -4.38649 11.05 0.0177515 -0.0860641 0.0477269 
qwerty 84 81 0 0.815835 3.17407 -5.60369 11.725 0.0177515 -0.0860641 0.0477269 
qwerty 84 81 0 0.815835 3.30738 -6.25 12.0834 0.0177515 -0.0860641 0.0477269 
qwerty 84 81 0 0.815835 3.42513 -6.8209 12.4 0.0177515 -0.0860641 0.0477269 
qwerty 84 81 0 0.815835 3.67619 -8.0381 13.075 0.0177515 -0.0860641 0.0477269 
qwerty 84 81 0 0.257009 2.82905 -8.09199 12.575 -0.0857843 -0.0040539 -0.0512311 
qwerty 83 81 0 0.391602 3.36577 -3.14935 10.375 0.0697365 -0.0505322 0.0508263 
qwerty 65 4 0.00029101 0 0.0363301 -0.466723 6.20166 0.0467517 -0.0324934 0.0822099 
qwerty 102 65 0.00441082 0 0.0363155 -0.466751 6.20165 -0.0454262 -0.0858579 -0.0237673 
qwerty 64 4 0 0.633401 0.08999 -0.533132 6.325 0.0430225 -0.0353847 0.0830481 
qwerty 64 4 0 0.633401 0.43967 -0.820732 7 0.0430225 -0.0353847 0.0830481 
qwerty 60 4 0 5.58524 -0.166897 -0.363681 5.65 0.0339203 -0.047978 0.0809168 
qwerty 60 4 0 5.58524 0.116063 -0.763909 6.325 0.0339203 -0.047978 0.0809168 
qwerty 60 4 0 5.58524 0.399023 -1.16414 7 0.0339203 -0.047978 0.0809168 
qwerty 58 4 0 0.341467 -0.271915 -0.275266 5.48513 0.0753263 0.0653881 0.00709602 
qwerty 58 4 0 0.171556 0.219701 0.151489 5.53144 -0.0297428 -0.0296216 -0.090763 
qwerty 58 4 0 0.171556 0.0947036 0.0270009 5.15 -0.0297428 -0.0296216 -0.090763 
qwerty 109 58 0.169912 0 0.233191 0.163484 5.53932 0.0684945 0.0609075 0.0399847 
qwerty 108 58 0.13289 0.753928 -0.277887 -0.309077 5.5715 0.0131539 -0.0299128 0.0945103 
qwerty 108 58 0.0995003 0.654427 -0.265541 -0.31015 5.63182 0.0796047 -0.000689797 0.0605195 
qwerty 108 58 0.0446457 0.609782 -0.241632 -0.310358 5.65 0.0888654 -0.0285786 0.0358636 
qwerty 57 4 0 0.251776 -0.222039 -0.457275 5.65 0.0239819 -0.0578401 0.0779705 
qwerty 57 4 0 0.251776 -0.0144241 -0.958004 6.325 0.0239819 -0.0578401 0.0779705 
qwerty 56 4 0 2.52775 -0.42628 0.0394314 4.975 0.0287404 -0.058122 0.0761303 
qwerty 56 4 0 2.52775 -0.171457 -0.475901 5.65 0.0287404 -0.058122 0.0761303 
qwerty 56 4 0 2.52775 0.0833665 -0.991232 6.325 0.0287404 -0.058122 0.0761303 
qwerty 56 4 0 2.52775 0.211323 -1.25 6.66394 0.0287404 -0.058122 0.0761303 
qwerty 56 4 0 2.52775 0.33819 -1.50656 7 0.0287404 -0.058122 0.0761303 
qwerty 56 4 0 2.52775 0.593013 -2.0219 7.675 0.0287404 -0.058122 0.0761303 
qwerty 56 4 0 2.52775 0.847836 -2.53723 8.35 0.0287404 -0.058122 0.0761303 
qwerty 56 4 0 2.52775 1.10266 -3.05256 9.025 0.0287404 -0.058122 0.0761303 
qwerty 56 4 0 2.52775 1.35748 -3.56789 9.7 0.0287404 -0.058122 0.0761303 
qwerty 56 4 0 0.846159 0.652773 -4.45927 10.375 -0.056247 -0.0666444 0.0489367 
qwerty 56 4 0 0.846159 -0.123061 -5.37852 11.05 -0.056247 -0.0666444 0.0489367 
qwerty 56 4 0 0.846159 -0.898894 -6.29777 11.725 -0.056247 -0.0666444 0.0489367 
qwerty 56 4 0 0.846159 -1.67473 -7.21701 12.4 -0.056247 -0.0666444 0.0489367 
qwerty 56 4 0 0.846159 -2.45056 -8.13626 13.075 -0.056247 -0.0666444 0.0489367 
qwerty 56 4 0 0.846159 -2.96855 -8.75 13.5257 -0.056247 -0.0666444 0.0489367 
qwerty 56 4 0 0.846159 -3.2264 -9.05551 13.75 -0.056247 -0.0666444 0.0489367 
qwerty 56 4 0 0.846159 -3.75 -9.67591 14.2056 -0.056247 -0.0666444 0.0489367 
qwerty 56 4 0 0.846159 -4.00223 -9.97476 14.425 -0.056247 -0.0666444 0.0489367 
qwerty 56 4 0 0.846159 -4.77806 -10.894 15.1 -0.056247 -0.0666444 0.0489367 
qwerty 56 4 0 0.846159 -5.5539 -11.8133 15.775 -0.056247 -0.0666444 0.0489367 
qwerty 56 4 0 0.846159 -6.32973 -12.7325 16.45 -0.056247 -0.0666444 0.0489367 
qwerty 56 4 0 0.846159 -7.10556 -13.6518 17.125 -0.056247 -0.0666444 0.0489367 
qwerty 56 4 0 0.846159 -7.7721 -14.5389 17.8 -0.0501162 -0.0686613 0.0526687 
qwerty 56 4 0 0.364738 -8.13102 -15.0306 18.1772 -0.00650001 -0.0751591 -0.0656419 
qwerty 56 4 0 0.364738 -8.15105 -15.2621 17.975 -0.00650001 -0.0751591 -0.0656419 
qwerty 115 56 0.331448 0.149973 -8.17645 -15.0654 18.2549 -0.0552141 0.00460765 -0.0832477 
qwerty 115 56 0.149973 0 -8.18529 -15.0647 18.2416 -0.0552141 0.00460765 -0.0832477 
qwerty 54 6 0 14.1752 5.88264 -3.75 3.8349 0.0954169 -0.0232964 0.0187852 
qwerty 54 6 0 14.1752 8.24503 -4.32679 4.3 0.0954169 -0.0232964 0.0187852 
qwerty 121 54 0 4.89227 8.7956 -4.48372 4.475 0.0254733 -0.0952812 -0.0165109 
qwerty 125 121 0 0.361316 8.75 -4.41736 4.55681 0.0268132 -0.0343442 0.0900085 
qwerty 125 121 0 0.361316 8.87458 -4.57693 4.975 0.0268132 -0.0343442 0.0900085 
qwerty 124 121 0 1.62761 8.88863 -5.06091 4.54753 -0.0166557 -0.0982799 0.00797795 
qwerty 124 121 0 1.62761 8.75 -5.87891 4.61393 -0.0166557 -0.0982799 0.00797795 
qwerty 124 121 0 1.62761 7.99619 -10.3269 4.975 -0.0166557 -0.0982799 0.00797795 
qwerty 124 121 0 1.62761 7.41607 -13.75 5.25287 -0.0166557 -0.0982799 0.00797795 
qwerty 124 121 0 1.62761 6.99239 -16.25 5.45581 -0.0166557 -0.0982799 0.00797795 
qwerty 124 121 0 0.371647 6.82512 -17.237 5.53593 -0.0940459 0.0199087 -0.0275503 
qwerty 124 121 0 0.371647 5.5077 -16.9581 5.15 -0.0940459 0.0199087 -0.0275503 
qwerty 129 124 0.283352 0.972613 6.82137 -17.3868 5.51514 -0.0567417 -0.0802407 -0.0184883 
qwerty 129 124 0.154067 0.656232 6.77797 -17.4663 5.47791 0.0353848 -0.0900605 -0.0252393 
qwerty 129 124 0.255273 0.400958 6.7955 -17.5865 5.49779 -0.0117048 -0.0920682 -0.0372351 
qwerty 129 124 0.376944 0.0240145 6.78663 -17.6562 5.46958 0.0247855 0.0492408 0.0834328 
qwerty 129 124 0.0240145 0 6.78679 -17.6559 5.47012 0.0247855 0.0492408 0.0834328 
qwerty 128 124 0.108359 0.227618 8.92807 -5.07829 4.52843 0.0601873 -0.0724909 -0.0335046 
qwerty 128 124 0.0905338 0.137084 8.94604 -5.1015 4.53753 0.0387512 -0.0743985 -0.0544354 
qwerty 128 124 0.137084 0 8.95138 -5.11175 4.53003 0.0387512 -0.0743985 -0.0544354 
qwerty 131 129 0 0.162314 7.00742 -18.4084 5.15 0.0224147 -0.0920404 -0.0320335 
qwerty 53 6 0 7.20697 5.66033 -3.75 3.90887 0.0763086 -0.0366987 0.0531997 
qwerty 53 6 0 7.20697 6.22136 -4.01981 4.3 0.0763086 -0.0366987 0.0531997 
qwerty 134 53 0.94263 3.59963 5.63252 -3.73351 4.48057 -0.0938433 0.0345283 0.00111194 
qwerty 134 53 1.06145 2.53818 5.14559 -3.55962 4.49639 -0.0981057 0.00347442 0.0190578 
qwerty 134 53 0.673621 1.86456 4.78184 -3.52524 4.6611 -0.0652471 -0.0396323 0.0645918 
qwerty 134 53 0.511781 1.35278 4.49491 -3.60924 4.79408 -0.0713369 -0.0554082 0.0429067 
qwerty 134 53 0.417258 0.935526 4.28164 -3.73873 4.83267 -0.0976329 -0.0174058 0.0128396 
qwerty 134 53 0.460676 0.47485 4.10128 -3.7294 4.88616 -0.0752321 0.065837 -0.00237164 
qwerty 134 53 0.47485 0 3.98714 -3.71766 4.83064 -0.0143866 -0.0955889 0.0256084 
qwerty 48 6 0 1.70276 5.28135 -3.50814 3.625 0.074266 -0.0394748 0.0540952 
qwerty 48 6 0 0.382519 5.42981 -2.95824 4.3 -0.00779076 0.0785459 0.061399 
qwerty 138 48 0 1.02457 5.50803 -3.61691 3.8 -0.0972357 -0.0119234 -0.0200763 
qwerty 138 48 0.125935 0.860298 5.42679 -3.65741 3.816 -0.0971742 -0.0073215 0.0224404 
qwerty 138 48 0.173671 0.686627 5.35097 -3.66461 3.80732 -0.095483 0.0034672 0.0295123 
qwerty 138 48 0.128288 0.55834 5.29157 -3.67676 3.84935 -0.0898678 0.000789155 0.0438538 
qwerty 138 48 0.492488 0.0658516 5.2282 -3.67966 3.88166 -0.0981452 0.0174646 -0.0079063 
qwerty 138 48 0.0658516 0 5.22436 -3.67897 3.88135 -0.0981452 0.0174646 -0.0079063 
qwerty 47 6 0 3.40342 5.42254 -3.6571 3.625 0.0755354 -0.0470052 0.0456608 
qwerty 45 6 0 0.210746 5.15135 -3.58451 3.625 0.0646553 -0.050856 0.0568626 
qwerty 44 16 0 0.625283 -3.10553 0.66489 6.325 -0.0396256 -0.0206028 0.0894726 
qwerty 44 16 0 0.382076 -4.12295 -1.25 6.70213 -0.0454234 -0.0881017 0.013221 
qwerty 44 16 0 0.382076 -5.14633 -3.23492 7 -0.0454234 -0.0881017 0.013221 
qwerty 44 16 0 0.158749 -5.05927 -2.27844 6.5 0.0089847 0.088593 -0.0455034 
qwerty 150 146 0 0.47414 -3.05311 0.985225 5.15 -0.0179855 0.0262196 -0.0948106 
qwerty 150 146 0 0.47414 -3.18116 1.17189 4.475 -0.0179855 0.0262196 -0.0948106 
qwerty 43 16 0 0.287092 -1.25 0.0535531 6.08606 -0.0627977 0.0101205 0.0771623 
qwerty 43 16 0 0.287092 -1.44446 0.0848919 6.325 -0.0627977 0.0101205 0.0771623 
qwerty 40 16 0 3.48427 -1.03603 -0.179324 5.65 -0.0417856 -0.0590992 0.0690018 
qwerty 40 16 0 3.48427 -1.25 -0.481952 6.00334 -0.0417856 -0.0590992 0.0690018 
qwerty 40 16 0 3.48427 -1.44479 -0.757454 6.325 -0.0417856 -0.0590992 0.0690018 
qwerty 40 16 0 3.48427 -1.79304 -1.25 6.90008 -0.0417856 -0.0590992 0.0690018 
qwerty 40 16 0 3.48427 -1.85355 -1.33558 7 -0.0417856 -0.0590992 0.0690018 
qwerty 40 16 0 3.48427 -2.26231 -1.91371 7.675 -0.0417856 -0.0590992 0.0690018 
qwerty 40 16 0 3.48427 -2.67107 -2.49184 8.35 -0.0417856 -0.0590992 0.0690018 
qwerty 40 16 0 3.48427 -3.07984 -3.06997 9.025 -0.0417856 -0.0590992 0.0690018 
qwerty 40 16 0 3.48427 -3.4886 -3.6481 9.7 -0.0417856 -0.0590992 0.0690018 
qwerty 40 16 0 0.948231 -3.31747 -3.75086 10.375 0.0280171 -0.0113537 0.0953212 
qwerty 40 16 0 0.948231 -3.11908 -3.83126 11.05 0.0280171 -0.0113537 0.0953212 
qwerty 40 16 0 0.948231 -2.92068 -3.91166 11.725 0.0280171 -0.0113537 0.0953212 
qwerty 40 16 0 0.948231 -2.72228 -3.99206 12.4 0.0280171 -0.0113537 0.0953212 
qwerty 40 16 0 0.948231 -2.52388 -4.07246 13.075 0.0280171 -0.0113537 0.0953212 
qwerty 40 16 0 0.948231 -2.32548 -4.15286 13.75 0.0280171 -0.0113537 0.0953212 
qwerty 40 16 0 0.948231 -2.12708 -4.23325 14.425 0.0280171 -0.0113537 0.0953212 
qwerty 40 16 0 0.948231 -1.92869 -4.31365 15.1 0.0280171 -0.0113537 0.0953212 
qwerty 40 16 0 0.948231 -1.73029 -4.39405 15.775 0.0280171 -0.0113537 0.0953212 
qwerty 40 16 0 0.948231 -1.53189 -4.47445 16.45 0.0280171 -0.0113537 0.0953212 
qwerty 40 16 0 0.948231 -1.33349 -4.55485 17.125 0.0280171 -0.0113537 0.0953212 
qwerty 40 16 0 0.948231 -1.13509 -4.63525 17.8 0.0280171 -0.0113537 0.0953212 
qwerty 40 16 0 0.948231 -0.936694 -4.71565 18.475 0.0280171 -0.0113537 0.0953212 
qwerty 40 16 0 0.948231 -0.738295 -4.79605 19.15 0.0280171 -0.0113537 0.0953212 
qwerty 40 16 0 0.948231 -0.539897 -4.87645 19.825 0.0280171 -0.0113537 0.0953212 
qwerty 40 16 0 0.948231 -0.341498 -4.95685 20.5 0.0280171 -0.0113537 0.0953212 
qwerty 40 16 0 0.364771 -1.15105 -4.26799 21.175 -0.0699838 0.0578237 0.0419367 
qwerty 40 16 0 0.364771 -1.77796 -3.75 21.5507 -0.0699838 0.0578237 0.0419367 
qwerty 40 16 0 0.364771 -2.27748 -3.33727 21.85 -0.0699838 0.0578237 0.0419367 
qwerty 39 16 0 2.28303 -0.888983 -0.169206 5.65 -0.0232104 -0.0606401 0.076053 
qwerty 39 16 0 2.28303 -1.09498 -0.707411 6.325 -0.0232104 -0.0606401 0.076053 
qwerty 39 16 0 2.28303 -1.30099 -1.24562 7 -0.0232104 -0.0606401 0.076053 
qwerty 39 16 0 2.28303 -1.50699 -1.78382 7.675 -0.0232104 -0.0606401 0.076053 
qwerty 39 16 0 2.28303 -1.71299 -2.32202 8.35 -0.0232104 -0.0606401 0.076053 
qwerty 39 16 0 2.28303 -1.91899 -2.86023 9.025 -0.0232104 -0.0606401 0.076053 
qwerty 39 16 0 2.28303 -2.12499 -3.39843 9.7 -0.0232104 -0.0606401 0.076053 
qwerty 39 16 0 2.28303 -2.33099 -3.93664 10.375 -0.0232104 -0.0606401 0.076053 
qwerty 39 16 0 2.28303 -2.537 -4.47484 11.05 -0.0232104 -0.0606401 0.076053 
qwerty 39 16 0 2.28303 -2.743 -5.01305 11.725 -0.0232104 -0.0606401 0.076053 
qwerty 39 16 0 2.28303 -2.949 -5.55125 12.4 -0.0232104 -0.0606401 0.076053 
qwerty 39 16 0 2.28303 -3.155 -6.08946 13.075 -0.0232104 -0.0606401 0.076053 
qwerty 39 16 0 2.28303 -3.21645 -6.25 13.2764 -0.0232104 -0.0606401 0.076053 
qwerty 39 16 0 2.28303 -3.361 -6.62766 13.75 -0.0232104 -0.0606401 0.076053 
qwerty 39 16 0 2.28303 -3.567 -7.16586 14.425 -0.0232104 -0.0606401 0.076053 
qwerty 39 16 0 2.28303 -3.773 -7.70407 15.1 -0.0232104 -0.0606401 0.076053 
qwerty 39 16 0 2.28303 -3.97901 -8.24227 15.775 -0.0232104 -0.0606401 0.076053 
qwerty 39 16 0 2.28303 -4.17334 -8.75 16.4118 -0.0232104 -0.0606401 0.076053 
qwerty 39 16 0 2.28303 -4.18501 -8.78048 16.45 -0.0232104 -0.0606401 0.076053 
qwerty 39 16 0 2.28303 -4.39101 -9.31868 17.125 -0.0232104 -0.0606401 0.076053 
qwerty 38 22 0 0.597295 0.301477 -0.0831135 6.325 0.0658668 -0.0555549 0.0507466 
qwerty 38 22 0 0.597295 1.1776 -0.822071 7 0.0658668 -0.0555549 0.0507466 
qwerty 38 22 0 0.401393 1.27943 -1.25 6.91834 0.0222627 -0.0956536 -0.0188352 
qwerty 38 22 0 0.401393 1.7739 -3.37454 6.5 0.0222627 -0.0956536 -0.0188352 
qwerty 37 22 0 0.419063 -1.25 0.764898 6.21574 -0.0873963 0.0246583 0.0418791 
qwerty 37 22 0 0.419063 -1.47802 0.829231 6.325 -0.0873963 0.0246583 0.0418791 
qwerty 37 22 0 0.419063 -2.88666 1.22667 7 -0.0873963 0.0246583 0.0418791 
qwerty 36 22 0 0.722914 -0.235372 0.737761 6.325 0.00774977 0.0200909 0.097654 
qwerty 165 163 0 0.462078 0.0251156 0.999955 6.325 0.0420504 0.0515193 0.0746828 
qwerty 165 163 0 0.462078 0.229204 1.25 6.68747 0.0420504 0.0515193 0.0746828 
qwerty 165 163 0 0.462078 0.405177 1.4656 7 0.0420504 0.0515193 0.0746828 
qwerty 165 163 0 0.270081 0.891443 2.06611 6.5 0.0391776 0.0457407 -0.0798305 
qwerty 35 5 0 0.510999 -1.31969 1.03738 6.325 0.052334 0.00678642 0.0849418 
qwerty 35 5 0 0.510999 -0.90381 1.09131 7 0.052334 0.00678642 0.0849418 
qwerty 170 169 0 0.346361 -1.18021 1.02666 7.675 -0.0398048 -0.00933556 0.0912602 
qwerty 170 169 0 0.346361 -1.47462 0.957615 8.35 -0.0398048 -0.00933556 0.0912602 
qwerty 34 5 0 0.510999 -1.62775 0.997437 5.825 -0.052334 -0.00678642 -0.0849418 
qwerty 34 5 0 0.510999 -2.04362 0.943508 5.15 -0.052334 -0.00678642 -0.0849418 
qwerty 34 5 0 0.510999 -2.4595 0.889579 4.475 -0.052334 -0.00678642 -0.0849418 
qwerty 34 5 0 0.510999 -2.87538 0.83565 3.8 -0.052334 -0.00678642 -0.0849418 
qwerty 34 5 0 0.510999 -3.29126 0.781721 3.125 -0.052334 -0.00678642 -0.0849418 
qwerty 34 5 0 0.510999 -3.70714 0.727792 2.45 -0.052334 -0.00678642 -0.0849418 
qwerty 34 5 0 0.510999 -4.12302 0.673862 1.775 -0.052334 -0.00678642 -0.0849418 
qwerty 34 5 0 0.510999 -4.53889 0.619933 1.1 -0.052334 -0.00678642 -0.0849418 
qwerty 34 5 0 0.510999 -4.95477 0.566004 0.425 -0.052334 -0.00678642 -0.0849418 
qwerty 34 5 0 0.510999 -5.37065 0.512075 -0.25 -0.052334 -0.00678642 -0.0849418 
qwerty 33 5 0 1.03905 -1.23024 0.902408 5.825 -0.0119163 0.0667981 -0.0734576 
qwerty 32 5 0 2.89199 -0.31039 4.48401 5.825 0.0201695 0.0971763 -0.0122461 
qwerty 32 5 0 1.26027 -0.859687 6.25 5.18537 -0.0411737 0.0832333 -0.0371071 
qwerty 32 5 0 1.26027 -0.898937 6.32935 5.15 -0.0411737 0.0832333 -0.0371071 
qwerty 32 5 0 1.26027 -1.25 7.03902 4.83361 -0.0411737 0.0832333 -0.0371071 
qwerty 32 5 0 1.26027 -1.64791 7.84341 4.475 -0.0411737 0.0832333 -0.0371071 
qwerty 178 176 0 0.383128 -0.506088 3.75 5.40936 -0.0250553 -0.0927273 -0.0278187 
qwerty 178 176 0 0.383128 -0.739687 2.88547 5.15 -0.0250553 -0.0927273 -0.0278187 
qwerty 31 5 0 0.395412 -0.757428 -0.17515 5.825 0.0474886 -0.0651124 -0.0592048 
qwerty 30 5 0 0.191287 -0.983099 -0.0152797 5.825 0.0291612 -0.0603277 -0.0742307 
qwerty 29 5 0 1.77414 -3.75 -0.150697 6.09909 -0.0966066 -0.0234905 -0.0107405 
qwerty 29 5 0 1.77414 -6.21536 -0.750163 5.825 -0.0966066 -0.0234905 -0.0107405 
qwerty 29 5 0 1.77414 -8.27098 -1.25 5.59646 -0.0966066 -0.0234905 -0.0107405 
qwerty 29 5 0 1.77414 -12.2867 -2.22645 5.15 -0.0966066 -0.0234905 -0.0107405 
qwerty 29 5 0 1.77414 -16.25 -3.19015 4.70937 -0.0966066 -0.0234905 -0.0107405 
qwerty 29 5 0 0.896132 -17.6505 -3.5307 4.55366 -0.084229 0.017522 0.050975 
qwerty 29 5 0 0.896132 -18.3468 -3.38587 4.975 -0.084229 0.017522 0.050975 
qwerty 29 5 0 0.896132 -19.4621 -3.15384 5.65 -0.084229 0.017522 0.050975 
qwerty 185 29 0.144694 0.733317 -17.7094 -3.55029 4.53505 -0.0895619 -0.0121673 -0.0427857 
qwerty 185 29 0.131978 0.601339 -17.7681 -3.57037 4.52397 -0.0868661 6.69042e-05 -0.0495407 
qwerty 185 29 0.102251 0.499088 -17.8173 -3.5919 4.50317 -0.0906572 -0.020883 -0.0366766 
qwerty 185 29 0.109135 0.389953 -17.8638 -3.6109 4.48831 -0.0962634 0.00614534 -0.0263742 
qwerty 185 29 0.246905 0.143049 -17.8997 -3.60525 4.47911 -0.0913005 0.0405105 0.00480908 
qwerty 185 29 0.143049 0 -17.9132 -3.59925 4.47982 -0.0913005 0.0405105 0.00480908 
qwerty 27 5 0 1.20743 -1.00832 0.99714 6.325 -0.0328509 0.0638562 0.0695931 
qwerty 27 5 0 0.39369 -0.967101 0.683594 7 0.0136452 -0.059604 0.0791276 
qwerty 189 27 0.135212 1.03909 -0.86382 0.565151 5.83035 -0.0846555 0.0532083 0.00152645 
qwerty 189 27 0.158724 0.880362 -0.951093 0.617618 5.82538 -0.0574779 0.0678481 -0.0457486 
qwerty 189 27 0.000614655 0.879747 -0.951564 0.618174 5.825 -0.0569226 0.0685627 -0.0453759 
qwerty 189 27 0.0530369 0.693883 -0.925804 0.589633 5.83537 0.0460917 -0.0846601 0.0266125 
qwerty 189 27 0.0668082 0.627075 -0.912286 0.54857 5.83621 0.0445347 -0.0813081 0.0374921 
qwerty 189 27 0.113911 0.513164 -0.889782 0.514619 5.84139 -0.0185423 -0.0933788 -0.0306037 
qwerty 189 27 0.0908047 0.422359 -0.892906 0.476975 5.83036 0.00367687 -0.0974693 0.0220504 
qwerty 189 27 0.0748905 0.347469 -0.891318 0.441596 5.82947 0.0288461 -0.095484 0.00712081 
qwerty 189 27 0.082016 0.265453 -0.876381 0.414647 5.83244 0.0935776 -0.019956 -0.0290689 
qwerty 189 27 0.0635245 0.201928 -0.852418 0.409537 5.825 0.0907957 -0.0338939 0.0246444 
qwerty 189 27 0.00509619 0.196832 -0.850478 0.40897 5.82584 0.096951 0.00683031 0.0235339 
qwerty 189 27 0.00858848 0.188244 -0.848399 0.408836 5.82624 0.096024 0.0225117 0.016511 
qwerty 189 27 0.0115724 0.176671 -0.846082 0.409013 5.82662 0.0999981 0.000268965 -0.000553381 
qwerty 189 27 0.00640355 0.170268 -0.843682 0.408761 5.82629 0.0999623 0.0026617 0.000673132 
qwerty 189 27 0.00981518 0.160453 -0.841031 0.408433 5.82637 0.0938371 -0.031531 -0.014156 
qwerty 189 27 0.00867972 0.151773 -0.838851 0.40811 5.82634 0.0987729 -0.00876619 -0.0129256 
qwerty 189 27 0.00844005 0.143333 -0.836605 0.407473 5.82627 0.0993323 -0.0100086 -0.00573858 
qwerty 189 27 0.00795867 0.135374 -0.833962 0.406936 5.82578 0.0632574 -0.0774482 -0.000528888 
qwerty 189 27 0.00841236 0.126962 -0.832466 0.405006 5.82643 0.0513979 -0.0850303 0.0113185 
qwerty 189 27 0.00893601 0.118026 -0.831342 0.402645 5.82601 0.0759799 -0.0574328 -0.0304716 
qwerty 189 27 0.008072 0.109954 -0.829562 0.401147 5.82505 0.0431929 -0.0834827 -0.0341324 
qwerty 189 27 0.000518962 0.109435 -0.829505 0.401036 5.825 0.0423498 -0.0802276 -0.0420718 
qwerty 189 27 0.00261309 0.0789074 -0.829698 0.401153 5.8254 -0.0408275 -0.000191945 0.0912857 
qwerty 189 27 0.00223058 0.0766768 -0.829843 0.401149 5.82595 -0.0285433 -0.0131273 0.0949366 
qwerty 189 27 0.00366583 0.073011 -0.830047 0.40112 5.82642 -0.0291155 -0.0137356 0.0946764 
qwerty 189 27 0.00270345 0.0703075 -0.830325 0.40113 5.82717 -0.0495097 -0.0171242 0.0851795 
qwerty 189 27 0.00527245 0.0650351 -0.831265 0.401011 5.82797 -0.0684858 -0.0593097 0.0423326 
qwerty 189 27 0.0158163 0.0492188 -0.832399 0.399856 5.82822 -0.0238288 -0.0790993 0.0563515 
qwerty 189 27 0.0178192 0.0313996 -0.8323 0.398967 5.83005 -0.015312 -0.036715 0.0917472 
qwerty 189 27 0.0313996 0 -0.832461 0.398581 5.83101 -0.015312 -0.036715 0.0917472 
qwerty 26 5 0 8.08655 -0.830679 0.47328 6.325 -0.0114529 -0.0084341 0.0989833 
qwerty 26 5 0 8.08655 -0.908781 0.415765 7 -0.0114529 -0.0084341 0.0989833 
qwerty 26 5 0 8.08655 -0.986882 0.35825 7.675 -0.0114529 -0.0084341 0.0989833 
qwerty 26 5 0 8.08655 -1.06498 0.300735 8.35 -0.0114529 -0.0084341 0.0989833 
qwerty 26 5 0 8.08655 -1.14308 0.24322 9.025 -0.0114529 -0.0084341 0.0989833 
qwerty 26 5 0 8.08655 -1.22118 0.185705 9.7 -0.0114529 -0.0084341 0.0989833 
qwerty 26 5 0 8.08655 -1.25 0.164485 9.94904 -0.0114529 -0.0084341 0.0989833 
qwerty 26 5 0 8.08655 -1.29929 0.12819 10.375 -0.0114529 -0.0084341 0.0989833 
qwerty 26 5 0 8.08655 -1.37739 0.0706753 11.05 -0.0114529 -0.0084341 0.0989833 
qwerty 26 5 0 8.08655 -1.45549 0.0131604 11.725 -0.0114529 -0.0084341 0.0989833 
qwerty 26 5 0 8.08655 -1.53359 -0.0443545 12.4 -0.0114529 -0.0084341 0.0989833 
qwerty 26 5 0 8.08655 -1.61169 -0.101869 13.075 -0.0114529 -0.0084341 0.0989833 
qwerty 26 5 0 8.08655 -1.68979 -0.159384 13.75 -0.0114529 -0.0084341 0.0989833 
qwerty 26 5 0 8.08655 -1.76789 -0.216899 14.425 -0.0114529 -0.0084341 0.0989833 
qwerty 25 5 0 1.02405 -0.846873 0.492946 6.325 -0.0140347 -0.00524241 0.0988714 
qwerty 25 5 0 1.02405 -0.942689 0.457156 7 -0.0140347 -0.00524241 0.0988714 
qwerty 25 5 0 1.02405 -1.0385 0.421366 7.675 -0.0140347 -0.00524241 0.0988714 
qwerty 25 5 0 1.02405 -1.13432 0.385576 8.35 -0.0140347 -0.00524241 0.0988714 
qwerty 25 5 0 1.02405 -1.23014 0.349785 9.025 -0.0140347 -0.00524241 0.0988714 
qwerty 25 5 0 1.02405 -1.32595 0.313995 9.7 -0.0140347 -0.00524241 0.0988714 
qwerty 25 5 0 0.388698 -3.75 1.38009 9.99 -0.091123 0.0404338 0.00785499 
qwerty 25 5 0 0.388698 -6.25 2.48941 10.2055 -0.091123 0.0404338 0.00785499 
qwerty 25 5 0 0.37041 -7.84715 3.19811 10.3432 -0.0907691 0.0194845 0.0371663 
qwerty 25 5 0 0.37041 -7.92486 3.21479 10.375 -0.0907691 0.0194845 0.0371663 
qwerty 197 25 0.0182881 0 -7.8472 3.19836 10.3429 -0.0130326 0.0616198 -0.0776733 
qwerty 24 5 0 1.23272 -0.879692 0.455883 6.325 -0.0190419 -0.0110105 0.0975509 
qwerty 24 5 0 1.1716 -0.985383 0.240216 7 -0.0145306 -0.0309919 0.0939594 
qwerty 24 5 0 1.01502 -1.20868 0.20607 7.675 -0.0341136 2.66657e-05 0.0940014 
qwerty 24 5 0 1.01502 -1.45364 0.206262 8.35 -0.0341136 2.66657e-05 0.0940014 
qwerty 24 5 0 0.277693 -1.66902 0.20643 8.94349 0.0165677 0.0939967 -0.029835 
qwerty 24 5 0 0.277693 -1.43663 1.5249 8.525 0.0165677 0.0939967 -0.029835 
qwerty 201 24 0.108759 0.628571 -1.67669 0.199484 8.98964 -0.039165 0.00457706 0.0918975 
qwerty 201 24 0.0610621 0.567508 -1.68721 0.205564 9.02052 -0.0417106 -0.0130004 0.0899512 
qwerty 201 24 0.00756698 0.559941 -1.68929 0.204916 9.025 -0.0484389 -0.00525277 0.0873274 
qwerty 23 5 0 0.148715 -1.25 0.677977 6.15019 -0.0772584 0.0274122 0.0572688 
qwerty 23 5 0 0.148715 -1.48582 0.76165 6.325 -0.0772584 0.0274122 0.0572688 
qwerty 21 5 0 0.60005 -0.775746 0.532986 5.65 -0.0140316 0.00446351 0.09891 
qwerty 21 5 0 0.581642 -0.947117 0.696157 6.325 -0.0247844 0.0243859 0.0937607 
qwerty 21 5 0 0.581642 -1.12554 0.871715 7 -0.0247844 0.0243859 0.0937607 
qwerty 21 5 0 0.581642 -1.25 0.99417 7.47082 -0.0247844 0.0243859 0.0937607 
qwerty 21 5 0 0.581642 -1.30397 1.04727 7.675 -0.0247844 0.0243859 0.0937607 
qwerty 21 5 0 0.581642 -1.4824 1.22283 8.35 -0.0247844 0.0243859 0.0937607 
qwerty 21 5 0 0.581642 -1.66083 1.39839 9.025 -0.0247844 0.0243859 0.0937607 
qwerty 21 5 0 0.581642 -1.83925 1.57395 9.7 -0.0247844 0.0243859 0.0937607 
qwerty 20 5 0 14.413 -0.798889 0.525514 5.65 -0.0175392 0.0033123 0.0983941 
qwerty 20 5 0 14.413 -0.919211 0.548236 6.325 -0.0175392 0.0033123 0.0983941 
qwerty 20 5 0 14.413 -1.03953 0.570959 7 -0.0175392 0.0033123 0.0983941 
qwerty 20 5 0 14.413 -1.15985 0.593682 7.675 -0.0175392 0.0033123 0.0983941 
qwerty 19 5 0 1.12351 -0.798187 0.563407 5.65 -0.0173669 0.00914124 0.0980552 
qwerty 19 5 0 1.12351 -0.917739 0.626334 6.325 -0.0173669 0.00914124 0.0980552 
qwerty 19 5 0 1.12351 -1.03729 0.689261 7 -0.0173669 0.00914124 0.0980552 
qwerty 19 5 0 1.12351 -1.15684 0.752188 7.675 -0.0173669 0.00914124 0.0980552 
qwerty 19 5 0 1.12351 -1.27639 0.815115 8.35 -0.0173669 0.00914124 0.0980552 
qwerty 19 5 0 1.12351 -1.39595 0.878043 9.025 -0.0173669 0.00914124 0.0980552 
qwerty 19 5 0 1.12351 -1.5155 0.94097 9.7 -0.0173669 0.00914124 0.0980552 
qwerty 19 5 0 1.12351 -1.63505 1.0039 10.375 -0.0173669 0.00914124 0.0980552 
qwerty 19 5 0 0.638119 -1.69423 1.03505 10.7092 0.011324 -0.0653937 0.0748026 
qwerty 19 5 0 0.638119 -1.64263 0.737074 11.05 0.011324 -0.0653937 0.0748026 
qwerty 19 5 0 0.638119 -1.54045 0.146977 11.725 0.011324 -0.0653937 0.0748026 
qwerty 19 5 0 0.638119 -1.43826 -0.44312 12.4 0.011324 -0.0653937 0.0748026 
qwerty 19 5 0 0.638119 -1.33608 -1.03322 13.075 0.011324 -0.0653937 0.0748026 
qwerty 19 5 0 0.55755 -1.24317 -1.25 13.287 0.052982 -0.0678632 0.0508675 
qwerty 19 5 0 0.55755 -0.760967 -1.86764 13.75 0.052982 -0.0678632 0.0508675 
qwerty 19 5 0 0.55755 -0.0579075 -2.76817 14.425 0.052982 -0.0678632 0.0508675 
qwerty 19 5 0 0.238352 -0.212436 -2.63645 15.1 -0.0470509 0.050834 0.0721257 
qwerty 19 5 0 0.238352 -0.652769 -2.16071 15.775 -0.0470509 0.050834 0.0721257 
qwerty 212 19 0.212492 0.272899 -1.69557 1.05057 10.8003 -0.0551422 -0.07313 0.0401416 
qwerty 212 19 0.272899 0 -1.71884 1.01971 10.8172 -0.0551422 -0.07313 0.0401416 
qwerty 18 5 0 0.237537 -0.676195 0.499499 4.975 -0.0147875 0.0176315 0.0973163 
qwerty 18 5 0 0.237537 -0.778763 0.621793 5.65 -0.0147875 0.0176315 0.0973163 
qwerty 18 5 0 0.237537 -0.881331 0.744088 6.325 -0.0147875 0.0176315 0.0973163 
qwerty 18 5 0 0.237537 -0.9839 0.866383 7 -0.0147875 0.0176315 0.0973163 
qwerty 17 5 0 0.300005 -0.639583 0.487048 4.975 -0.00522731 0.0130448 0.0990076 
qwerty 15 5 0 125.624 -0.662999 0.461416 4.975 -0.00962183 0.00793499 0.0992192 
qwerty 14 5 0 0.549153 -0.660035 0.463214 4.975 -0.00910992 0.00824948 0.0992419 
qwerty 14 5 0 0.549153 -0.721996 0.519323 5.65 -0.00910992 0.00824948 0.0992419 
qwerty 9 7 0 0.0253674 4.91151 -3.44136 3.625 0.0446092 -0.0507328 0.0737306 
qwerty 8 7 0 0.279115 4.96901 -3.52227 3.625 0.0521199 -0.0527818 0.0670641 
qwerty 219 15 0.771909 76.2305 -0.710798 0.523563 5.65 -0.0050633 0.00981527 0.0993882 
qwerty 219 15 1.02003 65.964 -0.716359 0.643439 6.325 0.00079498 0.0197345 0.0980302 
qwerty 219 15 0.0691736 57.0607 -0.69993 0.683602 6.54072 0.00519778 0.0181183 0.0982075 
qwerty 219 15 0.878807 56.1819 -0.675622 0.768335 7 0.00552632 0.0180857 0.0981956 
qwerty 219 15 0.910037 53.0092 -0.758565 0.952582 7.675 -0.0217558 0.0254306 0.0942336 
qwerty 219 15 0.777736 33.6859 -0.669574 1.25 8.26889 0.0129239 0.0497952 0.0857521 
qwerty 219 15 0.131402 33.5545 -0.65735 1.2971 8.35 0.0145393 0.0532444 0.0833885 
qwerty 219 15 0.446786 29.9537 -0.602238 1.53226 8.75359 0.0126198 0.0484971 0.0865377 
qwerty 219 15 0.476068 29.4776 -0.562658 1.68436 9.025 0.0127913 0.0530343 0.0838078 
qwerty 219 15 0.409511 13.7176 -0.61521 1.94219 9.3633 -0.0288887 0.0625809 0.0724505 
qwerty 219 15 0.440331 12.9879 -0.68551 2.13818 9.56814 -0.0287143 0.0680755 0.0673885 
qwerty 219 15 0.311352 12.6765 -0.741695 2.27138 9.7 -0.0228173 0.0757067 0.0612198 
qwerty 219 15 1.08479 6.01651 -0.841585 2.99273 9.46214 -0.0420337 0.0854817 -0.0304311 
qwerty 219 15 0.662001 5.04633 -1.04639 3.33293 9.3901 -0.0400415 0.0898744 -0.0178682 
qwerty 219 15 0.330938 4.0973 -1.13599 3.54333 9.34159 -0.0307079 0.0922237 -0.0234907 
qwerty 219 15 0.394575 3.70272 -1.2048 3.75 9.28895 -0.0378396 0.0917889 -0.0119566 
qwerty 219 15 0.884825 2.8179 -1.38432 4.24989 9.22898 -0.019761 0.0970758 -0.0136303 
qwerty 219 15 0.314202 2.50369 -1.42634 4.4563 9.2 0.00836053 0.0996254 -0.00220938 
qwerty 210 20 1.11929 5.98554 -1.76277 0.821742 8.34455 -0.0634705 0.0527385 0.0564814 
qwerty 210 20 0.0171663 5.96837 -1.76889 0.82683 8.35 -0.0617659 0.0542804 0.0569088 
qwerty 195 26 0.682505 1.58372 -1.50042 -0.292328 14.8229 0.0850435 -0.0278541 0.044629 
qwerty 195 26 0.692124 0.891596 -1.29933 -0.305268 15.0436 0.0497256 -0.0277578 0.0822002 
qwerty 195 26 0.104845 0.78675 -1.26522 -0.32431 15.1 0.0405391 -0.0426926 0.0808327 
qwerty 195 26 0.0453057 0.576286 -1.2822 -0.346117 15.0892 -0.0314315 -0.0813397 -0.048948 
qwerty 195 26 0.0789795 0.497307 -1.29585 -0.365478 15.078 -0.0303235 -0.0818669 -0.0487678 
qwerty 195 26 0.0538144 0.443492 -1.31266 -0.385961 15.0633 -0.0468 -0.042406 -0.0775338 
qwerty 195 26 0.0686017 0.37489 -1.32093 -0.400187 15.0486 -0.0559854 -0.0430621 -0.0707905 
qwerty 195 26 0.0752538 0.299637 -1.32961 -0.42138 15.0261 0.0120735 -0.0310979 -0.0942717 
qwerty 195 26 0.101816 0.197821 -1.30025 -0.437858 14.9971 0.0648983 0.0314294 -0.0692849 
qwerty 195 26 0.197821 0 -1.28402 -0.430001 14.9797 0.0648983 0.0314294 -0.0692849 
qwerty 195 26 0 0 -1.28402 -0.430001 14.9797 0.0648983 0.0314294 -0.0692849 
qwerty 141 47 0.519637 1.04172 5.63704 -3.75669 4.05307 -0.0457866 0.0593102 0.066226 
qwerty 141 47 0.013621 1.0281 5.63188 -3.75 4.06054 -0.0419491 0.0533727 0.0734277 
qwerty 141 47 0.279823 0.748279 5.58155 -3.72625 4.14353 -0.0331012 0.0216541 0.0918445 
qwerty 141 47 0.126201 0.622078 5.55868 -3.74118 4.22691 -0.082299 -0.0352077 0.044579 
qwerty 141 47 0.0360521 0.586026 5.53806 -3.75 4.23808 0.00248776 -0.0441897 0.0896721 
qwerty 141 47 0.0598229 0.526203 5.53691 -3.75622 4.26025 0.0673643 0.0300724 0.0675108 
qwerty 141 47 0.0317249 0.494479 5.55084 -3.75 4.2742 0.0577859 0.023672 0.0781052 
qwerty 141 47 0.0185472 0.475931 5.56069 -3.74853 4.28535 0.0349105 0.019904 0.0915701 
qwerty 141 47 0.0400294 0.435902 5.56641 -3.74697 4.29705 0.0401314 -7.48569e-05 0.091594 
qwerty 141 47 0.00467588 0.431226 5.5677 -3.74697 4.3 0.0345612 -0.000147107 0.0938376 
qwerty 256 210 0.0154425 0.375677 -1.76928 0.822931 8.34126 -0.0806669 0.0384026 -0.0449232 
qwerty 256 210 0.0127062 0.362971 -1.77654 0.825085 8.33755 -0.0848885 0.0420676 -0.0320041 
qwerty 256 210 0.0195255 0.343445 -1.78308 0.82691 8.33475 -0.0950761 0.019729 -0.0239019 
qwerty 256 210 0.0208662 0.322579 -1.7917 0.82862 8.33171 -0.0841251 0.0454637 -0.0292578 
qwerty 256 210 0.0175454 0.305034 -1.79962 0.835464 8.32851 -0.0567677 0.0703735 0.04272 
qwerty 256 210 0.0195385 0.285495 -1.80647 0.841351 8.33611 -0.0514659 0.0746853 0.0421113 
qwerty 256 210 0.0201581 0.265337 -1.80966 0.84956 8.33949 -0.030694 0.0927543 0.0213193 
qwerty 256 210 0.0139517 0.251385 -1.81289 0.856342 8.34258 -0.0101639 0.0750198 0.0653355 
qwerty 256 210 0.0336465 0.217739 -1.8138 0.864067 8.34723 0.00395286 0.0755756 0.0653659 
qwerty 256 210 0.0111903 0.206549 -1.81363 0.867269 8.35 0.0176448 0.0733394 0.0656506 
qwerty 256 210 0.00540858 0.193488 -1.81139 0.86721 8.34846 0.0891399 -0.0332862 -0.0307588 
qwerty 256 210 0.00491365 0.188574 -1.80906 0.865947 8.34799 0.0895554 -0.0427922 -0.012193 
qwerty 256 210 0.00481568 0.183758 -1.80713 0.864604 8.34744 0.0814799 -0.038076 -0.0437178 
qwerty 256 210 0.00427198 0.179486 -1.80511 0.863606 8.34684 0.0794777 -0.0539752 -0.0277483 
qwerty 256 210 0.00490423 0.174582 -1.80324 0.862171 8.3458 0.0613212 -0.0615503 -0.0495104 
qwerty 256 210 0.00642978 0.168152 -1.80138 0.860441 8.34481 0.0593995 -0.0789623 -0.0153836 
qwerty 256 210 0.00674052 0.161412 -1.79983 0.857522 8.34471 0.066195 -0.0748013 -0.0047938 
qwerty 256 210 0.00928384 0.152128 -1.79798 0.854812 8.34427 0.0500337 -0.0810861 -0.030359 
qwerty 256 210 0.00922025 0.142908 -1.79554 0.852454 8.34364 0.0406385 -0.0822511 -0.0397904 
qwerty 256 210 0.00776175 0.135146 -1.7946 0.850156 8.3417 0.0294899 -0.0923962 -0.0243574 
qwerty 256 210 0.0252641 0.109882 -1.79416 0.845764 8.33961 0.0496703 -0.0781219 -0.0378132 
qwerty 256 210 0.0209771 0.0889049 -1.79224 0.840943 8.3386 0.0627094 -0.0600064 -0.0496665 
qwerty 256 210 0.0214777 0.0674272 -1.78923 0.836565 8.33804 -0.0247911 -0.0968075 0.00370229 
qwerty 256 210 0.0674272 0 -1.79024 0.832622 8.33819 -0.0247911 -0.0968075 0.00370229 
qwerty 252 219 0.145724 0.472372 -1.14604 3.59788 9.38185 0.00873913 0.0961099 0.0262013 
qwerty 252 219 0.207749 0.264622 -1.15633 3.68859 9.34718 -0.0123394 0.0981349 -0.0147403 
qwerty 252 219 0.0956355 0.168987 -1.13831 3.72079 9.33568 -0.0221618 0.0947414 0.0230853 
qwerty 252 219 0.0561244 0.112862 -1.14003 3.73801 9.33196 0.0837127 0.0192164 -0.0512144 
qwerty 252 219 0.112862 0 -1.13173 3.73991 9.32687 0.0837127 0.0192164 -0.0512144 
qwerty 251 219 0.308184 0 -1.0546 3.36228 9.43095 -0.0161068 0.0575968 0.0801447 
qwerty 250 219 0.387164 0 -0.804436 3.03626 9.4184 0.0296333 0.0466051 -0.0833656 
qwerty 245 219 0.289426 0 -0.71084 2.17361 9.5526 -0.0547723 0.0766164 -0.0336143 
qwerty 244 219 0.661324 1.77481 -0.80993 1.96892 9.68658 -0.0308466 -0.0442028 0.0842295 
qwerty 244 219 0.0211507 1.75366 -0.814845 1.96188 9.7 -0.041318 -0.0502963 0.0759151 
qwerty 244 219 0.400504 1.09912 -0.941064 1.76661 9.64724 -0.0518365 -0.0845799 -0.0126185 
qwerty 244 219 0.264214 0.739054 -0.978429 1.64099 9.64298 -0.0825759 -0.0530972 -0.0190239 
qwerty 244 219 0.403581 0.335473 -1.11317 1.55019 9.69753 0.0432702 -0.0807974 0.0399933 
qwerty 244 219 0.0120834 0.32339 -1.1105 1.5452 9.7 0.0228695 -0.0921874 0.0312804 
qwerty 244 219 0.00300642 0.145212 -1.109 1.5434 9.6986 0.0132001 -0.0477225 -0.0868811 
qwerty 244 219 0.00377917 0.141432 -1.10906 1.54279 9.69702 -0.0284117 -0.0630883 -0.0721986 
qwerty 244 219 0.00647082 0.134962 -1.10965 1.54182 9.6957 -0.02996 -0.0802822 -0.0515477 
qwerty 244 219 0.0062956 0.128666 -1.11012 1.54018 9.6943 -0.0474142 -0.0753599 -0.0455278 
qwerty 244 219 0.00894347 0.119723 -1.11179 1.53732 9.69352 -0.0665102 -0.0553083 -0.0501736 
qwerty 244 219 0.0275926 0.09213 -1.11376 1.53534 9.68989 -0.0634616 -0.00234725 -0.0772471 
qwerty 244 219 0.0279487 0.0641813 -1.11597 1.53674 9.68476 0.00997923 0.00911967 -0.099082 
qwerty 244 219 0.0641813 0 -1.11559 1.53708 9.68106 0.00997923 0.00911967 -0.099082 
qwerty 240 219 0.339214 0 -0.600174 1.59129 8.75372 0.00349405 0.0999387 0.000209317 
qwerty 233 219 0.0512012 0.276966 -0.71746 0.693187 6.55464 -0.0934778 0.000645677 0.0355173 
qwerty 233 219 0.0813014 0.195664 -0.738005 0.703831 6.56773 -0.0808126 0.0535336 0.0245659 
qwerty 233 219 0.195664 0 -0.758055 0.717113 6.57382 -0.0808126 0.0535336 0.0245659 
qwerty 218 15 0.770639 46.1965 -0.703747 0.45757 5.65 -0.000309758 -0.00108649 0.0999936 
qwerty 218 15 0.789521 24.2636 -0.868413 0.451612 6.325 -0.0281536 0.00826164 0.0955987 
qwerty 218 15 1.17048 19.7801 -1.2244 0.466931 7 -0.0450102 -0.00388234 0.0892133 
qwerty 290 218 0 17.999 -1.52523 0.54768 7.675 -0.0405011 0.0115636 0.090697 
qwerty 290 218 0 17.999 -1.82666 0.63374 8.35 -0.0405011 0.0115636 0.090697 
qwerty 290 218 0 17.999 -2.12808 0.7198 9.025 -0.0405011 0.0115636 0.090697 
qwerty 290 218 0 17.999 -2.42951 0.80586 9.7 -0.0405011 0.0115636 0.090697 
qwerty 290 218 0 17.999 -2.73093 0.89192 10.375 -0.0405011 0.0115636 0.090697 
qwerty 290 218 0 17.999 -3.03235 0.977981 11.05 -0.0405011 0.0115636 0.090697 
qwerty 291 290 0.895708 10.022 -2.87214 1.28226 11.6421 0.0494575 0.039497 0.0774206 
qwerty 291 290 0.177915 9.84413 -2.8192 1.32454 11.725 0.0504263 0.0361623 0.0784186 
qwerty 291 290 0.559836 1.59654 -2.7139 1.45208 12.2657 0.0189508 0.0979061 -0.00743421 
qwerty 291 290 0.467351 1.12919 -2.63021 1.71092 12.2244 0.0953331 0.0297289 -0.00527134 
qwerty 291 290 0.485992 0.334742 -2.45431 1.78536 12.1896 0.0570564 0.0399218 -0.0717692 
qwerty 291 290 0.334742 0 -2.42128 1.80847 12.1481 0.0570564 0.0399218 -0.0717692 
qwerty 301 291 0.214098 0.0802698 -2.43627 1.81744 12.2081 0.0575773 0.0767354 0.028223 
qwerty 301 291 0.0802698 0 -2.43309 1.82167 12.2096 0.0575773 0.0767354 0.028223 
qwerty 300 291 0 0.414612 -2.78121 1.4158 11.9 -0.0508221 0.0479986 -0.071507 
qwerty 300 291 0.0125081 0.337887 -2.78247 1.40877 11.9001 -0.00834535 -0.099491 0.00564842 
qwerty 300 291 0.0148359 0.323051 -2.78296 1.40186 11.901 0.00145706 -0.0995215 0.00966192 
qwerty 300 291 0.0121096 0.310942 -2.78317 1.39538 11.9013 -0.00193256 -0.0999562 -0.00224023 
qwerty 300 291 0.0156734 0.295269 -2.78409 1.38753 11.9019 -0.0531372 -0.0847098 0.000832336 
qwerty 300 291 0.0125507 0.282718 -2.789 1.38223 11.9025 -0.051108 -0.0847338 -0.0144276 
qwerty 300 291 0.0118237 0.270894 -2.79144 1.37685 11.9006 -0.0501289 -0.0725754 -0.0471159 
qwerty 300 291 0.00163402 0.26926 -2.7921 1.37589 11.9 -0.0448438 -0.0767569 -0.0457975 
qwerty 294 291 0.108391 0.495403 -2.88196 1.30383 11.6897 -0.060947 0.0258856 0.074936 
qwerty 294 291 0.0354077 0.459995 -2.89061 1.30746 11.7084 -0.0511127 -0.01436 0.0847425 
qwerty 294 291 0.0405358 0.419459 -2.90061 1.30465 11.725 -0.0457499 -0.0386369 0.0800883 
qwerty 303 300 0 0.900504 -3.50193 2.13037 11.225 -0.0614995 0.0582857 -0.0531091 
qwerty 303 300 0 0.900504 -4.28357 2.87116 10.55 -0.0614995 0.0582857 -0.0531091 
qwerty 303 300 0 0.251834 -4.58709 3.08589 10.3117 0.0265278 -0.09524 -0.0150204 
qwerty 303 300 0 0.251834 -3.81579 0.316763 9.875 0.0265278 -0.09524 -0.0150204 
qwerty 305 303 0.0573513 0.502652 -4.6189 3.09918 10.3063 -0.0759351 0.0456817 -0.0463363 
qwerty 305 303 0.0851383 0.417514 -4.65106 3.12604 10.2943 -0.0686968 0.0708321 -0.0162345 
qwerty 305 303 0.0948601 0.322654 -4.66901 3.1695 10.2911 -0.0815894 0.0548305 -0.0183516 
qwerty 305 303 0.126421 0.196233 -4.71235 3.17618 10.2749 -0.0559139 0.0792785 0.02426 
qwerty 305 303 0.196233 0 -4.72628 3.19594 10.2809 -0.0559139 0.0792785 0.02426 
qwerty 302 301 0.00029101 0 -2.07429 1.74945 12.2543 0.097516 -0.0183162 0.0124559 
qwerty 307 302 0.0137946 0 -2.07447 1.74929 12.2543 -0.0728337 -0.0671237 -0.0137716 
qwerty 299 291 0 0.381912 -2.15565 2.36459 12.4 0.0473044 0.0757819 0.0449378 
qwerty 296 291 0 0.692039 -2.68744 1.67889 12.4 0.0166056 0.0461836 0.0871282 
qwerty 296 291 0 0.692039 -2.5588 2.03668 13.075 0.0166056 0.0461836 0.0871282 
qwerty 286 218 0 19.1243 -0.741721 0.464814 6.325 -0.00601131 0.00133066 0.0998103 
qwerty 286 218 0 19.1243 -0.782375 0.473813 7 -0.00601131 0.00133066 0.0998103 
qwerty 286 218 0 19.1243 -0.823028 0.482812 7.675 -0.00601131 0.00133066 0.0998103 
qwerty 286 218 0 19.1243 -0.863682 0.491811 8.35 -0.00601131 0.00133066 0.0998103 
qwerty 286 218 0 19.1243 -0.904335 0.50081 9.025 -0.00601131 0.00133066 0.0998103 
qwerty 286 218 0 19.1243 -0.944989 0.509809 9.7 -0.00601131 0.00133066 0.0998103 
qwerty 286 218 0 19.1243 -0.985642 0.518808 10.375 -0.00601131 0.00133066 0.0998103 
qwerty 286 218 0 19.1243 -1.0263 0.527807 11.05 -0.00601131 0.00133066 0.0998103 
qwerty 286 218 0 19.1243 -1.06695 0.536806 11.725 -0.00601131 0.00133066 0.0998103 
qwerty 286 218 0 19.1243 -1.1076 0.545805 12.4 -0.00601131 0.00133066 0.0998103 
qwerty 320 286 1.01539 15.889 -0.811639 0.682827 13.075 0.055446 0.0196467 0.0808687 
qwerty 320 286 0.435735 12.5184 -0.584244 0.743305 13.4641 0.0521903 -0.00248009 0.0852644 
qwerty 320 286 0.55478 11.9636 -0.409252 0.73499 13.75 0.0478853 -0.00675582 0.0875292 
qwerty 320 286 0.310227 6.83977 -0.325579 0.845289 14.1078 0.016175 0.0437071 0.0884763 
qwerty 320 286 0.715128 5.93053 -0.262666 1.00556 14.4027 0.00865243 0.0542739 0.0835433 
qwerty 320 286 0.0363766 5.89416 -0.260352 1.02008 14.425 0.00741735 0.0524638 0.0848088 
qwerty 320 286 0.267567 1.03925 -0.124187 1.16878 14.7189 0.0709738 0.0246728 0.0659847 
qwerty 320 286 0.286037 0.75321 -0.0132128 1.24826 14.8183 0.0464535 0.068853 0.0556896 
qwerty 320 286 0.0035339 0.749676 -0.0120358 1.25 14.8198 0.0489497 0.0713994 0.0500606 
qwerty 320 286 0.0677496 0.681927 0.017445 1.27732 14.8379 0.0584871 0.0565045 0.0581936 
qwerty 320 286 0.0872572 0.594669 0.0321102 1.29585 14.8666 -0.0617111 0.0786808 0.00103479 
qwerty 320 286 0.0800322 0.514637 -0.00257741 1.32521 14.8624 -0.0631731 0.061277 -0.0474794 
qwerty 320 286 0.0808227 0.433814 -0.022648 1.35566 14.8325 -0.0655612 0.0633911 -0.0410279 
qwerty 320 286 0.177828 0.255986 -0.0611354 1.36906 14.7987 -0.0533574 0.0289128 -0.0794798 
qwerty 320 286 0.255986 0 -0.0814925 1.38009 14.7684 -0.0533574 0.0289128 -0.0794798 
qwerty 326 320 0.213284 0.315549 -0.336539 0.8309 14.1995 -0.0207754 -0.0102795 0.0972765 
qwerty 326 320 0.315549 0 -0.347521 0.825466 14.251 -0.0207754 -0.0102795 0.0972765 
qwerty 327 320 0 0.194107 -0.261169 1.02194 14.425 0.00539626 0.0590148 0.0805489 
qwerty 325 320 0 1.01199 -0.189445 0.994737 14.425 0.0286542 0.0433895 0.0854183 
qwerty 325 320 0 1.01199 -0.0208706 1.25 14.9275 0.0286542 0.0433895 0.0854183 
qwerty 325 320 0 1.01199 0.0369889 1.33761 15.1 0.0286542 0.0433895 0.0854183 
qwerty 325 320 0 1.01199 0.263422 1.68049 15.775 0.0286542 0.0433895 0.0854183 
qwerty 325 320 0 1.01199 0.489856 2.02337 16.45 0.0286542 0.0433895 0.0854183 
qwerty 325 320 0 1.01199 0.71629 2.36624 17.125 0.0286542 0.0433895 0.0854183 
qwerty 325 320 0 1.01199 0.942723 2.70912 17.8 0.0286542 0.0433895 0.0854183 
qwerty 325 320 0 1.01199 1.16916 3.052 18.475 0.0286542 0.0433895 0.0854183 
qwerty 325 320 0 1.01199 1.39559 3.39487 19.15 0.0286542 0.0433895 0.0854183 
qwerty 325 320 0 1.01199 1.62202 3.73775 19.825 0.0286542 0.0433895 0.0854183 
qwerty 323 320 0 0.0327415 -0.409228 0.724398 13.75 0.0521288 -0.00563149 0.085152 
qwerty 285 244 0 0.0927011 -1.08108 1.53462 9.67911 -0.0852181 -0.018228 0.049047 
qwerty 285 244 0 0.0927011 -1.11738 1.52686 9.7 -0.0852181 -0.018228 0.049047 
qwerty 333 285 0.00315248 0 -1.08107 1.53461 9.6791 0.0252219 -0.0881354 -0.0399501 
qwerty 283 77 0 0.510999 -0.267455 -0.402216 6.5 -0.0525599 -0.0531946 -0.0663912 
qwerty 283 77 0 0.510999 -0.801832 -0.943046 5.825 -0.0525599 -0.0531946 -0.0663912 
qwerty 283 77 0 0.510999 -1.10512 -1.25 5.4419 -0.0525599 -0.0531946 -0.0663912 
qwerty 283 77 0 0.510999 -1.33621 -1.48388 5.15 -0.0525599 -0.0531946 -0.0663912 
qwerty 283 77 0 0.510999 -1.87059 -2.02471 4.475 -0.0525599 -0.0531946 -0.0663912 
qwerty 283 77 0 0.510999 -2.40496 -2.56554 3.8 -0.0525599 -0.0531946 -0.0663912 
qwerty 283 77 0 0.510999 -2.93934 -3.10636 3.125 -0.0525599 -0.0531946 -0.0663912 
qwerty 283 77 0 0.510999 -3.47372 -3.64719 2.45 -0.0525599 -0.0531946 -0.0663912 
qwerty 281 77 0 0.643686 0.146323 -0.149332 7.675 -0.0170502 -0.0341641 0.0924235 
qwerty 281 77 0 0.643686 0.0217998 -0.398844 8.35 -0.0170502 -0.0341641 0.0924235 
qwerty 281 77 0 0.643686 -0.102723 -0.648356 9.025 -0.0170502 -0.0341641 0.0924235 
qwerty 281 77 0 0.471143 -0.222103 -0.887562 9.67212 -0.0678489 -0.0603212 0.041927 
qwerty 281 77 0 0.471143 -0.267222 -0.927675 9.7 -0.0678489 -0.0603212 0.041927 
qwerty 281 77 0 0.247809 -1.25 0.0353888 10.2024 -0.0537547 0.0802655 0.0258432 
qwerty 281 77 0 0.247809 -1.60903 0.571479 10.375 -0.0537547 0.0802655 0.0258432 
qwerty 338 281 0.0486198 0.123923 -0.21141 -0.878546 9.68115 0.0207371 0.015944 0.0965182 
qwerty 338 281 0.0950351 0.0288879 -0.211147 -0.882442 9.69075 -0.0356094 -0.0225038 0.0906948 
qwerty 338 281 0.0288879 0 -0.21147 -0.882646 9.69158 -0.0356094 -0.0225038 0.0906948 
qwerty 280 82 0 0.510999 2.85243 -1.7159 9.2 0.0279183 0.0806189 -0.0521648 
qwerty 279 82 0 0.510999 2.22358 -3.53182 10.375 -0.0279183 -0.0806189 0.0521648 
qwerty 278 82 0 2.54756 3.20738 -2.89788 9.2 0.071151 -0.0390142 -0.0584416 
qwerty 278 82 0 2.54756 3.75 -3.19542 8.7543 0.071151 -0.0390142 -0.0584416 
qwerty 278 82 0 2.54756 4.02917 -3.3485 8.525 0.071151 -0.0390142 -0.0584416 
qwerty 278 82 0 2.54756 4.7614 -3.75 7.92357 0.071151 -0.0390142 -0.0584416 
qwerty 278 82 0 2.54756 4.85096 -3.79911 7.85 0.071151 -0.0390142 -0.0584416 
qwerty 278 82 0 2.54756 5.67276 -4.24972 7.175 0.071151 -0.0390142 -0.0584416 
qwerty 278 82 0 2.54756 6.49455 -4.70034 6.5 0.071151 -0.0390142 -0.0584416 
qwerty 278 82 0 1.90439 8.19127 -5.02848 5.825 0.091459 -0.0176762 -0.0363704 
qwerty 278 82 0 1.90439 9.88866 -5.35654 5.15 0.091459 -0.0176762 -0.0363704 
qwerty 278 82 0 1.90439 11.25 -5.61964 4.60864 0.091459 -0.0176762 -0.0363704 
qwerty 278 82 0 1.90439 11.5861 -5.68459 4.475 0.091459 -0.0176762 -0.0363704 
qwerty 278 82 0 1.90439 13.2834 -6.01264 3.8 0.091459 -0.0176762 -0.0363704 
qwerty 278 82 0 1.06553 13.75 -6.03035 3.2978 0.053472 0.00411307 -0.0844028 
qwerty 278 82 0 1.06553 13.8595 -6.02193 3.125 0.053472 0.00411307 -0.0844028 
qwerty 278 82 0 1.06553 14.2871 -5.98904 2.45 0.053472 0.00411307 -0.0844028 
qwerty 278 82 0 1.06553 14.7147 -5.95615 1.775 0.053472 0.00411307 -0.0844028 
qwerty 278 82 0 1.06553 15.1424 -5.92325 1.1 0.053472 0.00411307 -0.0844028 
qwerty 278 82 0 1.06553 15.57 -5.89036 0.425 0.053472 0.00411307 -0.0844028 
qwerty 278 82 0 1.06553 15.9977 -5.85746 -0.25 0.053472 0.00411307 -0.0844028 
qwerty 346 344 0 0.165952 6.76748 -4.58012 7 0.047121 0.0211758 0.0856224 
qwerty 277 82 0 0.859075 4.81687 -3.75 9.50267 0.0876658 -0.0472088 -0.00927613 
qwerty 277 82 0 0.85508 6.10878 -4.4457 9.36597 0.084699 -0.0528805 -0.00545245 
qwerty 277 82 0 0.85508 8.68691 -6.05532 9.2 0.084699 -0.0528805 -0.00545245 
qwerty 348 277 0.00399568 0 6.10879 -4.44569 9.36595 0.0450913 0.0727992 -0.0516436 
qwerty 276 82 0 0.208459 2.86769 -2.70318 9.34547 -0.0914141 -0.00383553 -0.0403578 
qwerty 276 82 0 0.208459 2.53818 -2.717 9.2 -0.0914141 -0.00383553 -0.0403578 
qwerty 351 276 0.131562 0 2.87799 -2.70444 9.33787 0.0800996 -0.00983997 -0.0590528 
qwerty 275 106 0 0.510999 0.493931 -1.25 6.7775 0.0271707 -0.0250858 -0.092911 
qwerty 275 106 0 0.510999 0.575083 -1.32493 6.5 0.0271707 -0.0250858 -0.092911 
qwerty 275 106 0 0.510999 0.772479 -1.50717 5.825 0.0271707 -0.0250858 -0.092911 
qwerty 275 106 0 0.510999 0.969874 -1.68942 5.15 0.0271707 -0.0250858 -0.092911 
qwerty 275 106 0 0.510999 1.16727 -1.87167 4.475 0.0271707 -0.0250858 -0.092911 
qwerty 275 106 0 0.510999 1.36466 -2.05392 3.8 0.0271707 -0.0250858 -0.092911 
qwerty 275 106 0 0.510999 1.56206 -2.23617 3.125 0.0271707 -0.0250858 -0.092911 
qwerty 275 106 0 0.510999 1.75945 -2.41842 2.45 0.0271707 -0.0250858 -0.092911 
qwerty 275 106 0 0.510999 1.95685 -2.60067 1.775 0.0271707 -0.0250858 -0.092911 
qwerty 275 106 0 0.410374 2.32402 -2.35401 1.1 0.0472644 0.0403931 -0.0783229 
qwerty 275 106 0 0.410374 2.73135 -2.0059 0.425 0.0472644 0.0403931 -0.0783229 
qwerty 275 106 0 0.410374 3.13869 -1.65778 -0.25 0.0472644 0.0403931 -0.0783229 
qwerty 274 106 0 0.510999 0.231469 -1.00768 7.675 -0.0271707 0.0250858 0.092911 
qwerty 272 122 0 0.510999 8.16147 -4.28713 3.8 -0.0658374 0.0230651 -0.071648 
qwerty 272 122 0 0.510999 7.54122 -4.06983 3.125 -0.0658374 0.0230651 -0.071648 
qwerty 272 122 0 0.510999 6.92096 -3.85253 2.45 -0.0658374 0.0230651 -0.071648 
qwerty 272 122 0 0.510999 6.3007 -3.63524 1.775 -0.0658374 0.0230651 -0.071648 
qwerty 271 122 0 0.510999 9.24118 -4.66539 4.975 0.0658374 -0.0230651 0.071648 
qwerty 271 122 0 0.510999 9.86144 -4.88269 5.65 0.0658374 -0.0230651 0.071648 
qwerty 271 122 0 0.510999 10.4817 -5.09999 6.325 0.0658374 -0.0230651 0.071648 
qwerty 268 141 0 0.510999 5.56244 -3.75 4.29745 -0.0440152 -0.066533 -0.0602994 
qwerty 268 141 0 0.510999 5.19932 -4.29888 3.8 -0.0440152 -0.066533 -0.0602994 
qwerty 268 141 0 0.510999 4.70661 -5.04366 3.125 -0.0440152 -0.066533 -0.0602994 
qwerty 267 141 0 0.510999 6.05701 -3.00241 4.975 0.0440152 0.066533 0.0602994 
qwerty 267 141 0 0.510999 6.54972 -2.25763 5.65 0.0440152 0.066533 0.0602994 
qwerty 267 141 0 0.510999 7.04243 -1.51285 6.325 0.0440152 0.066533 0.0602994 
qwerty 267 141 0 0.510999 7.21633 -1.25 6.56323 0.0440152 0.066533 0.0602994 
qwerty 267 141 0 0.510999 7.53514 -0.768076 7 0.0440152 0.066533 0.0602994 
qwerty 266 159 0 0.510999 -4.65692 -9.85587 17.8 -0.0302677 -0.0592575 0.0746486 
qwerty 265 159 0 0.510999 -4.18049 -8.92313 16.625 0.0302677 0.0592575 -0.0746486 
qwerty 265 159 0 0.510999 -4.09206 -8.75 16.4069 0.0302677 0.0592575 -0.0746486 
qwerty 265 159 0 0.510999 -3.9068 -8.3873 15.95 0.0302677 0.0592575 -0.0746486 
qwerty 264 195 0 0.510999 -1.35936 -0.466392 15.1 -0.0514238 -0.0248404 0.0820887 
qwerty 264 195 0 0.510999 -1.78221 -0.67065 15.775 -0.0514238 -0.0248404 0.0820887 
qwerty 264 195 0 0.510999 -2.20505 -0.874908 16.45 -0.0514238 -0.0248404 0.0820887 
qwerty 264 195 0 0.510999 -2.6279 -1.07917 17.125 -0.0514238 -0.0248404 0.0820887 
qwerty 264 195 0 0.510999 -2.98156 -1.25 17.6895 -0.0514238 -0.0248404 0.0820887 
qwerty 264 195 0 0.510999 -3.05075 -1.28342 17.8 -0.0514238 -0.0248404 0.0820887 
qwerty 264 195 0 0.510999 -3.4736 -1.48768 18.475 -0.0514238 -0.0248404 0.0820887 
qwerty 264 195 0 0.510999 -3.89645 -1.69194 19.15 -0.0514238 -0.0248404 0.0820887 
qwerty 264 195 0 0.510999 -4.3193 -1.8962 19.825 -0.0514238 -0.0248404 0.0820887 
qwerty 264 195 0 0.510999 -4.74215 -2.10046 20.5 -0.0514238 -0.0248404 0.0820887 
qwerty 263 195 0 0.510999 -1.04614 -0.315089 14.6 0.0514238 0.0248404 -0.0820887 
qwerty 263 195 0 0.510999 -0.623288 -0.110831 13.925 0.0514238 0.0248404 -0.0820887 
qwerty 263 195 0 0.510999 -0.20044 0.0934267 13.25 0.0514238 0.0248404 -0.0820887 
qwerty 263 195 0 0.510999 0.222408 0.297685 12.575 0.0514238 0.0248404 -0.0820887 
qwerty 263 195 0 0.510999 0.645257 0.501943 11.9 0.0514238 0.0248404 -0.0820887 
qwerty 262 195 0 1.81743 -1.39696 -0.410548 15.1 0.0574295 -0.0264854 0.0774621 
qwerty 262 195 0 1.81743 -1.25 -0.478326 15.2982 0.0574295 -0.0264854 0.0774621 
qwerty 262 195 0 0.844542 -1.1743 -0.513237 15.4003 0.0695695 0.0490541 0.0524765 
qwerty 262 195 0 0.844542 -0.677594 -0.163005 15.775 0.0695695 0.0490541 0.0524765 
qwerty 262 195 0 0.246161 -0.529555 -0.0401515 15.275 0.00360902 0.00563975 -0.0997756 
qwerty 262 195 0 0.224376 -0.511314 -0.0116463 14.7707 0.0628751 0.00893056 -0.0772461 
qwerty 262 195 0 0.224376 -0.37237 0.00808873 14.6 0.0628751 0.00893056 -0.0772461 
qwerty 370 262 0.0217844 0 -0.511793 -0.0116686 14.7704 -0.0876659 -0.00408193 -0.0479378 
qwerty 368 262 0.116414 0.85647 -1.15468 -0.573855 15.446 0.0115005 -0.0712498 0.0692185 
qwerty 368 262 0.135568 0.720902 -1.11442 -0.625875 15.5043 0.0200743 0.0439672 0.0875437 
qwerty 368 262 0.107772 0.61313 -1.08034 -0.599937 15.5584 -0.00943491 0.036908 0.0924596 
qwerty 368 262 0.208582 0.404548 -1.04758 -0.590906 15.6623 0.0399213 0.0458299 0.0794098 
qwerty 368 262 0.158319 0.246228 -1.02078 -0.59614 15.7248 0.023669 -0.0822726 -0.0516816 
qwerty 368 262 0.246228 0 -1.01229 -0.625658 15.7063 0.023669 -0.0822726 -0.0516816 
qwerty 260 210 0 0.179286 2.23819 -0.634406 8.05226 -0.0670915 0.0525218 0.0523468 
qwerty 260 210 0 0.179286 1.85658 -0.335667 8.35 -0.0670915 0.0525218 0.0523468 
qwerty 375 260 0.331713 0 2.28898 -0.65794 8.0411 0.0889828 -0.0412316 -0.0195454 
qwerty 259 210 0 2.95927 -1.33989 0.857716 9.025 0.0571595 -0.0066273 0.0817855 
qwerty 259 210 0 2.95927 -0.868134 0.803019 9.7 0.0571595 -0.0066273 0.0817855 
qwerty 259 210 0 2.95927 -0.39638 0.748322 10.375 0.0571595 -0.0066273 0.0817855 
qwerty 259 210 0 2.95927 0.0753745 0.693625 11.05 0.0571595 -0.0066273 0.0817855 
qwerty 259 210 0 2.95927 0.547129 0.638928 11.725 0.0571595 -0.0066273 0.0817855 
qwerty 259 210 0 2.95927 1.01888 0.584231 12.4 0.0571595 -0.0066273 0.0817855 
qwerty 259 210 0 2.95927 1.25 0.557434 12.7307 0.0571595 -0.0066273 0.0817855 
qwerty 259 210 0 2.95927 1.49064 0.529534 13.075 0.0571595 -0.0066273 0.0817855 
qwerty 259 210 0 2.95927 1.96239 0.474837 13.75 0.0571595 -0.0066273 0.0817855 
qwerty 259 210 0 2.95927 2.43415 0.42014 14.425 0.0571595 -0.0066273 0.0817855 
qwerty 258 210 0 0.633059 -1.90294 1.25 8.31766 -0.0213046 0.0972636 -0.00926802 
qwerty 258 210 0 0.633059 -2.45054 3.75 8.07944 -0.0213046 0.0972636 -0.00926802 
qwerty 258 210 0 0.350896 -2.49151 3.93703 8.06162 -0.0769371 0.0248351 0.0588548 
qwerty 258 210 0 0.350896 -2.86849 4.05872 8.35 -0.0769371 0.0248351 0.0588548 
qwerty 379 258 0.282163 0 -2.48161 3.97576 8.04219 0.0222707 0.0871373 -0.0437163 
qwerty 254 219 0 1.06297 -1.41452 4.00577 8.525 -0.00671977 -0.0590481 -0.0804249 
qwerty 254 219 0 1.06297 -1.44363 3.75 8.17664 -0.00671977 -0.0590481 -0.0804249 
qwerty 254 219 0 0.881679 -1.46335 3.5767 7.94059 -0.0329239 -0.0247575 -0.0911213 
qwerty 254 219 0 0.881679 -1.49608 3.55208 7.85 -0.0329239 -0.0247575 -0.0911213 
qwerty 254 219 0 0.881679 -1.73997 3.36868 7.175 -0.0329239 -0.0247575 -0.0911213 
qwerty 254 219 0 0.881679 -1.98386 3.18529 6.5 -0.0329239 -0.0247575 -0.0911213 
qwerty 254 219 0 0.881679 -2.22776 3.00189 5.825 -0.0329239 -0.0247575 -0.0911213 
qwerty 254 219 0 0.881679 -2.47165 2.8185 5.15 -0.0329239 -0.0247575 -0.0911213 
qwerty 254 219 0 0.881679 -2.71554 2.6351 4.475 -0.0329239 -0.0247575 -0.0911213 
qwerty 254 219 0 0.595127 -2.46342 2.15795 3.8 0.0330116 -0.0563359 -0.0757397 
qwerty 254 219 0 0.595127 -2.16921 1.65588 3.125 0.0330116 -0.0563359 -0.0757397 
qwerty 384 254 0.181287 0 -1.45309 3.55749 7.93818 0.0468584 -0.0876513 -0.011025 
qwerty 253 219 0 0.90234 -2.40006 3.91668 9.7 -0.0799785 -0.0417198 0.0431613 
qwerty 253 219 0 0.90234 -3.65084 3.26422 10.375 -0.0799785 -0.0417198 0.0431613 
qwerty 253 219 0 0.90234 -4.90163 2.61177 11.05 -0.0799785 -0.0417198 0.0431613 
qwerty 253 219 0 0.90234 -6.15241 1.95931 11.725 -0.0799785 -0.0417198 0.0431613 
qwerty 253 219 0 0.90234 -7.4032 1.30685 12.4 -0.0799785 -0.0417198 0.0431613 
qwerty 253 219 0 0.228581 -7.56824 0.878137 12.8311 -0.0874604 0.0442552 0.0198029 
qwerty 253 219 0 0.228581 -8.64545 1.42321 13.075 -0.0874604 0.0442552 0.0198029 
qwerty 388 253 0.276107 0 -7.55183 0.845263 12.8534 0.03818 -0.0765071 0.0518551 
qwerty 249 219 0 1.3857 -0.85703 3.75 9.33279 -0.00603905 0.095932 -0.0275785 
qwerty 249 219 0 1.3857 -0.886107 4.2119 9.2 -0.00603905 0.095932 -0.0275785 
qwerty 249 219 0 1.3857 -1.03392 6.55989 8.525 -0.00603905 0.095932 -0.0275785 
qwerty 249 219 0 1.3857 -1.17179 8.75 7.89539 -0.00603905 0.095932 -0.0275785 
qwerty 249 219 0 1.3857 -1.18173 8.90788 7.85 -0.00603905 0.095932 -0.0275785 
qwerty 243 219 0 8.86844 -0.422537 2.20996 9.7 0.0191025 0.0605949 0.0772227 
qwerty 243 219 0 8.86844 -0.255563 2.73962 10.375 0.0191025 0.0605949 0.0772227 
qwerty 396 243 0.705489 2.20528 -0.406401 2.71554 10.7102 -0.0833174 -0.0552535 0.00229296 
qwerty 396 243 0.746323 1.45896 -0.641942 2.43781 10.6675 -0.0940769 -0.0270816 0.020399 
qwerty 396 243 0.43723 1.02173 -0.890281 2.43597 10.7673 -0.0861895 0.0367159 0.0349758 
qwerty 396 243 0.373381 0.648348 -1.11484 2.43664 10.7687 -0.0871276 0.0469573 0.0142757 
qwerty 396 243 0.346247 0.302101 -1.26592 2.45285 10.7201 -0.0693033 0.0359814 -0.0624691 
qwerty 396 243 0.302101 0 -1.30017 2.47063 10.6892 -0.0693033 0.0359814 -0.0624691 
qwerty 398 396 0.223968 0.384474 -0.423738 2.68733 10.8092 0.044884 -0.00296786 0.0893119 
qwerty 398 396 0.316343 0.0681305 -0.391737 2.68521 10.8729 0.056513 0.0229277 0.0792502 
qwerty 398 396 0.0681305 0 -0.389393 2.68617 10.8762 0.056513 0.0229277 0.0792502 
qwerty 242 219 0 0.652924 -0.432533 2.24904 9.7 0.0172435 0.0638153 0.0750351 
qwerty 242 219 0 0.652924 -0.277413 2.82311 10.375 0.0172435 0.0638153 0.0750351 
qwerty 242 219 0 0.652924 -0.122294 3.39717 11.05 0.0172435 0.0638153 0.0750351 
qwerty 242 219 0 0.652924 0.0328253 3.97124 11.725 0.0172435 0.0638153 0.0750351 
qwerty 242 219 0 0.652924 0.187945 4.54531 12.4 0.0172435 0.0638153 0.0750351 
qwerty 241 219 0 0.748731 -0.449134 2.12335 9.7 0.01397 0.0539875 0.0830072 
qwerty 241 219 0 0.748731 -0.335532 2.56237 10.375 0.01397 0.0539875 0.0830072 
qwerty 241 219 0 0.748731 -0.221931 3.00139 11.05 0.01397 0.0539875 0.0830072 
qwerty 241 219 0 0.748731 -0.10833 3.44041 11.725 0.01397 0.0539875 0.0830072 
qwerty 241 219 0 0.748731 -0.0282183 3.75 12.201 0.01397 0.0539875 0.0830072 
qwerty 241 219 0 0.748731 0.00527157 3.87942 12.4 0.01397 0.0539875 0.0830072 
qwerty 241 219 0 0.748731 0.118873 4.31844 13.075 0.01397 0.0539875 0.0830072 
qwerty 241 219 0 0.748731 0.232474 4.75746 13.75 0.01397 0.0539875 0.0830072 
qwerty 241 219 0 0.748731 0.346076 5.19647 14.425 0.01397 0.0539875 0.0830072 
qwerty 241 219 0 0.748731 0.459677 5.63549 15.1 0.01397 0.0539875 0.0830072 
qwerty 239 219 0 0.410897 -0.551006 1.61199 9.025 0.0133348 0.0400414 0.090658 
qwerty 239 219 0 0.410897 -0.451721 1.91012 9.7 0.0133348 0.0400414 0.090658 
qwerty 239 219 0 0.410897 -0.352436 2.20825 10.375 0.0133348 0.0400414 0.090658 
qwerty 239 219 0 0.410897 -0.25315 2.50639 11.05 0.0133348 0.0400414 0.090658 
qwerty 239 219 0 0.410897 -0.153865 2.80452 11.725 0.0133348 0.0400414 0.090658 
qwerty 239 219 0 0.410897 -0.0545794 3.10265 12.4 0.0133348 0.0400414 0.090658 
qwerty 238 219 0 2.79837 -0.679731 1.21709 8.35 0.0128446 0.0382474 0.0914995 
qwerty 238 219 0 2.79837 -0.584975 1.49925 9.025 0.0128446 0.0382474 0.0914995 
qwerty 238 219 0 2.79837 -0.49022 1.7814 9.7 0.0128446 0.0382474 0.0914995 
qwerty 238 219 0 2.79837 -0.395464 2.06356 10.375 0.0128446 0.0382474 0.0914995 
qwerty 238 219 0 2.79837 -0.300709 2.34571 11.05 0.0128446 0.0382474 0.0914995 
qwerty 238 219 0 2.79837 -0.205954 2.62787 11.725 0.0128446 0.0382474 0.0914995 
qwerty 238 219 0 2.79837 -0.111198 2.91002 12.4 0.0128446 0.0382474 0.0914995 
qwerty 238 219 0 2.7768 -0.0495703 3.20744 13.075 0.00795621 0.040335 0.091158 
qwerty 238 219 0 2.7768 0.00934324 3.50611 13.75 0.00795621 0.040335 0.091158 
qwerty 238 219 0 2.7768 0.0682568 3.80478 14.425 0.00795621 0.040335 0.091158 
qwerty 238 219 0 2.7768 0.12717 4.10345 15.1 0.00795621 0.040335 0.091158 
qwerty 238 219 0 2.7768 0.186084 4.40212 15.775 0.00795621 0.040335 0.091158 
qwerty 238 219 0 2.7768 0.244997 4.70079 16.45 0.00795621 0.040335 0.091158 
qwerty 238 219 0 2.7768 0.303911 4.99946 17.125 0.00795621 0.040335 0.091158 
qwerty 238 219 0 2.7768 0.362824 5.29813 17.8 0.00795621 0.040335 0.091158 
qwerty 238 219 0 2.7768 0.421738 5.5968 18.475 0.00795621 0.040335 0.091158 
qwerty 238 219 0 2.7768 0.480652 5.89547 19.15 0.00795621 0.040335 0.091158 
qwerty 238 219 0 2.7768 0.539565 6.19414 19.825 0.00795621 0.040335 0.091158 
qwerty 238 219 0 2.7768 0.598479 6.49281 20.5 0.00795621 0.040335 0.091158 
qwerty 238 219 0 2.7768 0.657392 6.79148 21.175 0.00795621 0.040335 0.091158 
qwerty 238 219 0 2.7768 0.716306 7.09014 21.85 0.00795621 0.040335 0.091158 
qwerty 238 219 0 2.7768 0.775219 7.38881 22.525 0.00795621 0.040335 0.091158 
qwerty 238 219 0 2.7768 0.834133 7.68748 23.2 0.00795621 0.040335 0.091158 
qwerty 238 219 0 2.7768 0.893046 7.98615 23.875 0.00795621 0.040335 0.091158 
qwerty 238 219 0 2.7768 0.95196 8.28482 24.55 0.00795621 0.040335 0.091158 
qwerty 238 219 0 2.7768 1.01087 8.58349 25.225 0.00795621 0.040335 0.091158 
qwerty 238 219 0 2.7768 1.04372 8.75 25.6013 0.00795621 0.040335 0.091158 
qwerty 238 219 0 2.7768 1.06979 8.88216 25.9 0.00795621 0.040335 0.091158 
qwerty 238 219 0 1.80282 1.15737 8.88591 26.575 0.013222 -0.00323205 0.0990693 
qwerty 238 219 0 1.80282 1.24746 8.86389 27.25 0.013222 -0.00323205 0.0990693 
qwerty 238 219 0 1.80282 1.33754 8.84186 27.925 0.013222 -0.00323205 0.0990693 
qwerty 238 219 0 1.80282 1.42763 8.81984 28.6 0.013222 -0.00323205 0.0990693 
qwerty 238 219 0 1.80282 1.51772 8.79782 29.275 0.013222 -0.00323205 0.0990693 
qwerty 238 219 0 1.80282 1.60781 8.7758 29.95 0.013222 -0.00323205 0.0990693 
qwerty 238 219 0 1.80282 1.69789 8.75378 30.625 0.013222 -0.00323205 0.0990693 
qwerty 238 219 0 1.80282 1.78798 8.73176 31.3 0.013222 -0.00323205 0.0990693 
qwerty 237 219 0 1.80887 -0.726976 1.19762 8.35 0.00548098 0.035065 0.0934901 
qwerty 237 219 0 1.80887 -0.687403 1.45079 9.025 0.00548098 0.035065 0.0934901 
qwerty 237 219 0 1.80887 -0.647831 1.70396 9.7 0.00548098 0.035065 0.0934901 
qwerty 237 219 0 1.80887 -0.608258 1.95713 10.375 0.00548098 0.035065 0.0934901 
qwerty 237 219 0 1.80887 -0.568685 2.2103 11.05 0.00548098 0.035065 0.0934901 
qwerty 237 219 0 1.76373 -0.537991 2.40667 11.5736 -0.00386518 0.0420729 0.0906362 
qwerty 237 219 0 1.76373 -0.544449 2.47696 11.725 -0.00386518 0.0420729 0.0906362 
qwerty 237 219 0 1.76373 -0.573234 2.7903 12.4 -0.00386518 0.0420729 0.0906362 
qwerty 237 219 0 1.76373 -0.602019 3.10363 13.075 -0.00386518 0.0420729 0.0906362 
qwerty 237 219 0 1.76373 -0.630805 3.41696 13.75 -0.00386518 0.0420729 0.0906362 
qwerty 237 219 0 1.76373 -0.65959 3.73029 14.425 -0.00386518 0.0420729 0.0906362 
qwerty 237 219 0 1.76373 -0.688375 4.04362 15.1 -0.00386518 0.0420729 0.0906362 
qwerty 237 219 0 1.76373 -0.717161 4.35696 15.775 -0.00386518 0.0420729 0.0906362 
qwerty 237 219 0 1.76373 -0.745946 4.67029 16.45 -0.00386518 0.0420729 0.0906362 
qwerty 237 219 0 1.76373 -0.774731 4.98362 17.125 -0.00386518 0.0420729 0.0906362 
qwerty 237 219 0 1.5431 -0.792087 5.17254 17.532 0.0174203 0.0233594 0.0956602 
qwerty 237 219 0 1.5431 -0.743279 5.23799 17.8 0.0174203 0.0233594 0.0956602 
qwerty 237 219 0 0.193933 -0.656519 5.10251 17.7217 -0.0227509 0.0155902 -0.0961215 
qwerty 237 219 0 0.193933 -0.756341 5.17091 17.3 -0.0227509 0.0155902 -0.0961215 
qwerty 411 237 0.0686696 0 -0.654148 5.0991 17.7224 0.0563754 -0.0809901 0.0161994 
qwerty 409 237 0.220634 0 -0.81147 5.19449 17.539 -0.0643579 0.0728778 0.0233857 
qwerty 408 237 0.0451416 0 -0.53646 2.40568 11.5744 0.0762318 -0.0491029 0.0421619 
qwerty 236 219 0 2.17145 -0.59277 1.18071 8.35 0.0256691 0.0315764 0.0913457 
qwerty 236 219 0 2.17145 -0.403088 1.41404 9.025 0.0256691 0.0315764 0.0913457 
qwerty 236 219 0 2.17145 -0.213406 1.64738 9.7 0.0256691 0.0315764 0.0913457 
qwerty 236 219 0 2.17145 -0.0237238 1.88071 10.375 0.0256691 0.0315764 0.0913457 
qwerty 236 219 0 2.17145 0.165958 2.11405 11.05 0.0256691 0.0315764 0.0913457 
qwerty 236 219 0 2.17145 0.35564 2.34738 11.725 0.0256691 0.0315764 0.0913457 
qwerty 236 219 0 2.17145 0.545323 2.58071 12.4 0.0256691 0.0315764 0.0913457 
qwerty 236 219 0 2.17145 0.735005 2.81405 13.075 0.0256691 0.0315764 0.0913457 
qwerty 236 219 0 2.17145 0.924687 3.04738 13.75 0.0256691 0.0315764 0.0913457 
qwerty 235 219 0 9.42097 -0.740116 1.11927 8.35 0.00369216 0.0241532 0.096969 
qwerty 235 219 0 9.42097 -0.714415 1.2874 9.025 0.00369216 0.0241532 0.096969 
qwerty 235 219 0 9.42097 -0.688714 1.45553 9.7 0.00369216 0.0241532 0.096969 
qwerty 235 219 0 9.42097 -0.663013 1.62366 10.375 0.00369216 0.0241532 0.096969 
qwerty 235 219 0 9.42097 -0.637312 1.79179 11.05 0.00369216 0.0241532 0.096969 
qwerty 235 219 0 9.42097 -0.611611 1.95992 11.725 0.00369216 0.0241532 0.096969 
qwerty 235 219 0 9.42097 -0.58591 2.12805 12.4 0.00369216 0.0241532 0.096969 
qwerty 235 219 0 9.42097 -0.560209 2.29618 13.075 0.00369216 0.0241532 0.096969 
qwerty 235 219 0 0.766589 -1.86925 2.91253 13.75 -0.0861732 0.0378002 0.0338427 
qwerty 235 219 0 0.766589 -3.588 3.66647 14.425 -0.0861732 0.0378002 0.0338427 
qwerty 235 219 0 0.766589 -5.30674 4.4204 15.1 -0.0861732 0.0378002 0.0338427 
qwerty 235 219 0 0.766589 -6.25 4.83417 15.4704 -0.0861732 0.0378002 0.0338427 
qwerty 235 219 0 0.766589 -7.02548 5.17433 15.775 -0.0861732 0.0378002 0.0338427 
qwerty 417 235 0.0980754 7.73088 -0.539001 2.36387 13.3164 0.032585 0.0304828 0.0894931 
qwerty 417 235 0.796014 6.93487 -0.381132 2.51156 13.75 0.0394778 0.0347825 0.0850393 
qwerty 419 417 0.133315 0.465871 -0.557578 2.37671 13.3456 0.00662651 0.0250768 0.0965777 
qwerty 419 417 0.133718 0.332153 -0.532287 2.3661 13.4079 0.0919287 0.025276 0.0301701 
qwerty 419 417 0.332153 0 -0.479708 2.38055 13.4252 0.0919287 0.025276 0.0301701 
qwerty 423 417 0 0.644153 -0.797021 1.54488 13.25 -0.0353879 -0.0795809 -0.0491383 
qwerty 232 219 0 0.562183 -0.645782 0.779999 7 0.0108522 0.02012 0.097352 
qwerty 232 219 0 0.562183 -0.570537 0.919503 7.675 0.0108522 0.02012 0.097352 
qwerty 232 219 0 0.562183 -0.495292 1.05901 8.35 0.0108522 0.02012 0.097352 
qwerty 232 219 0 0.562183 -0.420047 1.19851 9.025 0.0108522 0.02012 0.097352 
qwerty 232 219 0 0.562183 -0.392276 1.25 9.27413 0.0108522 0.02012 0.097352 
qwerty 232 219 0 0.562183 -0.344802 1.33802 9.7 0.0108522 0.02012 0.097352 
qwerty 232 219 0 0.562183 -0.269558 1.47752 10.375 0.0108522 0.02012 0.097352 
qwerty 232 219 0 0.47151 0.133655 1.4188 11.05 0.0573671 -0.0124877 0.080951 
qwerty 231 219 0 4.9474 -0.696426 0.758799 7 0.00242039 0.016326 0.0986286 
qwerty 231 219 0 4.9474 -0.679861 0.870532 7.675 0.00242039 0.016326 0.0986286 
qwerty 231 219 0 4.9474 -0.663297 0.982265 8.35 0.00242039 0.016326 0.0986286 
qwerty 231 219 0 4.9474 -0.646732 1.094 9.025 0.00242039 0.016326 0.0986286 
qwerty 231 219 0 4.9474 -0.630167 1.20573 9.7 0.00242039 0.016326 0.0986286 
qwerty 230 219 0 0.971739 -0.722003 0.643805 6.325 -0.00307387 0.019119 0.0981072 
qwerty 230 219 0 0.971739 -0.743152 0.775348 7 -0.00307387 0.019119 0.0981072 
qwerty 230 219 0 0.971739 -0.764301 0.906891 7.675 -0.00307387 0.019119 0.0981072 
qwerty 230 219 0 0.971739 -0.78545 1.03843 8.35 -0.00307387 0.019119 0.0981072 
qwerty 230 219 0 0.971739 -0.806599 1.16998 9.025 -0.00307387 0.019119 0.0981072 
qwerty 230 219 0 0.971739 -0.819465 1.25 9.43563 -0.00307387 0.019119 0.0981072 
qwerty 230 219 0 0.971739 -0.827748 1.30152 9.7 -0.00307387 0.019119 0.0981072 
qwerty 230 219 0 0.971739 -0.848897 1.43306 10.375 -0.00307387 0.019119 0.0981072 
qwerty 230 219 0 0.971739 -0.870046 1.56461 11.05 -0.00307387 0.019119 0.0981072 
qwerty 230 219 0 0.971739 -0.891195 1.69615 11.725 -0.00307387 0.019119 0.0981072 
qwerty 230 219 0 0.971739 -0.912344 1.82769 12.4 -0.00307387 0.019119 0.0981072 
qwerty 230 219 0 0.971739 -0.933493 1.95924 13.075 -0.00307387 0.019119 0.0981072 
qwerty 230 219 0 0.971739 -0.954641 2.09078 13.75 -0.00307387 0.019119 0.0981072 
qwerty 230 219 0 0.971739 -0.97579 2.22232 14.425 -0.00307387 0.019119 0.0981072 
qwerty 229 219 0 4.84147 -0.699611 0.637092 6.325 0.00119585 0.0178856 0.0983803 
qwerty 229 219 0 4.84147 -0.691406 0.759808 7 0.00119585 0.0178856 0.0983803 
qwerty 229 219 0 4.84147 -0.683201 0.882523 7.675 0.00119585 0.0178856 0.0983803 
qwerty 229 219 0 4.84147 -0.674996 1.00524 8.35 0.00119585 0.0178856 0.0983803 
qwerty 229 219 0 4.84147 -0.666791 1.12795 9.025 0.00119585 0.0178856 0.0983803 
qwerty 229 219 0 4.84147 -0.658631 1.25 9.69632 0.00119585 0.0178856 0.0983803 
qwerty 229 219 0 4.84147 -0.658586 1.25067 9.7 0.00119585 0.0178856 0.0983803 
qwerty 229 219 0 4.84147 -0.650381 1.37339 10.375 0.00119585 0.0178856 0.0983803 
qwerty 229 219 0 4.84147 -0.642176 1.4961 11.05 0.00119585 0.0178856 0.0983803 
qwerty 229 219 0 4.84147 -0.633972 1.61882 11.725 0.00119585 0.0178856 0.0983803 
qwerty 397 243 0.766614 2.33126 -0.128214 2.68192 10.9711 0.00150985 -0.0048082 0.0998729 
qwerty 397 243 0.11625 2.21501 -0.127022 2.67813 11.05 0.000793567 -0.022588 0.0974123 
qwerty 439 229 0.00541003 0.265622 -0.640505 1.66099 11.9044 -0.0789934 -0.0370734 0.0488427 
qwerty 439 229 0.0110999 0.254522 -0.643609 1.66007 11.9065 -0.0980945 4.31482e-05 0.0194285 
qwerty 439 229 0.00753292 0.246989 -0.647728 1.66031 11.9069 -0.0966603 -0.0113359 0.0229844 
qwerty 439 229 0.00855219 0.238437 -0.651401 1.65926 11.908 -0.0926768 -0.00543599 0.037168 
qwerty 439 229 0.00903898 0.229398 -0.656042 1.65962 11.909 -0.0974341 -0.00945872 0.0204236 
qwerty 439 229 0.0210703 0.208328 -0.661375 1.65913 11.9108 -0.0974614 0.00629252 -0.0214868 
qwerty 439 229 0.0166648 0.191663 -0.667502 1.65906 11.9108 -0.0978109 -0.0201925 0.00502992 
qwerty 439 229 0.0170396 0.174623 -0.674423 1.65825 11.909 -0.0944467 -0.0172901 -0.027944 
qwerty 439 229 0.0139681 0.160655 -0.679363 1.65702 11.9085 -0.0837336 -0.0545214 -0.00401324 
qwerty 439 229 0.0162854 0.14437 -0.682816 1.65406 11.9077 -0.0769242 -0.0619746 0.0155503 
qwerty 439 229 0.0171074 0.127262 -0.685136 1.6502 11.9085 -0.0433083 -0.070014 0.0567665 
qwerty 439 229 0.0210004 0.106262 -0.688445 1.64798 11.9115 -0.0299853 -0.0794203 0.0528517 
qwerty 439 229 0.0291362 0.0771258 -0.686327 1.6419 11.9151 0.0222969 -0.0440489 0.0869629 
qwerty 439 229 0.0771258 0 -0.685179 1.63963 11.9196 0.0222969 -0.0440489 0.0869629 
qwerty 462 439 0 0.357459 2.01671 3.51816 12.4 0.0805486 0.057023 0.0161337 
qwerty 461 292 0 0.320405 -3.75525 2.07611 10.8623 0.019066 0.0391472 -0.0900221 
qwerty 461 292 0 0.320405 -3.6891 2.21192 10.55 0.019066 0.0391472 -0.0900221 
qwerty 461 292 0 0.307643 -3.23048 2.55163 9.875 0.0525878 0.0383541 -0.0759176 
qwerty 464 461 0.190594 0 -3.77137 2.09093 10.8716 -0.0677884 0.0623488 0.0389533 
qwerty 457 292 0 0.174465 -2.77182 1.65741 11.725 0.0297197 0.0709271 0.0639225 
qwerty 454 378 0 0.510999 0.772983 3.75 14.7906 -0.0440529 0.0893549 0.00866237 
qwerty 454 378 0 0.510999 -0.459544 6.25 15.033 -0.0440529 0.0893549 0.00866237 
qwerty 454 378 0 0.510999 -0.800465 6.94151 15.1 -0.0440529 0.0893549 0.00866237 
qwerty 453 397 0 0.510999 0.0613861 2.14557 10.55 0.0231999 -0.06712 -0.0704036 
qwerty 453 397 0 0.510999 0.283817 1.50205 9.875 0.0231999 -0.06712 -0.0704036 
qwerty 452 397 0 0.42718 -0.21193 2.9363 11.3794 0.0351906 0.0785987 0.0508318 
qwerty 452 397 0 0.42718 0.0273142 3.47066 11.725 0.0351906 0.0785987 0.0508318 
qwerty 478 452 0.0838185 0 -0.217186 2.93644 11.3822 -0.088317 0.00237286 0.0468452 
qwerty 451 397 0 0.283324 -0.496984 2.78336 11.05 -0.0461315 -0.0127014 0.0878098 
qwerty 451 397 0 0.283324 -0.851599 2.68572 11.725 -0.0461315 -0.0127014 0.0878098 
qwerty 449 407 0 0.510999 1.51443 8.50363 31.975 -0.0413234 -0.0325693 0.0850389 
qwerty 449 407 0 0.510999 1.18643 8.24511 32.65 -0.0413234 -0.0325693 0.0850389 
qwerty 447 416 0 0.510999 0.732723 3.31867 14.425 -0.0349344 0.0356682 0.0866451 
qwerty 447 416 0 0.510999 0.46057 3.59653 15.1 -0.0349344 0.0356682 0.0866451 
qwerty 447 416 0 0.510999 0.188416 3.8744 15.775 -0.0349344 0.0356682 0.0866451 
qwerty 447 416 0 0.432526 0.153172 3.89731 16.45 0.0049668 -0.00756248 0.0995899 
qwerty 447 416 0 0.432526 0.186836 3.84605 17.125 0.0049668 -0.00756248 0.0995899 
qwerty 447 416 0 0.432526 0.2205 3.79479 17.8 0.0049668 -0.00756248 0.0995899 
qwerty 445 435 0 0.25581 -0.428859 2.47726 10.0768 0.0910644 -0.0211449 0.0354989 
qwerty 445 435 0 0.25581 0.33601 2.29966 10.375 0.0910644 -0.0211449 0.0354989 
qwerty 492 445 0.255189 0 -0.439349 2.51374 10.0778 -0.027631 0.0960745 0.00249519 
qwerty 443 440 0 0.510999 -0.0842381 0.933144 11.225 0.051151 -0.063757 -0.0576075 
qwerty 443 440 0 0.510999 0.51511 0.186088 10.55 0.051151 -0.063757 -0.0576075 
qwerty 443 440 0 0.406795 0.933005 -0.334795 10.0794 0.0919639 -0.00817661 -0.0384159 
qwerty 443 440 0 0.406795 1.25 -0.36298 9.94694 0.0919639 -0.00817661 -0.0384159 
qwerty 443 440 0 0.406795 1.42222 -0.378291 9.875 0.0919639 -0.00817661 -0.0384159 
qwerty 443 440 0 0.136692 1.70341 -0.455767 9.95481 -0.0418842 0.00952698 -0.0903048 
qwerty 443 440 0 0.136692 1.66639 -0.447348 9.875 -0.0418842 0.00952698 -0.0903048 
qwerty 497 443 0.141832 0 1.71246 -0.459347 9.96568 0.0620416 -0.0245302 0.0744923 
qwerty 495 443 0.104204 0 0.930156 -0.342191 10.0759 -0.032905 -0.0853941 -0.0403127 
