qwerty 1 0 0 200 0 0 -0.25 0 0 0.1 
qwerty 3 1 0 43.4258 -0.842198 0.734534 0.25 -0.0687918 0.0599977 0.0408406 
qwerty 3 1 0 43.4258 -1.25 1.0902 0.492105 -0.0687918 0.0599977 0.0408406 
qwerty 3 1 0 43.4258 -1.97917 1.72616 0.925 -0.0687918 0.0599977 0.0408406 
qwerty 3 1 0 43.4258 -3.11613 2.71778 1.6 -0.0687918 0.0599977 0.0408406 
qwerty 3 1 0 43.4258 -3.75 3.27061 1.97632 -0.0687918 0.0599977 0.0408406 
qwerty 3 1 0 43.4258 -4.2531 3.7094 2.275 -0.0687918 0.0599977 0.0408406 
qwerty 3 1 0 43.4258 -5.39007 4.70102 2.95 -0.0687918 0.0599977 0.0408406 
qwerty 3 1 0 43.4258 -6.25 5.45102 3.46053 -0.0687918 0.0599977 0.0408406 
qwerty 3 1 0 43.4258 -6.52704 5.69264 3.625 -0.0687918 0.0599977 0.0408406 
qwerty 3 1 0 43.4258 -7.16609 6.25 4.00439 -0.0687918 0.0599977 0.0408406 
qwerty 3 1 0 43.4258 -7.66401 6.68427 4.3 -0.0687918 0.0599977 0.0408406 
qwerty 3 1 0 43.4258 -8.75 7.63143 4.94474 -0.0687918 0.0599977 0.0408406 
qwerty 3 1 0 43.4258 -8.80098 7.67589 4.975 -0.0687918 0.0599977 0.0408406 
qwerty 3 1 0 43.4258 -9.93794 8.66751 5.65 -0.0687918 0.0599977 0.0408406 
qwerty 3 1 0 43.4258 -11.0749 9.65913 6.325 -0.0687918 0.0599977 0.0408406 
qwerty 4 3 1.09139 11.6986 -11.6916 10.0825 7 -0.0569483 0.0293354 0.0767875 
qwerty 13 4 0 2.49818 -12.2755 9.83588 7.675 -0.0485696 -0.0427452 0.0762485 
qwerty 13 4 0 2.49818 -12.7054 9.45747 8.35 -0.0485696 -0.0427452 0.0762485 
qwerty 13 4 0 2.49818 -13.1354 9.07906 9.025 -0.0485696 -0.0427452 0.0762485 
qwerty 13 4 0 2.49818 -13.5093 8.75 9.61198 -0.0485696 -0.0427452 0.0762485 
qwerty 13 4 0 2.49818 -13.5654 8.70065 9.7 -0.0485696 -0.0427452 0.0762485 
qwerty 13 4 0 2.49818 -13.75 8.53817 9.98984 -0.0485696 -0.0427452 0.0762485 
qwerty 13 4 0 2.49818 -13.9953 8.32225 10.375 -0.0485696 -0.0427452 0.0762485 
qwerty 13 4 0 2.49818 -14.4253 7.94384 11.05 -0.0485696 -0.0427452 0.0762485 
qwerty 13 4 0 2.49818 -14.8553 7.56543 11.725 -0.0485696 -0.0427452 0.0762485 
qwerty 13 4 0 2.49818 -15.2852 7.18702 12.4 -0.0485696 -0.0427452 0.0762485 
qwerty 13 4 0 2.49818 -15.7152 6.80862 13.075 -0.0485696 -0.0427452 0.0762485 
qwerty 13 4 0 2.49818 -16.1452 6.43021 13.75 -0.0485696 -0.0427452 0.0762485 
qwerty 13 4 0 2.49818 -16.5752 6.0518 14.425 -0.0485696 -0.0427452 0.0762485 
qwerty 13 4 0 2.49818 -17.0051 5.67339 15.1 -0.0485696 -0.0427452 0.0762485 
qwerty 13 4 0 2.49818 -17.4351 5.29499 15.775 -0.0485696 -0.0427452 0.0762485 
qwerty 13 4 0 0.656349 -17.814 4.96151 16.3699 -0.0802716 0.0498735 0.0326971 
qwerty 13 4 0 0.656349 -18.0108 5.08376 16.45 -0.0802716 0.0498735 0.0326971 
qwerty 13 4 0 0.380062 -18.0675 6.24621 17.125 0.0187551 0.0854172 0.0484989 
qwerty 18 13 0.145344 1.69648 -17.8466 4.89535 16.45 -0.0314827 -0.07554 0.0574678 
qwerty 18 13 0.585492 0.802274 -17.9229 4.94753 16.2268 -0.061064 0.0615814 -0.0497888 
qwerty 18 13 0.355862 0.446412 -17.9305 5.09104 16.0922 0.0764184 -0.0195018 0.061481 
qwerty 18 13 0.34523 0.101182 -17.8037 5.1312 16.0901 0.0675262 -0.000683279 0.0737546 
qwerty 18 13 0.101182 0 -17.7981 5.13114 16.0961 0.0675262 -0.000683279 0.0737546 
qwerty 11 4 0 1.26245 -12.0936 10.59 7.675 -0.042786 0.0544166 0.0721678 
qwerty 11 4 0 1.26245 -12.4938 11.099 8.35 -0.042786 0.0544166 0.0721678 
qwerty 11 4 0 1.26245 -12.891 11.6073 9.025 -0.0425043 0.0544435 0.0723139 
qwerty 11 4 0 1.26245 -13.2877 12.1155 9.7 -0.0425043 0.0544435 0.0723139 
qwerty 10 4 0 0.570062 -11.7915 10.0745 7 -0.0682706 0.0350554 0.0641112 
qwerty 10 4 0 0.570062 -12.5103 10.4436 7.675 -0.0682706 0.0350554 0.0641112 
qwerty 10 4 0 0.570062 -13.2291 10.8127 8.35 -0.0682706 0.0350554 0.0641112 
qwerty 7 4 0 2.96853 -11.5769 10.1852 7 -0.0479102 0.0520831 0.0706538 
qwerty 7 4 0 2.96853 -12.0346 10.6828 7.675 -0.0479102 0.0520831 0.0706538 
qwerty 7 4 0 2.96853 -12.4923 11.1803 8.35 -0.0479102 0.0520831 0.0706538 
qwerty 7 4 0 2.96853 -12.95 11.6779 9.025 -0.0479102 0.0520831 0.0706538 
qwerty 7 4 0 2.96853 -13.4077 12.1755 9.7 -0.0479102 0.0520831 0.0706538 
qwerty 7 4 0 2.96853 -13.75 12.5476 10.2047 -0.0479102 0.0520831 0.0706538 
qwerty 7 4 0 2.96853 -13.8655 12.6731 10.375 -0.0479102 0.0520831 0.0706538 
qwerty 7 4 0 2.96853 -14.3232 13.1707 11.05 -0.0479102 0.0520831 0.0706538 
qwerty 7 4 0 2.96853 -14.7809 13.6683 11.725 -0.0479102 0.0520831 0.0706538 
qwerty 7 4 0 2.96853 -15.2386 14.1658 12.4 -0.0479102 0.0520831 0.0706538 
qwerty 7 4 0 2.96853 -15.6963 14.6634 13.075 -0.0479102 0.0520831 0.0706538 
qwerty 7 4 0 2.96853 -16.154 15.161 13.75 -0.0479102 0.0520831 0.0706538 
qwerty 7 4 0 2.96853 -16.6118 15.6586 14.425 -0.0479102 0.0520831 0.0706538 
qwerty 7 4 0 2.96853 -17.0695 16.1562 15.1 -0.0479102 0.0520831 0.0706538 
qwerty 7 4 0 2.96853 -17.5272 16.6537 15.775 -0.0479102 0.0520831 0.0706538 
qwerty 7 4 0 2.96853 -17.9849 17.1513 16.45 -0.0479102 0.0520831 0.0706538 
qwerty 7 4 0 2.96853 -18.4426 17.6489 17.125 -0.0479102 0.0520831 0.0706538 
qwerty 7 4 0 0.525127 -20.5901 18.2023 16.625 -0.0608041 0.0254508 -0.0752005 
qwerty 7 4 0 0.525127 -21.1358 18.4308 15.95 -0.0608041 0.0254508 -0.0752005 
qwerty 7 4 0 0.525127 -21.6816 18.6592 15.275 -0.0608041 0.0254508 -0.0752005 
qwerty 7 4 0 0.525127 -21.8985 18.75 15.0067 -0.0608041 0.0254508 -0.0752005 
qwerty 7 4 0 0.525127 -22.2274 18.8876 14.6 -0.0608041 0.0254508 -0.0752005 
qwerty 7 4 0 0.525127 -22.7732 19.1161 13.925 -0.0608041 0.0254508 -0.0752005 
qwerty 2 1 0 291.551 0.0517121 -0.0451014 0.25 0.0102464 -0.00893652 0.0990714 
qwerty 2 1 0 291.551 0.121523 -0.105988 0.925 0.0102464 -0.00893652 0.0990714 
qwerty 2 1 0 291.551 0.191335 -0.166875 1.6 0.0102464 -0.00893652 0.0990714 
qwerty 38 2 0.845013 192.091 0.253268 -0.223058 2.275 0.00921507 -0.00799673 0.0992529 
qwerty 38 2 0.839127 94.6971 0.227849 -0.259752 2.95 -0.00710524 -0.00785736 0.0994373 
qwerty 38 2 0.794868 48.8894 0.0568983 -0.285052 3.625 -0.0283726 -0.00420527 0.0957983 
qwerty 38 2 0.428507 44.9333 -0.13668 -0.296369 4.05627 -0.0496965 0.00324481 0.0867164 
qwerty 38 2 0.440858 44.4925 -0.276358 -0.287249 4.3 -0.0501202 0.00300808 0.0864808 
qwerty 38 2 1.02635 31.0811 -0.66422 -0.2568 4.975 -0.0457081 0.00019866 0.0889423 
qwerty 38 2 2.22753 11.6366 -1.24378 0.868677 5.65 -0.0273626 0.0861498 0.0427726 
qwerty 49 38 0.2854 0 -0.134765 -0.332942 4.08285 0.00423203 -0.0808286 0.0587267 
qwerty 37 2 0.745549 63.4786 0.312546 -0.218717 2.275 0.0184434 -0.00715407 0.0980238 
qwerty 37 2 1.18484 20.1729 0.540197 -0.337366 2.95 0.0309321 -0.0157419 0.0937838 
qwerty 37 2 0.961864 11.2514 0.342298 -0.370444 3.625 -0.0467475 -0.0158056 0.0869761 
qwerty 84 37 0 0.740008 0.928667 -0.640732 3.125 0.0664809 -0.0326589 -0.067184 
qwerty 84 37 0 0.740008 1.5966 -0.968857 2.45 0.0664809 -0.0326589 -0.067184 
qwerty 84 37 0 0.434403 2.22051 -1.27535 1.81949 -0.0270887 -0.0180991 -0.0945443 
qwerty 84 37 0 0.434403 2.20776 -1.28387 1.775 -0.0270887 -0.0180991 -0.0945443 
qwerty 84 37 0 0.434403 2.01436 -1.41309 1.1 -0.0270887 -0.0180991 -0.0945443 
qwerty 84 37 0 0.434403 1.82096 -1.54231 0.425 -0.0270887 -0.0180991 -0.0945443 
qwerty 84 37 0 0.372856 1.79863 -2.12477 -0.25 0.000323167 -0.0693446 -0.0720502 
qwerty 87 84 0.051109 0.254495 2.24035 -1.29105 1.81978 0.0909788 -0.0403872 -0.00957723 
qwerty 87 84 0.127849 0.126646 2.26052 -1.30566 1.82585 0.0850433 -0.0497579 -0.0170817 
qwerty 87 84 0.126646 0 2.27078 -1.31166 1.82379 0.0850433 -0.0497579 -0.0170817 
qwerty 82 37 0 0.240273 0.369789 -0.154075 3.47515 -0.0624432 -0.0434115 -0.064933 
qwerty 82 37 0 0.240273 0.0330603 -0.388174 3.125 -0.0624432 -0.0434115 -0.064933 
qwerty 82 37 0 0.147578 0.187844 -0.847116 3.625 0.0232703 -0.0647085 0.0726037 
qwerty 90 82 0.143872 0 0.378116 -0.143278 3.46904 0.0557231 0.0722467 -0.040931 
qwerty 79 37 0 3.82431 0.0181779 -0.51566 4.3 -0.0424747 -0.0190767 0.0884985 
qwerty 79 37 0 3.82431 -0.305787 -0.661163 4.975 -0.0424747 -0.0190767 0.0884985 
qwerty 79 37 0 3.82431 -0.629752 -0.806665 5.65 -0.0424747 -0.0190767 0.0884985 
qwerty 79 37 0 3.82431 -0.953717 -0.952168 6.325 -0.0424747 -0.0190767 0.0884985 
qwerty 79 37 0 3.82431 -1.27768 -1.09767 7 -0.0424747 -0.0190767 0.0884985 
qwerty 79 37 0 3.82431 -1.60165 -1.24317 7.675 -0.0424747 -0.0190767 0.0884985 
qwerty 79 37 0 3.82431 -1.92561 -1.38868 8.35 -0.0424747 -0.0190767 0.0884985 
qwerty 79 37 0 3.82431 -2.24958 -1.53418 9.025 -0.0424747 -0.0190767 0.0884985 
qwerty 79 37 0 3.82431 -2.57354 -1.67968 9.7 -0.0424747 -0.0190767 0.0884985 
qwerty 79 37 0 3.82431 -2.89751 -1.82518 10.375 -0.0424747 -0.0190767 0.0884985 
qwerty 79 37 0 3.82431 -3.22147 -1.97069 11.05 -0.0424747 -0.0190767 0.0884985 
qwerty 78 37 0 0.526578 0.289333 -0.386719 3.625 -0.0497461 -0.000617978 0.0867464 
qwerty 78 37 0 0.526578 -0.0977563 -0.391527 4.3 -0.0497461 -0.000617978 0.0867464 
qwerty 78 37 0 0.526578 -0.484846 -0.396336 4.975 -0.0497461 -0.000617978 0.0867464 
qwerty 78 37 0 0.526578 -0.871935 -0.401145 5.65 -0.0497461 -0.000617978 0.0867464 
qwerty 78 37 0 0.526578 -1.25 -0.405841 6.30926 -0.0497461 -0.000617978 0.0867464 
qwerty 78 37 0 0.526578 -1.25902 -0.405953 6.325 -0.0497461 -0.000617978 0.0867464 
qwerty 78 37 0 0.526578 -1.64611 -0.410762 7 -0.0497461 -0.000617978 0.0867464 
qwerty 78 37 0 0.526578 -2.0332 -0.415571 7.675 -0.0497461 -0.000617978 0.0867464 
qwerty 78 37 0 0.526578 -2.42029 -0.420379 8.35 -0.0497461 -0.000617978 0.0867464 
qwerty 78 37 0 0.526578 -2.80738 -0.425188 9.025 -0.0497461 -0.000617978 0.0867464 
qwerty 78 37 0 0.526578 -3.19447 -0.429997 9.7 -0.0497461 -0.000617978 0.0867464 
qwerty 78 37 0 0.422375 -3.75 -0.124698 10.1508 -0.0740291 0.0494192 0.0455789 
qwerty 78 37 0 0.422375 -4.11417 0.11841 10.375 -0.0740291 0.0494192 0.0455789 
qwerty 76 37 0 0.279583 0.375392 -0.498115 3.625 -0.0366815 -0.0205781 0.0907249 
qwerty 76 37 0 0.279583 0.102478 -0.651217 4.3 -0.0366815 -0.0205781 0.0907249 
qwerty 76 37 0 0.279583 -0.0365828 -0.693929 4.975 -0.0185863 -0.00486414 0.0981371 
qwerty 75 37 0 4.21652 0.318152 -0.578467 3.625 -0.043344 -0.0321918 0.0841724 
qwerty 75 37 0 4.21652 -0.0294347 -0.836621 4.3 -0.043344 -0.0321918 0.0841724 
qwerty 75 37 0 4.21652 -0.377021 -1.09477 4.975 -0.043344 -0.0321918 0.0841724 
qwerty 75 37 0 4.21652 -0.586022 -1.25 5.38087 -0.043344 -0.0321918 0.0841724 
qwerty 75 37 0 4.21652 -0.724608 -1.35293 5.65 -0.043344 -0.0321918 0.0841724 
qwerty 106 105 0.00729985 0.288035 -0.789543 -1.41652 5.829 0.0100285 -0.0312495 0.0944611 
qwerty 106 105 0.00930041 0.278735 -0.788833 -1.41748 5.83355 0.0162027 -0.0236864 0.0957937 
qwerty 106 105 0.00800472 0.27073 -0.787904 -1.41782 5.83781 -0.0820484 0.0418243 0.0389716 
qwerty 106 105 0.0424013 0.228329 -0.793999 -1.41646 5.84096 -0.0996708 0.00692343 -0.00421932 
qwerty 106 105 0.0255483 0.20278 -0.802906 -1.41522 5.83787 -0.0912597 0.0217047 -0.0346492 
qwerty 106 105 0.0480216 0.154759 -0.809423 -1.41484 5.83495 -0.0994483 0.00974857 -0.0038739 
qwerty 106 105 0.0469344 0.107824 -0.814444 -1.4142 5.83386 -0.0805613 0.0230214 0.0545884 
qwerty 106 105 0.0174717 0.0903527 -0.816982 -1.41107 5.8376 -0.0853953 0.0188321 0.0485076 
qwerty 106 105 0.0359569 0.0543958 -0.820042 -1.41026 5.84348 -0.0687134 0.0495628 0.0531225 
qwerty 106 105 0.0543958 0 -0.821961 -1.40888 5.84497 -0.0687134 0.0495628 0.0531225 
qwerty 108 106 0 0.249029 -0.123984 -1.74631 6.325 0.0742576 -0.0366894 0.0560329 
qwerty 108 106 0 0.249029 0.770559 -2.18829 7 0.0742576 -0.0366894 0.0560329 
qwerty 74 37 0 22.2575 0.501155 -0.338154 2.95 0.0264189 -0.018872 0.0945827 
qwerty 74 37 0 22.2575 0.689696 -0.472837 3.625 0.0264189 -0.018872 0.0945827 
qwerty 74 37 0 22.2575 0.878238 -0.607519 4.3 0.0264189 -0.018872 0.0945827 
qwerty 74 37 0 22.2575 1.06678 -0.742202 4.975 0.0264189 -0.018872 0.0945827 
qwerty 74 37 0 22.2575 1.25532 -0.876884 5.65 0.0264189 -0.018872 0.0945827 
qwerty 74 37 0 22.2575 1.44386 -1.01157 6.325 0.0264189 -0.018872 0.0945827 
qwerty 74 37 0 22.2575 1.6324 -1.14625 7 0.0264189 -0.018872 0.0945827 
qwerty 74 37 0 22.2575 1.82095 -1.28093 7.675 0.0264189 -0.018872 0.0945827 
qwerty 74 37 0 22.2575 2.00949 -1.41561 8.35 0.0264189 -0.018872 0.0945827 
qwerty 74 37 0 22.2575 2.19803 -1.5503 9.025 0.0264189 -0.018872 0.0945827 
qwerty 74 37 0 2.73034 2.29762 -1.62144 9.38154 0.0411013 0.0354946 0.0839692 
qwerty 74 37 0 2.73034 2.4535 -1.48682 9.7 0.0411013 0.0354946 0.0839692 
qwerty 74 37 0 2.32303 2.84975 -1.3722 10.375 0.0510011 0.0118979 0.08519 
qwerty 74 37 0 2.32303 3.25386 -1.27793 11.05 0.0510011 0.0118979 0.08519 
qwerty 74 37 0 2.32303 3.65796 -1.18365 11.725 0.0510011 0.0118979 0.08519 
qwerty 74 37 0 2.32303 4.06207 -1.08938 12.4 0.0510011 0.0118979 0.08519 
qwerty 74 37 0 2.32303 4.46617 -0.99511 13.075 0.0510011 0.0118979 0.08519 
qwerty 74 37 0 2.32303 4.87028 -0.900837 13.75 0.0510011 0.0118979 0.08519 
qwerty 74 37 0 2.32303 5.27438 -0.806565 14.425 0.0510011 0.0118979 0.08519 
qwerty 111 74 0.518645 19.0085 2.37839 -1.7092 9.7 0.0212931 -0.0235904 0.0948161 
qwerty 115 111 0 5.17969 2.73938 -1.61612 10.375 0.0476475 0.0134298 0.086887 
qwerty 115 111 0 5.17969 3.10953 -1.51179 11.05 0.0476475 0.0134298 0.086887 
qwerty 115 111 0 5.17969 3.47969 -1.40746 11.725 0.0476475 0.0134298 0.086887 
qwerty 115 111 0 5.17969 3.84985 -1.30312 12.4 0.0476475 0.0134298 0.086887 
qwerty 115 111 0 5.17969 4.22001 -1.19879 13.075 0.0476475 0.0134298 0.086887 
qwerty 115 111 0 5.17969 4.59017 -1.09446 13.75 0.0476475 0.0134298 0.086887 
qwerty 114 111 0 8.29572 2.37775 -1.71459 10.375 -0.000682057 0.00024095 0.0999974 
qwerty 114 111 0 8.29572 2.37315 -1.71296 11.05 -0.000682057 0.00024095 0.0999974 
qwerty 114 111 0 8.29572 2.36854 -1.71134 11.725 -0.000682057 0.00024095 0.0999974 
qwerty 114 111 0 8.29572 2.36394 -1.70971 12.4 -0.000682057 0.00024095 0.0999974 
qwerty 114 111 0 8.29572 2.35933 -1.70808 13.075 -0.000682057 0.00024095 0.0999974 
qwerty 114 111 0 8.29572 2.35473 -1.70646 13.75 -0.000682057 0.00024095 0.0999974 
qwerty 114 111 0 8.29572 2.35013 -1.70483 14.425 -0.000682057 0.00024095 0.0999974 
qwerty 114 111 0 8.29572 2.34552 -1.70321 15.1 -0.000682057 0.00024095 0.0999974 
qwerty 114 111 0 8.29572 2.34092 -1.70158 15.775 -0.000682057 0.00024095 0.0999974 
qwerty 114 111 0 8.29572 2.33631 -1.69995 16.45 -0.000682057 0.00024095 0.0999974 
qwerty 118 114 0 2.6176 2.33674 -1.67657 16.625 0.0264047 0.0961655 -0.00741546 
qwerty 73 37 0 9.76646 0.56779 -0.271188 2.95 0.0368486 -0.00701819 0.092698 
qwerty 73 37 0 9.76646 0.836111 -0.322292 3.625 0.0368486 -0.00701819 0.092698 
qwerty 73 37 0 9.76646 1.10443 -0.373396 4.3 0.0368486 -0.00701819 0.092698 
qwerty 72 37 0 7.53451 0.494383 -0.24093 2.95 0.0262343 -0.00288048 0.0964545 
qwerty 72 37 0 7.53451 0.677974 -0.261088 3.625 0.0262343 -0.00288048 0.0964545 
qwerty 72 37 0 7.53451 0.861565 -0.281246 4.3 0.0262343 -0.00288048 0.0964545 
qwerty 72 37 0 7.53451 1.04516 -0.301404 4.975 0.0262343 -0.00288048 0.0964545 
qwerty 72 37 0 7.53451 1.22875 -0.321562 5.65 0.0262343 -0.00288048 0.0964545 
qwerty 72 37 0 7.53451 1.41234 -0.34172 6.325 0.0262343 -0.00288048 0.0964545 
qwerty 72 37 0 7.53451 1.59593 -0.361878 7 0.0262343 -0.00288048 0.0964545 
qwerty 72 37 0 7.53451 1.77952 -0.382036 7.675 0.0262343 -0.00288048 0.0964545 
qwerty 72 37 0 7.53451 1.96311 -0.402194 8.35 0.0262343 -0.00288048 0.0964545 
qwerty 72 37 0 7.53451 2.1467 -0.422352 9.025 0.0262343 -0.00288048 0.0964545 
qwerty 72 37 0 7.53451 2.33029 -0.44251 9.7 0.0262343 -0.00288048 0.0964545 
qwerty 72 37 0 7.53451 2.51388 -0.462668 10.375 0.0262343 -0.00288048 0.0964545 
qwerty 72 37 0 7.53451 2.69747 -0.482826 11.05 0.0262343 -0.00288048 0.0964545 
qwerty 72 37 0 7.53451 2.88107 -0.502984 11.725 0.0262343 -0.00288048 0.0964545 
qwerty 72 37 0 7.53451 3.06466 -0.523141 12.4 0.0262343 -0.00288048 0.0964545 
qwerty 72 37 0 7.53451 3.24825 -0.543299 13.075 0.0262343 -0.00288048 0.0964545 
qwerty 72 37 0 7.53451 3.43184 -0.563457 13.75 0.0262343 -0.00288048 0.0964545 
qwerty 72 37 0 7.53451 3.61543 -0.583615 14.425 0.0262343 -0.00288048 0.0964545 
qwerty 72 37 0 7.53451 3.79902 -0.603773 15.1 0.0262343 -0.00288048 0.0964545 
qwerty 72 37 0 7.53451 3.98261 -0.623931 15.775 0.0262343 -0.00288048 0.0964545 
qwerty 71 37 0 0.359205 0.459956 -0.239456 2.95 0.0213159 -0.0029181 0.0976582 
qwerty 71 37 0 0.359205 0.607289 -0.259626 3.625 0.0213159 -0.0029181 0.0976582 
qwerty 71 37 0 0.359205 0.754622 -0.279795 4.3 0.0213159 -0.0029181 0.0976582 
qwerty 69 37 0 1.0825 0.294183 -0.245132 2.275 0.0162825 -0.0120913 0.0979218 
qwerty 69 37 0 1.0825 0.406423 -0.32848 2.95 0.0162825 -0.0120913 0.0979218 
qwerty 69 37 0 1.0825 0.518662 -0.411829 3.625 0.0162825 -0.0120913 0.0979218 
qwerty 69 37 0 1.0825 0.630901 -0.495178 4.3 0.0162825 -0.0120913 0.0979218 
qwerty 69 37 0 1.0825 0.74314 -0.578526 4.975 0.0162825 -0.0120913 0.0979218 
qwerty 69 37 0 1.0825 0.855379 -0.661875 5.65 0.0162825 -0.0120913 0.0979218 
qwerty 69 37 0 1.0825 0.967619 -0.745224 6.325 0.0162825 -0.0120913 0.0979218 
qwerty 69 37 0 1.0825 1.07986 -0.828572 7 0.0162825 -0.0120913 0.0979218 
qwerty 69 37 0 1.0825 1.1921 -0.911921 7.675 0.0162825 -0.0120913 0.0979218 
qwerty 69 37 0 1.0825 1.30434 -0.99527 8.35 0.0162825 -0.0120913 0.0979218 
qwerty 69 37 0 1.0825 1.41658 -1.07862 9.025 0.0162825 -0.0120913 0.0979218 
qwerty 127 69 0 0.991911 1.44545 -1.10065 9.2 -0.0700904 -0.0706985 -0.00943754 
qwerty 68 5 0 0.510999 -11.1853 10.5639 7 -0.0276579 0.0438351 0.0855192 
qwerty 67 5 0 0.510999 -10.8053 9.96162 5.825 0.0276579 -0.0438351 -0.0855192 
qwerty 66 5 0 0.185363 -11.0528 10.5268 5.825 -0.00959344 0.0503533 -0.0858633 
qwerty 65 5 0 0.435156 -10.7451 10.5756 5.825 0.0305332 0.0424071 -0.0852606 
qwerty 65 5 0 0.171353 -10.5815 10.8028 5.36823 -0.0716075 0.00136881 0.0697889 
qwerty 65 5 0 0.171353 -10.8706 10.8083 5.65 -0.0716075 0.00136881 0.0697889 
qwerty 131 65 0.263803 0 -10.564 10.8153 5.33453 0.0438813 0.0312824 -0.0842368 
qwerty 64 5 0 0.22524 -10.6437 10.3249 6.69323 -0.0820268 0.0288392 0.0493954 
qwerty 64 5 0 0.22524 -11.1531 10.504 7 -0.0820268 0.0288392 0.0493954 
qwerty 133 64 0.348499 0 -10.5844 10.3301 6.70893 -0.0189435 -0.0582559 0.0790404 
qwerty 63 5 0 0.808673 -10.416 11.25 6.78318 0.0532356 0.0805057 0.0261688 
qwerty 63 5 0 0.808673 -9.97489 11.917 7 0.0532356 0.0805057 0.0261688 
qwerty 63 5 0 0.262872 -10.0848 11.7707 7.675 -0.0315642 -0.0450329 0.0835209 
qwerty 61 5 0 0.447972 -10.4623 11.2031 7 0.0493464 0.0762282 0.041883 
qwerty 59 5 0 0.820855 -8.75 14.6426 5.82836 0.0456652 0.0883106 -0.0107667 
qwerty 59 5 0 0.820855 -8.73573 14.6702 5.825 0.0456652 0.0883106 -0.0107667 
qwerty 56 5 0 0.504085 -11.037 11.1344 7 -0.0156197 0.0512144 0.0844577 
qwerty 56 5 0 0.457748 -11.25 11.2766 7.31283 -0.056216 0.033064 0.0758059 
qwerty 56 5 0 0.457748 -11.5186 11.4346 7.675 -0.056216 0.033064 0.0758059 
qwerty 56 5 0 0.457748 -12.0191 11.729 8.35 -0.056216 0.033064 0.0758059 
qwerty 56 5 0 0.457748 -12.5197 12.0234 9.025 -0.056216 0.033064 0.0758059 
qwerty 56 5 0 0.457748 -13.0364 12.3214 9.7 -0.0573639 0.0330847 0.0749319 
qwerty 56 5 0 0.457748 -13.5531 12.6195 10.375 -0.0573639 0.0330847 0.0749319 
qwerty 55 38 0 3.11575 2.02978 0.341653 5.15 0.0959115 -0.0206391 -0.0193654 
qwerty 53 38 0 2.52618 -0.987705 1.73872 6.325 0.0266867 0.0716784 0.0644206 
qwerty 53 38 0 2.52618 -0.708081 2.48976 7 0.0266867 0.0716784 0.0644206 
qwerty 53 38 0 2.52618 -0.428458 3.24081 7.675 0.0266867 0.0716784 0.0644206 
qwerty 53 38 0 2.52618 -0.23888 3.75 8.13263 0.0266867 0.0716784 0.0644206 
qwerty 53 38 0 2.52618 -0.148834 3.99186 8.35 0.0266867 0.0716784 0.0644206 
qwerty 53 38 0 2.52618 0.13079 4.7429 9.025 0.0266867 0.0716784 0.0644206 
qwerty 53 38 0 2.52618 0.410414 5.49395 9.7 0.0266867 0.0716784 0.0644206 
qwerty 53 38 0 2.52618 0.690038 6.245 10.375 0.0266867 0.0716784 0.0644206 
qwerty 53 38 0 2.52618 0.969662 6.99605 11.05 0.0266867 0.0716784 0.0644206 
qwerty 53 38 0 2.52618 1.24929 7.74709 11.725 0.0266867 0.0716784 0.0644206 
qwerty 53 38 0 2.52618 1.52891 8.49814 12.4 0.0266867 0.0716784 0.0644206 
qwerty 53 38 0 2.52618 1.80853 9.24919 13.075 0.0266867 0.0716784 0.0644206 
qwerty 53 38 0 1.03683 2.00806 9.78511 13.5567 0.0798223 0.0591848 0.0112055 
qwerty 53 38 0 1.03683 3.38534 10.8063 13.75 0.0798223 0.0591848 0.0112055 
qwerty 151 53 0.32491 1.109 2.03105 9.92647 13.679 -0.0173364 0.0736046 0.0654356 
qwerty 151 53 0.221317 0.887687 2.01224 10.0063 13.75 -0.0467274 0.0270179 0.0841819 
qwerty 153 151 0 0.0554393 2.17741 10.0058 13.75 0.0808662 0.0438456 0.0392201 
qwerty 52 38 0 0.211246 -1.35355 0.544369 5.65 -0.0560205 0.0678452 0.0475261 
qwerty 51 38 0 13.47 -1.12961 -0.243471 5.65 -0.0572723 0.00116022 0.0819667 
qwerty 51 38 0 13.47 -1.60125 -0.233916 6.325 -0.0572723 0.00116022 0.0819667 
qwerty 51 38 0 13.47 -2.07289 -0.224362 7 -0.0572723 0.00116022 0.0819667 
qwerty 51 38 0 13.47 -2.54453 -0.214807 7.675 -0.0572723 0.00116022 0.0819667 
qwerty 51 38 0 13.47 -3.01617 -0.205253 8.35 -0.0572723 0.00116022 0.0819667 
qwerty 51 38 0 13.47 -3.48781 -0.195699 9.025 -0.0572723 0.00116022 0.0819667 
qwerty 51 38 0 13.47 -3.95945 -0.186144 9.7 -0.0572723 0.00116022 0.0819667 
qwerty 156 51 0.00738517 8.48111 -4.06435 -0.173262 9.87966 0.0618363 0.0226962 0.0752406 
qwerty 156 51 0.724233 7.75688 -3.75 -0.0578846 10.2621 0.070018 0.0163552 0.0694981 
qwerty 156 51 0.309623 7.44726 -3.6363 -0.0313266 10.375 0.0723693 0.0109687 0.068135 
qwerty 156 51 0.126876 0.838253 -3.66333 0.0215974 10.3184 0.0574067 -0.0454624 -0.0681003 
qwerty 156 51 0.120229 0.718023 -3.61806 0.0104945 10.2738 0.0289789 0.00127426 -0.0957006 
qwerty 156 51 0.119635 0.598388 -3.59171 0.0345379 10.2093 -0.0095538 -0.0105918 -0.0989775 
qwerty 156 51 0.154581 0.443807 -3.57349 0.0556475 10.1216 -0.029461 0.00288613 -0.0955182 
qwerty 156 51 0.319185 0.124622 -3.59914 0.0581604 10.0384 -0.0995453 0.00778959 0.00548306 
qwerty 156 51 0.124622 0 -3.61083 0.0590749 10.039 -0.0995453 0.00778959 0.00548306 
qwerty 163 156 0 0.134739 -3.30522 -0.140597 10.3278 -0.0698644 0.0104699 0.0707767 
qwerty 163 156 0 0.134739 -3.35178 -0.13362 10.375 -0.0698644 0.0104699 0.0707767 
qwerty 164 163 0.126478 0 -3.29558 -0.14517 10.3223 0.080126 -0.037994 -0.0462198 
qwerty 159 156 0 0.928991 -2.31223 0.277797 11.05 0.0872815 0.0203136 0.0443768 
qwerty 159 156 0 0.928991 -1.25 0.525016 11.5901 0.0872815 0.0203136 0.0443768 
qwerty 159 156 0 0.928991 -0.984619 0.58678 11.725 0.0872815 0.0203136 0.0443768 
qwerty 159 156 0 0.826156 -0.29514 0.961024 12.4 0.0638288 0.0376964 0.0671183 
qwerty 159 156 0 0.826156 0.346778 1.34013 13.075 0.0638288 0.0376964 0.0671183 
qwerty 159 156 0 0.826156 0.988696 1.71924 13.75 0.0638288 0.0376964 0.0671183 
qwerty 159 156 0 0.826156 1.25 1.87356 14.0248 0.0638288 0.0376964 0.0671183 
qwerty 159 156 0 0.826156 1.63061 2.09835 14.425 0.0638288 0.0376964 0.0671183 
qwerty 159 156 0 0.826156 2.27253 2.47745 15.1 0.0638288 0.0376964 0.0671183 
qwerty 159 156 0 0.826156 2.91445 2.85656 15.775 0.0638288 0.0376964 0.0671183 
qwerty 159 156 0 0.826156 3.55637 3.23567 16.45 0.0638288 0.0376964 0.0671183 
qwerty 159 156 0 0.274571 3.6228 3.58962 17.125 -0.0205788 0.0241298 0.0948381 
qwerty 158 156 0 0.0141788 -3.75 -0.0605881 10.2046 0.0674684 0.0241832 0.0697366 
qwerty 158 156 0 0.0141788 -3.58512 -0.00148755 10.375 0.0674684 0.0241832 0.0697366 
qwerty 50 38 0 8.51098 -0.727872 -0.187269 4.975 -0.0529388 0.0158954 0.0833356 
qwerty 50 38 0 8.51098 -1.15666 -0.0585205 5.65 -0.0529388 0.0158954 0.0833356 
qwerty 175 50 0.0687733 2.79039 -1.28228 0.012372 5.84295 -0.012999 0.0897374 0.0421689 
qwerty 175 50 1.12121 1.66917 -1.40712 0.36021 6.06031 -0.0128699 0.0983183 0.0129566 
qwerty 175 50 0.61141 1.05776 -1.5218 0.635985 6.02763 -0.015938 0.0843785 0.0512469 
qwerty 175 50 0.487162 0.570601 -1.63647 0.801467 6.10894 -0.00804475 0.0944927 0.0317239 
qwerty 175 50 0.32487 0.24573 -1.6848 0.897332 6.17828 -0.0370143 0.0752884 0.0544205 
qwerty 175 50 0.24573 0 -1.69804 0.924257 6.19774 -0.0370143 0.0752884 0.0544205 
qwerty 177 175 0 0.021779 -1.25 0.401534 5.93213 0.00805942 0.0971566 0.0222629 
qwerty 177 175 0.00029101 0 -1.1707 1.35756 6.15119 0.00805942 0.0971566 0.0222629 
qwerty 178 177 0.021488 0 -1.17025 1.35764 6.15147 0.0840589 0.0161091 0.0517165 
qwerty 48 38 0 0.431323 -0.26037 -0.285805 4.3 -0.0465378 0.0010075 0.0885055 
qwerty 48 38 0 0.431323 -0.615297 -0.278121 4.975 -0.0465378 0.0010075 0.0885055 
qwerty 48 38 0 0.431323 -0.970225 -0.270437 5.65 -0.0465378 0.0010075 0.0885055 
qwerty 48 38 0 0.431323 -1.25 -0.26438 6.18208 -0.0465378 0.0010075 0.0885055 
qwerty 48 38 0 0.431323 -1.32515 -0.262753 6.325 -0.0465378 0.0010075 0.0885055 
qwerty 48 38 0 0.431323 -1.68008 -0.255069 7 -0.0465378 0.0010075 0.0885055 
qwerty 48 38 0 0.431323 -2.03501 -0.247385 7.675 -0.0465378 0.0010075 0.0885055 
qwerty 47 38 0 0.150747 0.497253 -0.469824 3.625 0.0450071 -0.0317621 0.0834598 
qwerty 46 38 0 1.10201 0.164624 -0.266248 3.625 -0.00951625 -0.000836784 0.0995427 
qwerty 46 38 0 1.10201 0.100094 -0.271922 4.3 -0.00951625 -0.000836784 0.0995427 
qwerty 46 38 0 1.10201 0.0355644 -0.277596 4.975 -0.00951625 -0.000836784 0.0995427 
qwerty 46 38 0 1.10201 -0.0289654 -0.28327 5.65 -0.00951625 -0.000836784 0.0995427 
qwerty 45 38 0 41.177 0.189946 -0.307733 3.625 -0.00558916 -0.00716569 0.0995862 
qwerty 45 38 0 41.177 0.152062 -0.356302 4.3 -0.00558916 -0.00716569 0.0995862 
qwerty 45 38 0 41.177 0.114178 -0.404872 4.975 -0.00558916 -0.00716569 0.0995862 
qwerty 45 38 0 41.177 0.0762948 -0.453441 5.65 -0.00558916 -0.00716569 0.0995862 
qwerty 45 38 0 41.177 0.0384112 -0.502011 6.325 -0.00558916 -0.00716569 0.0995862 
qwerty 45 38 0 41.177 0.000527623 -0.55058 7 -0.00558916 -0.00716569 0.0995862 
qwerty 45 38 0 41.177 -0.037356 -0.599149 7.675 -0.00558916 -0.00716569 0.0995862 
qwerty 45 38 0 41.177 -0.0752395 -0.647719 8.35 -0.00558916 -0.00716569 0.0995862 
qwerty 45 38 0 41.177 -0.113123 -0.696288 9.025 -0.00558916 -0.00716569 0.0995862 
qwerty 45 38 0 41.177 -0.151007 -0.744857 9.7 -0.00558916 -0.00716569 0.0995862 
qwerty 183 45 0.394457 34.1623 -0.170823 -0.744842 10.1328 -0.00283475 -0.00808739 0.0996321 
qwerty 183 45 0.392436 33.7699 -0.177714 -0.764504 10.375 0.00218944 -0.0123538 0.0992098 
qwerty 183 45 0.0220197 29.4506 -0.165282 -0.800087 10.5651 0.00323133 -0.00601132 0.0997668 
qwerty 183 45 0.987264 28.4633 -0.149576 -0.829305 11.05 0.0037636 -0.00598957 0.0997495 
qwerty 183 45 0.979962 25.2894 -0.225366 -1.01193 11.725 -0.0238681 -0.0280934 0.0929574 
qwerty 183 45 1.08479 19.3605 -0.75382 -1.039 12.4 -0.0699094 -0.0115256 0.0705679 
qwerty 183 45 0.0571546 6.99275 -1.0525 -1.06377 12.6077 -0.0707996 0.0183969 0.0681834 
qwerty 183 45 0.448762 6.54399 -1.25 -1.01245 12.7979 -0.0701861 0.0112617 0.0703355 
qwerty 183 45 0.870632 5.67336 -1.52647 -0.968088 13.075 -0.0443281 -0.0241492 0.086324 
qwerty 183 45 1.00169 2.62363 -1.75872 -1.0135 12.575 -0.0280993 -0.0374968 -0.0883426 
qwerty 183 45 0 0.910345 -1.79448 -1.04188 12.575 0.0260145 -0.0326347 -0.0908748 
qwerty 183 45 0.0738429 0.713874 -1.78509 -1.07785 12.6045 0.0512775 -0.0779098 0.0360649 
qwerty 183 45 0.0839694 0.629904 -1.74975 -1.10477 12.6265 0.0623484 -0.0560158 0.0545427 
qwerty 183 45 0.180875 0.449029 -1.73432 -1.13329 12.6578 0.0380451 -0.0445458 0.0810447 
qwerty 183 45 0.101159 0.34787 -1.72245 -1.16541 12.6858 0.0583154 -0.0542927 0.0604286 
qwerty 183 45 0.206575 0.141295 -1.68446 -1.21644 12.6869 -0.0479887 -0.087554 -0.00560232 
qwerty 183 45 0.141295 0 -1.69142 -1.22913 12.6861 -0.0479887 -0.087554 -0.00560232 
qwerty 190 183 0.0196538 0.349046 -0.172693 -0.797142 10.5685 -0.0749235 0.0404351 0.0524544 
qwerty 190 183 0.049664 0.299382 -0.179086 -0.791026 10.5763 -0.0518008 0.0191241 0.0833724 
qwerty 190 183 0.0681004 0.231281 -0.185893 -0.785141 10.5899 -0.0563133 0.0381157 0.0733212 
qwerty 190 183 0.0629881 0.168293 -0.209091 -0.771958 10.5972 0.00947354 0.0893772 -0.0438403 
qwerty 190 183 0.168293 0 -0.207254 -0.754631 10.5887 0.00947354 0.0893772 -0.0438403 
qwerty 199 183 0 0.0201258 -1.25 -1.02339 12.7935 -0.0720476 0.0147284 0.0677659 
qwerty 199 183 0 0.0201258 -1.54928 -0.962213 13.075 -0.0720476 0.0147284 0.0677659 
qwerty 196 183 0 2.65928 -1.25 -1.29309 12.6966 -0.0767238 -0.0463382 0.0443422 
qwerty 196 183 0 2.65928 -1.90478 -1.68855 13.075 -0.0767238 -0.0463382 0.0443422 
qwerty 196 183 0 2.65928 -3.07271 -2.39394 13.75 -0.0767238 -0.0463382 0.0443422 
qwerty 196 183 0 2.65928 -3.75 -2.803 14.1414 -0.0767238 -0.0463382 0.0443422 
qwerty 196 183 0 2.65928 -4.24064 -3.09932 14.425 -0.0767238 -0.0463382 0.0443422 
qwerty 196 183 0 2.65928 -5.31799 -3.75 15.0476 -0.0767238 -0.0463382 0.0443422 
qwerty 196 183 0 2.65928 -5.40857 -3.80471 15.1 -0.0767238 -0.0463382 0.0443422 
qwerty 196 183 0 1.99433 -6.12224 -4.05883 15.775 -0.068851 -0.0217858 0.0691731 
qwerty 196 183 0 1.89379 -7.03151 -4.36646 16.45 -0.0781623 -0.0265778 0.0564293 
qwerty 196 183 0 1.89379 -7.96648 -4.68438 17.125 -0.0781623 -0.0265778 0.0564293 
qwerty 196 183 0 1.89379 -8.90144 -5.0023 17.8 -0.0781623 -0.0265778 0.0564293 
qwerty 196 183 0 1.89379 -9.83641 -5.32022 18.475 -0.0781623 -0.0265778 0.0564293 
qwerty 196 183 0 1.89379 -10.7714 -5.63815 19.15 -0.0781623 -0.0265778 0.0564293 
qwerty 196 183 0 1.89379 -11.25 -5.80089 19.4955 -0.0781623 -0.0265778 0.0564293 
qwerty 196 183 0 1.89379 -11.7063 -5.95607 19.825 -0.0781623 -0.0265778 0.0564293 
qwerty 196 183 0 1.89379 -12.5708 -6.25 20.4491 -0.0781623 -0.0265778 0.0564293 
qwerty 196 183 0 1.89379 -12.6413 -6.27399 20.5 -0.0781623 -0.0265778 0.0564293 
qwerty 196 183 0 1.89379 -13.5763 -6.59191 21.175 -0.0781623 -0.0265778 0.0564293 
qwerty 196 183 0 1.89379 -14.5112 -6.90983 21.85 -0.0781623 -0.0265778 0.0564293 
qwerty 196 183 0 1.89379 -15.4462 -7.22775 22.525 -0.0781623 -0.0265778 0.0564293 
qwerty 196 183 0 0.831733 -15.797 -6.88454 23.2 -0.0401903 0.0431056 0.0807877 
qwerty 196 183 0 0.831733 -16.1328 -6.52438 23.875 -0.0401903 0.0431056 0.0807877 
qwerty 196 183 0 0.831733 -16.3886 -6.25 24.3892 -0.0401903 0.0431056 0.0807877 
qwerty 196 183 0 0.831733 -16.4686 -6.16423 24.55 -0.0401903 0.0431056 0.0807877 
qwerty 196 183 0 0.831733 -16.8044 -5.80407 25.225 -0.0401903 0.0431056 0.0807877 
qwerty 196 183 0 0.831733 -17.1402 -5.44391 25.9 -0.0401903 0.0431056 0.0807877 
qwerty 196 183 0 0.831733 -17.476 -5.08375 26.575 -0.0401903 0.0431056 0.0807877 
qwerty 196 183 0 0.831733 -17.8118 -4.7236 27.25 -0.0401903 0.0431056 0.0807877 
qwerty 196 183 0 0.831733 -18.1476 -4.36344 27.925 -0.0401903 0.0431056 0.0807877 
qwerty 196 183 0 0.831733 -18.4834 -4.00328 28.6 -0.0401903 0.0431056 0.0807877 
qwerty 196 183 0 0.831733 -18.75 -3.71733 29.1359 -0.0401903 0.0431056 0.0807877 
qwerty 196 183 0 0.831733 -18.8192 -3.64312 29.275 -0.0401903 0.0431056 0.0807877 
qwerty 196 183 0 0.418101 -18.9554 -3.75 29.5733 -0.0296328 -0.0660107 0.0690252 
qwerty 196 183 0 0.418101 -19.1171 -4.1102 29.95 -0.0296328 -0.0660107 0.0690252 
qwerty 196 183 0 0.418101 -19.4069 -4.75572 30.625 -0.0296328 -0.0660107 0.0690252 
qwerty 196 183 0 0.418101 -19.6967 -5.40125 31.3 -0.0296328 -0.0660107 0.0690252 
qwerty 196 183 0 0.418101 -20.4754 -7.21328 31.975 -0.0374015 -0.0871013 0.031851 
qwerty 196 183 0 0.301954 -20.9812 -8.39115 32.4057 -0.00744631 -0.0220759 0.0972482 
qwerty 196 183 0 0.301954 -20.9999 -8.4466 32.65 -0.00744631 -0.0220759 0.0972482 
qwerty 196 183 0 0.226961 -21.0221 -8.51244 32.94 0.0633948 -0.0692316 0.0344686 
qwerty 196 183 0 0.226961 -20.314 -9.28566 33.325 0.0633948 -0.0692316 0.0344686 
qwerty 207 196 0.0749923 0 -21.0249 -8.51089 32.9437 -0.0580037 0.0315425 0.0751042 
qwerty 206 196 0.116148 0 -20.985 -8.39967 32.4011 -0.0368255 -0.0818279 -0.0441369 
qwerty 195 183 0 0.642731 -1.25 -1.29378 12.8823 -0.0645164 -0.0374543 0.0665944 
qwerty 195 183 0 0.642731 -1.43672 -1.40218 13.075 -0.0645164 -0.0374543 0.0665944 
qwerty 194 183 0 0.24005 -0.77225 -1.13317 12.4 -0.0679461 -0.0113154 0.0724934 
qwerty 193 183 0 1.54309 -0.493919 -1.14773 12.4 -0.0365695 -0.0171134 0.0914866 
qwerty 193 183 0 1.54309 -0.763733 -1.27399 13.075 -0.0365695 -0.0171134 0.0914866 
qwerty 193 183 0 1.54309 -1.03355 -1.40026 13.75 -0.0365695 -0.0171134 0.0914866 
qwerty 193 183 0 1.54309 -1.25 -1.50155 14.2915 -0.0365695 -0.0171134 0.0914866 
qwerty 193 183 0 1.54309 -1.30336 -1.52652 14.425 -0.0365695 -0.0171134 0.0914866 
qwerty 193 183 0 1.54309 -1.57318 -1.65279 15.1 -0.0365695 -0.0171134 0.0914866 
qwerty 193 183 0 1.54309 -1.84299 -1.77905 15.775 -0.0365695 -0.0171134 0.0914866 
qwerty 193 183 0 1.54309 -2.1128 -1.90532 16.45 -0.0365695 -0.0171134 0.0914866 
qwerty 193 183 0 1.54309 -2.38262 -2.03158 17.125 -0.0365695 -0.0171134 0.0914866 
qwerty 193 183 0 1.54309 -2.65243 -2.15785 17.8 -0.0365695 -0.0171134 0.0914866 
qwerty 193 183 0 1.54309 -2.92225 -2.28411 18.475 -0.0365695 -0.0171134 0.0914866 
qwerty 193 183 0 1.54309 -3.19206 -2.41038 19.15 -0.0365695 -0.0171134 0.0914866 
qwerty 193 183 0 1.54309 -3.46187 -2.53664 19.825 -0.0365695 -0.0171134 0.0914866 
qwerty 193 183 0 1.54309 -3.73169 -2.66291 20.5 -0.0365695 -0.0171134 0.0914866 
qwerty 193 183 0 1.54309 -4.0015 -2.78917 21.175 -0.0365695 -0.0171134 0.0914866 
qwerty 193 183 0 1.54309 -4.27132 -2.91544 21.85 -0.0365695 -0.0171134 0.0914866 
qwerty 193 183 0 1.54309 -4.54113 -3.0417 22.525 -0.0365695 -0.0171134 0.0914866 
qwerty 193 183 0 1.54309 -4.81094 -3.16797 23.2 -0.0365695 -0.0171134 0.0914866 
qwerty 193 183 0 1.54309 -5.08076 -3.29423 23.875 -0.0365695 -0.0171134 0.0914866 
qwerty 193 183 0 1.54309 -5.35057 -3.4205 24.55 -0.0365695 -0.0171134 0.0914866 
qwerty 193 183 0 0.628684 -6.25 -3.17319 24.9867 -0.0918302 0.0243593 0.0312064 
qwerty 193 183 0 0.628684 -6.95125 -2.98717 25.225 -0.0918302 0.0243593 0.0312064 
qwerty 192 183 0 0.437489 -0.483682 -1.25 12.2809 -0.0406131 -0.039173 0.0825594 
qwerty 192 183 0 0.437489 -0.542293 -1.30653 12.4 -0.0406131 -0.039173 0.0825594 
qwerty 192 183 0 0.402926 -0.69083 -1.4498 12.7019 -0.0763299 -0.0302032 0.0571096 
qwerty 192 183 0 0.402926 -1.18943 -1.6471 13.075 -0.0763299 -0.0302032 0.0571096 
qwerty 215 192 0.0345626 0 -0.689981 -1.45013 12.7028 0.0679638 -0.0259981 0.0685932 
qwerty 189 183 0 0.376611 -0.117317 -0.834418 11.05 0.00954784 -0.00696048 0.0992995 
qwerty 189 183 0 0.376611 -0.0524143 -0.881733 11.725 0.00954784 -0.00696048 0.0992995 
qwerty 189 183 0 0.376611 0.0941607 -0.671298 12.4 0.0203361 0.0292785 0.0934303 
qwerty 189 183 0 0.376611 0.241082 -0.459772 13.075 0.0203361 0.0292785 0.0934303 
qwerty 189 183 0 0.376611 0.388003 -0.248246 13.75 0.0203361 0.0292785 0.0934303 
qwerty 189 183 0 0.376611 0.534924 -0.0367194 14.425 0.0203361 0.0292785 0.0934303 
qwerty 188 183 0 0.500919 -0.0236638 -0.923205 11.05 0.0260001 -0.0227749 0.0938366 
qwerty 188 183 0 0.17004 -0.0544081 -0.824706 10.55 -0.00935385 0.0199282 -0.0975468 
qwerty 187 183 0 0.749786 -0.0651018 -0.931137 11.05 0.0180058 -0.024017 0.0953885 
qwerty 187 183 0 0.749786 0.0623129 -1.10109 11.725 0.0180058 -0.024017 0.0953885 
qwerty 187 183 0 0.749786 0.173953 -1.25 12.3164 0.0180058 -0.024017 0.0953885 
qwerty 187 183 0 0.749786 0.189728 -1.27104 12.4 0.0180058 -0.024017 0.0953885 
qwerty 187 183 0 0.749786 0.317142 -1.44099 13.075 0.0180058 -0.024017 0.0953885 
qwerty 187 183 0 0.749786 0.444557 -1.61095 13.75 0.0180058 -0.024017 0.0953885 
qwerty 187 183 0 0.749786 0.571972 -1.7809 14.425 0.0180058 -0.024017 0.0953885 
qwerty 187 183 0 0.749786 0.699387 -1.95085 15.1 0.0180058 -0.024017 0.0953885 
qwerty 187 183 0 0.749786 0.826801 -2.1208 15.775 0.0180058 -0.024017 0.0953885 
qwerty 185 183 0 0.12708 -0.178105 -0.763826 10.375 -0.00299594 -0.00780985 0.0996495 
qwerty 44 38 0 72.003 0.261698 -0.251257 2.95 0.000690697 -0.00423855 0.0999077 
qwerty 44 38 0 72.003 0.266365 -0.279894 3.625 0.000690697 -0.00423855 0.0999077 
qwerty 44 38 0 72.003 0.271031 -0.30853 4.3 0.000690697 -0.00423855 0.0999077 
qwerty 44 38 0 72.003 0.275698 -0.337167 4.975 0.000690697 -0.00423855 0.0999077 
qwerty 44 38 0 72.003 0.280364 -0.365804 5.65 0.000690697 -0.00423855 0.0999077 
qwerty 44 38 0 72.003 0.285031 -0.39444 6.325 0.000690697 -0.00423855 0.0999077 
qwerty 44 38 0 72.003 0.289697 -0.423077 7 0.000690697 -0.00423855 0.0999077 
qwerty 44 38 0 72.003 0.294364 -0.451714 7.675 0.000690697 -0.00423855 0.0999077 
qwerty 226 44 0.898379 21.6393 0.569577 -0.441545 8.35 0.0409422 0.0110509 0.0905628 
qwerty 226 44 0.781454 17.5547 0.748438 -0.434255 9.025 0.0352455 0.00542324 0.0934256 
qwerty 226 44 1.13747 7.43731 1.51768 -0.214712 9.7 0.0608875 0.0413698 0.0676849 
qwerty 240 226 0 0.246863 1.32601 0.302727 9.2 -0.0361523 0.0596075 -0.0716935 
qwerty 240 226 0 0.246863 0.98563 0.863936 8.525 -0.0361523 0.0596075 -0.0716935 
qwerty 239 226 0 3.95074 1.47284 1.25 9.22264 -0.00836792 0.0934813 -0.0345141 
qwerty 239 226 0 3.95074 1.46735 1.31133 9.2 -0.00836792 0.0934813 -0.0345141 
qwerty 239 226 0 3.95074 1.3037 3.13956 8.525 -0.00836792 0.0934813 -0.0345141 
qwerty 239 226 0 2.44827 1.1042 3.75 8.27171 -0.0459802 0.0806193 -0.0372337 
qwerty 239 226 0 2.44827 0.58342 4.6631 7.85 -0.0459802 0.0806193 -0.0372337 
qwerty 239 226 0 2.44827 -0.250144 6.12463 7.175 -0.0459802 0.0806193 -0.0372337 
qwerty 239 226 0 2.44827 -1.08371 7.58616 6.5 -0.0459802 0.0806193 -0.0372337 
qwerty 239 226 0 2.44827 -1.91727 9.04769 5.825 -0.0459802 0.0806193 -0.0372337 
qwerty 243 239 0.0312819 0.540055 -1.9289 9.11789 5.83562 0.0858687 0.0261601 0.0440706 
qwerty 243 239 0.0371672 0.502887 -1.90692 9.12235 5.84004 0.0865472 0.0200861 0.0458926 
qwerty 243 239 0.0560297 0.446858 -1.88535 9.1257 5.84677 0.0773067 0.00480118 0.0632504 
qwerty 243 239 0.0398998 0.406958 -1.87275 9.13083 5.86097 0.0751812 0.0447444 0.0484326 
qwerty 243 239 0.0425568 0.364401 -1.8611 9.14367 5.87162 0.0551419 0.0785517 0.0280891 
qwerty 243 239 0.0575028 0.306898 -1.85037 9.16782 5.87591 0.0257092 0.0963911 -0.00691282 
qwerty 243 239 0.0523212 0.254577 -1.84942 9.19174 5.86453 0.0275464 0.07905 -0.0547018 
qwerty 243 239 0.0741557 0.180421 -1.83771 9.20696 5.85642 0.0859454 0.0158634 -0.0485977 
qwerty 243 239 0.0954319 0.0849895 -1.82901 9.20864 5.83953 0.0190988 0.0669325 -0.0718002 
qwerty 243 239 0.0849895 0 -1.82785 9.21272 5.83515 0.0190988 0.0669325 -0.0718002 
qwerty 236 226 0 5.3116 1.42765 -0.338623 9.7 0.0704716 0.00966571 0.0702874 
qwerty 236 226 0 5.3116 2.10442 -0.245799 10.375 0.0704716 0.00966571 0.0702874 
qwerty 236 226 0 5.3116 2.78119 -0.152975 11.05 0.0704716 0.00966571 0.0702874 
qwerty 236 226 0 0.707747 3.34832 -1.61281 11.725 0.0294159 -0.0885671 0.0359245 
qwerty 236 226 0 0.707747 3.90103 -3.27693 12.4 0.0294159 -0.0885671 0.0359245 
qwerty 236 226 0 0.707747 4.45374 -4.94106 13.075 0.0294159 -0.0885671 0.0359245 
qwerty 236 226 0 0.707747 4.84507 -6.25 13.5947 0.0267065 -0.0895738 0.0355428 
qwerty 236 226 0 0.26418 4.9054 -6.45233 13.6749 0.0787894 0.0567123 0.0239989 
qwerty 236 226 0 0.26418 5.15179 -6.27498 13.75 0.0787894 0.0567123 0.0239989 
qwerty 252 236 0.068493 0.375074 4.90958 -6.48837 13.6765 0.0472834 -0.0856586 -0.0206612 
qwerty 252 236 0.0716416 0.303432 4.91412 -6.53019 13.6778 -0.0142802 0.025379 0.095666 
qwerty 252 236 0.10656 0.196873 4.92706 -6.53283 13.7195 0.0382534 0.00365204 0.0923219 
qwerty 252 236 0.048223 0.14865 4.92879 -6.54124 13.7363 0.00704064 0.018968 0.0979318 
qwerty 252 236 0.0469402 0.10171 4.92871 -6.53816 13.7453 0.00355273 0.00952447 0.099482 
qwerty 252 236 0.0189705 0.0827391 4.92888 -6.5377 13.75 0.0393575 0.0388532 0.0833152 
qwerty 252 236 0.00133793 0.0652156 4.92875 -6.53784 13.7496 -0.0276816 -0.0122346 -0.0953102 
qwerty 252 236 0.00256446 0.0626511 4.92866 -6.53786 13.7493 -0.0336435 -0.0337141 -0.0879288 
qwerty 252 236 0.00207136 0.0605798 4.92855 -6.53802 13.7489 -0.016123 -0.0320118 -0.0933557 
qwerty 252 236 0.00284087 0.0577389 4.9283 -6.53811 13.7483 -0.0106384 0.0109533 -0.0988274 
qwerty 252 236 0.00713645 0.0506025 4.92791 -6.53783 13.7473 -0.029961 0.0567092 -0.0767229 
qwerty 252 236 0.0104583 0.0401441 4.92744 -6.53647 13.7466 0.0368855 0.0864873 -0.0340501 
qwerty 252 236 0.0401441 0 4.92805 -6.53506 13.7461 0.0368855 0.0864873 -0.0340501 
qwerty 255 251 0 0.616272 3.21157 -0.227342 11.725 0.0496459 -0.0164831 0.0852267 
qwerty 234 226 0 0.298831 -0.26456 -0.539242 9.025 -0.0863197 -0.0102881 0.0494273 
qwerty 234 226 0 0.298831 -1.45204 -0.666993 9.7 -0.0865949 -0.00916004 0.0491671 
qwerty 233 226 0 0.527014 0.623127 -0.448495 8.35 0.0519982 0.00277342 0.0853727 
qwerty 233 226 0 0.527014 1.03425 -0.426567 9.025 0.0519982 0.00277342 0.0853727 
qwerty 233 226 0 0.527014 1.44538 -0.404638 9.7 0.0519982 0.00277342 0.0853727 
qwerty 233 226 0 0.527014 1.8565 -0.38271 10.375 0.0519982 0.00277342 0.0853727 
qwerty 233 226 0 0.509382 2.05804 -0.379852 11.05 0.0284333 0.000388545 0.0958718 
qwerty 233 226 0 0.509382 2.25823 -0.377116 11.725 0.0284333 0.000388545 0.0958718 
qwerty 233 226 0 0.377024 2.09426 0.024963 12.4 -0.0296864 0.057628 0.0761428 
qwerty 231 226 0 0.180183 0.429782 -0.510604 8.35 0.0227954 -0.00920083 0.0969315 
qwerty 230 226 0 2.17416 0.397152 -0.457012 8.35 0.0174379 -2.52908e-05 0.0984679 
qwerty 228 226 0 0.165365 0.291402 -0.511245 8.25387 -0.0699611 -7.51067e-05 0.0714523 
qwerty 228 226 0 0.165365 0.197278 -0.511346 8.35 -0.0699611 -7.51067e-05 0.0714523 
qwerty 274 228 0.0167019 0 0.291696 -0.511299 8.25403 0.0865278 -0.0156843 0.0476125 
qwerty 42 38 0 20.9199 0.274852 -0.245433 2.95 0.00301174 -0.00317362 0.0999042 
qwerty 42 38 0 20.9199 0.295201 -0.266875 3.625 0.00301174 -0.00317362 0.0999042 
qwerty 42 38 0 20.9199 0.31555 -0.288318 4.3 0.00301174 -0.00317362 0.0999042 
qwerty 42 38 0 20.9199 0.335898 -0.30976 4.975 0.00301174 -0.00317362 0.0999042 
qwerty 42 38 0 20.9199 0.356247 -0.331203 5.65 0.00301174 -0.00317362 0.0999042 
qwerty 42 38 0 20.9199 0.376596 -0.352645 6.325 0.00301174 -0.00317362 0.0999042 
qwerty 42 38 0 20.9199 0.396944 -0.374088 7 0.00301174 -0.00317362 0.0999042 
qwerty 42 38 0 20.9199 0.417293 -0.39553 7.675 0.00301174 -0.00317362 0.0999042 
qwerty 42 38 0 1.07507 1.23414 -1.01729 8.35 0.0683487 -0.0519779 0.0512518 
qwerty 42 38 0 1.07507 2.13431 -1.70185 9.025 0.0683487 -0.0519779 0.0512518 
qwerty 42 38 0 1.07507 3.03448 -2.38641 9.7 0.0683487 -0.0519779 0.0512518 
qwerty 42 38 0 1.07507 3.75 -2.93055 10.2365 0.0683487 -0.0519779 0.0512518 
qwerty 42 38 0 1.07507 3.93465 -3.07097 10.375 0.0683487 -0.0519779 0.0512518 
qwerty 42 38 0 1.07507 4.82754 -3.75 11.0445 0.0683487 -0.0519779 0.0512518 
qwerty 42 38 0 1.07507 4.83482 -3.75554 11.05 0.0683487 -0.0519779 0.0512518 
qwerty 277 42 0.295545 17.6335 0.341098 -0.417225 8.04055 -0.0362535 -0.00518932 0.0930524 
qwerty 277 42 0.117845 17.3088 0.308656 -0.421108 8.11712 -0.0394996 -0.010153 0.0913055 
qwerty 277 42 0.40668 16.9021 0.20791 -0.447003 8.35 -0.0371469 -0.00941272 0.0923662 
qwerty 279 277 0.360181 0.143094 0.404635 -0.415925 8.124 0.0972106 -0.00843083 0.0218865 
qwerty 279 277 0.143094 0 0.419032 -0.417174 8.12724 0.0972106 -0.00843083 0.0218865 
qwerty 284 277 0 0.964567 1.25 1.7619 8.62364 0.0422577 0.0901896 0.00895064 
qwerty 284 277 0 0.964567 3.14489 5.80611 9.025 0.0422577 0.0901896 0.00895064 
qwerty 282 277 0 11.263 -0.00660614 -0.434219 9.025 -0.0301358 0.00180198 0.0953341 
qwerty 282 277 0 11.263 -0.219979 -0.42146 9.7 -0.0301358 0.00180198 0.0953341 
qwerty 282 277 0 11.263 -0.433351 -0.408701 10.375 -0.0301358 0.00180198 0.0953341 
qwerty 282 277 0 11.263 -0.646724 -0.395942 11.05 -0.0301358 0.00180198 0.0953341 
qwerty 282 277 0 11.263 -0.860096 -0.383184 11.725 -0.0301358 0.00180198 0.0953341 
qwerty 282 277 0 11.263 -1.07347 -0.370425 12.4 -0.0301358 0.00180198 0.0953341 
qwerty 282 277 0 11.263 -1.25 -0.359869 12.9585 -0.0301358 0.00180198 0.0953341 
qwerty 282 277 0 11.263 -1.28684 -0.357666 13.075 -0.0301358 0.00180198 0.0953341 
qwerty 282 277 0 11.263 -1.50021 -0.344908 13.75 -0.0301358 0.00180198 0.0953341 
qwerty 282 277 0 11.263 -1.71359 -0.332149 14.425 -0.0301358 0.00180198 0.0953341 
qwerty 282 277 0 11.263 -1.92696 -0.31939 15.1 -0.0301358 0.00180198 0.0953341 
qwerty 282 277 0 11.263 -2.14033 -0.306632 15.775 -0.0301358 0.00180198 0.0953341 
qwerty 282 277 0 11.263 -2.3537 -0.293873 16.45 -0.0301358 0.00180198 0.0953341 
qwerty 282 277 0 11.263 -2.56708 -0.281114 17.125 -0.0301358 0.00180198 0.0953341 
qwerty 282 277 0 11.263 -2.78045 -0.268356 17.8 -0.0301358 0.00180198 0.0953341 
qwerty 282 277 0 11.263 -2.99382 -0.255597 18.475 -0.0301358 0.00180198 0.0953341 
qwerty 282 277 0 11.263 -3.20719 -0.242838 19.15 -0.0301358 0.00180198 0.0953341 
qwerty 282 277 0 11.263 -3.42057 -0.230079 19.825 -0.0301358 0.00180198 0.0953341 
qwerty 282 277 0 11.263 -3.63394 -0.217321 20.5 -0.0301358 0.00180198 0.0953341 
qwerty 282 277 0 11.263 -3.75 -0.210381 20.8672 -0.0301358 0.00180198 0.0953341 
qwerty 282 277 0 11.263 -3.84731 -0.204562 21.175 -0.0301358 0.00180198 0.0953341 
qwerty 282 277 0 3.08222 -3.88343 -0.38808 21.85 0.00298404 -0.0343819 0.0938562 
qwerty 282 277 0 3.08222 -3.86197 -0.63535 22.525 0.00298404 -0.0343819 0.0938562 
qwerty 282 277 0 2.05076 -3.66466 -0.735371 23.2 0.0342448 -0.00810568 0.0936034 
qwerty 282 277 0 2.05076 -3.41771 -0.793823 23.875 0.0342448 -0.00810568 0.0936034 
qwerty 282 277 0 2.05076 -3.17076 -0.852275 24.55 0.0342448 -0.00810568 0.0936034 
qwerty 282 277 0 2.05076 -2.92381 -0.910728 25.225 0.0342448 -0.00810568 0.0936034 
qwerty 282 277 0 2.05076 -2.67686 -0.96918 25.9 0.0342448 -0.00810568 0.0936034 
qwerty 282 277 0 2.05076 -2.42992 -1.02763 26.575 0.0342448 -0.00810568 0.0936034 
qwerty 282 277 0 1.05772 -2.57891 -0.911645 27.25 -0.0283423 0.0194904 0.093898 
qwerty 282 277 0 1.05772 -2.78265 -0.771535 27.925 -0.0283423 0.0194904 0.093898 
qwerty 282 277 0 1.05772 -2.98639 -0.631426 28.6 -0.0283423 0.0194904 0.093898 
qwerty 282 277 0 1.05772 -3.19013 -0.491316 29.275 -0.0283423 0.0194904 0.093898 
qwerty 282 277 0 1.05772 -3.39388 -0.351206 29.95 -0.0283423 0.0194904 0.093898 
qwerty 282 277 0 1.05772 -3.59762 -0.211096 30.625 -0.0283423 0.0194904 0.093898 
qwerty 282 277 0 1.05772 -3.80136 -0.0709859 31.3 -0.0283423 0.0194904 0.093898 
qwerty 282 277 0 1.05772 -4.00511 0.0691239 31.975 -0.0283423 0.0194904 0.093898 
qwerty 282 277 0 1.05772 -4.20885 0.209234 32.65 -0.0283423 0.0194904 0.093898 
qwerty 282 277 0 1.05772 -4.41259 0.349344 33.325 -0.0283423 0.0194904 0.093898 
qwerty 282 277 0 1.05772 -4.61634 0.489454 34 -0.0283423 0.0194904 0.093898 
qwerty 282 277 0 0.794993 -4.90431 0.234553 34.675 -0.0372592 -0.0356978 0.0856587 
qwerty 282 277 0 0.794993 -5.19792 -0.0467491 35.35 -0.0372592 -0.0356978 0.0856587 
qwerty 282 277 0 0.794993 -5.45314 -0.33616 36.025 -0.0311664 -0.0375432 0.0872878 
qwerty 282 277 0 0.794993 -5.69415 -0.626484 36.7 -0.0311664 -0.0375432 0.0872878 
qwerty 290 282 0.449587 7.06106 -3.97234 -0.148316 21.6204 -0.0353996 0.0215569 0.0910064 
qwerty 290 282 0.455541 6.60552 -4.06165 -0.0939276 21.85 -0.0495934 -0.00616018 0.0866172 
qwerty 290 282 0.754978 3.5852 -4.58956 0.056458 21.6108 -0.0929651 0.00754031 -0.0360644 
qwerty 290 282 0.531254 2.57183 -4.90068 0.145296 21.4813 -0.0975551 0.00564487 -0.0212402 
qwerty 290 282 0.911877 1.65995 -5.27508 0.196499 21.3617 -0.0636052 -0.00441429 -0.0770382 
qwerty 290 282 0.019909 1.64004 -5.28471 0.195831 21.35 -0.0644367 -0.00870779 -0.0759743 
qwerty 299 290 0.140289 0.341829 -4.95794 0.190108 21.4631 0.00535081 0.0911661 -0.0407445 
qwerty 299 290 0.12352 0.218309 -4.96219 0.229124 21.4388 0.0112329 0.0952273 0.0283829 
qwerty 299 290 0.218309 0 -4.95886 0.257321 21.4472 0.0112329 0.0952273 0.0283829 
qwerty 298 290 0.303061 0.128536 -4.65406 0.0394735 21.6616 -0.0196073 -0.0648521 -0.0735511 
qwerty 298 290 0.128536 0 -4.65649 0.031452 21.6526 -0.0196073 -0.0648521 -0.0735511 
qwerty 296 290 0.280409 0.235353 -3.96703 -0.215107 21.7003 -0.0730872 0.00179823 0.0682278 
qwerty 296 290 0.235353 0 -3.99144 -0.214507 21.7231 -0.0730872 0.00179823 0.0682278 
qwerty 297 290 0 0.527652 -5.5309 0.0959144 21.35 -0.0930705 0.0126746 -0.034311 
qwerty 297 290 0 0.527652 -6.25 0.193843 21.0849 -0.0930705 0.0126746 -0.034311 
qwerty 297 290 0 0.527652 -7.36188 0.345261 20.675 -0.0930705 0.0126746 -0.034311 
qwerty 281 277 0 0.234655 0.0819231 -0.429792 8.72542 -0.0268255 -0.0935482 -0.0230027 
qwerty 281 277 0 0.234655 -0.151805 -1.24487 8.525 -0.0268255 -0.0935482 -0.0230027 
qwerty 302 281 0.274961 0 0.0749138 -0.412476 8.76381 -0.016419 0.0405622 0.0899173 
qwerty 280 277 0 0.206859 0.20907 -0.453234 8.35 -0.0390063 -0.0125835 0.0912149 
qwerty 41 38 0 1.4543 0.279094 -0.257816 2.95 0.00369592 -0.00511479 0.0998007 
qwerty 41 38 0 1.4543 0.304091 -0.29241 3.625 0.00369592 -0.00511479 0.0998007 
qwerty 41 38 0 1.4543 0.329088 -0.327004 4.3 0.00369592 -0.00511479 0.0998007 
qwerty 41 38 0 1.4543 0.354085 -0.361598 4.975 0.00369592 -0.00511479 0.0998007 
qwerty 41 38 0 1.4543 0.379083 -0.396191 5.65 0.00369592 -0.00511479 0.0998007 
qwerty 41 38 0 1.4543 0.40408 -0.430785 6.325 0.00369592 -0.00511479 0.0998007 
qwerty 41 38 0 1.4543 0.429077 -0.465379 7 0.00369592 -0.00511479 0.0998007 
qwerty 41 38 0 1.4543 0.454074 -0.499973 7.675 0.00369592 -0.00511479 0.0998007 
qwerty 41 38 0 1.4543 0.479072 -0.534566 8.35 0.00369592 -0.00511479 0.0998007 
qwerty 41 38 0 1.4543 0.504069 -0.56916 9.025 0.00369592 -0.00511479 0.0998007 
qwerty 41 38 0 1.4543 0.529066 -0.603754 9.7 0.00369592 -0.00511479 0.0998007 
qwerty 41 38 0 1.4543 0.554063 -0.638348 10.375 0.00369592 -0.00511479 0.0998007 
qwerty 41 38 0 1.4543 0.579061 -0.672942 11.05 0.00369592 -0.00511479 0.0998007 
qwerty 41 38 0 1.4543 0.604058 -0.707535 11.725 0.00369592 -0.00511479 0.0998007 
qwerty 41 38 0 1.4543 0.629055 -0.742129 12.4 0.00369592 -0.00511479 0.0998007 
qwerty 41 38 0 1.4543 0.654052 -0.776723 13.075 0.00369592 -0.00511479 0.0998007 
qwerty 41 38 0 1.4543 0.67905 -0.811317 13.75 0.00369592 -0.00511479 0.0998007 
qwerty 41 38 0 1.4543 0.704047 -0.845911 14.425 0.00369592 -0.00511479 0.0998007 
qwerty 41 38 0 1.4543 0.729044 -0.880504 15.1 0.00369592 -0.00511479 0.0998007 
qwerty 41 38 0 1.4543 0.754041 -0.915098 15.775 0.00369592 -0.00511479 0.0998007 
qwerty 41 38 0 1.4543 0.779039 -0.949692 16.45 0.00369592 -0.00511479 0.0998007 
qwerty 41 38 0 1.4543 0.804036 -0.984286 17.125 0.00369592 -0.00511479 0.0998007 
qwerty 41 38 0 1.4543 0.829033 -1.01888 17.8 0.00369592 -0.00511479 0.0998007 
qwerty 41 38 0 1.4543 0.85403 -1.05347 18.475 0.00369592 -0.00511479 0.0998007 
qwerty 41 38 0 1.4543 0.879028 -1.08807 19.15 0.00369592 -0.00511479 0.0998007 
qwerty 41 38 0 1.4543 0.904025 -1.12266 19.825 0.00369592 -0.00511479 0.0998007 
qwerty 41 38 0 1.4543 0.929022 -1.15725 20.5 0.00369592 -0.00511479 0.0998007 
qwerty 41 38 0 1.4543 0.954019 -1.19185 21.175 0.00369592 -0.00511479 0.0998007 
qwerty 41 38 0 1.4543 0.979017 -1.22644 21.85 0.00369592 -0.00511479 0.0998007 
qwerty 41 38 0 1.4543 1.00401 -1.26104 22.525 0.00369592 -0.00511479 0.0998007 
qwerty 40 38 0 31.0839 0.252367 -0.221366 2.275 0.00860347 -0.00774122 0.099328 
qwerty 40 38 0 31.0839 0.310833 -0.273972 2.95 0.00860347 -0.00774122 0.099328 
qwerty 39 38 0 0.50495 0.25589 -0.223153 2.275 0.00927154 -0.00807824 0.099241 
qwerty 39 38 0 0.50495 0.318951 -0.278098 2.95 0.00927154 -0.00807824 0.099241 
qwerty 308 40 1.0197 5.87938 0.195731 0.205878 3.625 0.0305208 0.0506111 0.0806659 
qwerty 227 44 0.893136 39.4188 0.182121 -0.44044 8.35 -0.0243615 0.00357477 0.0969213 
qwerty 184 45 0.83152 2.55085 -0.285859 -0.794182 10.3449 -0.0382782 0.0321717 0.0866012 
qwerty 184 45 0.041439 2.50941 -0.299184 -0.782983 10.375 -0.043039 0.0381332 0.0818139 
qwerty 176 50 1.19351 3.10171 -1.49226 0.176443 6.325 -0.0744097 -0.00177221 0.0667836 
qwerty 123 72 0.510282 1.57285 3.95253 -0.382238 16.2002 0.0417533 0.089994 0.0125599 
qwerty 123 72 0.493344 1.0795 4.09162 -0.163314 16.3327 -0.00656784 0.0716611 0.0694374 
qwerty 123 72 0.306341 0.773162 4.08052 -0.0422213 16.45 0.0262823 0.086833 0.0420627 
qwerty 123 72 0.0087223 0.312334 4.08768 -0.0395525 16.4468 0.0857272 -0.0227332 -0.0461958 
qwerty 123 72 0.00722611 0.305107 4.09208 -0.0412986 16.4436 0.0641332 -0.00822306 -0.0762845 
qwerty 123 72 0.0837963 0.221311 4.09522 -0.0426601 16.4385 0.0514077 -0.0198854 -0.0834375 
qwerty 123 72 0.0153325 0.205979 4.10079 -0.0445676 16.4332 0.0392968 -0.0169646 -0.0903768 
qwerty 123 72 0.0344751 0.171504 4.10096 -0.0454495 16.4223 0.0285865 0.00907359 -0.0953964 
qwerty 123 72 0.0653891 0.106115 4.10528 -0.036933 16.4079 -0.0195315 -0.00956602 -0.0976064 
qwerty 123 72 0.106115 0 4.10357 -0.0377703 16.3994 -0.0195315 -0.00956602 -0.0976064 
qwerty 123 72 0 0 4.10357 -0.0377703 16.3994 -0.0195315 -0.00956602 -0.0976064 
qwerty 121 73 0.930884 5.62964 1.22653 -0.381138 4.975 0.0384739 -0.0200653 0.0900952 
qwerty 119 114 0.251704 1.76356 2.32639 -1.57506 16.7724 -0.00680521 0.0166099 0.0983758 
qwerty 119 114 0.550818 1.21274 2.25001 -1.54481 17.0632 -0.0753968 -0.0300717 0.0584039 
qwerty 119 114 0.153628 1.05911 2.17021 -1.57664 17.125 -0.0854588 -0.0292773 0.042891 
qwerty 117 115 0.0864529 0.708223 4.66069 -1.08459 13.952 0.0297208 0.053358 0.0791807 
qwerty 117 115 0.0605914 0.647632 4.66534 -1.06087 13.9831 -0.0152989 0.0436574 0.0886565 
qwerty 117 115 0.222853 0.424779 4.66816 -1.04772 14.0238 -0.00393478 0.0302087 0.0952468 
qwerty 117 115 0.0942222 0.330557 4.6511 -1.04935 14.0752 0.0151468 -0.0606695 0.0780371 
qwerty 117 115 0.330557 0 4.65968 -1.08374 14.1194 0.0151468 -0.0606695 0.0780371 
qwerty 117 115 0 0 4.65968 -1.08374 14.1194 0.0151468 -0.0606695 0.0780371 
qwerty 307 40 0 1.15515 0.309177 -0.471253 3.125 0.0270268 -0.0789179 -0.0551499 
qwerty 307 40 0.0960585 0.803179 0.375121 -0.468188 3.13908 0.0928339 0.0339679 0.0151013 
qwerty 307 40 0.146783 0.656396 0.424158 -0.450279 3.16088 0.0971726 0.0216188 0.00949289 
qwerty 307 40 0.0854702 0.570926 0.471464 -0.425065 3.16494 0.0792021 0.0595928 -0.0132559 
qwerty 307 40 0.138124 0.432802 0.535101 -0.406565 3.1402 0.0990413 -0.00919197 0.0103119 
qwerty 307 40 0.137412 0.29539 0.59019 -0.392548 3.1537 0.0966134 0.024456 0.00823094 
qwerty 307 40 0.164283 0.131106 0.625786 -0.359531 3.17932 0.0549013 -0.00385063 0.0834926 
qwerty 307 40 0.131106 0 0.632807 -0.360024 3.19 0.0549013 -0.00385063 0.0834926 
qwerty 364 307 0.0586957 0.554283 0.366008 -0.310848 2.93678 -0.0470129 -0.0677107 -0.0566131 
qwerty 364 307 0.066676 0.487607 0.352449 -0.326736 2.92438 -0.0336339 -0.0802956 -0.0492075 
qwerty 364 307 0.0407215 0.446885 0.339658 -0.349128 2.91824 0.0184425 -0.0970349 0.015624 
qwerty 364 307 0.0819048 0.36498 0.347136 -0.371715 2.92066 0.0293003 -0.0956049 -0.00109472 
qwerty 364 307 0.0867395 0.278241 0.361437 -0.396036 2.91426 0.0894953 -0.0441375 0.00651726 
qwerty 364 307 0.0578738 0.220367 0.379576 -0.409591 2.9053 0.0239875 -0.0969014 -0.00589269 
qwerty 364 307 0.088697 0.13167 0.370361 -0.434829 2.90017 -0.0493847 -0.0656887 0.0569749 
qwerty 364 307 0.13167 0 0.364 -0.44329 2.90751 -0.0493847 -0.0656887 0.0569749 
qwerty 362 99 0 0.510999 -3.75 -1.75712 11.4721 -0.0786052 0.0435525 0.043868 
qwerty 362 99 0 0.510999 -4.20315 -1.50604 11.725 -0.0786052 0.0435525 0.043868 
qwerty 362 99 0 0.510999 -4.66527 -1.25 11.9829 -0.0786052 0.0435525 0.043868 
qwerty 362 99 0 0.510999 -5.41265 -0.835898 12.4 -0.0786052 0.0435525 0.043868 
qwerty 362 99 0 0.510999 -6.25 -0.371953 12.8673 -0.0786052 0.0435525 0.043868 
qwerty 362 99 0 0.510999 -6.62216 -0.165753 13.075 -0.0786052 0.0435525 0.043868 
qwerty 361 117 0 0.510999 4.53679 -1.52377 13.925 -0.0247517 -0.0886221 -0.0391597 
qwerty 361 117 0 0.510999 4.11014 -3.05136 13.25 -0.0247517 -0.0886221 -0.0391597 
qwerty 361 117 0 0.510999 3.75 -4.34082 12.6802 -0.0247517 -0.0886221 -0.0391597 
qwerty 361 117 0 0.510999 3.68349 -4.57895 12.575 -0.0247517 -0.0886221 -0.0391597 
qwerty 361 117 0 0.311636 3.27274 -6.04964 11.9251 0.0104591 0.000371156 -0.0994508 
qwerty 361 117 0 0.311636 3.27538 -6.04955 11.9 0.0104591 0.000371156 -0.0994508 
qwerty 361 117 0 0.311636 3.34637 -6.04703 11.225 0.0104591 0.000371156 -0.0994508 
qwerty 372 361 0.0425074 0.156856 3.27401 -6.0634 11.9316 -0.0107874 -0.0209793 0.0971777 
qwerty 372 361 0.0668937 0.089962 3.25913 -6.0706 11.9439 -0.00885451 -0.05108 0.0855127 
qwerty 372 361 0.089962 0 3.25854 -6.07403 11.9497 -0.00885451 -0.05108 0.0855127 
qwerty 360 117 0 0.510999 4.85282 -0.392225 14.425 0.0247517 0.0886221 0.0391597 
qwerty 360 117 0 0.510999 5.27947 1.13537 15.1 0.0247517 0.0886221 0.0391597 
qwerty 360 117 0 0.510999 5.70612 2.66296 15.775 0.0247517 0.0886221 0.0391597 
qwerty 360 117 0 0.510999 6.00972 3.75 16.2553 0.0247517 0.0886221 0.0391597 
qwerty 360 117 0 0.510999 6.13276 4.19055 16.45 0.0247517 0.0886221 0.0391597 
qwerty 360 117 0 0.510999 6.25 4.61031 16.6355 0.0247517 0.0886221 0.0391597 
qwerty 360 117 0 0.510999 6.55941 5.71814 17.125 0.0247517 0.0886221 0.0391597 
qwerty 360 117 0 0.510999 6.70796 6.25 17.36 0.0247517 0.0886221 0.0391597 
qwerty 360 117 0 0.510999 6.98606 7.24573 17.8 0.0247517 0.0886221 0.0391597 
qwerty 359 119 0 0.510999 2.12649 -2.57578 16.625 -0.00411771 -0.0885655 -0.0462515 
qwerty 358 119 0 0.510999 2.18813 -1.25 17.3174 0.00411771 0.0885655 0.0462515 
qwerty 358 119 0 0.510999 2.2311 -0.325805 17.8 0.00411771 0.0885655 0.0462515 
qwerty 358 119 0 0.510999 2.29119 0.966731 18.475 0.00411771 0.0885655 0.0462515 
qwerty 358 119 0 0.345144 2.43189 1.25 19.0155 0.0299602 0.00759393 0.0951037 
qwerty 358 119 0 0.345144 2.47426 1.26074 19.15 0.0299602 0.00759393 0.0951037 
qwerty 358 119 0 0.345144 2.68691 1.31464 19.825 0.0299602 0.00759393 0.0951037 
qwerty 358 119 0 0.345144 2.89955 1.36854 20.5 0.0299602 0.00759393 0.0951037 
qwerty 358 119 0 0.345144 3.11219 1.42243 21.175 0.0299602 0.00759393 0.0951037 
qwerty 357 119 0 0.0290749 2.28232 -1.47871 17.125 -0.0119689 0.0261684 0.0957704 
qwerty 356 121 0 0.510999 0.182218 -1.25 5.43956 -0.0787184 -0.0566995 0.0242605 
qwerty 356 121 0 0.226303 0.0463327 -1.34788 5.48144 -0.029538 0.0523099 -0.0799448 
qwerty 356 121 0 0.226303 -0.00893537 -1.25 5.33186 -0.029538 0.0523099 -0.0799448 
qwerty 356 121 0 0.226303 -0.0761294 -1.131 5.15 -0.029538 0.0523099 -0.0799448 
qwerty 379 356 0.284696 0 0.0215463 -1.37804 5.50398 -0.054991 -0.0669119 0.0499878 
qwerty 354 121 0 0.28205 1.44398 -0.612608 5.65 0.0274681 -0.0304088 0.0912185 
qwerty 354 121 0 0.275184 1.68595 -1.09116 6.325 0.0280289 -0.0570169 0.0772234 
qwerty 354 121 0 0.275184 1.76404 -1.25 6.54013 0.0280289 -0.0570169 0.0772234 
qwerty 354 121 0 0.275184 1.93095 -1.58954 7 0.0280289 -0.0570169 0.0772234 
qwerty 354 121 0 0.275184 2.17595 -2.08791 7.675 0.0280289 -0.0570169 0.0772234 
qwerty 352 123 0 0.510999 4.06477 -0.0513176 16.45 -0.0595275 -0.0207835 0.0776178 
qwerty 352 123 0 0.510999 3.75 -0.161215 16.8604 -0.0595275 -0.0207835 0.0776178 
qwerty 352 123 0 0.510999 3.54709 -0.232061 17.125 -0.0595275 -0.0207835 0.0776178 
qwerty 352 123 0 0.510999 3.02941 -0.412804 17.8 -0.0595275 -0.0207835 0.0776178 
qwerty 351 123 0 0.510999 4.44823 0.0825662 15.95 0.0595275 0.0207835 -0.0776178 
qwerty 351 123 0 0.510999 4.96591 0.263309 15.275 0.0595275 0.0207835 -0.0776178 
qwerty 351 123 0 0.266719 5.17736 0.337135 14.9993 0.0577393 -0.0807879 0.0118103 
qwerty 351 123 0 0.266719 5.66971 -0.351751 15.1 0.0577393 -0.0807879 0.0118103 
qwerty 388 351 0.244279 0 5.18692 0.357626 14.972 0.027003 0.0578385 -0.0769776 
qwerty 350 123 0 0.136593 3.88985 -0.566376 16.45 -0.0317252 0.00151928 0.094822 
qwerty 348 148 0 0.510999 1.45624 -0.102491 4.475 -0.0870511 -0.0244573 -0.0427077 
qwerty 347 148 0 0.508991 3.62213 0.511577 5.65 0.0829376 0.0237889 0.0505514 
qwerty 347 148 0 0.426626 4.08129 0.502286 6.325 0.045689 -0.00855101 0.0885404 
qwerty 347 148 0 0.426626 4.4296 0.437096 7 0.045689 -0.00855101 0.0885404 
qwerty 347 148 0 0.426626 4.77792 0.371906 7.675 0.045689 -0.00855101 0.0885404 
qwerty 347 148 0 0.426626 5.12624 0.306716 8.35 0.045689 -0.00855101 0.0885404 
qwerty 347 148 0 0.426626 5.47455 0.241526 9.025 0.045689 -0.00855101 0.0885404 
qwerty 346 150 0 0.510999 -1.25 1.54531 6.12012 -0.0918065 -0.0327878 0.0222829 
qwerty 346 150 0 0.510999 -2.09412 1.24384 6.325 -0.0918065 -0.0327878 0.0222829 
qwerty 346 150 0 0.284196 -3.19815 0.849542 6.59297 -0.0559709 0.0796987 -0.022702 
qwerty 346 150 0 0.284196 -3.42736 1.17592 6.5 -0.0559709 0.0796987 -0.022702 
qwerty 397 346 0 0.181858 -3.4283 1.1776 6.5 -0.0316985 -0.0774722 -0.0547107 
qwerty 397 346 0.0336584 0.104677 -3.42679 1.17836 6.50076 0.0563257 0.05451 0.0620973 
qwerty 397 346 0.00432766 0.100349 -3.42587 1.17923 6.5014 0.0485646 0.0490035 0.0723888 
qwerty 397 346 0.00671593 0.093633 -3.42524 1.18017 6.50219 0.0423963 0.0687529 0.0589541 
qwerty 397 346 0.0059437 0.0876893 -3.42437 1.1809 6.503 0.0753078 0.0656703 -0.00401887 
qwerty 397 346 0.00586182 0.0818275 -3.42343 1.1824 6.50305 0.0517703 0.0855325 0.0020058 
qwerty 397 346 0.00819123 0.0736363 -3.4221 1.18347 6.50317 0.0748757 0.0569207 -0.0339656 
qwerty 397 346 0.00797199 0.0656643 -3.42104 1.1842 6.50225 0.0871598 0.029154 -0.0394107 
qwerty 397 346 0.00684667 0.0588176 -3.41983 1.18425 6.50206 0.0621892 -0.0519963 -0.0585568 
qwerty 397 346 0.0058689 0.0529487 -3.41907 1.18332 6.50155 0.0753458 -0.0587553 -0.0295098 
qwerty 397 346 0.0102565 0.0426922 -3.41837 1.18254 6.50089 0.0780383 -0.062414 -0.00380983 
qwerty 397 346 0.013233 0.0294592 -3.41752 1.18178 6.50151 -0.0196263 -0.0917287 0.0346504 
qwerty 397 346 0.0294592 0 -3.41815 1.1813 6.50235 -0.0465526 0.0861677 -0.0201984 
qwerty 396 346 0.226803 0 -3.21649 0.826235 6.60352 -0.0582611 -0.0740416 0.0335184 
qwerty 339 176 0 0.510999 -1.66964 -0.333103 5.825 -0.0237093 -0.0665441 -0.0707796 
qwerty 339 176 0 0.510999 -1.89575 -0.967711 5.15 -0.0237093 -0.0665441 -0.0707796 
qwerty 339 176 0 0.20018 -2.3837 -1.09037 4.82076 0.0560914 -0.0820221 -0.0112309 
qwerty 339 176 0 0.20018 -1.25 -2.74818 4.59377 0.0560914 -0.0820221 -0.0112309 
qwerty 339 176 0 0.20018 -0.656828 -3.61557 4.475 0.0560914 -0.0820221 -0.0112309 
qwerty 407 339 0.221761 0 -2.41125 -1.08347 4.81001 -0.0907131 0.0227475 -0.0354075 
qwerty 338 176 0 0.510999 -1.27605 0.771585 7 0.0237093 0.0665441 0.0707796 
qwerty 338 176 0 0.510999 -1.04994 1.40619 7.675 0.0237093 0.0665441 0.0707796 
qwerty 338 176 0 0.510999 -0.823834 2.0408 8.35 0.0237093 0.0665441 0.0707796 
qwerty 338 176 0 0.203055 -0.698365 2.39295 8.72456 -0.0896093 -0.044369 -0.00125051 
qwerty 338 176 0 0.203055 -1.25 2.11981 8.71686 -0.0896093 -0.044369 -0.00125051 
qwerty 338 176 0 0.203055 -3.75 0.881967 8.68198 -0.0896093 -0.044369 -0.00125051 
qwerty 338 176 0 0.203055 -6.25 -0.355878 8.64709 -0.0896093 -0.044369 -0.00125051 
qwerty 338 176 0 0.156138 -6.66145 -0.559604 8.64135 -0.0308578 0.00468994 0.0950042 
qwerty 338 176 0 0.156138 -6.78606 -0.540665 9.025 -0.0308578 0.00468994 0.0950042 
qwerty 410 338 0.0469164 0 -6.66274 -0.560539 8.6399 -0.0597367 -0.0435008 -0.0673736 
qwerty 409 338 0.307944 0 -0.674252 2.42717 8.75354 0.0473639 0.0672126 0.0569133 
qwerty 335 184 0 0.510999 1.00121 -0.79354 9.875 0.0929628 -0.00495322 -0.0365156 
qwerty 335 184 0 0.510999 2.71966 -0.885101 9.2 0.0929628 -0.00495322 -0.0365156 
qwerty 335 184 0 0.510999 3.75 -0.94 8.79528 0.0929628 -0.00495322 -0.0365156 
qwerty 335 184 0 0.510999 4.4381 -0.976663 8.525 0.0929628 -0.00495322 -0.0365156 
qwerty 335 184 0 0.510999 6.15654 -1.06822 7.85 0.0929628 -0.00495322 -0.0365156 
qwerty 335 184 0 0.510999 7.87498 -1.15979 7.175 0.0929628 -0.00495322 -0.0365156 
qwerty 335 184 0 0.510999 9.56814 -1.25 6.50993 0.0929628 -0.00495322 -0.0365156 
qwerty 335 184 0 0.510999 9.59343 -1.25135 6.5 0.0929628 -0.00495322 -0.0365156 
qwerty 331 227 0 0.510999 0.237519 -0.0080263 9.025 0.0169241 0.0631904 0.0756343 
qwerty 330 227 0 0.510999 -0.0254015 -0.989706 7.85 -0.0169241 -0.0631904 -0.0756343 
qwerty 328 227 0 5.16258 -0.274349 -0.729618 9.025 -0.0554341 -0.0422061 0.0717336 
qwerty 328 227 0 5.16258 -0.795973 -1.12677 9.7 -0.0554341 -0.0422061 0.0717336 
qwerty 328 227 0 5.16258 -1.25 -1.47245 10.2875 -0.0554341 -0.0422061 0.0717336 
qwerty 328 227 0 5.16258 -1.3176 -1.52392 10.375 -0.0554341 -0.0422061 0.0717336 
qwerty 328 227 0 5.16258 -1.83922 -1.92107 11.05 -0.0554341 -0.0422061 0.0717336 
qwerty 328 227 0 5.16258 -2.36085 -2.31823 11.725 -0.0554341 -0.0422061 0.0717336 
qwerty 328 227 0 5.16258 -2.88247 -2.71538 12.4 -0.0554341 -0.0422061 0.0717336 
qwerty 328 227 0 5.16258 -3.4041 -3.11253 13.075 -0.0554341 -0.0422061 0.0717336 
qwerty 328 227 0 5.16258 -3.92572 -3.50968 13.75 -0.0554341 -0.0422061 0.0717336 
qwerty 328 227 0 5.16258 -4.44734 -3.90683 14.425 -0.0554341 -0.0422061 0.0717336 
qwerty 327 227 0 1.21141 -0.0526375 -0.73264 9.025 -0.0274812 -0.0500909 0.0820712 
qwerty 327 227 0 1.21141 -0.278658 -1.14462 9.7 -0.0274812 -0.0500909 0.0820712 
qwerty 327 227 0 1.21141 -0.504679 -1.55659 10.375 -0.0274812 -0.0500909 0.0820712 
qwerty 327 227 0 1.21141 -0.7307 -1.96857 11.05 -0.0274812 -0.0500909 0.0820712 
qwerty 327 227 0 1.21141 -0.956721 -2.38054 11.725 -0.0274812 -0.0500909 0.0820712 
qwerty 326 227 0 4.56336 -0.0645294 -0.346082 9.025 -0.0343076 0.013718 0.0929237 
qwerty 326 227 0 4.33416 -0.320402 -0.305423 9.7 -0.0356961 0.00293316 0.0933659 
qwerty 326 227 0 4.33416 -0.578471 -0.284217 10.375 -0.0356961 0.00293316 0.0933659 
qwerty 326 227 0 4.33416 -0.83654 -0.263012 11.05 -0.0356961 0.00293316 0.0933659 
qwerty 326 227 0 4.33416 -1.09461 -0.241806 11.725 -0.0356961 0.00293316 0.0933659 
qwerty 326 227 0 4.33416 -1.35268 -0.2206 12.4 -0.0356961 0.00293316 0.0933659 
qwerty 326 227 0 4.33416 -1.61075 -0.199395 13.075 -0.0356961 0.00293316 0.0933659 
qwerty 326 227 0 4.33416 -1.86882 -0.178189 13.75 -0.0356961 0.00293316 0.0933659 
qwerty 326 227 0 4.33416 -2.12689 -0.156983 14.425 -0.0356961 0.00293316 0.0933659 
qwerty 326 227 0 4.33416 -2.38496 -0.135778 15.1 -0.0356961 0.00293316 0.0933659 
qwerty 326 227 0 4.33416 -2.64302 -0.114572 15.775 -0.0356961 0.00293316 0.0933659 
qwerty 326 227 0 4.33416 -2.90109 -0.0933666 16.45 -0.0356961 0.00293316 0.0933659 
qwerty 326 227 0 1.00131 -3.13194 -0.0743976 17.0538 0.0519148 -0.00733594 0.085153 
qwerty 326 227 0 1.00131 -3.08854 -0.0805309 17.125 0.0519148 -0.00733594 0.085153 
qwerty 326 227 0 1.00131 -2.67702 -0.138682 17.8 0.0519148 -0.00733594 0.085153 
qwerty 326 227 0 1.00131 -2.26549 -0.196834 18.475 0.0519148 -0.00733594 0.085153 
qwerty 326 227 0 0.318172 -1.95686 -0.240446 18.9812 -0.0341441 -0.0939787 0.0014797 
qwerty 326 227 0 0.318172 -2.32365 -1.25 18.9971 -0.0341441 -0.0939787 0.0014797 
qwerty 326 227 0 0.246115 -2.45227 -1.60403 19.0027 -0.0774402 -0.0273393 0.0570577 
qwerty 326 227 0 0.246115 -2.65218 -1.67461 19.15 -0.0774402 -0.0273393 0.0570577 
qwerty 431 326 0.072057 0 -2.45093 -1.60781 19.0005 0.029189 -0.0825317 -0.0483376 
qwerty 430 326 0.216148 0.466992 -1.93945 -0.233484 19.0751 0.0171432 -0.0862305 0.0476489 
qwerty 430 326 0.0940208 0.372971 -1.93604 -0.264023 19.0945 0.00489426 -0.0996954 -0.00607297 
qwerty 430 326 0.0635415 0.309429 -1.94082 -0.292274 19.0824 0.0348423 -0.0933725 0.00822103 
qwerty 430 326 0.0832924 0.226137 -1.94584 -0.327538 19.0953 0.0228597 -0.097302 -0.00312184 
qwerty 430 326 0.0998819 0.126255 -1.96066 -0.358088 19.0997 -0.0256895 -0.0962589 -0.00861846 
qwerty 430 326 0.126255 0 -1.96374 -0.36964 19.0986 -0.0256895 -0.0962589 -0.00861846 
qwerty 429 326 0.145927 3.18692 -3.17802 -0.0699265 17.125 -0.059539 0.0204943 0.0776859 
qwerty 325 227 0 24.503 -0.0479778 -0.451452 9.025 -0.0327122 -0.00188683 0.0944794 
qwerty 325 227 0 24.503 -0.281688 -0.464932 9.7 -0.0327122 -0.00188683 0.0944794 
qwerty 325 227 0 24.503 -0.515398 -0.478413 10.375 -0.0327122 -0.00188683 0.0944794 
qwerty 439 325 0.700127 2.32052 -0.710919 -0.864133 10.8349 -0.047003 -0.0722723 0.0506699 
qwerty 439 325 0.924198 1.39632 -0.882995 -1.10799 11.0436 -0.0845718 -0.0153818 0.0510981 
qwerty 439 325 0.0239518 1.37236 -0.893622 -1.10993 11.05 -0.0880012 -0.0143752 0.0452675 
qwerty 444 439 0 1.57437 -0.49001 -0.863586 11.05 0.0137887 -0.0533428 0.0834531 
qwerty 444 439 0 1.57437 -0.378481 -1.29504 11.725 0.0137887 -0.0533428 0.0834531 
qwerty 444 439 0 1.20917 -0.28663 -1.65038 12.2809 0.00535539 -0.0845245 0.0531689 
qwerty 444 439 0 1.20917 -0.274634 -1.8397 12.4 0.00535539 -0.0845245 0.0531689 
qwerty 445 444 0.162059 0.203136 -0.283905 -1.61118 12.3268 -0.0886326 0.0458827 0.00624774 
qwerty 445 444 0.203136 0 -0.307272 -1.59909 12.3284 -0.0886326 0.0458827 0.00624774 
qwerty 443 439 0 0.634404 -0.988596 -1.22945 10.2356 0.00886499 -0.0904629 -0.0416879 
qwerty 443 439 0 0.634404 -0.911906 -2.01203 9.875 0.00886499 -0.0904629 -0.0416879 
qwerty 443 439 0 0.634404 -0.768366 -3.47678 9.2 0.00886499 -0.0904629 -0.0416879 
qwerty 449 443 0.149077 0 -1.00424 -1.23196 10.2351 -0.0986804 -0.0158758 -0.00318223 
qwerty 442 439 0 0.168982 -0.979064 -1.25 11.0241 -0.0408872 -0.0763437 0.0499988 
qwerty 442 439 0 0.168982 -1.00024 -1.28953 11.05 -0.0408872 -0.0763437 0.0499988 
qwerty 441 439 0 3.73215 -0.99952 -1.25 10.9933 -0.0434475 -0.0765038 0.047534 
qwerty 441 439 0 3.73215 -1.05134 -1.34124 11.05 -0.0434475 -0.0765038 0.047534 
qwerty 441 439 0 3.73215 -1.25 -1.69105 11.2674 -0.0434475 -0.0765038 0.047534 
qwerty 441 439 0 3.73215 -1.66831 -2.42762 11.725 -0.0434475 -0.0765038 0.047534 
qwerty 441 439 0 3.73215 -2.28528 -3.514 12.4 -0.0434475 -0.0765038 0.047534 
qwerty 441 439 0 3.73215 -2.90225 -4.60038 13.075 -0.0434475 -0.0765038 0.047534 
qwerty 441 439 0 3.73215 -3.51922 -5.68677 13.75 -0.0434475 -0.0765038 0.047534 
qwerty 441 439 0 0.751501 -3.27165 -5.85404 14.425 0.0339391 -0.0222109 0.0914047 
qwerty 441 439 0 0.751501 -3.02102 -6.01807 15.1 0.0339391 -0.0222109 0.0914047 
qwerty 441 439 0 0.610917 -2.41267 -5.86564 15.775 0.0671261 0.0183409 0.0718171 
qwerty 441 439 0 0.610917 -1.78176 -5.69325 16.45 0.0671261 0.0183409 0.0718171 
qwerty 441 439 0 0.610917 -1.25 -5.54796 17.0189 0.0671261 0.0183409 0.0718171 
qwerty 441 439 0 0.610917 -1.15085 -5.52087 17.125 0.0671261 0.0183409 0.0718171 
qwerty 324 227 0 0.731601 0.264875 -0.445126 8.35 -0.00548918 0.00166887 0.0998353 
qwerty 324 227 0 0.731601 0.227762 -0.433842 9.025 -0.00548918 0.00166887 0.0998353 
qwerty 324 227 0 0.731601 0.190649 -0.422559 9.7 -0.00548918 0.00166887 0.0998353 
qwerty 324 227 0 0.731601 0.153536 -0.411275 10.375 -0.00548918 0.00166887 0.0998353 
qwerty 324 227 0 0.731601 0.116423 -0.399992 11.05 -0.00548918 0.00166887 0.0998353 
qwerty 323 227 0 0.912056 0.308565 -0.446177 8.35 0.00225294 0.0014891 0.0999635 
qwerty 323 227 0 0.912056 0.323778 -0.436122 9.025 0.00225294 0.0014891 0.0999635 
qwerty 323 227 0 0.912056 0.338991 -0.426066 9.7 0.00225294 0.0014891 0.0999635 
qwerty 323 227 0 0.912056 0.354204 -0.416011 10.375 0.00225294 0.0014891 0.0999635 
qwerty 323 227 0 0.912056 0.369417 -0.405956 11.05 0.00225294 0.0014891 0.0999635 
qwerty 323 227 0 0.429623 -0.98471 -0.292535 11.725 -0.0917464 0.00757381 0.0390543 
qwerty 323 227 0 0.429623 -2.57042 -0.161632 12.4 -0.0917464 0.00757381 0.0390543 
qwerty 322 272 0 0.510999 1.06462 -1.34499 9.025 0.0521921 -0.0715818 0.0463899 
qwerty 322 272 0 0.510999 1.82405 -2.38654 9.7 0.0521921 -0.0715818 0.0463899 
qwerty 322 272 0 0.510999 2.58347 -3.4281 10.375 0.0521921 -0.0715818 0.0463899 
qwerty 322 272 0 0.510999 2.81818 -3.75 10.5836 0.0521921 -0.0715818 0.0463899 
qwerty 322 272 0 0.510999 3.3429 -4.46966 11.05 0.0521921 -0.0715818 0.0463899 
qwerty 321 272 0 0.510999 -0.25734 0.468094 7.85 -0.0521921 0.0715818 -0.0463899 
qwerty 321 272 0 0.510999 -1.12302 1.56259 7.175 -0.0564353 0.07043 -0.0430659 
qwerty 321 272 0 0.510999 -2.00757 2.66648 6.5 -0.0564353 0.07043 -0.0430659 
qwerty 321 272 0 0.510999 -2.89211 3.77038 5.825 -0.0564353 0.07043 -0.0430659 
qwerty 321 272 0 0.368046 -3.18827 4.13787 5.15 -0.0134097 0.016324 -0.0977431 
qwerty 321 272 0 0.368046 -3.28088 4.2506 4.475 -0.0134097 0.016324 -0.0977431 
qwerty 321 272 0 0.368046 -3.37348 4.36333 3.8 -0.0134097 0.016324 -0.0977431 
qwerty 321 272 0 0.368046 -3.46609 4.47606 3.125 -0.0134097 0.016324 -0.0977431 
qwerty 321 272 0 0.368046 -3.55869 4.58879 2.45 -0.0134097 0.016324 -0.0977431 
qwerty 319 306 0 0.510999 1.03424 -1.25 22.7011 0.0618772 0.0494053 0.0610764 
qwerty 319 306 0 0.510999 1.53968 -0.846437 23.2 0.0618772 0.0494053 0.0610764 
qwerty 318 308 0 0.450329 0.454619 0.213427 4.00491 0.0238541 0.00888301 0.0967061 
qwerty 318 308 0 0.450329 0.527409 0.240533 4.3 0.0238541 0.00888301 0.0967061 
qwerty 467 318 0.0606697 0 0.455915 0.210303 4.00476 0.0382783 -0.0922854 -0.00426282 
qwerty 317 308 0 0.510999 0.0286751 0.6207 3.125 -0.0402204 0.0384573 -0.0830864 
qwerty 317 308 0 0.510999 -0.298078 0.93313 2.45 -0.0402204 0.0384573 -0.0830864 
qwerty 317 308 0 0.393897 -0.0180883 1.35892 1.775 0.0358567 0.050234 -0.0786819 
qwerty 317 308 0 0.393897 0.28952 1.78987 1.1 0.0358567 0.050234 -0.0786819 
qwerty 317 308 0 0.393897 0.510622 2.15022 0.425 0.026084 0.0441667 -0.0858425 
qwerty 317 308 0 0.393897 0.715727 2.49751 -0.25 0.026084 0.0441667 -0.0858425 
qwerty 316 308 0 0.773406 0.86071 0.910022 4.3 0.0543205 0.0548923 0.0635304 
qwerty 316 308 0 0.773406 1.25 1.30341 4.75529 0.0543205 0.0548923 0.0635304 
qwerty 316 308 0 0.773406 1.43786 1.49324 4.975 0.0543205 0.0548923 0.0635304 
qwerty 316 308 0 0.773406 2.015 2.07646 5.65 0.0543205 0.0548923 0.0635304 
qwerty 316 308 0 0.773406 2.59215 2.65969 6.325 0.0543205 0.0548923 0.0635304 
qwerty 316 308 0 0.269113 2.33208 3.21286 5.825 -0.0597456 0.0396113 -0.0697238 
qwerty 315 308 0 0.578899 0.34086 -0.169306 3.625 0.00358915 0.0166764 0.0985343 
qwerty 315 308 0 0.578899 0.365447 -0.0550659 4.3 0.00358915 0.0166764 0.0985343 
qwerty 315 308 0 0.578899 0.387754 0.0722329 4.975 0.00320847 0.0187224 0.0981793 
qwerty 315 308 0 0.505734 0.582189 -0.0472421 5.65 0.0311657 -0.0229519 0.0922058 
qwerty 313 308 0 3.7302 0.3002 -0.116871 3.625 -0.00219379 0.0249165 0.0968213 
qwerty 313 308 0 3.7302 0.284906 0.0568377 4.3 -0.00219379 0.0249165 0.0968213 
qwerty 313 308 0 3.7302 0.269611 0.230546 4.975 -0.00219379 0.0249165 0.0968213 
qwerty 312 308 0 2.49769 0.465028 -0.100234 3.625 0.0255994 0.0260417 0.093094 
qwerty 312 308 0 2.49769 0.650642 0.0885872 4.3 0.0255994 0.0260417 0.093094 
qwerty 312 308 0 2.37372 0.816064 0.256866 4.90157 0.0293095 0.0389469 0.0873161 
qwerty 312 308 0 2.37372 0.840714 0.289621 4.975 0.0293095 0.0389469 0.0873161 
qwerty 312 308 0 2.37372 1.06729 0.590702 5.65 0.0293095 0.0389469 0.0873161 
qwerty 312 308 0 1.12057 1.24022 0.3727 6.325 0.0236545 -0.0300239 0.0924069 
qwerty 312 308 0 1.12057 1.413 0.153386 7 0.0236545 -0.0300239 0.0924069 
qwerty 312 308 0 1.12057 1.58579 -0.0659281 7.675 0.0236545 -0.0300239 0.0924069 
qwerty 312 308 0 1.12057 1.75858 -0.285242 8.35 0.0236545 -0.0300239 0.0924069 
qwerty 312 308 0 1.12057 1.93137 -0.504556 9.025 0.0236545 -0.0300239 0.0924069 
qwerty 312 308 0 1.12057 2.10416 -0.72387 9.7 0.0236545 -0.0300239 0.0924069 
qwerty 312 308 0 0.884851 2.23201 -0.88615 10.1995 -0.0155927 -0.0573352 0.0804334 
qwerty 312 308 0 0.884851 2.19798 -1.01128 10.375 -0.0155927 -0.0573352 0.0804334 
qwerty 312 308 0 0.884851 2.13306 -1.25 10.7099 -0.0155927 -0.0573352 0.0804334 
qwerty 312 308 0 0.884851 2.06713 -1.49244 11.05 -0.0155927 -0.0573352 0.0804334 
qwerty 312 308 0 0.884851 1.93627 -1.9736 11.725 -0.0155927 -0.0573352 0.0804334 
qwerty 312 308 0 0.884851 1.80542 -2.45476 12.4 -0.0155927 -0.0573352 0.0804334 
qwerty 312 308 0 0.884851 1.67456 -2.93591 13.075 -0.0155927 -0.0573352 0.0804334 
qwerty 312 308 0 0.884851 1.54371 -3.41707 13.75 -0.0155927 -0.0573352 0.0804334 
qwerty 312 308 0 0.884851 1.41285 -3.89823 14.425 -0.0155927 -0.0573352 0.0804334 
qwerty 312 308 0 0.884851 1.282 -4.37939 15.1 -0.0155927 -0.0573352 0.0804334 
qwerty 312 308 0 0.884851 1.15114 -4.86055 15.775 -0.0155927 -0.0573352 0.0804334 
qwerty 312 308 0 0.763331 1.02208 -5.33512 16.4408 0.00541093 -0.0839053 0.0541352 
qwerty 312 308 0 0.763331 1.02301 -5.34945 16.45 0.00541093 -0.0839053 0.0541352 
qwerty 312 308 0 0.763331 1.09047 -6.39564 17.125 0.00541093 -0.0839053 0.0541352 
qwerty 483 312 0.0265288 0.0949916 1.02054 -5.3347 16.4449 -0.05638 0.0510179 0.0649497 
qwerty 483 312 0.009366 0.0856256 1.01888 -5.33368 16.4466 -0.0598541 0.0346054 0.0722493 
qwerty 483 312 0.00599661 0.079629 1.0179 -5.33335 16.4482 -0.0615805 0.0616874 0.0490154 
qwerty 483 312 0.00450302 0.0751259 1.01747 -5.33261 16.4488 -0.0157808 -0.0119582 0.0980203 
qwerty 483 312 0.0057115 0.0694144 1.01732 -5.33282 16.4499 -0.0194104 -0.0496822 0.0845867 
qwerty 483 312 0.000155437 0.069259 1.0173 -5.33287 16.45 -0.0210231 -0.0571602 0.0793142 
qwerty 483 312 0.00574009 0.0603897 1.01696 -5.333 16.4499 -0.0869751 -0.007331 -0.0488015 
qwerty 483 312 0.00228291 0.0581067 1.01664 -5.33296 16.4497 -0.0988933 -0.00632475 -0.0134206 
qwerty 483 312 0.00295311 0.0551536 1.01625 -5.33297 16.4496 -0.0948946 0.0151068 -0.0276912 
qwerty 483 312 0.00135907 0.0537946 1.01592 -5.33285 16.4495 -0.0931745 0.035872 -0.00563149 
qwerty 483 312 0.00258825 0.0512063 1.01556 -5.33273 16.4495 -0.0989897 0.0137356 0.00351732 
qwerty 483 312 0.00182475 0.0493816 1.01522 -5.33265 16.4495 -0.0947935 0.0288758 0.0134304 
qwerty 483 312 0.00134659 0.048035 1.01493 -5.33248 16.4495 -0.0883 0.0369853 -0.0288999 
qwerty 483 312 0.00252478 0.0455102 1.01463 -5.33234 16.4493 -0.0462439 0.0800483 -0.0381283 
qwerty 483 312 0.00755801 0.0379522 1.01452 -5.33194 16.4492 -0.0373791 0.0912443 -0.0166516 
qwerty 483 312 0.00260421 0.035348 1.01441 -5.33148 16.4493 -0.0270133 0.0865554 -0.0421716 
qwerty 483 312 0.00191568 0.0334323 1.01424 -5.33119 16.4492 -0.0736363 0.0462365 -0.0493951 
qwerty 483 312 0.00544197 0.0279903 1.01383 -5.33104 16.449 -0.0922459 -0.025315 -0.0291522 
qwerty 483 312 0.00613739 0.021853 1.01332 -5.33093 16.4487 -0.0944707 -0.0191879 -0.0265915 
qwerty 483 312 0.021853 0 1.0128 -5.33104 16.4485 -0.0944707 -0.0191879 -0.0265915 
qwerty 482 312 0.235721 0 2.25679 -0.875643 10.2194 0.0740211 0.0313857 0.0594627 
qwerty 480 312 0.123969 0 0.814325 0.248406 4.90936 -0.0149451 -0.0727092 0.0670076 
qwerty 311 308 0 2.04574 0.331691 -0.20765 3.625 0.00206252 0.0105156 0.0994242 
qwerty 311 308 0 2.04574 0.345694 -0.136259 4.3 0.00206252 0.0105156 0.0994242 
qwerty 311 308 0 2.04574 0.359697 -0.0648677 4.975 0.00206252 0.0105156 0.0994242 
qwerty 311 308 0 2.04574 0.373699 0.00652349 5.65 0.00206252 0.0105156 0.0994242 
qwerty 311 308 0 2.04574 0.387702 0.0779146 6.325 0.00206252 0.0105156 0.0994242 
qwerty 311 308 0 2.04574 0.401705 0.149306 7 0.00206252 0.0105156 0.0994242 
qwerty 311 308 0 0.595202 1.25 0.350434 7.47684 0.0913784 0.0200302 0.0353382 
qwerty 311 308 0 0.595202 1.76241 0.462755 7.675 0.0913784 0.0200302 0.0353382 
qwerty 311 308 0 0.595202 3.50784 0.845356 8.35 0.0913784 0.0200302 0.0353382 
qwerty 311 308 0 0.595202 5.25328 1.22796 9.025 0.0913784 0.0200302 0.0353382 
qwerty 440 325 1.43572 6.35518 -0.115197 0.0657943 10.9349 0.0470124 0.0855118 -0.0218534 
qwerty 440 325 1.16199 5.176 0.164738 0.623303 10.696 0.0574977 0.0633888 -0.0517288 
qwerty 440 325 0.63023 4.54577 0.326976 0.802164 10.55 0.0584567 0.0609336 -0.0535716 
qwerty 440 325 0.735592 3.5931 0.313611 1.25 10.613 0.0146664 0.0982623 -0.0113762 
qwerty 440 325 0.788966 2.80414 0.392353 1.76105 10.551 0.0189341 0.0870229 -0.045481 
qwerty 440 325 0.00233668 2.8018 0.392749 1.76287 10.55 0.0155895 0.0876731 -0.0455016 
qwerty 440 325 0.093039 0.786138 0.475607 1.84846 10.5852 0.0934817 0.0189151 0.0300565 
qwerty 440 325 0.0981618 0.687977 0.529636 1.85762 10.6262 0.0898349 0.0327635 0.0292615 
qwerty 440 325 0.0968798 0.591097 0.582715 1.86295 10.6492 0.0932601 -0.0350548 -0.00858524 
qwerty 440 325 0.0974439 0.493653 0.645525 1.85504 10.66 0.0921004 -0.0262443 -0.028788 
qwerty 440 325 0.110282 0.383371 0.70473 1.86008 10.6604 0.0909305 0.0288705 -0.029969 
qwerty 440 325 0.126607 0.256764 0.745249 1.89262 10.6387 0.014807 0.0802546 -0.0577923 
qwerty 440 325 0.256764 0 0.750892 1.92321 10.6167 0.014807 0.0802546 -0.0577923 
qwerty 440 325 0 0 0.750892 1.92321 10.6167 0.014807 0.0802546 -0.0577923 
qwerty 490 440 0.187337 0.179665 -0.0798313 0.110496 10.891 -0.00542274 0.0939902 -0.0337112 
qwerty 490 440 0.179665 0 -0.0810019 0.130785 10.8837 -0.00542274 0.0939902 -0.0337112 
qwerty 499 413 0 0.510999 -1.40948 -0.125871 5.825 0.031721 -0.0418052 -0.0851241 
qwerty 498 413 0 0.510999 -1.84734 0.451182 7 -0.031721 0.0418052 0.0851241 
qwerty 498 413 0 0.510999 -2.09887 0.78268 7.675 -0.031721 0.0418052 0.0851241 
qwerty 498 413 0 0.510999 -2.35041 1.11418 8.35 -0.031721 0.0418052 0.0851241 
qwerty 498 413 0 0.510999 -2.60194 1.44568 9.025 -0.031721 0.0418052 0.0851241 
qwerty 498 413 0 0.510999 -2.87186 1.79196 9.7 -0.0338969 0.0432534 0.0835473 
qwerty 498 413 0 0.510999 -3.14573 2.14142 10.375 -0.0338969 0.0432534 0.0835473 
qwerty 498 413 0 0.30282 -3.1109 2.15929 10.5934 0.0103396 -0.0707571 0.0699037 
qwerty 498 413 0 0.30282 -3.04337 1.69713 11.05 0.0103396 -0.0707571 0.0699037 
qwerty 508 498 0.0262794 0 -3.11043 2.1598 10.5937 0.0609498 0.0666702 0.0428977 
qwerty 497 425 0 0.510999 -4.46064 -3.75 14.7007 -0.0166193 0.071553 0.0678525 
qwerty 497 425 0 0.510999 -4.55844 -3.32892 15.1 -0.0166193 0.071553 0.0678525 
qwerty 497 425 0 0.407147 -4.63337 -3.00628 15.4059 0.0477535 0.0420381 0.0771518 
qwerty 497 425 0 0.407147 -4.40495 -2.8052 15.775 0.0477535 0.0420381 0.0771518 
qwerty 497 425 0 0.407147 -3.98715 -2.43741 16.45 0.0477535 0.0420381 0.0771518 
qwerty 497 425 0 0.407147 -3.75 -2.22864 16.8331 0.0477535 0.0420381 0.0771518 
qwerty 497 425 0 0.407147 -3.56936 -2.06962 17.125 0.0477535 0.0420381 0.0771518 
qwerty 497 425 0 0.407147 -3.15156 -1.70182 17.8 0.0477535 0.0420381 0.0771518 
qwerty 497 425 0 0.407147 -2.73377 -1.33403 18.475 0.0477535 0.0420381 0.0771518 
qwerty 510 497 0.103852 0 -4.64041 -3.00139 15.4068 -0.0816963 0.0568752 0.00953527 
qwerty 494 440 0 0.510999 0.684136 2.21165 11.05 -0.0127197 0.0549592 0.0825693 
qwerty 494 440 0 0.283114 1.25 1.97238 11.6303 0.0712964 -0.0372532 0.0594056 
qwerty 494 440 0 0.283114 1.36371 1.91296 11.725 0.0712964 -0.0372532 0.0594056 
qwerty 493 440 0 0.510999 0.761161 1.87884 10.55 0.0127197 -0.0549592 -0.0825693 
qwerty 493 440 0 0.510999 0.865144 1.42955 9.875 0.0127197 -0.0549592 -0.0825693 
qwerty 493 440 0 0.510999 0.9067 1.25 9.60525 0.0127197 -0.0549592 -0.0825693 
qwerty 493 440 0 0.510999 0.969128 0.980262 9.2 0.0127197 -0.0549592 -0.0825693 
qwerty 493 440 0 0.398106 1.00471 0.826514 8.96901 0.0503576 -0.0830775 -0.0237116 
qwerty 493 440 0 0.398106 1.25 0.421848 8.85351 0.0503576 -0.0830775 -0.0237116 
qwerty 493 440 0 0.35941 1.68401 -0.294153 8.64916 0.0371307 -0.0888877 0.0268383 
qwerty 493 440 0 0.35941 2.20399 -1.53894 9.025 0.0371307 -0.0888877 0.0268383 
qwerty 493 440 0 0.35941 3.12761 -3.75 9.6926 0.0371307 -0.0888877 0.0268383 
qwerty 493 440 0 0.35941 3.13785 -3.77452 9.7 0.0371307 -0.0888877 0.0268383 
qwerty 517 493 0.038697 0 1.68451 -0.294238 8.64772 0.0330831 -0.00556087 -0.094205 
qwerty 516 493 0.112892 0 1.00095 0.827898 8.95993 -0.0378498 0.0139397 -0.0915045 
qwerty 491 440 0 0.0171863 0.308758 0.802841 10.55 0.052843 0.0658748 -0.0535548 
qwerty 489 478 0 0.510999 -0.86285 0.468024 4.475 -0.0886658 0.0177569 -0.0426973 
qwerty 489 478 0 0.190346 -2.91727 1.10017 3.87093 0.0742877 -0.0387103 -0.0546155 
qwerty 489 478 0 0.190346 -2.8208 1.0499 3.8 0.0742877 -0.0387103 -0.0546155 
qwerty 523 489 0.1071 0.202108 -2.94415 1.12938 3.87116 -0.040232 0.0690224 0.0601439 
qwerty 523 489 0.202108 0 -2.95467 1.14743 3.88688 -0.040232 0.0690224 0.0601439 
