qwerty 1 0 0 200 0 0 -0.249995 0 0 0.1 
qwerty 3 1 0 75.3742 -0.125478 0.496751 0.25 -0.0175275 0.0693891 0.0698423 
qwerty 3 1 0 75.3742 -0.294875 1.16737 0.925 -0.0175275 0.0693891 0.0698423 
qwerty 3 1 0 3.20479 -0.390526 1.54604 1.30615 -0.0197419 0.020673 0.0958274 
qwerty 3 1 0 3.20479 -0.451065 1.60944 1.6 -0.0197419 0.020673 0.0958274 
qwerty 3 1 0 3.20479 -0.590126 1.75506 2.275 -0.0197419 0.020673 0.0958274 
qwerty 3 1 0 3.20479 -0.729186 1.90067 2.95 -0.0197419 0.020673 0.0958274 
qwerty 3 1 0 3.20479 -0.868247 2.04629 3.625 -0.0197419 0.020673 0.0958274 
qwerty 3 1 0 3.20479 -1.00731 2.19191 4.3 -0.0197419 0.020673 0.0958274 
qwerty 3 1 0 3.20479 -1.14637 2.33753 4.975 -0.0197419 0.020673 0.0958274 
qwerty 3 1 0 3.20479 -1.28543 2.48315 5.65 -0.0197419 0.020673 0.0958274 
qwerty 3 1 0 3.20479 -1.42449 2.62877 6.325 -0.0197419 0.020673 0.0958274 
qwerty 3 1 0 3.20479 -1.56355 2.77439 7 -0.0197419 0.020673 0.0958274 
qwerty 3 1 0 3.03919 -1.70494 2.8397 7.675 -0.0204915 0.00762981 0.0975801 
qwerty 3 1 0 3.03919 -1.84668 2.89248 8.35 -0.0204915 0.00762981 0.0975801 
qwerty 3 1 0 3.03919 -1.98843 2.94526 9.025 -0.0204915 0.00762981 0.0975801 
qwerty 3 1 0 1.98889 -2.14003 2.70187 9.7 -0.0206329 -0.0340999 0.0917141 
qwerty 3 1 0 1.98889 -2.29189 2.4509 10.375 -0.0206329 -0.0340999 0.0917141 
qwerty 3 1 0 1.98889 -2.44374 2.19993 11.05 -0.0206329 -0.0340999 0.0917141 
qwerty 3 1 0 1.98889 -2.5956 1.94896 11.725 -0.0206329 -0.0340999 0.0917141 
qwerty 4 3 0.0202368 72.0571 -0.392994 1.55617 1.31585 -0.0174345 0.070737 0.0685004 
qwerty 4 3 0.69589 71.3612 -0.465317 1.8496 1.6 -0.0136825 0.072938 0.0670286 
qwerty 4 3 1.41116 45.3972 -0.324744 2.36732 2.275 0.0260989 0.0547029 0.0795389 
qwerty 4 3 0.968808 22.3315 -0.11968 1.64156 2.71327 0.00878782 -0.0878691 0.0469233 
qwerty 4 3 0.743249 21.5883 -0.08052 1.25 2.92237 0.0142745 -0.0887442 0.0438259 
qwerty 4 3 0.0815753 21.5067 -0.0715208 1.19405 2.95 0.0145859 -0.0879334 0.0453318 
qwerty 4 3 1.98335 12.5339 -0.849946 0.600343 3.625 -0.0604975 -0.037742 0.0701113 
qwerty 25 4 0 1.07278 -1.0735 0.459383 3.125 -0.0389138 -0.0106174 -0.091504 
qwerty 25 4 0 1.07278 -1.36056 0.381061 2.45 -0.0389138 -0.0106174 -0.091504 
qwerty 25 4 0 1.07278 -1.64762 0.302739 1.775 -0.0389138 -0.0106174 -0.091504 
qwerty 25 4 0 1.07278 -1.93467 0.224417 1.1 -0.0389138 -0.0106174 -0.091504 
qwerty 23 4 0 3.34218 -0.511995 -0.184907 4.3 0.0355655 -0.0711387 0.0606167 
qwerty 23 4 0 3.34218 -0.115955 -0.977074 4.975 0.0355655 -0.0711387 0.0606167 
qwerty 23 4 0 3.34218 0.0204936 -1.25 5.20756 0.0355655 -0.0711387 0.0606167 
qwerty 23 4 0 3.34218 0.280086 -1.76924 5.65 0.0355655 -0.0711387 0.0606167 
qwerty 23 4 0 1.81935 0.238428 -2.21818 6.325 -0.00639087 -0.0545931 0.0835389 
qwerty 23 4 0 1.81935 0.186789 -2.6593 7 -0.00639087 -0.0545931 0.0835389 
qwerty 23 4 0 1.81935 0.135151 -3.10041 7.675 -0.00639087 -0.0545931 0.0835389 
qwerty 23 4 0 1.81935 0.0835119 -3.54153 8.35 -0.00639087 -0.0545931 0.0835389 
qwerty 23 4 0 1.81935 0.0318732 -3.98265 9.025 -0.00639087 -0.0545931 0.0835389 
qwerty 23 4 0 1.81935 -0.0197655 -4.42376 9.7 -0.00639087 -0.0545931 0.0835389 
qwerty 23 4 0 1.81935 -0.0714042 -4.86488 10.375 -0.00639087 -0.0545931 0.0835389 
qwerty 23 4 0 1.81935 -0.123043 -5.30599 11.05 -0.00639087 -0.0545931 0.0835389 
qwerty 22 4 0 1.8802 -0.878539 0.231386 4.3 -0.000250469 -0.0452254 0.0891886 
qwerty 22 4 0 1.8802 -0.880435 -0.11089 4.975 -0.000250469 -0.0452254 0.0891886 
qwerty 22 4 0 1.8802 -0.88233 -0.453166 5.65 -0.000250469 -0.0452254 0.0891886 
qwerty 22 4 0 1.85035 -0.826974 -0.780779 6.325 0.00886882 -0.0431793 0.0897602 
qwerty 22 4 0 1.85035 -0.76028 -1.10549 7 0.00886882 -0.0431793 0.0897602 
qwerty 22 4 0 1.85035 -0.693586 -1.4302 7.675 0.00886882 -0.0431793 0.0897602 
qwerty 22 4 0 1.85035 -0.626892 -1.75491 8.35 0.00886882 -0.0431793 0.0897602 
qwerty 22 4 0 1.85035 -0.560198 -2.07962 9.025 0.00886882 -0.0431793 0.0897602 
qwerty 22 4 0 1.85035 -0.493504 -2.40433 9.7 0.00886882 -0.0431793 0.0897602 
qwerty 22 4 0 0.709441 -0.434627 -2.69098 10.2959 -0.0174102 0.0472666 0.0863872 
qwerty 22 4 0 0.709441 -0.450571 -2.6477 10.375 -0.0174102 0.0472666 0.0863872 
qwerty 22 4 0 0.709441 -0.586608 -2.27837 11.05 -0.0174102 0.0472666 0.0863872 
qwerty 22 4 0 0.709441 -0.722645 -1.90905 11.725 -0.0174102 0.0472666 0.0863872 
qwerty 22 4 0 0.709441 -0.858682 -1.53972 12.4 -0.0174102 0.0472666 0.0863872 
qwerty 22 4 0 0.709441 -0.99472 -1.1704 13.075 -0.0174102 0.0472666 0.0863872 
qwerty 22 4 0 0.709441 -1.13076 -0.801071 13.75 -0.0174102 0.0472666 0.0863872 
qwerty 22 4 0 0.393852 -0.881499 -0.971314 14.425 0.0441191 -0.0405799 0.0800423 
qwerty 22 4 0 0.393852 -0.578507 -1.25 14.9747 0.0441191 -0.0405799 0.0800423 
qwerty 22 4 0 0.393852 -0.509441 -1.31353 15.1 0.0441191 -0.0405799 0.0800423 
qwerty 22 4 0 0.325239 0.960704 -1.49692 15.775 0.0931407 -0.00743359 0.0356309 
qwerty 34 22 0.193036 0.947875 -0.422664 -2.77063 10.3657 0.0140459 -0.0683904 0.0715923 
qwerty 34 22 0.0224914 0.925383 -0.420844 -2.77949 10.375 0.00910917 -0.0788819 0.0607837 
qwerty 34 22 0.169043 0.725088 -0.380649 -2.82212 10.3392 0.0453835 -0.0798166 -0.0396188 
qwerty 34 22 0.116852 0.608236 -0.3356 -2.85767 10.31 0.0595134 -0.0593092 -0.054227 
qwerty 34 22 0.179195 0.42904 -0.293807 -2.89111 10.2912 0.0269298 -0.0867265 0.0418724 
qwerty 34 22 0.15014 0.2789 -0.272141 -2.92373 10.3447 0.021524 -0.0858458 0.0465533 
qwerty 34 22 0.183865 0.0950348 -0.271078 -2.96481 10.3597 0.0226667 -0.0851253 -0.0473277 
qwerty 34 22 0.0950348 0 -0.269402 -2.97111 10.3562 0.0226667 -0.0851253 -0.0473277 
qwerty 21 4 0 2.06349 -0.232715 0.805618 3.625 -0.0295218 -0.0462718 0.0835906 
qwerty 21 4 0 2.06349 -0.471106 0.431971 4.3 -0.0295218 -0.0462718 0.0835906 
qwerty 21 4 0 2.06349 -0.709497 0.0583229 4.975 -0.0295218 -0.0462718 0.0835906 
qwerty 21 4 0 2.06349 -0.947888 -0.315325 5.65 -0.0295218 -0.0462718 0.0835906 
qwerty 21 4 0 2.06349 -1.18628 -0.688973 6.325 -0.0295218 -0.0462718 0.0835906 
qwerty 21 4 0 2.06349 -1.42467 -1.06262 7 -0.0295218 -0.0462718 0.0835906 
qwerty 21 4 0 2.06349 -1.66306 -1.43627 7.675 -0.0295218 -0.0462718 0.0835906 
qwerty 21 4 0 1.11645 -1.6793 -1.4938 8.35 0.0069697 0.00483589 0.0996395 
qwerty 21 4 0 1.11645 -1.63208 -1.46104 9.025 0.0069697 0.00483589 0.0996395 
qwerty 21 4 0 1.11645 -1.58487 -1.42828 9.7 0.0069697 0.00483589 0.0996395 
qwerty 21 4 0 1.11645 -1.53765 -1.39552 10.375 0.0069697 0.00483589 0.0996395 
qwerty 21 4 0 1.11645 -1.49043 -1.36276 11.05 0.0069697 0.00483589 0.0996395 
qwerty 21 4 0 1.11645 -1.44322 -1.33 11.725 0.0069697 0.00483589 0.0996395 
qwerty 21 4 0 1.11645 -1.396 -1.29724 12.4 0.0069697 0.00483589 0.0996395 
qwerty 21 4 0 1.11645 -1.34879 -1.26447 13.075 0.0069697 0.00483589 0.0996395 
qwerty 21 4 0 1.11645 -1.32793 -1.25 13.3732 0.0069697 0.00483589 0.0996395 
qwerty 21 4 0 1.11645 -1.30157 -1.23171 13.75 0.0069697 0.00483589 0.0996395 
qwerty 21 4 0 1.11645 -1.25436 -1.19895 14.425 0.0069697 0.00483589 0.0996395 
qwerty 21 4 0 1.11645 -1.20714 -1.16619 15.1 0.0069697 0.00483589 0.0996395 
qwerty 21 4 0 1.11645 -1.15992 -1.13343 15.775 0.0069697 0.00483589 0.0996395 
qwerty 21 4 0 1.11645 -1.11271 -1.10067 16.45 0.0069697 0.00483589 0.0996395 
qwerty 21 4 0 1.11645 -1.06549 -1.06791 17.125 0.0069697 0.00483589 0.0996395 
qwerty 21 4 0 1.11645 -1.01828 -1.03515 17.8 0.0069697 0.00483589 0.0996395 
qwerty 21 4 0 1.11645 -0.971062 -1.00239 18.475 0.0069697 0.00483589 0.0996395 
qwerty 21 4 0 1.11645 -0.923846 -0.969632 19.15 0.0069697 0.00483589 0.0996395 
qwerty 21 4 0 1.11645 -0.87663 -0.936871 19.825 0.0069697 0.00483589 0.0996395 
qwerty 21 4 0 1.11645 -0.829415 -0.904111 20.5 0.0069697 0.00483589 0.0996395 
qwerty 21 4 0 1.11645 -0.782199 -0.87135 21.175 0.0069697 0.00483589 0.0996395 
qwerty 21 4 0 1.11645 -0.734983 -0.83859 21.85 0.0069697 0.00483589 0.0996395 
qwerty 21 4 0 1.11645 -0.687768 -0.80583 22.525 0.0069697 0.00483589 0.0996395 
qwerty 21 4 0 1.11645 -0.640552 -0.773069 23.2 0.0069697 0.00483589 0.0996395 
qwerty 20 4 0 2.09541 0.0641954 0.293869 3.625 0.0119408 -0.0793398 0.0596876 
qwerty 20 4 0 2.09541 0.199232 -0.603375 4.3 0.0119408 -0.0793398 0.0596876 
qwerty 20 4 0 2.09541 0.334269 -1.50062 4.975 0.0119408 -0.0793398 0.0596876 
qwerty 20 4 0 2.09541 0.469305 -2.39786 5.65 0.0119408 -0.0793398 0.0596876 
qwerty 20 4 0 2.09541 0.604342 -3.29511 6.325 0.0119408 -0.0793398 0.0596876 
qwerty 20 4 0 2.09541 0.672804 -3.75 6.66722 0.0119408 -0.0793398 0.0596876 
qwerty 20 4 0 2.09541 0.739379 -4.19235 7 0.0119408 -0.0793398 0.0596876 
qwerty 20 4 0 2.09541 0.874415 -5.08959 7.675 0.0119408 -0.0793398 0.0596876 
qwerty 20 4 0 2.09541 1.00945 -5.98684 8.35 0.0119408 -0.0793398 0.0596876 
qwerty 20 4 0 2.09541 1.14449 -6.88408 9.025 0.0119408 -0.0793398 0.0596876 
qwerty 20 4 0 0.258154 1.34253 -7.28581 9.5472 -0.0205454 -0.0300284 -0.093146 
qwerty 20 4 0 0.258154 1.26595 -7.39774 9.2 -0.0205454 -0.0300284 -0.093146 
qwerty 43 20 0.300454 1.12492 1.40616 -7.3559 9.7 -0.0578021 0.0644742 0.05002 
qwerty 43 20 0.310808 0.712355 1.32799 -7.38857 9.65136 -0.0698485 -0.0607321 -0.0378523 
qwerty 43 20 0.211387 0.500968 1.25758 -7.4541 9.64531 -0.0379301 -0.0923927 -0.00498855 
qwerty 43 20 0.245522 0.255446 1.22984 -7.52884 9.60405 0.0595623 -0.0434578 -0.0675555 
qwerty 43 20 0.255446 0 1.25249 -7.54536 9.57836 0.0595623 -0.0434578 -0.0675555 
qwerty 19 4 0.00029101 0 -0.107704 1.5253 2.77523 0.00905335 -0.0878856 0.0468418 
qwerty 45 19 0.0156087 0 -0.107868 1.52556 2.77523 -0.0542295 0.0840083 -0.00133092 
qwerty 18 4 0 1.80684 0.0715131 1.25 2.92626 0.0279641 -0.0861625 0.0423561 
qwerty 18 4 0 1.80684 0.0871836 1.20172 2.95 0.0279641 -0.0861625 0.0423561 
qwerty 18 4 0 1.80684 0.532828 -0.171395 3.625 0.0279641 -0.0861625 0.0423561 
qwerty 18 4 0 1.80684 0.88289 -1.25 4.15523 0.0279641 -0.0861625 0.0423561 
qwerty 18 4 0 1.80684 0.978472 -1.54451 4.3 0.0279641 -0.0861625 0.0423561 
qwerty 18 4 0 1.80684 1.25 -2.38113 4.71127 0.0279641 -0.0861625 0.0423561 
qwerty 18 4 0 1.80684 1.42412 -2.91762 4.975 0.0279641 -0.0861625 0.0423561 
qwerty 18 4 0 0.260425 0.44459 -1.56698 5.65 -0.0538803 0.0775436 0.0329226 
qwerty 17 4 0 1.11395 -0.0613456 1.51754 2.95 0.0210743 -0.0804394 0.0555463 
qwerty 16 4 0 13.3801 0.196727 1.25 2.93493 0.0366413 -0.0832134 0.0416286 
qwerty 16 4 0 13.3801 0.209991 1.21988 2.95 0.0366413 -0.0832134 0.0416286 
qwerty 16 4 0 13.3801 0.804123 -0.129413 3.625 0.0366413 -0.0832134 0.0416286 
qwerty 16 4 0 13.3801 1.29755 -1.25 4.18559 0.0366413 -0.0832134 0.0416286 
qwerty 16 4 0 13.3801 1.39825 -1.4787 4.3 0.0366413 -0.0832134 0.0416286 
qwerty 16 4 0 13.3801 1.99239 -2.82799 4.975 0.0366413 -0.0832134 0.0416286 
qwerty 16 4 0 13.3801 2.39837 -3.75 5.43625 0.0366413 -0.0832134 0.0416286 
qwerty 16 4 0 13.3801 2.58652 -4.17728 5.65 0.0366413 -0.0832134 0.0416286 
qwerty 16 4 0 13.3801 3.18065 -5.52657 6.325 0.0366413 -0.0832134 0.0416286 
qwerty 49 16 0.219311 5.34155 3.20291 -5.53274 6.27933 -0.0258991 0.0915015 -0.0309306 
qwerty 49 16 0.795721 3.89747 3.04848 -5.04328 5.98114 -0.00757967 0.075538 -0.0650889 
qwerty 49 16 0.458128 3.43934 3.0303 -4.86208 5.825 -0.031372 0.0804441 -0.0504434 
qwerty 52 49 0.172844 0.475516 3.08443 -4.95429 5.96286 0.00652929 0.0853305 -0.0517309 
qwerty 52 49 0.158075 0.31744 3.12427 -4.87748 5.9584 0.0794961 0.0420918 -0.043688 
qwerty 52 49 0.31744 0 3.16668 -4.85502 5.93509 0.0794961 0.0420918 -0.043688 
qwerty 51 49 0.143201 0.929692 3.25958 -5.48116 6.22409 0.0516698 0.0664325 -0.0540088 
qwerty 51 49 0.212123 0.717569 3.34077 -5.44185 6.14793 -0.0290271 -0.023672 -0.0927204 
qwerty 51 49 0.190535 0.527033 3.30613 -5.42523 6.04751 -0.00624763 0.0493604 0.086744 
qwerty 51 49 0.374015 0.153018 3.29946 -5.37248 6.1402 -0.048608 0.0129359 0.0864287 
qwerty 51 49 0.153018 0 3.29141 -5.37034 6.15452 -0.048608 0.0129359 0.0864287 
qwerty 14 4 0 0.472977 -0.123077 1.49437 2.95 0.016005 -0.0823742 0.0543905 
qwerty 13 4 0 0.466048 -0.0677804 2.76931 2.95 0.0314862 0.0479485 0.0819119 
qwerty 13 4 0 0.466048 0.191683 3.16443 3.625 0.0314862 0.0479485 0.0819119 
qwerty 12 4 0 0.180234 -0.0431033 2.83127 2.95 0.0329371 0.0535192 0.0777871 
qwerty 11 4 0 1.03416 -0.283578 2.36807 2.275 0.0283614 0.0534156 0.0796392 
qwerty 11 4 0 0.558949 -0.815504 2.97723 2.95 -0.0605743 0.0549884 0.0575067 
qwerty 11 4 0 0.558949 -1.25 3.37166 3.36249 -0.0605743 0.0549884 0.0575067 
qwerty 11 4 0 0.558949 -1.52651 3.62268 3.625 -0.0605743 0.0549884 0.0575067 
qwerty 11 4 0 0.558949 -2.23752 4.26812 4.3 -0.0605743 0.0549884 0.0575067 
qwerty 10 4 0 20.7016 -0.639865 2.53902 2.275 -0.0178811 0.0703119 0.0688223 
qwerty 10 4 0 20.7016 -0.815241 3.22863 2.95 -0.0178811 0.0703119 0.0688223 
qwerty 10 4 0 20.7016 -0.990616 3.91824 3.625 -0.0178811 0.0703119 0.0688223 
qwerty 10 4 0 20.7016 -1.16599 4.60785 4.3 -0.0178811 0.0703119 0.0688223 
qwerty 10 4 0 20.7016 -1.25 4.93819 4.62334 -0.0178811 0.0703119 0.0688223 
qwerty 10 4 0 20.7016 -1.34137 5.29746 4.975 -0.0178811 0.0703119 0.0688223 
qwerty 10 4 0 20.7016 -1.51674 5.98707 5.65 -0.0178811 0.0703119 0.0688223 
qwerty 10 4 0 20.7016 -1.69212 6.67668 6.325 -0.0178811 0.0703119 0.0688223 
qwerty 10 4 0 20.7016 -1.86749 7.36629 7 -0.0178811 0.0703119 0.0688223 
qwerty 10 4 0 20.7016 -2.04287 8.0559 7.675 -0.0178811 0.0703119 0.0688223 
qwerty 10 4 0 20.7016 -2.21824 8.74551 8.35 -0.0178811 0.0703119 0.0688223 
qwerty 10 4 0 20.7016 -2.39362 9.43512 9.025 -0.0178811 0.0703119 0.0688223 
qwerty 10 4 0 20.7016 -2.56899 10.1247 9.7 -0.0178811 0.0703119 0.0688223 
qwerty 10 4 0 20.7016 -2.74437 10.8143 10.375 -0.0178811 0.0703119 0.0688223 
qwerty 10 4 0 20.7016 -2.85516 11.25 10.8014 -0.0178811 0.0703119 0.0688223 
qwerty 10 4 0 20.7016 -2.91975 11.504 11.05 -0.0178811 0.0703119 0.0688223 
qwerty 59 10 1.21375 4.22531 -2.0941 11.1511 11.2436 0.0958484 -0.0240496 0.0153201 
qwerty 59 10 0.974128 3.25118 -1.55781 10.918 11.3843 0.0954263 -0.0270906 0.012646 
qwerty 59 10 0.668585 2.58259 -1.25 10.8307 11.4251 0.0573257 -0.0648847 -0.0500373 
qwerty 59 10 0.238632 2.34396 -1.15817 10.7346 11.3189 0.0646148 -0.0352508 -0.0676927 
qwerty 59 10 0.272495 2.07147 -1.06857 10.6858 11.225 0.0683507 -0.0451956 -0.0573196 
qwerty 9 4 0 0.0920966 -0.459043 1.83927 1.6 -0.0162475 0.0696416 0.0699004 
qwerty 2 1 0 259.602 0.0260127 -0.102981 0.25 0.00508902 -0.0201468 0.0978172 
qwerty 2 1 0 259.602 0.0611301 -0.242006 0.925 0.00508902 -0.0201468 0.0978172 
qwerty 63 2 0.73215 69.2176 0.0875009 -0.357944 1.6 0.00606101 -0.0182022 0.0981425 
qwerty 63 2 0.711519 59.1393 0.0798984 -0.529776 2.275 0.00131468 -0.0288676 0.0957337 
qwerty 63 2 1.47207 4.64513 0.995514 -0.631683 2.46867 0.0787655 -0.0480489 -0.0385656 
qwerty 63 2 0.0744754 4.57065 1.03364 -0.654938 2.45 0.0811697 -0.0469704 -0.0347169 
qwerty 60 10 1.16873 4.35595 -2.55267 11.7861 11.725 0.0244498 -0.000321515 0.0969644 
qwerty 70 63 1.06099 3.67438 -0.201852 -0.319967 2.275 -0.0135319 0.022856 0.0964079 
qwerty 70 63 0.138064 2.71411 -0.162639 -0.262032 2.26009 0.0394419 0.0912815 -0.0105844 
qwerty 70 63 0.691184 2.02292 0.0116178 0.114213 2.27309 0.0478108 0.0856401 0.0194911 
qwerty 70 63 0.0125665 2.01036 0.0162949 0.122591 2.275 0.0488306 0.0854988 0.0174793 
qwerty 91 70 0.0276602 0.379698 -0.153933 -0.260741 2.25704 0.0834567 0.0196292 -0.051475 
qwerty 91 70 0.0218165 0.357881 -0.145857 -0.25922 2.24971 0.0613294 0.0260579 -0.0745634 
qwerty 91 70 0.0720035 0.285878 -0.135543 -0.251969 2.2403 0.0749385 0.0144285 -0.0646223 
qwerty 91 70 0.043989 0.241889 -0.122063 -0.244653 2.22696 0.0382906 0.00903325 -0.091936 
qwerty 91 70 0.0700479 0.171841 -0.117982 -0.248226 2.20367 -0.00416907 0.00915999 -0.0994923 
qwerty 91 70 0.171841 0 -0.118818 -0.246388 2.1837 -0.00416907 0.00915999 -0.0994923 
qwerty 62 2 0.369336 28.3436 0.179955 -0.240421 1.29465 0.0469595 0.0156409 0.0868917 
qwerty 62 2 0.632701 27.7109 0.344977 -0.185457 1.6 0.0490601 0.0107271 0.0864757 
qwerty 62 2 0.416908 8.58098 0.649379 -0.211829 1.90196 0.0732147 -0.0338535 0.0591063 
qwerty 62 2 0.471421 7.2591 0.866513 -0.33733 2.07336 0.0621157 -0.0412003 0.0666646 
qwerty 62 2 0.568742 6.1177 1.0165 -0.419642 2.24853 0.0680206 -0.0343503 0.0647553 
qwerty 62 2 0.0726683 6.04504 1.04431 -0.433684 2.275 0.0659671 -0.0397909 0.0637576 
qwerty 101 62 0.0301361 0.542522 1.01248 -0.438523 2.25911 -0.0269362 -0.0864199 0.0424975 
qwerty 101 62 0.0313776 0.511144 1.00871 -0.456243 2.26436 -0.0287249 -0.0929309 0.0232104 
qwerty 101 62 0.0347494 0.476395 1.0072 -0.475865 2.2668 -0.011613 -0.0974886 0.0190029 
qwerty 101 62 0.0383317 0.438063 1.0013 -0.4983 2.26918 -0.0028282 -0.0840073 -0.0541736 
qwerty 101 62 0.0387135 0.39935 1.00015 -0.513054 2.25527 -0.0279495 -0.0857045 -0.0432847 
qwerty 101 62 0.0781999 0.32115 0.995005 -0.526853 2.24466 -0.0735261 -0.0272682 -0.0620513 
qwerty 101 62 0.0545741 0.266576 0.979722 -0.53148 2.23315 -0.0155324 -0.0903284 -0.039994 
qwerty 101 62 0.0693223 0.197253 0.980547 -0.550377 2.21608 0.0508465 -0.0582287 -0.0634354 
qwerty 101 62 0.197253 0 0.993329 -0.565015 2.20013 0.0508465 -0.0582287 -0.0634354 
qwerty 100 62 0.175677 0.674782 0.941513 -0.412776 2.06546 0.0791621 -0.0590592 -0.0156645 
qwerty 100 62 0.217257 0.457525 1.02809 -0.443525 2.02125 0.0654687 -0.031079 -0.0689053 
qwerty 100 62 0.307688 0.149837 1.08738 -0.471674 1.95884 0.0876666 -0.0478494 -0.0050003 
qwerty 100 62 0.149837 0 1.1014 -0.479326 1.95804 0.0876666 -0.0478494 -0.0050003 
qwerty 99 62 1.05552 3.49682 1.25 -0.197122 2.06682 0.0827137 -0.0487516 0.0279593 
qwerty 99 62 0.602301 2.6123 1.54908 -0.444157 2.19132 0.025755 -0.053976 0.0801453 
qwerty 99 62 0.154707 2.45759 1.57597 -0.500511 2.275 0.0207277 -0.0573436 0.0792595 
qwerty 106 99 0.176167 0.106056 1.58046 -0.475182 2.20586 0.00447097 -0.0763159 0.0644662 
qwerty 106 99 0.106056 0 1.58086 -0.481993 2.21162 0.00447097 -0.0763159 0.0644662 
qwerty 105 102 0 0.239147 0.846106 0.477247 1.775 -0.0196564 0.0851935 -0.0485355 
qwerty 98 62 0 5.43749 0.987557 -0.319417 2.275 0.0714031 -0.0220483 0.066449 
qwerty 98 62 0 5.43749 1.71288 -0.543387 2.95 0.0714031 -0.0220483 0.066449 
qwerty 98 62 0 5.43749 2.4382 -0.767357 3.625 0.0714031 -0.0220483 0.066449 
qwerty 98 62 0 5.43749 3.16353 -0.991327 4.3 0.0714031 -0.0220483 0.066449 
qwerty 98 62 0 5.43749 3.75 -1.17242 4.84578 0.0714031 -0.0220483 0.066449 
qwerty 98 62 0 5.43749 3.88885 -1.2153 4.975 0.0714031 -0.0220483 0.066449 
qwerty 98 62 0 5.43749 4.61418 -1.43927 5.65 0.0714031 -0.0220483 0.066449 
qwerty 97 62 0 6.05404 0.767883 -0.160262 2.275 0.0534734 0.00237325 0.0844687 
qwerty 97 62 0 6.05404 1.1952 -0.141297 2.95 0.0534734 0.00237325 0.0844687 
qwerty 97 62 0 6.05404 1.62251 -0.122332 3.625 0.0534734 0.00237325 0.0844687 
qwerty 97 62 0 6.05404 2.04982 -0.103367 4.3 0.0534734 0.00237325 0.0844687 
qwerty 97 62 0 6.05404 2.47714 -0.0844022 4.975 0.0534734 0.00237325 0.0844687 
qwerty 97 62 0 6.05404 2.90445 -0.0654372 5.65 0.0534734 0.00237325 0.0844687 
qwerty 97 62 0 0.286002 3.16429 -0.0539052 6.06045 -0.0934095 -0.0270968 -0.0232472 
qwerty 97 62 0 0.286002 2.21823 -0.328344 5.825 -0.0934095 -0.0270968 -0.0232472 
qwerty 117 97 0.514556 5.25348 3.34326 -0.04261 6.325 0.0381634 -0.0116895 0.0916892 
qwerty 117 97 0.852994 3.61572 3.75 -0.0785607 6.10601 0.0881216 -0.0364809 -0.0300621 
qwerty 117 97 1.2056 2.41011 4.14991 -0.336505 5.86456 0.0484415 0.00475213 -0.0873547 
qwerty 117 97 0.0649234 2.34519 4.17185 -0.334353 5.825 0.0480407 0.000177814 -0.0877044 
qwerty 96 62 0.00029101 0 0.180997 -0.240199 1.29656 0.0476947 0.0101573 0.0873043 
qwerty 121 96 0.00217748 0 0.181002 -0.240197 1.29655 0.0548713 0.0237262 -0.0801637 
qwerty 95 62 0 0.555989 0.135458 -0.406138 1.6 0.0116191 -0.0238924 0.0964062 
qwerty 95 62 0 0.555989 0.216811 -0.573423 2.275 0.0116191 -0.0238924 0.0964062 
qwerty 95 62 0 0.555989 0.298163 -0.740709 2.95 0.0116191 -0.0238924 0.0964062 
qwerty 95 62 0 0.434984 0.334423 -0.815271 3.25086 -0.0537413 0.002467 0.0842958 
qwerty 95 62 0 0.434984 0.095895 -0.804321 3.625 -0.0537413 0.002467 0.0842958 
qwerty 122 95 0.121005 0 0.343384 -0.819583 3.25594 0.0802278 -0.0386045 0.0455323 
qwerty 90 50 0 0.510999 3.30478 -7.39153 5.825 0.00421541 -0.0953452 -0.0298585 
qwerty 90 50 0 0.464892 3.78569 -8.75 5.21304 0.0437107 -0.0791991 -0.0426249 
qwerty 90 50 0 0.464892 3.85033 -8.86712 5.15 0.0437107 -0.0791991 -0.0426249 
qwerty 89 50 0 0.295207 3.1647 -5.11811 6.57608 0.027286 0.0633752 -0.0723814 
qwerty 89 50 0 0.295207 3.19338 -5.0515 6.5 0.027286 0.0633752 -0.0723814 
qwerty 130 89 0.21215 0 3.15665 -5.1027 6.59838 -0.0284535 0.0545024 0.0788662 
qwerty 87 60 0 0.510999 -3.04322 11.25 12.0363 -0.068411 -0.0671875 0.0283861 
qwerty 87 60 0 0.510999 -3.91974 10.3891 12.4 -0.068411 -0.0671875 0.0283861 
qwerty 86 60 0 0.350623 -2.1304 12.1465 11.6575 -0.0238393 0.0923992 -0.0299012 
qwerty 86 60 0 0.350623 -2.47525 13.4831 11.225 -0.0238393 0.0923992 -0.0299012 
qwerty 86 60 0 0.340484 -2.85206 14.5348 10.55 -0.0295272 0.0781038 -0.0550268 
qwerty 134 86 0.160376 0 -2.11259 12.1473 11.6559 0.0994735 0.00444467 -0.00923447 
qwerty 82 60 0 0.625711 -2.56349 11.9609 11.725 0.0498672 0.0542804 0.0675788 
qwerty 82 60 0 0.625711 -2.0654 12.5031 12.4 0.0498672 0.0542804 0.0675788 
qwerty 82 60 0 0.625711 -1.56731 13.0453 13.075 0.0498672 0.0542804 0.0675788 
qwerty 82 60 0 0.625711 -1.06922 13.5875 13.75 0.0498672 0.0542804 0.0675788 
qwerty 82 60 0 0.625711 -0.571129 14.1296 14.425 0.0498672 0.0542804 0.0675788 
qwerty 82 60 0 0.625711 -0.0730378 14.6718 15.1 0.0498672 0.0542804 0.0675788 
qwerty 82 60 0 0.625711 0.425053 15.214 15.775 0.0498672 0.0542804 0.0675788 
qwerty 82 60 0 0.625711 0.923144 15.7561 16.45 0.0498672 0.0542804 0.0675788 
qwerty 82 60 0 0.625711 1.25 16.1119 16.8929 0.0498672 0.0542804 0.0675788 
qwerty 82 60 0 0.625711 1.42124 16.2983 17.125 0.0498672 0.0542804 0.0675788 
qwerty 82 60 0 0.625711 1.91933 16.8405 17.8 0.0498672 0.0542804 0.0675788 
qwerty 82 60 0 0.625711 2.41742 17.3827 18.475 0.0498672 0.0542804 0.0675788 
qwerty 82 60 0 0.625711 2.91551 17.9248 19.15 0.0498672 0.0542804 0.0675788 
qwerty 82 60 0 0.31332 1.90485 18.6247 19.825 -0.0755601 0.0475553 0.0450462 
qwerty 80 63 0 0.510999 1.02501 -0.199568 1.775 0.00320767 0.0546596 -0.0836782 
qwerty 79 63 0 0.510999 0.979964 -0.967092 2.95 -0.00320767 -0.0546596 0.0836782 
qwerty 77 63 0 0.220902 0.732486 -0.486097 2.95 -0.0428165 0.0192247 0.0883015 
qwerty 77 63 0 0.220902 0.405185 -0.339139 3.625 -0.0428165 0.0192247 0.0883015 
qwerty 74 63 0 0.338356 1.76736 -1.09095 2.95 0.091567 -0.0282224 0.0286179 
qwerty 73 63 0 2.10961 0.131413 -0.519273 2.95 0.00866063 0.00804703 0.0992987 
qwerty 73 63 0 2.10961 0.190285 -0.464572 3.625 0.00866063 0.00804703 0.0992987 
qwerty 73 63 0 2.10961 0.249157 -0.409871 4.3 0.00866063 0.00804703 0.0992987 
qwerty 73 63 0 2.10961 0.308029 -0.35517 4.975 0.00866063 0.00804703 0.0992987 
qwerty 73 63 0 2.10961 0.366901 -0.300469 5.65 0.00866063 0.00804703 0.0992987 
qwerty 73 63 0 2.10961 0.425773 -0.245768 6.325 0.00866063 0.00804703 0.0992987 
qwerty 73 63 0 2.10961 0.484645 -0.191067 7 0.00866063 0.00804703 0.0992987 
qwerty 73 63 0 2.10961 0.543517 -0.136366 7.675 0.00866063 0.00804703 0.0992987 
qwerty 73 63 0 2.10961 0.60239 -0.0816649 8.35 0.00866063 0.00804703 0.0992987 
qwerty 73 63 0 2.10961 0.661262 -0.0269639 9.025 0.00866063 0.00804703 0.0992987 
qwerty 73 63 0 2.10961 0.720134 0.0277371 9.7 0.00866063 0.00804703 0.0992987 
qwerty 73 63 0 2.10961 0.779006 0.0824382 10.375 0.00866063 0.00804703 0.0992987 
qwerty 73 63 0 1.19549 0.446832 0.384108 11.05 -0.0418327 0.0376703 0.0826497 
qwerty 73 63 0 1.19549 0.105185 0.691761 11.725 -0.0418327 0.0376703 0.0826497 
qwerty 73 63 0 1.19549 -0.236462 0.999414 12.4 -0.0418327 0.0376703 0.0826497 
qwerty 73 63 0 1.19549 -0.57811 1.30707 13.075 -0.0418327 0.0376703 0.0826497 
qwerty 73 63 0 1.19549 -0.919757 1.61472 13.75 -0.0418327 0.0376703 0.0826497 
qwerty 73 63 0 1.19549 -1.25 1.9121 14.4025 -0.0418327 0.0376703 0.0826497 
qwerty 73 63 0 1.19549 -1.2614 1.92237 14.425 -0.0418327 0.0376703 0.0826497 
qwerty 73 63 0 1.19549 -1.60305 2.23003 15.1 -0.0418327 0.0376703 0.0826497 
qwerty 73 63 0 0.179632 -1.37504 2.72013 14.9119 0.0428577 -0.0742638 -0.0514597 
qwerty 73 63 0 0.179632 -1.11526 2.26999 14.6 0.0428577 -0.0742638 -0.0514597 
qwerty 153 73 0.124985 0 -1.37321 2.73172 14.9107 0.0155315 0.0982281 -0.0104883 
qwerty 72 63 0 0.599758 0.187392 -0.957092 2.95 0.0139926 -0.0552634 0.0821594 
qwerty 72 63 0 0.599758 0.302351 -1.41112 3.625 0.0139926 -0.0552634 0.0821594 
qwerty 72 63 0 0.599758 0.417311 -1.86515 4.3 0.0139926 -0.0552634 0.0821594 
qwerty 72 63 0 0.599758 0.53227 -2.31918 4.975 0.0139926 -0.0552634 0.0821594 
qwerty 72 63 0 0.599758 0.64723 -2.77321 5.65 0.0139926 -0.0552634 0.0821594 
qwerty 71 63 0 45.5141 0.0843387 -0.735439 2.95 0.000612158 -0.0291573 0.0956529 
qwerty 156 71 0.901581 23.7613 0.0799376 -0.975414 3.625 -0.00279218 -0.0370993 0.0928216 
qwerty 156 71 0.755217 10.3151 0.373397 -0.866801 4.15739 0.0688894 0.00465527 0.0723365 
qwerty 156 71 0.405258 9.90988 0.509208 -0.857624 4.3 0.0610765 -0.00798624 0.0787774 
qwerty 156 71 0.131432 1.44087 0.651565 -0.764079 4.48865 0.0670839 0.0731528 0.012183 
qwerty 156 71 0.715073 0.7258 0.852965 -0.607466 4.50868 0.0596443 0.0258304 0.0759957 
qwerty 156 71 0.351464 0.374336 0.939001 -0.517469 4.60365 0.0133528 0.0813062 -0.0566657 
qwerty 156 71 0.374336 0 0.948153 -0.461739 4.56481 -0.00684906 0.0814501 -0.0576105 
qwerty 159 156 0.917145 8.34206 0.263008 -1.25 4.03666 0.0440872 -0.045048 0.0776337 
qwerty 159 156 0.494504 7.84756 0.412554 -1.40281 4.3 0.0363897 -0.0577986 0.0730418 
qwerty 163 156 0 4.74329 1.25 0.176422 4.64446 0.0531666 0.0835567 0.013842 
qwerty 163 156 0 3.51338 2.42153 2.0176 4.94947 0.0643196 0.0759063 -0.0100607 
qwerty 163 156 0 3.51338 3.75 3.58538 4.74167 0.0643196 0.0759063 -0.0100607 
qwerty 163 156 0 3.51338 5.45488 5.59738 4.475 0.0643196 0.0759063 -0.0100607 
qwerty 167 163 0.812048 1.59874 5.54739 5.49423 4.79331 0.00511821 -0.0276459 0.0959662 
qwerty 167 163 0.324213 1.27453 5.55708 5.44189 4.975 -0.00671203 0.00347631 0.0997139 
qwerty 166 163 0.0693675 1.16055 2.42815 2.05037 4.975 0.0377138 0.0684783 0.062357 
qwerty 169 166 0 0.667647 3.13801 4.77826 4.475 0.0246944 0.0951647 -0.0182721 
qwerty 169 166 0 0.522815 3.59211 6.4579 4.975 0.0235834 0.0855371 0.0461219 
qwerty 162 156 0 0.415995 1.10833 -0.47873 4.975 0.0640926 0.0405335 0.0651857 
qwerty 161 156 0 0.302552 0.869807 -0.924739 4.975 0.0450764 -0.00845633 0.0888629 
qwerty 161 156 0 0.302552 1.21221 -0.988973 5.65 0.0450764 -0.00845633 0.0888629 
qwerty 160 156 0 0.0485628 0.555007 -0.846685 4.3 0.0783532 0.00867904 0.061526 
qwerty 158 156 0 0.31673 0.195235 -1.11703 4.3 0.0177253 -0.0196572 0.0964334 
qwerty 69 63 0 0.62904 0.0664102 -0.510525 2.275 -0.00542299 -0.0229634 0.0971765 
qwerty 69 63 0 0.62904 0.0287415 -0.670032 2.95 -0.00542299 -0.0229634 0.0971765 
qwerty 68 63 0 1.3843 0.0905315 -0.50095 2.275 -0.000856338 -0.0208272 0.0978033 
qwerty 68 63 0 1.3843 0.0846214 -0.644692 2.95 -0.000856338 -0.0208272 0.0978033 
qwerty 68 63 0 1.3843 0.0787113 -0.788433 3.625 -0.000856338 -0.0208272 0.0978033 
qwerty 68 63 0 1.25192 0.212046 -0.842141 4.3 0.0225519 -0.00558006 0.097264 
qwerty 68 63 0 1.25192 0.368553 -0.880866 4.975 0.0225519 -0.00558006 0.097264 
qwerty 68 63 0 1.25192 0.52506 -0.919591 5.65 0.0225519 -0.00558006 0.097264 
qwerty 68 63 0 1.25192 0.681567 -0.958316 6.325 0.0225519 -0.00558006 0.097264 
qwerty 68 63 0 1.25192 0.838075 -0.99704 7 0.0225519 -0.00558006 0.097264 
qwerty 68 63 0 1.25192 0.994582 -1.03577 7.675 0.0225519 -0.00558006 0.097264 
qwerty 68 63 0 1.25192 1.15109 -1.07449 8.35 0.0225519 -0.00558006 0.097264 
qwerty 68 63 0 1.25192 1.25 -1.09896 8.77659 0.0225519 -0.00558006 0.097264 
qwerty 68 63 0 1.25192 1.3076 -1.11322 9.025 0.0225519 -0.00558006 0.097264 
qwerty 68 63 0 1.25192 1.4641 -1.15194 9.7 0.0225519 -0.00558006 0.097264 
qwerty 67 63 0 40.7871 0.0906058 -0.359054 1.6 0.00411896 -0.0164313 0.0985548 
qwerty 180 67 1.03596 21.3618 0.0387582 -0.497496 2.275 -0.0117669 -0.0269761 0.0955711 
qwerty 180 67 0.970337 16.6998 -0.11218 -0.702944 2.91023 -0.0198065 -0.0348972 0.0915963 
qwerty 180 67 0.0989371 16.6009 -0.120779 -0.718096 2.95 -0.0192037 -0.0343746 0.0919217 
qwerty 180 67 1.1475 11.4739 0.311774 -0.537075 3.625 0.0621187 0.0288104 0.0728782 
qwerty 182 180 0.0508938 0.247949 -0.115194 -0.728208 2.91479 -0.0474741 -0.0869832 -0.0134211 
qwerty 182 180 0.0475635 0.200386 -0.131365 -0.73996 2.91374 -0.0116987 -0.0967197 -0.0225488 
qwerty 182 180 0.142997 0.0573892 -0.137154 -0.756958 2.90929 -0.0597742 -0.0568537 -0.0565217 
qwerty 182 180 0.0573892 0 -0.138988 -0.758703 2.90756 -0.0597742 -0.0568537 -0.0565217 
qwerty 189 180 0 3.68964 -0.175402 2.38548 3.125 -0.0178801 0.09644 -0.0194843 
qwerty 189 180 0 3.68964 -0.428386 3.75 2.84932 -0.0178801 0.09644 -0.0194843 
qwerty 189 180 0 3.68964 -0.794825 5.72647 2.45 -0.0178801 0.09644 -0.0194843 
qwerty 192 190 0 0.454886 -0.484635 6.93316 2.90308 0.0112241 0.0946362 0.0302988 
qwerty 192 190 0 0.454886 -0.467253 7.07971 2.95 0.0112241 0.0946362 0.0302988 
qwerty 192 190 0 0.454886 -0.217201 9.18802 3.625 0.0112241 0.0946362 0.0302988 
qwerty 193 192 0.0693834 0 -0.481555 6.9318 2.90573 0.0719111 -0.0316256 0.0618758 
qwerty 186 180 0 1.96495 1.25 0.139735 3.60752 0.0817818 0.0572485 -0.00586012 
qwerty 186 180 0 1.96495 3.75 1.88977 3.42838 0.0817818 0.0572485 -0.00586012 
qwerty 186 180 0 1.96495 6.25 3.63981 3.24924 0.0817818 0.0572485 -0.00586012 
qwerty 186 180 0 1.96495 7.98391 4.85357 3.125 0.0817818 0.0572485 -0.00586012 
qwerty 186 180 0 0.9743 8.7195 5.7483 3.625 0.0442527 0.0708935 0.0549164 
qwerty 186 180 0 0.9743 9.03267 6.25 4.01363 0.0442527 0.0708935 0.0549164 
qwerty 186 180 0 0.9743 9.26343 6.61968 4.3 0.0442527 0.0708935 0.0549164 
qwerty 186 180 0 0.822582 10.3265 7.27457 4.975 0.0773456 0.0432042 0.0463795 
qwerty 186 180 0 0.822582 11.4522 7.90336 5.65 0.0773456 0.0432042 0.0463795 
qwerty 198 186 0.0496591 0.631446 11.4472 7.93802 5.64861 -0.0238536 0.0850111 -0.0469481 
qwerty 198 186 0.05643 0.575016 11.4464 7.96857 5.62854 -0.0241242 0.0883194 -0.0402208 
qwerty 198 186 0.0495848 0.525432 11.4289 7.99362 5.61604 -0.0134528 0.0964467 -0.0227388 
qwerty 198 186 0.0571838 0.468248 11.4129 8.02848 5.61551 -0.0719887 0.0440326 -0.0536541 
qwerty 198 186 0.0545623 0.413686 11.3899 8.04229 5.6054 -0.0795454 0.037569 -0.0475511 
qwerty 198 186 0.0639111 0.349774 11.3727 8.0618 5.58454 -0.0496029 0.0832208 -0.024776 
qwerty 198 186 0.0841931 0.265581 11.3562 8.09288 5.58687 0.00731167 0.091757 0.0390792 
qwerty 198 186 0.0780874 0.187494 11.3506 8.11259 5.61756 0.0487161 0.0321834 0.0811848 
qwerty 198 186 0.121865 0.0656285 11.3582 8.10751 5.64229 -0.085377 3.17708e-05 0.0520651 
qwerty 198 186 0.0656285 0 11.3549 8.10751 5.64431 -0.085377 3.17708e-05 0.0520651 
qwerty 185 180 0 0.277927 0.244405 -0.77462 3.625 0.0543331 0.00182791 0.083932 
qwerty 66 63 0 0.275696 0.084602 -0.348407 1.6 0.00302637 -0.0145037 0.0988963 
qwerty 65 63 0 115.366 0.0926119 -0.364865 1.6 0.00451821 -0.0174664 0.0983591 
qwerty 65 63 0 115.366 0.123619 -0.48473 2.275 0.00451821 -0.0174664 0.0983591 
qwerty 65 63 0 45.7567 0.179544 -0.541281 2.95 0.00885539 -0.00674647 0.0993784 
qwerty 65 63 0 45.7567 0.239692 -0.587104 3.625 0.00885539 -0.00674647 0.0993784 
qwerty 65 63 0 45.7567 0.29984 -0.632928 4.3 0.00885539 -0.00674647 0.0993784 
qwerty 205 65 0.636578 1.65271 0.695645 -0.711469 4.70293 0.0724089 -0.0579644 0.0373775 
qwerty 205 65 0.574202 1.07851 0.983324 -0.816272 4.73779 0.0769839 -0.0274678 0.0576107 
qwerty 205 65 0.415821 0.651565 1.09413 -0.917343 4.86129 -0.0881185 -0.0357843 -0.0308968 
qwerty 205 65 0.371875 0.27969 0.999293 -0.955403 4.74145 -0.0156318 -0.0623045 -0.0766407 
qwerty 205 65 0.27969 0 0.99247 -0.982601 4.708 -0.0156318 -0.0623045 -0.0766407 
qwerty 205 65 0 0 0.99247 -0.982601 4.708 -0.0156318 -0.0623045 -0.0766407 
qwerty 181 67 0.702602 15.2503 0.0926526 -0.547685 2.275 -0.0143126 -0.0345659 0.0927381 
qwerty 181 67 1.19674 4.00668 -0.48186 -0.995421 1.775 -0.0797047 -0.0468582 -0.0380982 
qwerty 181 67 0.10449 0 -0.48045 -1.02851 1.82773 0.0686035 -0.0281451 0.0670926 
qwerty 157 71 1.44832 18.3692 0.109357 -1.00696 3.625 0.00282064 -0.0375077 0.0926564 
qwerty 204 65 0.881236 1.99986 0.537777 -0.312809 4.69329 0.0508502 0.0675268 0.0534265 
qwerty 204 65 0.649879 1.34998 0.659899 -0.0153053 4.80618 0.0538567 0.0841557 0.00415549 
qwerty 204 65 0.439412 0.910572 0.699007 0.240797 4.89005 0.0403866 0.0901589 0.0155014 
qwerty 204 65 0.377883 0.53269 0.822487 0.37915 4.90855 0.021538 0.0954587 -0.0205852 
qwerty 204 65 0.339623 0.193066 0.785266 0.508551 4.94431 0.0333929 0.0503257 0.0797009 
qwerty 204 65 0.193066 0 0.793373 0.520768 4.96366 0.0333929 0.0503257 0.0797009 
qwerty 203 65 0.99182 64.2666 0.121055 -0.671451 2.95 -0.000244857 -0.0302863 0.0953031 
qwerty 203 65 0.719119 45.1433 0.17689 -0.762296 3.47777 0.0149671 -0.0147686 0.0977644 
qwerty 203 65 0.200601 44.9427 0.19943 -0.784537 3.625 0.0195571 -0.0150084 0.0969137 
qwerty 203 65 0.790004 30.1657 0.280079 -0.8775 4.3 0.00733261 -0.01606 0.0984292 
qwerty 203 65 0.639055 15.7799 0.404322 -0.862065 4.80165 0.00981623 0.0338275 0.0935913 
qwerty 203 65 0.271065 15.5089 0.422504 -0.799409 4.975 0.0136528 0.0401839 0.0905475 
qwerty 203 65 0.817236 11.8276 0.363215 -0.666385 5.65 -0.0164809 0.0264249 0.0950269 
qwerty 203 65 0.526313 6.27939 0.221599 -0.533697 6.09264 -0.040403 0.0406919 0.0819254 
qwerty 203 65 0.185135 6.07905 0.18888 -0.494454 6.17355 -0.0452753 0.0432261 0.0779849 
qwerty 203 65 0.277697 5.80135 0.100952 -0.410505 6.325 -0.0507692 0.0333774 0.0794257 
qwerty 250 203 0.699436 1.50404 -0.104004 -0.529884 6.22742 -0.0587328 -0.0780097 -0.0215623 
qwerty 250 203 0.562087 0.941956 -0.255955 -0.763764 6.2799 -0.0500811 -0.0836175 -0.0223607 
qwerty 250 203 0.350684 0.591272 -0.274097 -0.959435 6.23686 -0.0538992 -0.0811246 0.0226643 
qwerty 250 203 0.471882 0.11939 -0.329816 -1.07916 6.20894 -0.0677719 -0.0642212 -0.0358135 
qwerty 250 203 0.11939 0 -0.337216 -1.08618 6.20503 -0.0677719 -0.0642212 -0.0358135 
qwerty 248 203 0.29903 0.127507 0.355045 -0.888035 4.8626 -0.0144077 0.00759134 0.098665 
qwerty 248 203 0.0360145 0.076702 0.353917 -0.88744 4.87032 -0.00402465 0.071047 0.0702576 
qwerty 248 203 0.076702 0 0.353712 -0.883816 4.8739 -0.00402465 0.071047 0.0702576 
qwerty 255 248 0.00029101 0 0.318143 -0.828984 4.91404 -0.0440064 0.0719084 0.0537831 
qwerty 256 255 0.0144999 0 0.318166 -0.828847 4.91382 0.00874891 0.0518734 -0.0850447 
qwerty 251 203 0 0.0152046 0.210493 -0.375455 6.325 0.011151 0.0613968 0.0781414 
qwerty 249 203 0 0.475168 0.289643 -0.457775 6.325 -0.0103314 0.0293627 0.0950321 
qwerty 249 203 0 0.475168 0.216261 -0.249216 7 -0.0103314 0.0293627 0.0950321 
qwerty 249 203 0 0.475168 0.142878 -0.0406567 7.675 -0.0103314 0.0293627 0.0950321 
qwerty 249 203 0 0.475168 0.069495 0.167902 8.35 -0.0103314 0.0293627 0.0950321 
qwerty 249 203 0 0.475168 -0.00388778 0.376461 9.025 -0.0103314 0.0293627 0.0950321 
qwerty 249 203 0 0.475168 -0.0772705 0.58502 9.7 -0.0103314 0.0293627 0.0950321 
qwerty 249 203 0 0.475168 -0.150653 0.793579 10.375 -0.0103314 0.0293627 0.0950321 
qwerty 249 203 0 0.392752 -0.50562 0.691685 11.05 -0.0519644 -0.0218741 0.0825907 
qwerty 249 203 0 0.175829 -0.643414 0.527195 10.55 -0.0209664 -0.027651 -0.0937861 
qwerty 247 203 0 2.33066 0.481955 -0.976002 4.975 0.0294994 -0.0132095 0.0946324 
qwerty 247 203 0 2.25919 0.753653 -1.10311 5.65 0.0390577 -0.0184622 0.0901867 
qwerty 247 203 0 2.25919 1.04598 -1.24129 6.325 0.0390577 -0.0184622 0.0901867 
qwerty 247 203 0 2.25919 1.33831 -1.37947 7 0.0390577 -0.0184622 0.0901867 
qwerty 247 203 0 2.25919 1.63063 -1.51765 7.675 0.0390577 -0.0184622 0.0901867 
qwerty 247 203 0 2.25919 1.92296 -1.65583 8.35 0.0390577 -0.0184622 0.0901867 
qwerty 247 203 0 2.25919 2.21529 -1.79401 9.025 0.0390577 -0.0184622 0.0901867 
qwerty 247 203 0 1.2606 2.4542 -2.35887 9.7 0.0218672 -0.0709176 0.0670263 
qwerty 247 203 0 1.2606 2.67441 -3.07306 10.375 0.0218672 -0.0709176 0.0670263 
qwerty 247 203 0 1.17923 2.82165 -3.55056 10.8263 0.0273904 -0.0834787 0.0477606 
qwerty 247 203 0 1.17923 2.88709 -3.75 10.9404 0.0273904 -0.0834787 0.0477606 
qwerty 247 203 0 1.17923 2.94994 -3.94156 11.05 0.0273904 -0.0834787 0.0477606 
qwerty 247 203 0 1.17923 3.33705 -5.12137 11.725 0.0273904 -0.0834787 0.0477606 
qwerty 247 203 0 0.680327 3.61803 -5.97771 12.2149 0.0736465 -0.0207167 0.0643973 
qwerty 247 203 0 0.680327 3.82967 -6.03725 12.4 0.0736465 -0.0207167 0.0643973 
qwerty 268 247 0.0390459 0.447438 3.61736 -5.99932 12.2166 0.0402378 -0.0764014 0.0504355 
qwerty 268 247 0.313748 0.13369 3.65277 -6.06655 12.261 0.0978804 0.0167909 0.0117259 
qwerty 268 247 0.13369 0 3.6657 -6.06433 12.2626 0.0978804 0.0167909 0.0117259 
qwerty 267 247 0.0813753 0 2.82075 -3.54885 10.8316 -0.0157978 0.0301739 0.0940211 
qwerty 266 247 0.132283 0.865578 2.34078 -1.77506 9.25687 -0.0532642 0.0813981 0.0231793 
qwerty 266 247 0.168244 0.697334 2.31008 -1.69963 9.29218 -0.0696549 0.0717505 -0.000225657 
qwerty 266 247 0.210883 0.48645 2.2289 -1.65562 9.27912 -0.0985546 0.000508866 0.016933 
qwerty 266 247 0.137556 0.348894 2.16457 -1.62947 9.29006 -0.0897031 0.0318446 0.0306477 
qwerty 266 247 0.196414 0.15248 2.10211 -1.6326 9.29684 -0.039731 0.0904902 -0.0152632 
qwerty 266 247 0.15248 0 2.09557 -1.6177 9.29433 -0.039731 0.0904902 -0.0152632 
qwerty 271 268 0.00029101 0 3.60609 -6.00039 12.2307 -0.0623832 -0.00593254 0.0779304 
qwerty 272 271 0.0121254 0 3.60609 -6.00022 12.2306 -0.000125871 0.0861842 -0.0507175 
qwerty 246 203 0 8.14271 0.294823 -0.984459 4.975 0.00208269 -0.0155661 0.0987591 
qwerty 246 203 0 8.14271 0.309058 -1.09085 5.65 0.00208269 -0.0155661 0.0987591 
qwerty 246 203 0 8.14271 0.323293 -1.19724 6.325 0.00208269 -0.0155661 0.0987591 
qwerty 246 203 0 8.14271 0.330352 -1.25 6.65973 0.00208269 -0.0155661 0.0987591 
qwerty 246 203 0 8.14271 0.337528 -1.30363 7 0.00208269 -0.0155661 0.0987591 
qwerty 246 203 0 8.14271 0.351763 -1.41002 7.675 0.00208269 -0.0155661 0.0987591 
qwerty 246 203 0 8.14271 0.365997 -1.51641 8.35 0.00208269 -0.0155661 0.0987591 
qwerty 246 203 0 8.14271 0.380232 -1.62281 9.025 0.00208269 -0.0155661 0.0987591 
qwerty 246 203 0 8.14271 0.394467 -1.7292 9.7 0.00208269 -0.0155661 0.0987591 
qwerty 246 203 0 8.14271 0.408702 -1.83559 10.375 0.00208269 -0.0155661 0.0987591 
qwerty 246 203 0 8.14271 0.422937 -1.94198 11.05 0.00208269 -0.0155661 0.0987591 
qwerty 246 203 0 8.14271 0.437171 -2.04837 11.725 0.00208269 -0.0155661 0.0987591 
qwerty 246 203 0 8.14271 0.451406 -2.15476 12.4 0.00208269 -0.0155661 0.0987591 
qwerty 275 246 0.538829 1.02249 0.439533 -2.01284 12.5992 -0.0140085 0.0909489 -0.0391415 
qwerty 275 246 0.105508 0.91698 0.430883 -1.95668 12.575 -0.0186567 0.0912103 -0.036505 
qwerty 275 246 0.0669627 0.692924 0.43943 -1.95146 12.6086 0.00838194 -0.0117927 0.0989478 
qwerty 275 246 0.0662585 0.626666 0.437523 -1.95833 12.6505 0.00885146 -0.0295937 0.0951098 
qwerty 275 246 0.155713 0.470953 0.43101 -1.96459 12.6952 -0.0439223 -0.0367255 0.0819882 
qwerty 275 246 0.106158 0.364795 0.384918 -1.98144 12.726 -0.0762086 0.0120311 0.06362 
qwerty 275 246 0.287254 0.0775409 0.334658 -1.97351 12.768 0.0450861 -0.0313968 -0.0835553 
qwerty 275 246 0.0775409 0 0.337002 -1.97514 12.7636 0.0450861 -0.0313968 -0.0835553 
qwerty 278 275 0.00029101 0 0.436402 -2.00155 12.5931 -0.0237456 0.0855827 -0.0459537 
qwerty 279 278 0.00583988 0 0.436368 -2.00152 12.5931 -0.0634247 0.0608643 -0.0476743 
qwerty 277 275 0 0.289967 0.207784 -1.40132 13.075 -0.0261997 0.0816453 0.0514551 
qwerty 245 203 0 0.578107 0.337953 -0.969711 4.975 0.00846929 -0.0134861 0.0987238 
qwerty 245 203 0 0.578107 0.39586 -1.06192 5.65 0.00846929 -0.0134861 0.0987238 
qwerty 245 203 0 0.578107 0.453767 -1.15413 6.325 0.00846929 -0.0134861 0.0987238 
qwerty 245 203 0 0.578107 0.511674 -1.24633 7 0.00846929 -0.0134861 0.0987238 
qwerty 245 203 0 0.432535 0.529314 -1.27443 7.20563 -0.0504561 -0.0528556 0.0682677 
qwerty 245 203 0 0.432535 0.182409 -1.63783 7.675 -0.0504561 -0.0528556 0.0682677 
qwerty 245 203 0 0.432535 -0.316478 -2.16044 8.35 -0.0504561 -0.0528556 0.0682677 
qwerty 281 245 0.145572 0 0.539192 -1.26886 7.21582 0.0648126 0.0365429 0.0668127 
qwerty 244 203 0 3.47868 0.302424 -0.891635 4.3 0.0136827 -0.0150751 0.0979057 
qwerty 244 203 0 3.47868 0.396757 -0.995569 4.975 0.0136827 -0.0150751 0.0979057 
qwerty 244 203 0 3.47868 0.491091 -1.0995 5.65 0.0136827 -0.0150751 0.0979057 
qwerty 244 203 0 1.41416 0.40811 -1.65322 6.325 -0.0128044 -0.0688015 0.0714311 
qwerty 243 203 0 5.88101 0.311371 -0.83605 4.3 0.0161859 -0.00631054 0.0984794 
qwerty 243 203 0 5.88101 0.422313 -0.879304 4.975 0.0161859 -0.00631054 0.0984794 
qwerty 243 203 0 5.88101 0.533255 -0.922557 5.65 0.0161859 -0.00631054 0.0984794 
qwerty 243 203 0 5.88101 0.644196 -0.965811 6.325 0.0161859 -0.00631054 0.0984794 
qwerty 243 203 0 5.88101 0.755138 -1.00907 7 0.0161859 -0.00631054 0.0984794 
qwerty 243 203 0 5.88101 0.86608 -1.05232 7.675 0.0161859 -0.00631054 0.0984794 
qwerty 243 203 0 5.88101 0.977022 -1.09557 8.35 0.0161859 -0.00631054 0.0984794 
qwerty 243 203 0 5.88101 1.08796 -1.13883 9.025 0.0161859 -0.00631054 0.0984794 
qwerty 243 203 0 5.88101 1.19891 -1.18208 9.7 0.0161859 -0.00631054 0.0984794 
qwerty 243 203 0 5.88101 1.25 -1.202 10.0109 0.0161859 -0.00631054 0.0984794 
qwerty 243 203 0 5.88101 1.30985 -1.22533 10.375 0.0161859 -0.00631054 0.0984794 
qwerty 242 203 0 2.07253 0.315441 -0.892844 4.3 0.0166975 -0.0151811 0.0974204 
qwerty 242 203 0 2.07253 0.431133 -0.99803 4.975 0.0166975 -0.0151811 0.0974204 
qwerty 242 203 0 2.07253 0.546825 -1.10322 5.65 0.0166975 -0.0151811 0.0974204 
qwerty 242 203 0 2.07253 0.662518 -1.2084 6.325 0.0166975 -0.0151811 0.0974204 
qwerty 242 203 0 2.07253 0.708271 -1.25 6.59194 0.0166975 -0.0151811 0.0974204 
qwerty 242 203 0 2.07253 0.77821 -1.31359 7 0.0166975 -0.0151811 0.0974204 
qwerty 242 203 0 2.07253 0.893902 -1.41877 7.675 0.0166975 -0.0151811 0.0974204 
qwerty 242 203 0 2.07253 1.00959 -1.52396 8.35 0.0166975 -0.0151811 0.0974204 
qwerty 242 203 0 2.07253 1.12529 -1.62915 9.025 0.0166975 -0.0151811 0.0974204 
qwerty 242 203 0 2.07253 1.24098 -1.73433 9.7 0.0166975 -0.0151811 0.0974204 
qwerty 242 203 0 2.07253 1.35667 -1.83952 10.375 0.0166975 -0.0151811 0.0974204 
qwerty 242 203 0 2.07253 1.47236 -1.9447 11.05 0.0166975 -0.0151811 0.0974204 
qwerty 242 203 0 2.07253 1.58806 -2.04989 11.725 0.0166975 -0.0151811 0.0974204 
qwerty 242 203 0 2.07253 1.70375 -2.15508 12.4 0.0166975 -0.0151811 0.0974204 
qwerty 242 203 0 2.07253 1.81944 -2.26026 13.075 0.0166975 -0.0151811 0.0974204 
qwerty 242 203 0 2.07253 1.93513 -2.36545 13.75 0.0166975 -0.0151811 0.0974204 
qwerty 242 203 0 2.07253 2.05083 -2.47063 14.425 0.0166975 -0.0151811 0.0974204 
qwerty 242 203 0 1.17872 2.13586 -2.54795 14.9212 0.0449381 -0.0597068 0.0664505 
qwerty 242 203 0 1.17872 2.25681 -2.70865 15.1 0.0449381 -0.0597068 0.0664505 
qwerty 242 203 0 1.17872 2.71329 -3.31514 15.775 0.0449381 -0.0597068 0.0664505 
qwerty 242 203 0 1.17872 3.04058 -3.75 16.259 0.0449381 -0.0597068 0.0664505 
qwerty 242 203 0 1.17872 3.16977 -3.92164 16.45 0.0449381 -0.0597068 0.0664505 
qwerty 242 203 0 1.17872 3.62625 -4.52814 17.125 0.0449381 -0.0597068 0.0664505 
qwerty 242 203 0 1.17872 4.08273 -5.13464 17.8 0.0449381 -0.0597068 0.0664505 
qwerty 242 203 0 0.984531 5.43829 -6.34334 18.475 0.0704312 -0.0623207 0.0339936 
qwerty 242 203 0 0.472338 5.82699 -6.94346 17.975 0.03722 -0.064494 -0.0667473 
qwerty 295 242 0.20671 0.687092 2.10354 -2.47878 15.0052 -0.0127249 0.0526452 0.0840628 
qwerty 295 242 0.122609 0.564483 2.10495 -2.43682 15.0497 -0.0159195 0.0955767 0.0247317 
qwerty 295 242 0.121283 0.4432 2.12187 -2.37471 15.0842 0.0410534 0.0905979 0.0103269 
qwerty 295 242 0.122765 0.320435 2.1405 -2.32268 15.0988 -0.0713768 0.0414661 0.0564439 
qwerty 295 242 0.0140924 0.306343 2.13895 -2.32178 15.1 -0.0740625 0.0469425 0.0480744 
qwerty 295 242 0.0132768 0.270342 2.13484 -2.32323 15.0986 -0.0804366 -0.0471363 -0.0361681 
qwerty 295 242 0.00989417 0.260448 2.13029 -2.32507 15.0972 -0.0693285 -0.0645926 -0.0319587 
qwerty 295 242 0.00847592 0.251972 2.12696 -2.32759 15.0964 -0.0768325 -0.0541465 -0.0341309 
qwerty 295 242 0.00773373 0.244238 2.12388 -2.3297 15.0957 -0.0665767 -0.073822 -0.0108558 
qwerty 295 242 0.00657371 0.237664 2.12181 -2.33273 15.0956 -0.0692381 -0.0711914 -0.0117415 
qwerty 295 242 0.00893091 0.228733 2.11835 -2.33567 15.0941 -0.0683917 -0.0714498 -0.0147476 
qwerty 295 242 0.00923851 0.219495 2.11547 -2.33879 15.0925 0.0271377 -0.0932802 -0.0237138 
qwerty 295 242 0.00890904 0.210586 2.11677 -2.34299 15.0907 0.0126881 -0.0989642 -0.00671555 
qwerty 295 242 0.0691643 0.141421 2.11823 -2.34841 15.0912 0.0383907 -0.0899894 -0.0206896 
qwerty 295 242 0.0102255 0.131196 2.11978 -2.35299 15.0919 0.0276369 -0.0955364 -0.01044 
qwerty 295 242 0.0172522 0.113944 2.12126 -2.35739 15.0928 -0.0117622 -0.0993049 0.0004438 
qwerty 295 242 0.0119138 0.10203 2.12105 -2.36121 15.0914 0.0484613 -0.0826056 -0.0287718 
qwerty 295 242 0.018714 0.0833159 2.12435 -2.36396 15.0882 0.0925529 -0.0248324 -0.0285887 
qwerty 295 242 0.0833159 0 2.1298 -2.36542 15.0866 0.0925529 -0.0248324 -0.0285887 
qwerty 241 203 0 0.114541 0.199143 -0.785428 3.625 0.0147678 -0.015351 0.097705 
qwerty 240 203 0 2.36093 0.10235 -0.791971 3.625 -0.00226219 -0.0162085 0.0986517 
qwerty 240 203 0 2.36093 0.0868713 -0.902874 4.3 -0.00226219 -0.0162085 0.0986517 
qwerty 240 203 0 1.27899 0.393778 -1.32734 4.975 0.0398196 -0.0527354 0.0750558 
qwerty 240 203 0 1.27899 0.751888 -1.8016 5.65 0.0398196 -0.0527354 0.0750558 
qwerty 240 203 0 1.27899 1.11 -2.27587 6.325 0.0398196 -0.0527354 0.0750558 
qwerty 240 203 0 1.27899 1.46811 -2.75014 7 0.0398196 -0.0527354 0.0750558 
qwerty 240 203 0 1.27899 1.82622 -3.2244 7.675 0.0398196 -0.0527354 0.0750558 
qwerty 240 203 0 0.66026 1.56247 -3.44359 8.35 -0.0413583 -0.0254352 0.0874216 
qwerty 240 203 0 0.66026 1.25 -3.63576 9.01048 -0.0413583 -0.0254352 0.0874216 
qwerty 240 203 0 0.66026 1.24313 -3.63998 9.025 -0.0413583 -0.0254352 0.0874216 
qwerty 240 203 0 0.66026 1.06424 -3.75 9.40314 -0.0413583 -0.0254352 0.0874216 
qwerty 240 203 0 0.66026 0.923794 -3.83637 9.7 -0.0413583 -0.0254352 0.0874216 
qwerty 240 203 0 0.66026 0.604458 -4.03276 10.375 -0.0413583 -0.0254352 0.0874216 
qwerty 240 203 0 0.647446 0.184739 -4.32995 11.05 -0.0508196 -0.036685 0.0779204 
qwerty 240 203 0 0.647446 -0.255495 -4.64774 11.725 -0.0508196 -0.036685 0.0779204 
qwerty 240 203 0 0.647446 -0.695729 -4.96553 12.4 -0.0508196 -0.036685 0.0779204 
qwerty 240 203 0 0.647446 -1.13596 -5.28332 13.075 -0.0508196 -0.036685 0.0779204 
qwerty 240 203 0 0.647446 -1.5762 -5.60111 13.75 -0.0508196 -0.036685 0.0779204 
qwerty 240 203 0 0.647446 -2.01643 -5.9189 14.425 -0.0508196 -0.036685 0.0779204 
qwerty 240 203 0 0.647446 -2.45667 -6.23669 15.1 -0.0508196 -0.036685 0.0779204 
qwerty 240 203 0 0.647446 -2.8969 -6.55448 15.775 -0.0508196 -0.036685 0.0779204 
qwerty 239 203 0 0.207622 0.104618 -0.801872 3.625 -0.00184298 -0.0178723 0.0983727 
qwerty 238 203 0 2.3739 0.11577 -0.802509 3.625 2.13653e-05 -0.0179783 0.0983706 
qwerty 238 203 0 2.3739 0.115917 -0.925873 4.3 2.13653e-05 -0.0179783 0.0983706 
qwerty 238 203 0 2.3739 0.116063 -1.04924 4.975 2.13653e-05 -0.0179783 0.0983706 
qwerty 238 203 0 2.3739 0.11621 -1.1726 5.65 2.13653e-05 -0.0179783 0.0983706 
qwerty 238 203 0 2.3739 0.116357 -1.29596 6.325 2.13653e-05 -0.0179783 0.0983706 
qwerty 238 203 0 2.3739 0.116503 -1.41933 7 2.13653e-05 -0.0179783 0.0983706 
qwerty 238 203 0 2.3739 0.11665 -1.54269 7.675 2.13653e-05 -0.0179783 0.0983706 
qwerty 238 203 0 2.3739 0.116796 -1.66606 8.35 2.13653e-05 -0.0179783 0.0983706 
qwerty 238 203 0 2.3739 0.116943 -1.78942 9.025 2.13653e-05 -0.0179783 0.0983706 
qwerty 238 203 0 2.3739 0.11709 -1.91278 9.7 2.13653e-05 -0.0179783 0.0983706 
qwerty 238 203 0 2.3739 0.117236 -2.03615 10.375 2.13653e-05 -0.0179783 0.0983706 
qwerty 238 203 0 2.3739 0.117383 -2.15951 11.05 2.13653e-05 -0.0179783 0.0983706 
qwerty 238 203 0 2.3739 0.117529 -2.28288 11.725 2.13653e-05 -0.0179783 0.0983706 
qwerty 238 203 0 2.3739 0.117676 -2.40624 12.4 2.13653e-05 -0.0179783 0.0983706 
qwerty 238 203 0 2.3739 0.117823 -2.5296 13.075 2.13653e-05 -0.0179783 0.0983706 
qwerty 237 203 0 5.42966 0.097401 -0.88723 3.625 -0.00321607 -0.0305197 0.0951746 
qwerty 237 203 0 5.42966 0.0745919 -1.10368 4.3 -0.00321607 -0.0305197 0.0951746 
qwerty 237 203 0 5.42966 0.0517828 -1.32013 4.975 -0.00321607 -0.0305197 0.0951746 
qwerty 237 203 0 5.42966 0.0289737 -1.53659 5.65 -0.00321607 -0.0305197 0.0951746 
qwerty 237 203 0 5.42966 0.00616459 -1.75304 6.325 -0.00321607 -0.0305197 0.0951746 
qwerty 237 203 0 5.42966 -0.0166445 -1.96949 7 -0.00321607 -0.0305197 0.0951746 
qwerty 237 203 0 5.42966 -0.0394536 -2.18594 7.675 -0.00321607 -0.0305197 0.0951746 
qwerty 237 203 0 5.42966 -0.0622628 -2.4024 8.35 -0.00321607 -0.0305197 0.0951746 
qwerty 237 203 0 5.42966 -0.0850719 -2.61885 9.025 -0.00321607 -0.0305197 0.0951746 
qwerty 237 203 0 5.42966 -0.107881 -2.8353 9.7 -0.00321607 -0.0305197 0.0951746 
qwerty 237 203 0 5.42966 -0.13069 -3.05175 10.375 -0.00321607 -0.0305197 0.0951746 
qwerty 237 203 0 5.42966 -0.153499 -3.26821 11.05 -0.00321607 -0.0305197 0.0951746 
qwerty 237 203 0 5.42966 -0.176308 -3.48466 11.725 -0.00321607 -0.0305197 0.0951746 
qwerty 237 203 0 5.42966 -0.199117 -3.70111 12.4 -0.00321607 -0.0305197 0.0951746 
qwerty 237 203 0 5.42966 -0.221927 -3.91756 13.075 -0.00321607 -0.0305197 0.0951746 
qwerty 237 203 0 5.42966 -0.244736 -4.13402 13.75 -0.00321607 -0.0305197 0.0951746 
qwerty 307 237 1.39454 3.00124 -0.72083 -4.51805 14.1564 -0.072946 -0.0146481 0.0668155 
qwerty 307 237 0.814132 1.82134 -1.01092 -4.57483 14.424 -0.0841376 0.0291233 0.0455269 
qwerty 307 237 0.00195075 1.81939 -1.01274 -4.5742 14.425 -0.08518 0.0302343 0.0427816 
qwerty 307 237 0.524031 1.23874 -1.1226 -4.30139 14.3683 0.0545138 0.0553904 -0.0629297 
qwerty 307 237 0.444242 0.794494 -1.00997 -4.10554 14.2807 0.0391177 0.0825632 -0.0406586 
qwerty 307 237 0.357211 0.437283 -0.976486 -3.99838 14.1402 0.0516661 -0.00784959 -0.0852584 
qwerty 307 237 0.258355 0.178928 -0.935113 -4.00466 14.072 0.083656 0.0158405 -0.0524476 
qwerty 307 237 0.178928 0 -0.917176 -4.00127 14.0607 0.083656 0.0158405 -0.0524476 
qwerty 308 307 0.00437909 0.361383 -1.01083 -4.5747 14.425 0.00395173 0.0142151 0.0989056 
qwerty 236 203 0 5.70066 0.10543 -0.916687 3.625 -0.00217469 -0.0341657 0.0939573 
qwerty 236 203 0 5.70066 0.0898068 -1.16214 4.3 -0.00217469 -0.0341657 0.0939573 
qwerty 236 203 0 5.70066 0.0741835 -1.40759 4.975 -0.00217469 -0.0341657 0.0939573 
qwerty 235 203 0 0.818192 0.121777 -0.672506 2.95 -0.0017519 -0.0288877 0.0957206 
qwerty 235 203 0 0.818192 0.109423 -0.876216 3.625 -0.0017519 -0.0288877 0.0957206 
qwerty 235 203 0 0.430691 0.0338564 -1.25 3.82469 -0.0212681 -0.0963427 0.0163021 
qwerty 235 203 0 0.430691 -0.518029 -3.75 4.24771 -0.0212681 -0.0963427 0.0163021 
qwerty 235 203 0 0.430691 -0.586243 -4.059 4.3 -0.0212681 -0.0963427 0.0163021 
qwerty 234 203 0 2.21886 0.160571 -0.674372 2.95 0.00542194 -0.0286146 0.0956651 
qwerty 234 203 0 2.21886 0.198827 -0.876273 3.625 0.00542194 -0.0286146 0.0956651 
qwerty 234 203 0 2.21886 0.237084 -1.07817 4.3 0.00542194 -0.0286146 0.0956651 
qwerty 234 203 0 2.21886 0.27534 -1.28008 4.975 0.00542194 -0.0286146 0.0956651 
qwerty 234 203 0 1.56907 0.55688 -1.40321 5.65 0.0455644 -0.0131948 0.0880328 
qwerty 234 203 0 1.56907 0.90625 -1.50438 6.325 0.0455644 -0.0131948 0.0880328 
qwerty 234 203 0 1.56907 1.25562 -1.60555 7 0.0455644 -0.0131948 0.0880328 
qwerty 234 203 0 1.56907 1.60499 -1.70673 7.675 0.0455644 -0.0131948 0.0880328 
qwerty 234 203 0 1.56907 1.95436 -1.8079 8.35 0.0455644 -0.0131948 0.0880328 
qwerty 234 203 0 1.56907 2.30373 -1.90907 9.025 0.0455644 -0.0131948 0.0880328 
qwerty 234 203 0 1.56907 2.6531 -2.01025 9.7 0.0455644 -0.0131948 0.0880328 
qwerty 234 203 0 1.56907 3.00247 -2.11142 10.375 0.0455644 -0.0131948 0.0880328 
qwerty 234 203 0 1.56907 3.35184 -2.21259 11.05 0.0455644 -0.0131948 0.0880328 
qwerty 234 203 0 1.56907 3.70121 -2.31376 11.725 0.0455644 -0.0131948 0.0880328 
qwerty 234 203 0 1.56907 4.05058 -2.41494 12.4 0.0455644 -0.0131948 0.0880328 
qwerty 234 203 0 1.56907 4.39995 -2.51611 13.075 0.0455644 -0.0131948 0.0880328 
qwerty 234 203 0 1.56907 4.74932 -2.61728 13.75 0.0455644 -0.0131948 0.0880328 
qwerty 234 203 0 1.56907 5.09869 -2.71845 14.425 0.0455644 -0.0131948 0.0880328 
qwerty 234 203 0 0.60548 5.17199 -2.03557 15.1 0.00312693 0.0763199 0.0645406 
qwerty 233 204 0 1.01635 0.342553 -0.608522 4.975 0.00762795 0.00516454 0.0995748 
qwerty 233 204 0 1.01635 0.394261 -0.573513 5.65 0.00762795 0.00516454 0.0995748 
qwerty 233 204 0 1.01635 0.44597 -0.538503 6.325 0.00762795 0.00516454 0.0995748 
qwerty 233 204 0 1.01635 0.497678 -0.503494 7 0.00762795 0.00516454 0.0995748 
qwerty 233 204 0 1.01635 0.549387 -0.468484 7.675 0.00762795 0.00516454 0.0995748 
qwerty 232 204 0 5.22579 0.061313 -0.920252 4.975 -0.0377488 -0.0414474 0.0828078 
qwerty 232 204 0 5.22579 -0.239009 -1.25 5.6338 -0.0377488 -0.0414474 0.0828078 
qwerty 232 204 0 5.22579 -0.246393 -1.25811 5.65 -0.0377488 -0.0414474 0.0828078 
qwerty 232 204 0 5.22579 -0.554099 -1.59596 6.325 -0.0377488 -0.0414474 0.0828078 
qwerty 232 204 0 5.22579 -0.861805 -1.93382 7 -0.0377488 -0.0414474 0.0828078 
qwerty 232 204 0 5.22579 -1.16951 -2.27167 7.675 -0.0377488 -0.0414474 0.0828078 
qwerty 232 204 0 4.16017 -1.67314 -2.59072 8.35 -0.0573141 -0.0348625 0.07416 
qwerty 232 204 0 4.16017 -2.19481 -2.90804 9.025 -0.0573141 -0.0348625 0.07416 
qwerty 232 204 0 4.16017 -2.71648 -3.22535 9.7 -0.0573141 -0.0348625 0.07416 
qwerty 232 204 0 4.16017 -3.23815 -3.54267 10.375 -0.0573141 -0.0348625 0.07416 
qwerty 232 204 0 4.16017 -3.579 -3.75 10.816 -0.0573141 -0.0348625 0.07416 
qwerty 232 204 0 4.16017 -3.75982 -3.85999 11.05 -0.0573141 -0.0348625 0.07416 
qwerty 232 204 0 4.16017 -4.28149 -4.1773 11.725 -0.0573141 -0.0348625 0.07416 
qwerty 232 204 0 4.16017 -4.80316 -4.49462 12.4 -0.0573141 -0.0348625 0.07416 
qwerty 232 204 0 4.16017 -5.32483 -4.81194 13.075 -0.0573141 -0.0348625 0.07416 
qwerty 232 204 0 4.16017 -5.84649 -5.12925 13.75 -0.0573141 -0.0348625 0.07416 
qwerty 232 204 0 4.16017 -6.25 -5.37469 14.2721 -0.0573141 -0.0348625 0.07416 
qwerty 232 204 0 4.16017 -6.36816 -5.44657 14.425 -0.0573141 -0.0348625 0.07416 
qwerty 232 204 0 4.16017 -6.88983 -5.76389 15.1 -0.0573141 -0.0348625 0.07416 
qwerty 232 204 0 4.16017 -7.4115 -6.0812 15.775 -0.0573141 -0.0348625 0.07416 
qwerty 232 204 0 4.16017 -7.68901 -6.25 16.1341 -0.0573141 -0.0348625 0.07416 
qwerty 232 204 0 4.16017 -7.93317 -6.39852 16.45 -0.0573141 -0.0348625 0.07416 
qwerty 232 204 0 0.247767 -7.92355 -6.25 16.1957 0.0261681 0.0459971 -0.0848499 
qwerty 232 204 0 0.247767 -7.84778 -6.1168 15.95 0.0261681 0.0459971 -0.0848499 
qwerty 319 232 0.957114 2.47911 -8.23421 -6.60492 17.0819 -0.0057605 -0.00960493 0.0993708 
qwerty 319 232 0.0671764 2.41193 -8.23671 -6.60909 17.125 -0.00488779 -0.0183399 0.0981823 
qwerty 321 319 0 0.911668 -8.47871 -7.61637 16.625 -0.0214567 -0.0860828 -0.0461451 
qwerty 321 319 0 0.537971 -8.56283 -7.95384 16.4441 0.0193727 -0.0928102 0.0317957 
qwerty 321 319 0 0.537971 -8.55923 -7.97107 16.45 0.0193727 -0.0928102 0.0317957 
qwerty 326 321 0.0149451 0.358751 -8.56632 -7.95764 16.4383 -0.0450531 -0.0362496 -0.0815854 
qwerty 326 321 0.0130135 0.345738 -8.57137 -7.96032 16.4327 -0.0518505 -0.0444949 -0.0730187 
qwerty 326 321 0.0158085 0.32993 -8.57754 -7.96257 16.4259 -0.0798311 -0.0386734 -0.0461666 
qwerty 326 321 0.0291636 0.300766 -8.59095 -7.9653 16.4211 -0.0677167 -0.0253841 -0.0690659 
qwerty 326 321 0.0403395 0.260426 -8.59856 -7.97152 16.4036 -0.0783485 -0.0203818 -0.0587034 
qwerty 326 321 0.0781719 0.182255 -8.61219 -7.97735 16.3853 -0.0967126 0.0248089 -0.00558487 
qwerty 326 321 0.182255 0 -8.63357 -7.97187 16.3841 -0.0967126 0.0248089 -0.00558487 
qwerty 231 204 0 23.3541 0.371839 -0.647615 4.975 0.0110996 -0.0015537 0.0993699 
qwerty 231 204 0 23.3541 0.447236 -0.658169 5.65 0.0110996 -0.0015537 0.0993699 
qwerty 231 204 0 23.3541 0.522633 -0.668723 6.325 0.0110996 -0.0015537 0.0993699 
qwerty 231 204 0 23.3541 0.59803 -0.679277 7 0.0110996 -0.0015537 0.0993699 
qwerty 231 204 0 23.3541 0.673427 -0.689831 7.675 0.0110996 -0.0015537 0.0993699 
qwerty 231 204 0 23.3541 0.748824 -0.700385 8.35 0.0110996 -0.0015537 0.0993699 
qwerty 231 204 0 23.3541 0.824221 -0.710939 9.025 0.0110996 -0.0015537 0.0993699 
qwerty 231 204 0 23.3541 0.899618 -0.721493 9.7 0.0110996 -0.0015537 0.0993699 
qwerty 231 204 0 23.3541 0.975015 -0.732047 10.375 0.0110996 -0.0015537 0.0993699 
qwerty 231 204 0 23.3541 1.05041 -0.742601 11.05 0.0110996 -0.0015537 0.0993699 
qwerty 328 231 0.229271 7.9866 1.02884 -0.756001 11.3672 -0.0427857 -0.0211918 0.0878652 
qwerty 328 231 0.693869 7.29274 0.854632 -0.842285 11.725 -0.0471787 -0.0257203 0.0843365 
qwerty 330 328 0.00029101 0 1.01734 -0.759567 11.3903 -0.0442535 -0.0137319 0.0886175 
qwerty 333 330 0.00463663 0 1.01733 -0.759545 11.3903 -0.035604 0.0645611 0.067559 
qwerty 230 204 0 0.494874 0.31226 -0.61215 4.975 0.00129066 0.00418711 0.099904 
qwerty 230 204 0 0.494874 0.32098 -0.58386 5.65 0.00129066 0.00418711 0.099904 
qwerty 230 204 0 0.494874 0.3297 -0.55557 6.325 0.00129066 0.00418711 0.099904 
qwerty 230 204 0 0.494874 0.338421 -0.52728 7 0.00129066 0.00418711 0.099904 
qwerty 229 204 0 0.21597 0.330881 -0.636833 4.975 0.00431352 -0.000255647 0.0999066 
qwerty 227 114 0 0.510999 4.81587 -1.25 5.53688 0.0216383 0.0683784 -0.0696862 
qwerty 227 114 0 0.510999 4.936 -0.870376 5.15 0.0216383 0.0683784 -0.0696862 
qwerty 227 114 0 0.510999 5.1456 -0.208044 4.475 0.0216383 0.0683784 -0.0696862 
qwerty 227 114 0 0.510999 5.35519 0.454288 3.8 0.0216383 0.0683784 -0.0696862 
qwerty 227 114 0 0.429218 5.75839 0.635591 3.125 0.0522843 0.0166312 -0.0836047 
qwerty 226 157 0 0.510999 0.131987 -1.25 4.21141 -0.012904 -0.0236553 0.0963012 
qwerty 226 157 0 0.510999 0.120116 -1.27176 4.3 -0.012904 -0.0236553 0.0963012 
qwerty 226 157 0 0.510999 0.029669 -1.43757 4.975 -0.012904 -0.0236553 0.0963012 
qwerty 226 157 0 0.510999 -0.0607783 -1.60337 5.65 -0.012904 -0.0236553 0.0963012 
qwerty 226 157 0 0.510999 -0.151226 -1.76918 6.325 -0.012904 -0.0236553 0.0963012 
qwerty 225 157 0 0.510999 0.284869 -0.924135 3.125 0.0138189 0.0336922 -0.0931336 
qwerty 225 157 0 0.510999 0.385024 -0.679946 2.45 0.0138189 0.0336922 -0.0931336 
qwerty 225 157 0 0.510999 0.485179 -0.435757 1.775 0.0138189 0.0336922 -0.0931336 
qwerty 225 157 0 0.510999 0.585333 -0.191568 1.1 0.0138189 0.0336922 -0.0931336 
qwerty 225 157 0 0.510999 0.685488 0.0526211 0.425 0.0138189 0.0336922 -0.0931336 
qwerty 224 157 0 1.24608 0.158633 -1.25 3.81488 -0.0231462 -0.0949994 0.0209609 
qwerty 224 157 0 1.24608 -0.377067 -3.44868 4.3 -0.0231462 -0.0949994 0.0209609 
qwerty 224 157 0 1.24608 -1.12244 -6.50793 4.975 -0.0231462 -0.0949994 0.0209609 
qwerty 224 157 0 1.24608 -1.66871 -8.75 5.4697 -0.0231462 -0.0949994 0.0209609 
qwerty 224 157 0 1.24608 -1.86781 -9.56718 5.65 -0.0231462 -0.0949994 0.0209609 
qwerty 224 157 0 0.569883 -3.39142 -10.9176 5.15 -0.0819339 -0.0425568 -0.0384155 
qwerty 224 157 0 0.317768 -3.47522 -11.4318 4.475 0.0296533 -0.0534763 -0.0791263 
qwerty 224 157 0 0.317768 -3.22226 -11.888 3.8 0.0296533 -0.0534763 -0.0791263 
qwerty 344 223 0.150852 0.916314 0.16797 -1.14726 3.87895 -0.0440326 0.0569654 0.069398 
qwerty 344 223 0.176261 0.740053 0.124027 -1.12353 3.97585 -0.06868 0.0532771 0.049443 
qwerty 344 223 0.1635 0.576553 0.0697288 -1.0945 4.04335 -0.0770307 -0.048709 0.0411547 
qwerty 344 223 0.194872 0.381681 0.0218805 -1.12994 4.1115 -0.0381401 0.0606752 0.0697413 
qwerty 344 223 0.266047 0.115634 -0.0146293 -1.05351 4.12096 -0.0446964 0.0850261 0.0277991 
qwerty 344 223 0.115634 0 -0.0192516 -1.04472 4.12383 -0.0446964 0.0850261 0.0277991 
qwerty 222 157 0 5.87568 0.362431 -1.25 4.05069 0.0516897 -0.0411491 0.0750661 
qwerty 222 157 0 5.87568 0.534101 -1.38666 4.3 0.0516897 -0.0411491 0.0750661 
qwerty 221 157 0 5.00082 0.155461 -1.25 4.10853 0.00651135 -0.0445195 0.0893063 
qwerty 221 157 0 5.00082 0.169421 -1.34545 4.3 0.00651135 -0.0445195 0.0893063 
qwerty 221 157 0 5.00082 0.218635 -1.68194 4.975 0.00651135 -0.0445195 0.0893063 
qwerty 221 157 0 5.00082 0.26785 -2.01843 5.65 0.00651135 -0.0445195 0.0893063 
qwerty 221 157 0 5.00082 0.317064 -2.35492 6.325 0.00651135 -0.0445195 0.0893063 
qwerty 221 157 0 5.00082 0.366279 -2.69141 7 0.00651135 -0.0445195 0.0893063 
qwerty 221 157 0 5.00082 0.415493 -3.0279 7.675 0.00651135 -0.0445195 0.0893063 
qwerty 350 221 0.807746 1.64043 0.666784 -3.23225 8.08379 0.0557433 -0.056602 0.0607363 
qwerty 350 221 0.452899 1.18753 0.900531 -3.34113 8.22548 0.0806345 -0.0290387 0.051525 
qwerty 350 221 0.388576 0.798953 1.07119 -3.40047 8.34801 0.0622347 -0.0257797 0.0739071 
qwerty 350 221 0.00285292 0.7961 1.07287 -3.40117 8.35 0.0657894 -0.0226272 0.0718316 
qwerty 350 221 0.0416138 0.583087 1.08707 -3.40031 8.3287 0.0259757 -0.00263066 -0.0965316 
qwerty 350 221 0.0370411 0.546046 1.09019 -3.40552 8.30834 0.079003 -0.061195 0.00369969 
qwerty 350 221 0.0381432 0.507902 1.1079 -3.4214 8.30452 0.0893165 -0.0449728 0.000139731 
qwerty 350 221 0.0552863 0.452616 1.13445 -3.43566 8.3028 0.091572 0.0361672 0.0175072 
qwerty 350 221 0.0533837 0.399232 1.16159 -3.42361 8.30632 0.0539465 0.0831041 -0.0135458 
qwerty 350 221 0.0629915 0.336241 1.17813 -3.40276 8.31101 0.0486214 0.086314 -0.013633 
qwerty 350 221 0.0840598 0.252181 1.18227 -3.38159 8.3071 0.0737452 0.0626106 -0.0253289 
qwerty 350 221 0.051294 0.200887 1.19764 -3.36949 8.29881 0.0570165 -0.0804275 0.0167492 
qwerty 350 221 0.200887 0 1.2124 -3.39031 8.30315 0.0570165 -0.0804275 0.0167492 
qwerty 220 181 0 2.51704 -0.0672888 -1.00362 2.275 0.0677979 0.0040844 0.0733946 
qwerty 220 181 0 2.51704 0.556239 -0.966056 2.95 0.0677979 0.0040844 0.0733946 
qwerty 220 181 0 2.51704 1.17977 -0.928493 3.625 0.0677979 0.0040844 0.0733946 
qwerty 220 181 0 2.51704 1.80329 -0.890929 4.3 0.0677979 0.0040844 0.0733946 
qwerty 220 181 0 2.51704 2.42682 -0.853365 4.975 0.0677979 0.0040844 0.0733946 
qwerty 220 181 0 2.51704 3.05035 -0.815802 5.65 0.0677979 0.0040844 0.0733946 
qwerty 220 181 0 2.51704 3.67388 -0.778238 6.325 0.0677979 0.0040844 0.0733946 
qwerty 220 181 0 2.51704 4.29741 -0.740674 7 0.0677979 0.0040844 0.0733946 
qwerty 220 181 0 2.51704 4.92093 -0.703111 7.675 0.0677979 0.0040844 0.0733946 
qwerty 220 181 0 0.7606 5.88164 1.12431 8.35 0.042269 0.0860161 0.0285404 
qwerty 219 181 0 1.00348 0.549737 -3.97176 2.275 0.0327018 -0.0934292 0.0141979 
qwerty 216 181 0 0.328356 -0.103183 -1.08028 2.95 -0.0246134 -0.0592323 0.0767185 
qwerty 216 181 0 0.328356 -0.319741 -1.60143 3.625 -0.0246134 -0.0592323 0.0767185 
qwerty 215 181 0 1.04797 0.547096 -0.49563 2.95 0.0599565 0.0152032 0.0785753 
qwerty 215 181 0 1.04797 1.06215 -0.365027 3.625 0.0599565 0.0152032 0.0785753 
qwerty 215 181 0 1.04797 1.57721 -0.234425 4.3 0.0599565 0.0152032 0.0785753 
qwerty 215 181 0 1.04797 2.09226 -0.103822 4.975 0.0599565 0.0152032 0.0785753 
qwerty 215 181 0 1.04797 2.60732 0.0267811 5.65 0.0599565 0.0152032 0.0785753 
qwerty 215 181 0 1.04797 3.12238 0.157384 6.325 0.0599565 0.0152032 0.0785753 
qwerty 215 181 0 1.04797 3.63743 0.287987 7 0.0599565 0.0152032 0.0785753 
qwerty 215 181 0 1.04797 4.15249 0.418589 7.675 0.0599565 0.0152032 0.0785753 
qwerty 215 181 0 1.04797 4.66754 0.549192 8.35 0.0599565 0.0152032 0.0785753 
qwerty 215 181 0 1.04797 5.1826 0.679795 9.025 0.0599565 0.0152032 0.0785753 
qwerty 215 181 0 0.412996 5.54809 0.772471 9.50398 0.00992704 -0.0903204 0.0417573 
qwerty 215 181 0 0.412996 5.59469 0.348491 9.7 0.00992704 -0.0903204 0.0417573 
qwerty 363 215 0.19246 0.442513 5.61932 0.806069 9.5621 0.0868089 0.0211602 0.044905 
qwerty 363 215 0.24444 0.198072 5.70655 0.844814 9.54089 0.0562227 0.0823642 0.00742645 
qwerty 363 215 0.198072 0 5.72078 0.865659 9.54277 0.0562227 0.0823642 0.00742645 
qwerty 214 181 0 0.594687 0.0691483 -1.14698 2.95 -0.00295701 -0.0672744 0.0739284 
qwerty 214 181 0 0.594687 0.0421494 -1.76123 3.625 -0.00295701 -0.0672744 0.0739284 
qwerty 214 181 0 0.594687 0.0151506 -2.37547 4.3 -0.00295701 -0.0672744 0.0739284 
qwerty 214 181 0 0.594687 -0.0118482 -2.98972 4.975 -0.00295701 -0.0672744 0.0739284 
qwerty 214 181 0 0.594687 -0.0388471 -3.60397 5.65 -0.00295701 -0.0672744 0.0739284 
qwerty 214 181 0 0.594687 -0.0658459 -4.21821 6.325 -0.00295701 -0.0672744 0.0739284 
qwerty 214 181 0 0.594687 -0.0928448 -4.83246 7 -0.00295701 -0.0672744 0.0739284 
qwerty 213 181 0 1.01081 0.115424 -0.556247 2.275 0.003319 -0.0314338 0.0948731 
qwerty 213 181 0 1.01081 0.139037 -0.779891 2.95 0.003319 -0.0314338 0.0948731 
qwerty 213 181 0 1.01081 0.162651 -1.00354 3.625 0.003319 -0.0314338 0.0948731 
qwerty 213 181 0 1.01081 0.186265 -1.22718 4.3 0.003319 -0.0314338 0.0948731 
qwerty 213 181 0 1.01081 0.209879 -1.45082 4.975 0.003319 -0.0314338 0.0948731 
qwerty 213 181 0 1.01081 0.233493 -1.67447 5.65 0.003319 -0.0314338 0.0948731 
qwerty 213 181 0 1.01081 0.257107 -1.89811 6.325 0.003319 -0.0314338 0.0948731 
qwerty 213 181 0 0.302306 0.270325 -2.0233 6.70285 0.0400805 0.0911414 0.00931637 
qwerty 213 181 0 0.302306 0.610393 -1.25 6.78189 0.0400805 0.0911414 0.00931637 
qwerty 213 181 0 0.302306 1.54873 0.883736 7 0.0400805 0.0911414 0.00931637 
qwerty 366 213 0.409393 0.29911 0.266484 -2.05959 6.80845 -0.0429227 -0.0593552 0.0680779 
qwerty 366 213 0.29911 0 0.245593 -2.08848 6.84158 -0.0429227 -0.0593552 0.0680779 
qwerty 210 205 0 0.510999 0.987096 -0.979183 4.975 -0.002012 0.00127954 0.0999716 
qwerty 210 205 0 0.510999 0.973511 -0.970544 5.65 -0.002012 0.00127954 0.0999716 
qwerty 209 205 0 0.510999 0.997159 -0.985583 4.475 0.002012 -0.00127954 -0.0999716 
qwerty 209 205 0 0.510999 1.01074 -0.994222 3.8 0.002012 -0.00127954 -0.0999716 
qwerty 209 205 0 0.510999 1.02433 -1.00286 3.125 0.002012 -0.00127954 -0.0999716 
qwerty 209 205 0 0.510999 1.03791 -1.0115 2.45 0.002012 -0.00127954 -0.0999716 
qwerty 208 205 0 0.0111234 1.04836 -0.900406 4.7829 0.024702 0.0904791 -0.0346892 
qwerty 208 205 0.00029101 0 1.08609 -0.76222 4.72992 0.024702 0.0904791 -0.0346892 
qwerty 373 208 0.0108324 0 1.08595 -0.762218 4.72984 -0.0869607 0.000887097 -0.0493665 
qwerty 207 205 0 3.18055 0.324388 -0.645437 4.975 0.0033954 -0.00159628 0.0999296 
qwerty 329 231 0.364979 9.43302 1.01358 -0.726649 11.4546 -0.0156627 0.00481147 0.0986485 
qwerty 329 231 0.361282 9.07174 0.970653 -0.713463 11.725 -0.0168928 0.00110975 0.0985566 
qwerty 385 329 0.373888 0.548568 0.855831 -0.722782 11.5373 -0.0449228 -0.0146706 0.088129 
qwerty 385 329 0.24027 0.308298 0.753454 -0.74472 11.5925 -0.0851758 0.032276 0.0412717 
qwerty 385 329 0.308298 0 0.710012 -0.728259 11.6136 -0.0851758 0.032276 0.0412717 
qwerty 374 207 0.490423 1.09828 0.142883 -0.575937 4.7762 0.0639705 0.00982463 0.0762316 
qwerty 374 207 0.407064 0.691217 0.305516 -0.549372 4.90575 0.0885847 0.0185811 0.0425146 
qwerty 374 207 0.314216 0.377001 0.427146 -0.514456 4.96739 0.00391597 0.0686162 0.0726394 
qwerty 374 207 0.0187354 0.358265 0.427557 -0.507264 4.975 -0.00635811 0.0584275 0.0809062 
qwerty 374 207 0 0.112684 0.431196 -0.505138 4.975 -0.0307218 -0.0702756 0.0641679 
qwerty 391 329 0 0.510999 1.10381 -1.01545 11.225 0.0292079 -0.0453081 -0.0842264 
qwerty 391 329 0 0.510999 1.25501 -1.25 10.789 0.0292079 -0.0453081 -0.0842264 
qwerty 391 329 0 0.510999 1.33789 -1.37856 10.55 0.0292079 -0.0453081 -0.0842264 
qwerty 391 329 0 0.510999 1.57196 -1.74166 9.875 0.0292079 -0.0453081 -0.0842264 
qwerty 391 329 0 0.510999 1.80604 -2.10477 9.2 0.0292079 -0.0453081 -0.0842264 
qwerty 391 329 0 0.510999 2.04011 -2.46787 8.525 0.0292079 -0.0453081 -0.0842264 
qwerty 390 329 0 0.510999 0.696345 -0.383384 12.4 -0.0292079 0.0453081 0.0842264 
qwerty 390 329 0 0.510999 0.46227 -0.0202794 13.075 -0.0292079 0.0453081 0.0842264 
qwerty 390 329 0 0.386916 0.57992 0.0247235 13.75 0.0308366 -0.00660271 0.0948973 
qwerty 390 329 0 0.386916 0.799259 -0.0222413 14.425 0.0308366 -0.00660271 0.0948973 
qwerty 388 329 0 1.80526 -0.509284 0.471718 12.4 -0.0741937 0.0604005 0.0291045 
qwerty 388 329 0 1.80526 -1.25 1.07473 12.6906 -0.0741937 0.0604005 0.0291045 
qwerty 388 329 0 0.367431 -1.68851 1.43171 12.8626 0.0602175 0.0187481 0.0776039 
qwerty 388 329 0 0.367431 -1.52368 1.48303 13.075 0.0602175 0.0187481 0.0776039 
qwerty 388 329 0 0.367431 -0.999907 1.6461 13.75 0.0602175 0.0187481 0.0776039 
qwerty 388 329 0 0.30485 -0.26329 1.08185 14.425 0.063132 -0.0536137 0.056035 
qwerty 397 388 0.405401 1.03243 -1.81256 1.60024 12.9407 -0.043725 0.0899171 -0.00174269 
qwerty 397 388 0.3436 0.688826 -1.91463 1.74694 12.8379 -0.0976295 0.0102435 -0.019067 
qwerty 397 388 0.398231 0.290596 -2.06131 1.6492 12.8022 -0.0216451 -0.0364141 -0.0905842 
qwerty 397 388 0.290596 0 -2.07138 1.63225 12.76 -0.0216451 -0.0364141 -0.0905842 
qwerty 387 329 0 2.82815 0.521649 -0.929717 12.4 -0.0544282 -0.0287258 0.0788188 
qwerty 387 329 0 2.82815 0.0555287 -1.17572 13.075 -0.0544282 -0.0287258 0.0788188 
qwerty 387 329 0 2.82815 -0.0852077 -1.25 13.2788 -0.0544282 -0.0287258 0.0788188 
qwerty 387 329 0 2.82815 -0.410592 -1.42173 13.75 -0.0544282 -0.0287258 0.0788188 
qwerty 387 329 0 2.82815 -0.876713 -1.66774 14.425 -0.0544282 -0.0287258 0.0788188 
qwerty 387 329 0 2.82815 -1.34283 -1.91374 15.1 -0.0544282 -0.0287258 0.0788188 
qwerty 387 329 0 2.82815 -1.80895 -2.15975 15.775 -0.0544282 -0.0287258 0.0788188 
qwerty 387 329 0 2.82815 -2.27507 -2.40575 16.45 -0.0544282 -0.0287258 0.0788188 
qwerty 387 329 0 2.82815 -2.7412 -2.65176 17.125 -0.0544282 -0.0287258 0.0788188 
qwerty 386 329 0 0.634405 0.654373 -0.672759 12.4 -0.0438658 0.00431939 0.0897615 
qwerty 386 329 0 0.634405 0.324505 -0.640278 13.075 -0.0438658 0.00431939 0.0897615 
qwerty 386 329 0 0.634405 -0.00536287 -0.607796 13.75 -0.0438658 0.00431939 0.0897615 
qwerty 386 329 0 0.202068 -0.202186 -0.351064 14.0822 0.0388256 -0.090203 0.0188679 
qwerty 386 329 0 0.202068 0.503171 -1.98981 14.425 0.0388256 -0.090203 0.0188679 
qwerty 405 386 0.323832 0 -0.227081 -0.310325 14.1096 -0.0452528 0.0740533 0.0496819 
qwerty 384 329 0 1.23224 1.1306 -0.843952 11.725 0.0117668 -0.0167257 0.0978866 
qwerty 384 329 0 1.23224 1.21174 -0.959288 12.4 0.0117668 -0.0167257 0.0978866 
qwerty 384 329 0 1.23224 1.25 -1.01368 12.7183 0.0117668 -0.0167257 0.0978866 
qwerty 384 329 0 1.23224 1.29288 -1.07462 13.075 0.0117668 -0.0167257 0.0978866 
qwerty 384 329 0 1.23224 1.37402 -1.18996 13.75 0.0117668 -0.0167257 0.0978866 
qwerty 384 329 0 1.23224 1.45516 -1.3053 14.425 0.0117668 -0.0167257 0.0978866 
qwerty 384 329 0 1.23224 1.5363 -1.42063 15.1 0.0117668 -0.0167257 0.0978866 
qwerty 384 329 0 1.23224 1.61744 -1.53597 15.775 0.0117668 -0.0167257 0.0978866 
qwerty 384 329 0 1.23224 1.69858 -1.6513 16.45 0.0117668 -0.0167257 0.0978866 
qwerty 382 346 0 0.510999 0.468538 -1.02899 4.975 -0.0135378 0.0501609 0.0854436 
qwerty 382 346 0 0.510999 0.361591 -0.632725 5.65 -0.0135378 0.0501609 0.0854436 
qwerty 382 346 0 0.21595 0.279106 -0.327098 6.1706 0.0955191 -0.0271462 -0.011798 
qwerty 382 346 0 0.205437 1.12327 -0.567008 6.06634 0.0959978 0.0217086 -0.0176961 
qwerty 382 346 0 0.205437 1.25 -0.538351 6.04297 0.0959978 0.0217086 -0.0176961 
qwerty 382 346 0 0.205437 2.43247 -0.27095 5.825 0.0959978 0.0217086 -0.0176961 
qwerty 411 382 0.0105129 0 1.12329 -0.567155 6.06635 0.00869431 -0.0990728 0.0104395 
qwerty 410 382 0.295049 0 0.258051 -0.303025 6.20592 -0.0441872 0.0505225 0.074128 
qwerty 379 351 0 0.510999 0.358053 -3.03785 7.175 -0.0106196 0.00878597 -0.0990456 
qwerty 379 351 0 0.510999 0.28568 -2.97797 6.5 -0.0106196 0.00878597 -0.0990456 
qwerty 379 351 0 0.28086 0.543799 -4.06216 5.825 0.0232149 -0.0856501 -0.0460992 
qwerty 378 351 0 0.510999 0.484036 -3.14208 8.35 0.0106196 -0.00878597 0.0990456 
qwerty 378 351 0 0.510999 0.556409 -3.20196 9.025 0.0106196 -0.00878597 0.0990456 
qwerty 377 375 0 0.510999 1.25 -0.837165 4.85419 0.0971589 -0.0198747 -0.0128509 
qwerty 377 375 0 0.510999 3.75 -1.34856 4.52352 0.0971589 -0.0198747 -0.0128509 
qwerty 377 375 0 0.510999 4.11684 -1.4236 4.475 0.0971589 -0.0198747 -0.0128509 
qwerty 276 246 0.905828 3.9935 0.264408 -1.9372 13.075 -0.0467661 0.0209486 0.0858725 
qwerty 430 276 0 0.510999 0.426315 -1.25 13.2736 0.0303747 0.094366 0.0131313 
qwerty 430 276 0 0.456541 0.885827 0.177581 13.4723 0.0629742 0.0677784 0.0379519 
qwerty 430 276 0 0.456541 1.3467 0.673613 13.75 0.0629742 0.0677784 0.0379519 
qwerty 433 430 0.0544582 0 0.884298 0.179578 13.471 -0.0546376 0.0713588 -0.0438481 
qwerty 429 276 0 0.392627 -3.0467 -2.46026 12.575 -0.0260816 -0.0496254 -0.0828074 
qwerty 429 276 0 0.392627 -3.2593 -2.86478 11.9 -0.0260816 -0.0496254 -0.0828074 
qwerty 429 276 0 0.392627 -3.49799 -3.19042 11.225 -0.0316169 -0.0387578 -0.0865922 
qwerty 429 276 0 0.392627 -3.74445 -3.49254 10.55 -0.0316169 -0.0387578 -0.0865922 
qwerty 429 276 0 0.392627 -3.99091 -3.79466 9.875 -0.0316169 -0.0387578 -0.0865922 
qwerty 429 276 0 0.392627 -4.23737 -4.09679 9.2 -0.0316169 -0.0387578 -0.0865922 
qwerty 429 276 0 0.392627 -4.44181 -4.4278 8.525 -0.0256546 -0.0428784 -0.0866215 
qwerty 429 276 0 0.392627 -4.64172 -4.76193 7.85 -0.0256546 -0.0428784 -0.0866215 
qwerty 429 276 0 0.392627 -4.84164 -5.09606 7.175 -0.0256546 -0.0428784 -0.0866215 
qwerty 429 276 0 0.392627 -5.04155 -5.43019 6.5 -0.0256546 -0.0428784 -0.0866215 
qwerty 429 276 0 0.392627 -5.24146 -5.76433 5.825 -0.0256546 -0.0428784 -0.0866215 
qwerty 429 276 0 0.392627 -5.44138 -6.09846 5.15 -0.0256546 -0.0428784 -0.0866215 
qwerty 429 276 0 0.392627 -5.64129 -6.43259 4.475 -0.0256546 -0.0428784 -0.0866215 
qwerty 429 276 0 0.161127 -5.77838 -6.66172 4.01212 0.0692934 0.0242546 0.067898 
qwerty 429 276 0 0.161127 -5.48459 -6.55888 4.3 0.0692934 0.0242546 0.067898 
qwerty 437 429 0.2315 0 -5.79121 -6.67424 3.98498 -0.039425 -0.0385071 -0.0834438 
qwerty 427 294 0 2.43644 1.57541 -1.38801 11.05 0.0352253 -0.0218977 0.0909927 
qwerty 427 294 0 2.43644 1.83672 -1.55045 11.725 0.0352253 -0.0218977 0.0909927 
qwerty 427 294 0 2.43644 2.09803 -1.71289 12.4 0.0352253 -0.0218977 0.0909927 
qwerty 427 294 0 2.43644 2.35934 -1.87533 13.075 0.0352253 -0.0218977 0.0909927 
qwerty 427 294 0 2.43644 2.62064 -2.03777 13.75 0.0352253 -0.0218977 0.0909927 
qwerty 427 294 0 2.43644 2.88195 -2.20021 14.425 0.0352253 -0.0218977 0.0909927 
qwerty 427 294 0 2.43644 3.14326 -2.36265 15.1 0.0352253 -0.0218977 0.0909927 
qwerty 427 294 0 2.43644 3.40457 -2.52509 15.775 0.0352253 -0.0218977 0.0909927 
qwerty 427 294 0 2.43644 3.66587 -2.68754 16.45 0.0352253 -0.0218977 0.0909927 
qwerty 427 294 0 2.43644 3.75 -2.73983 16.6673 0.0352253 -0.0218977 0.0909927 
qwerty 427 294 0 2.43644 3.92718 -2.84998 17.125 0.0352253 -0.0218977 0.0909927 
qwerty 427 294 0 2.43644 4.18849 -3.01242 17.8 0.0352253 -0.0218977 0.0909927 
qwerty 427 294 0 2.43644 4.4498 -3.17486 18.475 0.0352253 -0.0218977 0.0909927 
qwerty 427 294 0 2.43644 4.71111 -3.3373 19.15 0.0352253 -0.0218977 0.0909927 
qwerty 426 294 0 0.625904 3.75 1.07073 9.92711 0.0717309 0.0682074 -0.0142281 
qwerty 426 294 0 0.625904 4.01269 1.32052 9.875 0.0717309 0.0682074 -0.0142281 
qwerty 425 310 0 0.510999 -0.323477 -1.66598 4.475 -0.051428 -0.0265756 -0.0815408 
qwerty 425 310 0 0.510999 -0.749202 -1.88598 3.8 -0.051428 -0.0265756 -0.0815408 
qwerty 425 310 0 0.510999 -1.17493 -2.10597 3.125 -0.051428 -0.0265756 -0.0815408 
qwerty 425 310 0 0.510999 -1.60065 -2.32597 2.45 -0.051428 -0.0265756 -0.0815408 
qwerty 424 310 0 0.510999 0.417599 -1.28303 5.65 0.051428 0.0265756 0.0815408 
qwerty 422 403 0 0.510999 -2.20289 -3.37078 16.625 0.0551919 -0.067865 -0.0484582 
qwerty 422 403 0 0.510999 -1.89448 -3.75 16.3542 0.0551919 -0.067865 -0.0484582 
qwerty 422 403 0 0.361985 -1.89025 -3.7552 16.3505 0.0841519 0.0180912 -0.0509036 
qwerty 422 403 0 0.361985 -1.86608 -3.75 16.3359 0.0841519 0.0180912 -0.0509036 
qwerty 422 403 0 0.361985 -1.22815 -3.61286 15.95 0.0841519 0.0180912 -0.0509036 
qwerty 422 403 0 0.361985 -0.112263 -3.37296 15.275 0.0841519 0.0180912 -0.0509036 
qwerty 422 403 0 0.361985 1.00362 -3.13307 14.6 0.0841519 0.0180912 -0.0509036 
qwerty 449 422 0.0115003 0.137513 -1.89102 -3.75825 16.3493 -0.0485812 -0.0867441 -0.0107393 
qwerty 449 422 0.0148896 0.122624 -1.89349 -3.76189 16.3474 0.0511492 -0.05915 -0.06233 
qwerty 449 422 0.0321553 0.0904683 -1.89168 -3.76701 16.3426 -0.00726482 -0.0996864 -0.00313727 
qwerty 449 422 0.0904683 0 -1.89217 -3.77378 16.3424 -0.00726482 -0.0996864 -0.00313727 
