qwerty 1 0 0 200 0 0 -0.249997 0 0 0.1 
qwerty 3 1 0 314.72 0.012541 -0.0271405 0.25 0.00250374 -0.00541845 0.0998217 
qwerty 3 1 0 314.72 0.0294714 -0.0637803 0.925 0.00250374 -0.00541845 0.0998217 
qwerty 2 1 0 20.2569 -3.32649e-06 7.19899e-06 -0.25 -0.0388991 0.0841832 -0.0374173 
qwerty 5 3 0.817256 121.936 0.0294235 -0.0858293 1.6 -0.00112306 -0.00311557 0.0999451 
qwerty 5 3 0.865865 115.941 0.00466469 -0.0867755 2.275 -0.00409891 0.000328805 0.0999154 
qwerty 5 3 0.549793 111.973 -0.0257361 0.00661056 2.80629 -0.00656131 0.0215056 0.0974395 
qwerty 5 3 0.330298 111.642 -0.0354134 0.0383292 2.95 -0.00718671 0.0222569 0.0972264 
qwerty 5 3 0.749637 91.423 -0.105564 0.0938582 3.625 -0.00752176 0.00480378 0.0996009 
qwerty 5 3 0.487631 75.1796 -0.141607 0.0756901 4.1036 -0.00673106 -0.00433167 0.0996791 
qwerty 5 3 0.306964 74.8726 -0.154869 0.0671552 4.3 -0.00796381 -0.00317538 0.0996318 
qwerty 5 3 1.1419 15.623 -0.516375 0.0429639 4.975 -0.062348 -0.00636062 0.0779248 
qwerty 5 3 0.451743 11.2837 -0.706432 -0.104907 5.31319 0.0233332 -0.045164 0.0861149 
qwerty 5 3 0.58974 10.694 -0.615173 -0.281549 5.65 0.00545846 -0.0564112 0.0823892 
qwerty 5 3 0.578215 1.29039 -0.512657 -0.665617 5.92423 -0.0104378 -0.0704109 0.0702379 
qwerty 5 3 0.425402 0.864991 -0.481597 -0.842466 6.08493 -0.000740767 -0.0981059 -0.019357 
qwerty 5 3 0.399539 0.465452 -0.537854 -1.00647 6.03023 0.0194261 -0.097362 0.0119693 
qwerty 5 3 0.307363 0.158088 -0.519773 -1.09709 6.04137 0.0742728 -0.0408934 -0.0530215 
qwerty 5 3 0.158088 0 -0.506969 -1.10414 6.03223 0.0742728 -0.0408934 -0.0530215 
qwerty 5 3 0 0 -0.506969 -1.10414 6.03223 0.0742728 -0.0408934 -0.0530215 
qwerty 20 5 0.222645 1.05464 -0.179166 -0.05281 4.18389 -0.0141249 -0.0741155 0.0656306 
qwerty 20 5 0.257533 0.79711 -0.208081 -0.174537 4.27352 -0.0349622 -0.0769189 0.0534894 
qwerty 20 5 0.104348 0.692762 -0.225389 -0.212616 4.3 -0.026708 -0.0654852 0.0706992 
qwerty 20 5 0 0.231162 -0.232781 -0.218714 4.3 -0.0861052 0.0385598 0.0331516 
qwerty 20 5 0 0.224053 -0.232851 -0.218367 4.3 0.0783596 0.0538008 0.0310683 
qwerty 20 5 0.00562141 0.213338 -0.229324 -0.219355 4.29943 0.0796732 -0.0486551 -0.035845 
qwerty 20 5 0.00624197 0.207096 -0.226835 -0.220325 4.2981 0.0724442 -0.0487916 -0.0486951 
qwerty 20 5 0.00593992 0.201156 -0.224961 -0.222162 4.29643 0.069759 -0.0552682 -0.0455972 
qwerty 20 5 0.00528564 0.19587 -0.222631 -0.223452 4.29539 0.0685921 -0.0637619 -0.0350648 
qwerty 20 5 0.00486782 0.191002 -0.22068 -0.225811 4.29481 0.0670663 -0.0585381 -0.0455567 
qwerty 20 5 0.00723857 0.183764 -0.218764 -0.227777 4.29338 0.0799846 -0.0441349 -0.0406764 
qwerty 20 5 0.00848376 0.17528 -0.216295 -0.230065 4.29123 0.0893637 -0.0247067 -0.037466 
qwerty 20 5 0.0126961 0.162584 -0.211643 -0.23187 4.29047 0.0988676 -0.0100395 -0.0111536 
qwerty 20 5 0.0166056 0.145978 -0.206459 -0.234282 4.28977 0.090199 -0.0424375 0.00795014 
qwerty 20 5 0.0251294 0.120849 -0.200254 -0.234784 4.29123 0.0973081 -0.0207332 -0.0100634 
qwerty 20 5 0.0185028 0.102346 -0.195031 -0.233466 4.2903 0.0820571 0.00984168 -0.0563007 
qwerty 20 5 0.0227956 0.0795504 -0.19159 -0.234457 4.28564 0.0515195 -0.0532141 -0.0671863 
qwerty 20 5 0.0795504 0 -0.18879 -0.237349 4.28199 0.0515195 -0.0532141 -0.0671863 
qwerty 4 3 0.997221 175.077 0.0277913 -0.079399 1.6 -0.000163485 -0.00132929 0.099991 
qwerty 4 3 0.983942 118.852 0.0525818 -0.0896667 2.275 0.00333591 -0.00199003 0.0999245 
qwerty 4 3 0.89655 115.923 0.100318 -0.0727637 2.95 0.0100861 0.00296434 0.0994459 
qwerty 4 3 0.777943 88.4013 0.10515 0.00352561 3.625 -0.00421418 0.0119038 0.0991995 
qwerty 4 3 0.785789 84.2664 0.00247268 0.0312119 4.3 -0.01866 0.00041175 0.0982427 
qwerty 4 3 0.848864 19.94 -0.166799 -0.148262 4.975 -0.0225389 -0.0326974 0.0917762 
qwerty 4 3 1.5005 15.2058 -0.753419 -0.582505 5.65 -0.0845004 -0.0296987 0.0444711 
qwerty 53 4 0 2.94979 -2.8515 0.187007 6.325 -0.0849196 0.0429846 0.0306753 
qwerty 53 4 0 2.94979 -4.72012 1.13287 7 -0.0849196 0.0429846 0.0306753 
qwerty 53 4 0 2.94979 -6.25 1.90726 7.55263 -0.0849196 0.0429846 0.0306753 
qwerty 53 4 0 2.94979 -6.58875 2.07873 7.675 -0.0849196 0.0429846 0.0306753 
qwerty 53 4 0 2.94979 -8.45738 3.02459 8.35 -0.0849196 0.0429846 0.0306753 
qwerty 53 4 0 2.94979 -10.326 3.97046 9.025 -0.0849196 0.0429846 0.0306753 
qwerty 53 4 0 2.94979 -12.1946 4.91632 9.7 -0.0849196 0.0429846 0.0306753 
qwerty 53 4 0 2.94979 -13.75 5.70361 10.2618 -0.0849196 0.0429846 0.0306753 
qwerty 53 4 0 2.94979 -14.0633 5.86218 10.375 -0.0849196 0.0429846 0.0306753 
qwerty 53 4 0 2.94979 -14.8294 6.25 10.6518 -0.0849196 0.0429846 0.0306753 
qwerty 53 4 0 2.94979 -15.9319 6.80804 11.05 -0.0849196 0.0429846 0.0306753 
qwerty 53 4 0 2.94979 -17.8005 7.75391 11.725 -0.0849196 0.0429846 0.0306753 
qwerty 53 4 0 2.94979 -19.6691 8.69977 12.4 -0.0849196 0.0429846 0.0306753 
qwerty 53 4 0 2.94979 -21.25 9.49997 12.971 -0.0849196 0.0429846 0.0306753 
qwerty 53 4 0 2.94979 -21.5378 9.64563 13.075 -0.0849196 0.0429846 0.0306753 
qwerty 53 4 0 2.94979 -23.4064 10.5915 13.75 -0.0849196 0.0429846 0.0306753 
qwerty 53 4 0 2.94979 -25.275 11.5374 14.425 -0.0849196 0.0429846 0.0306753 
qwerty 53 4 0 2.94979 -27.1437 12.4832 15.1 -0.0849196 0.0429846 0.0306753 
qwerty 51 4 0 0.82957 -3.36771 -0.403786 5.45797 -0.0893291 0.0420375 -0.0159111 
qwerty 51 4 0 0.82957 -5.09672 0.409871 5.15 -0.0893291 0.0420375 -0.0159111 
qwerty 51 4 0 0.82957 -6.25 0.952596 4.94458 -0.0893291 0.0420375 -0.0159111 
qwerty 51 4 0 0.82957 -8.75 2.12907 4.49929 -0.0893291 0.0420375 -0.0159111 
qwerty 51 4 0 0.82957 -8.88635 2.19324 4.475 -0.0893291 0.0420375 -0.0159111 
qwerty 57 51 0.0921926 0 -3.37149 -0.409623 5.4589 -0.0538817 -0.0831853 0.0133028 
qwerty 50 4 0 0.0744342 -0.27105 -0.788367 5.15 0.0846116 -0.0176557 -0.0502907 
qwerty 49 4 0 0.290757 -1.84903 -0.415392 5.15 -0.0778032 0.0229362 -0.0584858 
qwerty 47 4 0 0.449496 -0.970266 0.0552322 6.325 -0.000914853 0.0722664 0.0691139 
qwerty 46 4 0 0.71739 -0.725784 -0.549556 5.65 -0.0649513 -0.0426369 0.0629557 
qwerty 46 4 0 0.71739 -1.25 -0.893675 6.15811 -0.0649513 -0.0426369 0.0629557 
qwerty 46 4 0 0.71739 -1.42218 -1.0067 6.325 -0.0649513 -0.0426369 0.0629557 
qwerty 44 4 0 61.0904 -0.179679 0.0258616 4.975 -0.0262893 -0.000949267 0.0964778 
qwerty 44 4 0 61.0904 -0.36361 0.0192201 5.65 -0.0262893 -0.000949267 0.0964778 
qwerty 44 4 0 61.0904 -0.547541 0.0125787 6.325 -0.0262893 -0.000949267 0.0964778 
qwerty 44 4 0 61.0904 -0.731473 0.00593718 7 -0.0262893 -0.000949267 0.0964778 
qwerty 44 4 0 61.0904 -0.915404 -0.000704298 7.675 -0.0262893 -0.000949267 0.0964778 
qwerty 69 44 0.882869 15.7008 -0.961657 0.0674429 8.35 -0.00609645 0.0212775 0.0975198 
qwerty 72 69 0 4.7181 1.25 -0.450988 8.80537 0.0957342 -0.0260836 0.0124338 
qwerty 72 69 0 4.7181 2.94108 -0.911737 9.025 0.0957342 -0.0260836 0.0124338 
qwerty 72 69 0 3.37761 6.54321 -1.17345 9.7 0.0977697 0.00190934 0.0209152 
qwerty 71 69 0 6.71175 -0.912544 0.515298 9.025 0.00907936 0.0563009 0.0821448 
qwerty 71 69 0 6.71175 -0.837937 0.977934 9.7 0.00907936 0.0563009 0.0821448 
qwerty 71 69 0 6.71175 -0.76333 1.44057 10.375 0.00907936 0.0563009 0.0821448 
qwerty 71 69 0 6.71175 -0.688723 1.9032 11.05 0.00907936 0.0563009 0.0821448 
qwerty 71 69 0 6.71175 -0.614117 2.36584 11.725 0.00907936 0.0563009 0.0821448 
qwerty 71 69 0 6.71175 -0.53951 2.82848 12.4 0.00907936 0.0563009 0.0821448 
qwerty 71 69 0 6.71175 -0.464903 3.29111 13.075 0.00907936 0.0563009 0.0821448 
qwerty 71 69 0 6.71175 -0.3909 3.75 13.7445 0.00907936 0.0563009 0.0821448 
qwerty 71 69 0 6.71175 -0.390296 3.75375 13.75 0.00907936 0.0563009 0.0821448 
qwerty 71 69 0 6.71175 -0.315689 4.21638 14.425 0.00907936 0.0563009 0.0821448 
qwerty 71 69 0 6.71175 -0.241082 4.67902 15.1 0.00907936 0.0563009 0.0821448 
qwerty 71 69 0 6.71175 -0.166475 5.14165 15.775 0.00907936 0.0563009 0.0821448 
qwerty 71 69 0 6.71175 -0.0918684 5.60429 16.45 0.00907936 0.0563009 0.0821448 
qwerty 71 69 0 6.71175 -0.0172616 6.06693 17.125 0.00907936 0.0563009 0.0821448 
qwerty 71 69 0 6.71175 0.0122619 6.25 17.3921 0.00907936 0.0563009 0.0821448 
qwerty 71 69 0 6.71175 0.0573453 6.52956 17.8 0.00907936 0.0563009 0.0821448 
qwerty 71 69 0 6.71175 0.131952 6.9922 18.475 0.00907936 0.0563009 0.0821448 
qwerty 71 69 0 6.71175 0.206559 7.45483 19.15 0.00907936 0.0563009 0.0821448 
qwerty 71 69 0 0.924781 -1.10835 8.42662 19.825 -0.0765617 0.0537311 0.0353735 
qwerty 71 69 0 0.580906 -1.37524 8.75 20.4637 -0.0205983 0.0359731 0.0910036 
qwerty 71 69 0 0.580906 -1.38346 8.76437 20.5 -0.0205983 0.0359731 0.0910036 
qwerty 71 69 0 0.580906 -1.53625 9.03119 21.175 -0.0205983 0.0359731 0.0910036 
qwerty 71 69 0 0.580906 -1.68903 9.29801 21.85 -0.0205983 0.0359731 0.0910036 
qwerty 71 69 0 0.580906 -1.84181 9.56484 22.525 -0.0205983 0.0359731 0.0910036 
qwerty 71 69 0 0.580906 -1.9946 9.83166 23.2 -0.0205983 0.0359731 0.0910036 
qwerty 71 69 0 0.461959 -1.65694 10.4766 23.875 0.0350799 0.0652952 0.0671263 
qwerty 71 69 0 0.461959 -1.30418 11.1332 24.55 0.0350799 0.0652952 0.0671263 
qwerty 71 69 0 0.461959 -0.951431 11.7898 25.225 0.0350799 0.0652952 0.0671263 
qwerty 71 69 0 0.461959 -0.598679 12.4464 25.9 0.0350799 0.0652952 0.0671263 
qwerty 71 69 0 0.461959 -0.245927 13.103 26.575 0.0350799 0.0652952 0.0671263 
qwerty 71 69 0 0.461959 0.101696 13.75 27.2402 0.0350799 0.0652952 0.0671263 
qwerty 71 69 0 0.461959 0.106824 13.7595 27.25 0.0350799 0.0652952 0.0671263 
qwerty 71 69 0 0.238624 0.245196 14.0171 27.5148 0.0587547 0.0370089 -0.0719599 
qwerty 71 69 0 0.238624 0.3185 14.0633 27.425 0.0587547 0.0370089 -0.0719599 
qwerty 71 69 0 0.238624 0.869631 14.4104 26.75 0.0587547 0.0370089 -0.0719599 
qwerty 83 71 0.223334 0 0.246469 14.0295 27.5428 0.00414348 0.0404502 0.0913598 
qwerty 85 80 0 0.182033 -0.280983 7.69909 19.825 -0.0644767 0.0251446 0.0721839 
qwerty 42 4 0 0.900536 0.0302944 0.0330097 4.3 -0.0129388 0.00262274 0.0991247 
qwerty 41 4 0 13.87 0.136262 -0.0131692 3.625 0.00498252 0.0091015 0.0994602 
qwerty 41 4 0 13.87 0.170077 0.0485994 4.3 0.00498252 0.0091015 0.0994602 
qwerty 41 4 0 13.87 0.203892 0.110368 4.975 0.00498252 0.0091015 0.0994602 
qwerty 41 4 0 13.87 0.237706 0.172136 5.65 0.00498252 0.0091015 0.0994602 
qwerty 41 4 0 0 0.246693 0.188553 5.8294 0.00498252 0.0091015 0.0994602 
qwerty 90 41 0.0413084 0.423411 0.235668 0.195939 5.82697 -0.0790641 0.040253 -0.0461364 
qwerty 90 41 0.00931412 0.414097 0.232289 0.197659 5.825 -0.0824995 0.0454719 -0.0335581 
qwerty 40 4 0 8.74133 0.130425 -0.00997342 3.625 0.00388278 0.00971465 0.0994512 
qwerty 40 4 0 8.74133 0.156779 0.0559623 4.3 0.00388278 0.00971465 0.0994512 
qwerty 40 4 0 8.74133 0.183132 0.121898 4.975 0.00388278 0.00971465 0.0994512 
qwerty 40 4 0 8.74133 0.209485 0.187834 5.65 0.00388278 0.00971465 0.0994512 
qwerty 40 4 0 8.74133 0.235839 0.253769 6.325 0.00388278 0.00971465 0.0994512 
qwerty 40 4 0 8.74133 0.262192 0.319705 7 0.00388278 0.00971465 0.0994512 
qwerty 40 4 0 8.74133 0.288545 0.385641 7.675 0.00388278 0.00971465 0.0994512 
qwerty 39 4 0 1.26505 0.126792 -0.00376763 3.625 0.00320452 0.0108423 0.0993588 
qwerty 39 4 0 1.26505 0.148562 0.0698905 4.3 0.00320452 0.0108423 0.0993588 
qwerty 39 4 0 1.26505 0.170333 0.143549 4.975 0.00320452 0.0108423 0.0993588 
qwerty 39 4 0 0.235077 0.242913 0.335551 5.35005 0.0237006 0.0161078 -0.0958062 
qwerty 39 4 0 0.235077 0.292402 0.369186 5.15 0.0237006 0.0161078 -0.0958062 
qwerty 100 39 0.185307 0.547107 0.240591 0.348742 5.44877 0.0501154 -0.0584841 0.0637813 
qwerty 100 39 0.27011 0.276996 0.252122 0.32393 5.56536 -0.0436023 -0.0635998 0.0636703 
qwerty 100 39 0.276996 0 0.233293 0.296464 5.59286 -0.0436023 -0.0635998 0.0636703 
qwerty 38 4 0 0.105826 0.0605358 -0.0737857 2.275 0.00586203 0.000994122 0.0998231 
qwerty 36 4 0 0.327699 0.0296221 -0.0716223 2.275 0.000164683 0.00130913 0.0999913 
qwerty 35 4 0 1.07934 0.0271784 -0.0566853 2.275 -1.33302e-06 0.00376722 0.099929 
qwerty 35 4 0 1.07934 0.0271694 -0.0312385 2.95 -1.33302e-06 0.00376722 0.099929 
qwerty 35 4 0 1.07934 0.0271604 -0.00579173 3.625 -1.33302e-06 0.00376722 0.099929 
qwerty 35 4 0 1.07934 0.0271514 0.0196551 4.3 -1.33302e-06 0.00376722 0.099929 
qwerty 35 4 0 1.07934 0.0271424 0.0451018 4.975 -1.33302e-06 0.00376722 0.099929 
qwerty 35 4 0 0.565066 0.561847 -0.687081 5.65 0.0474349 -0.0649716 0.0594022 
qwerty 35 4 0 0.565066 1.10086 -1.42537 6.325 0.0474349 -0.0649716 0.0594022 
qwerty 35 4 0 0.565066 1.63987 -2.16365 7 0.0474349 -0.0649716 0.0594022 
qwerty 34 4 0 12.406 0.0249788 -0.0638162 2.275 -0.000357727 0.00260453 0.0999654 
qwerty 34 4 0 12.406 0.0225633 -0.0462295 2.95 -0.000357727 0.00260453 0.0999654 
qwerty 34 4 0 12.406 0.0201478 -0.0286428 3.625 -0.000357727 0.00260453 0.0999654 
qwerty 34 4 0 12.406 0.0177323 -0.0110561 4.3 -0.000357727 0.00260453 0.0999654 
qwerty 34 4 0 12.406 0.0153168 0.00653056 4.975 -0.000357727 0.00260453 0.0999654 
qwerty 34 4 0 12.406 0.0129013 0.0241172 5.65 -0.000357727 0.00260453 0.0999654 
qwerty 34 4 0 12.406 0.0104858 0.0417039 6.325 -0.000357727 0.00260453 0.0999654 
qwerty 34 4 0 12.406 0.00807032 0.0592906 7 -0.000357727 0.00260453 0.0999654 
qwerty 34 4 0 12.406 0.00565483 0.0768773 7.675 -0.000357727 0.00260453 0.0999654 
qwerty 34 4 0 12.406 0.00323933 0.094464 8.35 -0.000357727 0.00260453 0.0999654 
qwerty 34 4 0 12.406 0.000823839 0.112051 9.025 -0.000357727 0.00260453 0.0999654 
qwerty 33 4 0 39.0327 0.0295771 -0.0811161 2.275 0.00027932 -0.000244817 0.0999993 
qwerty 33 4 0 39.0327 0.0314625 -0.0827686 2.95 0.00027932 -0.000244817 0.0999993 
qwerty 33 4 0 39.0327 0.0333479 -0.0844211 3.625 0.00027932 -0.000244817 0.0999993 
qwerty 33 4 0 39.0327 0.0352333 -0.0860737 4.3 0.00027932 -0.000244817 0.0999993 
qwerty 33 4 0 39.0327 0.0371187 -0.0877262 4.975 0.00027932 -0.000244817 0.0999993 
qwerty 33 4 0 39.0327 0.0390042 -0.0893787 5.65 0.00027932 -0.000244817 0.0999993 
qwerty 33 4 0 39.0327 0.0408896 -0.0910312 6.325 0.00027932 -0.000244817 0.0999993 
qwerty 33 4 0 39.0327 0.042775 -0.0926838 7 0.00027932 -0.000244817 0.0999993 
qwerty 33 4 0 39.0327 0.0446604 -0.0943363 7.675 0.00027932 -0.000244817 0.0999993 
qwerty 33 4 0 39.0327 0.0465458 -0.0959888 8.35 0.00027932 -0.000244817 0.0999993 
qwerty 33 4 0 39.0327 0.0484313 -0.0976413 9.025 0.00027932 -0.000244817 0.0999993 
qwerty 33 4 0 39.0327 0.0503167 -0.0992939 9.7 0.00027932 -0.000244817 0.0999993 
qwerty 33 4 0 39.0327 0.0522021 -0.100946 10.375 0.00027932 -0.000244817 0.0999993 
qwerty 33 4 0 39.0327 0.0540875 -0.102599 11.05 0.00027932 -0.000244817 0.0999993 
qwerty 33 4 0 39.0327 0.0559729 -0.104251 11.725 0.00027932 -0.000244817 0.0999993 
qwerty 33 4 0 39.0327 0.0578584 -0.105904 12.4 0.00027932 -0.000244817 0.0999993 
qwerty 111 33 0.781345 27.5389 0.0587398 -0.0254489 13.075 0.0050419 0.0122687 0.0991164 
qwerty 111 33 0.151021 11.8912 0.062081 -0.0760663 13.3408 -0.0081823 -0.0486636 0.0869765 
qwerty 111 33 0.0386291 8.70979 0.0598373 -0.0902612 13.367 -0.025886 -0.042351 0.0868119 
qwerty 111 33 0.952669 7.75713 -0.0543819 -0.277131 13.75 -0.0154269 -0.06462 0.0747414 
qwerty 118 111 0.943988 2.19879 0.175878 -0.349849 13.733 -0.00697498 -0.0641379 0.0764047 
qwerty 118 111 0.0270446 2.17175 0.174327 -0.364116 13.75 -0.00860114 -0.0635254 0.0767499 
qwerty 118 111 0.333062 0.930691 0.299684 -0.381305 13.6829 0.0851676 -0.0105142 -0.0513413 
qwerty 118 111 0.335188 0.595504 0.425311 -0.383446 13.6346 0.0789095 -0.0612894 0.00410966 
qwerty 118 111 0.274263 0.321241 0.487663 -0.49321 13.5991 0.0329069 -0.0768497 -0.054875 
qwerty 118 111 0.321241 0 0.505544 -0.534968 13.5693 0.0329069 -0.0768497 -0.054875 
qwerty 122 111 0 0.439652 0.0449019 -0.690247 14.425 0.0182373 -0.0459478 0.0869264 
qwerty 122 111 0 0.439652 0.186518 -1.04704 15.1 0.0182373 -0.0459478 0.0869264 
qwerty 121 111 0 1.73098 0.18012 -0.630146 14.425 0.0368293 -0.0368635 0.0853504 
qwerty 121 111 0 1.73098 0.471388 -0.921683 15.1 0.0368293 -0.0368635 0.0853504 
qwerty 121 111 0 1.73098 0.762655 -1.21322 15.775 0.0368293 -0.0368635 0.0853504 
qwerty 121 111 0 1.65464 1.02017 -1.62537 16.45 0.0301403 -0.051142 0.080474 
qwerty 121 111 0 0.811524 0.668697 -2.49401 17.125 -0.0402467 -0.0758382 0.0512715 
qwerty 121 111 0 0.811524 0.138842 -3.49244 17.8 -0.0402467 -0.0758382 0.0512715 
qwerty 121 111 0 0.811524 -0.391014 -4.49087 18.475 -0.0402467 -0.0758382 0.0512715 
qwerty 121 111 0 0.276216 -0.869491 -5.39248 19.0845 0.0639417 0.0396517 0.0658726 
qwerty 121 111 0 0.276216 -0.805957 -5.35308 19.15 0.0639417 0.0396517 0.0658726 
qwerty 121 111 0 0.276216 -0.150743 -4.94677 19.825 0.0639417 0.0396517 0.0658726 
qwerty 128 121 0.0669601 0.468348 -0.883543 -5.42566 19.09 -0.0345414 -0.0842947 -0.0412469 
qwerty 128 121 0.0757579 0.39259 -0.901102 -5.45714 19.0816 -0.0102297 -0.0812719 -0.0573605 
qwerty 128 121 0.0995012 0.293089 -0.896941 -5.49768 19.0621 -0.0774576 0.0598753 0.0203783 
qwerty 128 121 0.182911 0.110177 -0.91964 -5.46096 19.0616 -0.0929156 0.0204305 0.0308105 
qwerty 128 121 0.110177 0 -0.928491 -5.45901 19.0646 -0.0929156 0.0204305 0.0308105 
qwerty 120 111 0 1.175 -0.227045 -0.31461 14.425 -0.0244647 0.00858444 0.0965805 
qwerty 120 111 0 1.175 -0.398028 -0.254613 15.1 -0.0244647 0.00858444 0.0965805 
qwerty 120 111 0 1.175 -0.569011 -0.194617 15.775 -0.0244647 0.00858444 0.0965805 
qwerty 120 111 0 1.175 -0.739995 -0.13462 16.45 -0.0244647 0.00858444 0.0965805 
qwerty 120 111 0 1.175 -0.910978 -0.0746237 17.125 -0.0244647 0.00858444 0.0965805 
qwerty 120 111 0 1.175 -1.08196 -0.0146272 17.8 -0.0244647 0.00858444 0.0965805 
qwerty 120 111 0 1.175 -1.25 0.0443362 18.4634 -0.0244647 0.00858444 0.0965805 
qwerty 120 111 0 1.175 -1.25294 0.0453694 18.475 -0.0244647 0.00858444 0.0965805 
qwerty 120 111 0 1.175 -1.42393 0.105366 19.15 -0.0244647 0.00858444 0.0965805 
qwerty 120 111 0 1.175 -1.59491 0.165363 19.825 -0.0244647 0.00858444 0.0965805 
qwerty 120 111 0 1.175 -1.76589 0.225359 20.5 -0.0244647 0.00858444 0.0965805 
qwerty 120 111 0 1.175 -1.93688 0.285356 21.175 -0.0244647 0.00858444 0.0965805 
qwerty 120 111 0 1.175 -2.10786 0.345352 21.85 -0.0244647 0.00858444 0.0965805 
qwerty 120 111 0 1.175 -2.27884 0.405349 22.525 -0.0244647 0.00858444 0.0965805 
qwerty 120 111 0 1.175 -2.44983 0.465345 23.2 -0.0244647 0.00858444 0.0965805 
qwerty 120 111 0 1.175 -2.62081 0.525342 23.875 -0.0244647 0.00858444 0.0965805 
qwerty 120 111 0 1.175 -2.79179 0.585339 24.55 -0.0244647 0.00858444 0.0965805 
qwerty 120 111 0 1.175 -2.96278 0.645335 25.225 -0.0244647 0.00858444 0.0965805 
qwerty 120 111 0 1.175 -3.13376 0.705332 25.9 -0.0244647 0.00858444 0.0965805 
qwerty 120 111 0 1.175 -3.30474 0.765328 26.575 -0.0244647 0.00858444 0.0965805 
qwerty 117 111 0.00029101 0 0.0616975 -0.0786652 13.3455 -0.00709864 -0.0481077 0.08738 
qwerty 134 117 0.00292743 0 0.0617107 -0.0786617 13.3455 0.0840293 0.0218934 0.049596 
qwerty 116 111 0 1.35389 0.0970209 -0.217135 13.75 0.0119008 -0.0339824 0.0932929 
qwerty 116 111 0 1.35389 0.183126 -0.463007 14.425 0.0119008 -0.0339824 0.0932929 
qwerty 116 111 0 1.35389 0.269231 -0.708878 15.1 0.0119008 -0.0339824 0.0932929 
qwerty 116 111 0 1.35389 0.355337 -0.95475 15.775 0.0119008 -0.0339824 0.0932929 
qwerty 116 111 0 1.35389 0.441442 -1.20062 16.45 0.0119008 -0.0339824 0.0932929 
qwerty 116 111 0 1.35389 0.527547 -1.44649 17.125 0.0119008 -0.0339824 0.0932929 
qwerty 116 111 0 1.35389 0.613653 -1.69237 17.8 0.0119008 -0.0339824 0.0932929 
qwerty 116 111 0 0.510898 1.04746 -1.14246 18.475 0.0459441 0.0665555 0.0588175 
qwerty 116 111 0 0.510898 1.57472 -0.378654 19.15 0.0459441 0.0665555 0.0588175 
qwerty 116 111 0 0.510898 2.10198 0.385148 19.825 0.0459441 0.0665555 0.0588175 
qwerty 116 111 0 0.510898 2.62925 1.14895 20.5 0.0459441 0.0665555 0.0588175 
qwerty 116 111 0 0.510898 3.15651 1.91275 21.175 0.0459441 0.0665555 0.0588175 
qwerty 114 111 0 10.656 -0.0676535 0.0636381 13.75 -0.0188587 0.0168713 0.0967456 
qwerty 114 111 0 10.656 -0.199232 0.181351 14.425 -0.0188587 0.0168713 0.0967456 
qwerty 114 111 0 10.656 -0.33081 0.299063 15.1 -0.0188587 0.0168713 0.0967456 
qwerty 114 111 0 10.656 -0.462388 0.416775 15.775 -0.0188587 0.0168713 0.0967456 
qwerty 114 111 0 10.656 -0.593966 0.534488 16.45 -0.0188587 0.0168713 0.0967456 
qwerty 114 111 0 10.656 -0.725544 0.6522 17.125 -0.0188587 0.0168713 0.0967456 
qwerty 114 111 0 10.656 -0.857122 0.769913 17.8 -0.0188587 0.0168713 0.0967456 
qwerty 114 111 0 10.656 -0.9887 0.887625 18.475 -0.0188587 0.0168713 0.0967456 
qwerty 114 111 0 10.656 -1.12028 1.00534 19.15 -0.0188587 0.0168713 0.0967456 
qwerty 114 111 0 10.656 -1.25 1.12139 19.8155 -0.0188587 0.0168713 0.0967456 
qwerty 114 111 0 10.656 -1.25186 1.12305 19.825 -0.0188587 0.0168713 0.0967456 
qwerty 114 111 0 10.656 -1.38343 1.24076 20.5 -0.0188587 0.0168713 0.0967456 
qwerty 114 111 0 10.656 -1.51501 1.35847 21.175 -0.0188587 0.0168713 0.0967456 
qwerty 114 111 0 10.656 -1.64659 1.47619 21.85 -0.0188587 0.0168713 0.0967456 
qwerty 114 111 0 10.656 -1.77817 1.5939 22.525 -0.0188587 0.0168713 0.0967456 
qwerty 113 111 0 1.27942 -0.0723466 -0.100355 13.75 -0.0194573 -0.0112164 0.0974454 
qwerty 113 111 0 1.27942 -0.207126 -0.17805 14.425 -0.0194573 -0.0112164 0.0974454 
qwerty 113 111 0 1.27942 -0.341906 -0.255746 15.1 -0.0194573 -0.0112164 0.0974454 
qwerty 113 111 0 1.27942 -0.476686 -0.333442 15.775 -0.0194573 -0.0112164 0.0974454 
qwerty 113 111 0 1.27942 -0.611466 -0.411137 16.45 -0.0194573 -0.0112164 0.0974454 
qwerty 113 111 0 1.27942 -0.746245 -0.488833 17.125 -0.0194573 -0.0112164 0.0974454 
qwerty 113 111 0 1.27942 -0.881025 -0.566528 17.8 -0.0194573 -0.0112164 0.0974454 
qwerty 113 111 0 1.15694 -0.948696 -0.605538 18.1389 -0.0424964 -0.0254629 0.086866 
qwerty 113 111 0 1.15694 -1.11312 -0.704056 18.475 -0.0424964 -0.0254629 0.086866 
qwerty 113 111 0 1.15694 -1.44334 -0.901918 19.15 -0.0424964 -0.0254629 0.086866 
qwerty 113 111 0 0.567177 -1.56595 -0.975385 19.4006 0.0019392 -0.0933376 0.0358376 
qwerty 113 111 0 0.567177 -1.54299 -2.08065 19.825 0.0019392 -0.0933376 0.0358376 
qwerty 145 113 0.0958921 0.49387 -1.57971 -0.951534 19.4407 -0.00266121 0.0274819 0.0961128 
qwerty 145 113 0.214469 0.2794 -1.61462 -0.920294 19.4981 0.0253181 0.0570101 0.0781591 
qwerty 145 113 0.2794 0 -1.60354 -0.895339 19.5323 0.0253181 0.0570101 0.0781591 
qwerty 144 113 0.122485 0 -0.941305 -0.600937 18.1463 0.0648262 0.0403529 0.0645694 
qwerty 32 4 0 0.231385 0.0320853 -0.0922702 1.6 -6.81521e-05 -0.00394455 0.0999221 
qwerty 31 4 0 7.27884 0.0444981 -0.106087 1.6 0.0021634 -0.00643187 0.0997695 
qwerty 31 4 0 7.27884 0.0591348 -0.149602 2.275 0.0021634 -0.00643187 0.0997695 
qwerty 31 4 0 7.27884 0.0737715 -0.193118 2.95 0.0021634 -0.00643187 0.0997695 
qwerty 31 4 0 7.27884 0.0884082 -0.236633 3.625 0.0021634 -0.00643187 0.0997695 
qwerty 31 4 0 7.27884 0.103045 -0.280149 4.3 0.0021634 -0.00643187 0.0997695 
qwerty 31 4 0 7.27884 0.117682 -0.323664 4.975 0.0021634 -0.00643187 0.0997695 
qwerty 31 4 0 7.27884 0.132318 -0.367179 5.65 0.0021634 -0.00643187 0.0997695 
qwerty 31 4 0 7.27884 0.146955 -0.410695 6.325 0.0021634 -0.00643187 0.0997695 
qwerty 150 31 0.694889 2.25746 0.230717 -0.322823 6.93241 0.0149851 -0.0780712 0.0606658 
qwerty 150 31 0.183951 2.07351 0.247414 -0.409811 7 -0.0541714 -0.0410645 0.0733428 
qwerty 152 150 0 0.562673 0.445168 -0.730401 7 0.0415284 -0.0433488 0.0799767 
qwerty 30 5 0 0.510999 -0.377547 -1.05898 6.325 0.0400348 0.0139692 0.0905653 
qwerty 30 5 0 0.510999 -0.0791607 -0.954865 7 0.0400348 0.0139692 0.0905653 
qwerty 30 5 0 0.510999 0.219226 -0.850749 7.675 0.0400348 0.0139692 0.0905653 
qwerty 30 5 0 0.510999 0.517612 -0.746634 8.35 0.0400348 0.0139692 0.0905653 
qwerty 30 5 0 0.510999 0.815999 -0.642519 9.025 0.0400348 0.0139692 0.0905653 
qwerty 30 5 0 0.510999 1.11439 -0.538404 9.7 0.0400348 0.0139692 0.0905653 
qwerty 30 5 0 0.510999 1.25 -0.491084 10.0068 0.0400348 0.0139692 0.0905653 
qwerty 30 5 0 0.510999 1.41277 -0.434289 10.375 0.0400348 0.0139692 0.0905653 
qwerty 29 5 0 0.510999 -0.598574 -1.1361 5.825 -0.0400348 -0.0139692 -0.0905653 
qwerty 29 5 0 0.510999 -0.896961 -1.24022 5.15 -0.0400348 -0.0139692 -0.0905653 
qwerty 29 5 0 0.244688 -2.04045 -0.685103 5.65 -0.0820905 0.0410329 0.0397172 
qwerty 27 5 0 1.10161 -0.0821235 -1.0085 5.8381 0.0542963 -0.0815076 -0.0202097 
qwerty 27 5 0 1.10161 -0.0469191 -1.06135 5.825 0.0542963 -0.0815076 -0.0202097 
qwerty 27 5 0 1.10161 1.74412 -3.75 5.15835 0.0542963 -0.0815076 -0.0202097 
qwerty 27 5 0 1.10161 1.76657 -3.78369 5.15 0.0542963 -0.0815076 -0.0202097 
qwerty 27 5 0 0.75657 2.88386 -4.60915 4.475 0.0775568 -0.0315055 -0.0547023 
qwerty 27 5 0 0.75657 3.84087 -4.99791 3.8 0.0775568 -0.0315055 -0.0547023 
qwerty 27 5 0 0.75657 4.79789 -5.38667 3.125 0.0775568 -0.0315055 -0.0547023 
qwerty 158 27 0.018259 0.149137 -0.0786621 -1.00719 5.84455 0.0192019 -0.0219604 0.0956505 
qwerty 158 27 0.0471249 0.102012 -0.0807743 -1.00384 5.85707 -0.0779745 -0.0241412 0.0577684 
qwerty 158 27 0.102012 0 -0.0872856 -1.00585 5.8619 -0.0779745 -0.0241412 0.0577684 
qwerty 26 5 0 0.288082 -0.445862 -0.986643 6.325 0.0183265 -0.071155 0.0678315 
qwerty 25 5 0 0.154865 -0.6096 -0.264067 5.65 0.0251576 -0.0413514 0.0875052 
qwerty 23 5 0 0.82533 -0.437169 0.082593 4.975 -0.0441587 0.00205457 0.0896983 
qwerty 23 5 0 0.491078 -0.353008 -0.270336 5.65 0.0263114 -0.0557567 0.0787331 
qwerty 164 23 0 0.162801 -0.521383 0.0862547 5.15 -0.0744351 0.0514415 -0.0425816 
qwerty 164 23 0.00191914 0.11654 -0.521022 0.0874721 5.15089 0.0190752 -0.00604265 0.0979777 
qwerty 164 23 0.00294824 0.113592 -0.520901 0.0875148 5.15189 0.000634389 0.00292893 0.0999551 
qwerty 164 23 0.00486974 0.108722 -0.520722 0.0875284 5.15297 0.0222478 -0.0213238 0.0951332 
qwerty 164 23 0.00391329 0.104809 -0.520275 0.0869904 5.15442 -0.0167099 -0.00950063 0.0981352 
qwerty 164 23 0.00839366 0.0964153 -0.520478 0.0868601 5.15654 -0.0537279 -0.0469857 0.0700404 
qwerty 164 23 0.0267857 0.0696296 -0.52092 0.0844141 5.15997 -0.0138451 -0.0815359 0.0562158 
qwerty 164 23 0.0696296 0 -0.521516 0.0809006 5.16239 -0.0138451 -0.0815359 0.0562158 
qwerty 22 5 0 50.6121 -0.242334 0.080087 4.975 -0.0129653 0.00262867 0.0991211 
qwerty 22 5 0 50.6121 -0.330626 0.0979878 5.65 -0.0129653 0.00262867 0.0991211 
qwerty 22 5 0 50.6121 -0.418918 0.115889 6.325 -0.0129653 0.00262867 0.0991211 
qwerty 22 5 0 50.6121 -0.50721 0.13379 7 -0.0129653 0.00262867 0.0991211 
qwerty 22 5 0 50.6121 -0.595502 0.15169 7.675 -0.0129653 0.00262867 0.0991211 
qwerty 22 5 0 50.6121 -0.683794 0.169591 8.35 -0.0129653 0.00262867 0.0991211 
qwerty 22 5 0 50.6121 -0.772086 0.187492 9.025 -0.0129653 0.00262867 0.0991211 
qwerty 22 5 0 50.6121 -0.860378 0.205393 9.7 -0.0129653 0.00262867 0.0991211 
qwerty 22 5 0 50.6121 -0.94867 0.223294 10.375 -0.0129653 0.00262867 0.0991211 
qwerty 22 5 0 50.6121 -1.03696 0.241195 11.05 -0.0129653 0.00262867 0.0991211 
qwerty 22 5 0 50.6121 -1.12525 0.259096 11.725 -0.0129653 0.00262867 0.0991211 
qwerty 22 5 0 50.6121 -1.21355 0.276996 12.4 -0.0129653 0.00262867 0.0991211 
qwerty 22 5 0 50.6121 -1.25 0.284387 12.6787 -0.0129653 0.00262867 0.0991211 
qwerty 22 5 0 50.6121 -1.30184 0.294897 13.075 -0.0129653 0.00262867 0.0991211 
qwerty 22 5 0 50.6121 -1.39013 0.312798 13.75 -0.0129653 0.00262867 0.0991211 
qwerty 22 5 0 50.6121 -1.47842 0.330699 14.425 -0.0129653 0.00262867 0.0991211 
qwerty 22 5 0 50.6121 -1.56671 0.3486 15.1 -0.0129653 0.00262867 0.0991211 
qwerty 22 5 0 50.6121 -1.65501 0.366501 15.775 -0.0129653 0.00262867 0.0991211 
qwerty 22 5 0 50.6121 -1.7433 0.384402 16.45 -0.0129653 0.00262867 0.0991211 
qwerty 22 5 0 50.6121 -1.83159 0.402302 17.125 -0.0129653 0.00262867 0.0991211 
qwerty 22 5 0 50.6121 -1.91988 0.420203 17.8 -0.0129653 0.00262867 0.0991211 
qwerty 22 5 0 50.6121 -2.00817 0.438104 18.475 -0.0129653 0.00262867 0.0991211 
qwerty 22 5 0 50.6121 -2.09647 0.456005 19.15 -0.0129653 0.00262867 0.0991211 
qwerty 22 5 0 50.6121 -2.18476 0.473906 19.825 -0.0129653 0.00262867 0.0991211 
qwerty 22 5 0 50.6121 -2.27305 0.491807 20.5 -0.0129653 0.00262867 0.0991211 
qwerty 22 5 0 50.6121 -2.36134 0.509708 21.175 -0.0129653 0.00262867 0.0991211 
qwerty 22 5 0 50.6121 -2.44963 0.527608 21.85 -0.0129653 0.00262867 0.0991211 
qwerty 22 5 0 50.6121 -2.53793 0.545509 22.525 -0.0129653 0.00262867 0.0991211 
qwerty 22 5 0 50.6121 -2.62622 0.56341 23.2 -0.0129653 0.00262867 0.0991211 
qwerty 22 5 0 50.6121 -2.71451 0.581311 23.875 -0.0129653 0.00262867 0.0991211 
qwerty 22 5 0 50.6121 -2.8028 0.599212 24.55 -0.0129653 0.00262867 0.0991211 
qwerty 22 5 0 50.6121 -2.89109 0.617113 25.225 -0.0129653 0.00262867 0.0991211 
qwerty 22 5 0 50.6121 -2.97938 0.635014 25.9 -0.0129653 0.00262867 0.0991211 
qwerty 22 5 0 50.6121 -3.06768 0.652915 26.575 -0.0129653 0.00262867 0.0991211 
qwerty 22 5 0 50.6121 -3.15597 0.670815 27.25 -0.0129653 0.00262867 0.0991211 
qwerty 166 22 0.845396 25.5005 -3.30721 0.629217 27.925 -0.0247882 -0.00739373 0.0965965 
qwerty 166 22 0.93685 9.23951 -3.4809 0.664007 28.6 -0.0310652 0.00298212 0.0950056 
qwerty 174 166 0 0.750987 -3.75 -0.332119 29.063 -0.0259517 -0.0899663 0.0351079 
qwerty 174 166 0 0.750987 -3.90668 -0.875266 29.275 -0.0259517 -0.0899663 0.0351079 
qwerty 173 166 0 0.700977 -3.37201 0.519058 29.275 0.0179642 -0.0201499 0.0962874 
qwerty 173 166 0 0.700977 -3.24608 0.377802 29.95 0.0179642 -0.0201499 0.0962874 
qwerty 173 166 0 0.700977 -3.12014 0.236546 30.625 0.0179642 -0.0201499 0.0962874 
qwerty 173 166 0 0.700977 -2.99421 0.0952903 31.3 0.0179642 -0.0201499 0.0962874 
qwerty 173 166 0 0.700977 -2.86827 -0.0459658 31.975 0.0179642 -0.0201499 0.0962874 
qwerty 173 166 0 0.695201 -2.77117 -0.154884 32.4955 0.0119748 -0.0292729 0.0948668 
qwerty 173 166 0 0.695201 -2.75167 -0.202567 32.65 0.0119748 -0.0292729 0.0948668 
qwerty 173 166 0 0.695201 -2.66646 -0.41085 33.325 0.0119748 -0.0292729 0.0948668 
qwerty 173 166 0 0.695201 -2.58126 -0.619134 34 0.0119748 -0.0292729 0.0948668 
qwerty 179 173 0.0057754 0 -2.77114 -0.154842 32.4955 0.055392 0.0808099 0.0200371 
qwerty 172 166 0 4.29021 -3.42786 0.648466 28.6 -0.0166331 0.00333246 0.0985507 
qwerty 172 166 0 4.29021 -3.54179 0.671291 29.275 -0.0166331 0.00333246 0.0985507 
qwerty 172 166 0 0.489584 -3.04703 1.25 29.4738 0.0651984 0.0740841 0.0161465 
qwerty 172 166 0 0.489584 -1.12427 3.4348 29.95 0.0651984 0.0740841 0.0161465 
qwerty 171 166 0 3.33714 -3.41082 0.597072 28.6 -0.0149341 -0.00557363 0.0987214 
qwerty 171 166 0 3.33714 -3.51293 0.558963 29.275 -0.0149341 -0.00557363 0.0987214 
qwerty 171 166 0 3.33714 -3.61504 0.520854 29.95 -0.0149341 -0.00557363 0.0987214 
qwerty 171 166 0 3.33714 -3.71715 0.482744 30.625 -0.0149341 -0.00557363 0.0987214 
qwerty 171 166 0 3.33714 -3.81926 0.444635 31.3 -0.0149341 -0.00557363 0.0987214 
qwerty 171 166 0 3.33714 -3.92137 0.406526 31.975 -0.0149341 -0.00557363 0.0987214 
qwerty 171 166 0 3.33714 -4.02349 0.368416 32.65 -0.0149341 -0.00557363 0.0987214 
qwerty 171 166 0 1.06333 -4.10549 0.337811 33.1921 -0.0430587 -0.0694065 0.0576947 
qwerty 171 166 0 1.06333 -4.20468 0.17793 33.325 -0.0430587 -0.0694065 0.0576947 
qwerty 171 166 0 1.06333 -4.70844 -0.634092 34 -0.0430587 -0.0694065 0.0576947 
qwerty 187 171 0.197047 2.07676 -4.1075 0.365175 33.325 -0.00355505 0.0395293 0.0917867 
qwerty 170 166 0 5.22219 -3.467 0.602484 28.6 -0.0229262 -0.00392333 0.0972574 
qwerty 170 166 0 5.22219 -3.62611 0.575255 29.275 -0.0229262 -0.00392333 0.0972574 
qwerty 170 166 0 5.22219 -3.78523 0.548026 29.95 -0.0229262 -0.00392333 0.0972574 
qwerty 170 166 0 5.22219 -3.94434 0.520796 30.625 -0.0229262 -0.00392333 0.0972574 
qwerty 170 166 0 5.22219 -4.10346 0.493567 31.3 -0.0229262 -0.00392333 0.0972574 
qwerty 170 166 0 5.22219 -4.26257 0.466338 31.975 -0.0229262 -0.00392333 0.0972574 
qwerty 170 166 0 5.22219 -4.42169 0.439109 32.65 -0.0229262 -0.00392333 0.0972574 
qwerty 170 166 0 5.22219 -4.5808 0.411879 33.325 -0.0229262 -0.00392333 0.0972574 
qwerty 170 166 0 5.22219 -4.73992 0.38465 34 -0.0229262 -0.00392333 0.0972574 
qwerty 170 166 0 5.22219 -4.89904 0.357421 34.675 -0.0229262 -0.00392333 0.0972574 
qwerty 170 166 0 5.22219 -5.05815 0.330191 35.35 -0.0229262 -0.00392333 0.0972574 
qwerty 170 166 0 5.22219 -5.21727 0.302962 36.025 -0.0229262 -0.00392333 0.0972574 
qwerty 170 166 0 5.22219 -5.37638 0.275733 36.7 -0.0229262 -0.00392333 0.0972574 
qwerty 170 166 0 5.22219 -5.5355 0.248503 37.375 -0.0229262 -0.00392333 0.0972574 
qwerty 170 166 0 5.22219 -5.69461 0.221274 38.05 -0.0229262 -0.00392333 0.0972574 
qwerty 170 166 0 5.22219 -5.85373 0.194045 38.725 -0.0229262 -0.00392333 0.0972574 
qwerty 170 166 0 5.22219 -6.01284 0.166815 39.4 -0.0229262 -0.00392333 0.0972574 
qwerty 170 166 0 5.22219 -6.17196 0.139586 40.075 -0.0229262 -0.00392333 0.0972574 
qwerty 169 166 0 2.34179 -3.32961 0.664474 27.925 -0.0276872 -9.11564e-05 0.0960906 
qwerty 169 166 0 2.34179 -3.5241 0.663834 28.6 -0.0276872 -9.11564e-05 0.0960906 
qwerty 169 166 0 2.34179 -3.71859 0.663193 29.275 -0.0276872 -9.11564e-05 0.0960906 
qwerty 169 166 0 2.34179 -3.91308 0.662553 29.95 -0.0276872 -9.11564e-05 0.0960906 
qwerty 169 166 0 2.34179 -4.10757 0.661913 30.625 -0.0276872 -9.11564e-05 0.0960906 
qwerty 169 166 0 2.34179 -4.30206 0.661272 31.3 -0.0276872 -9.11564e-05 0.0960906 
qwerty 169 166 0 2.34179 -4.49656 0.660632 31.975 -0.0276872 -9.11564e-05 0.0960906 
qwerty 169 166 0 2.34179 -4.69105 0.659992 32.65 -0.0276872 -9.11564e-05 0.0960906 
qwerty 169 166 0 2.34179 -4.88554 0.659351 33.325 -0.0276872 -9.11564e-05 0.0960906 
qwerty 169 166 0 2.34179 -5.08003 0.658711 34 -0.0276872 -9.11564e-05 0.0960906 
qwerty 169 166 0 2.34179 -5.27452 0.658071 34.675 -0.0276872 -9.11564e-05 0.0960906 
qwerty 169 166 0 2.34179 -5.46901 0.65743 35.35 -0.0276872 -9.11564e-05 0.0960906 
qwerty 169 166 0 2.33358 -5.68837 0.64304 36.025 -0.0309272 -0.00204399 0.0950754 
qwerty 169 166 0 2.33358 -5.90794 0.628529 36.7 -0.0309272 -0.00204399 0.0950754 
qwerty 169 166 0 2.33358 -6.12751 0.614017 37.375 -0.0309272 -0.00204399 0.0950754 
qwerty 169 166 0 2.33358 -6.34708 0.599506 38.05 -0.0309272 -0.00204399 0.0950754 
qwerty 169 166 0 2.33358 -6.56665 0.584994 38.725 -0.0309272 -0.00204399 0.0950754 
qwerty 169 166 0 2.33358 -6.78622 0.570482 39.4 -0.0309272 -0.00204399 0.0950754 
qwerty 169 166 0 2.33358 -7.00579 0.555971 40.075 -0.0309272 -0.00204399 0.0950754 
qwerty 168 166 0 0.413534 -3.22279 0.594952 27.925 -0.00892377 -0.0137246 0.0986509 
qwerty 21 5 0 4.55724 -0.219224 0.0445339 4.975 -0.0095056 -0.00304333 0.0995007 
qwerty 21 5 0 4.55724 -0.283709 0.0238884 5.65 -0.0095056 -0.00304333 0.0995007 
qwerty 21 5 0 4.55724 -0.348193 0.00324277 6.325 -0.0095056 -0.00304333 0.0995007 
qwerty 21 5 0 4.55724 -0.412678 -0.0174028 7 -0.0095056 -0.00304333 0.0995007 
qwerty 19 5 0 0.975452 -0.163173 0.0741707 4.3 -0.00944641 -0.00421943 0.0994634 
qwerty 19 5 0 0.975452 -0.22728 0.0455359 4.975 -0.00944641 -0.00421943 0.0994634 
qwerty 19 5 0 0.975452 -0.291387 0.016901 5.65 -0.00944641 -0.00421943 0.0994634 
qwerty 19 5 0 0.975452 -0.355494 -0.0117338 6.325 -0.00944641 -0.00421943 0.0994634 
qwerty 19 5 0 0.975452 -0.419602 -0.0403686 7 -0.00944641 -0.00421943 0.0994634 
qwerty 19 5 0 0.975452 -0.483709 -0.0690034 7.675 -0.00944641 -0.00421943 0.0994634 
qwerty 19 5 0 0.975452 -0.547816 -0.0976382 8.35 -0.00944641 -0.00421943 0.0994634 
qwerty 19 5 0 0.975452 -0.611923 -0.126273 9.025 -0.00944641 -0.00421943 0.0994634 
qwerty 19 5 0 0.975452 -0.676031 -0.154908 9.7 -0.00944641 -0.00421943 0.0994634 
qwerty 19 5 0 0.975452 -0.740138 -0.183543 10.375 -0.00944641 -0.00421943 0.0994634 
qwerty 19 5 0 0.975452 -0.804245 -0.212177 11.05 -0.00944641 -0.00421943 0.0994634 
qwerty 19 5 0 0.975452 -0.868352 -0.240812 11.725 -0.00944641 -0.00421943 0.0994634 
qwerty 19 5 0 0.975452 -0.93246 -0.269447 12.4 -0.00944641 -0.00421943 0.0994634 
qwerty 19 5 0 0.975452 -0.996567 -0.298082 13.075 -0.00944641 -0.00421943 0.0994634 
qwerty 19 5 0 0.975452 -1.06067 -0.326717 13.75 -0.00944641 -0.00421943 0.0994634 
qwerty 19 5 0 0.975452 -1.12478 -0.355351 14.425 -0.00944641 -0.00421943 0.0994634 
qwerty 19 5 0 0.975452 -1.18889 -0.383986 15.1 -0.00944641 -0.00421943 0.0994634 
qwerty 19 5 0 0.740205 -1.25 -0.341749 15.3692 -0.0383016 0.0425901 0.08197 
qwerty 19 5 0 0.740205 -1.43962 -0.130902 15.775 -0.0383016 0.0425901 0.08197 
qwerty 19 5 0 0.740205 -1.74029 0.216588 16.45 -0.0363496 0.0425416 0.082879 
qwerty 19 5 0 0.740205 -2.03633 0.563064 17.125 -0.0363496 0.0425416 0.082879 
qwerty 19 5 0 0.740205 -2.33238 0.90954 17.8 -0.0363496 0.0425416 0.082879 
qwerty 19 5 0 0.740205 -2.62842 1.25602 18.475 -0.0363496 0.0425416 0.082879 
qwerty 19 5 0 0.740205 -2.92447 1.60249 19.15 -0.0363496 0.0425416 0.082879 
qwerty 19 5 0 0.740205 -3.22052 1.94897 19.825 -0.0363496 0.0425416 0.082879 
qwerty 19 5 0 0.206997 -3.45132 2.21909 20.3513 -0.0289884 -0.0546546 -0.0785656 
qwerty 19 5 0 0.206997 -3.58093 1.97474 20 -0.0289884 -0.0546546 -0.0785656 
qwerty 196 19 0.169922 0.363286 -3.47078 2.29671 20.3923 -0.0924712 0.03395 -0.0172186 
qwerty 196 19 0.141571 0.221715 -3.50638 2.33924 20.3553 0.00313041 -0.0310648 -0.0950009 
qwerty 196 19 0.221715 0 -3.50543 2.32981 20.3264 0.00313041 -0.0310648 -0.0950009 
qwerty 198 18 0.121971 0.945389 -0.0605435 0.139979 3.82763 0.0869789 0.0400563 0.0288125 
qwerty 198 18 0.181282 0.764106 0.0315255 0.147126 3.84336 0.0963226 0.0236264 -0.0127962 
qwerty 198 18 0.186623 0.577483 0.114829 0.197246 3.84357 0.00503709 0.0698277 -0.0714054 
qwerty 198 18 0.128049 0.449434 0.117903 0.239854 3.8 -0.0127124 0.0892197 -0.0433388 
qwerty 198 18 0.0157457 0.361042 0.121764 0.245182 3.80301 0.0768004 0.0210719 0.0604788 
qwerty 198 18 0.0114253 0.349616 0.127283 0.247438 3.80824 0.0407129 0.0223307 0.0885652 
qwerty 198 18 0.0202944 0.329322 0.129043 0.249829 3.81619 0.0246486 0.0578342 0.0777667 
qwerty 198 18 0.0170376 0.312284 0.130552 0.254226 3.82404 0.00609784 0.0312647 0.094791 
qwerty 198 18 0.0353248 0.27696 0.132481 0.259808 3.83531 0.0232998 -0.00769984 0.0969424 
qwerty 198 18 0.0325432 0.244416 0.137953 0.254631 3.85101 -0.0142293 -0.0801265 0.0581143 
qwerty 198 18 0.062769 0.181647 0.119548 0.235901 3.86528 -0.00544741 -0.0986401 0.0155065 
qwerty 198 18 0.181647 0 0.118351 0.214222 3.86869 -0.00544741 -0.0986401 0.0155065 
qwerty 16 5 0 4.01269 -0.160197 0.109935 4.3 -0.0085118 0.0021959 0.0996129 
qwerty 16 5 0 4.01269 -0.217875 0.124815 4.975 -0.0085118 0.0021959 0.0996129 
qwerty 16 5 0 4.01269 -0.275553 0.139695 5.65 -0.0085118 0.0021959 0.0996129 
qwerty 16 5 0 4.01269 -0.333231 0.154575 6.325 -0.0085118 0.0021959 0.0996129 
qwerty 16 5 0 4.01269 -0.390909 0.169455 7 -0.0085118 0.0021959 0.0996129 
qwerty 16 5 0 4.01269 -0.448587 0.184335 7.675 -0.0085118 0.0021959 0.0996129 
qwerty 16 5 0 4.01269 -0.506265 0.199215 8.35 -0.0085118 0.0021959 0.0996129 
qwerty 16 5 0 4.01269 -0.563943 0.214095 9.025 -0.0085118 0.0021959 0.0996129 
qwerty 16 5 0 4.01269 -0.621621 0.228975 9.7 -0.0085118 0.0021959 0.0996129 
qwerty 16 5 0 4.01269 -0.679298 0.243855 10.375 -0.0085118 0.0021959 0.0996129 
qwerty 16 5 0 4.01269 -0.736976 0.258735 11.05 -0.0085118 0.0021959 0.0996129 
qwerty 16 5 0 4.01269 -0.794654 0.273615 11.725 -0.0085118 0.0021959 0.0996129 
qwerty 16 5 0 4.01269 -0.852332 0.288495 12.4 -0.0085118 0.0021959 0.0996129 
qwerty 16 5 0 4.01269 -0.91001 0.303374 13.075 -0.0085118 0.0021959 0.0996129 
qwerty 16 5 0 4.01269 -0.967688 0.318254 13.75 -0.0085118 0.0021959 0.0996129 
qwerty 16 5 0 3.57235 -0.98332 0.322287 13.9329 -0.0181242 -0.0125434 0.0975406 
qwerty 16 5 0 3.57235 -1.07475 0.259009 14.425 -0.0181242 -0.0125434 0.0975406 
qwerty 16 5 0 3.57235 -1.20017 0.172206 15.1 -0.0181242 -0.0125434 0.0975406 
qwerty 16 5 0 3.57235 -1.25 0.137723 15.3681 -0.0181242 -0.0125434 0.0975406 
qwerty 16 5 0 3.57235 -1.3256 0.0854033 15.775 -0.0181242 -0.0125434 0.0975406 
qwerty 16 5 0 3.57235 -1.45102 -0.00139969 16.45 -0.0181242 -0.0125434 0.0975406 
qwerty 16 5 0 3.57235 -1.57644 -0.0882026 17.125 -0.0181242 -0.0125434 0.0975406 
qwerty 16 5 0 3.57235 -1.70187 -0.175006 17.8 -0.0181242 -0.0125434 0.0975406 
qwerty 16 5 0 3.57235 -1.82729 -0.261809 18.475 -0.0181242 -0.0125434 0.0975406 
qwerty 16 5 0 3.57235 -1.95271 -0.348612 19.15 -0.0181242 -0.0125434 0.0975406 
qwerty 16 5 0 3.57235 -2.07814 -0.435414 19.825 -0.0181242 -0.0125434 0.0975406 
qwerty 16 5 0 3.57235 -2.20356 -0.522217 20.5 -0.0181242 -0.0125434 0.0975406 
qwerty 16 5 0 3.57235 -2.32898 -0.60902 21.175 -0.0181242 -0.0125434 0.0975406 
qwerty 16 5 0 3.57235 -2.45441 -0.695823 21.85 -0.0181242 -0.0125434 0.0975406 
qwerty 16 5 0 2.09884 -2.62837 -0.49586 22.525 -0.0243677 0.0314554 0.091743 
qwerty 16 5 0 2.09884 -2.80765 -0.264426 23.2 -0.0243677 0.0314554 0.091743 
qwerty 16 5 0 0.495826 -2.92152 -0.117444 23.6287 -0.0960957 -0.0268036 0.00686861 
qwerty 16 5 0 0.495826 -3.75 -0.34853 23.6879 -0.0960957 -0.0268036 0.00686861 
qwerty 16 5 0 0.495826 -6.25 -1.04585 23.8666 -0.0960957 -0.0268036 0.00686861 
qwerty 16 5 0 0.495826 -6.36753 -1.07863 23.875 -0.0960957 -0.0268036 0.00686861 
qwerty 203 16 0.454864 1.14815 -2.92607 -0.0141661 23.875 -0.0336693 0.0461426 0.0820806 
qwerty 203 16 0.0836582 0.673251 -2.92593 0.000171447 23.8369 -0.0357198 0.0609587 -0.0707682 
qwerty 203 16 0.120682 0.55257 -2.9405 0.0358053 23.8164 -0.0704738 0.06349 -0.0316619 
qwerty 203 16 0.0626396 0.48993 -2.97085 0.0501817 23.7966 -0.0633183 0.0658034 -0.0407519 
qwerty 203 16 0.0816979 0.408232 -2.99058 0.07432 23.7625 -0.0664495 0.0231591 -0.0710502 
qwerty 203 16 0.121349 0.286883 -3.0397 0.0699322 23.7287 -0.0127587 -0.0276193 -0.0952596 
qwerty 203 16 0.286883 0 -3.04552 0.0573338 23.6852 -0.0127587 -0.0276193 -0.0952596 
qwerty 201 16 0.0173931 0.422947 -0.977234 0.328919 13.9403 0.0250227 0.0711586 0.065653 
qwerty 201 16 0.02799 0.394957 -0.97172 0.336283 13.9483 0.0331259 0.0384162 0.0861793 
qwerty 201 16 0.0261527 0.368804 -0.964494 0.342179 13.9581 0.050013 0.0495259 0.0710344 
qwerty 201 16 0.0323926 0.336412 -0.952979 0.349937 13.9726 0.0592 0.0436423 0.0677548 
qwerty 201 16 0.115638 0.220774 -0.934815 0.364187 13.9826 0.0447463 0.0589094 0.0672863 
qwerty 201 16 0.115941 0.104833 -0.923459 0.368693 14.0104 0.0411817 0.0655594 0.0632932 
qwerty 201 16 0.104833 0 -0.919855 0.374429 14.0159 0.0411817 0.0655594 0.0632932 
qwerty 15 5 0 9.78222 -0.103489 0.0950076 3.625 -0.00958848 0.00548676 0.0993879 
qwerty 15 5 0 9.78222 -0.16861 0.132271 4.3 -0.00958848 0.00548676 0.0993879 
qwerty 15 5 0 9.78222 -0.233731 0.169535 4.975 -0.00958848 0.00548676 0.0993879 
qwerty 15 5 0 9.78222 -0.298851 0.206799 5.65 -0.00958848 0.00548676 0.0993879 
qwerty 15 5 0 9.78222 -0.363972 0.244062 6.325 -0.00958848 0.00548676 0.0993879 
qwerty 15 5 0 9.78222 -0.429093 0.281326 7 -0.00958848 0.00548676 0.0993879 
qwerty 15 5 0 9.78222 -0.494214 0.31859 7.675 -0.00958848 0.00548676 0.0993879 
qwerty 15 5 0 0.453828 -0.54644 0.348475 8.21635 -0.0978595 0.0108909 -0.0174615 
qwerty 15 5 0 0.225935 -2.47817 0.563459 7.87166 0.0143458 0.0851479 0.0504385 
qwerty 15 5 0 0.225935 -2.3625 1.25 8.27834 0.0143458 0.0851479 0.0504385 
qwerty 15 5 0 0.225935 -2.34212 1.37097 8.35 0.0143458 0.0851479 0.0504385 
qwerty 208 15 0.0365031 0.191389 -2.48948 0.555034 7.87033 -0.0893415 -0.013939 0.0427061 
qwerty 208 15 0.026916 0.164473 -2.49944 0.556001 7.87511 -0.0898487 -0.0386838 -0.0207553 
qwerty 208 15 0.034735 0.129738 -2.50966 0.555072 7.8671 -0.0881143 -0.00185268 -0.0472486 
qwerty 208 15 0.0372147 0.0925233 -2.51559 0.550119 7.85903 0.0953799 0.00562511 -0.0295131 
qwerty 208 15 0.0272355 0.0652878 -2.51104 0.548628 7.85945 0.0645812 0.0314315 0.0695797 
qwerty 208 15 0.0652878 0 -2.50855 0.549838 7.86213 0.0645812 0.0314315 0.0695797 
qwerty 207 15 0.191104 9.13729 -0.553174 0.35512 8.35 -0.00657861 0.00947428 0.0993326 
qwerty 213 207 0 4.29712 -0.952608 0.157114 9.025 -0.0515843 -0.029339 0.0804878 
qwerty 213 207 0 4.29712 -1.38521 -0.0889336 9.7 -0.0515843 -0.029339 0.0804878 
qwerty 213 207 0 4.25201 -1.84838 -0.314854 10.375 -0.0551493 -0.0260216 0.0792555 
qwerty 213 207 0 4.25201 -2.31807 -0.536474 11.05 -0.0551493 -0.0260216 0.0792555 
qwerty 213 207 0 4.25201 -2.78777 -0.758094 11.725 -0.0551493 -0.0260216 0.0792555 
qwerty 213 207 0 4.25201 -3.25746 -0.979714 12.4 -0.0551493 -0.0260216 0.0792555 
qwerty 213 207 0 4.25201 -3.72715 -1.20133 13.075 -0.0551493 -0.0260216 0.0792555 
qwerty 213 207 0 4.25201 -4.19685 -1.42295 13.75 -0.0551493 -0.0260216 0.0792555 
qwerty 213 207 0 4.25201 -4.66654 -1.64457 14.425 -0.0551493 -0.0260216 0.0792555 
qwerty 213 207 0 4.25201 -5.13623 -1.86619 15.1 -0.0551493 -0.0260216 0.0792555 
qwerty 213 207 0 4.25201 -5.60593 -2.08781 15.775 -0.0551493 -0.0260216 0.0792555 
qwerty 213 207 0 4.25201 -6.07562 -2.30943 16.45 -0.0551493 -0.0260216 0.0792555 
qwerty 213 207 0 4.25201 -6.25 -2.39171 16.7006 -0.0551493 -0.0260216 0.0792555 
qwerty 213 207 0 4.25201 -6.54532 -2.53105 17.125 -0.0551493 -0.0260216 0.0792555 
qwerty 213 207 0 4.25201 -7.01501 -2.75267 17.8 -0.0551493 -0.0260216 0.0792555 
qwerty 213 207 0 4.25201 -7.4847 -2.97429 18.475 -0.0551493 -0.0260216 0.0792555 
qwerty 213 207 0 4.25201 -7.9544 -3.19591 19.15 -0.0551493 -0.0260216 0.0792555 
qwerty 213 207 0 4.25201 -8.42409 -3.41753 19.825 -0.0551493 -0.0260216 0.0792555 
qwerty 213 207 0 4.25201 -8.89378 -3.63915 20.5 -0.0551493 -0.0260216 0.0792555 
qwerty 213 207 0 4.25201 -9.36348 -3.86077 21.175 -0.0551493 -0.0260216 0.0792555 
qwerty 213 207 0 4.25201 -9.83317 -4.08239 21.85 -0.0551493 -0.0260216 0.0792555 
qwerty 213 207 0 4.25201 -10.3029 -4.30401 22.525 -0.0551493 -0.0260216 0.0792555 
qwerty 213 207 0 4.25201 -10.7726 -4.52563 23.2 -0.0551493 -0.0260216 0.0792555 
qwerty 213 207 0 4.25201 -11.2423 -4.74725 23.875 -0.0551493 -0.0260216 0.0792555 
qwerty 213 207 0 4.25201 -11.7119 -4.96887 24.55 -0.0551493 -0.0260216 0.0792555 
qwerty 213 207 0 4.25201 -12.1816 -5.19049 25.225 -0.0551493 -0.0260216 0.0792555 
qwerty 213 207 0 4.25201 -12.6513 -5.41211 25.9 -0.0551493 -0.0260216 0.0792555 
qwerty 213 207 0 4.25201 -13.121 -5.63373 26.575 -0.0551493 -0.0260216 0.0792555 
qwerty 213 207 0 0.308334 -13.5262 -5.8249 27.1573 -0.0407334 0.0297816 -0.0863356 
qwerty 213 207 0 0.308334 -13.7183 -5.68442 26.75 -0.0407334 0.0297816 -0.0863356 
qwerty 213 207 0 0.26277 -13.8471 -5.5903 26.4772 -0.0930935 0.0126951 -0.0342408 
qwerty 213 207 0 0.26277 -14.9404 -5.4412 26.075 -0.0930935 0.0126951 -0.0342408 
qwerty 218 213 0.0455638 0 -13.846 -5.58976 26.4755 0.0539684 0.0265102 -0.0799038 
qwerty 217 213 0.160953 3.78272 -13.5828 -5.85546 27.25 -0.0439395 -0.0418973 0.0794603 
qwerty 217 213 0.844048 2.50858 -13.8508 -6.20495 26.992 0.00498748 -0.069899 -0.071339 
qwerty 217 213 0.21332 2.29526 -13.8476 -6.25 26.946 0.0195741 -0.0615071 -0.0763789 
qwerty 217 213 0.434233 1.86103 -13.7974 -6.40787 26.75 0.00462434 -0.0782662 -0.0620726 
qwerty 220 217 0 0.423574 -12.6683 -6.51068 27.25 0.0909184 -0.00774115 0.0409136 
qwerty 220 217 0 0.423574 -11.25 -6.63145 27.8883 0.0909184 -0.00774115 0.0409136 
qwerty 220 217 0 0.423574 -11.1684 -6.6384 27.925 0.0909184 -0.00774115 0.0409136 
qwerty 220 217 0 0.285948 -10.2589 -7.23317 27.425 0.0515122 -0.0583295 -0.0628026 
qwerty 211 207 0 0.431122 -0.748991 0.398637 9.025 -0.0298646 0.0057842 0.0952609 
qwerty 14 5 0 6.24782 -0.114508 0.152936 3.625 -0.0114617 0.016074 0.0980319 
qwerty 13 5 0 0.437863 -0.114688 0.195581 3.625 -0.0114317 0.0225079 0.0967611 
qwerty 13 5 0 0.437863 -0.194435 0.352595 4.3 -0.0114317 0.0225079 0.0967611 
qwerty 13 5 0 0.437863 -0.274183 0.509609 4.975 -0.0114317 0.0225079 0.0967611 
qwerty 13 5 0 0.437863 -0.35393 0.666623 5.65 -0.0114317 0.0225079 0.0967611 
qwerty 13 5 0 0.437863 -0.433677 0.823637 6.325 -0.0114317 0.0225079 0.0967611 
qwerty 13 5 0 0.437863 -0.513424 0.980651 7 -0.0114317 0.0225079 0.0967611 
qwerty 13 5 0 0.437863 -0.593172 1.13767 7.675 -0.0114317 0.0225079 0.0967611 
qwerty 13 5 0 0.437863 -0.650226 1.25 8.15792 -0.0114317 0.0225079 0.0967611 
qwerty 13 5 0 0.437863 -0.672919 1.29468 8.35 -0.0114317 0.0225079 0.0967611 
qwerty 13 5 0 0.437863 -0.752666 1.45169 9.025 -0.0114317 0.0225079 0.0967611 
qwerty 13 5 0 0.437863 -0.832413 1.60871 9.7 -0.0114317 0.0225079 0.0967611 
qwerty 13 5 0 0.437863 -0.912161 1.76572 10.375 -0.0114317 0.0225079 0.0967611 
qwerty 13 5 0 0.437863 -0.991908 1.92274 11.05 -0.0114317 0.0225079 0.0967611 
qwerty 13 5 0 0.437863 -1.07166 2.07975 11.725 -0.0114317 0.0225079 0.0967611 
qwerty 13 5 0 0.437863 -1.1514 2.23676 12.4 -0.0114317 0.0225079 0.0967611 
qwerty 13 5 0 0.437863 -1.23115 2.39378 13.075 -0.0114317 0.0225079 0.0967611 
qwerty 13 5 0 0.437863 -1.3109 2.55079 13.75 -0.0114317 0.0225079 0.0967611 
qwerty 13 5 0 0.437863 -1.39064 2.70781 14.425 -0.0114317 0.0225079 0.0967611 
qwerty 13 5 0 0.437863 -1.47039 2.86482 15.1 -0.0114317 0.0225079 0.0967611 
qwerty 13 5 0 0.437863 -1.55014 3.02184 15.775 -0.0114317 0.0225079 0.0967611 
qwerty 13 5 0 0.437863 -1.62989 3.17885 16.45 -0.0114317 0.0225079 0.0967611 
qwerty 13 5 0 0.437863 -1.70963 3.33586 17.125 -0.0114317 0.0225079 0.0967611 
qwerty 11 5 0 0.0589936 -0.035717 0.0379894 2.95 -0.00676962 0.0212828 0.0974742 
qwerty 10 5 0 0.221308 -0.0252415 -0.0067356 2.82326 0.0542851 0.0445317 -0.0712043 
qwerty 10 5 0 0.221308 0.259326 0.226704 2.45 0.0542851 0.0445317 -0.0712043 
qwerty 234 10 0.12982 0.432727 -0.0532254 -0.0132879 2.87334 -0.0318602 -0.0584886 0.0745923 
qwerty 234 10 0.0810995 0.351628 -0.0551811 -0.0265029 2.91477 0.0225607 -0.0546963 0.0806184 
qwerty 234 10 0.0454009 0.306227 -0.0578025 -0.0386996 2.93142 -0.00631539 -0.0813812 0.0577686 
qwerty 234 10 0.0469485 0.259279 -0.0590026 -0.05534 2.93806 -0.0243167 -0.0969048 0.00426013 
qwerty 234 10 0.0425127 0.216766 -0.0625183 -0.0736158 2.94765 0.0178938 -0.0899117 0.0399462 
qwerty 234 10 0.0133574 0.203408 -0.0614671 -0.0788975 2.95 0.0159711 -0.0518869 0.0839802 
qwerty 234 10 0.00586118 0.185116 -0.0608347 -0.0811998 2.94947 -0.000263016 -0.0947036 -0.0321116 
qwerty 234 10 0.0063047 0.178811 -0.0605571 -0.0833414 2.94893 0.00231611 -0.0952874 -0.0302481 
qwerty 234 10 0.00555424 0.173257 -0.0600792 -0.0855633 2.94833 0.026323 -0.0867261 -0.0422573 
qwerty 234 10 0.0079784 0.165279 -0.059129 -0.087519 2.94768 0.0200742 -0.0889983 -0.0409429 
qwerty 234 10 0.00462205 0.160657 -0.058919 -0.0891552 2.94663 0.0180806 -0.0762567 -0.0621129 
qwerty 234 10 0.00857696 0.15208 -0.0586928 -0.0907035 2.94522 0.0334955 -0.0862646 -0.0379009 
qwerty 234 10 0.00866296 0.143417 -0.0571076 -0.0929296 2.94375 0.0495168 -0.0831779 -0.0250904 
qwerty 234 10 0.0118897 0.131527 -0.0562951 -0.096959 2.94253 0.0316937 -0.0900342 -0.0298218 
qwerty 234 10 0.0154059 0.116121 -0.0537447 -0.0999852 2.94133 0.03031 -0.0933826 -0.0189997 
qwerty 234 10 0.0342349 0.0818863 -0.0520897 -0.104022 2.93797 0.0463367 -0.0725395 -0.0509012 
qwerty 234 10 0.0818863 0 -0.0494413 -0.108168 2.93506 0.0463367 -0.0725395 -0.0509012 
qwerty 9 5 0 0.219053 -0.0303235 -0.0182345 2.95 -0.00513689 0.0108169 0.0992804 
qwerty 9 5 0 0.134551 -0.0478038 0.0185744 3.28784 0.0906126 -0.0102803 -0.0410325 
qwerty 9 5 0 0.134551 0.311802 -0.0222241 3.125 0.0906126 -0.0102803 -0.0410325 
qwerty 236 9 0.0845017 0 -0.0504325 0.0193151 3.29322 -0.0435519 0.0122726 0.0891774 
qwerty 8 5 0 0.389924 -0.295395 -0.441165 2.95 -0.0371829 -0.0440776 0.0816982 
qwerty 8 5 0 0.389924 -0.602605 -0.805339 3.625 -0.0371829 -0.0440776 0.0816982 
qwerty 8 5 0 0.389924 -0.909814 -1.16951 4.3 -0.0371829 -0.0440776 0.0816982 
qwerty 8 5 0 0.389924 -1.21702 -1.53369 4.975 -0.0371829 -0.0440776 0.0816982 
qwerty 7 5 0 2.79655 0.00932651 -0.0912548 2.275 -0.00280108 -0.000447917 0.0999598 
qwerty 6 5 0 5.57057 0.039232 -0.0925514 1.6 0.00144612 -0.00382394 0.0999164 
qwerty 6 5 0 5.57057 0.0490015 -0.118385 2.275 0.00144612 -0.00382394 0.0999164 
qwerty 6 5 0 5.57057 0.058771 -0.144218 2.95 0.00144612 -0.00382394 0.0999164 
qwerty 6 5 0 5.57057 0.0685405 -0.170051 3.625 0.00144612 -0.00382394 0.0999164 
qwerty 6 5 0 5.57057 0.07831 -0.195884 4.3 0.00144612 -0.00382394 0.0999164 
qwerty 6 5 0 5.57057 0.0880795 -0.221717 4.975 0.00144612 -0.00382394 0.0999164 
qwerty 6 5 0 5.57057 0.0978491 -0.247551 5.65 0.00144612 -0.00382394 0.0999164 
qwerty 6 5 0 5.57057 0.107619 -0.273384 6.325 0.00144612 -0.00382394 0.0999164 
qwerty 6 5 0 5.57057 0.117388 -0.299217 7 0.00144612 -0.00382394 0.0999164 
qwerty 6 5 0 5.57057 0.127158 -0.32505 7.675 0.00144612 -0.00382394 0.0999164 
qwerty 6 5 0 4.11954 -0.0285694 -0.383163 8.35 -0.023347 -0.00853417 0.0968612 
qwerty 6 5 0 4.11954 -0.191268 -0.442635 9.025 -0.023347 -0.00853417 0.0968612 
qwerty 6 5 0 4.11954 -0.353967 -0.502107 9.7 -0.023347 -0.00853417 0.0968612 
qwerty 6 5 0 4.11954 -0.516666 -0.56158 10.375 -0.023347 -0.00853417 0.0968612 
qwerty 6 5 0 4.11954 -0.679365 -0.621052 11.05 -0.023347 -0.00853417 0.0968612 
qwerty 199 18 0.974077 3.34426 0.176302 0.0153972 4.3 0.0760646 -0.0108282 0.0640073 
qwerty 199 18 0.748524 2.39954 -0.207695 0.284022 4.2012 -0.056786 0.071037 -0.0415824 
qwerty 199 18 0.621898 1.77764 -0.49611 0.510045 4.07727 -0.0905102 0.0246741 -0.034628 
qwerty 199 18 0.464597 1.31065 -0.650688 0.552111 3.98467 -0.0837942 0.0431982 -0.0333533 
qwerty 199 18 0.526857 0.780704 -0.812376 0.589294 3.88542 -0.0604317 0.0132124 -0.0785712 
qwerty 199 18 0.261359 0.519345 -0.878076 0.603658 3.8 -0.0905712 0.0114036 -0.0408266 
qwerty 167 22 0.859569 14.7909 -3.3057 0.568233 27.925 -0.0281928 -0.017835 0.0942713 
qwerty 139 114 0.854715 2.6918 -1.4144 1.5624 22.1487 0.0556166 0.0270336 -0.0785874 
qwerty 139 114 0.203278 2.48852 -1.32685 1.60495 22.025 0.0222294 0.0412076 -0.0883617 
qwerty 112 33 1.03235 6.41773 0.0681912 0.186834 13.075 -0.0118827 0.0450021 0.0885077 
qwerty 112 33 1.11489 2.73373 0.252003 -0.0526675 13.7186 0.0634886 -0.0401903 0.0659844 
qwerty 112 33 0.240896 2.49284 0.282179 -0.0717695 13.75 0.0659324 -0.0436877 0.0611907 
qwerty 91 41 0.407312 11.6916 0.273033 0.183461 6.06083 0.0154885 0.00494789 0.0986693 
qwerty 91 41 0.394661 11.297 0.314501 0.196709 6.325 0.0110821 0.0107129 0.098805 
qwerty 91 41 0.361563 7.60613 0.366362 0.38444 6.60311 0.0377615 0.078481 0.0491407 
qwerty 91 41 0.104488 5.40024 0.390489 0.444147 6.63938 0.0210645 0.0912052 0.0351838 
qwerty 91 41 1.41058 3.98965 0.45092 1.14441 6.88001 -0.0112906 0.0798741 0.0590986 
qwerty 91 41 0.223747 3.76591 0.435994 1.25 6.95813 -0.0285333 0.0649571 0.0704729 
qwerty 91 41 0.161225 3.60468 0.419043 1.28859 7 -0.0232146 0.0651609 0.0722159 
qwerty 286 91 0.569999 1.5314 0.612218 0.54008 6.87852 0.0942522 0.019888 0.0268512 
qwerty 286 91 0.499751 1.03165 0.850202 0.579866 6.99664 0.0962407 -0.00264551 0.0270318 
qwerty 286 91 0.0196978 1.01196 0.862158 0.579537 7 0.0939945 0.00267786 0.0340273 
qwerty 286 91 0.147753 0.706696 0.887032 0.527988 6.98031 -0.0069855 -0.0956513 -0.0283203 
qwerty 286 91 0.110957 0.59574 0.86239 0.474447 6.96784 -0.0282209 -0.0914349 0.0290385 
qwerty 286 91 0.0674238 0.528316 0.853315 0.440237 6.99335 -0.0724651 -0.0394304 0.0565159 
qwerty 286 91 0.0175594 0.510756 0.844788 0.435598 7 -0.0762884 -0.0332703 0.0554361 
qwerty 286 91 0.0335349 0.45449 0.831987 0.440319 6.99249 -0.0796114 0.0175497 -0.057914 
qwerty 286 91 0.0239196 0.43057 0.822033 0.44429 6.9812 -0.0571883 0.0667306 -0.0477129 
qwerty 286 91 0.0281047 0.402466 0.816397 0.453038 6.97306 -0.0238127 0.0823383 -0.0515108 
qwerty 286 91 0.174446 0.22802 0.811205 0.468395 6.96873 -0.0163745 0.0896154 -0.0412427 
qwerty 286 91 0.0467391 0.181281 0.803927 0.479696 6.95799 -0.0940735 0.0322067 0.0106254 
qwerty 286 91 0.0834324 0.0978482 0.789539 0.49586 6.96106 -0.0980862 -0.0133832 -0.0141418 
qwerty 286 91 0.0978482 0 0.781913 0.49482 6.95996 -0.0980862 -0.0133832 -0.0141418 
qwerty 283 91 0.28438 0 0.297467 0.150365 6.07906 0.0543029 -0.0735536 0.04051 
qwerty 289 91 0 0.510999 -0.133024 1.30943 6.5 -0.0642565 -0.00841645 -0.0761594 
qwerty 288 91 0 0.510999 0.858336 1.43928 7.675 0.0642565 0.00841645 0.0761594 
qwerty 288 91 0 0.510999 1.42784 1.51388 8.35 0.0642565 0.00841645 0.0761594 
qwerty 288 91 0 0.510999 1.99735 1.58847 9.025 0.0642565 0.00841645 0.0761594 
qwerty 285 91 0 0.697733 0.685971 1.03061 7 0.0388379 0.0785212 0.048229 
qwerty 282 93 0 0.510999 -0.734737 -0.427557 8.35 -0.0747696 -0.0563109 0.0351936 
qwerty 278 108 0 0.510999 -1.25 0.416582 8.98692 -0.0956714 0.0277554 -0.00875325 
qwerty 278 108 0 0.510999 -3.75 1.14186 8.75819 -0.0956714 0.0277554 -0.00875325 
qwerty 278 108 0 0.226855 -4.49883 1.35911 8.68968 0.0390926 0.0644792 0.0656825 
qwerty 278 108 0 0.226855 -4.29925 1.68829 9.025 0.0390926 0.0644792 0.0656825 
qwerty 306 278 0.284144 0 -4.54143 1.35878 8.67539 -0.0948059 -0.000729546 -0.031801 
qwerty 274 108 0 2.32379 -0.0729262 0.0464773 9.7 -0.0114993 -0.00977993 0.098854 
qwerty 274 108 0 2.32379 -0.151446 -0.0203025 10.375 -0.0114993 -0.00977993 0.098854 
qwerty 274 108 0 2.32379 -0.229967 -0.0870823 11.05 -0.0114993 -0.00977993 0.098854 
qwerty 274 108 0 2.32379 -0.308487 -0.153862 11.725 -0.0114993 -0.00977993 0.098854 
qwerty 274 108 0 2.32379 -0.387007 -0.220642 12.4 -0.0114993 -0.00977993 0.098854 
qwerty 274 108 0 0.9962 -0.444959 0.266988 13.075 -0.0063275 0.0634251 0.0770534 
qwerty 274 108 0 0.9962 -0.500389 0.822602 13.75 -0.0063275 0.0634251 0.0770534 
qwerty 274 108 0 0.9962 -0.555819 1.37822 14.425 -0.0063275 0.0634251 0.0770534 
qwerty 274 108 0 0.9962 -0.611249 1.93383 15.1 -0.0063275 0.0634251 0.0770534 
qwerty 274 108 0 0.9962 -0.666679 2.48944 15.775 -0.0063275 0.0634251 0.0770534 
qwerty 274 108 0 0.9962 -0.722109 3.04506 16.45 -0.0063275 0.0634251 0.0770534 
qwerty 274 108 0 0.9962 -0.777538 3.60067 17.125 -0.0063275 0.0634251 0.0770534 
qwerty 274 108 0 0.282491 -0.807641 4.01317 16.625 -0.00379308 0.0546195 -0.0836799 
qwerty 272 112 0 0.510999 0.930158 -0.848652 13.25 0.0584309 -0.0652162 -0.0482977 
qwerty 272 112 0 0.462846 1.25 -1.67724 13.0569 0.0342221 -0.0917661 -0.0201949 
qwerty 272 112 0 0.462846 2.06657 -3.86686 12.575 0.0342221 -0.0917661 -0.0201949 
qwerty 270 139 0 0.510999 -1.25 1.64291 22.0382 0.0404697 0.0435427 0.0804129 
qwerty 270 139 0 0.510999 -1.005 1.90651 22.525 0.0404697 0.0435427 0.0804129 
qwerty 270 139 0 0.510999 -0.66529 2.27202 23.2 0.0404697 0.0435427 0.0804129 
qwerty 270 139 0 0.510999 -0.324579 2.61632 23.875 0.041157 0.0408467 0.0814718 
qwerty 270 139 0 0.501244 -0.0642419 2.87469 24.3903 0.0360911 0.0579595 0.0730625 
qwerty 270 139 0 0.501244 0.0146232 3.00134 24.55 0.0360911 0.0579595 0.0730625 
qwerty 270 139 0 0.501244 0.348057 3.53681 25.225 0.0360911 0.0579595 0.0730625 
qwerty 270 139 0 0.501244 0.480809 3.75 25.4937 0.0360911 0.0579595 0.0730625 
qwerty 270 139 0 0.501244 0.68149 4.07228 25.9 0.0360911 0.0579595 0.0730625 
qwerty 270 139 0 0.501244 1.01492 4.60775 26.575 0.0360911 0.0579595 0.0730625 
qwerty 270 139 0 0.370588 1.13587 4.80198 26.8198 -0.0107011 -0.0077665 0.099122 
qwerty 270 139 0 0.370588 1.08943 4.76828 27.25 -0.0107011 -0.0077665 0.099122 
qwerty 270 139 0 0.370588 1.01656 4.71539 27.925 -0.0107011 -0.0077665 0.099122 
qwerty 270 139 0 0.370588 0.94369 4.6625 28.6 -0.0107011 -0.0077665 0.099122 
qwerty 270 139 0 0.370588 0.870817 4.60962 29.275 -0.0107011 -0.0077665 0.099122 
qwerty 270 139 0 0.36479 0.709522 4.44904 29.95 -0.0235019 -0.023613 0.0942873 
qwerty 270 139 0 0.36479 0.541273 4.28 30.625 -0.0235019 -0.023613 0.0942873 
qwerty 319 270 0.130656 0 1.1431 4.81245 26.8198 0.0568349 0.0822783 -0.000286727 
qwerty 318 270 0.00975492 0 -0.0642037 2.87458 24.3904 0.0293129 -0.0815293 0.0499373 
qwerty 269 139 0 0.425098 -1.73059 1.25 21.7586 -0.0752558 -0.0588931 -0.0294646 
qwerty 269 139 0 0.217111 -2.72608 0.47096 21.3688 -0.0126138 -0.00763075 0.0989074 
qwerty 269 139 0 0.217111 -2.78744 0.433838 21.85 -0.0126138 -0.00763075 0.0989074 
qwerty 324 269 0.0325407 0.175447 -2.7326 0.462894 21.3635 -0.0886955 -0.0439361 0.0142382 
qwerty 324 269 0.0254277 0.150019 -2.73855 0.460206 21.3626 -0.0740588 -0.0664463 -0.010009 
qwerty 324 269 0.0394123 0.110607 -2.74199 0.454911 21.3614 0.00243871 -0.0241211 -0.0970166 
qwerty 324 269 0.0263691 0.0842379 -2.74352 0.453393 21.3554 -0.00155432 -0.0736786 -0.0675947 
qwerty 324 269 0.0135686 0.0706693 -2.74422 0.451041 21.3537 0.020906 -0.0434957 -0.0875846 
qwerty 324 269 0.0111506 0.0595187 -2.7428 0.450187 21.3516 -0.00740923 -0.0375551 -0.0923835 
qwerty 324 269 0.016121 0.0433978 -2.74293 0.449536 21.35 0.095554 -0.00652708 0.0287547 
qwerty 324 269 0.00149887 0.0418989 -2.74278 0.449505 21.3501 0.09101 -0.0301767 0.0283999 
qwerty 324 269 0.00099896 0.0408999 -2.74263 0.449441 21.3501 0.0843421 -0.0230058 0.0485504 
qwerty 324 269 0.00134717 0.0395528 -2.74249 0.449407 21.3502 0.0889425 -0.0271898 0.0367416 
qwerty 324 269 0.000905399 0.0386474 -2.74235 0.449327 21.3503 0.0875774 -0.0467812 0.0119041 
qwerty 324 269 0.00121401 0.0374334 -2.74221 0.449215 21.3503 0.0572396 -0.0628922 -0.0526138 
qwerty 324 269 0.00420877 0.0332246 -2.7421 0.449133 21.3502 0.0650607 -0.06563 -0.0382074 
qwerty 324 269 0.0034489 0.0297757 -2.74197 0.44904 21.3501 0.0495635 -0.0783398 -0.0375013 
qwerty 324 269 0.00224284 0.0275328 -2.74189 0.448893 21.35 0.0048978 -0.0954888 -0.0292901 
qwerty 324 269 0.00178828 0.0257446 -2.74188 0.448763 21.35 -0.0140538 -0.0974173 -0.0176738 
qwerty 267 151 0 0.510999 0.626866 1.19832 7 0.0269343 0.0902313 0.0336578 
qwerty 267 151 0 0.213212 0.728188 1.74839 7.40283 0.0111797 0.0286095 -0.0951657 
qwerty 267 151 0 0.213212 0.754952 1.81688 7.175 0.0111797 0.0286095 -0.0951657 
qwerty 329 267 0.271504 0 0.731016 1.77082 7.43804 0.00675687 0.0536052 0.0841476 
qwerty 266 151 0 0.510999 -0.313417 -1.95167 5.825 -0.0269343 -0.0902313 -0.0336578 
qwerty 266 151 0 0.254419 -0.664984 -3.12944 5.38567 0.0791416 -0.0399434 0.0462725 
qwerty 266 151 0 0.254419 -0.212896 -3.35761 5.65 0.0791416 -0.0399434 0.0462725 
qwerty 331 266 0.25658 0 -0.687647 -3.15347 5.3663 -0.0591843 -0.0627586 -0.0505824 
qwerty 264 167 0 0.510999 -3.64891 1.23513 28.6 -0.0342782 0.0752959 0.0561742 
qwerty 264 167 0 0.461794 -4.0178 2.04544 29.2045 -0.0721886 0.0504848 0.0473296 
qwerty 264 167 0 0.461794 -4.12528 2.12061 29.275 -0.0721886 0.0504848 0.0473296 
qwerty 336 264 0.0492046 0 -4.01619 2.04698 29.2052 0.0689085 0.0660439 0.0298298 
qwerty 263 167 0 0.36411 -3.55744 0.548067 28.6 -0.0397783 0.00697408 0.0914825 
qwerty 262 167 0 9.37676 -3.46957 0.438033 28.6 -0.0239361 -0.0187432 0.0952668 
qwerty 262 167 0 9.37676 -3.63917 0.305231 29.275 -0.0239361 -0.0187432 0.0952668 
qwerty 262 167 0 9.37676 -3.80876 0.172428 29.95 -0.0239361 -0.0187432 0.0952668 
qwerty 262 167 0 9.37676 -3.97836 0.0396256 30.625 -0.0239361 -0.0187432 0.0952668 
qwerty 262 167 0 9.37676 -4.14795 -0.0931769 31.3 -0.0239361 -0.0187432 0.0952668 
qwerty 262 167 0 9.37676 -4.31755 -0.225979 31.975 -0.0239361 -0.0187432 0.0952668 
qwerty 262 167 0 9.37676 -4.48715 -0.358782 32.65 -0.0239361 -0.0187432 0.0952668 
qwerty 262 167 0 9.37676 -4.65674 -0.491585 33.325 -0.0239361 -0.0187432 0.0952668 
qwerty 262 167 0 9.37676 -4.82634 -0.624387 34 -0.0239361 -0.0187432 0.0952668 
qwerty 262 167 0 9.37676 -4.99593 -0.75719 34.675 -0.0239361 -0.0187432 0.0952668 
qwerty 262 167 0 9.37676 -5.16553 -0.889992 35.35 -0.0239361 -0.0187432 0.0952668 
qwerty 262 167 0 9.37676 -5.33513 -1.02279 36.025 -0.0239361 -0.0187432 0.0952668 
qwerty 262 167 0 9.37676 -5.50472 -1.1556 36.7 -0.0239361 -0.0187432 0.0952668 
qwerty 262 167 0 9.37676 -5.67432 -1.2884 37.375 -0.0239361 -0.0187432 0.0952668 
qwerty 262 167 0 9.37676 -5.84391 -1.4212 38.05 -0.0239361 -0.0187432 0.0952668 
qwerty 262 167 0 9.37676 -6.01351 -1.554 38.725 -0.0239361 -0.0187432 0.0952668 
qwerty 262 167 0 9.37676 -6.18311 -1.68681 39.4 -0.0239361 -0.0187432 0.0952668 
qwerty 262 167 0 9.37676 -6.25 -1.73919 39.6662 -0.0239361 -0.0187432 0.0952668 
qwerty 262 167 0 9.37676 -6.3527 -1.81961 40.075 -0.0239361 -0.0187432 0.0952668 
qwerty 261 167 0 3.05689 -3.4361 0.545943 27.925 -0.0426134 -0.0230706 0.0874748 
qwerty 261 167 0 3.05689 -3.76493 0.367919 28.6 -0.0426134 -0.0230706 0.0874748 
qwerty 261 167 0 3.05689 -4.09376 0.189894 29.275 -0.0426134 -0.0230706 0.0874748 
qwerty 261 167 0 3.05689 -4.42258 0.0118695 29.95 -0.0426134 -0.0230706 0.0874748 
qwerty 261 167 0 3.05689 -4.75141 -0.166155 30.625 -0.0426134 -0.0230706 0.0874748 
qwerty 261 167 0 3.05689 -5.08024 -0.34418 31.3 -0.0426134 -0.0230706 0.0874748 
qwerty 261 167 0 3.05689 -5.40906 -0.522204 31.975 -0.0426134 -0.0230706 0.0874748 
qwerty 261 167 0 3.05689 -5.73789 -0.700229 32.65 -0.0426134 -0.0230706 0.0874748 
qwerty 261 167 0 3.05689 -6.06672 -0.878253 33.325 -0.0426134 -0.0230706 0.0874748 
qwerty 261 167 0 3.05689 -6.39554 -1.05628 34 -0.0426134 -0.0230706 0.0874748 
qwerty 258 194 0 0.257637 -0.762523 -0.769683 6.5 -0.0344552 -0.0708995 -0.0615312 
qwerty 257 199 0 0.461332 -0.636289 -0.259271 3.125 0.0225387 -0.078046 -0.0583166 
qwerty 257 199 0 0.461332 -0.375409 -1.16263 2.45 0.0225387 -0.078046 -0.0583166 
qwerty 257 199 0 0.461332 -0.11453 -2.066 1.775 0.0225387 -0.078046 -0.0583166 
qwerty 257 199 0 0.31724 -0.00186397 -2.02634 1.1 0.0150692 0.0138266 -0.0978864 
qwerty 257 199 0 0.31724 0.10205 -1.93099 0.425 0.0150692 0.0138266 -0.0978864 
qwerty 256 199 0 0.510999 -0.880473 0.891492 4.3 -0.000177711 0.0492561 0.0870276 
qwerty 256 199 0 0.510999 -0.881852 1.27353 4.975 -0.000177711 0.0492561 0.0870276 
qwerty 256 199 0 0.510999 -0.88323 1.65557 5.65 -0.000177711 0.0492561 0.0870276 
qwerty 255 199 0.00029101 0 -0.817326 0.595296 3.87396 -0.035744 0.0433368 -0.0827302 
qwerty 350 255 0.0027932 0 -0.817334 0.595307 3.87396 -0.0558092 0.076585 -0.0319386 
qwerty 254 199 0.00029101 0 -0.653616 0.553737 3.98336 -0.0813542 0.0451955 -0.0365904 
qwerty 351 254 0.0021066 0 -0.653621 0.55374 3.98336 -0.0556784 0.0258538 0.0789398 
qwerty 253 226 0 0.510999 0.178433 0.447771 4.3 0.0419263 0.0452449 0.0787088 
qwerty 252 226 0 0.208623 -0.298619 -0.0670404 3.40442 0.098429 0.0169153 -0.00505983 
qwerty 252 226 0 0.208623 1.25 0.199094 3.32482 0.098429 0.0169153 -0.00505983 
qwerty 252 226 0 0.161748 1.74462 0.284095 3.29939 0.0358951 -0.0589763 -0.0723418 
qwerty 252 226 0 0.161748 1.83115 0.141925 3.125 0.0358951 -0.0589763 -0.0723418 
qwerty 354 252 0.0468754 0 1.74603 0.285349 3.30041 0.0658002 0.0583822 0.0475589 
qwerty 353 252 0.302376 0 -0.331437 -0.0878837 3.37379 -0.0663049 -0.0421117 -0.0618891 
qwerty 251 226 0 0.512453 1.25 -1.04568 3.39707 0.0740462 -0.0642534 -0.0197146 
qwerty 251 226 0 0.512453 2.27188 -1.93241 3.125 0.0740462 -0.0642534 -0.0197146 
qwerty 249 242 0 0.510999 0.0610758 -0.501645 1.775 0.00802823 -0.0570562 -0.0817321 
qwerty 248 242 0 0.510999 -0.0543399 0.31861 2.95 -0.00802823 0.0570562 0.0817321 
qwerty 370 55 0 0.510999 -27.6481 12.5362 15.775 -0.0465397 -0.00277135 0.0884668 
qwerty 370 55 0 0.510999 -28.0032 12.5151 16.45 -0.0465397 -0.00277135 0.0884668 
qwerty 370 55 0 0.476165 -28.1367 12.5097 17.125 -0.0100106 -0.000116745 0.0994976 
qwerty 370 55 0 0.476165 -28.2046 12.5089 17.8 -0.0100106 -0.000116745 0.0994976 
qwerty 370 55 0 0.476165 -28.2725 12.5081 18.475 -0.0100106 -0.000116745 0.0994976 
qwerty 370 55 0 0.476165 -28.3404 12.5073 19.15 -0.0100106 -0.000116745 0.0994976 
qwerty 370 55 0 0.476165 -28.4083 12.5065 19.825 -0.0100106 -0.000116745 0.0994976 
qwerty 370 55 0 0.433385 -28.4551 12.5059 20.29 -0.0211219 0.0429877 0.0877834 
qwerty 370 55 0 0.433385 -28.5056 12.6088 20.5 -0.0211219 0.0429877 0.0877834 
qwerty 370 55 0 0.433385 -28.6681 12.9393 21.175 -0.0211219 0.0429877 0.0877834 
qwerty 370 55 0 0.299171 -27.7697 13.6569 21.85 0.0720736 0.0524642 0.045309 
qwerty 372 370 0.0427805 0 -28.4548 12.5043 20.2908 0.0205559 -0.0875506 0.0437304 
qwerty 369 55 0 0.510999 -27.03 12.573 14.6 0.0465397 0.00277135 -0.0884668 
qwerty 369 55 0 0.510999 -26.6749 12.5942 13.925 0.0465397 0.00277135 -0.0884668 
qwerty 369 55 0 0.510999 -26.3198 12.6153 13.25 0.0465397 0.00277135 -0.0884668 
qwerty 369 55 0 0.510999 -25.9647 12.6365 12.575 0.0465397 0.00277135 -0.0884668 
qwerty 368 70 0 41.4959 -1.09129 -0.0433537 8.35 -0.02496 -0.00623515 0.096634 
qwerty 368 70 0 41.4959 -1.25 -0.0829995 8.96444 -0.02496 -0.00623515 0.096634 
qwerty 368 70 0 41.4959 -1.26564 -0.0869069 9.025 -0.02496 -0.00623515 0.096634 
qwerty 368 70 0 41.4959 -1.43999 -0.13046 9.7 -0.02496 -0.00623515 0.096634 
qwerty 368 70 0 41.4959 -1.61434 -0.174013 10.375 -0.02496 -0.00623515 0.096634 
qwerty 367 70 0 0.358418 -0.65885 1.53237 7.175 0.0167798 0.0921415 -0.0350483 
qwerty 366 70 0 0.110284 -1.35026 0.218258 8.18689 -0.00426725 -0.0703675 0.070924 
qwerty 366 70 0 0.110284 -1.36007 0.0564239 8.35 -0.00426725 -0.0703675 0.070924 
qwerty 365 77 0 0.211432 6.90651 -0.73027 9.2 -0.0234133 0.0620333 -0.0748578 
qwerty 364 77 0 0.510999 6.25 -0.290948 10.1001 -0.0651865 0.0718528 0.0242466 
qwerty 364 77 0 0.510999 5.51093 0.523703 10.375 -0.0651865 0.0718528 0.0242466 
qwerty 363 341 0 0.510999 -5.95645 -0.828857 33.5 0.0616091 0.0317361 -0.0720912 
qwerty 363 341 0 0.510999 -5.37959 -0.531707 32.825 0.0616091 0.0317361 -0.0720912 
qwerty 377 368 0.832978 8.86601 -1.69682 -0.248252 11.05 -0.0102468 -0.0223009 0.0969416 
qwerty 377 368 1.1481 4.51556 -2.35756 -0.31251 11.5564 -0.00358062 -0.0420071 0.0906784 
qwerty 377 368 0.276359 4.2392 -2.36421 -0.390595 11.725 0.00292063 -0.0535871 0.0843794 
qwerty 381 366 0.0236223 0 -1.35059 0.218795 8.18691 -0.0528042 0.0848284 0.00398354 
qwerty 376 368 0.466208 29.8147 -1.75606 -0.168903 10.8752 -0.0287974 -0.00156154 0.0957511 
qwerty 376 368 0.251734 29.563 -1.80862 -0.171754 11.05 -0.0229573 0.00183955 0.0973118 
qwerty 376 368 0.780081 21.4957 -1.9168 -0.308214 11.725 -0.0114749 -0.0257406 0.0959466 
qwerty 376 368 0.808459 13.2024 -1.98859 -0.518633 12.4 -0.00512461 -0.0377437 0.0924616 
qwerty 376 368 0.464556 3.26749 -2.56526 -0.457274 12.6541 -0.0825871 0.0200386 0.0527051 
qwerty 376 368 0.976518 2.29097 -3.00101 -0.255917 12.8006 -0.0903404 0.0122897 0.04108 
qwerty 376 368 0.732191 1.55878 -3.29775 -0.116749 12.9809 -0.0721422 0.06913 0.00406753 
qwerty 376 368 0.570205 0.988571 -3.54768 0.0091675 12.984 -0.0817595 0.0278821 -0.0503783 
qwerty 376 368 0.35594 0.632631 -3.69093 0.107108 12.8948 -0.0689756 0.0613488 0.0384538 
qwerty 376 368 0.166801 0.46583 -3.75 0.159648 12.9277 -0.0317525 -0.049813 0.0806873 
qwerty 376 368 0.00868761 0.454585 -3.75219 0.156777 12.9316 -0.0367499 -0.0507451 0.0779383 
qwerty 376 368 0.0203489 0.434236 -3.75745 0.15255 12.9409 -0.0253442 -0.0457744 0.0852196 
qwerty 376 368 0.0169593 0.417277 -3.75823 0.145877 12.9517 -0.00934896 -0.0482643 0.0870813 
qwerty 376 368 0.0225826 0.394694 -3.76106 0.137181 12.9616 0.00898703 -0.0763147 0.0639945 
qwerty 376 368 0.0209202 0.373774 -3.76315 0.127681 12.9707 -0.0221649 -0.0885044 0.0409352 
qwerty 376 368 0.021335 0.352439 -3.76709 0.116313 12.9755 -0.0276167 -0.0703656 0.0654675 
qwerty 376 368 0.0202657 0.332173 -3.77131 0.106473 12.981 -0.0816607 -0.0451226 0.0359928 
qwerty 376 368 0.0252531 0.30692 -3.78347 0.0992198 12.9824 -0.0863628 -0.039447 0.0313911 
qwerty 376 368 0.0353533 0.271567 -3.80053 0.0981095 12.9907 -0.0496402 -0.0153283 0.0854453 
qwerty 376 368 0.059265 0.212302 -3.82111 0.0952498 13.0074 -0.0345353 0.0780246 -0.0521485 
qwerty 376 368 0.212302 0 -3.83089 0.11734 12.9927 -0.0345353 0.0780246 -0.0521485 
qwerty 409 376 0.466719 1.19157 -2.83623 -0.456776 12.5798 -0.0998388 0.00421893 -0.00379639 
qwerty 409 376 0.279017 0.91255 -2.9636 -0.451393 12.575 -0.0980142 -0.00209759 -0.0197184 
qwerty 409 376 0.127681 0.757653 -3.01808 -0.45561 12.6228 -0.0665087 -0.0181386 0.0724402 
qwerty 409 376 0.112411 0.645242 -3.06654 -0.460014 12.6644 -0.0463524 0.0188125 0.0865883 
qwerty 409 376 0.218434 0.426808 -3.10306 -0.448556 12.7088 -0.0183763 0.0709832 0.0679978 
qwerty 409 376 0.178955 0.247853 -3.12497 -0.375472 12.7193 0.0674386 0.0704247 -0.0221901 
qwerty 409 376 0.247853 0 -3.10052 -0.34994 12.7113 0.0674386 0.0704247 -0.0221901 
qwerty 394 376 0.310859 0.0427871 -1.72507 -0.134534 10.9179 0.0372073 -0.0379385 -0.084713 
qwerty 394 376 0.0427871 0 -1.72439 -0.135227 10.9163 0.0372073 -0.0379385 -0.084713 
qwerty 411 402 0 0.400128 -3.73953 0.989809 12.4 -0.0798442 0.0561149 0.0218178 
qwerty 411 402 0 0.400128 -6.20975 2.72589 13.075 -0.0798442 0.0561149 0.0218178 
qwerty 410 376 0.00029101 0 -3.75598 0.152651 12.951 -0.0187789 -0.0204373 0.0960712 
qwerty 413 410 0.00226589 0 -3.75597 0.15265 12.951 0.0847045 -0.0130659 -0.0515212 
qwerty 408 376 0 1.61487 -2.38935 -0.473501 12.6747 -0.067166 -0.0512596 0.05349 
qwerty 408 376 0 1.61487 -2.892 -0.857108 13.075 -0.067166 -0.0512596 0.05349 
qwerty 408 376 0 1.61487 -3.40681 -1.25 13.485 -0.067166 -0.0512596 0.05349 
qwerty 408 376 0 1.61487 -3.73958 -1.50396 13.75 -0.067166 -0.0512596 0.05349 
qwerty 408 376 0 1.61487 -4.58716 -2.15082 14.425 -0.067166 -0.0512596 0.05349 
qwerty 408 376 0 1.18505 -5.04359 -2.49915 14.7885 -0.0883356 -0.00893562 0.0460106 
qwerty 408 376 0 1.18505 -5.64165 -2.55965 15.1 -0.0883356 -0.00893562 0.0460106 
qwerty 408 376 0 1.18505 -6.25 -2.62119 15.4169 -0.0883356 -0.00893562 0.0460106 
qwerty 408 376 0 1.18505 -6.93758 -2.69074 15.775 -0.0883356 -0.00893562 0.0460106 
qwerty 408 376 0 0.567999 -8.33612 -2.52999 15.275 -0.0865936 0.0141394 -0.0479753 
qwerty 408 376 0 0.567999 -9.55447 -2.33105 14.6 -0.0865936 0.0141394 -0.0479753 
qwerty 408 376 0 0.567999 -10.7728 -2.13212 13.925 -0.0865936 0.0141394 -0.0479753 
qwerty 415 408 0.331367 0.0984506 -5.04758 -2.57539 14.8221 0.0377163 -0.080583 0.0456493 
qwerty 415 408 0.0984506 0 -5.04462 -2.58172 14.8257 0.0377163 -0.080583 0.0456493 
qwerty 414 408 0.0308467 0 -2.38954 -0.47277 12.6754 -0.0187152 0.0717315 0.0671143 
qwerty 405 376 0 0.655177 -2.02148 -0.403672 12.4 -0.0188109 -0.0118189 0.0975011 
qwerty 405 376 0 0.655177 -2.1517 -0.485494 13.075 -0.0188109 -0.0118189 0.0975011 
qwerty 401 376 0 1.33596 -1.86158 -0.50936 12.4 0.0090169 -0.0287316 0.0953582 
qwerty 401 376 0 1.33596 -1.79775 -0.712739 13.075 0.0090169 -0.0287316 0.0953582 
qwerty 401 376 0 1.33596 -1.73393 -0.916118 13.75 0.0090169 -0.0287316 0.0953582 
qwerty 401 376 0 1.33596 -1.6701 -1.1195 14.425 0.0090169 -0.0287316 0.0953582 
qwerty 401 376 0 1.33596 -1.62914 -1.25 14.8581 0.0090169 -0.0287316 0.0953582 
qwerty 401 376 0 1.33596 -1.60627 -1.32288 15.1 0.0090169 -0.0287316 0.0953582 
qwerty 401 376 0 1.33596 -1.54245 -1.52625 15.775 0.0090169 -0.0287316 0.0953582 
qwerty 401 376 0 1.33596 -1.47862 -1.72963 16.45 0.0090169 -0.0287316 0.0953582 
qwerty 401 376 0 1.33596 -1.41479 -1.93301 17.125 0.0090169 -0.0287316 0.0953582 
qwerty 401 376 0 0.300481 -1.25 -1.92671 17.0649 0.0793016 0.0113482 -0.0598537 
qwerty 401 376 0 0.300481 -0.667182 -1.84331 16.625 0.0793016 0.0113482 -0.0598537 
qwerty 399 376 0 1.92702 -2.00908 -0.370936 11.725 -0.0262191 -0.0311035 0.0913517 
qwerty 399 376 0 1.92702 -2.20282 -0.60076 12.4 -0.0262191 -0.0311035 0.0913517 
qwerty 399 376 0 1.92702 -2.39655 -0.830584 13.075 -0.0262191 -0.0311035 0.0913517 
qwerty 399 376 0 1.92702 -2.59028 -1.06041 13.75 -0.0262191 -0.0311035 0.0913517 
qwerty 399 376 0 1.92702 -2.78402 -1.29023 14.425 -0.0262191 -0.0311035 0.0913517 
qwerty 399 376 0 1.92702 -2.97775 -1.52006 15.1 -0.0262191 -0.0311035 0.0913517 
qwerty 399 376 0 1.92702 -3.17149 -1.74988 15.775 -0.0262191 -0.0311035 0.0913517 
qwerty 399 376 0 1.92702 -3.36522 -1.97971 16.45 -0.0262191 -0.0311035 0.0913517 
qwerty 399 376 0 1.92702 -3.55895 -2.20953 17.125 -0.0262191 -0.0311035 0.0913517 
qwerty 399 376 0 1.92702 -3.75269 -2.43935 17.8 -0.0262191 -0.0311035 0.0913517 
qwerty 399 376 0 0.13444 -2.69199 -2.26863 17.3364 -0.0994279 -0.00415967 -0.00983784 
qwerty 399 376 0 0.13444 -3.06002 -2.28403 17.3 -0.0994279 -0.00415967 -0.00983784 
qwerty 433 399 0.12201 0 -2.6813 -2.26709 17.333 0.094402 0.0136149 -0.0300482 
qwerty 432 399 0.492256 1.13317 -3.77577 -2.49146 18.2613 0.0360574 -0.0555173 0.0749513 
qwerty 432 399 0.161846 0.971326 -3.75 -2.53113 18.3149 0.0508289 -0.0462982 0.0726148 
qwerty 432 399 0.0937802 0.877545 -3.73095 -2.5655 18.3638 -0.00186395 0.00432397 0.0998891 
qwerty 432 399 0.137697 0.739848 -3.73449 -2.57262 18.4314 0.0234437 0.00274943 0.0971743 
qwerty 432 399 0.079929 0.659919 -3.72397 -2.57139 18.475 0.0364319 0.0129144 0.0922276 
qwerty 432 399 0 0.349278 -3.71818 -2.5662 18.475 -0.0828721 -0.053529 0.0163356 
qwerty 432 399 0.011432 0.317651 -3.71978 -2.57141 18.4696 -0.0107046 -0.0796334 -0.0595309 
qwerty 432 399 0.00966697 0.307984 -3.72002 -2.57644 18.4671 0.0155519 -0.0848461 -0.0505892 
qwerty 432 399 0.0106282 0.297356 -3.71889 -2.58204 18.4649 0.0237591 -0.0925224 -0.0295823 
qwerty 432 399 0.0166847 0.280671 -3.71796 -2.58751 18.4629 0.011926 -0.0955545 -0.0269647 
qwerty 432 399 0.0136326 0.267039 -3.71537 -2.59384 18.4609 0.0336266 -0.0925795 -0.017271 
qwerty 432 399 0.0168795 0.250159 -3.71328 -2.60182 18.4596 0.026014 -0.0964823 0.00379997 
qwerty 432 399 0.0166754 0.233484 -3.70996 -2.6098 18.4587 0.0740293 -0.0669878 -0.00568234 
qwerty 432 399 0.0313652 0.202119 -3.70508 -2.61589 18.4595 0.0341491 0.0226465 0.0912194 
qwerty 432 399 0.0249155 0.177203 -3.70244 -2.61258 18.4672 0.0031429 0.016301 0.0986124 
qwerty 432 399 0.0166192 0.160584 -3.70354 -2.61108 18.473 -0.0250374 0.0169837 0.0953136 
qwerty 432 399 0.00343617 0.157148 -3.70406 -2.61073 18.475 -0.0148872 0.00769112 0.0985861 
qwerty 396 376 0 0.414129 -2.00067 -0.204026 11.725 -0.027123 -0.00486791 0.0961283 
qwerty 395 376 0 2.01244 -1.98736 -0.125067 11.725 -0.0250771 0.00736596 0.096524 
qwerty 395 376 0 2.01244 -2.16273 -0.0735561 12.4 -0.0250771 0.00736596 0.096524 
qwerty 395 376 0 2.01244 -2.33809 -0.0220453 13.075 -0.0250771 0.00736596 0.096524 
qwerty 395 376 0 2.01244 -2.51346 0.0294654 13.75 -0.0250771 0.00736596 0.096524 
qwerty 395 376 0 2.01244 -2.68883 0.0809762 14.425 -0.0250771 0.00736596 0.096524 
qwerty 395 376 0 2.01244 -2.86419 0.132487 15.1 -0.0250771 0.00736596 0.096524 
qwerty 395 376 0 2.01244 -3.03956 0.183998 15.775 -0.0250771 0.00736596 0.096524 
qwerty 395 376 0 2.01244 -3.21493 0.235509 16.45 -0.0250771 0.00736596 0.096524 
qwerty 395 376 0 2.01244 -3.39029 0.287019 17.125 -0.0250771 0.00736596 0.096524 
qwerty 395 376 0 2.01244 -3.56566 0.33853 17.8 -0.0250771 0.00736596 0.096524 
qwerty 393 377 0 0.510999 -1.96526 -0.912438 11.225 0.039992 -0.0555314 -0.0729171 
qwerty 393 377 0 0.313219 -1.38185 -2.682 11.725 0.0277836 -0.090102 0.0333122 
qwerty 392 377 0 0.510999 -2.6097 -0.0175933 12.4 -0.039992 0.0555314 0.0729171 
qwerty 391 377 0 0.443813 -1.86452 -0.895345 12.4 0.0524977 -0.0527066 0.0668281 
qwerty 390 377 0 0.190873 -2.88495 0.113842 11.725 -0.0903566 0.0215526 0.0370293 
qwerty 389 377 0 0.185604 -1.33732 0.432774 11.725 0.039074 0.0699238 0.0598656 
qwerty 446 438 0 0.218214 -3.33566 0.708187 17.5735 -5.98367e-05 0.0717798 0.0696251 
qwerty 446 438 0 0.218214 -3.33585 0.941717 17.8 -5.98367e-05 0.0717798 0.0696251 
qwerty 447 446 0.12073 0 -3.33085 0.710822 17.5638 0.0432119 0.0236828 -0.0870164 
