qwerty 1 0 0 200 0 0 -0.249996 0 0 0.1 
qwerty 3 1 0 276.53 -0.0526151 -0.0693569 0.25 -0.0103671 -0.0136659 0.0985178 
qwerty 4 3 0.889597 12.2224 -0.128344 -0.159953 0.925 -0.00591967 -0.00557472 0.0996689 
qwerty 4 3 1.21672 8.8823 -0.422073 0.125594 1.6 -0.0408785 0.042729 0.0806423 
qwerty 4 3 1.34233 3.73271 0.158422 0.318064 1.20724 0.0761219 -0.00241533 -0.0648045 
qwerty 4 3 0.291092 3.44162 0.28439 0.314067 1.1 0.0634847 0.00741755 -0.0769069 
qwerty 7 4 0 0.237254 1.07641 0.224912 1.6 0.0807559 -0.00608968 0.0586635 
qwerty 6 4 0 2.91709 0.575658 1.25 1.58053 0.0667385 0.0744183 -0.0028089 
qwerty 6 4 0 2.91709 2.81767 3.75 1.48617 0.0667385 0.0744183 -0.0028089 
qwerty 6 4 0 2.91709 5.05967 6.25 1.39181 0.0667385 0.0744183 -0.0028089 
qwerty 6 4 0 2.91709 7.30168 8.75 1.29745 0.0667385 0.0744183 -0.0028089 
qwerty 6 4 0 2.91709 9.54369 11.25 1.20309 0.0667385 0.0744183 -0.0028089 
qwerty 6 4 0 0.433892 11.0042 12.8785 1.14162 -0.00939616 0.0118169 0.0988538 
qwerty 6 4 0 0.433892 10.9606 12.9333 1.6 -0.00939616 0.0118169 0.0988538 
qwerty 9 6 0.0741923 2.38629 11.0329 12.9066 1.13724 0.0604816 0.0765259 -0.0220399 
qwerty 9 6 0.00412402 1.83099 11.035 12.9091 1.13645 0.0650302 0.0746856 -0.0138973 
qwerty 9 6 0.485227 1.34576 11.2055 13.105 1.1 0.0558757 0.0828589 -0.0035085 
qwerty 9 6 0.0738198 0.676304 11.2041 13.0496 1.11837 0.0178383 -0.0809287 0.0559673 
qwerty 9 6 0.110403 0.565902 11.2167 13.0113 1.13176 0.00725861 -0.0934864 0.0347506 
qwerty 9 6 0.123704 0.442198 11.227 12.9722 1.13504 0.0359088 -0.0838234 0.041039 
qwerty 9 6 0.0580316 0.384166 11.2469 12.9457 1.14255 0.0265062 -0.0620582 0.0737984 
qwerty 9 6 0.0789569 0.30521 11.265 12.9188 1.15937 0.0315897 -0.0517554 0.0795202 
qwerty 9 6 0.084715 0.220495 11.2627 12.8847 1.18086 0.00282461 -0.0734709 0.0677795 
qwerty 9 6 0.220495 0 11.2635 12.8626 1.20125 0.00282461 -0.0734709 0.0677795 
qwerty 12 9 0 0.551175 11.0785 12.9768 1.1 0.0492611 0.0766266 -0.0412517 
qwerty 11 9 0 0.0227255 12.2778 13.75 1.42913 0.0812712 0.0550624 0.019056 
qwerty 11 9 0 0.0227255 13.0065 14.2437 1.6 0.0812712 0.0550624 0.019056 
qwerty 2 1 0 58.4469 0.419763 0.553329 0.25 0.04905 0.0646574 0.0584254 
qwerty 16 2 0.108556 4.54287 0.605114 0.71995 0.459361 0.0691343 0.059467 0.041038 
qwerty 16 2 1.39014 3.15273 0.983394 1.11403 0.796721 0.0418806 0.00872273 0.0903877 
qwerty 16 2 0.203858 2.94887 1.04283 1.12641 0.925 0.0455449 0.0300615 0.0837972 
qwerty 17 16 0.191925 0.720876 0.657768 0.690037 0.488345 0.0846523 -0.0376829 0.037603 
qwerty 17 16 0.0973835 0.623492 0.699326 0.64796 0.520102 0.0641219 -0.0707368 0.0297437 
qwerty 17 16 0.0908581 0.532634 0.733151 0.609461 0.539749 0.0760466 -0.0515401 0.0395036 
qwerty 17 16 0.135438 0.397196 0.772125 0.555763 0.555603 0.0781883 -0.0610953 0.012408 
qwerty 17 16 0.264047 0.133149 0.814438 0.515664 0.61427 0.0736764 0.0275239 0.0617593 
qwerty 17 16 0.133149 0 0.824109 0.519277 0.622376 0.0736764 0.0275239 0.0617593 
qwerty 15 2 0.350829 10.2204 0.751772 0.892205 0.463846 0.0699888 0.0621402 0.0352159 
qwerty 15 2 0.201077 9.96383 0.840406 0.970005 0.50467 0.0673883 0.0661689 0.032871 
qwerty 15 2 0.955444 9.00838 1.25 1.37219 0.704464 0.0599299 0.0619987 0.0506416 
qwerty 15 2 0.888104 8.12028 1.51099 1.64218 0.925 0.0345479 0.0199752 0.091692 
qwerty 22 15 0.174184 0.997103 0.793131 1.00919 0.427734 0.0721658 0.0640607 -0.026236 
qwerty 22 15 0.0134266 0.983677 0.800652 1.01587 0.425 0.0551513 0.0775491 -0.0307323 
qwerty 22 15 0.11659 0.739436 0.792859 1.00254 0.486676 -0.0536212 0.0166638 0.0827471 
qwerty 22 15 0.176525 0.562911 0.764774 0.999468 0.525402 -0.0915538 -0.0099591 0.0389706 
qwerty 22 15 0.136685 0.426226 0.712045 0.972397 0.536388 -0.095036 -0.0214904 -0.0225016 
qwerty 22 15 0.14182 0.284406 0.664859 0.950557 0.514987 -0.0720704 0.0370254 0.0586087 
qwerty 22 15 0.284406 0 0.632426 0.967219 0.541362 -0.0720704 0.0370254 0.0586087 
qwerty 27 15 0 0.942819 -1.25 0.841318 0.737778 -0.0968309 -0.0232635 -0.00908728 
qwerty 27 15 0 0.942819 -3.75 0.240695 0.503161 -0.0968309 -0.0232635 -0.00908728 
qwerty 27 15 0 0.942819 -4.58286 0.0406015 0.425 -0.0968309 -0.0232635 -0.00908728 
qwerty 27 15 0 0.311359 -5.8309 -0.21523 -0.25 0.0165896 0.011832 -0.0979019 
qwerty 23 15 0 0.0554768 1.25 1.39774 0.714012 0.0652086 0.0680962 0.0333278 
qwerty 23 15 0 0.0554768 1.66282 1.82883 0.925 0.0652086 0.0680962 0.0333278 
qwerty 21 15 0 34.5748 0.970273 1.30544 0.925 0.0470056 0.0647995 0.0599291 
qwerty 18 16 0 0.510999 0.46806 1.65519 0.425 -0.0615918 0.0529541 -0.0583294 
qwerty 34 21 1.45325 17.9224 1.64484 1.82493 1.6 0.0500955 0.04531 0.073739 
qwerty 5 3 0.765786 261.024 -0.127141 -0.156611 0.925 -0.0116044 -0.0122265 0.098569 
qwerty 5 3 0.79094 257.039 -0.188266 -0.23823 1.6 -0.00838647 -0.0118138 0.0989449 
qwerty 5 3 1.00489 253.648 -0.244222 -0.334174 2.275 -0.00744009 -0.0152793 0.0985454 
qwerty 5 3 0.441342 203.456 -0.254339 -0.405079 2.68915 -0.00115679 -0.016356 0.0986466 
qwerty 5 3 0.39592 203.06 -0.257398 -0.448329 2.95 -0.00141271 -0.0169521 0.0985425 
qwerty 5 3 1.07732 171.445 -0.257035 -0.587168 3.625 0.000757995 -0.0206831 0.0978347 
qwerty 5 3 0.898605 57.2168 -0.236599 -0.729211 4.3 0.00574746 -0.0245784 0.0967619 
qwerty 5 3 0.810938 50.9872 -0.188962 -0.874698 4.975 0.00321852 -0.0228792 0.0972943 
qwerty 63 5 0.32366 0.640406 -0.219115 -0.763499 4.22504 0.0248956 -0.0380235 -0.0890754 
qwerty 63 5 0.0567301 0.579052 -0.220392 -0.780777 4.19361 -0.00331116 -0.0334896 -0.0941673 
qwerty 63 5 0.101228 0.477824 -0.254112 -0.798349 4.13199 0.0248565 -0.0321699 -0.0913633 
qwerty 63 5 0.174242 0.303582 -0.217627 -0.813944 4.06471 -0.0332969 -0.0482353 -0.0810226 
qwerty 63 5 0.303582 0 -0.234209 -0.837965 4.02436 -0.0332969 -0.0482353 -0.0810226 
qwerty 59 5 0.272515 0.354247 -0.188302 -0.53724 2.71094 -0.0092232 -0.088787 0.0450756 
qwerty 59 5 0.293886 0.0603602 -0.194121 -0.59326 2.73938 0.0969752 -0.0155455 0.0188185 
qwerty 59 5 0.0603602 0 -0.190868 -0.593781 2.74001 0.0969752 -0.0155455 0.0188185 
qwerty 76 33 0 0.464182 1.36901 1.90121 1.6 0.0387118 0.0603994 0.0696657 
qwerty 75 63 0.00029101 0 -0.228597 -0.781074 4.18828 -0.0837997 -0.00302848 -0.0544834 
qwerty 83 75 0.00433245 0 -0.228618 -0.781054 4.18826 -0.0688685 0.0639041 -0.0342548 
qwerty 74 5 0 0.510999 -0.626606 -0.451119 5.65 -0.0502369 0.035554 0.0788173 
qwerty 74 5 0 0.510999 -1.05684 -0.146631 6.325 -0.0502369 0.035554 0.0788173 
qwerty 73 5 0 0.510999 0.122319 -0.981154 4.475 0.0502369 -0.035554 -0.0788173 
qwerty 73 5 0 0.510999 0.502191 -1.25 3.87901 0.0502369 -0.035554 -0.0788173 
qwerty 73 5 0 0.510999 0.552553 -1.28564 3.8 0.0502369 -0.035554 -0.0788173 
qwerty 73 5 0 0.510999 0.982787 -1.59013 3.125 0.0502369 -0.035554 -0.0788173 
qwerty 73 5 0 0.510999 1.41302 -1.89462 2.45 0.0502369 -0.035554 -0.0788173 
qwerty 72 5 0 5.09251 0.0351764 0.660326 4.475 0.0148111 0.0902348 -0.0404761 
qwerty 72 5 0 5.09251 0.131965 1.25 4.21049 0.0148111 0.0902348 -0.0404761 
qwerty 72 5 0 5.09251 0.282174 2.16513 3.8 0.0148111 0.0902348 -0.0404761 
qwerty 88 72 0.00397047 0.241474 0.279748 2.21057 3.80083 -0.0817009 0.0516363 0.0256642 
qwerty 88 72 0.00702803 0.234446 0.277516 2.21253 3.80183 -0.0781458 0.0610395 0.0129389 
qwerty 88 72 0.00629354 0.228152 0.274749 2.21489 3.80154 -0.0880363 0.0466125 -0.00876839 
qwerty 88 72 0.00654665 0.221605 0.271194 2.21624 3.80099 -0.0975958 0.0162702 -0.0145029 
qwerty 88 72 0.00630012 0.215305 0.267972 2.21627 3.80037 -0.0986276 0.0121421 -0.0111881 
qwerty 88 72 0.0101252 0.20518 0.264753 2.21667 3.8 -0.0989452 0.00704215 -0.012659 
qwerty 88 72 0.00447108 0.197569 0.263356 2.21838 3.80155 -0.0589167 0.0645119 0.0486522 
qwerty 88 72 0.00481911 0.19275 0.261846 2.22058 3.80274 -0.0478186 0.0809553 0.0340533 
qwerty 88 72 0.00750043 0.185249 0.260932 2.22282 3.80388 0.00328755 0.0997749 -0.00584419 
qwerty 88 72 0.00548507 0.179764 0.260809 2.22533 3.80402 0.00245164 0.0960331 0.0277782 
qwerty 88 72 0.0059164 0.173848 0.260362 2.22788 3.80486 -0.0175839 0.0891331 0.0417864 
qwerty 88 72 0.00800243 0.165845 0.26002 2.23031 3.80567 -0.0297193 0.0761787 0.0575636 
qwerty 88 72 0.010225 0.15562 0.25843 2.23275 3.80784 -0.0484331 0.0333041 0.0809016 
qwerty 88 72 0.00872304 0.146897 0.257336 2.23384 3.81175 -0.0581558 0.0478041 0.0658231 
qwerty 88 72 0.0213563 0.125541 0.256078 2.23802 3.81734 -0.0223006 0.0257643 0.0940153 
qwerty 88 72 0.0561172 0.0694239 0.257237 2.23858 3.82637 0.0252504 0.0289819 0.0923172 
qwerty 88 72 0.0694239 0 0.25832 2.23982 3.83032 0.0252504 0.0289819 0.0923172 
qwerty 71 5 0 0.123508 -0.876593 -0.191814 5.4884 0.012495 0.000480553 -0.0992151 
qwerty 71 5 0 0.123508 -0.833976 -0.190175 5.15 0.012495 0.000480553 -0.0992151 
qwerty 92 71 0.0718797 0 -0.879737 -0.191798 5.4917 -0.0690098 0.000349239 0.0723708 
qwerty 67 5 0 16.0255 -0.167212 -1.03917 5.65 0.00314297 -0.0236409 0.0971145 
qwerty 67 5 0 16.0255 -0.145366 -1.20348 6.325 0.00314297 -0.0236409 0.0971145 
qwerty 67 5 0 16.0255 -0.139182 -1.25 6.51608 0.00314297 -0.0236409 0.0971145 
qwerty 67 5 0 16.0255 -0.123521 -1.3678 7 0.00314297 -0.0236409 0.0971145 
qwerty 97 67 0.953996 5.95316 -0.473177 -1.64093 7.675 -0.0316023 -0.0455951 0.0832009 
qwerty 101 97 0 0.432285 0.00539693 -1.58709 7.175 0.0642692 0.0297771 -0.0705889 
qwerty 101 97 0 0.432285 0.619965 -1.30235 6.5 0.0642692 0.0297771 -0.0705889 
qwerty 100 97 0 0.319605 -1.25 -2.05408 7.21203 -0.0806777 -0.0267735 -0.0526715 
qwerty 100 97 0 0.319605 -1.30672 -2.0729 7.175 -0.0806777 -0.0267735 -0.0526715 
qwerty 66 5 0 21.4286 -0.167427 -1.03369 5.65 0.0030801 -0.0229276 0.0972874 
qwerty 66 5 0 21.4286 -0.146057 -1.19276 6.325 0.0030801 -0.0229276 0.0972874 
qwerty 66 5 0 21.4286 -0.138368 -1.25 6.56787 0.0030801 -0.0229276 0.0972874 
qwerty 66 5 0 21.4286 -0.124687 -1.35184 7 0.0030801 -0.0229276 0.0972874 
qwerty 105 66 0.896156 8.06657 0.0781285 -1.53985 7.675 0.0513906 -0.0158275 0.0843119 
qwerty 105 66 0.48716 1.46874 -0.0244657 -1.59634 8.0555 0.0269854 -0.0752134 0.0601227 
qwerty 105 66 0.593083 0.875654 0.113505 -1.71411 8.27164 0.0592083 -0.0669105 0.0449151 
qwerty 105 66 0.601085 0.27457 0.214967 -1.82884 8.34987 0.0372118 -0.0623399 0.0687679 
qwerty 105 66 0.000397427 0.274172 0.215038 -1.82895 8.35 0.0339419 -0.0621992 0.0705635 
qwerty 105 66 0.0077676 0.257135 0.212444 -1.82969 8.34747 -0.0628691 -0.0156593 -0.0761726 
qwerty 105 66 0.0137058 0.243429 0.210183 -1.83048 8.34445 -0.0631963 -0.0300683 -0.0714291 
qwerty 105 66 0.00989657 0.233533 0.208281 -1.83155 8.3411 -0.0345049 -0.0573219 -0.074321 
qwerty 105 66 0.00715844 0.226374 0.205958 -1.83341 8.33766 -0.0152271 -0.00939415 -0.0983864 
qwerty 105 66 0.0177237 0.208651 0.20488 -1.83593 8.33054 0.00470776 -0.0429367 -0.0901902 
qwerty 105 66 0.14077 0.0678812 0.203861 -1.83708 8.3207 -0.00414902 -0.0105405 -0.0993564 
qwerty 105 66 0.0678812 0 0.20369 -1.83752 8.31661 -0.00414902 -0.0105405 -0.0993564 
qwerty 112 105 0.304239 0.202328 -0.065939 -1.59651 8.14933 -0.0619738 0.0407759 -0.0670565 
qwerty 112 105 0.202328 0 -0.0821731 -1.58583 8.13176 -0.0619738 0.0407759 -0.0670565 
qwerty 111 105 0 0.572859 -1.80358 1.25 8.1624 -0.0530554 0.083857 0.0123747 
qwerty 111 105 0 0.572859 -2.60789 2.52125 8.35 -0.0530554 0.083857 0.0123747 
qwerty 109 105 0 1.00309 -0.179072 -1.61375 8.35 -0.0376731 -0.0086301 0.0922294 
qwerty 109 105 0 1.00309 -0.454791 -1.67691 9.025 -0.0376731 -0.0086301 0.0922294 
qwerty 109 105 0 1.00309 -0.730509 -1.74008 9.7 -0.0376731 -0.0086301 0.0922294 
qwerty 109 105 0 0.462366 -0.847822 -1.76695 9.9872 -0.0116643 -0.0946105 0.0302125 
qwerty 109 105 0 0.462366 -0.997542 -2.98135 10.375 -0.0116643 -0.0946105 0.0302125 
qwerty 116 109 0.114633 0.426093 -0.874384 -1.76068 10.045 -0.0819198 -0.0312364 0.0480981 
qwerty 116 109 0.291883 0.13421 -0.941927 -1.78643 10.0847 0.00347614 -0.0220619 0.097474 
qwerty 116 109 0.13421 0 -0.941464 -1.78937 10.0976 0.00347614 -0.0220619 0.097474 
qwerty 108 105 0 2.37509 -0.140182 -1.4488 7.675 -0.0030464 -0.0120766 0.0992213 
qwerty 108 105 0 2.37509 -0.160906 -1.53096 8.35 -0.0030464 -0.0120766 0.0992213 
qwerty 108 105 0 2.37509 -0.181631 -1.61312 9.025 -0.0030464 -0.0120766 0.0992213 
qwerty 108 105 0 2.37509 -0.202355 -1.69527 9.7 -0.0030464 -0.0120766 0.0992213 
qwerty 108 105 0 2.37509 -0.22308 -1.77743 10.375 -0.0030464 -0.0120766 0.0992213 
qwerty 108 105 0 2.37509 -0.243805 -1.85959 11.05 -0.0030464 -0.0120766 0.0992213 
qwerty 108 105 0 0.511883 -1.21445 -0.411825 11.725 -0.0526062 0.0796034 0.0299314 
qwerty 107 105 0 1.12738 -0.0932624 -1.52358 7.675 0.00486473 -0.0250125 0.0966991 
qwerty 107 105 0 1.12738 -0.0593045 -1.69817 8.35 0.00486473 -0.0250125 0.0966991 
qwerty 107 105 0 1.12738 -0.0253467 -1.87277 9.025 0.00486473 -0.0250125 0.0966991 
qwerty 107 105 0 1.12738 0.00861117 -2.04737 9.7 0.00486473 -0.0250125 0.0966991 
qwerty 107 105 0 0.467443 0.0356531 -2.18641 10.2375 0.000912992 -0.0993326 0.0114979 
qwerty 107 105 0 0.467443 0.046569 -3.37404 10.375 0.000912992 -0.0993326 0.0114979 
qwerty 107 105 0 0.467443 -0.404937 -5.69123 9.875 -0.0238415 -0.0925572 -0.0294066 
qwerty 124 107 0.141087 0.518851 0.0492827 -2.17354 10.3085 0.0341733 0.077281 0.0534775 
qwerty 124 107 0.0669732 0.451877 0.0755973 -2.14205 10.3201 0.0822633 -0.00568654 0.0565722 
qwerty 124 107 0.0575293 0.394348 0.104837 -2.13695 10.3313 0.0816711 -0.0134112 0.0561246 
qwerty 124 107 0.0765151 0.317833 0.134744 -2.1365 10.338 0.0875662 -0.0482895 0.000530157 
qwerty 124 107 0.0959268 0.221906 0.155123 -2.1559 10.3427 0.0839527 -0.0220618 0.0496511 
qwerty 124 107 0.0547864 0.16712 0.167656 -2.17134 10.3549 0.0478136 -0.0763002 -0.0434988 
qwerty 124 107 0.102468 0.0646514 0.173303 -2.19675 10.3627 -0.0845599 -0.0532876 -0.00317064 
qwerty 124 107 0.0646514 0 0.170103 -2.19877 10.3626 -0.0845599 -0.0532876 -0.00317064 
qwerty 65 5 0 1.3242 -0.196884 -0.904777 4.975 0.00567697 -0.0249665 0.0966667 
qwerty 65 5 0 0.520191 -0.656713 -0.234379 5.65 -0.0444198 0.0653903 0.0612454 
qwerty 65 5 0 0.520191 -1.14627 0.486303 6.325 -0.0444198 0.0653903 0.0612454 
qwerty 65 5 0 0.520191 -1.63584 1.20698 7 -0.0444198 0.0653903 0.0612454 
qwerty 62 5 0 110.38 -0.253345 -0.718115 4.3 0.00049192 -0.0190042 0.0981764 
qwerty 62 5 0 0 -0.251031 -0.807518 4.76186 0.00049192 -0.0190042 0.0981764 
qwerty 61 5 0 0.577873 -0.240559 -0.725086 4.3 0.00242028 -0.0200205 0.0979455 
qwerty 61 5 0 0.577873 -0.223879 -0.86306 4.975 0.00242028 -0.0200205 0.0979455 
qwerty 60 5 0 28.0564 -0.255452 -0.579134 3.625 0.000375688 -0.0191702 0.0981446 
qwerty 60 5 0 28.0564 -0.252868 -0.71098 4.3 0.000375688 -0.0191702 0.0981446 
qwerty 60 5 0 28.0564 -0.250284 -0.842825 4.975 0.000375688 -0.0191702 0.0981446 
qwerty 60 5 0 0.304461 -0.588991 -0.0713411 4.475 -0.0342955 0.0783417 -0.0518304 
qwerty 60 5 0 0.304461 -1.03563 0.948922 3.8 -0.0342955 0.0783417 -0.0518304 
qwerty 58 5 0 14.3156 -0.267657 -0.446636 2.95 -0.00305452 -0.0161087 0.0986467 
qwerty 58 5 0 14.3156 -0.288558 -0.556861 3.625 -0.00305452 -0.0161087 0.0986467 
qwerty 58 5 0 14.3156 -0.309459 -0.667086 4.3 -0.00305452 -0.0161087 0.0986467 
qwerty 58 5 0 14.3156 -0.33036 -0.777311 4.975 -0.00305452 -0.0161087 0.0986467 
qwerty 58 5 0 14.3156 -0.351261 -0.887537 5.65 -0.00305452 -0.0161087 0.0986467 
qwerty 58 5 0 14.3156 -0.372162 -0.997762 6.325 -0.00305452 -0.0161087 0.0986467 
qwerty 58 5 0 14.3156 -0.393063 -1.10799 7 -0.00305452 -0.0161087 0.0986467 
qwerty 58 5 0 14.3156 -0.413964 -1.21821 7.675 -0.00305452 -0.0161087 0.0986467 
qwerty 57 5 0 1.34506 -0.275549 -0.444577 2.95 -0.00444909 -0.0157631 0.0986495 
qwerty 57 5 0 1.15533 -0.234381 -0.812977 3.625 0.00535396 -0.0478635 0.087638 
qwerty 57 5 0 1.15533 -0.193144 -1.18163 4.3 0.00535396 -0.0478635 0.087638 
qwerty 57 5 0 1.15533 -0.151907 -1.55028 4.975 0.00535396 -0.0478635 0.087638 
qwerty 57 5 0 1.15533 -0.11067 -1.91893 5.65 0.00535396 -0.0478635 0.087638 
qwerty 57 5 0 1.15533 -0.0694331 -2.28758 6.325 0.00535396 -0.0478635 0.087638 
qwerty 57 5 0 0.566558 1.53818 -3.52167 7 0.0782672 -0.0565589 0.0259873 
qwerty 56 5 0 6.1238 -0.280932 -0.46552 2.95 -0.00534516 -0.0191947 0.0979949 
qwerty 56 5 0 6.1238 -0.31775 -0.597735 3.625 -0.00534516 -0.0191947 0.0979949 
qwerty 55 5 0 24.9509 -0.250922 -0.47554 2.95 -0.000655672 -0.0207134 0.0978291 
qwerty 55 5 0 24.9509 -0.255446 -0.618458 3.625 -0.000655672 -0.0207134 0.0978291 
qwerty 55 5 0 24.9509 -0.25997 -0.761376 4.3 -0.000655672 -0.0207134 0.0978291 
qwerty 55 5 0 24.9509 -0.264494 -0.904294 4.975 -0.000655672 -0.0207134 0.0978291 
qwerty 55 5 0 24.9509 -0.269018 -1.04721 5.65 -0.000655672 -0.0207134 0.0978291 
qwerty 55 5 0 24.9509 -0.273542 -1.19013 6.325 -0.000655672 -0.0207134 0.0978291 
qwerty 55 5 0 24.9509 -0.275437 -1.25 6.60777 -0.000655672 -0.0207134 0.0978291 
qwerty 55 5 0 24.9509 -0.278066 -1.33305 7 -0.000655672 -0.0207134 0.0978291 
qwerty 55 5 0 24.9509 -0.28259 -1.47597 7.675 -0.000655672 -0.0207134 0.0978291 
qwerty 55 5 0 24.9509 -0.287114 -1.61888 8.35 -0.000655672 -0.0207134 0.0978291 
qwerty 53 5 0 0.775222 -0.249987 -0.455413 1.6 -0.0174501 -0.0459884 0.0870664 
qwerty 53 5 0 0.775222 -0.385272 -0.811947 2.275 -0.0174501 -0.0459884 0.0870664 
qwerty 53 5 0 0.356234 -0.514445 -1.15237 2.9195 -0.0427751 -0.0858993 -0.0281354 
qwerty 53 5 0 0.356234 -0.56306 -1.25 2.88753 -0.0427751 -0.0858993 -0.0281354 
qwerty 53 5 0 0.356234 -1.22825 -2.5858 2.45 -0.0427751 -0.0858993 -0.0281354 
qwerty 53 5 0 0.316109 -2.64601 -3.75 2.66482 -0.0780508 -0.0609311 0.013981 
qwerty 53 5 0 0.316109 -4.23807 -4.99286 2.95 -0.0780508 -0.0609311 0.013981 
qwerty 52 34 0 0.510999 1.08418 3.03723 1.1 -0.0642577 0.064703 -0.0410423 
qwerty 52 34 0 0.510999 0.0273685 4.10136 0.425 -0.0642577 0.064703 -0.0410423 
qwerty 51 34 0 0.510999 2.92381 1.18484 2.275 0.0642577 -0.064703 0.0410423 
qwerty 51 34 0 0.441946 3.62816 0.475618 2.72487 0.0159595 -0.0711395 0.0684432 
qwerty 51 34 0 0.441946 3.68065 0.241624 2.95 0.0159595 -0.0711395 0.0684432 
qwerty 49 34 0 0.161743 2.54774 3.01186 2.275 0.048745 0.0754807 0.0438929 
qwerty 46 34 0 0.5901 2.17001 2.73052 1.1 0.00576344 0.0562107 -0.0825054 
qwerty 46 34 0 0.5901 2.21717 3.1904 0.425 0.00576344 0.0562107 -0.0825054 
qwerty 46 34 0 0.5901 2.26432 3.65027 -0.25 0.00576344 0.0562107 -0.0825054 
qwerty 44 34 0 0.187906 2.19909 2.06551 1.94724 0.0570092 -0.0147047 -0.0808315 
qwerty 44 34 0 0.187906 2.32057 2.03418 1.775 0.0570092 -0.0147047 -0.0808315 
qwerty 43 34 0 3.42971 2.30507 2.23055 2.275 0.0647586 0.0391801 0.0653548 
qwerty 43 34 0 3.42971 2.97392 2.63521 2.95 0.0647586 0.0391801 0.0653548 
qwerty 43 34 0 3.42971 3.64276 3.03987 3.625 0.0647586 0.0391801 0.0653548 
qwerty 43 34 0 3.42971 4.3116 3.44453 4.3 0.0647586 0.0391801 0.0653548 
qwerty 43 34 0 3.42971 4.98044 3.84919 4.975 0.0647586 0.0391801 0.0653548 
qwerty 43 34 0 3.42971 5.64929 4.25386 5.65 0.0647586 0.0391801 0.0653548 
qwerty 43 34 0 3.42971 6.25 4.6173 6.25625 0.0647586 0.0391801 0.0653548 
qwerty 43 34 0 3.42971 6.31813 4.65852 6.325 0.0647586 0.0391801 0.0653548 
qwerty 43 34 0 3.42971 6.98697 5.06318 7 0.0647586 0.0391801 0.0653548 
qwerty 43 34 0 3.42971 7.65581 5.46784 7.675 0.0647586 0.0391801 0.0653548 
qwerty 43 34 0 3.42971 8.32465 5.8725 8.35 0.0647586 0.0391801 0.0653548 
qwerty 43 34 0 3.42971 8.75 6.12985 8.77926 0.0647586 0.0391801 0.0653548 
qwerty 43 34 0 3.42971 8.9935 6.27717 9.025 0.0647586 0.0391801 0.0653548 
qwerty 43 34 0 3.42971 9.66234 6.68183 9.7 0.0647586 0.0391801 0.0653548 
qwerty 43 34 0 3.42971 10.3312 7.08649 10.375 0.0647586 0.0391801 0.0653548 
qwerty 43 34 0 3.42971 11 7.49115 11.05 0.0647586 0.0391801 0.0653548 
qwerty 43 34 0 3.42971 11.25 7.64239 11.3023 0.0647586 0.0391801 0.0653548 
qwerty 43 34 0 3.42971 11.6689 7.89581 11.725 0.0647586 0.0391801 0.0653548 
qwerty 43 34 0 3.42971 12.3377 8.30048 12.4 0.0647586 0.0391801 0.0653548 
qwerty 43 34 0 3.42971 13.0066 8.70514 13.075 0.0647586 0.0391801 0.0653548 
qwerty 43 34 0 3.42971 13.6754 9.1098 13.75 0.0647586 0.0391801 0.0653548 
qwerty 43 34 0 3.42971 14.3442 9.51446 14.425 0.0647586 0.0391801 0.0653548 
qwerty 43 34 0 1.8963 14.6719 10.2077 15.1 0.0271836 0.0707665 0.0652162 
qwerty 43 34 0 1.8963 14.9533 10.9402 15.775 0.0271836 0.0707665 0.0652162 
qwerty 43 34 0 1.8963 15.0723 11.25 16.0605 0.0271836 0.0707665 0.0652162 
qwerty 43 34 0 1.8963 15.2346 11.6726 16.45 0.0271836 0.0707665 0.0652162 
qwerty 43 34 0 1.8963 15.516 12.4051 17.125 0.0271836 0.0707665 0.0652162 
qwerty 43 34 0 1.8963 15.7973 13.1375 17.8 0.0271836 0.0707665 0.0652162 
qwerty 43 34 0 1.56637 15.9685 13.5832 18.2107 0.00989487 0.089606 0.0432766 
qwerty 43 34 0 1.56637 16.0289 14.1304 18.475 0.00989487 0.089606 0.0432766 
qwerty 43 34 0 1.56637 16.1833 15.528 19.15 0.00989487 0.089606 0.0432766 
qwerty 43 34 0 1.56637 16.25 16.1323 19.4418 0.00989487 0.089606 0.0432766 
qwerty 43 34 0 1.56637 16.3376 16.9256 19.825 0.00989487 0.089606 0.0432766 
qwerty 43 34 0 1.56637 16.4919 18.3233 20.5 0.00989487 0.089606 0.0432766 
qwerty 43 34 0 1.56637 16.6463 19.7209 21.175 0.00989487 0.089606 0.0432766 
qwerty 43 34 0 1.56637 16.8006 21.1185 21.85 0.00989487 0.089606 0.0432766 
qwerty 43 34 0 1.56637 16.9549 22.5161 22.525 0.00989487 0.089606 0.0432766 
qwerty 43 34 0 1.56637 17.0912 23.75 23.1209 0.00989487 0.089606 0.0432766 
qwerty 43 34 0 1.56637 17.1093 23.9137 23.2 0.00989487 0.089606 0.0432766 
qwerty 43 34 0 1.56637 17.2636 25.3113 23.875 0.00989487 0.089606 0.0432766 
qwerty 43 34 0 0.814496 16.797 26.0456 24.55 -0.0563294 0.0540138 0.0625261 
qwerty 43 34 0 0.814496 16.25 26.57 25.1571 -0.0563294 0.0540138 0.0625261 
qwerty 43 34 0 0.814496 16.1889 26.6287 25.225 -0.0563294 0.0540138 0.0625261 
qwerty 41 34 0 0.63111 1.53938 1.79787 1.6 0.0563095 0.0413387 0.0715567 
qwerty 41 34 0 0.337734 2.47961 2.30414 1.1 0.0788122 0.0421133 -0.04489 
qwerty 41 34 0 0.337734 3.66469 2.93739 0.425 0.0788122 0.0421133 -0.04489 
qwerty 41 34 0 0.304763 4.19842 3.75 -0.207052 0.0301976 0.0766795 -0.0566424 
qwerty 41 34 0 0.304763 4.22132 3.80814 -0.25 0.0301976 0.0766795 -0.0566424 
qwerty 40 34 0 4.45629 1.70074 1.88268 1.6 0.0661553 0.0443295 0.0604845 
qwerty 40 34 0 4.45629 2.43903 2.37739 2.275 0.0661553 0.0443295 0.0604845 
qwerty 40 34 0 4.45629 3.17731 2.8721 2.95 0.0661553 0.0443295 0.0604845 
qwerty 39 34 0 0.317842 1.74684 1.91882 1.6 0.0677904 0.0460137 0.0573341 
qwerty 38 34 0 1.64018 1.6308 2.41515 1.6 0.0448773 0.0771779 0.0450512 
qwerty 38 34 0 1.64018 2.30319 3.5715 2.275 0.0448773 0.0771779 0.0450512 
qwerty 38 34 0 1.64018 2.97558 4.72786 2.95 0.0448773 0.0771779 0.0450512 
qwerty 38 34 0 1.64018 3.64798 5.88421 3.625 0.0448773 0.0771779 0.0450512 
qwerty 38 34 0 1.64018 3.86068 6.25 3.83852 0.0448773 0.0771779 0.0450512 
qwerty 38 34 0 1.64018 4.32037 7.04056 4.3 0.0448773 0.0771779 0.0450512 
qwerty 38 34 0 1.64018 4.99277 8.19691 4.975 0.0448773 0.0771779 0.0450512 
qwerty 38 34 0 1.52264 5.35397 8.75 5.50371 0.042575 0.0648841 0.0630668 
qwerty 38 34 0 1.52264 5.45273 8.90051 5.65 0.042575 0.0648841 0.0630668 
qwerty 38 34 0 1.52264 5.90841 9.59496 6.325 0.042575 0.0648841 0.0630668 
qwerty 38 34 0 1.52264 6.36409 10.2894 7 0.042575 0.0648841 0.0630668 
qwerty 38 34 0 1.52264 6.81976 10.9839 7.675 0.042575 0.0648841 0.0630668 
qwerty 38 34 0 1.52264 6.9944 11.25 7.93369 0.042575 0.0648841 0.0630668 
qwerty 38 34 0 1.52264 7.27544 11.6783 8.35 0.042575 0.0648841 0.0630668 
qwerty 131 62 0.272728 15.3459 -0.246267 -0.83935 4.975 0.00357299 -0.0116341 0.0992566 
qwerty 131 62 0.64653 8.43016 0.110962 -1.25 5.36066 0.0346532 -0.0754469 0.0557398 
qwerty 131 62 0.226415 8.17418 0.163777 -1.37354 5.44041 0.03375 -0.0720861 0.0605353 
qwerty 131 62 0.602226 7.57196 0.280627 -1.62312 5.65 0.0424587 -0.0560913 0.0710706 
qwerty 131 62 1.10188 3.25105 0.155907 -1.58931 5.15 0.00749447 0.0374345 -0.0924256 
qwerty 131 62 0.690656 1.36005 0.107679 -1.72473 5.46697 -0.0492951 -0.0643351 0.0585747 
qwerty 131 62 0.441549 0.918499 -0.0195989 -1.85213 5.6358 -0.0831451 -0.00962326 0.05472 
qwerty 131 62 0.0552609 0.863238 -0.0411714 -1.85462 5.65 -0.0810684 -0.0567655 0.0143381 
qwerty 89 72 0.630287 1.32874 0.258658 2.1983 4.12537 0.0307979 -0.0583782 0.0751231 
qwerty 89 72 0.409437 0.919307 0.330249 2.0626 4.3 0.0452255 -0.0674065 0.058404 
qwerty 168 40 0.674557 1.72249 2.89302 2.81447 3.16577 -0.0797779 -0.0481603 0.0362778 
qwerty 168 40 0.564977 1.15752 2.69376 2.59894 3.23659 -0.077847 -0.0489961 0.0392329 
qwerty 168 40 0.405234 0.752282 2.58779 2.38882 3.30884 -0.0896579 -0.0283613 0.0340161 
qwerty 168 40 0.357024 0.395258 2.43995 2.38277 3.35928 -0.0972468 0.0196245 0.0125676 
qwerty 168 40 0.305239 0.0900188 2.36778 2.39734 3.36861 -0.0593317 -0.0768683 -0.0238959 
qwerty 168 40 0.0900188 0 2.36379 2.39216 3.367 -0.0593317 -0.0768683 -0.0238959 
qwerty 162 43 0.329924 0 15.9991 13.5779 18.2581 0.0539773 -0.00922666 0.0836739 
qwerty 159 44 0.105523 0 2.20242 2.06881 1.95474 0.0376162 0.0372837 0.084823 
qwerty 157 46 0.186663 0.927815 2.16705 2.19961 1.85363 0.0659928 -0.0613586 0.0433599 
qwerty 157 46 0.167671 0.760145 2.22819 2.16127 1.92183 0.081114 0.0583091 0.00453615 
qwerty 157 46 0.249519 0.510626 2.29524 2.24009 1.88927 0.0552589 0.0811237 -0.0191155 
qwerty 157 46 0.265327 0.245299 2.36475 2.28252 1.82773 0.0856008 -0.0506232 0.0104781 
qwerty 157 46 0.245299 0 2.39528 2.26447 1.83147 0.0856008 -0.0506232 0.0104781 
qwerty 149 51 0.0690529 0 3.63215 0.475367 2.72344 0.093931 -0.00591432 -0.0337933 
qwerty 145 53 0.0244786 0.39451 -0.515284 -1.15097 2.93594 -0.0158893 -0.0131837 0.0978454 
qwerty 145 53 0.0161199 0.37839 -0.518815 -1.1515 2.94627 -0.0286322 0.0204437 0.0936069 
qwerty 145 53 0.00596064 0.37243 -0.519956 -1.15069 2.95 -0.0259465 0.017738 0.0949323 
qwerty 145 53 0 0.299549 -0.521582 -1.15038 2.95 -0.0991977 -0.00575853 0.0112543 
qwerty 145 53 0.00851784 0.280294 -0.522126 -1.15216 2.9456 0.008 -0.0109169 -0.0990799 
qwerty 145 53 0.00891136 0.271383 -0.522452 -1.15283 2.94099 -0.00112007 -0.0169144 -0.0985528 
qwerty 145 53 0.0101182 0.261265 -0.52145 -1.15484 2.93493 0.00421296 -0.0262478 -0.0964018 
qwerty 145 53 0.0147473 0.246518 -0.522301 -1.15566 2.9261 0.0197721 0.035659 -0.0913099 
qwerty 145 53 0.0302508 0.216267 -0.51695 -1.14753 2.91634 0.0889557 0.00395999 -0.0455105 
qwerty 145 53 0.0848822 0.131385 -0.503626 -1.15477 2.90201 0.0991764 -0.000127634 -0.0128071 
qwerty 145 53 0.131385 0 -0.490898 -1.15479 2.90037 0.0991764 -0.000127634 -0.0128071 
qwerty 135 58 0.0689207 9.23665 -0.375026 -1.25 7.87553 0.0470173 -0.0623466 0.0624681 
qwerty 135 58 1.3718 7.86485 -0.0179116 -1.72355 8.35 0.0391003 -0.0608936 0.0690155 
qwerty 133 60 0.901231 22.683 -0.280095 -1.05004 5.65 -0.00475216 -0.0257419 0.0965131 
qwerty 133 60 0.904193 10.2287 -0.353612 -1.07845 6.325 -0.0298567 -0.0158784 0.0941087 
qwerty 133 60 0.815888 5.83407 -0.115253 -0.954722 5.8472 0.030893 0.0386155 -0.0869164 
qwerty 133 60 0.0388798 5.79519 -0.107363 -0.94486 5.825 0.0348488 0.0374528 -0.0859235 
qwerty 130 62 0.384662 93.3551 -0.250601 -0.850404 4.975 -0.000326659 -0.0206596 0.0978421 
qwerty 130 62 0.286985 88.4356 -0.311501 -0.907066 5.33403 -0.0295457 -0.015081 0.0943378 
qwerty 130 62 0.566377 87.8693 -0.410461 -0.957578 5.65 -0.029399 -0.0162667 0.0941865 
qwerty 130 62 0.780601 73.6781 -0.612263 -1.05687 6.325 -0.02734 -0.0129883 0.0953091 
qwerty 130 62 0.964571 45.3755 -0.934776 -1.21856 6.98121 -0.0495027 -0.0220818 0.084035 
qwerty 130 62 0.0327169 45.3428 -0.945843 -1.2235 7 -0.0496556 -0.0222164 0.0839092 
qwerty 130 62 0.300857 17.0234 -1.2241 -1.38466 7.28103 -0.0812291 -0.0337952 0.0475364 
qwerty 130 62 0.0785977 16.9448 -1.25 -1.39543 7.29619 -0.0816821 -0.0338407 0.0467209 
qwerty 130 62 1.48004 15.4648 -1.91228 -1.66982 7.675 -0.0849042 -0.0313933 0.042494 
qwerty 130 62 0 4.969 -2.05054 -1.58539 7.675 -0.0587591 0.0551021 0.0592549 
qwerty 227 130 0.202096 1.03474 -1.25 -1.48001 7.36946 0.0268792 -0.0808167 0.0524039 
qwerty 227 130 0 1.03474 -1.25 -1.48001 7.36946 0.0268792 -0.0808167 0.0524039 
qwerty 227 130 0.148853 0.885889 -1.24296 -1.54607 7.43112 0.00434632 -0.0638649 0.076827 
qwerty 227 130 0.15279 0.733099 -1.22917 -1.59711 7.49121 0.0306219 -0.040155 0.0863127 
qwerty 227 130 0.1203 0.612799 -1.18654 -1.60792 7.55136 0.0801043 -0.0464943 0.0377038 
qwerty 227 130 0.159245 0.453554 -1.1539 -1.64878 7.56589 0.0288889 -0.0682611 0.0671256 
qwerty 227 130 0.17076 0.282794 -1.1619 -1.70639 7.614 -0.0335897 -0.0630128 0.070008 
qwerty 227 130 0.282794 0 -1.17688 -1.73449 7.64522 -0.0335897 -0.0630128 0.070008 
qwerty 224 130 0.0491444 0.700896 -0.939438 -1.25 6.99757 0.00839989 -0.0667585 0.073978 
qwerty 224 130 0.00484947 0.696047 -0.939163 -1.25219 7 0.00363384 -0.0640366 0.076721 
qwerty 224 130 0.0129604 0.276701 -0.94053 -1.24529 6.99613 -0.0317749 -0.0232161 -0.0919313 
qwerty 224 130 0.00893182 0.267769 -0.942278 -1.24696 6.99228 -0.0391338 -0.0276264 -0.08778 
qwerty 224 130 0.0149517 0.252817 -0.945042 -1.24923 6.9882 -0.0728386 -0.0139823 -0.0670748 
qwerty 224 130 0.0131752 0.239642 -0.948399 -1.2499 6.98497 -0.0861227 -0.0121159 -0.0493567 
qwerty 224 130 0.00138209 0.23826 -0.949099 -1.25 6.98457 -0.0820973 -0.0265274 -0.0505602 
qwerty 224 130 0.00347928 0.23478 -0.950963 -1.25091 6.98299 -0.071629 -0.0564663 -0.0409982 
qwerty 224 130 0.00555166 0.229229 -0.953035 -1.25234 6.98164 -0.0953972 0.0299892 -0.000116867 
qwerty 224 130 0.00940799 0.219821 -0.956717 -1.25138 6.98093 -0.0967449 0.0164131 -0.0192623 
qwerty 224 130 0.0136471 0.206174 -0.959442 -1.2507 6.98006 -0.0926823 0.036696 -0.00796202 
qwerty 224 130 0.0087235 0.19745 -0.961217 -1.25 6.9799 -0.0898959 0.0437297 0.00253742 
qwerty 224 130 0.0078716 0.189579 -0.963368 -1.24928 6.98014 -0.0983568 0.0178748 -0.0025349 
qwerty 224 130 0.00682909 0.182749 -0.965889 -1.24874 6.98052 -0.0884799 0.0442 0.0147538 
qwerty 224 130 0.0109731 0.171776 -0.967892 -1.24803 6.98119 -0.0195909 0.0696495 0.06903 
qwerty 224 130 0.00923656 0.16254 -0.967844 -1.24634 6.98306 -0.0257861 0.0715566 0.064921 
qwerty 224 130 0.00638215 0.156158 -0.968059 -1.24475 6.98468 0.00309236 0.0790466 0.0611725 
qwerty 224 130 0.00601412 0.150143 -0.967837 -1.24227 6.9858 0.015685 0.0873196 0.046144 
qwerty 224 130 0.0139814 0.136162 -0.966939 -1.23807 6.98655 0.0822955 0.0557951 0.0106939 
qwerty 224 130 0.0309099 0.105252 -0.961686 -1.23423 6.98408 0.0307585 -0.084336 -0.0440608 
qwerty 224 130 0.0442429 0.0610093 -0.956895 -1.23899 6.97991 0.0988308 0.00737609 -0.0133444 
qwerty 224 130 0.0610093 0 -0.953517 -1.23874 6.97946 0.0988308 0.00737609 -0.0133444 
qwerty 218 130 1.00716 9.30374 -0.757744 -1.03827 6.325 -0.0789199 -0.036444 0.0494316 
qwerty 217 130 0.364184 0 -0.350816 -0.957588 5.34918 0.0771009 -0.0511015 -0.0380012 
qwerty 236 218 0 1.14861 -0.350694 1.17798 5.825 0.0212892 0.0947694 -0.023781 
qwerty 235 218 0 1.8121 -1.24986 -1.25 6.55406 -0.0846881 -0.0392407 0.0358899 
qwerty 235 218 0 1.8121 -2.30212 -1.73757 7 -0.0846881 -0.0392407 0.0358899 
qwerty 235 218 0 0.385949 -1.93503 -2.55768 7.675 0.0566211 -0.0641205 0.0517939 
qwerty 235 218 0 0.162702 -1.2615 -3.32043 8.29111 -0.0923227 0.0187538 -0.0335384 
qwerty 235 218 0 0.162702 -2.47577 -3.07377 7.85 -0.0923227 0.0187538 -0.0335384 
qwerty 240 235 0.0795916 0.143656 -1.24454 -3.32554 8.31469 0.0650992 0.0408156 0.0640014 
qwerty 240 235 0.143656 0 -1.23483 -3.31946 8.32424 0.0650992 0.0408156 0.0640014 
qwerty 234 218 0 0.299557 -1.04085 -1.15461 6.74614 0.0619611 0.0753923 0.0218362 
qwerty 234 218 0 0.299557 -0.320511 -0.278129 7 0.0619611 0.0753923 0.0218362 
qwerty 244 234 0.146205 0.870489 -1.09723 -1.16891 6.81083 -0.0631033 -0.0150707 0.0760976 
qwerty 244 234 0.133419 0.73707 -1.13475 -1.19879 6.87265 0.00294869 -0.0192005 0.0980951 
qwerty 244 234 0.18897 0.5481 -1.16116 -1.2075 6.96171 0.0242972 0.0261133 0.0934224 
qwerty 244 234 0.111608 0.436492 -1.1512 -1.1968 7 -0.00709605 -0.00342131 0.0996892 
qwerty 233 130 0 0.995301 -1.88669 -1.25 8.02363 0.0257429 0.075159 0.0607324 
qwerty 233 130 0 0.995301 -1.74835 -0.8461 8.35 0.0257429 0.075159 0.0607324 
qwerty 233 130 0 0.995301 -1.46223 -0.0107576 9.025 0.0257429 0.075159 0.0607324 
qwerty 233 130 0 0.837459 -0.944524 1.25 9.3894 0.0376783 0.0901843 0.0211455 
qwerty 233 130 0 0.837459 -0.391077 2.57469 9.7 0.0376783 0.0901843 0.0211455 
qwerty 233 130 0 0.20169 -1.11111 3.49134 9.2 -0.084242 0.0312829 -0.043871 
qwerty 231 130 0 0.222858 -2.39614 -1.04525 7.175 -0.0386842 0.069188 -0.0609636 
qwerty 230 130 0 0.615491 -3.10271 -1.25423 8.35 -0.082921 0.031077 0.0464578 
qwerty 230 130 0 0.223286 -3.47695 -1.11397 8.55967 0.0487189 0.0667313 -0.056333 
qwerty 230 130 0 0.223286 -3.44696 -1.0729 8.525 0.0487189 0.0667313 -0.056333 
qwerty 252 230 0.0552717 0.336934 -3.49481 -1.11855 8.57605 -0.0777047 0.00873488 0.0623353 
qwerty 252 230 0.0540371 0.282897 -3.51111 -1.11972 8.59642 -0.0251328 0.0153676 0.0955624 
qwerty 252 230 0.0964975 0.186399 -3.52773 -1.13344 8.63011 -0.0842565 -0.0218194 0.0492418 
qwerty 252 230 0.186399 0 -3.54704 -1.13844 8.6414 -0.0842565 -0.0218194 0.0492418 
qwerty 229 130 0 0.604576 -2.5247 -1.68741 8.35 -0.0653583 -0.0018507 0.0756628 
qwerty 229 130 0 0.217628 -2.94569 -1.69933 8.83737 0.0898446 0.0421838 0.0121854 
qwerty 229 130 0 0.217628 -1.56228 -1.04979 9.025 0.0898446 0.0421838 0.0121854 
qwerty 254 229 0.386948 0 -3.00326 -1.70937 8.87937 -0.0634733 -0.0723939 -0.0270234 
qwerty 228 130 0 5.63812 -2.40719 -1.74927 8.35 -0.0558546 -0.00997534 0.0823453 
qwerty 228 130 0 5.63812 -2.86504 -1.83104 9.025 -0.0558546 -0.00997534 0.0823453 
qwerty 228 130 0 5.63812 -3.32289 -1.91281 9.7 -0.0558546 -0.00997534 0.0823453 
qwerty 228 130 0 5.63812 -3.75 -1.98909 10.3297 -0.0558546 -0.00997534 0.0823453 
qwerty 228 130 0 5.63812 -3.78074 -1.99458 10.375 -0.0558546 -0.00997534 0.0823453 
qwerty 228 130 0 5.63812 -4.23859 -2.07635 11.05 -0.0558546 -0.00997534 0.0823453 
qwerty 228 130 0 5.63812 -4.69644 -2.15812 11.725 -0.0558546 -0.00997534 0.0823453 
qwerty 228 130 0 5.63812 -5.15429 -2.23989 12.4 -0.0558546 -0.00997534 0.0823453 
qwerty 228 130 0 5.63812 -5.61214 -2.32166 13.075 -0.0558546 -0.00997534 0.0823453 
qwerty 228 130 0 5.63812 -6.06999 -2.40343 13.75 -0.0558546 -0.00997534 0.0823453 
qwerty 228 130 0 5.63812 -6.25 -2.43557 14.0154 -0.0558546 -0.00997534 0.0823453 
qwerty 228 130 0 5.63812 -6.52784 -2.4852 14.425 -0.0558546 -0.00997534 0.0823453 
qwerty 228 130 0 5.63812 -6.98569 -2.56697 15.1 -0.0558546 -0.00997534 0.0823453 
qwerty 228 130 0 5.63812 -7.44354 -2.64873 15.775 -0.0558546 -0.00997534 0.0823453 
qwerty 228 130 0 5.63812 -7.90139 -2.7305 16.45 -0.0558546 -0.00997534 0.0823453 
qwerty 228 130 0 5.63812 -8.35924 -2.81227 17.125 -0.0558546 -0.00997534 0.0823453 
qwerty 228 130 0 5.63812 -8.81709 -2.89404 17.8 -0.0558546 -0.00997534 0.0823453 
qwerty 228 130 0 5.63812 -9.27494 -2.97581 18.475 -0.0558546 -0.00997534 0.0823453 
qwerty 228 130 0 5.63812 -9.73279 -3.05758 19.15 -0.0558546 -0.00997534 0.0823453 
qwerty 228 130 0 5.63812 -10.1906 -3.13935 19.825 -0.0558546 -0.00997534 0.0823453 
qwerty 228 130 0 5.63812 -10.6485 -3.22112 20.5 -0.0558546 -0.00997534 0.0823453 
qwerty 228 130 0 5.63812 -11.1063 -3.30289 21.175 -0.0558546 -0.00997534 0.0823453 
qwerty 226 130 0 6.65217 -1.25 -1.40639 7.2871 -0.075083 -0.0450146 0.0483345 
qwerty 226 130 0 6.65217 -1.85256 -1.76764 7.675 -0.075083 -0.0450146 0.0483345 
qwerty 226 130 0 6.65217 -2.90111 -2.39628 8.35 -0.075083 -0.0450146 0.0483345 
qwerty 226 130 0 6.65217 -3.75 -2.90521 8.89647 -0.075083 -0.0450146 0.0483345 
qwerty 226 130 0 6.65217 -3.94965 -3.02491 9.025 -0.075083 -0.0450146 0.0483345 
qwerty 226 130 0 6.65217 -4.9982 -3.65355 9.7 -0.075083 -0.0450146 0.0483345 
qwerty 226 130 0 6.65217 -6.04675 -4.28218 10.375 -0.075083 -0.0450146 0.0483345 
qwerty 226 130 0 0.562996 -6.48149 -4.54282 10.6549 -0.0212335 0.0704967 0.067671 
qwerty 226 130 0 0.562996 -6.60547 -4.13119 11.05 -0.0212335 0.0704967 0.067671 
qwerty 226 130 0 0.562996 -6.81727 -3.428 11.725 -0.0212335 0.0704967 0.067671 
qwerty 226 130 0 0.562996 -7.02907 -2.72482 12.4 -0.0212335 0.0704967 0.067671 
qwerty 226 130 0 0.562996 -7.23092 -2.01101 13.075 -0.0200853 0.0711957 0.0672885 
qwerty 226 130 0 0.562996 -7.43241 -1.29682 13.75 -0.0200853 0.0711957 0.0672885 
qwerty 258 226 1.45165 4.63752 -7.1017 -4.92242 11.018 -0.0879936 -0.0254711 0.0401042 
qwerty 258 226 0.177854 4.45967 -7.17198 -4.94277 11.05 -0.093933 -0.0220988 0.0262342 
qwerty 225 130 0 17.1092 -1.25 -1.39487 7.383 -0.0609393 -0.0323951 0.0723668 
qwerty 225 130 0 17.1092 -1.49589 -1.52558 7.675 -0.0609393 -0.0323951 0.0723668 
qwerty 225 130 0 17.1092 -2.0643 -1.82774 8.35 -0.0609393 -0.0323951 0.0723668 
qwerty 225 130 0 17.1092 -2.63271 -2.12991 9.025 -0.0609393 -0.0323951 0.0723668 
qwerty 225 130 0 17.1092 -3.20112 -2.43207 9.7 -0.0609393 -0.0323951 0.0723668 
qwerty 225 130 0 17.1092 -3.75 -2.72386 10.3518 -0.0609393 -0.0323951 0.0723668 
qwerty 225 130 0 17.1092 -3.76953 -2.73424 10.375 -0.0609393 -0.0323951 0.0723668 
qwerty 225 130 0 17.1092 -4.33794 -3.0364 11.05 -0.0609393 -0.0323951 0.0723668 
qwerty 225 130 0 17.1092 -4.90635 -3.33857 11.725 -0.0609393 -0.0323951 0.0723668 
qwerty 225 130 0 17.1092 -5.47476 -3.64073 12.4 -0.0609393 -0.0323951 0.0723668 
qwerty 263 225 1.10217 12.8948 -6.03199 -3.90365 13.075 -0.0589568 -0.0249659 0.0768166 
qwerty 263 225 0.942523 6.92264 -6.61801 -3.75 13.5649 -0.073412 0.050839 0.0450119 
qwerty 263 225 0.58374 5.85729 -6.85579 -3.62178 13.7073 -0.0545806 0.0249523 0.0799896 
qwerty 263 225 0.0869674 5.77033 -6.88491 -3.60847 13.75 -0.050438 0.0326729 0.079928 
qwerty 265 263 0.0598741 0.421728 -6.87698 -3.60898 13.7052 -0.0620287 0.0731856 0.0282189 
qwerty 265 263 0.0490987 0.372629 -6.89799 -3.59133 13.7133 -0.0785575 0.0618593 0.00146464 
qwerty 265 263 0.0492019 0.323427 -6.91703 -3.58002 13.7055 -0.0972349 0.0186801 -0.0140153 
qwerty 265 263 0.0496126 0.273814 -6.94267 -3.58471 13.6951 -0.0894227 -0.0444228 0.00549466 
qwerty 265 263 0.0848422 0.188972 -6.95997 -3.60784 13.7031 -0.0916152 -0.0263642 -0.0301926 
qwerty 265 263 0.188972 0 -6.98145 -3.61402 13.6961 -0.0916152 -0.0263642 -0.0301926 
qwerty 268 263 0 2.2876 -6.25 -3.64093 14.3333 0.0810512 -0.00497928 0.0583602 
qwerty 268 263 0 2.2876 -6.12266 -3.64876 14.425 0.0810512 -0.00497928 0.0583602 
qwerty 268 263 0 2.2876 -5.18522 -3.70635 15.1 0.0810512 -0.00497928 0.0583602 
qwerty 268 263 0 2.2876 -4.24777 -3.76394 15.775 0.0810512 -0.00497928 0.0583602 
qwerty 268 263 0 2.2876 -3.31033 -3.82153 16.45 0.0810512 -0.00497928 0.0583602 
qwerty 268 263 0 2.2876 -2.37288 -3.87912 17.125 0.0810512 -0.00497928 0.0583602 
qwerty 268 263 0 2.2876 -1.43543 -3.93671 17.8 0.0810512 -0.00497928 0.0583602 
qwerty 268 263 0 2.2876 -0.497987 -3.9943 18.475 0.0810512 -0.00497928 0.0583602 
qwerty 268 263 0 2.2876 0.439459 -4.05189 19.15 0.0810512 -0.00497928 0.0583602 
qwerty 268 263 0 2.2876 1.25 -4.10169 19.7336 0.0810512 -0.00497928 0.0583602 
qwerty 268 263 0 2.2876 1.37691 -4.10949 19.825 0.0810512 -0.00497928 0.0583602 
qwerty 268 263 0 2.2876 2.31435 -4.16708 20.5 0.0810512 -0.00497928 0.0583602 
qwerty 268 263 0 2.2876 3.2518 -4.22467 21.175 0.0810512 -0.00497928 0.0583602 
qwerty 268 263 0 2.2876 4.18924 -4.28226 21.85 0.0810512 -0.00497928 0.0583602 
qwerty 268 263 0 2.2876 5.12669 -4.33985 22.525 0.0810512 -0.00497928 0.0583602 
qwerty 268 263 0 2.2876 6.06414 -4.39744 23.2 0.0810512 -0.00497928 0.0583602 
qwerty 270 268 0.0297436 0.407988 6.63534 -4.98383 23.1908 0.0435547 0.0268354 -0.0859235 
qwerty 270 268 0.0158019 0.392186 6.63955 -4.97915 23.1815 0.0428954 0.0565352 -0.0704539 
qwerty 270 268 0.0158538 0.376332 6.64192 -4.97227 23.174 0.020867 0.0583175 -0.0785089 
qwerty 270 268 0.0295355 0.346797 6.64706 -4.95982 23.164 0.0978615 0.0054548 -0.0198337 
qwerty 270 268 0.0434009 0.303396 6.66484 -4.96226 23.1559 0.0838866 -0.049447 -0.0227605 
qwerty 270 268 0.0694467 0.233949 6.68579 -4.97209 23.1397 0.0817574 0.0132598 -0.0560349 
qwerty 270 268 0.0987043 0.135245 6.70878 -4.95195 23.1317 0.0888724 0.0294637 0.0351224 
qwerty 270 268 0.135245 0 6.72076 -4.94798 23.1365 0.0888724 0.0294637 0.0351224 
qwerty 223 130 0 5.89365 -0.929501 -1.17012 7 -0.04694 -0.0149736 0.0870197 
qwerty 223 130 0 5.89365 -1.25 -1.27235 7.59416 -0.04694 -0.0149736 0.0870197 
qwerty 223 130 0 5.89365 -1.29361 -1.28626 7.675 -0.04694 -0.0149736 0.0870197 
qwerty 223 130 0 5.89365 -1.65771 -1.40241 8.35 -0.04694 -0.0149736 0.0870197 
qwerty 223 130 0 0.502265 -1.64491 -1.08386 8.94477 -0.0667431 -0.0139592 0.0731471 
qwerty 223 130 0 0.502265 -1.71812 -1.09917 9.025 -0.0667431 -0.0139592 0.0731471 
qwerty 274 223 0.0826323 0.463209 -1.63309 -1.04073 8.96159 0.0598145 0.0649541 -0.0469382 
qwerty 274 223 0.0579127 0.405297 -1.60203 -1.02785 8.94696 0.0376106 -0.0162891 -0.0912146 
qwerty 274 223 0.113739 0.291558 -1.58118 -1.03621 8.91587 0.0528896 0.0356368 -0.0770241 
qwerty 274 223 0.291558 0 -1.55644 -1.01954 8.87984 0.0528896 0.0356368 -0.0770241 
qwerty 222 130 0 3.53147 -0.756422 -1.15545 7 -0.0203457 -0.0143563 0.0968501 
qwerty 222 130 0 3.53147 -0.898221 -1.2555 7.675 -0.0203457 -0.0143563 0.0968501 
qwerty 222 130 0 3.53147 -1.04002 -1.35556 8.35 -0.0203457 -0.0143563 0.0968501 
qwerty 222 130 0 3.53147 -1.18182 -1.45561 9.025 -0.0203457 -0.0143563 0.0968501 
qwerty 222 130 0 3.53147 -1.32362 -1.55567 9.7 -0.0203457 -0.0143563 0.0968501 
qwerty 220 130 0 0.498601 -0.786004 -1.12624 7 -0.0247926 -0.00986142 0.0963747 
qwerty 216 130 0 2.01455 -0.276949 -0.947657 5.65 -0.00435177 -0.0140308 0.0989151 
qwerty 216 130 0 2.01455 -0.306646 -1.0434 6.325 -0.00435177 -0.0140308 0.0989151 
qwerty 216 130 0 2.01455 -0.336343 -1.13915 7 -0.00435177 -0.0140308 0.0989151 
qwerty 216 130 0 2.01455 -0.366039 -1.2349 7.675 -0.00435177 -0.0140308 0.0989151 
qwerty 213 133 0 1.3854 0.439906 -1.21556 5.15 0.0555875 -0.029434 -0.0777411 
qwerty 213 133 0 1.3854 0.922554 -1.47113 4.475 0.0555875 -0.029434 -0.0777411 
qwerty 213 133 0 0.430496 1.08383 -1.55652 4.24945 0.0836826 -0.0279992 0.0470455 
qwerty 213 133 0 0.430496 1.17375 -1.58661 4.3 0.0836826 -0.0279992 0.0470455 
qwerty 292 213 0.10826 0.846643 1.11051 -1.5554 4.18488 0.0600567 0.00523244 -0.0797861 
qwerty 292 213 0.137692 0.70895 1.16332 -1.56934 4.12917 0.0937605 -0.0173448 -0.0301351 
qwerty 292 213 0.141901 0.56705 1.24556 -1.60605 4.11626 0.0772987 0.036952 -0.05157 
qwerty 292 213 0.253887 0.313163 1.31404 -1.55065 4.06871 0.0425779 0.0278463 -0.0860913 
qwerty 292 213 0.313163 0 1.33629 -1.5361 4.02373 0.0425779 0.0278463 -0.0860913 
qwerty 210 133 0 0.112859 -0.105776 -0.941607 5.825 0.0345009 0.047744 -0.0808097 
qwerty 207 133 0 5.66755 -0.374504 -1.07876 6.325 -0.013804 -0.00366453 0.0989748 
qwerty 207 133 0 5.66755 -0.468646 -1.10375 7 -0.013804 -0.00366453 0.0989748 
qwerty 207 133 0 5.66755 -0.562788 -1.12875 7.675 -0.013804 -0.00366453 0.0989748 
qwerty 207 133 0 5.66755 -0.65693 -1.15374 8.35 -0.013804 -0.00366453 0.0989748 
qwerty 207 133 0 2.83399 -0.496273 -1.2389 9.025 0.0274201 -0.0131403 0.0952653 
qwerty 207 133 0 2.83399 -0.301989 -1.33201 9.7 0.0274201 -0.0131403 0.0952653 
qwerty 207 133 0 2.62707 -0.0351224 -1.33034 10.375 0.0369738 0.000542945 0.092912 
qwerty 207 133 0 2.62707 0.23349 -1.3264 11.05 0.0369738 0.000542945 0.092912 
qwerty 207 133 0 2.62707 0.502102 -1.32245 11.725 0.0369738 0.000542945 0.092912 
qwerty 207 133 0 2.62707 0.770714 -1.31851 12.4 0.0369738 0.000542945 0.092912 
qwerty 207 133 0 2.62707 1.03933 -1.31456 13.075 0.0369738 0.000542945 0.092912 
qwerty 207 133 0 2.62707 1.30794 -1.31062 13.75 0.0369738 0.000542945 0.092912 
qwerty 207 133 0 2.62707 1.57655 -1.30667 14.425 0.0369738 0.000542945 0.092912 
qwerty 207 133 0 2.62707 1.84516 -1.30273 15.1 0.0369738 0.000542945 0.092912 
qwerty 207 133 0 2.62707 2.11377 -1.29879 15.775 0.0369738 0.000542945 0.092912 
qwerty 207 133 0 2.62707 2.38239 -1.29484 16.45 0.0369738 0.000542945 0.092912 
qwerty 207 133 0 2.62707 2.651 -1.2909 17.125 0.0369738 0.000542945 0.092912 
qwerty 207 133 0 2.62707 2.91961 -1.28695 17.8 0.0369738 0.000542945 0.092912 
qwerty 207 133 0 2.62707 3.18822 -1.28301 18.475 0.0369738 0.000542945 0.092912 
qwerty 207 133 0 2.62707 3.45683 -1.27906 19.15 0.0369738 0.000542945 0.092912 
qwerty 207 133 0 2.62707 3.72545 -1.27512 19.825 0.0369738 0.000542945 0.092912 
qwerty 207 133 0 1.28271 3.63965 -0.989998 20.5 -0.0133541 0.0397822 0.0907692 
qwerty 207 133 0 1.28271 3.54034 -0.69416 21.175 -0.0133541 0.0397822 0.0907692 
qwerty 207 133 0 1.28271 3.44103 -0.398322 21.85 -0.0133541 0.0397822 0.0907692 
qwerty 207 133 0 1.28271 3.34173 -0.102484 22.525 -0.0133541 0.0397822 0.0907692 
qwerty 207 133 0 1.28271 3.24242 0.193354 23.2 -0.0133541 0.0397822 0.0907692 
qwerty 207 133 0 1.28271 3.14311 0.489192 23.875 -0.0133541 0.0397822 0.0907692 
qwerty 207 133 0 1.28271 3.04381 0.785031 24.55 -0.0133541 0.0397822 0.0907692 
qwerty 207 133 0 1.28271 2.9445 1.08087 25.225 -0.0133541 0.0397822 0.0907692 
qwerty 207 133 0 1.28271 2.88773 1.25 25.6109 -0.0133541 0.0397822 0.0907692 
qwerty 207 133 0 1.28271 2.84519 1.37671 25.9 -0.0133541 0.0397822 0.0907692 
qwerty 207 133 0 1.28271 2.74589 1.67255 26.575 -0.0133541 0.0397822 0.0907692 
qwerty 207 133 0 1.28271 2.64658 1.96838 27.25 -0.0133541 0.0397822 0.0907692 
qwerty 207 133 0 1.28271 2.54727 2.26422 27.925 -0.0133541 0.0397822 0.0907692 
qwerty 207 133 0 0.217541 2.39425 1.93482 27.5133 -0.0579088 -0.0416725 -0.0700712 
qwerty 207 133 0 0.217541 2.32128 1.88231 27.425 -0.0579088 -0.0416725 -0.0700712 
qwerty 305 207 0.00617409 0 2.3943 1.93479 27.5133 0.0816167 -0.0540698 -0.0203758 
qwerty 206 133 0 0.873015 -0.230618 -1.04235 5.65 0.00236519 -0.029995 0.0953662 
qwerty 206 133 0 0.873015 -0.213877 -1.25466 6.325 0.00236519 -0.029995 0.0953662 
qwerty 206 133 0 0.873015 -0.197137 -1.46696 7 0.00236519 -0.029995 0.0953662 
qwerty 206 133 0 0.873015 -0.180396 -1.67927 7.675 0.00236519 -0.029995 0.0953662 
qwerty 206 133 0 0.873015 -0.163655 -1.89157 8.35 0.00236519 -0.029995 0.0953662 
qwerty 206 133 0 0.873015 -0.146914 -2.10387 9.025 0.00236519 -0.029995 0.0953662 
qwerty 206 133 0 0.873015 -0.130173 -2.31618 9.7 0.00236519 -0.029995 0.0953662 
qwerty 206 133 0 0.873015 -0.113433 -2.52848 10.375 0.00236519 -0.029995 0.0953662 
qwerty 206 133 0 0.873015 -0.0966918 -2.74078 11.05 0.00236519 -0.029995 0.0953662 
qwerty 206 133 0 0.873015 -0.079951 -2.95309 11.725 0.00236519 -0.029995 0.0953662 
qwerty 206 133 0 0.873015 -0.0632102 -3.16539 12.4 0.00236519 -0.029995 0.0953662 
qwerty 206 133 0 0.873015 -0.0464695 -3.3777 13.075 0.00236519 -0.029995 0.0953662 
qwerty 206 133 0 0.873015 -0.0297287 -3.59 13.75 0.00236519 -0.029995 0.0953662 
qwerty 310 206 0.0197256 0.369667 -0.0195574 -3.63361 13.9323 -0.0421424 -0.00457437 0.0905709 
qwerty 310 206 0.0162555 0.353412 -0.0246511 -3.63482 13.9397 -0.0328494 0.00332137 0.0943922 
qwerty 310 206 0.0138232 0.339588 -0.0271087 -3.63319 13.9472 -0.0844913 0.0329616 0.0421279 
qwerty 310 206 0.0329811 0.306607 -0.0391528 -3.62739 13.9549 -0.0691746 0.0666237 0.0278598 
qwerty 310 206 0.0601608 0.246446 -0.0500693 -3.61523 13.9653 -0.0724128 0.0609138 0.0323402 
qwerty 310 206 0.0574688 0.188978 -0.0648267 -3.60074 13.9681 -0.0759672 0.0518731 0.0392195 
qwerty 310 206 0.0858912 0.103086 -0.0804159 -3.58511 13.9692 -0.0680862 0.0731394 0.00385915 
qwerty 310 206 0.103086 0 -0.0862045 -3.57889 13.9695 -0.0680862 0.0731394 0.00385915 
qwerty 204 133 0 0.235449 -0.2196 -0.994666 5.65 0.00422363 -0.021981 0.0974628 
qwerty 203 135 0 1.41282 -0.0521049 -2.29545 7.85 -0.006543 -0.0445994 -0.0892641 
qwerty 203 135 0 1.41282 -0.101582 -2.6327 7.175 -0.006543 -0.0445994 -0.0892641 
qwerty 203 135 0 1.41282 -0.151059 -2.96996 6.5 -0.006543 -0.0445994 -0.0892641 
qwerty 203 135 0 1.41282 -0.200536 -3.30721 5.825 -0.006543 -0.0445994 -0.0892641 
qwerty 203 135 0 1.41282 -0.250013 -3.64446 5.15 -0.006543 -0.0445994 -0.0892641 
qwerty 203 135 0 1.41282 -0.29949 -3.98172 4.475 -0.006543 -0.0445994 -0.0892641 
qwerty 203 135 0 1.41282 -0.348967 -4.31897 3.8 -0.006543 -0.0445994 -0.0892641 
qwerty 203 135 0 1.41282 -0.398444 -4.65622 3.125 -0.006543 -0.0445994 -0.0892641 
qwerty 203 135 0 1.41282 -0.447921 -4.99347 2.45 -0.006543 -0.0445994 -0.0892641 
qwerty 203 135 0 1.41282 -0.497398 -5.33073 1.775 -0.006543 -0.0445994 -0.0892641 
qwerty 203 135 0 1.41282 -0.546875 -5.66798 1.1 -0.006543 -0.0445994 -0.0892641 
qwerty 202 135 0 0.225944 0.485976 -2.43623 7.85 0.0580245 -0.00860284 -0.0809886 
qwerty 201 135 0 3.33931 -0.406371 -1.25 7.90633 -0.0166593 -0.0402593 0.0900092 
qwerty 201 135 0 3.33931 -0.488488 -1.44845 8.35 -0.0166593 -0.0402593 0.0900092 
qwerty 201 135 0 3.33931 -0.613419 -1.75036 9.025 -0.0166593 -0.0402593 0.0900092 
qwerty 201 135 0 3.33931 -0.738351 -2.05227 9.7 -0.0166593 -0.0402593 0.0900092 
qwerty 201 135 0 3.33931 -0.863282 -2.35419 10.375 -0.0166593 -0.0402593 0.0900092 
qwerty 201 135 0 3.33931 -0.988214 -2.6561 11.05 -0.0166593 -0.0402593 0.0900092 
qwerty 201 135 0 3.33931 -1.11315 -2.95802 11.725 -0.0166593 -0.0402593 0.0900092 
qwerty 201 135 0 3.33931 -1.23808 -3.25993 12.4 -0.0166593 -0.0402593 0.0900092 
qwerty 201 135 0 3.33931 -1.36301 -3.56184 13.075 -0.0166593 -0.0402593 0.0900092 
qwerty 201 135 0 3.33931 -1.44087 -3.75 13.4957 -0.0166593 -0.0402593 0.0900092 
qwerty 201 135 0 3.33931 -1.48794 -3.86376 13.75 -0.0166593 -0.0402593 0.0900092 
qwerty 201 135 0 3.33931 -1.61287 -4.16567 14.425 -0.0166593 -0.0402593 0.0900092 
qwerty 201 135 0 3.00276 -1.69952 -4.37507 14.8932 -0.0195002 -0.0559363 0.0805659 
qwerty 201 135 0 3.00276 -1.74958 -4.51868 15.1 -0.0195002 -0.0559363 0.0805659 
qwerty 201 135 0 3.00276 -1.91296 -4.98732 15.775 -0.0195002 -0.0559363 0.0805659 
qwerty 201 135 0 3.00276 -2.07634 -5.45597 16.45 -0.0195002 -0.0559363 0.0805659 
qwerty 319 201 0.336543 0 -1.697 -4.34614 14.9438 0.00432467 0.0495811 0.0867353 
qwerty 199 141 0 4.37673 0.00987635 -0.981835 9.025 0.0321273 0.0720141 0.0614964 
qwerty 199 141 0 4.37673 0.362514 -0.19139 9.7 0.0321273 0.0720141 0.0614964 
qwerty 199 141 0 4.37673 0.715151 0.599056 10.375 0.0321273 0.0720141 0.0614964 
qwerty 199 141 0 4.37673 1.00555 1.25 10.9309 0.0321273 0.0720141 0.0614964 
qwerty 199 141 0 4.37673 1.06779 1.3895 11.05 0.0321273 0.0720141 0.0614964 
qwerty 199 141 0 4.37673 1.25 1.79793 11.3988 0.0321273 0.0720141 0.0614964 
qwerty 199 141 0 4.37673 1.42043 2.17995 11.725 0.0321273 0.0720141 0.0614964 
qwerty 199 141 0 4.37673 1.77306 2.97039 12.4 0.0321273 0.0720141 0.0614964 
qwerty 199 141 0 4.37673 2.1257 3.76084 13.075 0.0321273 0.0720141 0.0614964 
qwerty 199 141 0 4.37673 2.47834 4.55128 13.75 0.0321273 0.0720141 0.0614964 
qwerty 199 141 0 4.37673 2.83098 5.34173 14.425 0.0321273 0.0720141 0.0614964 
qwerty 199 141 0 4.37673 3.18361 6.13217 15.1 0.0321273 0.0720141 0.0614964 
qwerty 199 141 0 4.37673 3.53625 6.92262 15.775 0.0321273 0.0720141 0.0614964 
qwerty 199 141 0 4.37673 3.88889 7.71307 16.45 0.0321273 0.0720141 0.0614964 
qwerty 199 141 0 0.312294 3.79556 6.38342 17.125 -0.0110829 -0.0942139 0.0316373 
qwerty 323 199 1.00462 2.64417 4.05305 8.21775 17.0512 -0.0434525 0.0597278 0.0674127 
qwerty 323 199 0.144715 2.49946 4.0055 8.28311 17.125 -0.0444205 0.0531042 0.0721579 
qwerty 323 199 0.656655 1.74547 4.04915 8.59328 16.8873 0.0350985 0.072605 -0.0591321 
qwerty 323 199 0.453208 0.996564 4.101 8.73325 16.6475 0.0668857 0.0351262 -0.0655167 
qwerty 323 199 0.0430973 0.953467 4.12393 8.74529 16.625 0.078876 0.037971 -0.0483402 
qwerty 327 323 0.0177124 0.277989 4.0966 8.73978 16.6389 -0.0136814 0.0634826 -0.0760446 
qwerty 327 323 0.0272071 0.250782 4.09282 8.74504 16.6315 -0.00875128 0.0619582 -0.0780038 
qwerty 327 323 0.0140547 0.236727 4.09251 8.74861 16.6282 0.0121927 0.0617032 -0.0777435 
qwerty 327 323 0.0100492 0.226678 4.09301 8.75116 16.625 -0.00188147 0.0653357 -0.0756816 
qwerty 327 323 0.00441878 0.198614 4.091 8.74962 16.6264 -0.0513979 -0.0707199 0.0485485 
qwerty 327 323 0.00522646 0.193387 4.09012 8.74769 16.6274 -0.0305211 -0.0762588 0.0570356 
qwerty 327 323 0.00549035 0.187897 4.08965 8.7458 16.6294 -0.0440627 -0.0770969 0.0459842 
qwerty 327 323 0.0065449 0.181352 4.08857 8.74399 16.6311 -0.0561144 -0.0741735 0.0367352 
qwerty 327 323 0.0151527 0.166199 4.08625 8.74144 16.6318 -0.070115 -0.0561173 0.0439856 
qwerty 327 323 0.00944766 0.156751 4.08392 8.73889 16.6333 -0.0692505 -0.0564893 0.0448701 
qwerty 327 323 0.0130132 0.143738 4.08028 8.73736 16.6353 -0.0792159 -0.0211006 0.0572679 
qwerty 327 323 0.0293621 0.114376 4.07621 8.73368 16.639 -0.0141375 -0.0378841 0.09146 
qwerty 327 323 0.031198 0.0831782 4.07526 8.7348 16.647 0.0527042 0.0200536 0.082584 
qwerty 327 323 0.0831782 0 4.07836 8.73598 16.6519 0.0527042 0.0200536 0.082584 
qwerty 326 323 0 0.157892 4.32411 9.40477 17.1188 -0.091813 0.0385735 -0.00908037 
qwerty 326 323 0 0.11249 4.01977 9.53262 17.0887 0.0126772 -0.0267228 0.0955258 
qwerty 326 323 0 0.11249 4.02459 9.52247 17.125 0.0126772 -0.0267228 0.0955258 
qwerty 331 326 0.0454013 0 4.01831 9.53346 17.0876 -0.0723295 0.0413215 -0.0553261 
qwerty 330 326 0.0308244 0.0271671 4.32621 9.40675 17.1181 0.0901346 0.0219768 -0.0373198 
qwerty 330 326 0.0271671 0 4.32694 9.40693 17.1178 0.0901346 0.0219768 -0.0373198 
qwerty 333 198 0.00350221 0.126255 -0.299752 -1.58454 8.52581 -0.0601965 0.0536037 0.0591863 
qwerty 333 198 0.0143811 0.111874 -0.300373 -1.58393 8.52661 -0.0610559 0.0492856 0.0619928 
qwerty 333 198 0.00511128 0.106763 -0.301049 -1.58342 8.52752 -0.0774447 0.0285001 0.0564806 
qwerty 333 198 0.00307978 0.103683 -0.301907 -1.583 8.52855 -0.0812866 0.035308 0.0463231 
qwerty 333 198 0.0115786 0.0921041 -0.303706 -1.58228 8.52903 -0.0983161 -0.0122549 0.0135562 
qwerty 333 198 0.0114098 0.0806943 -0.306106 -1.58202 8.52898 -0.0958186 0.0271611 -0.00900379 
qwerty 333 198 0.0102327 0.0704616 -0.308311 -1.58222 8.52871 -0.0907317 0.0237628 -0.0346856 
qwerty 333 198 0.0184784 0.0519831 -0.310232 -1.58266 8.52757 -0.0944815 -0.0205726 -0.0254952 
qwerty 333 198 0.00793257 0.0440506 -0.311409 -1.58335 8.52763 -0.0950244 0.00229252 -0.0310661 
qwerty 333 198 0.0123214 0.0317292 -0.312768 -1.58368 8.52749 -0.0158068 -0.0980691 0.0115152 
qwerty 333 198 0.0317292 0 -0.312938 -1.58473 8.52761 -0.0158068 -0.0980691 0.0115152 
qwerty 197 141 0 1.25498 -0.381085 -1.94395 9.025 -0.0130805 -0.0434715 0.0891018 
qwerty 197 141 0 1.25498 -0.480178 -2.27327 9.7 -0.0130805 -0.0434715 0.0891018 
qwerty 197 141 0 1.25498 -0.57927 -2.60259 10.375 -0.0130805 -0.0434715 0.0891018 
qwerty 197 141 0 1.25498 -0.678363 -2.93192 11.05 -0.0130805 -0.0434715 0.0891018 
qwerty 197 141 0 1.25498 -0.777456 -3.26124 11.725 -0.0130805 -0.0434715 0.0891018 
qwerty 197 141 0 1.25498 -0.876548 -3.59056 12.4 -0.0130805 -0.0434715 0.0891018 
qwerty 197 141 0 1.25498 -0.975641 -3.91989 13.075 -0.0130805 -0.0434715 0.0891018 
qwerty 197 141 0 1.25498 -1.07473 -4.24921 13.75 -0.0130805 -0.0434715 0.0891018 
qwerty 197 141 0 0.532448 -0.393374 -4.30634 14.425 0.0785252 0.000348142 0.0619166 
qwerty 197 141 0 0.504446 1.04779 -3.95651 15.1 0.0887321 0.0225192 0.0402431 
qwerty 197 141 0 0.180203 0.779564 -3.75 14.7838 -0.0705308 0.028543 -0.0648899 
qwerty 197 141 0 0.180203 0.579757 -3.66914 14.6 -0.0705308 0.028543 -0.0648899 
qwerty 195 89 0 0.510999 0.278004 1.88711 4.975 -0.00685305 -0.0252995 0.0965037 
qwerty 194 89 0 0.432942 0.347848 2.14496 3.99148 0.0325085 -0.028618 -0.0901344 
qwerty 194 89 0 0.432942 0.416907 2.08416 3.8 0.0325085 -0.028618 -0.0901344 
qwerty 194 89 0 0.432942 0.660358 1.86985 3.125 0.0325085 -0.028618 -0.0901344 
qwerty 194 89 0 0.432942 0.903808 1.65553 2.45 0.0325085 -0.028618 -0.0901344 
qwerty 194 89 0 0.432942 1.14726 1.44121 1.775 0.0325085 -0.028618 -0.0901344 
qwerty 340 194 0.0780566 0 0.34595 2.1495 3.98963 -0.0360796 0.0864006 -0.035117 
qwerty 193 89 0 0.503129 -0.612171 2.67178 4.22161 -0.00729697 0.0471337 0.0878929 
qwerty 193 89 0 0.503129 -0.618679 2.71382 4.3 -0.00729697 0.0471337 0.0878929 
qwerty 193 89 0 0.503129 -0.674719 3.07579 4.975 -0.00729697 0.0471337 0.0878929 
qwerty 193 89 0 0.503129 -0.730758 3.43777 5.65 -0.00729697 0.0471337 0.0878929 
qwerty 193 89 0 0.503129 -0.786797 3.79975 6.325 -0.00729697 0.0471337 0.0878929 
qwerty 342 193 0.115001 0.201638 -0.652555 2.68009 4.22227 -0.0264087 -0.0723572 0.0637731 
qwerty 342 193 0.201638 0 -0.659435 2.66124 4.23888 -0.0264087 -0.0723572 0.0637731 
qwerty 192 98 0 0.510999 0.00340669 -1.25 6.781 0.014027 0.0438318 -0.0887807 
qwerty 192 98 0 0.510999 0.0478032 -1.11127 6.5 0.014027 0.0438318 -0.0887807 
qwerty 192 98 0 0.510999 0.154451 -0.778016 5.825 0.014027 0.0438318 -0.0887807 
qwerty 192 98 0 0.510999 0.261098 -0.444763 5.15 0.014027 0.0438318 -0.0887807 
qwerty 192 98 0 0.510999 0.367746 -0.11151 4.475 0.014027 0.0438318 -0.0887807 
qwerty 192 98 0 0.510999 0.474394 0.221744 3.8 0.014027 0.0438318 -0.0887807 
qwerty 192 98 0 0.510999 0.581041 0.554997 3.125 0.014027 0.0438318 -0.0887807 
qwerty 192 98 0 0.392723 1.29292 1.25 2.67366 0.0678242 0.0637693 -0.036515 
qwerty 192 98 0 0.392723 1.70835 1.64059 2.45 0.0678242 0.0637693 -0.036515 
qwerty 192 98 0 0.392723 2.23304 2.13391 2.16752 0.0697335 0.0642749 -0.0317171 
qwerty 192 98 0 0.392723 3.09604 2.92936 1.775 0.0697335 0.0642749 -0.0317171 
qwerty 192 98 0 0.392723 3.98638 3.75 1.37005 0.0697335 0.0642749 -0.0317171 
qwerty 192 98 0 0.392723 4.5801 4.29725 1.1 0.0697335 0.0642749 -0.0317171 
qwerty 192 98 0 0.392723 6.06416 5.66514 0.425 0.0697335 0.0642749 -0.0317171 
qwerty 191 98 0 0.510999 -0.137843 -1.69138 7.675 -0.014027 -0.0438318 0.0887807 
qwerty 191 98 0 0.510999 -0.24449 -2.02463 8.35 -0.014027 -0.0438318 0.0887807 
qwerty 191 98 0 0.510999 -0.351138 -2.35788 9.025 -0.014027 -0.0438318 0.0887807 
qwerty 189 106 0 0.347933 0.93121 0.0111482 7.675 0.0627759 0.0561484 0.0539124 
qwerty 189 106 0 0.347933 1.71718 0.714144 8.35 0.0627759 0.0561484 0.0539124 
qwerty 187 106 0 0.784462 -0.555811 -7.73759 7.50988 0.0221106 -0.0886951 0.04055 
qwerty 187 106 0 0.784462 -0.465776 -8.09876 7.675 0.0221106 -0.0886951 0.04055 
qwerty 187 106 0 0.784462 -0.303429 -8.75 7.97274 0.0221106 -0.0886951 0.04055 
qwerty 187 106 0 0.784462 -0.0977204 -9.57519 8.35 0.0221106 -0.0886951 0.04055 
qwerty 187 106 0 0.203393 0.144126 -8.99383 7.85 0.0247174 0.0754204 -0.0608344 
qwerty 187 106 0 0.142139 0.934631 -8.946 8.35 0.0842425 0.00472009 0.0536742 
qwerty 354 187 0.155812 0 -0.565313 -7.74717 7.49943 -0.0556779 -0.0561578 -0.0612068 
qwerty 186 106 0 3.84607 0.0153521 -1.73219 7.675 0.0212223 -0.0529517 0.0821324 
qwerty 185 131 0 0.510999 -0.0647294 -1.96387 6.325 -0.00263202 -0.0163323 0.0986222 
qwerty 185 131 0 0.510999 -0.0827437 -2.07565 7 -0.00263202 -0.0163323 0.0986222 
qwerty 185 131 0 0.510999 -0.100758 -2.18743 7.675 -0.00263202 -0.0163323 0.0986222 
qwerty 185 131 0 0.510999 -0.118772 -2.29922 8.35 -0.00263202 -0.0163323 0.0986222 
qwerty 185 131 0 0.510999 -0.136787 -2.411 9.025 -0.00263202 -0.0163323 0.0986222 
qwerty 185 131 0 0.510999 -0.154801 -2.52278 9.7 -0.00263202 -0.0163323 0.0986222 
qwerty 185 131 0 0.510999 -0.172816 -2.63457 10.375 -0.00263202 -0.0163323 0.0986222 
qwerty 185 131 0 0.510999 -0.19083 -2.74635 11.05 -0.00263202 -0.0163323 0.0986222 
qwerty 185 131 0 0.368885 0.510947 -3.21491 11.725 0.0692361 -0.0444788 0.0568154 
qwerty 184 131 0 0.510999 -0.033371 -1.76928 5.15 0.00263202 0.0163323 -0.0986222 
qwerty 184 131 0 0.510999 -0.0153567 -1.6575 4.475 0.00263202 0.0163323 -0.0986222 
qwerty 183 131 0 0.335835 -0.182311 -1.56839 5.5059 -0.0534857 -0.0828675 -0.0165003 
qwerty 183 131 0 0.335835 -1.33597 -3.35579 5.15 -0.0534857 -0.0828675 -0.0165003 
qwerty 183 131 0 0.309465 -1.6152 -3.75 5.25407 -0.055627 -0.0758738 0.033894 
qwerty 183 131 0 0.309465 -2.265 -4.63632 5.65 -0.055627 -0.0758738 0.033894 
qwerty 363 183 0.277012 0 -0.207131 -1.5367 5.49025 -0.0574694 0.0733746 -0.0362414 
qwerty 182 131 0 0.029559 0.276339 -1.61599 5.65 0.033138 -0.0713775 0.0617019 
qwerty 181 131 0 2.16889 0.159441 -1.18038 5.65 0.0495235 -0.0397928 0.0772267 
qwerty 181 131 0 2.16889 0.592301 -1.52819 6.325 0.0495235 -0.0397928 0.0772267 
qwerty 181 131 0 2.16889 1.02516 -1.876 7 0.0495235 -0.0397928 0.0772267 
qwerty 181 131 0 2.16889 1.25 -2.05666 7.35061 0.0495235 -0.0397928 0.0772267 
qwerty 181 131 0 2.16889 1.45802 -2.22381 7.675 0.0495235 -0.0397928 0.0772267 
qwerty 181 131 0 2.16889 1.89088 -2.57162 8.35 0.0495235 -0.0397928 0.0772267 
qwerty 181 131 0 2.16889 2.32374 -2.91943 9.025 0.0495235 -0.0397928 0.0772267 
qwerty 181 131 0 2.16889 2.7566 -3.26723 9.7 0.0495235 -0.0397928 0.0772267 
qwerty 181 131 0 2.16889 3.18946 -3.61504 10.375 0.0495235 -0.0397928 0.0772267 
qwerty 181 131 0 2.16889 3.35742 -3.75 10.6369 0.0495235 -0.0397928 0.0772267 
qwerty 181 131 0 2.16889 3.62232 -3.96285 11.05 0.0495235 -0.0397928 0.0772267 
qwerty 181 131 0 2.16889 3.75 -4.06544 11.2491 0.0495235 -0.0397928 0.0772267 
qwerty 181 131 0 2.16889 4.05518 -4.31066 11.725 0.0495235 -0.0397928 0.0772267 
qwerty 181 131 0 2.16889 4.48804 -4.65847 12.4 0.0495235 -0.0397928 0.0772267 
qwerty 181 131 0 2.16889 4.9209 -5.00628 13.075 0.0495235 -0.0397928 0.0772267 
qwerty 181 131 0 2.16889 5.35376 -5.35409 13.75 0.0495235 -0.0397928 0.0772267 
qwerty 181 131 0 2.16889 5.78662 -5.7019 14.425 0.0495235 -0.0397928 0.0772267 
qwerty 181 131 0 1.65317 6.33723 -5.73667 15.1 0.0631657 -0.00396228 0.0774235 
qwerty 181 131 0 1.65317 6.88793 -5.77122 15.775 0.0631657 -0.00396228 0.0774235 
qwerty 181 131 0 1.65317 7.43863 -5.80576 16.45 0.0631657 -0.00396228 0.0774235 
qwerty 181 131 0 1.65317 7.98932 -5.8403 17.125 0.0631657 -0.00396228 0.0774235 
qwerty 181 131 0 1.65317 8.54002 -5.87485 17.8 0.0631657 -0.00396228 0.0774235 
qwerty 181 131 0 1.65317 8.75 -5.88802 18.0574 0.0631657 -0.00396228 0.0774235 
qwerty 181 131 0 1.65317 9.09072 -5.90939 18.475 0.0631657 -0.00396228 0.0774235 
qwerty 181 131 0 1.65317 9.64141 -5.94394 19.15 0.0631657 -0.00396228 0.0774235 
qwerty 181 131 0 1.65317 10.1921 -5.97848 19.825 0.0631657 -0.00396228 0.0774235 
qwerty 181 131 0 1.65317 10.7428 -6.01303 20.5 0.0631657 -0.00396228 0.0774235 
qwerty 181 131 0 1.65317 11.25 -6.04484 21.1217 0.0631657 -0.00396228 0.0774235 
qwerty 181 131 0 1.65317 11.2935 -6.04757 21.175 0.0631657 -0.00396228 0.0774235 
qwerty 181 131 0 1.58582 11.994 -6.00493 21.85 0.0728357 0.00531418 0.0683134 
qwerty 181 131 0 1.58582 12.7137 -5.95242 22.525 0.0728357 0.00531418 0.0683134 
qwerty 181 131 0 0.789011 13.4004 -5.90232 23.169 0.00554801 -0.0301656 0.0951801 
qwerty 181 131 0 0.789011 13.4022 -5.91215 23.2 0.00554801 -0.0301656 0.0951801 
qwerty 181 131 0 0.789011 13.4415 -6.12608 23.875 0.00554801 -0.0301656 0.0951801 
qwerty 181 131 0 0.789011 13.4643 -6.25 24.266 0.00554801 -0.0301656 0.0951801 
qwerty 181 131 0 0.789011 13.4809 -6.34 24.55 0.00554801 -0.0301656 0.0951801 
qwerty 181 131 0 0.789011 13.5202 -6.55393 25.225 0.00554801 -0.0301656 0.0951801 
qwerty 181 131 0 0.789011 13.5595 -6.76786 25.9 0.00554801 -0.0301656 0.0951801 
qwerty 181 131 0 0.789011 13.5989 -6.98179 26.575 0.00554801 -0.0301656 0.0951801 
qwerty 181 131 0 0.789011 13.6382 -7.19572 27.25 0.00554801 -0.0301656 0.0951801 
qwerty 181 131 0 0.789011 13.6776 -7.40965 27.925 0.00554801 -0.0301656 0.0951801 
qwerty 181 131 0 0.789011 13.7169 -7.62358 28.6 0.00554801 -0.0301656 0.0951801 
qwerty 181 131 0 0.789011 13.75 -7.80343 29.1675 0.00554801 -0.0301656 0.0951801 
qwerty 181 131 0 0.789011 13.7563 -7.83751 29.275 0.00554801 -0.0301656 0.0951801 
qwerty 181 131 0 0.789011 13.7956 -8.05144 29.95 0.00554801 -0.0301656 0.0951801 
qwerty 181 131 0 0.789011 13.835 -8.26537 30.625 0.00554801 -0.0301656 0.0951801 
qwerty 181 131 0 0.789011 13.8743 -8.4793 31.3 0.00554801 -0.0301656 0.0951801 
qwerty 369 181 0.0659117 0.730893 13.4416 -5.88293 23.1716 0.055454 0.0767922 0.0320594 
qwerty 369 181 0.200582 0.530312 13.4578 -5.84281 23.1868 0.015839 0.0920281 -0.0357765 
qwerty 369 181 0.0598879 0.470424 13.4523 -5.81076 23.1654 0.0183366 0.0548376 -0.0815881 
qwerty 369 181 0.101652 0.368772 13.4614 -5.77709 23.1437 -0.0268729 0.0821425 -0.0503036 
qwerty 369 181 0.111669 0.257103 13.4331 -5.74845 23.1174 -0.0699241 -0.0387536 0.0600732 
qwerty 369 181 0.257103 0 13.4063 -5.76334 23.1405 -0.0699241 -0.0387536 0.0600732 
qwerty 180 140 0 0.510999 -0.0891714 -0.403019 3.125 0.00771106 0.0248607 -0.096553 
qwerty 180 140 0 0.510999 -0.0352636 -0.229218 2.45 0.00771106 0.0248607 -0.096553 
qwerty 180 140 0 0.510999 0.0186442 -0.0554171 1.775 0.00771106 0.0248607 -0.096553 
qwerty 180 140 0 0.510999 0.072552 0.118384 1.1 0.00771106 0.0248607 -0.096553 
qwerty 180 140 0 0.510999 0.12646 0.292184 0.425 0.00771106 0.0248607 -0.096553 
qwerty 180 140 0 0.510999 0.180368 0.465985 -0.25 0.00771106 0.0248607 -0.096553 
qwerty 179 140 0 0.510999 -0.183011 -0.705561 4.3 -0.00771106 -0.0248607 0.096553 
qwerty 179 140 0 0.510999 -0.236919 -0.879362 4.975 -0.00771106 -0.0248607 0.096553 
qwerty 179 140 0 0.510999 -0.290827 -1.05316 5.65 -0.00771106 -0.0248607 0.096553 
qwerty 179 140 0 0.510999 -0.344734 -1.22696 6.325 -0.00771106 -0.0248607 0.096553 
qwerty 179 140 0 0.510999 -0.398642 -1.40076 7 -0.00771106 -0.0248607 0.096553 
qwerty 178 140 0 0.212827 -0.115961 -0.702841 4.3 0.00586512 -0.0199047 0.0978233 
qwerty 177 142 0 0.510999 -0.362168 -1.61013 9.025 0.00417866 -0.0259071 0.0964954 
qwerty 177 142 0 0.510999 -0.332938 -1.79136 9.7 0.00417866 -0.0259071 0.0964954 
qwerty 177 142 0 0.510999 -0.303708 -1.97258 10.375 0.00417866 -0.0259071 0.0964954 
qwerty 177 142 0 0.510999 -0.274477 -2.15381 11.05 0.00417866 -0.0259071 0.0964954 
qwerty 177 142 0 0.510999 -0.245247 -2.33503 11.725 0.00417866 -0.0259071 0.0964954 
qwerty 175 142 0 0.409649 -0.455582 -1.62757 9.025 -0.0212844 -0.0215915 0.0952931 
qwerty 175 142 0 0.342844 -0.710961 -1.26571 9.7 -0.0317028 0.0462112 0.0828218 
qwerty 175 142 0 0.342844 -0.96934 -0.889089 10.375 -0.0317028 0.0462112 0.0828218 
qwerty 175 142 0 0.290402 -1.07238 -0.738896 10.6442 -0.0846602 0.042388 0.0321855 
qwerty 175 142 0 0.290402 -2.13983 -0.204438 11.05 -0.0846602 0.042388 0.0321855 
qwerty 377 175 0.0524421 0 -1.07087 -0.738506 10.6463 0.0577839 0.0148866 0.0802459 
qwerty 174 142 0 1.75069 0.143105 0.180365 9.025 0.0245705 0.0927821 0.0280671 
qwerty 174 142 0 1.75069 0.426365 1.25 9.34857 0.0245705 0.0927821 0.0280671 
qwerty 174 142 0 1.75069 0.734013 2.41173 9.7 0.0245705 0.0927821 0.0280671 
qwerty 174 142 0 0.678516 1.25 2.68279 10.137 0.0758195 0.0191342 0.0623321 
qwerty 174 142 0 0.678516 1.5395 2.75585 10.375 0.0758195 0.0191342 0.0623321 
qwerty 173 142 0 6.64575 -0.200573 -1.19713 9.025 0.0149296 0.0588285 0.0794752 
qwerty 173 142 0 6.64575 -0.0737733 -0.697486 9.7 0.0149296 0.0588285 0.0794752 
qwerty 173 142 0 6.64575 0.0530267 -0.197843 10.375 0.0149296 0.0588285 0.0794752 
qwerty 280 221 1.35434 7.1071 -0.896028 -0.648383 7 -0.0179885 0.0476156 0.0860765 
qwerty 280 221 0 4.39309 -0.893126 -0.608818 7.175 0.06082 -0.0781754 -0.0137669 
qwerty 413 382 0 0.485085 0.809712 -0.496709 11.05 0.068891 -0.0489379 0.0534706 
qwerty 412 257 0 0.510999 -10.4902 -3.7099 20.675 0.0640026 -0.047744 -0.0602011 
qwerty 412 257 0 0.510999 -9.77262 -4.24523 20 0.0640026 -0.047744 -0.0602011 
qwerty 412 257 0 0.510999 -9.055 -4.78056 19.325 0.0640026 -0.047744 -0.0602011 
qwerty 412 257 0 0.510999 -8.33737 -5.31588 18.65 0.0640026 -0.047744 -0.0602011 
qwerty 412 257 0 0.459233 -7.9898 -6.03131 17.975 0.023843 -0.0727324 -0.0643546 
qwerty 411 257 0 0.510999 -11.7394 -2.77804 21.85 -0.0640026 0.047744 0.0602011 
qwerty 410 257 0 0.452332 -9.22007 -1.25 21.8359 0.0670514 0.0714448 0.019994 
qwerty 410 257 0 0.452332 -9.17274 -1.19957 21.85 0.0670514 0.0714448 0.019994 
qwerty 408 257 0 1.19909 -11.2438 -3.167 20.675 -0.0261814 0.0166335 -0.0950677 
qwerty 408 257 0 1.19909 -11.4297 -3.0489 20 -0.0261814 0.0166335 -0.0950677 
qwerty 408 257 0 1.19909 -11.6156 -2.9308 19.325 -0.0261814 0.0166335 -0.0950677 
qwerty 408 257 0 1.19909 -11.8015 -2.8127 18.65 -0.0261814 0.0166335 -0.0950677 
qwerty 408 257 0 1.19909 -11.9874 -2.6946 17.975 -0.0261814 0.0166335 -0.0950677 
qwerty 406 264 0 0.510999 -6.42555 -3.63208 11.9 -0.0805995 0.00591285 -0.0588962 
qwerty 406 264 0 0.510999 -7.34929 -3.56431 11.225 -0.0805995 0.00591285 -0.0588962 
qwerty 406 264 0 0.510999 -8.27302 -3.49655 10.55 -0.0805995 0.00591285 -0.0588962 
qwerty 406 264 0 0.510999 -8.75 -3.46155 10.2015 -0.0805995 0.00591285 -0.0588962 
qwerty 406 264 0 0.510999 -9.19676 -3.42878 9.875 -0.0805995 0.00591285 -0.0588962 
qwerty 405 264 0 0.510999 -4.81756 -3.75004 13.075 0.0805995 -0.00591285 0.0588962 
qwerty 405 264 0 0.510999 -3.89382 -3.81781 13.75 0.0805995 -0.00591285 0.0588962 
qwerty 405 264 0 0.510999 -2.97008 -3.88557 14.425 0.0805995 -0.00591285 0.0588962 
qwerty 405 264 0 0.510999 -2.04634 -3.95334 15.1 0.0805995 -0.00591285 0.0588962 
qwerty 405 264 0 0.510999 -1.25 -4.01176 15.6819 0.0805995 -0.00591285 0.0588962 
qwerty 405 264 0 0.510999 -1.12261 -4.02111 15.775 0.0805995 -0.00591285 0.0588962 
qwerty 405 264 0 0.510999 -0.198868 -4.08887 16.45 0.0805995 -0.00591285 0.0588962 
qwerty 404 278 0 0.510999 -2.8915 -2.13073 10.375 -0.0881782 -0.031423 0.0351739 
qwerty 403 278 0 0.510999 -0.420026 -1.25 9.38914 0.0881782 0.031423 -0.0351739 
qwerty 403 278 0 0.510999 0.0541328 -1.08103 9.2 0.0881782 0.031423 -0.0351739 
qwerty 402 280 0 0.510999 -0.0906284 -1.26968 7.675 0.0696874 -0.0540316 0.047162 
qwerty 402 280 0 0.509498 0.617751 -1.81892 8.15441 0.0749707 -0.0495199 0.0438996 
qwerty 402 280 0 0.509498 0.95178 -2.03955 8.35 0.0749707 -0.0495199 0.0438996 
qwerty 402 280 0 0.509498 2.10453 -2.80097 9.025 0.0749707 -0.0495199 0.0438996 
qwerty 402 280 0 0.509498 3.25728 -3.56238 9.7 0.0749707 -0.0495199 0.0438996 
qwerty 402 280 0 0.509498 3.75 -3.88784 9.98852 0.0749707 -0.0495199 0.0438996 
qwerty 402 280 0 0.509498 4.41003 -4.3238 10.375 0.0749707 -0.0495199 0.0438996 
qwerty 432 402 0.00150077 0 0.617747 -1.81892 8.15441 -0.0660141 -0.0607205 0.0442172 
qwerty 401 280 0 0.510999 -1.82683 0.0764687 6.5 -0.0696874 0.0540316 -0.047162 
qwerty 400 280 0 0.655065 -1.52965 -0.448511 6.5 -0.067499 0.0189616 -0.0713046 
qwerty 399 280 0 0.952472 -1.123 0.38708 6.5 -0.0194781 0.0828462 -0.0525082 
qwerty 399 280 0 0.786044 -0.790723 2.8355 5.825 0.016036 0.0958659 -0.023507 
qwerty 399 280 0 0.786044 -0.63775 3.75 5.60076 0.016036 0.0958659 -0.023507 
qwerty 399 280 0 0.26666 -0.388443 5.2404 5.2353 0.0144909 -0.00597495 0.0987639 
qwerty 399 280 0 0.26666 -0.327598 5.21531 5.65 0.0144909 -0.00597495 0.0987639 
qwerty 440 399 0.0936634 0.425721 -0.368815 5.27539 5.19876 -0.0263722 0.0826596 -0.0497181 
qwerty 440 399 0.0680201 0.357701 -0.367045 5.29751 5.17822 -0.0319572 0.0781506 -0.0535839 
qwerty 440 399 0.0363765 0.321324 -0.377313 5.30972 5.17158 -0.0510564 0.0814797 -0.0274647 
qwerty 440 399 0.034179 0.287145 -0.389995 5.32058 5.16937 -0.0622259 0.072564 -0.0293666 
qwerty 440 399 0.0457114 0.241434 -0.395462 5.33362 5.1614 -0.0539837 0.0720941 -0.0434534 
qwerty 440 399 0.0354921 0.205942 -0.403903 5.34665 5.15922 -0.0926661 0.0351701 0.0132687 
qwerty 440 399 0.0737798 0.132162 -0.416306 5.3553 5.16831 -0.044551 0.0844913 0.0296045 
qwerty 440 399 0.0835623 0.0485998 -0.413248 5.3691 5.17424 0.0190981 0.0981551 0.000915212 
qwerty 440 399 0.0485998 0 -0.412811 5.37134 5.17426 0.0190981 0.0981551 0.000915212 
qwerty 398 280 0 0.134708 -0.70301 -0.130726 7.675 0.0275899 0.0652244 0.0706015 
qwerty 396 288 0 0.431353 -1.24598 -0.0166329 7.175 -0.0589219 0.0720107 -0.0366424 
qwerty 394 321 0 0.510999 -2.47492 -5.95422 17.125 -0.0452525 -0.0509114 0.0732136 
qwerty 394 321 0 0.254512 -1.77097 -5.97997 17.8 0.0828154 0.00774387 0.0555125 
qwerty 394 321 0 0.254512 -1.25 -5.93126 18.1492 0.0828154 0.00774387 0.0555125 
qwerty 394 321 0 0.254512 -0.763983 -5.88581 18.475 0.0828154 0.00774387 0.0555125 
qwerty 393 321 0 0.499459 -1.82671 -4.99234 15.95 0.0314574 0.0664706 -0.0677649 
qwerty 393 321 0 0.499459 -1.51336 -4.33024 15.275 0.0314574 0.0664706 -0.0677649 
qwerty 393 321 0 0.499459 -1.23877 -3.75 14.6835 0.0314574 0.0664706 -0.0677649 
qwerty 393 321 0 0.499459 -1.20002 -3.66813 14.6 0.0314574 0.0664706 -0.0677649 
qwerty 393 321 0 0.442332 -1.06726 -3.3876 14.314 0.0143016 0.0266121 -0.0953271 
qwerty 393 321 0 0.442332 -1.0089 -3.279 13.925 0.0143016 0.0266121 -0.0953271 
qwerty 451 393 0.0571277 0 -1.06611 -3.38497 14.315 0.0378012 0.0863024 0.0335107 
qwerty 390 359 0 0.510999 -2.21875 -1.25 8.07246 -0.0962577 0.0241894 0.0122202 
qwerty 390 359 0 0.510999 -4.40495 -0.700611 8.35 -0.0962577 0.0241894 0.0122202 
qwerty 388 359 0 0.293534 -0.790271 -2.09777 7.175 -0.0736938 -0.0363617 -0.0569829 
qwerty 387 383 0 0.205069 0.0184488 1.00829 10.883 -0.00602178 -0.0186272 -0.0980651 
qwerty 387 383 0 0.205069 -0.0019977 0.945045 10.55 -0.00602178 -0.0186272 -0.0980651 
qwerty 387 383 0 0.205069 -0.0434467 0.81683 9.875 -0.00602178 -0.0186272 -0.0980651 
qwerty 386 383 0 0.510999 0.121851 -1.93314 9.875 0.00332369 -0.0945474 -0.0323997 
qwerty 386 383 0 0.510999 0.18572 -3.75 9.25239 0.00332369 -0.0945474 -0.0323997 
qwerty 386 383 0 0.510999 0.191095 -3.90289 9.2 0.00332369 -0.0945474 -0.0323997 
qwerty 462 387 0.30593 0 0.0180823 1.04951 10.912 -0.000727228 0.0817934 0.0575266 
qwerty 467 464 0 0.225839 -0.12335 -3.75 9.27436 -0.0666876 0.0689513 0.0282572 
qwerty 467 464 0 0.215816 -0.442436 -3.42008 9.40956 -0.0927225 0.0324431 0.0187079 
qwerty 467 464 0 0.215816 -1.88194 -2.91641 9.7 -0.0927225 0.0324431 0.0187079 
qwerty 468 467 0.0100239 0 -0.442369 -3.41997 9.40959 0.0486705 0.0842615 0.0230473 
