qwerty 1 0 0 200 0 0 -0.249994 0 0 0.1 
qwerty 3 1 0 140.417 0.236966 -0.126201 0.25 0.0417549 -0.0222375 0.0881023 
qwerty 3 1 0 140.417 0.556873 -0.296575 0.925 0.0417549 -0.0222375 0.0881023 
qwerty 3 1 0 140.417 0.876781 -0.466948 1.6 0.0417549 -0.0222375 0.0881023 
qwerty 4 3 1.05575 31.9056 1.19687 -0.824439 2.275 0.0446831 -0.0409134 0.0795582 
qwerty 4 3 0.424285 21.595 1.39623 -1.14428 2.54081 0.0440706 -0.0831663 0.0337808 
qwerty 4 3 0.187127 21.4078 1.45225 -1.25 2.58375 0.0463615 -0.0823628 0.0326647 
qwerty 4 3 1.76145 19.6464 1.97208 -2.17349 2.95 0.0397704 -0.0876254 0.0272047 
qwerty 13 4 0.46466 1.53425 2.1524 -2.72136 2.69806 0.0545003 -0.0289813 -0.0786753 
qwerty 13 4 0.643577 0.890668 2.28146 -2.83461 2.49324 0.0610273 -0.0713645 -0.0343916 
qwerty 13 4 0.241496 0.649172 2.3582 -2.92434 2.45 0.0241585 -0.060184 -0.07612 
qwerty 13 4 0.0335854 0.502842 2.34529 -2.93048 2.46663 -0.0692722 0.0190724 0.0695529 
qwerty 13 4 0.0309379 0.471904 2.33124 -2.92724 2.47652 -0.087561 -0.0211259 0.0434369 
qwerty 13 4 0.030485 0.441419 2.31808 -2.9279 2.48157 -0.0879819 -0.0252022 0.0402994 
qwerty 13 4 0.0422682 0.39915 2.30071 -2.93605 2.48648 -0.0961761 -0.0254932 -0.0100125 
qwerty 13 4 0.0504331 0.348717 2.28138 -2.94524 2.47731 -0.0789825 0.0151246 -0.0594391 
qwerty 13 4 0.0355839 0.313133 2.26748 -2.93783 2.46745 -0.0379382 0.055612 -0.0739459 
qwerty 13 4 0.0355337 0.2776 2.25982 -2.92491 2.45762 -0.0763034 0.0600453 -0.0239239 
qwerty 13 4 0.0417907 0.235809 2.2447 -2.91587 2.456 -0.0907961 -0.0258043 -0.0330183 
qwerty 13 4 0.028947 0.206862 2.23198 -2.92002 2.45277 -0.0943213 -0.0259994 0.0206765 
qwerty 13 4 0.0384921 0.16837 2.22044 -2.92562 2.45809 -0.090569 -0.0409921 0.0108122 
qwerty 13 4 0.0729222 0.0954478 2.20482 -2.92764 2.45845 -0.0147128 -0.0965945 -0.0212848 
qwerty 13 4 0.0954478 0 2.20372 -2.93484 2.45687 -0.0147128 -0.0965945 -0.0212848 
qwerty 9 4 0.438979 0.637509 1.63437 -1.24793 2.60473 0.0318361 -0.0946958 -0.00437848 
qwerty 9 4 0.00241247 0.635097 1.63507 -1.25 2.60464 0.0301107 -0.0951912 -0.00565515 
qwerty 9 4 0.0555799 0.579517 1.63746 -1.2791 2.60457 0.00267859 -0.0999221 -0.002897 
qwerty 9 4 0.0473291 0.532188 1.63528 -1.30382 2.60749 0.0105174 -0.0876374 0.0470007 
qwerty 9 4 0.0549877 0.4772 1.64602 -1.32794 2.62773 0.0300506 -0.0823053 0.0481954 
qwerty 9 4 0.0931175 0.384083 1.64711 -1.36358 2.64836 -0.0375907 -0.0130365 0.0917442 
qwerty 9 4 0.135897 0.248185 1.65186 -1.35026 2.70716 0.0108921 -0.000867178 0.0994013 
qwerty 9 4 0.248185 0 1.65581 -1.35058 2.74327 0.0108921 -0.000867178 0.0994013 
qwerty 19 9 0.0106582 0.520637 1.6356 -1.25 2.61006 0.0201583 -0.0538628 0.0818073 
qwerty 19 9 0.0287624 0.491874 1.63514 -1.25836 2.62396 0.0261501 -0.0503433 0.0823512 
qwerty 19 9 0.032271 0.459603 1.6419 -1.26527 2.63867 -0.00459148 -0.0472783 0.0879982 
qwerty 19 9 0.0322401 0.427363 1.63819 -1.27326 2.65184 -0.0179063 -0.0505663 0.0843944 
qwerty 19 9 0.0240221 0.403341 1.63612 -1.2836 2.66605 0.00881766 -0.0374738 0.0922928 
qwerty 19 9 0.0474287 0.355913 1.63263 -1.28884 2.68836 0.0103611 0.0412602 0.0905 
qwerty 19 9 0.0369633 0.318949 1.63195 -1.28724 2.71159 0.00921058 0.00913857 0.0991547 
qwerty 19 9 0.0541459 0.264803 1.63418 -1.2929 2.73498 -0.0140256 -0.0396932 0.0907068 
qwerty 19 9 0.0610628 0.203741 1.62371 -1.31368 2.75121 0.000846597 -0.0568581 0.0822583 
qwerty 19 9 0.203741 0 1.62394 -1.32874 2.773 0.000846597 -0.0568581 0.0822583 
qwerty 16 4 0 0.314619 2.19247 -1.2484 3.625 0.012387 0.0906236 0.0404217 
qwerty 15 4 0 1.17171 2.04396 -1.06214 3.625 0.00310626 0.0930615 0.036468 
qwerty 15 4 0 1.17171 2.10145 0.660371 4.3 0.00310626 0.0930615 0.036468 
qwerty 15 4 0 1.17171 2.15895 2.38288 4.975 0.00310626 0.0930615 0.036468 
qwerty 15 4 0 1.17171 2.20458 3.75 5.51073 0.00310626 0.0930615 0.036468 
qwerty 15 4 0 1.17171 2.21644 4.10539 5.65 0.00310626 0.0930615 0.036468 
qwerty 15 4 0 1.17171 2.27394 5.82789 6.325 0.00310626 0.0930615 0.036468 
qwerty 15 4 0 1.17171 2.33143 7.5504 7 0.00310626 0.0930615 0.036468 
qwerty 15 4 0 1.17171 2.38893 9.27291 7.675 0.00310626 0.0930615 0.036468 
qwerty 15 4 0 0.638551 2.41513 10.0581 7.98269 -0.0222139 0.086614 -0.0447723 
qwerty 15 4 0 0.638551 2.3493 10.3148 7.85 -0.0222139 0.086614 -0.0447723 
qwerty 15 4 0 0.399042 2.25904 10.6667 7.66807 -0.0948439 0.0279094 -0.0150236 
qwerty 15 4 0 0.399042 1.25 10.9636 7.50824 -0.0948439 0.0279094 -0.0150236 
qwerty 15 4 0 0.399042 -0.853725 11.5827 7.175 -0.0948439 0.0279094 -0.0150236 
qwerty 24 15 0.0111363 0.228373 2.26112 10.67 7.66677 0.0652158 0.0700432 -0.0289974 
qwerty 24 15 0.0196006 0.208772 2.2633 10.6735 7.66509 0.0745317 0.0617565 -0.0251229 
qwerty 24 15 0.0109654 0.197807 2.2685 10.6758 7.6639 0.0901004 0.0431759 -0.00421472 
qwerty 24 15 0.0192781 0.178528 2.27387 10.6772 7.66327 0.0828286 0.0393322 -0.0399049 
qwerty 24 15 0.0193344 0.159194 2.2798 10.6797 7.66241 0.0790519 0.0163999 -0.0590071 
qwerty 24 15 0.0236713 0.135523 2.28648 10.6836 7.65933 0.090981 0.00729186 0.0408569 
qwerty 24 15 0.0319999 0.103523 2.29401 10.6887 7.6625 0.081387 0.0550273 0.0186591 
qwerty 24 15 0.0260224 0.0775005 2.30114 10.6886 7.66462 0.0931255 0.0339317 0.0132771 
qwerty 24 15 0.0775005 0 2.30598 10.6903 7.66531 0.0931255 0.0339317 0.0132771 
qwerty 23 15 0.167012 0.366146 2.43201 10.1358 8.01392 -0.0756109 0.0105452 -0.0645894 
qwerty 23 15 0.333079 0.0330676 2.38186 10.1428 7.97109 0.0716066 -0.0679512 -0.0159728 
qwerty 23 15 0.0330676 0 2.38269 10.142 7.9709 0.0716066 -0.0679512 -0.0159728 
qwerty 12 4 0 0.401208 1.81406 -3.75 2.81129 -0.0189674 -0.0975507 -0.01114 
qwerty 12 4 0 0.401208 1.32797 -6.25 2.52579 -0.0189674 -0.0975507 -0.01114 
qwerty 12 4 0 0.401208 1.19892 -6.9137 2.45 -0.0189674 -0.0975507 -0.01114 
qwerty 8 4 0 0.192187 1.46443 -1.25 2.58858 0.0507031 -0.0779254 0.036835 
qwerty 8 4 0 0.192187 1.96192 -2.01459 2.95 0.0507031 -0.0779254 0.036835 
qwerty 7 4 0 4.84425 1.41234 -1.25 2.72138 0.0329233 -0.0688809 0.064587 
qwerty 7 4 0 4.84425 1.52888 -1.49382 2.95 0.0329233 -0.0688809 0.064587 
qwerty 7 4 0 4.84425 1.87296 -2.2137 3.625 0.0329233 -0.0688809 0.064587 
qwerty 7 4 0 4.84425 2.21704 -2.93357 4.3 0.0329233 -0.0688809 0.064587 
qwerty 7 4 0 4.84425 2.56113 -3.65345 4.975 0.0329233 -0.0688809 0.064587 
qwerty 7 4 0 4.84425 2.90521 -4.37332 5.65 0.0329233 -0.0688809 0.064587 
qwerty 7 4 0 3.90905 3.02591 -4.96905 6.325 0.0130068 -0.0655148 0.074422 
qwerty 7 4 0 3.90905 3.14388 -5.56327 7 0.0130068 -0.0655148 0.074422 
qwerty 7 4 0 3.90905 3.26185 -6.15748 7.675 0.0130068 -0.0655148 0.074422 
qwerty 7 4 0 3.90905 3.37982 -6.75169 8.35 0.0130068 -0.0655148 0.074422 
qwerty 7 4 0 3.90905 3.49779 -7.34591 9.025 0.0130068 -0.0655148 0.074422 
qwerty 7 4 0 3.90905 3.61576 -7.94012 9.7 0.0130068 -0.0655148 0.074422 
qwerty 6 4 0 0.879978 1.14027 -0.792194 2.275 0.0337274 -0.0435236 0.0834755 
qwerty 6 4 0 0.367918 1.36044 -1.0763 2.8199 0.0448716 -0.0811385 -0.0374578 
qwerty 6 4 0 0.367918 1.45649 -1.25 2.73972 0.0448716 -0.0811385 -0.0374578 
qwerty 6 4 0 0.367918 1.80355 -1.87756 2.45 0.0448716 -0.0811385 -0.0374578 
qwerty 35 6 0.151715 0.360345 1.37766 -1.05218 2.8868 -0.0326118 -0.00831846 0.0941662 
qwerty 35 6 0.0786521 0.281692 1.37029 -1.07113 2.91713 -0.0615604 -0.0524122 0.0588496 
qwerty 35 6 0.052946 0.228746 1.36589 -1.08167 2.92833 -0.0328021 -0.08447 0.0422947 
qwerty 35 6 0.0419498 0.186797 1.35499 -1.09613 2.92945 0.000597807 -0.0886788 -0.0462137 
qwerty 35 6 0.0486648 0.138132 1.35487 -1.10549 2.92034 0.0167238 -0.0963507 0.0209012 
qwerty 35 6 0.138132 0 1.3572 -1.11894 2.92326 0.0167238 -0.0963507 0.0209012 
qwerty 2 1 0 194.56 -0.160308 0.0853753 0.25 -0.0301353 0.0160492 0.0939909 
qwerty 2 1 0 194.56 -0.376726 0.200633 0.925 -0.0301353 0.0160492 0.0939909 
qwerty 2 1 0 194.56 -0.593144 0.315891 1.6 -0.0301353 0.0160492 0.0939909 
qwerty 2 1 0 194.56 -0.809562 0.431149 2.275 -0.0301353 0.0160492 0.0939909 
qwerty 2 1 0 194.56 -1.02598 0.546407 2.95 -0.0301353 0.0160492 0.0939909 
qwerty 2 1 0 194.56 -1.2424 0.661665 3.625 -0.0301353 0.0160492 0.0939909 
qwerty 2 1 0 194.56 -1.45882 0.776923 4.3 -0.0301353 0.0160492 0.0939909 
qwerty 2 1 0 194.56 -1.67523 0.892181 4.975 -0.0301353 0.0160492 0.0939909 
qwerty 2 1 0 194.56 -1.89165 1.00744 5.65 -0.0301353 0.0160492 0.0939909 
qwerty 38 2 0.250716 28.3649 -1.97798 1.05748 5.93903 -0.0262841 0.0183876 0.0947156 
qwerty 38 2 0.704457 27.6604 -2.08509 1.13241 6.325 -0.0272336 0.0137392 0.0952343 
qwerty 38 2 0.067819 3.34586 -2.28717 1.15119 6.53028 -0.0803585 0.0341589 0.0487409 
qwerty 38 2 0.502301 2.84355 -2.51961 1.25 6.67126 -0.0878815 0.00596158 0.0473424 
qwerty 38 2 0.30268 2.54087 -2.69664 1.26299 6.75362 -0.0960344 -0.00116936 0.0278571 
qwerty 38 2 0.941278 1.5996 -3.07264 1.26395 6.86911 -0.0722811 0.0590459 0.0359031 
qwerty 38 2 0.459064 1.14053 -3.26753 1.44627 6.94343 -0.0463385 0.0632282 0.0620881 
qwerty 38 2 0.16716 0.973373 -3.30975 1.50388 7 -0.0368584 0.0231444 0.0900322 
qwerty 5 3 0.931508 80.5671 1.23574 -0.654238 2.275 0.0473722 -0.02554 0.0842828 
qwerty 5 3 0.456816 12.4621 1.33839 -0.583351 2.71153 0.000542894 0.0405891 0.0913905 
qwerty 5 3 0.36089 12.1012 1.33981 -0.477439 2.95 0.00257244 0.0464284 0.0885313 
qwerty 5 3 0.877031 3.31301 1.67663 -0.507811 3.625 0.0403884 -0.087089 0.0280051 
qwerty 5 3 0.73034 2.43235 1.76086 -0.999303 3.59797 -0.00691338 -0.0980513 -0.0183889 
qwerty 5 3 0.687755 1.74459 1.79661 -1.38668 3.58406 -0.00278555 -0.074804 0.0663069 
qwerty 5 3 0.0829933 1.6616 1.79489 -1.43286 3.625 -0.0238272 -0.0719492 0.0652348 
qwerty 42 38 0.0360272 0.278913 -2.28308 1.15476 6.54548 0.0596907 0.0237721 0.0766284 
qwerty 42 38 0.0561129 0.2228 -2.2754 1.16524 6.56844 -0.00892637 0.0992048 0.00887255 
qwerty 42 38 0.2228 0 -2.27813 1.19559 6.57116 -0.00892637 0.0992048 0.00887255 
qwerty 37 2 0.979534 115.58 -2.09932 1.13092 6.325 -0.0281409 0.0173753 0.0943726 
qwerty 37 2 0.47754 103.311 -2.20014 1.25 6.75323 -0.0186091 0.0298548 0.0936076 
qwerty 37 2 0.450586 102.86 -2.2492 1.3287 7 -0.0195144 0.0288487 0.0937387 
qwerty 37 2 0.919835 99.7295 -2.4016 1.48812 7.675 -0.0210398 0.0186777 0.0959608 
qwerty 37 2 0.590013 95.7275 -2.47505 1.57251 8.1645 -0.0125211 0.0177861 0.0976057 
qwerty 37 2 0.36996 95.3576 -2.49884 1.60631 8.35 -0.0111341 0.0179154 0.09775 
qwerty 37 2 0.943887 48.0571 -2.72937 1.80322 9.025 -0.0374456 0.0277878 0.0884628 
qwerty 37 2 0.845983 26.9485 -2.82666 2.1268 9.7 -0.00321422 0.032623 0.0944744 
qwerty 37 2 1.04265 21.6547 -2.64549 2.09462 10.375 0.0330746 -0.0224906 0.0916529 
qwerty 37 2 0.982327 16.5509 -2.66786 1.91517 11.05 -0.0133791 -0.0239173 0.0961715 
qwerty 37 2 0.020923 6.93598 -2.65188 1.88025 11.24 -0.0126532 -0.045338 0.088229 
qwerty 37 2 1.03955 5.89644 -2.72144 1.63102 11.725 -0.00927686 -0.0696867 0.0711175 
qwerty 37 2 0.644909 2.08899 -2.80328 1.16653 11.6974 -0.0572639 -0.0812753 -0.0107321 
qwerty 37 2 0.823351 1.26564 -3.01831 0.918391 11.6083 -0.0599888 -0.0641875 -0.0477631 
qwerty 37 2 0.382951 0.882693 -3.20015 0.75168 11.5819 -0.0551839 0.068831 0.0470854 
qwerty 37 2 0.434356 0.448336 -3.24484 0.897933 11.6834 0.0394414 -0.039098 0.0831608 
qwerty 37 2 0.105927 0.342409 -3.22509 0.878356 11.725 0.0479643 -0.0678205 0.0556759 
qwerty 37 2 0.00953491 0.290275 -3.22094 0.873429 11.723 0.0836044 -0.047304 -0.0277962 
qwerty 37 2 0.0109468 0.279328 -3.2168 0.870443 11.7222 0.0791669 -0.0593122 -0.0146513 
qwerty 37 2 0.0112968 0.268031 -3.21315 0.868019 11.7206 0.0845737 -0.0452714 -0.0282452 
qwerty 37 2 0.0122655 0.255765 -3.20819 0.866703 11.7188 0.0969716 -0.0223815 -0.00977609 
qwerty 37 2 0.0128821 0.242883 -3.2032 0.866067 11.7176 0.0938746 -0.0221878 -0.0263679 
qwerty 37 2 0.0112912 0.231592 -3.19878 0.864255 11.7158 0.0799636 -0.0570422 -0.0187618 
qwerty 37 2 0.0173332 0.214259 -3.19362 0.862379 11.7147 0.0839533 -0.050386 -0.0203245 
qwerty 37 2 0.0181938 0.196065 -3.18963 0.857902 11.7133 0.0256503 -0.0334072 -0.0906974 
qwerty 37 2 0.0220649 0.174 -3.18955 0.855936 11.7073 0.0430892 -0.048121 -0.0763393 
qwerty 37 2 0.0325094 0.141491 -3.18304 0.847046 11.702 0.0225007 -0.090322 -0.0365465 
qwerty 37 2 0.0551083 0.0863825 -3.18711 0.835316 11.7004 0.0005488 -0.0562881 0.082652 
qwerty 37 2 0.0863825 0 -3.18708 0.831787 11.7056 0.0005488 -0.0562881 0.082652 
qwerty 86 37 0 0.738403 -2.63749 1.1092 11.225 0.00331567 -0.0670693 -0.0740993 
qwerty 86 37 0 0.738403 -2.60729 0.498238 10.55 0.00331567 -0.0670693 -0.0740993 
qwerty 86 37 0 0.738403 -2.57708 -0.112723 9.875 0.00331567 -0.0670693 -0.0740993 
qwerty 86 37 0 0.738403 -2.54688 -0.723684 9.2 0.00331567 -0.0670693 -0.0740993 
qwerty 86 37 0 0.738403 -2.51667 -1.33465 8.525 0.00331567 -0.0670693 -0.0740993 
qwerty 85 37 0 0.885118 -1.30055 0.967768 11.225 0.0863925 -0.0385297 -0.0324314 
qwerty 85 37 0 0.885118 0.49755 0.165844 10.55 0.0863925 -0.0385297 -0.0324314 
qwerty 85 37 0 0.885118 1.25 -0.169736 10.2675 0.0863925 -0.0385297 -0.0324314 
qwerty 85 37 0 0.885118 2.29565 -0.636079 9.875 0.0863925 -0.0385297 -0.0324314 
qwerty 85 37 0 0.885118 3.6722 -1.25 9.35825 0.0863925 -0.0385297 -0.0324314 
qwerty 85 37 0 0.885118 4.09375 -1.438 9.2 0.0863925 -0.0385297 -0.0324314 
qwerty 85 37 0 0.885118 5.89185 -2.23993 8.525 0.0863925 -0.0385297 -0.0324314 
qwerty 84 37 0.00029101 0 -2.68897 1.7483 11.5064 -0.0123817 -0.0440416 0.0889215 
qwerty 92 84 0.00728466 0 -2.68897 1.74837 11.5064 0.00945173 0.0874781 0.0475211 
qwerty 83 37 0 0.257342 -2.51183 1.73773 11.725 0.0250872 -0.0274243 0.0928361 
qwerty 81 37 0 4.84884 -2.62157 1.95994 11.725 0.00739875 0.00833798 0.0993767 
qwerty 81 37 0 4.84884 -2.57132 2.01657 12.4 0.00739875 0.00833798 0.0993767 
qwerty 81 37 0 4.84884 -2.52106 2.07321 13.075 0.00739875 0.00833798 0.0993767 
qwerty 81 37 0 4.84884 -2.47081 2.12984 13.75 0.00739875 0.00833798 0.0993767 
qwerty 81 37 0 4.84884 -2.42055 2.18648 14.425 0.00739875 0.00833798 0.0993767 
qwerty 81 37 0 0.466167 -2.39625 2.21386 14.7514 -0.00294576 0.0996956 -0.0072183 
qwerty 81 37 0 0.466167 -2.44164 3.75 14.6402 -0.00294576 0.0996956 -0.0072183 
qwerty 81 37 0 0.466167 -2.45804 4.30487 14.6 -0.00294576 0.0996956 -0.0072183 
qwerty 94 81 0.606802 3.77587 -2.36949 2.20952 15.1 -0.01032 -0.00771969 0.099166 
qwerty 94 81 0 1.79563 -2.42411 2.13408 15.1 -0.0860812 0.0313516 0.0400888 
qwerty 94 81 0.305264 0.916622 -2.33663 2.20724 15.0473 0.0793525 0.0437986 -0.0422476 
qwerty 94 81 0.217609 0.699012 -2.23567 2.27551 15.0396 0.0505798 0.0858948 -0.00798518 
qwerty 94 81 0.269255 0.429758 -2.2236 2.41582 15.0635 0.0303054 0.0612831 0.0729792 
qwerty 94 81 0.105336 0.324422 -2.20845 2.44646 15.1 0.0240046 0.0724427 0.0646207 
qwerty 94 81 0.0094062 0.303072 -2.20469 2.44351 15.0966 0.0739302 -0.0392924 -0.0546849 
qwerty 94 81 0.0140958 0.288976 -2.19971 2.44081 15.0944 0.0884455 -0.0301629 -0.0356032 
qwerty 94 81 0.0197196 0.269257 -2.19555 2.43826 15.0924 0.0832664 -0.0507615 -0.0221356 
qwerty 94 81 0.031146 0.238111 -2.19011 2.43646 15.0916 0.0907603 -0.0417706 0.00421664 
qwerty 94 81 0.0114312 0.226679 -2.18521 2.43357 15.0922 0.0905351 -0.0355202 0.0232749 
qwerty 94 81 0.0114669 0.215213 -2.18062 2.43116 15.0927 0.0918653 -0.0393833 -0.00311786 
qwerty 94 81 0.0203335 0.194879 -2.17481 2.42934 15.0917 0.0754595 -0.055856 -0.034438 
qwerty 94 81 0.0112273 0.183652 -2.1719 2.42573 15.0893 0.0509101 -0.0815933 -0.0273989 
qwerty 94 81 0.0294288 0.154223 -2.16828 2.42089 15.087 0.0791401 -0.0603587 -0.00967833 
qwerty 94 81 0.0178741 0.136349 -2.16395 2.41516 15.088 0.0659696 -0.0428148 0.0617649 
qwerty 94 81 0.022051 0.114298 -2.15953 2.41501 15.094 -0.0555145 -0.00857448 0.0827322 
qwerty 94 81 0.0281516 0.0861463 -2.16323 2.4132 15.0975 -0.0996382 0.00534219 0.00660933 
qwerty 94 81 0.0388604 0.0472859 -2.16785 2.41452 15.0958 -0.0844727 -0.00693771 -0.0530681 
qwerty 94 81 0.0472859 0 -2.16969 2.41437 15.0947 -0.0844727 -0.00693771 -0.0530681 
qwerty 79 37 0 0.501154 -2.58662 1.94689 11.05 0.00797196 -0.0224971 0.0971099 
qwerty 78 37 0 1.31917 -2.56429 1.91301 11.05 0.0114856 -0.0281418 0.0952687 
qwerty 78 37 0 1.31917 -2.48291 1.71362 11.725 0.0114856 -0.0281418 0.0952687 
qwerty 78 37 0 1.16195 -2.36233 1.70219 12.4 0.0185799 0.00331094 0.098203 
qwerty 78 37 0 1.16195 -2.23462 1.72495 13.075 0.0185799 0.00331094 0.098203 
qwerty 78 37 0 1.16195 -2.10691 1.7477 13.75 0.0185799 0.00331094 0.098203 
qwerty 78 37 0 1.16195 -1.9792 1.77046 14.425 0.0185799 0.00331094 0.098203 
qwerty 78 37 0 1.16195 -1.85149 1.79322 15.1 0.0185799 0.00331094 0.098203 
qwerty 78 37 0 1.16195 -1.72378 1.81598 15.775 0.0185799 0.00331094 0.098203 
qwerty 78 37 0 0.267297 -1.25 1.64164 15.3883 0.0742185 -0.0273648 -0.0611783 
qwerty 78 37 0 0.267297 -1.11251 1.59094 15.275 0.0742185 -0.0273648 -0.0611783 
qwerty 101 78 0 0.782867 -1.72321 1.81853 15.775 -0.0391167 -0.0916868 0.00796296 
qwerty 77 37 0 1.79131 -2.81141 2.37308 10.375 0.00204642 0.0336967 0.0941294 
qwerty 77 37 0 1.79131 -2.79674 2.61472 11.05 0.00204642 0.0336967 0.0941294 
qwerty 77 37 0 1.79131 -2.78206 2.85636 11.725 0.00204642 0.0336967 0.0941294 
qwerty 77 37 0 1.79131 -2.76739 3.098 12.4 0.00204642 0.0336967 0.0941294 
qwerty 77 37 0 1.79131 -2.75271 3.33964 13.075 0.00204642 0.0336967 0.0941294 
qwerty 77 37 0 1.79131 -2.73804 3.58127 13.75 0.00204642 0.0336967 0.0941294 
qwerty 77 37 0 1.79131 -2.72336 3.82291 14.425 0.00204642 0.0336967 0.0941294 
qwerty 77 37 0 1.79131 -2.70869 4.06455 15.1 0.00204642 0.0336967 0.0941294 
qwerty 77 37 0 1.79131 -2.69401 4.30619 15.775 0.00204642 0.0336967 0.0941294 
qwerty 77 37 0 1.79131 -2.67934 4.54783 16.45 0.00204642 0.0336967 0.0941294 
qwerty 77 37 0 1.79131 -2.66466 4.78946 17.125 0.00204642 0.0336967 0.0941294 
qwerty 77 37 0 1.79131 -2.64999 5.0311 17.8 0.00204642 0.0336967 0.0941294 
qwerty 77 37 0 1.79131 -2.63531 5.27274 18.475 0.00204642 0.0336967 0.0941294 
qwerty 77 37 0 1.79131 -2.62064 5.51438 19.15 0.00204642 0.0336967 0.0941294 
qwerty 77 37 0 1.41991 -2.85365 5.75801 19.825 -0.036 0.0317143 0.0877394 
qwerty 77 37 0 1.41991 -3.13061 6.002 20.5 -0.036 0.0317143 0.0877394 
qwerty 77 37 0 1.41991 -3.40756 6.24598 21.175 -0.036 0.0317143 0.0877394 
qwerty 77 37 0 1.41991 -3.68452 6.48997 21.85 -0.036 0.0317143 0.0877394 
qwerty 77 37 0 1.41991 -3.96148 6.73395 22.525 -0.036 0.0317143 0.0877394 
qwerty 77 37 0 1.41991 -4.23843 6.97794 23.2 -0.036 0.0317143 0.0877394 
qwerty 77 37 0 1.41991 -4.51539 7.22193 23.875 -0.036 0.0317143 0.0877394 
qwerty 77 37 0 1.41991 -4.79234 7.46591 24.55 -0.036 0.0317143 0.0877394 
qwerty 77 37 0 1.41991 -5.0693 7.7099 25.225 -0.036 0.0317143 0.0877394 
qwerty 77 37 0 1.41991 -5.34626 7.95388 25.9 -0.036 0.0317143 0.0877394 
qwerty 76 37 0 0.905051 -2.80471 2.30072 9.7 -0.00394709 0.0601984 0.0797532 
qwerty 76 37 0 0.905051 -2.83812 2.81021 10.375 -0.00394709 0.0601984 0.0797532 
qwerty 76 37 0 0.905051 -2.87153 3.31971 11.05 -0.00394709 0.0601984 0.0797532 
qwerty 76 37 0 0.905051 -2.90493 3.8292 11.725 -0.00394709 0.0601984 0.0797532 
qwerty 76 37 0 0.905051 -2.93834 4.3387 12.4 -0.00394709 0.0601984 0.0797532 
qwerty 76 37 0 0.905051 -2.97175 4.84819 13.075 -0.00394709 0.0601984 0.0797532 
qwerty 76 37 0 0.905051 -3.00515 5.35769 13.75 -0.00394709 0.0601984 0.0797532 
qwerty 76 37 0 0.905051 -3.03856 5.86719 14.425 -0.00394709 0.0601984 0.0797532 
qwerty 76 37 0 0.905051 -3.06366 6.25 14.9322 -0.00394709 0.0601984 0.0797532 
qwerty 76 37 0 0.905051 -3.07197 6.37668 15.1 -0.00394709 0.0601984 0.0797532 
qwerty 76 37 0 0.905051 -3.10537 6.88618 15.775 -0.00394709 0.0601984 0.0797532 
qwerty 76 37 0 0.905051 -3.13878 7.39567 16.45 -0.00394709 0.0601984 0.0797532 
qwerty 76 37 0 0.192053 -2.57917 7.46763 16.066 -0.0256134 -0.0023074 -0.0966366 
qwerty 76 37 0 0.192053 -2.60992 7.46486 15.95 -0.0256134 -0.0023074 -0.0966366 
qwerty 76 37 0 0.192053 -2.78882 7.44874 15.275 -0.0256134 -0.0023074 -0.0966366 
qwerty 107 76 0.0603238 0 -2.57587 7.46792 16.0665 0.0985891 0.00881429 0.0142302 
qwerty 75 37 0 14.6045 -2.97579 2.43769 9.7 -0.0240739 0.0688883 0.0683728 
qwerty 75 37 0 14.6045 -3.21346 3.11778 10.375 -0.0240739 0.0688883 0.0683728 
qwerty 75 37 0 14.6045 -3.4344 3.75 11.0025 -0.0240739 0.0688883 0.0683728 
qwerty 75 37 0 14.6045 -3.45112 3.79786 11.05 -0.0240739 0.0688883 0.0683728 
qwerty 75 37 0 14.6045 -3.68879 4.47795 11.725 -0.0240739 0.0688883 0.0683728 
qwerty 75 37 0 14.6045 -3.92646 5.15804 12.4 -0.0240739 0.0688883 0.0683728 
qwerty 75 37 0 14.6045 -4.16412 5.83813 13.075 -0.0240739 0.0688883 0.0683728 
qwerty 75 37 0 14.6045 -4.30806 6.25 13.4838 -0.0240739 0.0688883 0.0683728 
qwerty 75 37 0 14.6045 -4.40179 6.51822 13.75 -0.0240739 0.0688883 0.0683728 
qwerty 75 37 0 14.6045 -4.63946 7.19831 14.425 -0.0240739 0.0688883 0.0683728 
qwerty 75 37 0 14.6045 -4.87712 7.8784 15.1 -0.0240739 0.0688883 0.0683728 
qwerty 75 37 0 14.6045 -5.11479 8.55849 15.775 -0.0240739 0.0688883 0.0683728 
qwerty 75 37 0 14.6045 -5.18171 8.75 15.9651 -0.0240739 0.0688883 0.0683728 
qwerty 75 37 0 14.6045 -5.35245 9.23858 16.45 -0.0240739 0.0688883 0.0683728 
qwerty 75 37 0 14.6045 -5.59012 9.91867 17.125 -0.0240739 0.0688883 0.0683728 
qwerty 75 37 0 14.6045 -5.82779 10.5988 17.8 -0.0240739 0.0688883 0.0683728 
qwerty 75 37 0 14.6045 -6.06545 11.2788 18.475 -0.0240739 0.0688883 0.0683728 
qwerty 75 37 0 14.6045 -6.30312 11.9589 19.15 -0.0240739 0.0688883 0.0683728 
qwerty 75 37 0 14.6045 -6.54079 12.639 19.825 -0.0240739 0.0688883 0.0683728 
qwerty 75 37 0 14.6045 -6.77845 13.3191 20.5 -0.0240739 0.0688883 0.0683728 
qwerty 75 37 0 14.6045 -7.01612 13.9992 21.175 -0.0240739 0.0688883 0.0683728 
qwerty 75 37 0 14.6045 -7.25379 14.6793 21.85 -0.0240739 0.0688883 0.0683728 
qwerty 109 75 0 5.21214 -7.2332 14.749 22.025 0.0562285 -0.0382512 -0.0733157 
qwerty 111 109 0 0.461837 -6.88047 15.2006 21.35 0.0386109 0.0527258 -0.0756914 
qwerty 74 37 0 0.362138 -3.03705 2.36494 9.7 -0.032162 0.0624982 0.0711307 
qwerty 74 37 0 0.362138 -3.34226 2.95802 10.375 -0.032162 0.0624982 0.0711307 
qwerty 74 37 0 0.341671 -3.63524 3.2146 11.05 -0.0382235 0.0258336 0.088722 
qwerty 74 37 0 0.341671 -3.75 3.29216 11.3164 -0.0382235 0.0258336 0.088722 
qwerty 74 37 0 0.341671 -3.92605 3.41115 11.725 -0.0382235 0.0258336 0.088722 
qwerty 74 37 0 0.341671 -4.21685 3.60769 12.4 -0.0382235 0.0258336 0.088722 
qwerty 74 37 0 0.341671 -4.50766 3.80423 13.075 -0.0382235 0.0258336 0.088722 
qwerty 74 37 0 0.341671 -4.79846 4.00078 13.75 -0.0382235 0.0258336 0.088722 
qwerty 74 37 0 0.341671 -5.08927 4.19732 14.425 -0.0382235 0.0258336 0.088722 
qwerty 74 37 0 0.235425 -4.43023 4.24205 15.1 0.0737398 0.00321394 0.0674693 
qwerty 73 37 0 1.52445 -3.04083 2.35131 9.7 -0.0328151 0.061425 0.0717645 
qwerty 73 37 0 1.52445 -3.34948 2.92906 10.375 -0.0328151 0.061425 0.0717645 
qwerty 73 37 0 1.52445 -3.65813 3.50681 11.05 -0.0328151 0.061425 0.0717645 
qwerty 73 37 0 1.52445 -3.75 3.67877 11.2509 -0.0328151 0.061425 0.0717645 
qwerty 73 37 0 1.52445 -3.96678 4.08456 11.725 -0.0328151 0.061425 0.0717645 
qwerty 73 37 0 1.52445 -4.27543 4.66231 12.4 -0.0328151 0.061425 0.0717645 
qwerty 73 37 0 1.52445 -4.58409 5.24006 13.075 -0.0328151 0.061425 0.0717645 
qwerty 73 37 0 1.52445 -4.89274 5.8178 13.75 -0.0328151 0.061425 0.0717645 
qwerty 73 37 0 1.52445 -5.20139 6.39555 14.425 -0.0328151 0.061425 0.0717645 
qwerty 73 37 0 1.52445 -5.51004 6.9733 15.1 -0.0328151 0.061425 0.0717645 
qwerty 73 37 0 1.52445 -5.81869 7.55105 15.775 -0.0328151 0.061425 0.0717645 
qwerty 73 37 0 1.52445 -6.12734 8.1288 16.45 -0.0328151 0.061425 0.0717645 
qwerty 73 37 0 1.52445 -6.25 8.3584 16.7182 -0.0328151 0.061425 0.0717645 
qwerty 73 37 0 1.52445 -6.43599 8.70655 17.125 -0.0328151 0.061425 0.0717645 
qwerty 73 37 0 1.52445 -6.74464 9.2843 17.8 -0.0328151 0.061425 0.0717645 
qwerty 73 37 0 1.52445 -7.0533 9.86204 18.475 -0.0328151 0.061425 0.0717645 
qwerty 73 37 0 1.52445 -7.36195 10.4398 19.15 -0.0328151 0.061425 0.0717645 
qwerty 73 37 0 1.52445 -7.6706 11.0175 19.825 -0.0328151 0.061425 0.0717645 
qwerty 73 37 0 1.52445 -7.79479 11.25 20.0966 -0.0328151 0.061425 0.0717645 
qwerty 73 37 0 1.52445 -7.97925 11.5953 20.5 -0.0328151 0.061425 0.0717645 
qwerty 73 37 0 1.52445 -8.2879 12.173 21.175 -0.0328151 0.061425 0.0717645 
qwerty 73 37 0 1.52445 -8.59655 12.7508 21.85 -0.0328151 0.061425 0.0717645 
qwerty 73 37 0 1.52445 -8.75 13.038 22.1856 -0.0328151 0.061425 0.0717645 
qwerty 73 37 0 1.52445 -8.9052 13.3285 22.525 -0.0328151 0.061425 0.0717645 
qwerty 73 37 0 1.52445 -9.13036 13.75 23.0174 -0.0328151 0.061425 0.0717645 
qwerty 73 37 0 1.52445 -9.21386 13.9063 23.2 -0.0328151 0.061425 0.0717645 
qwerty 73 37 0 1.52445 -9.52251 14.484 23.875 -0.0328151 0.061425 0.0717645 
qwerty 73 37 0 1.52445 -9.83116 15.0618 24.55 -0.0328151 0.061425 0.0717645 
qwerty 73 37 0 1.52445 -10.1398 15.6395 25.225 -0.0328151 0.061425 0.0717645 
qwerty 73 37 0 1.52445 -10.4485 16.2173 25.9 -0.0328151 0.061425 0.0717645 
qwerty 73 37 0 0.700022 -10.0228 16.8585 26.575 0.0551625 0.058236 0.0597132 
qwerty 73 37 0 0.700022 -9.39923 17.5168 27.25 0.0551625 0.058236 0.0597132 
qwerty 73 37 0 0.700022 -8.77567 18.1751 27.925 0.0551625 0.058236 0.0597132 
qwerty 73 37 0 0.700022 -8.2311 18.75 28.5145 0.0551625 0.058236 0.0597132 
qwerty 73 37 0 0.700022 -8.15211 18.8334 28.6 0.0551625 0.058236 0.0597132 
qwerty 73 37 0 0.700022 -7.52855 19.4917 29.275 0.0551625 0.058236 0.0597132 
qwerty 73 37 0 0.246624 -7.26357 19.4903 28.775 0.0414219 -0.00476309 -0.090893 
qwerty 73 37 0 0.246624 -6.95596 19.4549 28.1 0.0414219 -0.00476309 -0.090893 
qwerty 73 37 0 0.246624 -6.64835 19.4196 27.425 0.0414219 -0.00476309 -0.090893 
qwerty 73 37 0 0.246624 -6.34074 19.3842 26.75 0.0414219 -0.00476309 -0.090893 
qwerty 73 37 0 0.246624 -6.25 19.3738 26.5509 0.0414219 -0.00476309 -0.090893 
qwerty 73 37 0 0.130248 -6.18202 19.366 26.4017 0.00195952 -0.027881 0.0960146 
qwerty 73 37 0 0.130248 -6.17848 19.3156 26.575 0.00195952 -0.027881 0.0960146 
qwerty 126 73 0.116377 0 -6.17916 19.3667 26.3917 0.0273655 0.00674969 -0.0959457 
qwerty 128 72 0.90485 4.68174 -2.68857 1.65583 9.025 -0.0249511 0.0466835 0.0848416 
qwerty 130 128 0.84113 1.17846 -2.66391 1.74768 8.78561 0.00618442 0.0166254 0.0984142 
qwerty 130 128 0.354437 0.824026 -2.67295 1.79651 8.99814 0.018104 -0.0020818 0.0983255 
qwerty 130 128 0.0550935 0.768932 -2.66801 1.79594 9.025 -0.00387686 0.00346468 0.0998647 
qwerty 130 128 0.00633805 0.223395 -2.66569 1.7947 9.02262 -0.00202779 -0.0610043 -0.0792109 
qwerty 130 128 0.0097114 0.213684 -2.66611 1.79298 9.01997 -0.00379212 -0.0213485 -0.097621 
qwerty 130 128 0.007134 0.20655 -2.66614 1.79225 9.01673 0.00846641 -0.0662605 -0.0744168 
qwerty 130 128 0.00716082 0.199389 -2.66529 1.78939 9.01392 0.0104273 -0.0497344 -0.0861264 
qwerty 130 128 0.0251212 0.174268 -2.66488 1.78648 9.00836 -0.0301705 -0.053276 -0.0790658 
qwerty 130 128 0.0403114 0.133957 -2.66899 1.78143 9.00261 -0.00128902 -0.0865167 -0.0501319 
qwerty 130 128 0.0447061 0.0892504 -2.67043 1.7727 8.99878 0.0588802 -0.00450359 0.0807022 
qwerty 130 128 0.0892504 0 -2.66652 1.7724 9.00413 0.0588802 -0.00450359 0.0807022 
qwerty 133 130 0 0.467759 -2.44061 1.80648 9.7 0.0319137 0.001515 0.0947587 
qwerty 134 133 0.0184838 0.312363 -2.37817 1.80481 9.87788 0.0261077 -0.0887373 0.0380011 
qwerty 134 133 0.00736579 0.304997 -2.37629 1.80035 9.87899 0.0456634 -0.0830699 0.0318473 
qwerty 134 133 0.0106727 0.294324 -2.37379 1.79472 9.88012 -0.00511057 -0.0960205 0.0274579 
qwerty 134 133 0.0141924 0.280132 -2.37304 1.78891 9.88254 -0.00394424 -0.0904308 0.0425055 
qwerty 134 133 0.0118901 0.268242 -2.37348 1.78358 9.88456 0.0125043 -0.0878278 0.0461511 
qwerty 134 133 0.0172088 0.251033 -2.3739 1.77833 9.88852 -0.0109105 -0.084875 0.0517417 
qwerty 134 133 0.0181319 0.232901 -2.3724 1.77142 9.89244 0.0109733 -0.0975136 0.0192532 
qwerty 134 133 0.0273758 0.205525 -2.36858 1.76224 9.89564 0.072289 -0.0547273 -0.0421809 
qwerty 134 133 0.0499355 0.15559 -2.3602 1.75445 9.8933 0.0137498 -0.0986037 0.00939418 
qwerty 134 133 0.0299132 0.125676 -2.35459 1.74541 9.89699 0.0229553 -0.0648669 0.0725627 
qwerty 134 133 0.0747465 0.0509298 -2.35298 1.74403 9.90791 0.0208509 -0.0889639 0.0406283 
qwerty 134 133 0.0509298 0 -2.35246 1.74182 9.90892 0.0208509 -0.0889639 0.0406283 
qwerty 71 37 0 0.262904 -2.59584 1.73164 9.025 -0.0141895 0.0184588 0.0972519 
qwerty 71 37 0 0.262904 -2.69433 1.85976 9.7 -0.0141895 0.0184588 0.0972519 
qwerty 70 37 0 0.0991055 -2.49755 1.6074 8.35 -0.0118388 0.0183585 0.0975849 
qwerty 69 37 0 0.128481 -2.49801 1.60954 8.35 -0.0119452 0.0179435 0.0976491 
qwerty 68 37 0 0.658853 -2.5552 1.5912 8.35 -0.0220497 0.0147317 0.0964199 
qwerty 66 37 0 3.81259 -2.21496 1.25 6.79749 -0.0226474 0.0244085 0.0942938 
qwerty 66 37 0 3.81259 -2.26359 1.30242 7 -0.0226474 0.0244085 0.0942938 
qwerty 66 37 0 3.81259 -2.42571 1.47715 7.675 -0.0226474 0.0244085 0.0942938 
qwerty 66 37 0 3.81259 -2.58783 1.65188 8.35 -0.0226474 0.0244085 0.0942938 
qwerty 66 37 0 3.81259 -2.74995 1.8266 9.025 -0.0226474 0.0244085 0.0942938 
qwerty 66 37 0 3.81259 -2.91207 2.00133 9.7 -0.0226474 0.0244085 0.0942938 
qwerty 66 37 0 3.81259 -3.0742 2.17606 10.375 -0.0226474 0.0244085 0.0942938 
qwerty 66 37 0 3.81259 -3.23632 2.35079 11.05 -0.0226474 0.0244085 0.0942938 
qwerty 66 37 0 3.81259 -3.39844 2.52551 11.725 -0.0226474 0.0244085 0.0942938 
qwerty 66 37 0 3.81259 -3.56056 2.70024 12.4 -0.0226474 0.0244085 0.0942938 
qwerty 66 37 0 3.81259 -3.72268 2.87497 13.075 -0.0226474 0.0244085 0.0942938 
qwerty 66 37 0 3.81259 -3.8848 3.0497 13.75 -0.0226474 0.0244085 0.0942938 
qwerty 66 37 0 3.81259 -4.04692 3.22442 14.425 -0.0226474 0.0244085 0.0942938 
qwerty 66 37 0 3.81259 -4.20904 3.39915 15.1 -0.0226474 0.0244085 0.0942938 
qwerty 66 37 0 1.05052 -4.73865 4.81836 15.775 -0.0318829 0.0865581 0.0386159 
qwerty 144 142 0 0.292837 -4.20715 3.40073 15.775 0.00245985 -0.00184146 0.0999528 
qwerty 144 142 0 0.292837 -4.19054 3.38829 16.45 0.00245985 -0.00184146 0.0999528 
qwerty 144 142 0 0.292837 -4.17393 3.37586 17.125 0.00245985 -0.00184146 0.0999528 
qwerty 144 142 0 0.292837 -4.15732 3.36342 17.8 0.00245985 -0.00184146 0.0999528 
qwerty 65 37 0 5.57089 -2.2731 1.25 6.9148 -0.0277639 0.0190292 0.094165 
qwerty 65 37 0 5.57089 -2.29822 1.26722 7 -0.0277639 0.0190292 0.094165 
qwerty 65 37 0 5.57089 -2.49724 1.40362 7.675 -0.0277639 0.0190292 0.094165 
qwerty 65 37 0 5.57089 -2.69625 1.54003 8.35 -0.0277639 0.0190292 0.094165 
qwerty 65 37 0 5.57089 -2.89527 1.67644 9.025 -0.0277639 0.0190292 0.094165 
qwerty 65 37 0 5.57089 -3.09429 1.81284 9.7 -0.0277639 0.0190292 0.094165 
qwerty 65 37 0 5.57089 -3.29331 1.94925 10.375 -0.0277639 0.0190292 0.094165 
qwerty 65 37 0 5.57089 -3.49233 2.08566 11.05 -0.0277639 0.0190292 0.094165 
qwerty 65 37 0 5.57089 -3.69135 2.22206 11.725 -0.0277639 0.0190292 0.094165 
qwerty 149 147 0 0.212103 -3.48168 2.30956 11.439 0.00528703 -0.0697447 -0.0714683 
qwerty 149 147 0 0.212103 -3.46584 2.1007 11.225 0.00528703 -0.0697447 -0.0714683 
qwerty 150 149 0.0517338 0 -3.48032 2.31159 11.4383 0.0529958 0.0792621 -0.0301489 
qwerty 64 37 0 37.8438 -2.10702 1.1185 6.325 -0.0299993 0.0153186 0.0941562 
qwerty 64 37 0 37.8438 -2.32209 1.22832 7 -0.0299993 0.0153186 0.0941562 
qwerty 64 37 0 37.8438 -2.53715 1.33814 7.675 -0.0299993 0.0153186 0.0941562 
qwerty 154 152 0 0.845187 -2.72784 1.48001 8.35 -0.0265073 0.02007 0.094311 
qwerty 154 152 0 0.845187 -2.91756 1.62365 9.025 -0.0265073 0.02007 0.094311 
qwerty 154 152 0 0.845187 -3.10728 1.76729 9.7 -0.0265073 0.02007 0.094311 
qwerty 154 152 0 0.845187 -3.29699 1.91094 10.375 -0.0265073 0.02007 0.094311 
qwerty 154 152 0 0.845187 -3.48671 2.05458 11.05 -0.0265073 0.02007 0.094311 
qwerty 154 152 0 0.845187 -3.67643 2.19823 11.725 -0.0265073 0.02007 0.094311 
qwerty 154 152 0 0.845187 -3.86615 2.34187 12.4 -0.0265073 0.02007 0.094311 
qwerty 154 152 0 0.845187 -4.05586 2.48552 13.075 -0.0265073 0.02007 0.094311 
qwerty 154 152 0 0.845187 -4.24558 2.62916 13.75 -0.0265073 0.02007 0.094311 
qwerty 154 152 0 0.845187 -4.4353 2.77281 14.425 -0.0265073 0.02007 0.094311 
qwerty 154 152 0 0.845187 -4.62502 2.91645 15.1 -0.0265073 0.02007 0.094311 
qwerty 154 152 0 0.686861 -4.58348 3.29682 15.775 0.0122394 0.0541561 0.0831704 
qwerty 58 5 0 2.75071 1.83132 -0.22802 3.625 0.0559391 0.0258509 0.0787563 
qwerty 58 5 0 2.75071 2.31076 -0.00645906 4.3 0.0559391 0.0258509 0.0787563 
qwerty 58 5 0 2.75071 2.7902 0.215102 4.975 0.0559391 0.0258509 0.0787563 
qwerty 58 5 0 2.75071 3.26964 0.436664 5.65 0.0559391 0.0258509 0.0787563 
qwerty 58 5 0 2.75071 3.74908 0.658225 6.325 0.0559391 0.0258509 0.0787563 
qwerty 58 5 0 2.75071 4.22852 0.879787 7 0.0559391 0.0258509 0.0787563 
qwerty 58 5 0 2.75071 4.70796 1.10135 7.675 0.0559391 0.0258509 0.0787563 
qwerty 58 5 0 2.75071 5.02963 1.25 8.12788 0.0559391 0.0258509 0.0787563 
qwerty 58 5 0 2.75071 5.1874 1.32291 8.35 0.0559391 0.0258509 0.0787563 
qwerty 58 5 0 2.75071 5.66684 1.54447 9.025 0.0559391 0.0258509 0.0787563 
qwerty 58 5 0 2.75071 6.14628 1.76603 9.7 0.0559391 0.0258509 0.0787563 
qwerty 58 5 0 2.75071 6.62572 1.98759 10.375 0.0559391 0.0258509 0.0787563 
qwerty 58 5 0 2.12199 7.31547 2.03703 11.05 0.0740347 0.000546903 0.0672203 
qwerty 58 5 0 2.12199 8.05889 2.04252 11.725 0.0740347 0.000546903 0.0672203 
qwerty 58 5 0 2.12199 8.80232 2.04801 12.4 0.0740347 0.000546903 0.0672203 
qwerty 58 5 0 2.12199 9.54575 2.0535 13.075 0.0740347 0.000546903 0.0672203 
qwerty 58 5 0 2.12199 10.2892 2.05899 13.75 0.0740347 0.000546903 0.0672203 
qwerty 58 5 0 2.12199 11.0326 2.06449 14.425 0.0740347 0.000546903 0.0672203 
qwerty 58 5 0 2.12199 11.776 2.06998 15.1 0.0740347 0.000546903 0.0672203 
qwerty 58 5 0 2.12199 12.5195 2.07547 15.775 0.0740347 0.000546903 0.0672203 
qwerty 58 5 0 2.12199 13.2629 2.08096 16.45 0.0740347 0.000546903 0.0672203 
qwerty 58 5 0 1.48593 13.75 2.19108 16.6621 0.0914584 0.0240591 0.0325042 
qwerty 58 5 0 1.48593 15.0526 2.53374 17.125 0.0914584 0.0240591 0.0325042 
qwerty 58 5 0 0.377098 15.5897 1.9935 16.625 0.0389326 -0.0663904 -0.063848 
qwerty 58 5 0 0.377098 16.0013 1.29163 15.95 0.0389326 -0.0663904 -0.063848 
qwerty 58 5 0 0.298062 16.25 1.15201 15.741 0.0905331 -0.00264625 -0.0423881 
qwerty 58 5 0 0.298062 17.2453 1.12292 15.275 0.0905331 -0.00264625 -0.0423881 
qwerty 55 5 0 0.0890385 1.37525 -0.468934 2.95 0.0138024 0.0428437 0.0892967 
qwerty 178 53 0.816368 1.68552 1.00538 -0.817993 2.7803 -0.0687913 -0.0144455 0.0711272 
qwerty 178 53 0.793431 0.892087 0.841257 -0.852458 2.95 -0.066367 -0.050599 0.0550923 
qwerty 178 53 0.107145 0.74086 0.786856 -0.880628 2.94742 -0.0875766 -0.0180859 -0.0447576 
qwerty 178 53 0.0980354 0.642824 0.748137 -0.90564 2.92405 -0.083345 -0.0399094 -0.038221 
qwerty 178 53 0.044178 0.30083 0.728621 -0.914463 2.90874 0.00350685 -0.0999379 0.000352096 
qwerty 178 53 0.175437 0.125393 0.731114 -0.957963 2.87799 0.0751858 0.0379792 -0.053895 
qwerty 178 53 0.125393 0 0.740034 -0.953458 2.8716 0.0751858 0.0379792 -0.053895 
qwerty 182 178 0.0490992 0.248717 0.71318 -0.92161 2.89081 -0.0344961 -0.0213717 -0.0913962 
qwerty 182 178 0.0841394 0.164578 0.69807 -0.915768 2.86594 -0.092171 0.0238644 -0.0305777 
qwerty 182 178 0.164578 0 0.680847 -0.911309 2.86023 -0.092171 0.0238644 -0.0305777 
qwerty 181 178 0.16599 0.60321 0.962021 -0.910578 2.76317 0.0414688 -0.0807668 -0.0419173 
qwerty 181 178 0.19408 0.409129 0.971248 -1.01744 2.7618 0.0511339 -0.0798326 0.0318131 
qwerty 181 178 0.318015 0.091114 1.01111 -1.07967 2.7866 0.0353773 -0.0611118 -0.0708082 
qwerty 181 178 0.091114 0 1.01354 -1.08387 2.78173 0.0353773 -0.0611118 -0.0708082 
qwerty 180 178 0 0.438006 1.24561 -0.794279 2.95 -0.0180117 -0.0162936 0.0970057 
qwerty 52 5 0 52.4654 1.74495 -0.850196 2.95 0.0589285 -0.0223884 0.0776286 
qwerty 52 5 0 52.4654 2.25735 -1.04487 3.625 0.0589285 -0.0223884 0.0776286 
qwerty 52 5 0 52.4654 2.76975 -1.23954 4.3 0.0589285 -0.0223884 0.0776286 
qwerty 52 5 0 52.4654 3.28215 -1.43421 4.975 0.0589285 -0.0223884 0.0776286 
qwerty 52 5 0 52.4654 3.79454 -1.62889 5.65 0.0589285 -0.0223884 0.0776286 
qwerty 52 5 0 52.4654 4.30694 -1.82356 6.325 0.0589285 -0.0223884 0.0776286 
qwerty 52 5 0 52.4654 4.81934 -2.01823 7 0.0589285 -0.0223884 0.0776286 
qwerty 52 5 0 52.4654 5.33174 -2.2129 7.675 0.0589285 -0.0223884 0.0776286 
qwerty 52 5 0 52.4654 5.84414 -2.40758 8.35 0.0589285 -0.0223884 0.0776286 
qwerty 52 5 0 52.4654 6.25 -2.56177 8.88466 0.0589285 -0.0223884 0.0776286 
qwerty 52 5 0 52.4654 6.35653 -2.60225 9.025 0.0589285 -0.0223884 0.0776286 
qwerty 184 52 1.085 22.3162 6.84327 -2.87169 9.7 0.0524897 -0.0303706 0.0795139 
qwerty 194 184 0 2.43197 7.08477 -2.51196 10.375 0.0306257 0.0573614 0.0759719 
qwerty 194 184 0 2.43197 7.35688 -2.00231 11.05 0.0306257 0.0573614 0.0759719 
qwerty 194 184 0 2.43197 7.62898 -1.49266 11.725 0.0306257 0.0573614 0.0759719 
qwerty 194 184 0 2.43197 7.75854 -1.25 12.0464 0.0306257 0.0573614 0.0759719 
qwerty 194 184 0 2.43197 7.90109 -0.983013 12.4 0.0306257 0.0573614 0.0759719 
qwerty 194 184 0 0.355042 8.13681 -0.541504 12.9848 0.0652506 -0.0757747 0.000746949 
qwerty 194 184 0 0.220541 8.25544 -0.679268 12.9861 -0.055037 -0.062984 0.0548082 
qwerty 194 184 0 0.220541 8.16618 -0.781417 13.075 -0.055037 -0.062984 0.0548082 
qwerty 196 194 0.134502 0 8.26739 -0.683673 12.9821 0.0895148 -0.0329936 -0.0299753 
qwerty 195 194 0.170676 1.90625 8.16191 -0.460107 13.075 0.0152266 0.0585822 0.0796007 
qwerty 193 184 0 9.58725 7.03915 -3.03884 10.375 0.0243792 -0.0197828 0.0949436 
qwerty 193 184 0 9.58725 7.21248 -3.17948 11.05 0.0243792 -0.0197828 0.0949436 
qwerty 193 184 0 9.58725 7.3858 -3.32013 11.725 0.0243792 -0.0197828 0.0949436 
qwerty 193 184 0 9.58725 7.55912 -3.46077 12.4 0.0243792 -0.0197828 0.0949436 
qwerty 193 184 0 9.58725 7.73245 -3.60142 13.075 0.0243792 -0.0197828 0.0949436 
qwerty 193 184 0 9.58725 7.90577 -3.74206 13.75 0.0243792 -0.0197828 0.0949436 
qwerty 193 184 0 9.58725 8.0791 -3.88271 14.425 0.0243792 -0.0197828 0.0949436 
qwerty 193 184 0 9.58725 8.25242 -4.02335 15.1 0.0243792 -0.0197828 0.0949436 
qwerty 193 184 0 9.58725 8.42574 -4.164 15.775 0.0243792 -0.0197828 0.0949436 
qwerty 193 184 0 9.58725 8.59907 -4.30464 16.45 0.0243792 -0.0197828 0.0949436 
qwerty 193 184 0 9.58725 8.75 -4.42712 17.0378 0.0243792 -0.0197828 0.0949436 
qwerty 193 184 0 9.58725 8.77239 -4.44529 17.125 0.0243792 -0.0197828 0.0949436 
qwerty 193 184 0 9.58725 8.94571 -4.58593 17.8 0.0243792 -0.0197828 0.0949436 
qwerty 193 184 0 9.58725 9.11904 -4.72658 18.475 0.0243792 -0.0197828 0.0949436 
qwerty 193 184 0 9.58725 9.29236 -4.86722 19.15 0.0243792 -0.0197828 0.0949436 
qwerty 192 184 0 7.23877 7.3099 -3.06606 10.375 0.0558521 -0.0213703 0.0801489 
qwerty 192 184 0 7.23877 7.78028 -3.24604 11.05 0.0558521 -0.0213703 0.0801489 
qwerty 192 184 0 7.23877 8.25065 -3.42602 11.725 0.0558521 -0.0213703 0.0801489 
qwerty 192 184 0 7.23877 8.72103 -3.60599 12.4 0.0558521 -0.0213703 0.0801489 
qwerty 192 184 0 7.23877 9.1914 -3.78597 13.075 0.0558521 -0.0213703 0.0801489 
qwerty 192 184 0 7.23877 9.66178 -3.96595 13.75 0.0558521 -0.0213703 0.0801489 
qwerty 192 184 0 7.23877 10.1322 -4.14592 14.425 0.0558521 -0.0213703 0.0801489 
qwerty 192 184 0 7.23877 10.6025 -4.3259 15.1 0.0558521 -0.0213703 0.0801489 
qwerty 192 184 0 4.13365 10.8667 -4.59761 15.775 0.0288725 -0.0378628 0.0879363 
qwerty 192 184 0 4.13365 11.0883 -4.88824 16.45 0.0288725 -0.0378628 0.0879363 
qwerty 192 184 0 4.13365 11.25 -5.10025 16.9424 0.0288725 -0.0378628 0.0879363 
qwerty 192 184 0 4.13365 11.31 -5.17888 17.125 0.0288725 -0.0378628 0.0879363 
qwerty 192 184 0 4.13365 11.5316 -5.46951 17.8 0.0288725 -0.0378628 0.0879363 
qwerty 192 184 0 4.13365 11.7532 -5.76015 18.475 0.0288725 -0.0378628 0.0879363 
qwerty 192 184 0 4.13365 11.9748 -6.05079 19.15 0.0288725 -0.0378628 0.0879363 
qwerty 192 184 0 4.13365 12.1965 -6.34142 19.825 0.0288725 -0.0378628 0.0879363 
qwerty 192 184 0 4.13365 12.4181 -6.63206 20.5 0.0288725 -0.0378628 0.0879363 
qwerty 192 184 0 4.13365 12.6397 -6.92269 21.175 0.0288725 -0.0378628 0.0879363 
qwerty 192 184 0 4.13365 12.8613 -7.21333 21.85 0.0288725 -0.0378628 0.0879363 
qwerty 192 184 0 4.13365 13.083 -7.50396 22.525 0.0288725 -0.0378628 0.0879363 
qwerty 192 184 0 4.13365 13.3046 -7.7946 23.2 0.0288725 -0.0378628 0.0879363 
qwerty 192 184 0 0.506739 12.5356 -10.5636 23.8269 -0.086383 -0.0497081 0.00819076 
qwerty 192 184 0 0.506739 12.0288 -10.8552 23.875 -0.086383 -0.0497081 0.00819076 
qwerty 209 192 0.190148 0 12.5476 -10.5835 23.8314 0.0506037 -0.0841562 0.0188944 
qwerty 191 184 0 5.97946 6.86006 -2.90107 9.7 0.0590507 -0.0347199 0.0728529 
qwerty 191 184 0 5.97946 7.40718 -3.22276 10.375 0.0590507 -0.0347199 0.0728529 
qwerty 191 184 0 5.97946 7.9543 -3.54445 11.05 0.0590507 -0.0347199 0.0728529 
qwerty 191 184 0 5.97946 8.50142 -3.86614 11.725 0.0590507 -0.0347199 0.0728529 
qwerty 191 184 0 5.97946 9.04854 -4.18783 12.4 0.0590507 -0.0347199 0.0728529 
qwerty 191 184 0 5.97946 9.59566 -4.50951 13.075 0.0590507 -0.0347199 0.0728529 
qwerty 191 184 0 5.97946 10.1428 -4.8312 13.75 0.0590507 -0.0347199 0.0728529 
qwerty 191 184 0 5.97946 10.6899 -5.15289 14.425 0.0590507 -0.0347199 0.0728529 
qwerty 191 184 0 5.97946 11.237 -5.47458 15.1 0.0590507 -0.0347199 0.0728529 
qwerty 191 184 0 5.97946 11.7841 -5.79627 15.775 0.0590507 -0.0347199 0.0728529 
qwerty 191 184 0 5.97946 12.3312 -6.11795 16.45 0.0590507 -0.0347199 0.0728529 
qwerty 191 184 0 5.97946 12.8784 -6.43964 17.125 0.0590507 -0.0347199 0.0728529 
qwerty 191 184 0 5.97946 13.4255 -6.76133 17.8 0.0590507 -0.0347199 0.0728529 
qwerty 191 184 0 5.97946 13.75 -6.95213 18.2004 0.0590507 -0.0347199 0.0728529 
qwerty 191 184 0 5.97946 13.9726 -7.08302 18.475 0.0590507 -0.0347199 0.0728529 
qwerty 189 184 0 1.08889 6.74534 -2.81788 9.7 0.0473747 -0.0270635 0.0838046 
qwerty 189 184 0 1.08889 7.12691 -3.03586 10.375 0.0473747 -0.0270635 0.0838046 
qwerty 189 184 0 1.08889 7.50849 -3.25384 11.05 0.0473747 -0.0270635 0.0838046 
qwerty 189 184 0 1.08889 7.89007 -3.47182 11.725 0.0473747 -0.0270635 0.0838046 
qwerty 189 184 0 1.08889 8.27164 -3.68981 12.4 0.0473747 -0.0270635 0.0838046 
qwerty 189 184 0 1.08889 8.65322 -3.90779 13.075 0.0473747 -0.0270635 0.0838046 
qwerty 189 184 0 1.08889 9.0348 -4.12577 13.75 0.0473747 -0.0270635 0.0838046 
qwerty 189 184 0 1.08889 9.41637 -4.34375 14.425 0.0473747 -0.0270635 0.0838046 
qwerty 189 184 0 1.08889 9.79795 -4.56173 15.1 0.0473747 -0.0270635 0.0838046 
qwerty 189 184 0 1.08889 10.1795 -4.77972 15.775 0.0473747 -0.0270635 0.0838046 
qwerty 188 184 0 9.07987 6.7272 -2.76384 9.7 0.04638 -0.0203629 0.0862221 
qwerty 188 184 0 9.07987 7.09029 -2.92325 10.375 0.04638 -0.0203629 0.0862221 
qwerty 188 184 0 9.07987 7.45338 -3.08267 11.05 0.04638 -0.0203629 0.0862221 
qwerty 188 184 0 9.07987 7.81648 -3.24208 11.725 0.04638 -0.0203629 0.0862221 
qwerty 188 184 0 9.07987 8.17957 -3.40149 12.4 0.04638 -0.0203629 0.0862221 
qwerty 188 184 0 9.07987 8.54266 -3.56091 13.075 0.04638 -0.0203629 0.0862221 
qwerty 188 184 0 9.07987 8.90575 -3.72032 13.75 0.04638 -0.0203629 0.0862221 
qwerty 188 184 0 9.07987 9.26884 -3.87973 14.425 0.04638 -0.0203629 0.0862221 
qwerty 188 184 0 9.07987 9.63193 -4.03915 15.1 0.04638 -0.0203629 0.0862221 
qwerty 188 184 0 9.07987 9.99503 -4.19856 15.775 0.04638 -0.0203629 0.0862221 
qwerty 188 184 0 9.07987 10.3581 -4.35797 16.45 0.04638 -0.0203629 0.0862221 
qwerty 188 184 0 9.07987 10.7212 -4.51739 17.125 0.04638 -0.0203629 0.0862221 
qwerty 188 184 0 9.07987 11.0843 -4.6768 17.8 0.04638 -0.0203629 0.0862221 
qwerty 188 184 0 9.07987 11.25 -4.74955 18.108 0.04638 -0.0203629 0.0862221 
qwerty 188 184 0 9.07987 11.4474 -4.83621 18.475 0.04638 -0.0203629 0.0862221 
qwerty 188 184 0 9.07987 11.8105 -4.99563 19.15 0.04638 -0.0203629 0.0862221 
qwerty 188 184 0 9.07987 12.1736 -5.15504 19.825 0.04638 -0.0203629 0.0862221 
qwerty 188 184 0 9.07987 12.5367 -5.31445 20.5 0.04638 -0.0203629 0.0862221 
qwerty 188 184 0 9.07987 12.8998 -5.47387 21.175 0.04638 -0.0203629 0.0862221 
qwerty 188 184 0 9.07987 13.2628 -5.63328 21.85 0.04638 -0.0203629 0.0862221 
qwerty 188 184 0 9.07987 13.6259 -5.79269 22.525 0.04638 -0.0203629 0.0862221 
qwerty 188 184 0 9.07987 13.989 -5.95211 23.2 0.04638 -0.0203629 0.0862221 
qwerty 188 184 0 9.07987 14.3521 -6.11152 23.875 0.04638 -0.0203629 0.0862221 
qwerty 188 184 0 9.07987 14.6675 -6.25 24.4614 0.04638 -0.0203629 0.0862221 
qwerty 188 184 0 9.07987 14.7152 -6.27093 24.55 0.04638 -0.0203629 0.0862221 
qwerty 188 184 0 9.07987 15.0783 -6.43035 25.225 0.04638 -0.0203629 0.0862221 
qwerty 188 184 0 9.07987 15.4414 -6.58976 25.9 0.04638 -0.0203629 0.0862221 
qwerty 188 184 0 9.07987 15.8045 -6.74917 26.575 0.04638 -0.0203629 0.0862221 
qwerty 188 184 0 9.07987 16.1676 -6.90859 27.25 0.04638 -0.0203629 0.0862221 
qwerty 188 184 0 9.07987 16.5307 -7.068 27.925 0.04638 -0.0203629 0.0862221 
qwerty 188 184 0 9.07987 16.8938 -7.22741 28.6 0.04638 -0.0203629 0.0862221 
qwerty 188 184 0 9.07987 17.2569 -7.38683 29.275 0.04638 -0.0203629 0.0862221 
qwerty 188 184 0 9.07987 17.6199 -7.54624 29.95 0.04638 -0.0203629 0.0862221 
qwerty 188 184 0 9.07987 17.983 -7.70565 30.625 0.04638 -0.0203629 0.0862221 
qwerty 188 184 0 9.07987 18.3461 -7.86507 31.3 0.04638 -0.0203629 0.0862221 
qwerty 226 224 0 4.98445 18.75 -7.81905 31.6596 0.0791302 0.0139223 0.0595364 
qwerty 226 224 0 4.98445 19.1692 -7.74529 31.975 0.0791302 0.0139223 0.0595364 
qwerty 226 224 0 4.98445 20.0664 -7.58745 32.65 0.0791302 0.0139223 0.0595364 
qwerty 226 224 0 4.98445 20.9635 -7.4296 33.325 0.0791302 0.0139223 0.0595364 
qwerty 226 224 0 4.98445 21.8607 -7.27175 34 0.0791302 0.0139223 0.0595364 
qwerty 226 224 0 4.98445 22.7578 -7.11391 34.675 0.0791302 0.0139223 0.0595364 
qwerty 226 224 0 4.98445 23.655 -6.95606 35.35 0.0791302 0.0139223 0.0595364 
qwerty 226 224 0 4.98445 24.5521 -6.79822 36.025 0.0791302 0.0139223 0.0595364 
qwerty 226 224 0 4.98445 25.4493 -6.64037 36.7 0.0791302 0.0139223 0.0595364 
qwerty 226 224 0 4.98445 26.25 -6.49949 37.3025 0.0791302 0.0139223 0.0595364 
qwerty 226 224 0 4.98445 26.3464 -6.48253 37.375 0.0791302 0.0139223 0.0595364 
qwerty 226 224 0 4.98445 27.2436 -6.32468 38.05 0.0791302 0.0139223 0.0595364 
qwerty 226 224 0 4.98445 28.1407 -6.16684 38.725 0.0791302 0.0139223 0.0595364 
qwerty 226 224 0 4.98445 29.0379 -6.00899 39.4 0.0791302 0.0139223 0.0595364 
qwerty 226 224 0 4.98445 29.935 -5.85115 40.075 0.0791302 0.0139223 0.0595364 
qwerty 187 184 0 5.95017 6.69779 -2.80761 9.7 0.0425317 -0.0263634 0.0865796 
qwerty 187 184 0 5.95017 7.02938 -3.01315 10.375 0.0425317 -0.0263634 0.0865796 
qwerty 227 187 0 0.294834 7.10132 -2.89801 10.55 -0.0420106 -0.0794623 -0.0438276 
qwerty 233 232 0.00464906 0.13063 7.09381 -2.89699 10.5506 0.0923721 -2.87969e-05 0.0383066 
qwerty 233 232 0.00787912 0.122751 7.09488 -2.89705 10.551 0.0879842 -0.021261 0.0425058 
qwerty 233 232 0.00343877 0.119312 7.09621 -2.89739 10.5515 0.0859353 -0.0158725 0.0486126 
qwerty 233 232 0.00366195 0.11565 7.09725 -2.89751 10.5522 0.0904245 -0.0193128 0.0380845 
qwerty 233 232 0.00493503 0.110715 7.09872 -2.89767 10.5525 0.0938405 -0.034553 0.000247924 
qwerty 233 232 0.00572859 0.104987 7.1002 -2.89812 10.5526 0.0969352 -0.0245328 -0.00130736 
qwerty 233 232 0.0212074 0.0837792 7.10165 -2.89895 10.5527 0.0786443 -0.0301562 0.0539044 
qwerty 233 232 0.00940739 0.0743718 7.103 -2.89989 10.5532 0.0887635 -0.0403726 0.0221606 
qwerty 233 232 0.025644 0.0487277 7.10434 -2.90102 10.5536 0.0576648 -0.0763 -0.0292074 
qwerty 233 232 0.0107567 0.0379711 7.10536 -2.90225 10.553 0.0500381 -0.0658422 -0.0562227 
qwerty 233 232 0.0118306 0.0261405 7.10532 -2.90343 10.5521 -0.0573932 -0.0522724 0.0630366 
qwerty 233 232 0.0261405 0 7.10488 -2.90383 10.5526 -0.0573932 -0.0522724 0.0630366 
qwerty 186 184 0 0.381412 6.85693 -2.78973 9.7 0.058048 -0.0217355 0.0784729 
qwerty 186 184 0 0.381412 7.35624 -2.97669 10.375 0.058048 -0.0217355 0.0784729 
qwerty 186 184 0 0.381412 7.85555 -3.16366 11.05 0.058048 -0.0217355 0.0784729 
qwerty 186 184 0 0.381412 8.35486 -3.35062 11.725 0.058048 -0.0217355 0.0784729 
qwerty 51 5 0 0.95846 1.74637 -0.846826 2.95 0.0590991 -0.0220581 0.0775934 
qwerty 51 5 0 0.95846 2.26049 -1.03871 3.625 0.0590991 -0.0220581 0.0775934 
qwerty 51 5 0 0.95846 2.7746 -1.2306 4.3 0.0590991 -0.0220581 0.0775934 
qwerty 51 5 0 0.95846 3.28872 -1.42249 4.975 0.0590991 -0.0220581 0.0775934 
qwerty 51 5 0 0.95846 3.80283 -1.61438 5.65 0.0590991 -0.0220581 0.0775934 
qwerty 51 5 0 0.776204 4.20615 -1.76491 6.17953 0.0905059 -0.0060056 0.0421024 
qwerty 51 5 0 0.776204 4.51886 -1.78566 6.325 0.0905059 -0.0060056 0.0421024 
qwerty 51 5 0 0.756934 4.90385 -1.81121 6.50409 0.095084 0.00708327 0.0301473 
qwerty 51 5 0 0.756934 6.46793 -1.69469 7 0.095084 0.00708327 0.0301473 
qwerty 238 51 0.0192704 0 4.9038 -1.81152 6.5044 -0.012151 -0.0707583 0.0696105 
qwerty 237 51 0.182256 0 4.19973 -1.77268 6.19919 -0.0290445 -0.0351774 0.0889886 
qwerty 49 5 0 7.05208 1.24097 -0.650149 2.275 0.0466193 -0.0237536 0.0852198 
qwerty 49 5 0 7.05208 1.61023 -0.838294 2.95 0.0466193 -0.0237536 0.0852198 
qwerty 49 5 0 7.05208 1.97948 -1.02644 3.625 0.0466193 -0.0237536 0.0852198 
qwerty 49 5 0 7.05208 2.34874 -1.21458 4.3 0.0466193 -0.0237536 0.0852198 
qwerty 49 5 0 7.05208 2.718 -1.40273 4.975 0.0466193 -0.0237536 0.0852198 
qwerty 49 5 0 7.05208 3.08726 -1.59087 5.65 0.0466193 -0.0237536 0.0852198 
qwerty 48 5 0 12.4149 1.24109 -0.6202 2.275 0.0471422 -0.0189279 0.0861356 
qwerty 48 5 0 12.4149 1.61052 -0.768528 2.95 0.0471422 -0.0189279 0.0861356 
qwerty 48 5 0 12.4149 1.97995 -0.916856 3.625 0.0471422 -0.0189279 0.0861356 
qwerty 48 5 0 12.4149 2.34938 -1.06518 4.3 0.0471422 -0.0189279 0.0861356 
qwerty 48 5 0 12.4149 2.71881 -1.21351 4.975 0.0471422 -0.0189279 0.0861356 
qwerty 48 5 0 12.4149 3.08824 -1.36184 5.65 0.0471422 -0.0189279 0.0861356 
qwerty 48 5 0 12.4149 3.45767 -1.51017 6.325 0.0471422 -0.0189279 0.0861356 
qwerty 48 5 0 12.4149 3.8271 -1.6585 7 0.0471422 -0.0189279 0.0861356 
qwerty 47 5 0 0.683199 1.23154 -0.654591 2.275 0.0454777 -0.0240106 0.0857628 
qwerty 43 38 0 0.510999 -3.10861 1.25 6.89212 0.0565431 -0.0742313 -0.0359526 
qwerty 43 38 0 0.510999 -2.49191 0.44039 6.5 0.0565431 -0.0742313 -0.0359526 
qwerty 40 38 0 17.745 -2.53777 0.853432 7 -0.0535832 -0.0380412 0.0753771 
qwerty 40 38 0 17.745 -3.01761 0.512774 7.675 -0.0535832 -0.0380412 0.0753771 
qwerty 40 38 0 17.745 -3.49745 0.172116 8.35 -0.0535832 -0.0380412 0.0753771 
qwerty 40 38 0 17.745 -3.75 -0.00718432 8.70528 -0.0535832 -0.0380412 0.0753771 
qwerty 40 38 0 17.745 -3.97728 -0.168543 9.025 -0.0535832 -0.0380412 0.0753771 
qwerty 39 38 0 9.9677 -2.09066 1.1236 6.325 -0.0276528 0.0162268 0.0947207 
qwerty 39 38 0 9.9677 -2.28772 1.23923 7 -0.0276528 0.0162268 0.0947207 
qwerty 39 38 0 9.9677 -2.48478 1.35487 7.675 -0.0276528 0.0162268 0.0947207 
qwerty 39 38 0 9.9677 -2.68184 1.4705 8.35 -0.0276528 0.0162268 0.0947207 
qwerty 260 39 0.10087 0.897724 -2.6307 1.55351 8.52656 0.0819993 0.0483414 0.0306469 
qwerty 260 39 0.165306 0.732418 -2.54653 1.58164 8.56283 0.0803375 0.0556644 0.0211506 
qwerty 260 39 0.125038 0.60738 -2.47554 1.60461 8.57723 0.0914278 0.004801 0.0402233 
qwerty 260 39 0.137521 0.469859 -2.41542 1.57553 8.61798 0.0874394 -0.0384642 0.0295781 
qwerty 260 39 0.186705 0.283154 -2.3679 1.53694 8.69293 0.0132462 0.0707506 0.0694182 
qwerty 260 39 0.283154 0 -2.36201 1.56843 8.72383 0.0132462 0.0707506 0.0694182 
qwerty 260 39 0 0 -2.36201 1.56843 8.72383 0.0132462 0.0707506 0.0694182 
qwerty 244 49 0.95263 4.39971 3.29387 -1.64568 6.325 0.0292603 -0.0137939 0.0946233 
qwerty 244 49 0.487027 2.22124 3.49966 -1.48703 6.20828 0.0421044 0.0566219 -0.0708602 
qwerty 244 49 0.613118 1.60812 3.56896 -1.2257 5.95894 0.0414909 0.0339096 -0.0844313 
qwerty 244 49 0.285593 1.32253 3.63478 -1.1719 5.825 0.0263331 0.030653 -0.0914711 
qwerty 244 49 0.0819397 0.694991 3.63632 -1.16544 5.86706 -0.0221858 -0.051822 0.0825971 
qwerty 244 49 0.0485423 0.292967 3.62499 -1.1758 5.89346 0.0385787 -0.0138252 0.091217 
qwerty 244 49 0.11962 0.173346 3.66115 -1.19798 5.91587 0.0918714 0.0176735 0.035317 
qwerty 244 49 0.173346 0 3.67962 -1.19443 5.92297 0.0918714 0.0176735 0.035317 
qwerty 244 49 0 0 3.67962 -1.19443 5.92297 0.0918714 0.0176735 0.035317 
qwerty 269 244 0.0981529 0.25533 3.6051 -1.21049 5.89188 -0.076237 -0.0617231 -0.0194468 
qwerty 269 244 0.126756 0.128574 3.57528 -1.22956 5.89737 -0.0345474 -0.0803847 -0.0484229 
qwerty 269 244 0.128574 0 3.571 -1.23951 5.89137 -0.0345474 -0.0803847 -0.0484229 
qwerty 268 244 0.347324 0 3.52168 -1.41864 6.21667 -0.00041513 0.0782224 0.0622983 
qwerty 259 39 0.913802 3.78786 -2.60056 1.51121 9.025 0.00688237 -0.0181166 0.0981041 
qwerty 272 259 0.471773 1.51775 -2.9496 1.64638 8.57869 -0.0604534 0.0612178 0.0509683 
qwerty 272 259 0.467631 1.05012 -3.03221 1.82376 8.78202 -0.0248787 0.00120281 0.0968484 
qwerty 272 259 0.427603 0.622518 -3.04204 1.79696 8.98475 -0.00582446 -0.0581797 0.0811246 
qwerty 272 259 0.129913 0.492605 -3.04493 1.7681 9.025 -0.0303557 -0.0411346 0.0859446 
qwerty 256 40 0.45826 1.18931 -4.3694 -0.220143 9.32973 -0.039818 0.0314519 -0.0861702 
qwerty 256 40 0.258961 0.930351 -4.42934 -0.17279 9.2 -0.0352889 0.089977 -0.0256678 
qwerty 256 40 0.0590419 0.681148 -4.39417 -0.180782 9.22118 0.0986972 -0.011516 0.0112355 
qwerty 256 40 0.0911479 0.59 -4.36439 -0.183774 9.21772 0.0983686 -0.0135789 0.0117994 
qwerty 256 40 0.0466335 0.543366 -4.3367 -0.185644 9.22539 0.0878265 0.0180768 0.0442689 
qwerty 256 40 0.0964572 0.446909 -4.29922 -0.174257 9.23375 0.0991778 0.00813238 0.0098808 
qwerty 256 40 0.0962278 0.350681 -4.2659 -0.15981 9.2472 0.0685882 0.0708968 -0.0164105 
qwerty 256 40 0.068313 0.282368 -4.24917 -0.131329 9.24771 0.0910548 0.03774 -0.0168736 
qwerty 256 40 0.0871328 0.195235 -4.22608 -0.10413 9.25007 0.0877787 0.0406784 0.0253018 
qwerty 256 40 0.195235 0 -4.20437 -0.0940732 9.25632 0.0877787 0.0406784 0.0253018 
qwerty 281 256 0 0.613153 -5.5065 0.116043 9.7 -0.0920776 0.0207596 0.0330265 
qwerty 281 256 0 0.613153 -6.25 0.283671 9.96668 -0.0920776 0.0207596 0.0330265 
qwerty 281 256 0 0.613153 -7.3884 0.540331 10.375 -0.0920776 0.0207596 0.0330265 
qwerty 280 256 0 8.46157 -4.60506 -0.152441 9.7 -0.0690191 0.0083738 0.0718766 
qwerty 280 256 0 8.46157 -5.25322 -0.0738018 10.375 -0.0690191 0.0083738 0.0718766 
qwerty 280 256 0 8.46157 -5.90139 0.00483739 11.05 -0.0690191 0.0083738 0.0718766 
qwerty 280 256 0 8.46157 -6.25 0.0471328 11.413 -0.0690191 0.0083738 0.0718766 
qwerty 280 256 0 8.46157 -6.54955 0.0834766 11.725 -0.0690191 0.0083738 0.0718766 
qwerty 280 256 0 0.372435 -6.84075 -0.00254479 11.225 -0.047165 -0.0148299 -0.0869226 
qwerty 280 256 0 0.372435 -7.20701 -0.117707 10.55 -0.047165 -0.0148299 -0.0869226 
qwerty 280 256 0 0.372435 -7.57327 -0.232869 9.875 -0.047165 -0.0148299 -0.0869226 
qwerty 280 256 0 0.182176 -7.80103 -0.304481 9.45526 0.0765098 0.0643354 -0.00268567 
qwerty 280 256 0 0.113591 -6.79223 0.543792 9.41985 -0.0908376 -0.00153002 -0.0417874 
qwerty 280 256 0 0.111794 -7.02102 0.539938 9.3146 -0.0990434 -0.0122991 -0.0062555 
qwerty 280 256 0 0.111794 -8.83547 0.314622 9.2 -0.0990434 -0.0122991 -0.0062555 
qwerty 287 280 0.00179651 0 -7.02102 0.53994 9.31459 0.0175853 0.0280082 -0.0943732 
qwerty 286 280 0.0685852 0 -6.78851 0.545617 9.4205 0.0886921 0.04349 0.0155669 
qwerty 285 280 0.190258 0 -7.81658 -0.312992 9.43952 -0.0655991 -0.0359052 -0.0663896 
qwerty 291 284 0 0.388836 -3.75 -0.685478 11.2801 0.0950107 -0.0243024 -0.0195539 
qwerty 291 284 0 0.388836 -3.48217 -0.753985 11.225 0.0950107 -0.0243024 -0.0195539 
qwerty 290 284 0 0.954914 -6.7693 -0.983575 12.4 -0.0156099 -0.0863198 0.0480127 
qwerty 290 284 0 0.954914 -6.98876 -2.19713 13.075 -0.0156099 -0.0863198 0.0480127 
qwerty 279 256 0 0.677135 -4.179 -0.213376 9.27547 -0.0883259 0.046867 -0.00141781 
qwerty 279 256 0 0.677135 -6.93689 1.25 9.2312 -0.0883259 0.046867 -0.00141781 
qwerty 279 256 0 0.509077 -8.68181 2.17588 9.20319 -0.0648432 0.0359799 -0.0670881 
qwerty 279 256 0 0.509077 -8.68489 2.17759 9.2 -0.0648432 0.0359799 -0.0670881 
qwerty 298 279 0.00399019 0.164068 -8.68268 2.17638 9.2049 -0.0600236 0.0439461 0.0668275 
qwerty 298 279 0.00539443 0.158674 -8.68412 2.17782 9.20717 -0.0746695 0.0427762 0.0509378 
qwerty 298 279 0.0131527 0.145521 -8.68861 2.17903 9.20896 -0.081883 0.0213595 0.0532817 
qwerty 298 279 0.0145775 0.130944 -8.69431 2.17929 9.21023 -0.0632133 -0.0655259 0.0413575 
qwerty 298 279 0.040851 0.0900925 -8.69844 2.17578 9.21074 -0.0329344 -0.0917376 -0.0223504 
qwerty 298 279 0.0277167 0.0623758 -8.69832 2.16976 9.21212 -0.0331481 -0.0925852 -0.0181433 
qwerty 298 279 0.0623758 0 -8.6995 2.16647 9.21148 -0.0331481 -0.0925852 -0.0181433 
qwerty 297 279 0.124325 0.783393 -4.21626 -0.218149 9.33135 -0.066873 -0.0353686 0.0653993 
qwerty 297 279 0.126314 0.657079 -4.24842 -0.247299 9.38939 -0.0359231 -0.0367033 0.0858044 
qwerty 297 279 0.230677 0.426402 -4.25528 -0.238642 9.51644 -0.029371 -0.0668861 0.0682905 
qwerty 297 279 0.10423 0.289124 -4.27037 -0.273008 9.55152 -0.0514142 -0.0716109 0.0472065 
qwerty 297 279 0.289124 0 -4.29411 -0.306071 9.57332 -0.0514142 -0.0716109 0.0472065 
qwerty 301 297 0 0.0330481 -4.38679 -0.366612 9.7 -0.0552737 -0.0444426 0.0704959 
qwerty 278 256 0 0.985307 -4.53375 -0.467311 9.7 -0.060648 -0.032278 0.0726633 
qwerty 278 256 0 0.985307 -5.09713 -0.767155 10.375 -0.060648 -0.032278 0.0726633 
qwerty 278 256 0 0.985307 -5.66052 -1.067 11.05 -0.060648 -0.032278 0.0726633 
qwerty 278 256 0 0.985307 -6.2239 -1.36684 11.725 -0.060648 -0.032278 0.0726633 
qwerty 278 256 0 0.985307 -6.78729 -1.66669 12.4 -0.060648 -0.032278 0.0726633 
qwerty 278 256 0 0.985307 -7.35067 -1.96653 13.075 -0.060648 -0.032278 0.0726633 
qwerty 278 256 0 0.985307 -7.91405 -2.26637 13.75 -0.060648 -0.032278 0.0726633 
qwerty 278 256 0 0.985307 -8.47744 -2.56622 14.425 -0.060648 -0.032278 0.0726633 
qwerty 278 256 0 0.985307 -9.04082 -2.86606 15.1 -0.060648 -0.032278 0.0726633 
qwerty 278 256 0 0.539646 -9.04556 -4.02 15.775 0.00724077 -0.088889 0.0452363 
qwerty 278 256 0 0.539646 -8.93752 -5.34637 16.45 0.00724077 -0.088889 0.0452363 
qwerty 277 256 0 0.496691 -4.4782 -0.455735 9.7 -0.0562246 -0.0322854 0.0761344 
qwerty 305 277 0.0211411 0.384584 -4.60705 -0.537132 9.8802 0.00703598 -0.0600681 0.0796386 
qwerty 305 277 0.0370511 0.347533 -4.60517 -0.543905 9.8867 -0.000910543 -0.0840189 0.0542217 
qwerty 305 277 0.0205238 0.327009 -4.60678 -0.551491 9.8939 -0.066381 -0.0714136 0.0222183 
qwerty 305 277 0.0421072 0.284902 -4.61448 -0.557304 9.89514 -0.0785837 -0.0574343 0.0229326 
qwerty 305 277 0.0219341 0.262968 -4.62363 -0.56226 9.89841 -0.0976595 0.0214909 0.000873953 
qwerty 305 277 0.0376787 0.225289 -4.63639 -0.563095 9.89688 -0.0796105 0.0060382 -0.0602139 
qwerty 305 277 0.042443 0.182846 -4.64571 -0.56296 9.88892 -0.0891232 -0.00678733 -0.044844 
qwerty 305 277 0.029097 0.153749 -4.65263 -0.566768 9.88273 -0.0691035 -0.0722377 -0.00253312 
qwerty 305 277 0.0521139 0.101635 -4.65685 -0.57606 9.88502 -0.00415051 -0.0998969 -0.00184042 
qwerty 305 277 0.0956573 0.00597768 -4.6628 -0.583412 9.87911 0.0365642 1.33928e-06 -0.0930756 
qwerty 305 277 0.00597768 0 -4.66278 -0.583412 9.87906 0.0365642 1.33928e-06 -0.0930756 
qwerty 271 244 0 0.510999 3.75 -1.11955 6.18097 0.0253439 0.0269623 0.0929017 
qwerty 271 244 0 0.510999 3.78929 -1.07775 6.325 0.0253439 0.0269623 0.0929017 
qwerty 271 244 0 0.510999 3.97343 -0.88185 7 0.0253439 0.0269623 0.0929017 
qwerty 271 244 0 0.510999 4.15758 -0.685949 7.675 0.0253439 0.0269623 0.0929017 
qwerty 271 244 0 0.510999 4.34172 -0.490048 8.35 0.0253439 0.0269623 0.0929017 
qwerty 271 244 0 0.510999 4.52586 -0.294147 9.025 0.0253439 0.0269623 0.0929017 
qwerty 271 244 0 0.403153 5.40961 0.515293 9.7 0.0667826 0.0607584 0.0429942 
qwerty 271 244 0 0.403153 6.25 1.27987 10.241 0.0667826 0.0607584 0.0429942 
qwerty 271 244 0 0.403153 6.45808 1.46919 10.375 0.0667826 0.0607584 0.0429942 
qwerty 270 244 0 0.510999 3.65289 -1.22286 5.825 -0.0253439 -0.0269623 -0.0929017 
qwerty 264 246 0 2.0746 4.05142 -1.27294 7.675 -0.000519204 0.0589968 0.080741 
qwerty 264 246 0 2.0746 4.04708 -0.779724 8.35 -0.000519204 0.0589968 0.080741 
qwerty 264 246 0 2.0746 4.04274 -0.286507 9.025 -0.000519204 0.0589968 0.080741 
qwerty 264 246 0 0.457772 0.843637 -0.161823 9.7 -0.0987901 -5.24675e-05 0.0155086 
qwerty 263 246 0 1.00811 4.56763 -1.59406 6.5 0.068245 0.00760839 -0.0726961 
qwerty 262 260 0 0.510999 -2.73711 1.64092 9.025 -0.0771061 0.0149018 0.0619079 
qwerty 262 260 0 0.510999 -3.57782 1.8034 9.7 -0.0771061 0.0149018 0.0619079 
qwerty 262 260 0 0.510999 -4.41853 1.96588 10.375 -0.0771061 0.0149018 0.0619079 
qwerty 262 260 0 0.510999 -5.25925 2.12836 11.05 -0.0771061 0.0149018 0.0619079 
qwerty 262 260 0 0.510999 -6.09996 2.29084 11.725 -0.0771061 0.0149018 0.0619079 
qwerty 261 260 0 0.172477 -2.18588 1.53439 8.58242 -0.0779172 0.0389963 0.0490733 
qwerty 261 260 0 0.172477 -2.8886 1.88609 9.025 -0.0779172 0.0389963 0.0490733 
qwerty 179 53 0.552735 1.64358 1.11477 -0.59942 2.60829 -0.0893509 0.0443325 -0.00714454 
qwerty 179 53 0.551197 1.09238 0.870112 -0.470949 2.53341 -0.0687894 0.0621626 -0.0374678 
qwerty 179 53 0.394441 0.697941 0.726533 -0.341015 2.46163 -0.0956989 -0.0190509 0.0218813 
qwerty 179 53 0.337445 0.360497 0.577283 -0.341201 2.46257 0.0399205 0.0915866 -0.00427074 
qwerty 179 53 0.289144 0.0713527 0.610927 -0.285447 2.45524 -0.0328919 -0.0118359 -0.0936912 
qwerty 179 53 0.0713527 0 0.609485 -0.285966 2.45113 -0.0328919 -0.0118359 -0.0936912 
qwerty 179 53 0 0 0.609485 -0.285966 2.45113 -0.0328919 -0.0118359 -0.0936912 
qwerty 153 64 0.869628 23.8794 -2.77492 1.28439 8.35 -0.0386606 -0.0152745 0.0909508 
qwerty 153 64 0 20.6284 -2.83027 1.26557 8.525 0.0445986 0.0833932 -0.0325043 
qwerty 321 261 0.0789994 0.259522 -2.15593 1.51524 8.57381 0.0627201 0.00747973 -0.0775257 
qwerty 321 261 0.0776423 0.18188 -2.1313 1.50836 8.55827 0.00246683 -0.0979551 -0.0199678 
qwerty 321 261 0.057443 0.124437 -2.12372 1.49582 8.55354 0.0109541 -0.0941456 -0.0318843 
qwerty 321 261 0.124437 0 -2.12243 1.4848 8.5498 0.0109541 -0.0941456 -0.0318843 
qwerty 317 264 0.414937 1.17232 4.01302 0.0283923 9.35213 -0.0687395 0.0625313 0.0369421 
qwerty 317 264 0.409375 0.762941 3.91841 0.179116 9.50526 -0.0358551 0.0100104 0.0928127 
qwerty 317 264 0.433109 0.329832 3.81822 0.173936 9.63226 -0.0834779 0.0386032 0.0392586 
qwerty 317 264 0.329832 0 3.77099 0.195779 9.65448 -0.0834779 0.0386032 0.0392586 
qwerty 348 148 0 0.510999 -2.26767 1.72795 12.4 0.0890558 -0.0311303 0.0331658 
qwerty 348 148 0 0.510999 -1.25 1.37221 12.779 0.0890558 -0.0311303 0.0331658 
qwerty 348 148 0 0.510999 -0.455185 1.09437 13.075 0.0890558 -0.0311303 0.0331658 
qwerty 348 148 0 0.438031 0.206444 0.858056 13.75 0.056705 -0.0205114 0.0797736 
qwerty 345 153 0 0.510999 -2.55498 1.26568 9.025 0.0279318 -0.0197378 0.0939693 
qwerty 343 153 0 10.4818 -1.25 4.58194 8.80933 0.0421722 0.0902657 0.00857968 
qwerty 343 153 0 10.4818 -0.189925 6.85093 9.025 0.0421722 0.0902657 0.00857968 
qwerty 342 153 0 3.76134 -1.69083 3.75 8.04198 0.0400358 0.0899888 -0.017296 
qwerty 342 153 0 3.76134 -1.24646 4.74883 7.85 0.0400358 0.0899888 -0.017296 
qwerty 342 153 0 3.76134 0.315999 8.26077 7.175 0.0400358 0.0899888 -0.017296 
qwerty 342 153 0 3.76134 1.6459 11.25 6.60047 0.0400358 0.0899888 -0.017296 
qwerty 342 153 0 3.76134 1.87845 11.7727 6.5 0.0400358 0.0899888 -0.017296 
qwerty 342 153 0 3.76134 3.44091 15.2847 5.825 0.0400358 0.0899888 -0.017296 
qwerty 342 153 0 3.76134 3.87038 16.25 5.63946 0.0400358 0.0899888 -0.017296 
qwerty 342 153 0 3.76134 4.98263 18.75 5.15896 0.0400358 0.0899888 -0.017296 
qwerty 342 153 0 3.76134 5.00336 18.7966 5.15 0.0400358 0.0899888 -0.017296 
qwerty 342 153 0 3.76134 6.25 21.5987 4.61144 0.0400358 0.0899888 -0.017296 
qwerty 342 153 0 3.76134 6.56582 22.3086 4.475 0.0400358 0.0899888 -0.017296 
qwerty 341 153 0 0.776474 -3.05862 1.15131 9.025 -0.0407416 -0.0203695 0.0890236 
qwerty 341 153 0 0.776474 -3.36753 0.996865 9.7 -0.0407416 -0.0203695 0.0890236 
qwerty 341 153 0 0.776474 -3.67645 0.842418 10.375 -0.0407416 -0.0203695 0.0890236 
qwerty 341 153 0 0.776474 -3.98536 0.687971 11.05 -0.0407416 -0.0203695 0.0890236 
qwerty 341 153 0 0.776474 -4.29427 0.533525 11.725 -0.0407416 -0.0203695 0.0890236 
qwerty 341 153 0 0.776474 -4.60318 0.379078 12.4 -0.0407416 -0.0203695 0.0890236 
qwerty 341 153 0 0.776474 -4.9121 0.224632 13.075 -0.0407416 -0.0203695 0.0890236 
qwerty 341 153 0 0.776474 -5.22101 0.0701849 13.75 -0.0407416 -0.0203695 0.0890236 
qwerty 341 153 0 0.776474 -5.52992 -0.0842617 14.425 -0.0407416 -0.0203695 0.0890236 
qwerty 340 153 0 0.424543 -2.7161 1.43638 8.35 -0.0243004 0.0123464 0.0962136 
qwerty 339 153 0 6.52286 -2.75512 1.43039 8.35 -0.0305026 0.0127736 0.0943739 
qwerty 339 153 0 6.52286 -2.97328 1.52175 9.025 -0.0305026 0.0127736 0.0943739 
qwerty 339 153 0 6.52286 -3.19145 1.61312 9.7 -0.0305026 0.0127736 0.0943739 
qwerty 339 153 0 6.52286 -3.40962 1.70448 10.375 -0.0305026 0.0127736 0.0943739 
qwerty 339 153 0 6.52286 -3.62778 1.79584 11.05 -0.0305026 0.0127736 0.0943739 
qwerty 339 153 0 6.52286 -3.75 1.84702 11.4281 -0.0305026 0.0127736 0.0943739 
qwerty 339 153 0 6.52286 -3.84595 1.8872 11.725 -0.0305026 0.0127736 0.0943739 
qwerty 339 153 0 6.52286 -4.06412 1.97856 12.4 -0.0305026 0.0127736 0.0943739 
qwerty 339 153 0 6.52286 -4.28228 2.06992 13.075 -0.0305026 0.0127736 0.0943739 
qwerty 339 153 0 6.52286 -4.50045 2.16129 13.75 -0.0305026 0.0127736 0.0943739 
qwerty 339 153 0 6.52286 -4.71862 2.25265 14.425 -0.0305026 0.0127736 0.0943739 
qwerty 339 153 0 6.52286 -4.93678 2.34401 15.1 -0.0305026 0.0127736 0.0943739 
qwerty 339 153 0 6.52286 -5.15495 2.43537 15.775 -0.0305026 0.0127736 0.0943739 
qwerty 339 153 0 6.52286 -5.37312 2.52673 16.45 -0.0305026 0.0127736 0.0943739 
qwerty 339 153 0 6.52286 -5.59128 2.61809 17.125 -0.0305026 0.0127736 0.0943739 
qwerty 339 153 0 6.52286 -5.80945 2.70946 17.8 -0.0305026 0.0127736 0.0943739 
qwerty 339 153 0 6.52286 -6.02762 2.80082 18.475 -0.0305026 0.0127736 0.0943739 
qwerty 339 153 0 6.52286 -6.24578 2.89218 19.15 -0.0305026 0.0127736 0.0943739 
qwerty 339 153 0 6.52286 -6.46395 2.98354 19.825 -0.0305026 0.0127736 0.0943739 
qwerty 339 153 0 6.52286 -6.68212 3.0749 20.5 -0.0305026 0.0127736 0.0943739 
qwerty 339 153 0 6.52286 -6.90028 3.16626 21.175 -0.0305026 0.0127736 0.0943739 
qwerty 339 153 0 6.52286 -7.11845 3.25763 21.85 -0.0305026 0.0127736 0.0943739 
qwerty 339 153 0 6.52286 -7.33662 3.34899 22.525 -0.0305026 0.0127736 0.0943739 
qwerty 339 153 0 6.52286 -7.55478 3.44035 23.2 -0.0305026 0.0127736 0.0943739 
qwerty 339 153 0 6.52286 -7.77295 3.53171 23.875 -0.0305026 0.0127736 0.0943739 
qwerty 339 153 0 6.52286 -7.99112 3.62307 24.55 -0.0305026 0.0127736 0.0943739 
qwerty 339 153 0 6.52286 -8.20928 3.71443 25.225 -0.0305026 0.0127736 0.0943739 
qwerty 339 153 0 6.52286 -8.29422 3.75 25.4878 -0.0305026 0.0127736 0.0943739 
qwerty 339 153 0 6.52286 -8.42745 3.80579 25.9 -0.0305026 0.0127736 0.0943739 
qwerty 339 153 0 6.52286 -8.64562 3.89716 26.575 -0.0305026 0.0127736 0.0943739 
qwerty 339 153 0 6.52286 -8.86378 3.98852 27.25 -0.0305026 0.0127736 0.0943739 
qwerty 339 153 0 6.52286 -9.08195 4.07988 27.925 -0.0305026 0.0127736 0.0943739 
qwerty 338 179 0 0.510999 0.609993 -0.280471 2.45 0.00901251 0.0975399 -0.0201183 
qwerty 337 179 0 0.510999 0.52041 -1.25 2.64997 -0.00901251 -0.0975399 0.0201183 
qwerty 337 179 0 0.510999 0.386005 -2.70463 2.95 -0.00901251 -0.0975399 0.0201183 
qwerty 334 185 0 0.510999 7.32197 -2.18169 8.525 0.0813029 0.0348639 -0.0466299 
qwerty 334 185 0 0.510999 8.49889 -1.67702 7.85 0.0813029 0.0348639 -0.0466299 
qwerty 334 185 0 0.510999 9.6758 -1.17234 7.175 0.0813029 0.0348639 -0.0466299 
qwerty 379 334 0.0596269 0.276444 9.98617 -1.03769 6.99471 0.0549058 0.0347385 -0.0760171 
qwerty 379 334 0.0113225 0.265121 9.98845 -1.03503 6.99005 0.0431774 0.0668545 -0.0605491 
qwerty 379 334 0.0138118 0.25131 9.99049 -1.02993 6.98695 0.0417405 0.0582717 -0.0697291 
qwerty 379 334 0.0221917 0.229118 9.99494 -1.02705 6.98062 0.0446171 0.0314223 -0.0837971 
qwerty 379 334 0.0285518 0.200566 9.99948 -1.02769 6.96992 0.00936515 0.00642047 -0.0993533 
qwerty 379 334 0.0872619 0.113304 9.99724 -1.03382 6.95343 -0.0403893 -0.0242909 -0.0881967 
qwerty 379 334 0.113304 0 9.99321 -1.03624 6.94462 -0.0403893 -0.0242909 -0.0881967 
qwerty 332 185 0 1.27833 8.68784 -1.94369 8.525 0.0939362 0.0263409 -0.021958 
qwerty 332 185 0 0.829381 9.71924 -1.25 8.34482 0.0599593 0.0799031 -0.0045137 
qwerty 332 185 0 0.829381 11.5952 1.25 8.2036 0.0599593 0.0799031 -0.0045137 
qwerty 332 185 0 0.638514 13.2753 3.48886 8.07713 0.0593653 0.0605485 0.053006 
qwerty 332 185 0 0.638514 13.5313 3.75 8.30574 0.0593653 0.0605485 0.053006 
qwerty 332 185 0 0.638514 13.5809 3.80056 8.35 0.0593653 0.0605485 0.053006 
qwerty 332 185 0 0.638514 14.3369 4.57161 9.025 0.0593653 0.0605485 0.053006 
qwerty 332 185 0 0.638514 15.0929 5.34266 9.7 0.0593653 0.0605485 0.053006 
qwerty 332 185 0 0.638514 15.8488 6.1137 10.375 0.0593653 0.0605485 0.053006 
qwerty 384 332 0.190868 0 13.2811 3.50253 8.05851 0.024574 0.0573826 -0.078124 
qwerty 331 201 0 0.510999 9.30488 -4.86607 18.65 0.0130735 -0.0027867 -0.0991026 
qwerty 330 201 0 0.505244 9.18842 -4.84125 19.5328 -0.0194146 -0.0108162 0.0974991 
qwerty 330 201 0 0.505244 9.13023 -4.87367 19.825 -0.0194146 -0.0108162 0.0974991 
qwerty 330 201 0 0.505244 8.99582 -4.94855 20.5 -0.0194146 -0.0108162 0.0974991 
qwerty 330 201 0 0.505244 8.86141 -5.02343 21.175 -0.0194146 -0.0108162 0.0974991 
qwerty 391 330 0.00575526 0 9.18844 -4.84121 19.5328 0.040679 0.0895714 0.0179496 
qwerty 329 201 0 0.88147 9.0478 -4.81907 19.825 -0.0307348 0.00504792 0.0950257 
qwerty 329 201 0 0.515198 9.26843 -4.33271 20.5 0.0348001 0.0625917 0.0697942 
qwerty 327 219 0 0.227061 13.75 -7.25412 18.4165 -0.0815218 -0.0543467 -0.0200159 
qwerty 327 219 0 0.227061 11.9518 -8.45288 17.975 -0.0815218 -0.0543467 -0.0200159 
qwerty 326 219 0 0.510999 13.9527 -7.68215 19.15 -0.00506056 -0.0660811 0.0748845 
qwerty 326 219 0 0.510999 13.9071 -8.2778 19.825 -0.00506056 -0.0660811 0.0748845 
qwerty 326 219 0 0.216693 13.8895 -8.50783 20.0857 -0.014214 0.0931699 0.0334264 
qwerty 326 219 0 0.216693 13.7133 -7.35299 20.5 -0.014214 0.0931699 0.0334264 
qwerty 400 326 0.134263 0.160043 13.8879 -8.56218 20.0751 -0.0673967 -0.0735888 -0.00650939 
qwerty 400 326 0.160043 0 13.8759 -8.57531 20.074 -0.0673967 -0.0735888 -0.00650939 
qwerty 324 225 0 0.510999 18.4266 -7.89237 31.975 0.010499 0.00238714 0.0994187 
qwerty 323 225 0 0.603154 18.548 -7.56475 31.975 0.0262746 0.0479393 0.0837345 
qwerty 323 225 0 0.603154 18.7598 -7.17831 32.65 0.0262746 0.0479393 0.0837345 
qwerty 361 343 0.344857 3.16281 0.0900551 7.276 9.39129 -0.0146869 -0.0498655 0.0854268 
qwerty 361 343 0.566539 2.59627 0.0369814 7.0958 9.7 -0.0349608 -0.0738741 0.0576225 
qwerty 361 343 0 1.5302 0.0809244 7.12434 9.7 0.0980587 -0.0190075 0.00481636 
qwerty 129 72 0.913213 32.2126 -2.65105 1.76444 9.025 -0.0257598 0.0273341 0.0926784 
qwerty 110 75 0.876437 3.75669 -7.2292 14.7887 22.525 0.0120254 0.0629265 0.0767831 
qwerty 425 110 0.107048 0.644755 -7.13228 14.822 22.5121 0.076972 -0.0357992 -0.0528557 
qwerty 425 110 0.0827738 0.561981 -7.10409 14.7948 22.494 -0.0288115 -0.0465195 -0.0837009 
qwerty 425 110 0.0572133 0.504768 -7.10913 14.7863 22.457 -0.0296063 -0.010711 -0.0949144 
qwerty 425 110 0.0945458 0.410222 -7.12731 14.7722 22.424 -0.00566429 0.00830382 -0.0994935 
qwerty 425 110 0.160811 0.249411 -7.10515 14.7483 22.3654 0.0694718 0.0148498 -0.0703786 
qwerty 425 110 0.249411 0 -7.07971 14.7537 22.3396 0.0694718 0.0148498 -0.0703786 
qwerty 428 425 0 0.106232 -6.88426 14.8682 22.025 0.0482452 0.00404463 -0.0874988 
qwerty 427 110 0 0.510999 -7.59576 13.7722 23.2 -0.0318283 -0.0813317 0.0487044 
qwerty 427 110 0 0.510999 -8.03687 12.6451 23.875 -0.0318283 -0.0813317 0.0487044 
qwerty 427 110 0 0.510999 -8.47799 11.5179 24.55 -0.0318283 -0.0813317 0.0487044 
qwerty 427 110 0 0.510999 -8.75 10.8228 24.9662 -0.0318283 -0.0813317 0.0487044 
qwerty 427 110 0 0.510999 -8.9191 10.3907 25.225 -0.0318283 -0.0813317 0.0487044 
qwerty 426 110 0 0.510999 -6.8279 15.7344 22.025 0.0318283 0.0813317 -0.0487044 
qwerty 426 110 0 0.420294 -6.49399 16.03 21.35 0.0415315 0.0284166 -0.0864154 
qwerty 426 110 0 0.420294 -6.25 16.1969 20.8423 0.0415315 0.0284166 -0.0864154 
qwerty 426 110 0 0.420294 -6.16959 16.252 20.675 0.0415315 0.0284166 -0.0864154 
qwerty 426 110 0 0.420294 -5.84518 16.4739 20 0.0415315 0.0284166 -0.0864154 
qwerty 426 110 0 0.420294 -5.52077 16.6959 19.325 0.0415315 0.0284166 -0.0864154 
qwerty 426 110 0 0.420294 -5.19637 16.9179 18.65 0.0415315 0.0284166 -0.0864154 
qwerty 422 129 0 0.371047 -2.92268 2.33741 9.7 -0.0374379 0.0414773 0.082934 
qwerty 421 129 0 0.510999 -3.11591 1.01138 8.525 -0.0324782 -0.080632 -0.0494333 
qwerty 421 129 0 0.445418 -3.33692 0.46269 8.18861 -0.0741538 -0.064437 -0.0186838 
qwerty 421 129 0 0.445418 -4.68083 -0.705127 7.85 -0.0741538 -0.064437 -0.0186838 
qwerty 437 421 0.0655805 0 -3.33453 0.460873 8.18615 0.0615324 -0.0468104 -0.0634236 
qwerty 419 129 0 25.6481 -2.72579 1.88056 9.7 -0.0107494 0.0167692 0.0979962 
qwerty 419 129 0 25.6481 -2.79983 1.99607 10.375 -0.0107494 0.0167692 0.0979962 
qwerty 419 129 0 25.6481 -2.87387 2.11157 11.05 -0.0107494 0.0167692 0.0979962 
qwerty 418 361 0 0.510999 -0.243391 6.25 9.20111 -0.0316173 -0.0816294 -0.0483425 
qwerty 418 361 0 0.510999 -0.244118 6.24812 9.2 -0.0316173 -0.0816294 -0.0483425 
qwerty 417 361 0 0.469274 0.430046 7.62189 10.375 0.0381532 0.0512949 0.0768971 
qwerty 417 361 0 0.469274 0.764954 8.07215 11.05 0.0381532 0.0512949 0.0768971 
qwerty 416 361 0 0.7556 -0.00119624 7.03424 9.7 -0.0226664 -0.0600522 0.0766809 
qwerty 416 361 0 0.7556 -0.200722 6.50562 10.375 -0.0226664 -0.0600522 0.0766809 
qwerty 416 361 0 0.7556 -0.297203 6.25 10.7014 -0.0226664 -0.0600522 0.0766809 
qwerty 416 361 0 0.7556 -0.400248 5.97699 11.05 -0.0226664 -0.0600522 0.0766809 
qwerty 415 361 0 0.320157 0.190064 7.25327 9.7 0.0161175 -0.0264131 0.0950925 
qwerty 415 361 0 0.142648 0.230393 7.18718 9.93794 -0.0211757 0.0106836 -0.0971465 
qwerty 415 361 0 0.142648 0.216674 7.1941 9.875 -0.0211757 0.0106836 -0.0971465 
qwerty 414 361 0 0.192846 0.323376 7.14748 9.7 0.03531 -0.0408232 0.0841824 
qwerty 413 367 0 0.331309 6.42506 23.1697 3.8 -0.0428297 0.0418791 -0.0800735 
qwerty 413 367 0 0.331309 6.25 23.3408 3.47272 -0.0428297 0.0418791 -0.0800735 
qwerty 413 367 0 0.331309 6.06401 23.5227 3.125 -0.0428297 0.0418791 -0.0800735 
qwerty 413 367 0 0.314971 6.01033 23.75 2.77673 -0.00558134 0.0562614 -0.0824833 
qwerty 413 367 0 0.314971 5.98822 23.9729 2.45 -0.00558134 0.0562614 -0.0824833 
qwerty 412 367 0 0.510999 7.97563 21.9329 3.8 0.0743911 -0.0560848 -0.0363382 
qwerty 410 371 0 0.510999 -9.09013 4.61256 27.425 0.00864769 0.0619712 -0.078005 
qwerty 410 371 0 0.510999 -9.0153 5.14881 26.75 0.00864769 0.0619712 -0.078005 
qwerty 410 371 0 0.510999 -8.94046 5.68507 26.075 0.00864769 0.0619712 -0.078005 
qwerty 409 371 0 0.510999 -9.21049 3.75 28.5107 -0.00864769 -0.0619712 0.078005 
qwerty 409 371 0 0.510999 -9.22039 3.67908 28.6 -0.00864769 -0.0619712 0.078005 
qwerty 409 371 0 0.268362 -9.29428 3.14952 29.2666 -0.0992027 0.00920688 0.00860591 
qwerty 409 371 0 0.268362 -9.39142 3.15853 29.275 -0.0992027 0.00920688 0.00860591 
qwerty 441 419 0.861284 12.6561 -2.8568 2.2303 11.725 0.00455985 0.0145332 0.0988332 
qwerty 441 419 0.232376 4.62925 -2.88801 2.19757 12.0403 -0.00846131 0.0090051 0.0992336 
qwerty 441 419 0.744824 3.88443 -2.91868 2.23021 12.4 0.033221 -0.014637 0.0931779 
qwerty 458 409 0.0117009 0.230936 -9.29181 3.14726 29.2708 0.0398743 -0.0712629 0.0577204 
qwerty 458 409 0.00829695 0.222639 -9.29038 3.14402 29.2725 0.0409771 -0.0599542 0.0687486 
qwerty 458 409 0.0138466 0.208792 -9.28923 3.14201 29.2749 0.0170594 -0.0659769 0.0731849 
qwerty 458 409 0.000303093 0.208489 -9.2892 3.14189 29.275 0.0133856 -0.0708339 0.0693064 
qwerty 458 409 0.00529231 0.198039 -9.28876 3.13883 29.274 0.00655109 -0.0897772 -0.0435561 
qwerty 458 409 0.00728914 0.19075 -9.28841 3.13656 29.2726 -0.00801915 -0.0955149 -0.028506 
qwerty 458 409 0.00499851 0.185752 -9.28879 3.13437 29.2714 -0.0453088 -0.0840405 -0.0297374 
qwerty 458 409 0.00518791 0.180564 -9.28977 3.13208 29.2709 -0.0348954 -0.0901648 -0.0255463 
qwerty 458 409 0.0077148 0.172849 -9.29027 3.12935 29.27 -0.00875869 -0.0971723 -0.0219276 
qwerty 458 409 0.00550168 0.167347 -9.29022 3.12649 29.2699 -0.01109 -0.0954621 -0.0276404 
qwerty 458 409 0.00803186 0.159316 -9.29017 3.12368 29.2692 -0.0181088 -0.0960375 -0.0211864 
qwerty 458 409 0.00814239 0.151173 -9.29176 3.12043 29.2677 -0.0408139 -0.0887327 -0.0214649 
qwerty 458 409 0.0163079 0.134865 -9.29219 3.11538 29.2664 0.000877152 -0.0966297 0.0257281 
qwerty 458 409 0.0107636 0.124102 -9.29206 3.11162 29.2682 0.0419838 -0.0903713 -0.00838984 
qwerty 458 409 0.0111336 0.112968 -9.2893 3.10858 29.2684 0.0261561 -0.092534 -0.0274466 
qwerty 458 409 0.061468 0.0515001 -9.28929 3.10519 29.2669 0.0281727 -0.0800649 -0.0528763 
qwerty 458 409 0.0515001 0 -9.28857 3.10316 29.2656 0.0281727 -0.0800649 -0.0528763 
qwerty 448 415 0.177509 0 0.234145 7.1826 9.95826 0.017729 -0.0216289 0.0960098 
qwerty 440 419 1.16995 4.56987 -3.38856 2.60073 11.6472 0.0321414 -0.0851977 0.0413313 
qwerty 440 419 0.385519 4.18435 -3.32807 2.44038 11.725 0.0254354 -0.0898913 0.0356735 
qwerty 472 440 0 0.899999 -3.22148 2.45948 11.225 0.0243985 0.0100216 -0.0964587 
qwerty 472 440 0 0.899999 -3.05074 2.52961 10.55 0.0243985 0.0100216 -0.0964587 
qwerty 472 440 0 0.899999 -2.88001 2.59973 9.875 0.0243985 0.0100216 -0.0964587 
qwerty 470 440 0 1.17565 -3.06709 2.3608 11.725 -0.029322 0.0371146 0.0881063 
qwerty 470 440 0 0.225058 -2.80398 2.51248 11.225 0.0440187 0.0182623 -0.0879139 
qwerty 469 441 0 0.510999 -2.61769 3.75 11.931 0.0146989 0.0926852 -0.0345454 
qwerty 469 441 0 0.510999 -2.60449 3.83325 11.9 0.0146989 0.0926852 -0.0345454 
qwerty 469 441 0 0.510999 -2.3207 5.45291 11.225 0.0164327 0.0904989 -0.0392418 
qwerty 469 441 0 0.510999 -2.17597 6.25 10.8794 0.0164327 0.0904989 -0.0392418 
qwerty 469 441 0 0.467174 -2.04561 6.9679 10.5681 -0.00451309 0.0700832 -0.0711897 
qwerty 469 441 0 0.467174 -2.04676 6.98569 10.55 -0.00451309 0.0700832 -0.0711897 
qwerty 469 441 0 0.467174 -2.08955 7.6502 9.875 -0.00451309 0.0700832 -0.0711897 
qwerty 469 441 0 0.317937 -2.56469 9.57 10.375 -0.0233743 0.0938262 0.0255007 
qwerty 479 469 0.0438253 0 -2.04469 6.96909 10.5692 0.0486084 0.0624814 0.0611008 
qwerty 468 441 0 0.510999 -3.10444 0.680728 13.075 -0.0146989 -0.0926852 0.0345454 
qwerty 466 441 0 0.0525396 -2.88258 2.20237 12.4 0.00150998 0.00133407 0.0999797 
qwerty 465 441 0 0.240731 -2.81767 2.33726 12.4 0.012933 0.0273441 0.0953155 
qwerty 464 441 0 3.5661 -3.0935 1.75126 12.4 -0.0280868 -0.0589139 0.0757647 
qwerty 464 441 0 3.5661 -3.34374 1.22639 13.075 -0.0280868 -0.0589139 0.0757647 
qwerty 464 441 0 3.5661 -3.59397 0.701514 13.75 -0.0280868 -0.0589139 0.0757647 
qwerty 464 441 0 3.5661 -3.75 0.374223 14.1709 -0.0280868 -0.0589139 0.0757647 
qwerty 464 441 0 3.5661 -3.8442 0.176641 14.425 -0.0280868 -0.0589139 0.0757647 
qwerty 464 441 0 3.5661 -4.09443 -0.348232 15.1 -0.0280868 -0.0589139 0.0757647 
qwerty 464 441 0 3.5661 -4.34466 -0.873106 15.775 -0.0280868 -0.0589139 0.0757647 
qwerty 464 441 0 3.1939 -4.57723 -1.25 16.144 -0.0404126 -0.065411 0.0639392 
qwerty 464 441 0 3.1939 -4.77063 -1.56302 16.45 -0.0404126 -0.065411 0.0639392 
qwerty 464 441 0 3.1939 -5.19726 -2.25356 17.125 -0.0404126 -0.065411 0.0639392 
qwerty 464 441 0 3.1939 -5.62389 -2.9441 17.8 -0.0404126 -0.065411 0.0639392 
qwerty 464 441 0 3.1939 -6.05052 -3.63464 18.475 -0.0404126 -0.065411 0.0639392 
qwerty 464 441 0 3.1939 -6.47715 -4.32517 19.15 -0.0404126 -0.065411 0.0639392 
qwerty 464 441 0 3.1939 -6.90379 -5.01571 19.825 -0.0404126 -0.065411 0.0639392 
qwerty 464 441 0 3.1939 -7.33042 -5.70625 20.5 -0.0404126 -0.065411 0.0639392 
qwerty 464 441 0 3.1939 -7.75705 -6.39679 21.175 -0.0404126 -0.065411 0.0639392 
qwerty 464 441 0 3.1939 -8.18368 -7.08732 21.85 -0.0404126 -0.065411 0.0639392 
qwerty 464 441 0 0.342845 -8.54796 -7.2041 21.35 -0.0477957 -0.00563334 -0.0876575 
qwerty 464 441 0 0.342845 -8.75 -7.22792 20.9795 -0.0477957 -0.00563334 -0.0876575 
qwerty 464 441 0 0.342845 -8.91601 -7.24748 20.675 -0.0477957 -0.00563334 -0.0876575 
qwerty 490 487 0 0.372424 -8.3732 -7.61734 21.35 -0.0210162 -0.0542439 -0.0813383 
qwerty 490 487 0 0.372424 -8.5476 -8.0675 20.675 -0.0210162 -0.0542439 -0.0813383 
qwerty 490 487 0 0.372424 -8.72201 -8.51765 20 -0.0210162 -0.0542439 -0.0813383 
qwerty 463 441 0 0.182556 -3.03769 1.79015 12.4 -0.0216459 -0.0565567 0.0795788 
qwerty 461 441 0 3.31849 -2.93476 2.19531 11.725 -0.00827235 0.0114126 0.0990016 
qwerty 461 441 0 3.31849 -2.99116 2.27312 12.4 -0.00827235 0.0114126 0.0990016 
qwerty 461 441 0 3.31849 -3.04756 2.35093 13.075 -0.00827235 0.0114126 0.0990016 
qwerty 461 441 0 3.31849 -3.10397 2.42874 13.75 -0.00827235 0.0114126 0.0990016 
qwerty 461 441 0 3.31849 -3.16037 2.50656 14.425 -0.00827235 0.0114126 0.0990016 
qwerty 461 441 0 3.31849 -3.21677 2.58437 15.1 -0.00827235 0.0114126 0.0990016 
qwerty 461 441 0 3.31849 -3.27317 2.66218 15.775 -0.00827235 0.0114126 0.0990016 
qwerty 461 441 0 3.31849 -3.32957 2.73999 16.45 -0.00827235 0.0114126 0.0990016 
qwerty 461 441 0 3.31849 -3.38597 2.8178 17.125 -0.00827235 0.0114126 0.0990016 
qwerty 461 441 0 3.31849 -3.44237 2.89561 17.8 -0.00827235 0.0114126 0.0990016 
qwerty 461 441 0 3.31849 -3.49878 2.97343 18.475 -0.00827235 0.0114126 0.0990016 
qwerty 461 441 0 3.31849 -3.55518 3.05124 19.15 -0.00827235 0.0114126 0.0990016 
qwerty 461 441 0 3.31849 -3.61158 3.12905 19.825 -0.00827235 0.0114126 0.0990016 
qwerty 461 441 0 3.31849 -3.66798 3.20686 20.5 -0.00827235 0.0114126 0.0990016 
qwerty 461 441 0 3.31849 -3.72438 3.28467 21.175 -0.00827235 0.0114126 0.0990016 
qwerty 461 441 0 3.31849 -3.78078 3.36248 21.85 -0.00827235 0.0114126 0.0990016 
qwerty 461 441 0 3.31849 -3.83718 3.4403 22.525 -0.00827235 0.0114126 0.0990016 
qwerty 461 441 0 3.31849 -3.89359 3.51811 23.2 -0.00827235 0.0114126 0.0990016 
qwerty 461 441 0 3.31849 -3.94999 3.59592 23.875 -0.00827235 0.0114126 0.0990016 
qwerty 461 441 0 3.31849 -4.00639 3.67373 24.55 -0.00827235 0.0114126 0.0990016 
qwerty 461 441 0 3.31849 -4.06279 3.75154 25.225 -0.00827235 0.0114126 0.0990016 
qwerty 461 441 0 3.31849 -4.11919 3.82935 25.9 -0.00827235 0.0114126 0.0990016 
qwerty 461 441 0 3.31849 -4.17559 3.90717 26.575 -0.00827235 0.0114126 0.0990016 
qwerty 461 441 0 3.31849 -4.23199 3.98498 27.25 -0.00827235 0.0114126 0.0990016 
qwerty 461 441 0 3.31849 -4.2884 4.06279 27.925 -0.00827235 0.0114126 0.0990016 
qwerty 461 441 0 1.18037 -4.45705 3.75 28.3644 -0.0301371 -0.0564751 0.0768265 
qwerty 461 441 0 1.18037 -4.54948 3.5768 28.6 -0.0301371 -0.0564751 0.0768265 
qwerty 461 441 0 0.756328 -4.20837 2.83236 29.275 0.0364606 -0.0699738 0.0614353 
qwerty 461 441 0 0.756328 -3.80777 2.06355 29.95 0.0364606 -0.0699738 0.0614353 
qwerty 461 441 0 0.756328 -3.40717 1.29473 30.625 0.0364606 -0.0699738 0.0614353 
