qwerty 1 0 0 200 0 0 -0.249993 0 0 0.1 
qwerty 3 1 0 0.751835 -1.0723 -1.11382 0.208912 -0.0778186 0.0446992 0.0441162 
qwerty 3 1 0 0.751835 -1.14478 -1.07219 0.25 -0.0778186 0.0446992 0.0441162 
qwerty 4 3 0.296487 35.7213 -1.16908 -1.21818 0.25 -0.0663468 -0.0696047 0.0274462 
qwerty 4 3 1.68445 24.1982 -1.25851 -2.36683 0.925 0.00635042 -0.0861945 0.0503009 
qwerty 4 3 1.10002 19.0957 -1.03902 -2.94102 1.57942 0.0320525 -0.0678394 0.0661094 
qwerty 4 3 0.0352145 19.0605 -1.02904 -2.96214 1.6 0.0296379 -0.0684611 0.0665934 
qwerty 4 3 0.0717304 11.3509 -0.910831 -3.13443 1.78679 0.0509125 -0.0850813 0.0130037 
qwerty 4 3 2.15933 8.88614 -0.320894 -4.40404 2.09955 0.0316149 -0.091657 0.0244844 
qwerty 4 3 1.09141 7.79473 -0.0943536 -5.06082 2.275 0.0158534 -0.0959734 0.0231899 
qwerty 15 4 0.305478 0 -0.322584 -4.43915 2.0636 -0.00336205 -0.0698257 -0.0715058 
qwerty 14 4 0.0584893 0.623215 -0.895734 -3.15347 1.811 0.0470046 -0.0525673 0.0709031 
qwerty 14 4 0.0567708 0.566445 -0.878356 -3.16749 1.83311 0.0696097 -0.0328592 0.0638339 
qwerty 14 4 0.0836016 0.482843 -0.858749 -3.18473 1.85253 0.0504293 -0.059782 0.0623137 
qwerty 14 4 0.100987 0.381856 -0.831445 -3.21854 1.86657 -0.0534658 0.00874411 -0.0840532 
qwerty 14 4 0.25073 0.131126 -0.876897 -3.24227 1.8331 -0.0989035 0.00790221 -0.0124765 
qwerty 14 4 0.131126 0 -0.889549 -3.24126 1.83151 -0.0989035 0.00790221 -0.0124765 
qwerty 12 4 0.648298 1.66864 -1.05185 -3.09551 1.25703 -0.0335856 -0.0399038 -0.0853211 
qwerty 12 4 0.24961 1.41903 -1.11366 -3.16894 1.1 -0.0410469 -0.0300124 -0.086107 
qwerty 12 4 0.458427 0.729524 -1.08432 -3.07042 1.20661 0.0146167 0.0468274 0.0871409 
qwerty 12 4 0.148145 0.581379 -1.10403 -3.01063 1.27377 -0.0578923 0.00161415 0.0815222 
qwerty 12 4 0.216763 0.364616 -1.17006 -3.05165 1.3314 -0.0887832 -0.0259767 0.0379835 
qwerty 12 4 0.364616 0 -1.22857 -3.06877 1.35644 0.0471217 0.0437561 0.0765829 
qwerty 11 4 0.0192638 0.362279 -1.04146 -2.95295 1.58037 -0.014097 -0.0988309 -0.00580776 
qwerty 11 4 0.0311177 0.331162 -1.04189 -2.96514 1.58188 -0.0251286 -0.0958818 -0.0132373 
qwerty 11 4 0.0463905 0.284771 -1.0456 -2.97498 1.57958 0.00340023 -0.0270228 -0.0962196 
qwerty 11 4 0.0194302 0.265341 -1.04414 -2.98001 1.56994 -0.0148768 -0.0223376 -0.0963313 
qwerty 11 4 0.038097 0.227244 -1.04373 -2.98996 1.55502 -0.0248731 -0.0642413 -0.0724872 
qwerty 11 4 0.0711367 0.156107 -1.05395 -2.99153 1.52737 -0.0925421 -0.00312719 -0.0377648 
qwerty 11 4 0.156107 0 -1.06979 -2.99207 1.5209 -0.0925421 -0.00312719 -0.0377648 
qwerty 18 8 0 0.232785 -0.00598497 -0.696395 -0.25 0.0848586 0.0377185 -0.037099 
qwerty 16 4 0 1.61674 -0.176648 -6.25 2.49791 -0.00757305 -0.0981322 0.0176837 
qwerty 16 4 0 0.619556 -0.330384 -8.24212 2.8569 0.0722988 -0.046423 0.0511644 
qwerty 16 4 0 0.619556 -0.198827 -8.32659 2.95 0.0722988 -0.046423 0.0511644 
qwerty 16 4 0 0.619556 0.754994 -8.93904 3.625 0.0722988 -0.046423 0.0511644 
qwerty 16 4 0 0.619556 1.70881 -9.55149 4.3 0.0722988 -0.046423 0.0511644 
qwerty 16 4 0 0.619556 2.66264 -10.1639 4.975 0.0722988 -0.046423 0.0511644 
qwerty 20 16 0.327476 0.669712 -0.371323 -8.30415 2.84818 -0.0221168 -0.097237 -0.00747028 
qwerty 20 16 0.13828 0.531433 -0.360107 -8.38139 2.84673 0.0297973 -0.0862458 -0.040912 
qwerty 20 16 0.155678 0.375755 -0.319786 -8.43802 2.81343 0.0433038 -0.0516238 -0.0738902 
qwerty 20 16 0.297492 0.0782632 -0.289937 -8.4736 2.76249 0.0169142 -0.00393769 -0.0984805 
qwerty 20 16 0.0782632 0 -0.289044 -8.47381 2.75729 0.0169142 -0.00393769 -0.0984805 
qwerty 9 4 0 0.304539 -1.28326 -2.40843 0.925 0.00415442 -0.0880061 0.0473039 
qwerty 7 4 0 0.9998 -1.2778 -2.38669 0.925 0.00913649 -0.084568 0.0525812 
qwerty 7 4 0 0.340008 -0.272256 -1.94066 1.6 0.0776042 0.0384824 0.0499669 
qwerty 7 4 0 0.340008 1.19989 -1.97656 2.275 0.0915178 -0.0121204 0.0384395 
qwerty 7 4 0 0.340008 2.80694 -2.18939 2.95 0.0915178 -0.0121204 0.0384395 
qwerty 2 1 0 298.207 0.0412796 0.0428779 0.25 0.00819815 0.00851558 0.0992989 
qwerty 2 1 0 298.207 0.0970078 0.100764 0.925 0.00819815 0.00851558 0.0992989 
qwerty 2 1 0 298.207 0.152736 0.15865 1.6 0.00819815 0.00851558 0.0992989 
qwerty 31 2 0.792269 118.795 0.207757 0.236379 2.275 0.00832914 0.0119816 0.0989296 
qwerty 31 2 0.833585 110.138 0.257992 0.295016 2.95 0.00694263 0.00879978 0.0993698 
qwerty 31 2 0.926247 105.489 0.236738 0.273052 3.625 -0.00701097 -0.00563739 0.0995945 
qwerty 31 2 0.755054 93.0299 0.212124 0.124883 4.3 -0.00287591 -0.0207149 0.0977887 
qwerty 31 2 0.929437 88.7338 0.221081 -0.0890682 4.975 6.97457e-05 -0.0324496 0.0945887 
qwerty 31 2 1.6927 6.06446 -0.609244 0.432739 5.20333 -0.0598366 0.0765696 0.0235939 
qwerty 31 2 1.57477 4.48969 -1.14247 0.998742 5.46661 -0.0552345 0.0478889 0.0682334 
qwerty 31 2 0.454905 4.03478 -1.29093 1.12746 5.65 -0.0626884 0.0322736 0.0709124 
qwerty 31 2 0.34285 2.32127 -1.45518 1.25 5.46243 -0.00900792 0.059557 -0.0798237 
qwerty 31 2 0.723345 1.59792 -1.47044 1.46194 5.1635 0.0551614 0.0753212 -0.0358321 
qwerty 31 2 0.0653279 1.5326 -1.44966 1.49031 5.15 0.0678106 0.0647526 -0.0347681 
qwerty 31 2 0.323904 1.07716 -1.33758 1.60731 5.29307 -0.0052685 0.0585152 0.080921 
qwerty 31 2 0.354323 0.722835 -1.3005 1.64325 5.52188 -0.00426977 0.0290431 0.0955943 
qwerty 31 2 0.39575 0.327085 -1.30622 1.68218 5.65 -0.0692511 0.0131547 0.0709312 
qwerty 31 2 0.00927748 0.276207 -1.30564 1.68636 5.64729 0.0476065 0.0700115 -0.0532167 
qwerty 31 2 0.0138208 0.262386 -1.30334 1.68957 5.64363 -0.00649078 0.0731051 -0.0679228 
qwerty 31 2 0.0125238 0.249862 -1.30293 1.69293 5.64065 -0.00994043 0.0578612 -0.0809523 
qwerty 31 2 0.0135715 0.236291 -1.3027 1.69755 5.63653 -0.01134 0.0767719 -0.0630673 
qwerty 31 2 0.0192421 0.217048 -1.30453 1.70443 5.63331 0.0306093 0.0946819 -0.00991977 
qwerty 31 2 0.0240516 0.192997 -1.30164 1.7128 5.63472 -0.0255348 0.089259 0.0371592 
qwerty 31 2 0.0159469 0.17705 -1.30498 1.71766 5.6375 -0.0402464 0.0632021 0.0662248 
qwerty 31 2 0.0167239 0.160326 -1.30981 1.72012 5.64321 -0.0758461 0.0438948 0.0481728 
qwerty 31 2 0.0136784 0.146648 -1.31347 1.72282 5.645 -0.0337573 0.072063 0.0605588 
qwerty 31 2 0.0172975 0.12935 -1.31584 1.7261 5.64696 -0.0358065 0.0872783 0.0331721 
qwerty 31 2 0.0232785 0.106072 -1.31878 1.7293 5.6488 -0.0683166 0.0699642 0.020925 
qwerty 31 2 0.00956654 0.0965051 -1.32106 1.73181 5.64903 0.00558025 0.0971075 -0.0232162 
qwerty 31 2 0.0363765 0.0601286 -1.32012 1.73579 5.64928 0.0118005 0.0992915 0.00139698 
qwerty 31 2 0.048344 0.0117846 -1.32015 1.73884 5.64987 -0.00395569 0.0793658 0.0607076 
qwerty 31 2 0.0117846 0 -1.32015 1.73898 5.64998 -0.00395569 0.0793658 0.0607076 
qwerty 31 2 0 0 -1.32015 1.73898 5.64998 -0.00395569 0.0793658 0.0607076 
qwerty 30 2 0.671849 133.603 0.173266 0.202069 2.20225 0.000737417 0.00687105 0.0997609 
qwerty 30 2 0.0897822 133.514 0.173804 0.20708 2.275 0.000710171 0.0069507 0.0997556 
qwerty 30 2 0.783044 128.71 0.152238 0.265053 2.95 -0.00285618 0.00848644 0.0995983 
qwerty 30 2 0.839337 104.556 0.119561 0.352918 3.625 -0.00621963 0.0128161 0.0989801 
qwerty 30 2 1.1287 35.6421 0.0306025 0.479119 4.3 -0.0182419 0.0197772 0.0963125 
qwerty 30 2 1.64182 27.5448 -0.565459 1.03955 4.975 -0.0609719 0.0569622 0.0551157 
qwerty 30 2 0.838552 17.0126 -0.8726 1.09912 5.65 -0.0272442 -0.0258888 0.0926689 
qwerty 30 2 0.775064 13.0002 -0.792054 0.912739 6.325 0.0153067 -0.016848 0.0973748 
qwerty 30 2 1.09858 6.47614 -0.498235 1.25 6.99702 0.0409089 0.0360891 0.0838096 
qwerty 30 2 0.00452685 6.47161 -0.496781 1.25128 7 0.0414367 0.0359307 0.0836181 
qwerty 30 2 0.0961688 2.54529 -0.570893 1.24997 6.93597 -0.0219428 -0.022771 -0.0948683 
qwerty 30 2 0.790493 1.7548 -0.70779 1.18828 6.57102 0.0225984 0.0473609 -0.0851249 
qwerty 30 2 0.325153 1.42965 -0.688935 1.22779 6.5 0.014683 0.0455252 -0.0878172 
qwerty 30 2 0.282906 0.943021 -0.62745 1.20261 6.64782 0.0333915 0.0017454 0.0942442 
qwerty 30 2 0.226406 0.716615 -0.545212 1.201 6.74614 0.059973 -0.0529235 0.0600196 
qwerty 30 2 0.232501 0.484114 -0.470221 1.17959 6.84524 0.0861998 -3.71568e-05 0.0506912 
qwerty 30 2 0.327261 0.156853 -0.359076 1.18838 6.84798 0.0613645 0.0672423 -0.0413869 
qwerty 30 2 0.156853 0 -0.348487 1.19998 6.84084 0.0613645 0.0672423 -0.0413869 
qwerty 63 30 6.06878e-05 1.85993 -0.570938 1.25 6.93592 -0.0636387 0.0383146 -0.0669485 
qwerty 63 30 0.5116 1.34833 -0.72153 1.29756 6.6495 0.0303711 0.047985 -0.0823106 
qwerty 63 30 0.302826 1.0455 -0.666367 1.38472 6.5 0.0188951 0.041292 -0.0890952 
qwerty 49 30 0.0735095 0.293622 0.188726 0.224242 2.22909 0.0175432 0.0557754 0.0811254 
qwerty 49 30 0.0700889 0.223533 0.181785 0.234948 2.25289 -0.0605947 0.0794349 0.00428827 
qwerty 49 30 0.036243 0.18729 0.176906 0.246245 2.2546 -0.00872669 0.0993536 -0.00726006 
qwerty 49 30 0.0282382 0.159052 0.170819 0.256352 2.25314 -0.0415202 0.0853672 -0.0314407 
qwerty 49 30 0.0264487 0.132604 0.170463 0.26499 2.24809 -0.0266889 0.0671241 -0.0691524 
qwerty 49 30 0.132604 0 0.166984 0.273739 2.23908 -0.0266889 0.0671241 -0.0691524 
qwerty 62 30 0 2.3602 -0.601282 1.08291 7 0.0166153 0.0304781 0.0937818 
qwerty 62 30 0 2.3602 -0.481692 1.30228 7.675 0.0166153 0.0304781 0.0937818 
qwerty 62 30 0 2.3602 -0.362103 1.52165 8.35 0.0166153 0.0304781 0.0937818 
qwerty 62 30 0 2.3602 -0.242514 1.74101 9.025 0.0166153 0.0304781 0.0937818 
qwerty 62 30 0 2.3602 -0.122924 1.96038 9.7 0.0166153 0.0304781 0.0937818 
qwerty 62 30 0 2.3602 -0.00333495 2.17975 10.375 0.0166153 0.0304781 0.0937818 
qwerty 62 30 0 2.3602 0.116254 2.39912 11.05 0.0166153 0.0304781 0.0937818 
qwerty 62 30 0 2.3602 0.235844 2.61849 11.725 0.0166153 0.0304781 0.0937818 
qwerty 62 30 0 2.3602 0.355433 2.83785 12.4 0.0166153 0.0304781 0.0937818 
qwerty 62 30 0 2.3602 0.475022 3.05722 13.075 0.0166153 0.0304781 0.0937818 
qwerty 62 30 0 2.3602 0.594612 3.27659 13.75 0.0166153 0.0304781 0.0937818 
qwerty 62 30 0 2.3602 0.714201 3.49596 14.425 0.0166153 0.0304781 0.0937818 
qwerty 62 30 0 2.3602 0.83379 3.71533 15.1 0.0166153 0.0304781 0.0937818 
qwerty 62 30 0 2.3602 0.95338 3.9347 15.775 0.0166153 0.0304781 0.0937818 
qwerty 62 30 0 2.3602 1.07297 4.15406 16.45 0.0166153 0.0304781 0.0937818 
qwerty 62 30 0 2.3602 1.19256 4.37343 17.125 0.0166153 0.0304781 0.0937818 
qwerty 62 30 0 0.380063 1.25003 4.47885 17.4494 0.0196313 -0.0969918 0.0143942 
qwerty 62 30 0 0.380063 1.39755 3.75 17.5575 0.0196313 -0.0969918 0.0143942 
qwerty 62 30 0 0.380063 1.72821 2.11629 17.8 0.0196313 -0.0969918 0.0143942 
qwerty 66 62 0.201449 1.77272 1.27074 4.56733 17.5558 0.0109141 0.0293296 0.0949771 
qwerty 66 62 0.491101 1.28162 1.29881 4.64275 17.8 0.00530109 0.00876633 0.0994739 
qwerty 68 66 0.00029101 0 1.25997 4.57537 17.6319 -0.0139311 0.0104041 0.0984768 
qwerty 69 68 0.00567204 0 1.25996 4.57533 17.6319 -0.0239011 -0.0806743 0.0540406 
qwerty 61 30 0 0.868678 -1.02695 1.02829 6.325 -0.0221913 -0.00995779 0.0969968 
qwerty 61 30 0 0.868678 -1.18138 0.958992 7 -0.0221913 -0.00995779 0.0969968 
qwerty 61 30 0 0.868678 -1.25 0.928202 7.29992 -0.0221913 -0.00995779 0.0969968 
qwerty 61 30 0 0.868678 -1.33581 0.889695 7.675 -0.0221913 -0.00995779 0.0969968 
qwerty 61 30 0 0.868678 -1.49024 0.820399 8.35 -0.0221913 -0.00995779 0.0969968 
qwerty 61 30 0 0.868678 -1.64467 0.751103 9.025 -0.0221913 -0.00995779 0.0969968 
qwerty 61 30 0 0.868678 -1.7991 0.681807 9.7 -0.0221913 -0.00995779 0.0969968 
qwerty 61 30 0 0.868678 -1.95353 0.612511 10.375 -0.0221913 -0.00995779 0.0969968 
qwerty 61 30 0 0.868678 -2.10761 0.528436 11.05 -0.0220651 -0.0125829 0.0967202 
qwerty 61 30 0 0.868678 -2.2616 0.440621 11.725 -0.0220651 -0.0125829 0.0967202 
qwerty 61 30 0 0.868678 -2.41559 0.352807 12.4 -0.0220651 -0.0125829 0.0967202 
qwerty 61 30 0 0.868678 -2.56958 0.264992 13.075 -0.0220651 -0.0125829 0.0967202 
qwerty 61 30 0 0.868678 -2.72357 0.177177 13.75 -0.0220651 -0.0125829 0.0967202 
qwerty 61 30 0 0.868678 -2.87756 0.0893626 14.425 -0.0220651 -0.0125829 0.0967202 
qwerty 61 30 0 0.868678 -3.04449 -0.0133035 15.1 -0.0242676 -0.0152303 0.0958077 
qwerty 61 30 0 0.868678 -3.21546 -0.120606 15.775 -0.0242676 -0.0152303 0.0958077 
qwerty 60 30 0 5.2709 -0.73489 1.25 5.19672 -0.0319884 0.0658078 0.0681622 
qwerty 60 30 0 5.2709 -0.947614 1.68762 5.65 -0.0319884 0.0658078 0.0681622 
qwerty 60 30 0 5.2709 -1.25 2.30971 6.29434 -0.0319884 0.0658078 0.0681622 
qwerty 60 30 0 5.2709 -1.26439 2.33931 6.325 -0.0319884 0.0658078 0.0681622 
qwerty 60 30 0 5.2709 -1.58117 2.99099 7 -0.0319884 0.0658078 0.0681622 
qwerty 60 30 0 5.2709 -1.89794 3.64268 7.675 -0.0319884 0.0658078 0.0681622 
qwerty 60 30 0 0.302941 -1.94341 3.75 7.85723 0.0508407 -0.0840973 0.0185166 
qwerty 60 30 0 0.302941 -0.590424 1.51199 8.35 0.0508407 -0.0840973 0.0185166 
qwerty 71 60 1.00921 3.87127 -2.17043 4.25591 8.3166 -0.0730388 0.0422784 0.0536458 
qwerty 71 60 0.0737575 3.79751 -2.2159 4.28223 8.35 -0.074774 0.0389352 0.0537857 
qwerty 74 71 0 0.358759 -1.8553 4.47079 9.025 0.0509787 0.0228993 0.0829265 
qwerty 74 71 0 0.358759 -1.44034 4.65719 9.7 0.0509787 0.0228993 0.0829265 
qwerty 74 71 0 0.358759 -1.25 4.74269 10.0096 0.0509787 0.0228993 0.0829265 
qwerty 74 71 0 0.358759 -1.02539 4.84358 10.375 0.0509787 0.0228993 0.0829265 
qwerty 59 30 0 4.2592 -0.154552 0.779977 4.975 -0.0247642 0.0400465 0.0882214 
qwerty 59 30 0 4.2592 -0.344028 1.08638 5.65 -0.0247642 0.0400465 0.0882214 
qwerty 59 30 0 4.2592 -0.533504 1.39279 6.325 -0.0247642 0.0400465 0.0882214 
qwerty 59 30 0 4.2592 -0.72298 1.69919 7 -0.0247642 0.0400465 0.0882214 
qwerty 59 30 0 4.2592 -0.912456 2.00559 7.675 -0.0247642 0.0400465 0.0882214 
qwerty 59 30 0 4.2592 -1.10193 2.312 8.35 -0.0247642 0.0400465 0.0882214 
qwerty 59 30 0 4.2592 -1.25 2.55144 8.87749 -0.0247642 0.0400465 0.0882214 
qwerty 59 30 0 4.2592 -1.29141 2.6184 9.025 -0.0247642 0.0400465 0.0882214 
qwerty 59 30 0 4.2592 -1.48088 2.92481 9.7 -0.0247642 0.0400465 0.0882214 
qwerty 59 30 0 4.2592 -1.67036 3.23121 10.375 -0.0247642 0.0400465 0.0882214 
qwerty 59 30 0 4.2592 -1.85984 3.53761 11.05 -0.0247642 0.0400465 0.0882214 
qwerty 59 30 0 4.2592 -2.04931 3.84402 11.725 -0.0247642 0.0400465 0.0882214 
qwerty 59 30 0 4.2592 -2.23879 4.15042 12.4 -0.0247642 0.0400465 0.0882214 
qwerty 59 30 0 4.2592 -2.42826 4.45683 13.075 -0.0247642 0.0400465 0.0882214 
qwerty 59 30 0 4.2592 -2.61774 4.76323 13.75 -0.0247642 0.0400465 0.0882214 
qwerty 59 30 0 4.2592 -2.80721 5.06963 14.425 -0.0247642 0.0400465 0.0882214 
qwerty 59 30 0 4.2592 -2.99669 5.37604 15.1 -0.0247642 0.0400465 0.0882214 
qwerty 59 30 0 4.2592 -3.18617 5.68244 15.775 -0.0247642 0.0400465 0.0882214 
qwerty 59 30 0 0.572448 -3.40571 5.61729 16.0781 -0.0947063 0.0301545 0.0110193 
qwerty 59 30 0 0.572448 -5.39287 6.25 16.3093 -0.0947063 0.0301545 0.0110193 
qwerty 59 30 0 0.572448 -6.60227 6.63507 16.45 -0.0947063 0.0301545 0.0110193 
qwerty 81 59 0.1268 0.394543 -3.39521 5.55921 16.1175 0.0581267 -0.0462047 0.0669807 
qwerty 81 59 0.294416 0.100127 -3.35218 5.52501 16.1671 0.0547165 -0.0831026 -0.0100029 
qwerty 81 59 0.100127 0 -3.34775 5.51829 16.1663 0.0547165 -0.0831026 -0.0100029 
qwerty 86 58 0.777992 6.61611 0.109045 0.388948 4.3 -0.00861891 0.00934109 0.099189 
qwerty 88 86 0 1.20511 -0.038193 0.379893 4.975 -0.0214455 -0.00134755 0.0976641 
qwerty 88 86 0 1.20511 -0.186412 0.370579 5.65 -0.0214455 -0.00134755 0.0976641 
qwerty 88 86 0 1.20511 -0.334632 0.361266 6.325 -0.0214455 -0.00134755 0.0976641 
qwerty 88 86 0 1.20511 -0.482851 0.351952 7 -0.0214455 -0.00134755 0.0976641 
qwerty 88 86 0 1.20511 -0.63107 0.342639 7.675 -0.0214455 -0.00134755 0.0976641 
qwerty 88 86 0 1.20511 -0.77929 0.333325 8.35 -0.0214455 -0.00134755 0.0976641 
qwerty 88 86 0 1.20511 -0.927509 0.324012 9.025 -0.0214455 -0.00134755 0.0976641 
qwerty 88 86 0 1.20511 -1.07573 0.314698 9.7 -0.0214455 -0.00134755 0.0976641 
qwerty 88 86 0 1.20511 -1.22395 0.305385 10.375 -0.0214455 -0.00134755 0.0976641 
qwerty 88 86 0 1.20511 -1.37217 0.296071 11.05 -0.0214455 -0.00134755 0.0976641 
qwerty 88 86 0 1.20511 -1.52039 0.286758 11.725 -0.0214455 -0.00134755 0.0976641 
qwerty 88 86 0 1.20511 -1.66861 0.277444 12.4 -0.0214455 -0.00134755 0.0976641 
qwerty 88 86 0 1.20511 -1.81682 0.268131 13.075 -0.0214455 -0.00134755 0.0976641 
qwerty 88 86 0 1.20511 -1.96504 0.258817 13.75 -0.0214455 -0.00134755 0.0976641 
qwerty 88 86 0 1.20511 -2.11326 0.249504 14.425 -0.0214455 -0.00134755 0.0976641 
qwerty 88 86 0 1.20511 -2.26148 0.24019 15.1 -0.0214455 -0.00134755 0.0976641 
qwerty 88 86 0 1.20511 -2.4097 0.230877 15.775 -0.0214455 -0.00134755 0.0976641 
qwerty 88 86 0 1.20511 -2.55792 0.221563 16.45 -0.0214455 -0.00134755 0.0976641 
qwerty 88 86 0 1.20511 -2.70614 0.21225 17.125 -0.0214455 -0.00134755 0.0976641 
qwerty 88 86 0 1.20511 -2.85436 0.202936 17.8 -0.0214455 -0.00134755 0.0976641 
qwerty 57 30 0 30.3082 0.0698526 0.460513 4.3 -0.00820022 0.0163377 0.098315 
qwerty 57 30 0 30.3082 0.0135525 0.572682 4.975 -0.00820022 0.0163377 0.098315 
qwerty 57 30 0 30.3082 -0.0427477 0.684852 5.65 -0.00820022 0.0163377 0.098315 
qwerty 57 30 0 30.3082 -0.0990479 0.797021 6.325 -0.00820022 0.0163377 0.098315 
qwerty 57 30 0 30.3082 -0.155348 0.909191 7 -0.00820022 0.0163377 0.098315 
qwerty 57 30 0 30.3082 -0.211648 1.02136 7.675 -0.00820022 0.0163377 0.098315 
qwerty 57 30 0 30.3082 -0.267948 1.13353 8.35 -0.00820022 0.0163377 0.098315 
qwerty 57 30 0 30.3082 -0.324249 1.2457 9.025 -0.00820022 0.0163377 0.098315 
qwerty 92 57 0.8253 18.6184 -0.443541 1.2566 9.7 -0.00901902 0.00164834 0.0995788 
qwerty 92 57 0.776049 14.6124 -0.366805 1.15109 10.375 0.0198052 -0.017439 0.0964553 
qwerty 92 57 1.531 8.65548 -0.443114 0.233227 11.0152 0.00437745 -0.087196 0.0487616 
qwerty 92 57 0.104886 8.55059 -0.439993 0.17105 11.05 0.00620175 -0.0884353 0.0462681 
qwerty 99 92 0.145474 0.586397 -0.426322 0.20337 10.994 0.0691723 -0.0558131 -0.0458267 
qwerty 99 92 0.0445561 0.54184 -0.409205 0.185349 10.9779 0.0658165 -0.0685028 -0.0312338 
qwerty 99 92 0.062888 0.478952 -0.387381 0.162149 10.9552 0.0197243 -0.0777647 -0.059696 
qwerty 99 92 0.110929 0.368024 -0.380306 0.136802 10.9012 -0.00483006 -0.0504414 -0.086211 
qwerty 99 92 0.296136 0.0718876 -0.383534 0.103094 10.8436 0.0295231 0.0259186 -0.0919598 
qwerty 99 92 0.0718876 0 -0.382189 0.104275 10.8394 0.0295231 0.0259186 -0.0919598 
qwerty 103 92 0 1.97945 -0.645905 0.0346847 11.725 -0.0396048 -0.0103564 0.0912371 
qwerty 103 92 0 1.97945 -0.938913 -0.041935 12.4 -0.0396048 -0.0103564 0.0912371 
qwerty 102 92 0 1.75686 -0.205845 0.14609 11.725 0.0364006 0.0103704 0.0925605 
qwerty 102 92 0 1.75686 0.059608 0.221716 12.4 0.0364006 0.0103704 0.0925605 
qwerty 102 92 0 1.75686 0.325061 0.297342 13.075 0.0364006 0.0103704 0.0925605 
qwerty 102 92 0 1.75686 0.590513 0.372968 13.75 0.0364006 0.0103704 0.0925605 
qwerty 102 92 0 1.75686 0.855966 0.448595 14.425 0.0364006 0.0103704 0.0925605 
qwerty 102 92 0 1.75686 1.12142 0.524221 15.1 0.0364006 0.0103704 0.0925605 
qwerty 102 92 0 1.75686 1.25 0.560853 15.427 0.0364006 0.0103704 0.0925605 
qwerty 102 92 0 1.75686 1.38687 0.599847 15.775 0.0364006 0.0103704 0.0925605 
qwerty 102 92 0 1.75686 1.65232 0.675473 16.45 0.0364006 0.0103704 0.0925605 
qwerty 102 92 0 0.969648 1.50562 0.61599 17.125 -0.0288445 -0.0110607 0.0951086 
qwerty 102 92 0 0.969648 1.30091 0.53749 17.8 -0.0288445 -0.0110607 0.0951086 
qwerty 102 92 0 0.969648 1.09619 0.458991 18.475 -0.0288445 -0.0110607 0.0951086 
qwerty 102 92 0 0.969648 0.891479 0.380491 19.15 -0.0288445 -0.0110607 0.0951086 
qwerty 102 92 0 0.969648 0.686765 0.301992 19.825 -0.0288445 -0.0110607 0.0951086 
qwerty 102 92 0 0.969648 0.482051 0.223492 20.5 -0.0288445 -0.0110607 0.0951086 
qwerty 101 92 0 0.36681 -1.14526 -0.620722 11.725 -0.058565 -0.061068 0.0532995 
qwerty 101 92 0 0.202415 -1.29712 -1.00429 11.6854 0.0738197 -0.0599094 0.0310082 
qwerty 101 92 0 0.202415 -1.25 -1.04253 11.7052 0.0738197 -0.0599094 0.0310082 
qwerty 101 92 0 0.202415 -1.20295 -1.08072 11.725 0.0738197 -0.0599094 0.0310082 
qwerty 113 101 0.0873694 0 -1.30108 -1.00684 11.6811 -0.0618604 -0.0398567 -0.0677107 
qwerty 98 92 0 0.660834 -0.32032 0.880274 11.05 0.00424735 -0.0384316 0.0922224 
qwerty 98 92 0 0.660834 -0.289232 0.598983 11.725 0.00424735 -0.0384316 0.0922224 
qwerty 98 92 0 0.660834 -0.258145 0.317692 12.4 0.00424735 -0.0384316 0.0922224 
qwerty 96 92 0 0.42215 -0.454138 1.25465 9.7 -0.0193946 -0.000671664 0.0980989 
qwerty 96 92 0 0.42215 -0.587589 1.25003 10.375 -0.0193946 -0.000671664 0.0980989 
qwerty 96 92 0 0.42215 -0.721039 1.24541 11.05 -0.0193946 -0.000671664 0.0980989 
qwerty 96 92 0 0.42215 -0.85449 1.24078 11.725 -0.0193946 -0.000671664 0.0980989 
qwerty 96 92 0 0.42215 -0.98794 1.23616 12.4 -0.0193946 -0.000671664 0.0980989 
qwerty 96 92 0 0.42215 -1.12139 1.23154 13.075 -0.0193946 -0.000671664 0.0980989 
qwerty 96 92 0 0.403089 -1.44292 1.25 13.6705 -0.0507927 0.00314515 0.0860826 
qwerty 96 92 0 0.403089 -1.48984 1.25291 13.75 -0.0507927 0.00314515 0.0860826 
qwerty 96 92 0 0.403089 -1.88812 1.27757 14.425 -0.0507927 0.00314515 0.0860826 
qwerty 95 92 0 2.58877 -0.439907 1.26687 9.7 -0.0166609 0.00173761 0.098587 
qwerty 95 92 0 2.58877 -0.55398 1.27876 10.375 -0.0166609 0.00173761 0.098587 
qwerty 95 92 0 2.58877 -0.668053 1.29066 11.05 -0.0166609 0.00173761 0.098587 
qwerty 95 92 0 2.58877 -0.782126 1.30256 11.725 -0.0166609 0.00173761 0.098587 
qwerty 95 92 0 2.58877 -0.896199 1.31445 12.4 -0.0166609 0.00173761 0.098587 
qwerty 95 92 0 2.58877 -1.01027 1.32635 13.075 -0.0166609 0.00173761 0.098587 
qwerty 95 92 0 2.58877 -1.12434 1.33825 13.75 -0.0166609 0.00173761 0.098587 
qwerty 95 92 0 2.58877 -1.23842 1.35015 14.425 -0.0166609 0.00173761 0.098587 
qwerty 95 92 0 0.801569 -2.35063 1.78791 15.1 -0.0842951 0.0336797 0.0419525 
qwerty 95 92 0 0.801569 -3.70691 2.3298 15.775 -0.0842951 0.0336797 0.0419525 
qwerty 95 92 0 0.801569 -5.06318 2.8717 16.45 -0.0842951 0.0336797 0.0419525 
qwerty 124 121 0 0.101861 -1.3411 2.00648 15.1 -0.0104608 0.076493 0.0635562 
qwerty 56 30 0 0.261841 0.119598 0.423004 4.3 0.000258379 0.0100593 0.0994924 
qwerty 128 56 0.00562331 0.164746 0.120059 0.442435 4.47646 -0.0306589 0.0925403 -0.0222784 
qwerty 128 56 0.00197124 0.162774 0.119416 0.444114 4.47587 -0.0245684 0.0936836 -0.0248953 
qwerty 128 56 0.00473361 0.158041 0.118899 0.445934 4.4757 -0.0144957 0.0948699 -0.0280993 
qwerty 128 56 0.00404634 0.153994 0.11874 0.447416 4.47512 -0.0172326 0.0984671 -0.00269615 
qwerty 128 56 0.00348087 0.150514 0.118431 0.449171 4.475 -0.00568539 0.099434 -0.00897497 
qwerty 128 56 0 0.150514 0.118431 0.44918 4.475 -0.00373451 0.0995886 -0.00825587 
qwerty 128 56 0.00384897 0.1424 0.119337 0.45052 4.47536 0.0559538 0.0816788 0.0140621 
qwerty 128 56 0.00303904 0.139361 0.12037 0.45162 4.47581 0.0631037 0.0773554 0.00583619 
qwerty 128 56 0.00423743 0.135124 0.121261 0.452803 4.47561 0.0852071 0.0477772 -0.0213799 
qwerty 128 56 0.00355161 0.131572 0.122502 0.453335 4.4751 0.0839432 0.0510208 -0.0187195 
qwerty 128 56 0.000620826 0.130951 0.122929 0.453595 4.475 0.0800504 0.05204 -0.0297281 
qwerty 128 56 0.00332513 0.108746 0.123066 0.454034 4.47597 0.00537289 -0.0251115 0.0966465 
qwerty 128 56 0.00189987 0.106846 0.123063 0.45389 4.47689 0.00412951 -0.0378579 0.0924647 
qwerty 128 56 0.00431642 0.10253 0.12301 0.45369 4.47802 0.0082992 -0.040734 0.0909498 
qwerty 128 56 0.00553517 0.0969949 0.123403 0.452736 4.47932 -0.0200708 -0.0823363 0.0530839 
qwerty 128 56 0.00794777 0.0890471 0.123086 0.450597 4.48026 -0.0461973 -0.06441 0.0609685 
qwerty 128 56 0.0179601 0.071087 0.12251 0.447931 4.48159 -0.063873 -0.0462729 0.0614741 
qwerty 128 56 0.0288368 0.0422501 0.120274 0.44588 4.48298 -0.0371909 0.0385006 0.0844662 
qwerty 128 56 0.0422501 0 0.11961 0.446568 4.48449 -0.0371909 0.0385006 0.0844662 
qwerty 54 30 0 3.46305 0.118909 0.356587 3.625 -0.00527284 0.0137765 0.098906 
qwerty 54 30 0 3.46305 0.0829235 0.450607 4.3 -0.00527284 0.0137765 0.098906 
qwerty 54 30 0 3.46305 0.0469381 0.544627 4.975 -0.00527284 0.0137765 0.098906 
qwerty 54 30 0 3.46305 0.0109528 0.638648 5.65 -0.00527284 0.0137765 0.098906 
qwerty 54 30 0 3.46305 -0.0250325 0.732668 6.325 -0.00527284 0.0137765 0.098906 
qwerty 54 30 0 3.46305 -0.0610178 0.826688 7 -0.00527284 0.0137765 0.098906 
qwerty 54 30 0 3.46305 -0.0970032 0.920708 7.675 -0.00527284 0.0137765 0.098906 
qwerty 54 30 0 3.46305 -0.132988 1.01473 8.35 -0.00527284 0.0137765 0.098906 
qwerty 54 30 0 3.46305 -0.168974 1.10875 9.025 -0.00527284 0.0137765 0.098906 
qwerty 54 30 0 3.02118 -0.326392 1.15184 9.7 -0.0242195 0.00550052 0.0968667 
qwerty 131 54 0.311002 0.863258 -0.373511 1.19735 9.99487 -0.00781332 0.0271661 0.0959216 
qwerty 131 54 0.358519 0.504739 -0.415265 1.23937 10.1014 0.0242275 -0.0156001 0.0957584 
qwerty 131 54 0.341382 0.163357 -0.390515 1.22343 10.1993 0.0890242 0.04236 0.016743 
qwerty 131 54 0.163357 0 -0.374083 1.23125 10.2023 0.0890242 0.04236 0.016743 
qwerty 53 30 0 17.4856 0.107393 0.34806 3.625 -0.00724805 0.012232 0.0989841 
qwerty 53 30 0 17.4856 0.0579669 0.431474 4.3 -0.00724805 0.012232 0.0989841 
qwerty 53 30 0 17.4856 0.00854041 0.514887 4.975 -0.00724805 0.012232 0.0989841 
qwerty 53 30 0 17.4856 -0.0408861 0.5983 5.65 -0.00724805 0.012232 0.0989841 
qwerty 53 30 0 17.4856 -0.0903125 0.681714 6.325 -0.00724805 0.012232 0.0989841 
qwerty 51 30 0 0.515854 0.153274 0.251111 2.95 -0.00309426 0.00649164 0.0997411 
qwerty 51 30 0 0.515854 0.132333 0.295043 3.625 -0.00309426 0.00649164 0.0997411 
qwerty 50 30 0 1.15188 0.1726 0.255244 2.95 -0.000179987 0.00711812 0.0997462 
qwerty 137 50 0 0.223891 0.186067 0.258736 2.95 0.042372 0.0902453 0.00777103 
qwerty 48 30 0 40.8108 0.199786 0.221198 2.275 0.00664751 0.00939655 0.0993354 
qwerty 48 30 0 40.8108 0.244957 0.285049 2.95 0.00664751 0.00939655 0.0993354 
qwerty 138 48 0.0880546 0.730295 0.307626 0.31512 3.16192 0.0818367 0.0118654 0.0562313 
qwerty 138 48 0.131949 0.598346 0.34434 0.314187 3.18516 0.0814744 0.0344908 0.0466081 
qwerty 138 48 0.15066 0.447687 0.395014 0.321538 3.20367 0.0760241 -0.0399042 0.051264 
qwerty 138 48 0.0957861 0.351901 0.424754 0.308737 3.23591 0.081817 -0.0342823 0.0461596 
qwerty 138 48 0.182311 0.16959 0.466533 0.311273 3.28257 -0.0318785 0.00179824 0.0947656 
qwerty 138 48 0.16959 0 0.460274 0.311626 3.30118 -0.0318785 0.00179824 0.0947656 
qwerty 47 31 0 0.510999 -1.00363 1.25 5.58943 0.0540494 -0.0834972 -0.0103386 
qwerty 47 31 0 0.510999 0.614673 -1.25 5.27988 0.0540494 -0.0834972 -0.0103386 
qwerty 47 31 0 0.292074 1.25474 -2.2388 5.15745 -0.0641303 -0.0740126 0.0202343 
qwerty 47 31 0 0.292074 -0.0546781 -3.75 5.5706 -0.0641303 -0.0740126 0.0202343 
qwerty 47 31 0 0.292074 -0.30634 -4.04044 5.65 -0.0641303 -0.0740126 0.0202343 
qwerty 140 47 0.00830867 0.210617 1.25818 -2.24142 5.15588 0.0922129 -0.0324614 -0.0210482 
qwerty 140 47 0.00663145 0.203985 1.26168 -2.24188 5.15512 0.0941219 -0.0316867 -0.011706 
qwerty 140 47 0.00659822 0.197387 1.26428 -2.24282 5.15426 0.0181501 -0.0970256 -0.0160189 
qwerty 140 47 0.00645903 0.190928 1.26429 -2.24577 5.15396 -0.0157541 -0.0888537 -0.043091 
qwerty 140 47 0.0156494 0.175279 1.26366 -2.24786 5.15263 -0.0318848 -0.0752965 -0.0575656 
qwerty 140 47 0.00991338 0.165365 1.26213 -2.25001 5.15134 -0.0312963 -0.0708341 -0.0632699 
qwerty 140 47 0.00377405 0.161591 1.26147 -2.25151 5.15 -0.0356212 -0.0909279 -0.021523 
qwerty 140 47 0.0024231 0.100635 1.26134 -2.25144 5.1504 -0.000804507 0.0934243 0.0356547 
qwerty 140 47 0.00259609 0.0980386 1.26137 -2.25063 5.15077 -0.0095032 0.0855742 0.0508601 
qwerty 140 47 0.00223019 0.0958084 1.26143 -2.24997 5.15119 0.0123133 0.0886239 0.0446564 
qwerty 140 47 0.0035759 0.0922325 1.26148 -2.24914 5.15141 -0.00144741 0.083923 0.0543584 
qwerty 140 47 0.00206958 0.0901629 1.26149 -2.24845 5.1517 -0.0156409 0.0891437 0.0425296 
qwerty 140 47 0.0027818 0.0873811 1.26114 -2.24764 5.15206 -0.0300684 0.095143 -0.00661082 
qwerty 140 47 0.00274685 0.0846342 1.26071 -2.24672 5.15206 -0.049881 0.0855728 0.0137543 
qwerty 140 47 0.00550483 0.0791294 1.26011 -2.24573 5.15237 0.00149337 0.0999605 0.00237994 
qwerty 140 47 0.00669768 0.0724317 1.25987 -2.24425 5.15208 -0.00461426 0.0997289 0.00573208 
qwerty 140 47 0.0262285 0.0462032 1.2598 -2.24299 5.15202 -0.0132959 0.0972697 0.0190219 
qwerty 140 47 0.00558916 0.040614 1.25977 -2.24194 5.15176 -0.0174809 0.0978682 -0.0107814 
qwerty 140 47 0.00827735 0.0323367 1.25915 -2.24108 5.15185 -0.0648639 0.0736346 -0.0192514 
qwerty 140 47 0.0114891 0.0208476 1.2589 -2.24014 5.15158 0.0632035 0.0605025 0.0484227 
qwerty 140 47 0.0208476 0 1.25922 -2.23983 5.15183 0.0632035 0.0605025 0.0484227 
qwerty 46 31 0 0.510999 -1.32028 1.73918 5.65 -0.0540494 0.0834972 0.0103386 
qwerty 45 31 0 76.5421 0.225905 -0.25878 5.65 -5.93538e-05 -0.0231566 0.0972819 
qwerty 45 31 0 76.5421 0.225493 -0.419454 6.325 -5.93538e-05 -0.0231566 0.0972819 
qwerty 45 31 0 76.5421 0.225081 -0.580128 7 -5.93538e-05 -0.0231566 0.0972819 
qwerty 45 31 0 76.5421 0.224669 -0.740802 7.675 -5.93538e-05 -0.0231566 0.0972819 
qwerty 45 31 0 76.5421 0.224258 -0.901476 8.35 -5.93538e-05 -0.0231566 0.0972819 
qwerty 45 31 0 76.5421 0.223846 -1.06215 9.025 -5.93538e-05 -0.0231566 0.0972819 
qwerty 44 31 0 0.456189 0.226881 -0.256905 5.65 0.000115103 -0.0228407 0.0973565 
qwerty 43 31 0 1.87967 0.236696 -0.276745 5.65 0.00184414 -0.0261405 0.0965053 
qwerty 41 31 0 0.202411 0.217189 -0.0345283 4.85412 -0.0363679 -0.0750865 -0.0551306 
qwerty 41 31 0 0.202411 -0.0329072 -0.550887 4.475 -0.0363679 -0.0750865 -0.0551306 
qwerty 40 31 0 0.515229 0.206843 -0.0311892 4.975 -0.00102471 -0.02226 0.0974856 
qwerty 40 31 0 0.515229 0.199748 -0.18532 5.65 -0.00102471 -0.02226 0.0974856 
qwerty 40 31 0 0.515229 0.192653 -0.33945 6.325 -0.00102471 -0.02226 0.0974856 
qwerty 40 31 0 0.515229 0.185557 -0.493581 7 -0.00102471 -0.02226 0.0974856 
qwerty 40 31 0 0.515229 0.178462 -0.647711 7.675 -0.00102471 -0.02226 0.0974856 
qwerty 40 31 0 0.287849 0.173676 -0.751685 8.13034 -0.094751 0.0191626 0.0255936 
qwerty 40 31 0 0.287849 -0.639518 -0.587223 8.35 -0.094751 0.0191626 0.0255936 
qwerty 39 31 0 0.18005 0.219223 0.116428 4.3 -0.00145194 -0.0237182 0.0971357 
qwerty 38 31 0 9.29878 0.219742 0.125905 4.3 -0.00136265 -0.0220829 0.0975217 
qwerty 37 31 0 1.35169 0.268544 0.294191 3.625 0.00101493 -0.000736075 0.0999921 
qwerty 37 31 0 1.35169 0.275396 0.289222 4.3 0.00101493 -0.000736075 0.0999921 
qwerty 37 31 0 1.35169 0.282247 0.284253 4.975 0.00101493 -0.000736075 0.0999921 
qwerty 37 31 0 1.35169 0.289098 0.279285 5.65 0.00101493 -0.000736075 0.0999921 
qwerty 37 31 0 1.35169 0.29595 0.274316 6.325 0.00101493 -0.000736075 0.0999921 
qwerty 37 31 0 1.35169 0.302801 0.269347 7 0.00101493 -0.000736075 0.0999921 
qwerty 37 31 0 1.35169 0.309652 0.264378 7.675 0.00101493 -0.000736075 0.0999921 
qwerty 37 31 0 1.35169 0.316504 0.259409 8.35 0.00101493 -0.000736075 0.0999921 
qwerty 37 31 0 1.35169 0.323355 0.25444 9.025 0.00101493 -0.000736075 0.0999921 
qwerty 37 31 0 1.35169 0.330206 0.249471 9.7 0.00101493 -0.000736075 0.0999921 
qwerty 37 31 0 1.35169 0.337058 0.244502 10.375 0.00101493 -0.000736075 0.0999921 
qwerty 37 31 0 1.35169 0.343909 0.239533 11.05 0.00101493 -0.000736075 0.0999921 
qwerty 37 31 0 1.35169 0.35076 0.234564 11.725 0.00101493 -0.000736075 0.0999921 
qwerty 37 31 0 1.35169 0.357611 0.229596 12.4 0.00101493 -0.000736075 0.0999921 
qwerty 37 31 0 1.35169 0.364463 0.224627 13.075 0.00101493 -0.000736075 0.0999921 
qwerty 37 31 0 1.35169 0.371314 0.219658 13.75 0.00101493 -0.000736075 0.0999921 
qwerty 37 31 0 1.35169 0.378165 0.214689 14.425 0.00101493 -0.000736075 0.0999921 
qwerty 37 31 0 1.35169 0.385017 0.20972 15.1 0.00101493 -0.000736075 0.0999921 
qwerty 37 31 0 1.35169 0.391868 0.204751 15.775 0.00101493 -0.000736075 0.0999921 
qwerty 37 31 0 1.35169 0.398719 0.199782 16.45 0.00101493 -0.000736075 0.0999921 
qwerty 37 31 0 0.423477 1.25 1.15332 16.7809 0.0655475 0.0735801 0.0170148 
qwerty 37 31 0 0.423477 2.57572 2.6415 17.125 0.0655475 0.0735801 0.0170148 
qwerty 37 31 0 0.423477 3.56321 3.75 17.3813 0.0655475 0.0735801 0.0170148 
qwerty 37 31 0 0.423477 5.17608 5.56053 17.8 0.0655475 0.0735801 0.0170148 
qwerty 35 31 0 4.01115 0.251832 0.306292 2.95 0.00597418 0.00977639 0.0993415 
qwerty 35 31 0 4.01115 0.292425 0.37272 3.625 0.00597418 0.00977639 0.0993415 
qwerty 35 31 0 4.01115 0.333018 0.439148 4.3 0.00597418 0.00977639 0.0993415 
qwerty 35 31 0 4.01115 0.373612 0.505576 4.975 0.00597418 0.00977639 0.0993415 
qwerty 35 31 0 4.01115 0.414205 0.572004 5.65 0.00597418 0.00977639 0.0993415 
qwerty 35 31 0 4.01115 0.454798 0.638432 6.325 0.00597418 0.00977639 0.0993415 
qwerty 35 31 0 4.01115 0.495391 0.704861 7 0.00597418 0.00977639 0.0993415 
qwerty 35 31 0 4.01115 0.535984 0.771289 7.675 0.00597418 0.00977639 0.0993415 
qwerty 35 31 0 4.01115 0.576577 0.837717 8.35 0.00597418 0.00977639 0.0993415 
qwerty 35 31 0 4.01115 0.6191 0.904139 9.025 0.00626937 0.00977368 0.0993236 
qwerty 35 31 0 4.01115 0.661707 0.97056 9.7 0.00626937 0.00977368 0.0993236 
qwerty 35 31 0 4.01115 0.704313 1.03698 10.375 0.00626937 0.00977368 0.0993236 
qwerty 35 31 0 4.01115 0.746919 1.1034 11.05 0.00626937 0.00977368 0.0993236 
qwerty 35 31 0 4.01115 0.789526 1.16983 11.725 0.00626937 0.00977368 0.0993236 
qwerty 35 31 0 4.01115 0.832132 1.23625 12.4 0.00626937 0.00977368 0.0993236 
qwerty 35 31 0 4.01115 0.874739 1.30267 13.075 0.00626937 0.00977368 0.0993236 
qwerty 35 31 0 4.01115 0.917345 1.36909 13.75 0.00626937 0.00977368 0.0993236 
qwerty 35 31 0 4.01115 0.959952 1.43551 14.425 0.00626937 0.00977368 0.0993236 
qwerty 35 31 0 4.01115 1.00256 1.50193 15.1 0.00626937 0.00977368 0.0993236 
qwerty 35 31 0 4.01115 1.04516 1.56836 15.775 0.00626937 0.00977368 0.0993236 
qwerty 35 31 0 4.01115 1.08777 1.63478 16.45 0.00626937 0.00977368 0.0993236 
qwerty 35 31 0 4.01115 1.13038 1.7012 17.125 0.00626937 0.00977368 0.0993236 
qwerty 35 31 0 4.01115 1.17298 1.76762 17.8 0.00626937 0.00977368 0.0993236 
qwerty 35 31 0 4.01115 1.21559 1.83404 18.475 0.00626937 0.00977368 0.0993236 
qwerty 35 31 0 4.01115 1.2582 1.90046 19.15 0.00626937 0.00977368 0.0993236 
qwerty 35 31 0 4.01115 1.3008 1.96689 19.825 0.00626937 0.00977368 0.0993236 
qwerty 35 31 0 4.01115 1.34341 2.03331 20.5 0.00626937 0.00977368 0.0993236 
qwerty 35 31 0 4.01115 1.38602 2.09973 21.175 0.00626937 0.00977368 0.0993236 
qwerty 35 31 0 4.01115 1.42862 2.16615 21.85 0.00626937 0.00977368 0.0993236 
qwerty 35 31 0 4.01115 1.47123 2.23257 22.525 0.00626937 0.00977368 0.0993236 
qwerty 35 31 0 4.01115 1.51384 2.29899 23.2 0.00626937 0.00977368 0.0993236 
qwerty 35 31 0 4.01115 1.55644 2.36542 23.875 0.00626937 0.00977368 0.0993236 
qwerty 35 31 0 4.01115 1.59905 2.43184 24.55 0.00626937 0.00977368 0.0993236 
qwerty 35 31 0 4.01115 1.64166 2.49826 25.225 0.00626937 0.00977368 0.0993236 
qwerty 35 31 0 4.01115 1.68426 2.56468 25.9 0.00626937 0.00977368 0.0993236 
qwerty 35 31 0 4.01115 1.72687 2.6311 26.575 0.00626937 0.00977368 0.0993236 
qwerty 35 31 0 4.01115 1.76947 2.69752 27.25 0.00626937 0.00977368 0.0993236 
qwerty 35 31 0 4.01115 1.81208 2.76395 27.925 0.00626937 0.00977368 0.0993236 
qwerty 35 31 0 4.01115 1.85469 2.83037 28.6 0.00626937 0.00977368 0.0993236 
qwerty 35 31 0 4.01115 1.89729 2.89679 29.275 0.00626937 0.00977368 0.0993236 
qwerty 35 31 0 4.01115 1.9399 2.96321 29.95 0.00626937 0.00977368 0.0993236 
qwerty 35 31 0 4.01115 1.98251 3.02963 30.625 0.00626937 0.00977368 0.0993236 
qwerty 35 31 0 4.01115 2.02511 3.09605 31.3 0.00626937 0.00977368 0.0993236 
qwerty 35 31 0 4.01115 2.06772 3.16248 31.975 0.00626937 0.00977368 0.0993236 
qwerty 35 31 0 4.01115 2.11033 3.2289 32.65 0.00626937 0.00977368 0.0993236 
qwerty 35 31 0 4.01115 2.15293 3.29532 33.325 0.00626937 0.00977368 0.0993236 
qwerty 35 31 0 4.01115 2.19554 3.36174 34 0.00626937 0.00977368 0.0993236 
qwerty 35 31 0 4.01115 2.23815 3.42816 34.675 0.00626937 0.00977368 0.0993236 
qwerty 35 31 0 4.01115 2.28075 3.49458 35.35 0.00626937 0.00977368 0.0993236 
qwerty 35 31 0 2.19245 2.12613 3.37426 36.025 -0.0267727 -0.0217226 0.0938688 
qwerty 35 31 0 2.19245 1.93361 3.21806 36.7 -0.0267727 -0.0217226 0.0938688 
qwerty 35 31 0 2.19245 1.74109 3.06186 37.375 -0.0267727 -0.0217226 0.0938688 
qwerty 35 31 0 2.19245 1.54858 2.90565 38.05 -0.0267727 -0.0217226 0.0938688 
qwerty 35 31 0 2.19245 1.35606 2.74945 38.725 -0.0267727 -0.0217226 0.0938688 
qwerty 35 31 0 2.19245 1.16354 2.59324 39.4 -0.0267727 -0.0217226 0.0938688 
qwerty 35 31 0 2.19245 0.971017 2.43704 40.075 -0.0267727 -0.0217226 0.0938688 
qwerty 34 31 0 0.627622 0.258628 0.295521 2.95 0.00724866 0.0077987 0.0994316 
qwerty 34 31 0 0.627622 0.307836 0.348463 3.625 0.00724866 0.0077987 0.0994316 
qwerty 34 31 0 0.627622 0.357044 0.401406 4.3 0.00724866 0.0077987 0.0994316 
qwerty 32 31 0 0.748226 0.214168 0.215485 2.275 0.00931487 0.00830996 0.0992178 
qwerty 32 31 0 0.748226 0.277539 0.272019 2.95 0.00931487 0.00830996 0.0992178 
qwerty 32 31 0 0.748226 0.34091 0.328554 3.625 0.00931487 0.00830996 0.0992178 
qwerty 32 31 0 0.748226 0.404281 0.385088 4.3 0.00931487 0.00830996 0.0992178 
qwerty 32 31 0 0.748226 0.467652 0.441623 4.975 0.00931487 0.00830996 0.0992178 
qwerty 145 45 0.629916 22.1181 0.246517 -1.25 9.4764 0.0107191 -0.0505547 0.0856115 
qwerty 145 45 0.458763 21.6594 0.274514 -1.38204 9.7 0.00692849 -0.0437522 0.0896535 
qwerty 145 45 1.02311 4.57207 0.136135 -1.32537 10.375 0.00238726 -0.0171265 0.0984936 
qwerty 139 48 0.576487 34.3321 0.319235 0.393073 3.45359 0.0156145 0.0250211 0.0955517 
qwerty 139 48 0.279149 34.053 0.347246 0.437958 3.625 0.0167684 0.0224666 0.09599 
qwerty 139 48 0.979042 14.3096 0.533051 0.339841 4.3 0.0287075 -0.0329006 0.0899635 
qwerty 134 53 1.19435 12.1604 -0.383078 0.586773 7 -0.0504387 -0.0218956 0.0835255 
qwerty 134 53 1.94641 7.50151 -1.25 1.06539 7.67457 -0.083003 0.0467794 0.0303676 
qwerty 134 53 0.00161187 7.49989 -1.25117 1.06605 7.675 -0.0835502 0.0467037 0.0289503 
qwerty 134 53 1.36366 5.5474 -2.00026 1.3444 7.18283 -0.0489357 0.0271952 -0.0828596 
qwerty 134 53 0.0165828 5.53082 -2.00488 1.34697 7.175 -0.048136 0.0261206 -0.0836698 
qwerty 134 53 0.128737 3.34152 -2.03299 1.46657 7.23923 0.0126709 0.0556928 0.0820838 
qwerty 134 53 0.857885 2.48364 -1.94189 1.72526 7.64722 0.0205323 -0.00787966 0.0975517 
qwerty 134 53 0.0446889 2.43895 -1.93605 1.72301 7.675 0.0300073 -0.0108986 0.094767 
qwerty 87 58 0.973037 25.4643 0.0915277 0.416818 4.3 -0.00189483 0.00794458 0.0996659 
qwerty 87 58 0.163181 21.1644 0.0963311 0.426037 4.58477 -0.00698926 -0.00192036 0.099737 
qwerty 87 58 0.590948 20.5734 0.068985 0.418524 4.975 -0.00277445 0.00678258 0.0997311 
qwerty 87 58 1.40117 14.2971 0.669662 0.417898 5.65 0.0627658 0.00520032 0.0776751 
qwerty 191 87 0.286126 0 0.111313 0.388722 4.60591 0.0329798 -0.0821426 0.0465287 
qwerty 151 40 0.227381 0 0.189536 -0.761757 8.15576 0.0501805 -0.0318669 0.080414 
qwerty 149 41 0.219699 0 0.221591 -0.0327996 4.88366 0.0147163 0.00577891 0.0987423 
qwerty 144 45 0.941095 50.2543 0.253563 -1.21017 9.7 0.0069205 -0.0198009 0.0977754 
qwerty 144 45 0.843483 33.343 0.325534 -1.39623 10.375 0.00888626 -0.0264366 0.096032 
qwerty 144 45 1.09344 18.2403 0.329363 -1.74157 11.05 -0.00856865 -0.0487751 0.0868767 
qwerty 212 144 0 0.257774 0.511274 -1.78731 11.725 0.0346478 -0.00761982 0.0934958 
qwerty 212 144 0 0.257774 0.761416 -1.84232 12.4 0.0346478 -0.00761982 0.0934958 
qwerty 212 144 0 0.257774 1.01156 -1.89733 13.075 0.0346478 -0.00761982 0.0934958 
qwerty 211 144 0 3.32359 0.221847 -1.62562 11.725 -0.0117722 0.0259899 0.0958433 
qwerty 211 144 0 3.32359 0.138938 -1.44258 12.4 -0.0117722 0.0259899 0.0958433 
qwerty 211 144 0 3.32359 0.0560298 -1.25954 13.075 -0.0117722 0.0259899 0.0958433 
qwerty 211 144 0 0.412371 0.322572 0.208892 12.575 0.016971 0.0931766 -0.0320952 
qwerty 211 144 0 0.412371 0.512197 1.25 12.2164 0.016971 0.0931766 -0.0320952 
qwerty 211 144 0 0.412371 0.679492 2.16851 11.9 0.016971 0.0931766 -0.0320952 
qwerty 210 144 0 5.50731 0.11644 -1.68694 11.725 -0.0289533 0.0132829 0.0947907 
qwerty 210 144 0 5.50731 -0.089735 -1.59235 12.4 -0.0289533 0.0132829 0.0947907 
qwerty 210 144 0 5.50731 -0.29591 -1.49777 13.075 -0.0289533 0.0132829 0.0947907 
qwerty 210 144 0 5.50731 -0.502086 -1.40318 13.75 -0.0289533 0.0132829 0.0947907 
qwerty 210 144 0 5.50731 -0.708261 -1.30859 14.425 -0.0289533 0.0132829 0.0947907 
qwerty 210 144 0 5.50731 -0.835976 -1.25 14.8431 -0.0289533 0.0132829 0.0947907 
qwerty 210 144 0 5.50731 -0.914436 -1.214 15.1 -0.0289533 0.0132829 0.0947907 
qwerty 210 144 0 5.50731 -1.12061 -1.11942 15.775 -0.0289533 0.0132829 0.0947907 
qwerty 210 144 0 5.50731 -1.32679 -1.02483 16.45 -0.0289533 0.0132829 0.0947907 
qwerty 210 144 0 5.50731 -1.53296 -0.930243 17.125 -0.0289533 0.0132829 0.0947907 
qwerty 210 144 0 5.50731 -1.73914 -0.835656 17.8 -0.0289533 0.0132829 0.0947907 
qwerty 225 221 0 0.173867 -2.59813 -0.583549 18.475 -0.0832056 0.0238895 0.0500612 
qwerty 209 144 0 4.59349 0.316058 -2.10046 11.725 -0.00144899 -0.0469003 0.0883078 
qwerty 209 144 0 4.59349 0.304982 -2.45895 12.4 -0.00144899 -0.0469003 0.0883078 
qwerty 209 144 0 1.48537 0.315058 -2.39158 13.075 0.00199731 0.0205742 0.0978402 
qwerty 209 144 0 1.48537 0.328838 -2.24964 13.75 0.00199731 0.0205742 0.0978402 
qwerty 209 144 0 1.48537 0.342617 -2.1077 14.425 0.00199731 0.0205742 0.0978402 
qwerty 209 144 0 1.48537 0.356397 -1.96576 15.1 0.00199731 0.0205742 0.0978402 
qwerty 209 144 0 1.48537 0.370176 -1.82382 15.775 0.00199731 0.0205742 0.0978402 
qwerty 209 144 0 1.48537 0.383956 -1.68188 16.45 0.00199731 0.0205742 0.0978402 
qwerty 209 144 0 1.48537 0.397735 -1.53994 17.125 0.00199731 0.0205742 0.0978402 
qwerty 209 144 0 1.48537 0.411515 -1.39799 17.8 0.00199731 0.0205742 0.0978402 
qwerty 209 144 0 1.48537 0.425294 -1.25605 18.475 0.00199731 0.0205742 0.0978402 
qwerty 209 144 0 1.48537 0.439074 -1.11411 19.15 0.00199731 0.0205742 0.0978402 
qwerty 209 144 0 1.48537 0.452853 -0.972171 19.825 0.00199731 0.0205742 0.0978402 
qwerty 209 144 0 1.48537 0.466633 -0.830229 20.5 0.00199731 0.0205742 0.0978402 
qwerty 209 144 0 1.48537 0.480412 -0.688288 21.175 0.00199731 0.0205742 0.0978402 
qwerty 209 144 0 0.751946 0.489463 -0.595059 21.6184 0.0702961 -0.0147447 0.0695776 
qwerty 209 144 0 0.751946 0.723503 -0.644149 21.85 0.0702961 -0.0147447 0.0695776 
qwerty 209 144 0 0.751946 1.25 -0.754583 22.3711 0.0702961 -0.0147447 0.0695776 
qwerty 209 144 0 0.751946 1.40547 -0.787193 22.525 0.0702961 -0.0147447 0.0695776 
qwerty 209 144 0 0.486368 1.76516 -0.862638 22.881 0.0641466 0.065754 0.0395174 
qwerty 209 144 0 0.486368 2.28296 -0.331866 23.2 0.0641466 0.065754 0.0395174 
qwerty 232 209 0.265578 0 1.78014 -0.892413 22.9039 0.0370405 -0.0736497 0.0566014 
qwerty 231 209 0.248744 0.484677 0.465265 -0.478717 21.702 -0.0498974 0.0756261 0.0423196 
qwerty 231 209 0.217498 0.267179 0.401607 -0.441853 21.7294 -0.0932321 0.0337581 -0.0129681 
qwerty 231 209 0.267179 0 0.363558 -0.428076 21.7241 -0.0932321 0.0337581 -0.0129681 
qwerty 207 144 0 7.70404 0.607216 -1.56127 11.05 0.0393375 -0.0220707 0.0892493 
qwerty 207 144 0 7.70404 0.904729 -1.72819 11.725 0.0393375 -0.0220707 0.0892493 
qwerty 207 144 0 7.70404 1.20224 -1.89512 12.4 0.0393375 -0.0220707 0.0892493 
qwerty 207 144 0 7.70404 1.49975 -2.06204 13.075 0.0393375 -0.0220707 0.0892493 
qwerty 207 144 0 7.70404 1.79727 -2.22896 13.75 0.0393375 -0.0220707 0.0892493 
qwerty 207 144 0 7.70404 2.09478 -2.39588 14.425 0.0393375 -0.0220707 0.0892493 
qwerty 207 144 0 7.70404 2.39229 -2.56281 15.1 0.0393375 -0.0220707 0.0892493 
qwerty 207 144 0 7.70404 2.68981 -2.72973 15.775 0.0393375 -0.0220707 0.0892493 
qwerty 207 144 0 7.70404 2.98732 -2.89665 16.45 0.0393375 -0.0220707 0.0892493 
qwerty 207 144 0 7.70404 3.28483 -3.06357 17.125 0.0393375 -0.0220707 0.0892493 
qwerty 207 144 0 7.70404 3.58234 -3.23049 17.8 0.0393375 -0.0220707 0.0892493 
qwerty 207 144 0 7.70404 3.75 -3.32456 18.1804 0.0393375 -0.0220707 0.0892493 
qwerty 207 144 0 7.70404 3.87986 -3.39742 18.475 0.0393375 -0.0220707 0.0892493 
qwerty 207 144 0 7.70404 4.17737 -3.56434 19.15 0.0393375 -0.0220707 0.0892493 
qwerty 207 144 0 7.70404 4.47488 -3.73126 19.825 0.0393375 -0.0220707 0.0892493 
qwerty 207 144 0 7.70404 4.7724 -3.89818 20.5 0.0393375 -0.0220707 0.0892493 
qwerty 207 144 0 0.795108 4.63845 -3.43999 21.175 -0.0238253 0.0633314 0.0736308 
qwerty 207 144 0 0.795108 4.42003 -2.8594 21.85 -0.0238253 0.0633314 0.0736308 
qwerty 239 207 1.29329 4.81712 5.28623 -3.69455 21.175 0.0880037 -0.0120194 0.0459444 
qwerty 206 144 0 3.65056 0.481484 -1.56985 11.05 0.0221038 -0.024398 0.0944254 
qwerty 206 144 0 3.65056 0.639493 -1.74426 11.725 0.0221038 -0.024398 0.0944254 
qwerty 206 144 0 3.65056 0.797502 -1.91867 12.4 0.0221038 -0.024398 0.0944254 
qwerty 206 144 0 3.65056 0.95551 -2.09308 13.075 0.0221038 -0.024398 0.0944254 
qwerty 206 144 0 3.65056 1.11352 -2.26749 13.75 0.0221038 -0.024398 0.0944254 
qwerty 206 144 0 3.65056 1.25 -2.41813 14.333 0.0221038 -0.024398 0.0944254 
qwerty 206 144 0 3.65056 1.27153 -2.4419 14.425 0.0221038 -0.024398 0.0944254 
qwerty 206 144 0 3.65056 1.42954 -2.61631 15.1 0.0221038 -0.024398 0.0944254 
qwerty 206 144 0 3.65056 1.58755 -2.79071 15.775 0.0221038 -0.024398 0.0944254 
qwerty 206 144 0 3.65056 1.74555 -2.96512 16.45 0.0221038 -0.024398 0.0944254 
qwerty 206 144 0 3.65056 1.90356 -3.13953 17.125 0.0221038 -0.024398 0.0944254 
qwerty 206 144 0 3.65056 2.06157 -3.31394 17.8 0.0221038 -0.024398 0.0944254 
qwerty 206 144 0 3.65056 2.21958 -3.48835 18.475 0.0221038 -0.024398 0.0944254 
qwerty 206 144 0 3.65056 2.37759 -3.66276 19.15 0.0221038 -0.024398 0.0944254 
qwerty 206 144 0 3.65056 2.5356 -3.83717 19.825 0.0221038 -0.024398 0.0944254 
qwerty 206 144 0 3.65056 2.69361 -4.01158 20.5 0.0221038 -0.024398 0.0944254 
qwerty 206 144 0 3.65056 2.85162 -4.18599 21.175 0.0221038 -0.024398 0.0944254 
qwerty 206 144 0 3.65056 3.00962 -4.3604 21.85 0.0221038 -0.024398 0.0944254 
qwerty 206 144 0 3.65056 3.16763 -4.53481 22.525 0.0221038 -0.024398 0.0944254 
qwerty 206 144 0 3.65056 3.32564 -4.70922 23.2 0.0221038 -0.024398 0.0944254 
qwerty 206 144 0 0.267614 3.56639 -4.70197 22.7 0.0418723 0.00194401 -0.0907906 
qwerty 250 206 0.505665 0.918436 3.53576 -4.85123 23.1439 0.0438995 -0.0897609 -0.00397729 
qwerty 250 206 0.168685 0.422985 3.59526 -4.93562 23.1381 0.00329212 -0.0955587 0.0292864 
qwerty 250 206 0.316956 0.10603 3.63509 -5.01416 23.1561 0.0318031 -0.0856791 -0.0405913 
qwerty 250 206 0.10603 0 3.63793 -5.02181 23.1525 0.0318031 -0.0856791 -0.0405913 
qwerty 253 250 0.145885 0.180881 3.62292 -4.93419 23.1592 0.0501582 -0.0223806 0.0835659 
qwerty 253 250 0.0607056 0.120175 3.63819 -4.93614 23.1687 0.0600498 -0.00700835 0.0796549 
qwerty 253 250 0.120175 0 3.64482 -4.93692 23.1775 0.0600498 -0.00700835 0.0796549 
qwerty 252 250 0 0.33027 2.75778 -4.98131 23.875 -0.0630274 -0.0291085 0.0719739 
qwerty 252 250 0 0.33027 2.16669 -5.2543 24.55 -0.0630274 -0.0291085 0.0719739 
qwerty 252 250 0 0.33027 1.57559 -5.52729 25.225 -0.0630274 -0.0291085 0.0719739 
qwerty 205 144 0 8.12347 0.380252 -1.42127 10.375 0.0191457 -0.0321728 0.0927273 
qwerty 205 144 0 8.12347 0.519621 -1.65547 11.05 0.0191457 -0.0321728 0.0927273 
qwerty 205 144 0 8.12347 0.65899 -1.88967 11.725 0.0191457 -0.0321728 0.0927273 
qwerty 205 144 0 8.12347 0.798359 -2.12387 12.4 0.0191457 -0.0321728 0.0927273 
qwerty 205 144 0 8.12347 0.937729 -2.35807 13.075 0.0191457 -0.0321728 0.0927273 
qwerty 205 144 0 8.12347 1.0771 -2.59227 13.75 0.0191457 -0.0321728 0.0927273 
qwerty 205 144 0 8.12347 1.21647 -2.82647 14.425 0.0191457 -0.0321728 0.0927273 
qwerty 205 144 0 8.12347 1.35584 -3.06067 15.1 0.0191457 -0.0321728 0.0927273 
qwerty 205 144 0 8.12347 1.49521 -3.29487 15.775 0.0191457 -0.0321728 0.0927273 
qwerty 205 144 0 8.12347 1.63457 -3.52906 16.45 0.0191457 -0.0321728 0.0927273 
qwerty 205 144 0 8.12347 1.77394 -3.76326 17.125 0.0191457 -0.0321728 0.0927273 
qwerty 205 144 0 8.12347 1.91331 -3.99746 17.8 0.0191457 -0.0321728 0.0927273 
qwerty 205 144 0 8.12347 2.05268 -4.23166 18.475 0.0191457 -0.0321728 0.0927273 
qwerty 205 144 0 8.12347 2.19205 -4.46586 19.15 0.0191457 -0.0321728 0.0927273 
qwerty 205 144 0 8.12347 2.33142 -4.70006 19.825 0.0191457 -0.0321728 0.0927273 
qwerty 205 144 0 8.12347 2.47079 -4.93426 20.5 0.0191457 -0.0321728 0.0927273 
qwerty 204 144 0 2.28311 0.307937 -1.34693 10.375 0.00751772 -0.0201455 0.0976608 
qwerty 204 144 0 2.28311 0.359897 -1.48616 11.05 0.00751772 -0.0201455 0.0976608 
qwerty 204 144 0 2.28311 0.411857 -1.6254 11.725 0.00751772 -0.0201455 0.0976608 
qwerty 204 144 0 2.28311 0.463817 -1.76464 12.4 0.00751772 -0.0201455 0.0976608 
qwerty 204 144 0 2.28311 0.515777 -1.90388 13.075 0.00751772 -0.0201455 0.0976608 
qwerty 204 144 0 2.28311 0.567737 -2.04312 13.75 0.00751772 -0.0201455 0.0976608 
qwerty 204 144 0 1.67374 0.65094 -2.44015 14.425 0.0111343 -0.0569396 0.0814488 
qwerty 204 144 0 0.736498 2.11357 -3.20044 15.1 0.0842528 -0.0410836 0.0348369 
qwerty 204 144 0 0.736498 3.74606 -3.99648 15.775 0.0842528 -0.0410836 0.0348369 
qwerty 204 144 0 0.736498 5.37854 -4.79251 16.45 0.0842528 -0.0410836 0.0348369 
qwerty 204 144 0 0.736498 6.25 -5.21746 16.8103 0.0842528 -0.0410836 0.0348369 
qwerty 204 144 0 0.217916 6.63995 -5.40761 16.9716 -0.0868177 -0.0419873 -0.0264528 
qwerty 204 144 0 0.217916 6.25 -5.5962 16.8528 -0.0868177 -0.0419873 -0.0264528 
qwerty 204 144 0 0.217916 5.50251 -5.9577 16.625 -0.0868177 -0.0419873 -0.0264528 
qwerty 263 204 0.164263 0.35432 6.69657 -5.40623 17.0412 0.0989125 -0.0137142 0.00531423 
qwerty 263 204 0.0899686 0.264351 6.73914 -5.39389 17.0608 0.0853976 0.0519629 0.00266596 
qwerty 263 204 0.0801289 0.184222 6.77212 -5.38572 17.046 -0.025458 0.0240959 -0.0936551 
qwerty 263 204 0.184222 0 6.76639 -5.3803 17.025 -0.025458 0.0240959 -0.0936551 
qwerty 203 144 0 2.89816 0.308391 -1.31052 10.375 0.00807584 -0.0141545 0.0986632 
qwerty 203 144 0 2.89816 0.363641 -1.40736 11.05 0.00807584 -0.0141545 0.0986632 
qwerty 203 144 0 2.89816 0.418892 -1.5042 11.725 0.00807584 -0.0141545 0.0986632 
qwerty 203 144 0 2.89816 0.474142 -1.60103 12.4 0.00807584 -0.0141545 0.0986632 
qwerty 203 144 0 2.89816 0.529393 -1.69787 13.075 0.00807584 -0.0141545 0.0986632 
qwerty 203 144 0 2.89816 0.584643 -1.79471 13.75 0.00807584 -0.0141545 0.0986632 
qwerty 203 144 0 2.89816 0.639894 -1.89155 14.425 0.00807584 -0.0141545 0.0986632 
qwerty 203 144 0 2.89816 0.695144 -1.98838 15.1 0.00807584 -0.0141545 0.0986632 
qwerty 203 144 0 2.89816 0.750395 -2.08522 15.775 0.00807584 -0.0141545 0.0986632 
qwerty 203 144 0 2.89816 0.805645 -2.18206 16.45 0.00807584 -0.0141545 0.0986632 
qwerty 203 144 0 2.89816 0.860896 -2.27889 17.125 0.00807584 -0.0141545 0.0986632 
qwerty 203 144 0 2.89816 0.916146 -2.37573 17.8 0.00807584 -0.0141545 0.0986632 
qwerty 203 144 0 2.89816 0.971397 -2.47257 18.475 0.00807584 -0.0141545 0.0986632 
qwerty 203 144 0 2.89816 1.02665 -2.56941 19.15 0.00807584 -0.0141545 0.0986632 
qwerty 203 144 0 2.89816 1.0819 -2.66624 19.825 0.00807584 -0.0141545 0.0986632 
qwerty 203 144 0 2.89816 1.13715 -2.76308 20.5 0.00807584 -0.0141545 0.0986632 
qwerty 203 144 0 2.89816 1.1924 -2.85992 21.175 0.00807584 -0.0141545 0.0986632 
qwerty 203 144 0 2.89816 1.24765 -2.95676 21.85 0.00807584 -0.0141545 0.0986632 
qwerty 203 144 0 2.89816 1.3029 -3.05359 22.525 0.00807584 -0.0141545 0.0986632 
qwerty 199 155 0 0.479477 1.22237 -1.25 3.9249 0.0571433 -0.0754856 -0.0321959 
qwerty 199 155 0 0.479477 1.44405 -1.54284 3.8 0.0571433 -0.0754856 -0.0321959 
qwerty 199 155 0 0.282406 1.50722 -1.59599 3.125 -0.00183163 0.00719435 -0.0997241 
qwerty 199 155 0 0.282406 1.49483 -1.5473 2.45 -0.00183163 0.00719435 -0.0997241 
qwerty 195 87 0 0.510999 -0.47538 -0.818709 5.15 -0.0668711 -0.0675087 -0.0311582 
qwerty 194 87 0 12.9919 1.03003 0.147344 6.325 0.0417878 -0.0335738 0.0844191 
qwerty 194 87 0 12.9919 1.36416 -0.121106 7 0.0417878 -0.0335738 0.0844191 
qwerty 194 87 0 12.9919 1.69828 -0.389556 7.675 0.0417878 -0.0335738 0.0844191 
qwerty 194 87 0 12.9919 2.03241 -0.658006 8.35 0.0417878 -0.0335738 0.0844191 
qwerty 194 87 0 12.9919 2.36654 -0.926457 9.025 0.0417878 -0.0335738 0.0844191 
qwerty 194 87 0 12.9919 2.70067 -1.19491 9.7 0.0417878 -0.0335738 0.0844191 
qwerty 194 87 0 12.9919 3.0348 -1.46336 10.375 0.0417878 -0.0335738 0.0844191 
qwerty 194 87 0 12.9919 3.36892 -1.73181 11.05 0.0417878 -0.0335738 0.0844191 
qwerty 194 87 0 12.9919 3.70305 -2.00026 11.725 0.0417878 -0.0335738 0.0844191 
qwerty 194 87 0 0 3.90204 -2.16013 12.127 0.0417878 -0.0335738 0.0844191 
qwerty 276 194 0.532207 1.15438 3.91264 -2.23762 12.3999 -0.0353694 -0.0468828 0.0809383 
qwerty 276 194 5.82941e-05 1.15432 3.9126 -2.23768 12.4 -0.0350032 -0.0475396 0.0807141 
qwerty 276 194 0.105704 0.918468 3.89628 -2.28399 12.3513 0.00970833 -0.0642376 -0.0760216 
qwerty 276 194 0.160555 0.757913 3.89538 -2.34643 12.3023 0.00577742 -0.0934438 -0.0351409 
qwerty 276 194 0.151247 0.606665 3.86316 -2.43745 12.29 -0.0167033 -0.0985171 -0.00392256 
qwerty 276 194 0.141361 0.465304 3.83179 -2.50677 12.3043 0.00162556 -0.0999841 0.000729135 
qwerty 276 194 0.203277 0.262026 3.80846 -2.58539 12.3228 -0.0477087 -0.0718707 -0.0505815 
qwerty 276 194 0.262026 0 3.78958 -2.61384 12.3028 -0.0477087 -0.0718707 -0.0505815 
qwerty 193 87 0 1.23073 0.302807 0.38175 5.65 0.0374884 -0.00904893 0.0922645 
qwerty 193 87 0 1.23073 0.577069 0.315548 6.325 0.0374884 -0.00904893 0.0922645 
qwerty 193 87 0 0.161036 1.10195 0.189773 7 0.0696622 -0.0213683 0.0684878 
qwerty 278 193 0.0481705 0.530812 0.606867 0.279914 6.51213 -0.0961488 -0.0239029 0.0135666 
qwerty 278 193 0.0384069 0.492405 0.588653 0.270945 6.5163 -0.0966716 -0.0248198 0.00621095 
qwerty 278 193 0.0519097 0.440495 0.569725 0.25999 6.51943 -0.0989373 -0.00610863 0.0131942 
qwerty 278 193 0.0374952 0.403 0.550813 0.260884 6.52754 -0.0809224 -0.0318805 0.0493477 
qwerty 278 193 0.0342724 0.368727 0.538254 0.251373 6.53361 -0.0766309 -0.0437433 0.0470556 
qwerty 278 193 0.0389051 0.329822 0.522024 0.24889 6.54563 -0.079199 -0.0360789 0.0492527 
qwerty 278 193 0.0816026 0.24822 0.508347 0.229717 6.56077 -0.0402024 -0.0797071 -0.0450615 
qwerty 278 193 0.103773 0.144447 0.493911 0.209744 6.54555 -0.0823677 0.0369634 -0.0430031 
qwerty 278 193 0.144447 0 0.481519 0.215305 6.53908 -0.0823677 0.0369634 -0.0430031 
qwerty 192 87 0 1.12205 0.217327 0.396394 5.65 0.0248663 -0.00718077 0.0965925 
qwerty 192 87 0 1.12205 0.391096 0.346214 6.325 0.0248663 -0.00718077 0.0965925 
qwerty 192 87 0 0.297569 1.04713 -0.838694 5.825 0.0418902 -0.0795389 -0.0438039 
qwerty 190 87 0 1.71456 0.134104 0.426012 4.975 0.00656828 0.00118443 0.099777 
qwerty 190 87 0 1.71456 0.178539 0.434024 5.65 0.00656828 0.00118443 0.099777 
qwerty 190 87 0 1.71456 0.222974 0.442037 6.325 0.00656828 0.00118443 0.099777 
qwerty 190 87 0 1.71456 0.267409 0.45005 7 0.00656828 0.00118443 0.099777 
qwerty 189 93 0 0.510999 -0.109057 0.756429 9.7 0.0204735 -0.0658835 0.0723893 
qwerty 188 93 0 0.510999 -0.441376 1.82583 8.525 -0.0204735 0.0658835 -0.0723893 
qwerty 291 290 0 0.265751 -0.347801 1.60542 9.7 -0.00273075 0.0499208 0.0866052 
qwerty 186 134 0 0.510999 -1.89442 1.25697 8.35 -0.000227203 -0.0640568 0.0767898 
qwerty 186 134 0 0.510999 -1.89641 0.693897 9.025 -0.000227203 -0.0640568 0.0767898 
qwerty 186 134 0 0.510999 -1.89841 0.130823 9.7 -0.000227203 -0.0640568 0.0767898 
qwerty 185 134 0 0.510999 -1.89094 2.23714 7.175 0.000227203 0.0640568 -0.0767898 
qwerty 185 134 0 0.510999 -1.88894 2.80021 6.5 0.000227203 0.0640568 -0.0767898 
qwerty 185 134 0 0.510999 -1.88695 3.36328 5.825 0.000227203 0.0640568 -0.0767898 
qwerty 185 134 0 0.510999 -1.88557 3.75 5.36141 0.000227203 0.0640568 -0.0767898 
qwerty 185 134 0 0.510999 -1.88495 3.92636 5.15 0.000227203 0.0640568 -0.0767898 
qwerty 185 134 0 0.510999 -1.88295 4.48943 4.475 0.000227203 0.0640568 -0.0767898 
qwerty 184 134 0 0.708677 -1.93945 1.68107 7.675 0.0189108 0.0433662 0.0881008 
qwerty 184 134 0 0.708677 -1.79456 2.01333 8.35 0.0189108 0.0433662 0.0881008 
qwerty 184 134 0 0.708677 -1.64968 2.34559 9.025 0.0189108 0.0433662 0.0881008 
qwerty 184 134 0 0.708677 -1.50479 2.67785 9.7 0.0189108 0.0433662 0.0881008 
qwerty 184 134 0 0.708677 -1.3599 3.0101 10.375 0.0189108 0.0433662 0.0881008 
qwerty 184 134 0 0.708677 -1.21501 3.34236 11.05 0.0189108 0.0433662 0.0881008 
qwerty 184 134 0 0.672015 -0.863186 3.67566 11.725 0.0454374 0.0394553 0.0798669 
qwerty 184 134 0 0.672015 -0.479169 4.00912 12.4 0.0454374 0.0394553 0.0798669 
qwerty 184 134 0 0.672015 -0.095151 4.34258 13.075 0.0454374 0.0394553 0.0798669 
qwerty 184 134 0 0.672015 0.288866 4.67604 13.75 0.0454374 0.0394553 0.0798669 
qwerty 184 134 0 0.672015 0.672884 5.0095 14.425 0.0454374 0.0394553 0.0798669 
qwerty 184 134 0 0.672015 1.0569 5.34295 15.1 0.0454374 0.0394553 0.0798669 
qwerty 184 134 0 0.671255 1.25 5.51649 15.4742 0.0423162 0.0380633 0.0822224 
qwerty 184 134 0 0.671255 1.40479 5.65572 15.775 0.0423162 0.0380633 0.0822224 
qwerty 184 134 0 0.671255 1.75218 5.96819 16.45 0.0423162 0.0380633 0.0822224 
qwerty 184 134 0 0.671255 2.09957 6.28067 17.125 0.0423162 0.0380633 0.0822224 
qwerty 184 134 0 0.671255 2.44696 6.59315 17.8 0.0423162 0.0380633 0.0822224 
qwerty 184 134 0 0.671255 2.79436 6.90563 18.475 0.0423162 0.0380633 0.0822224 
qwerty 184 134 0 0.671255 3.14175 7.21811 19.15 0.0423162 0.0380633 0.0822224 
qwerty 184 134 0 0.671255 3.48914 7.53059 19.825 0.0423162 0.0380633 0.0822224 
qwerty 184 134 0 0.671255 3.83653 7.84306 20.5 0.0423162 0.0380633 0.0822224 
qwerty 184 134 0 0.671255 4.18393 8.15554 21.175 0.0423162 0.0380633 0.0822224 
qwerty 184 134 0 0.671255 4.53132 8.46802 21.85 0.0423162 0.0380633 0.0822224 
qwerty 184 134 0 0.671255 4.87871 8.7805 22.525 0.0423162 0.0380633 0.0822224 
qwerty 184 134 0 0.671255 5.2261 9.09298 23.2 0.0423162 0.0380633 0.0822224 
qwerty 184 134 0 0.671255 5.5735 9.40546 23.875 0.0423162 0.0380633 0.0822224 
qwerty 184 134 0 0.671255 5.92089 9.71793 24.55 0.0423162 0.0380633 0.0822224 
qwerty 184 134 0 0.671255 6.25 10.014 25.1895 0.0423162 0.0380633 0.0822224 
qwerty 184 134 0 0.671255 6.26828 10.0304 25.225 0.0423162 0.0380633 0.0822224 
qwerty 184 134 0 0.231265 6.34682 10.4696 24.725 0.00459145 0.0559202 -0.0827759 
qwerty 181 139 0 0.35623 -1.25 0.58328 4.9197 -0.094864 0.0111843 0.0295927 
qwerty 181 139 0 0.35623 -1.42727 0.60418 4.975 -0.094864 0.0111843 0.0295927 
qwerty 180 139 0 0.417752 0.639054 -0.257202 3.8 0.00795224 -0.0640221 -0.0764064 
qwerty 180 139 0 0.417752 0.709307 -0.822794 3.125 0.00795224 -0.0640221 -0.0764064 
qwerty 180 139 0 0.417752 0.762371 -1.25 2.61516 0.00795224 -0.0640221 -0.0764064 
qwerty 180 139 0 0.417752 0.77956 -1.38839 2.45 0.00795224 -0.0640221 -0.0764064 
qwerty 306 305 0 0.156956 -0.0933293 -1.83989 2.95 -0.0791515 -0.0403646 0.0458883 
qwerty 179 139 0 8.6459 -0.0532446 -1.84699 4.975 -0.0265309 -0.0926693 0.0266178 
qwerty 178 139 0 1.58474 0.151457 -0.452976 4.975 -0.0391266 -0.0706243 0.0590027 
qwerty 178 139 0 1.58474 -0.290103 -1.25 5.64087 -0.0391266 -0.0706243 0.0590027 
qwerty 178 139 0 1.58474 -0.296158 -1.26093 5.65 -0.0391266 -0.0706243 0.0590027 
qwerty 178 139 0 1.58474 -0.743773 -2.06888 6.325 -0.0391266 -0.0706243 0.0590027 
qwerty 178 139 0 1.58474 -1.19139 -2.87683 7 -0.0391266 -0.0706243 0.0590027 
qwerty 178 139 0 1.58474 -1.639 -3.68479 7.675 -0.0391266 -0.0706243 0.0590027 
qwerty 178 139 0 1.4512 -2.08192 -4.48426 8.34292 -0.053548 -0.0745113 0.0397578 
qwerty 178 139 0 1.4512 -2.09146 -4.49754 8.35 -0.053548 -0.0745113 0.0397578 
qwerty 178 139 0 1.4512 -3.00059 -5.76257 9.025 -0.053548 -0.0745113 0.0397578 
qwerty 178 139 0 1.4512 -3.35088 -6.25 9.28508 -0.053548 -0.0745113 0.0397578 
qwerty 178 139 0 1.4512 -3.90972 -7.02761 9.7 -0.053548 -0.0745113 0.0397578 
qwerty 178 139 0 0.395913 -3.95418 -7.40246 9.2 -0.00144864 -0.0525836 -0.0850463 
qwerty 178 139 0 0.395913 -3.96568 -7.8198 8.525 -0.00144864 -0.0525836 -0.0850463 
qwerty 310 178 0.0112845 0.122258 -2.08155 -4.48537 8.34723 0.0505597 -0.0179572 0.0843875 
qwerty 310 178 0.00303711 0.119221 -2.08061 -4.48574 8.34826 0.0480823 -0.0180014 0.085814 
qwerty 310 178 0.00237044 0.116851 -2.08024 -4.48608 8.34922 0.0388395 -0.0195829 0.0900445 
qwerty 310 178 0.00249288 0.114358 -2.0799 -4.48625 8.35 0.0553314 -0.010259 0.0826631 
qwerty 310 178 0.00230277 0.0878003 -2.07978 -4.48688 8.34951 0.030629 -0.0648098 -0.0697248 
qwerty 310 178 0.00354119 0.0842591 -2.07968 -4.48726 8.34898 0.0212718 -0.0536857 -0.0816416 
qwerty 310 178 0.00351238 0.0807467 -2.07958 -4.48759 8.3485 0.0199861 -0.0584496 -0.0786397 
qwerty 310 178 0.00355367 0.077193 -2.07924 -4.48822 8.34785 -0.00180215 -0.062803 -0.077798 
qwerty 310 178 0.00393237 0.0732607 -2.07896 -4.48911 8.34684 -0.0205663 -0.0304001 -0.0930208 
qwerty 310 178 0.00721585 0.0660448 -2.07873 -4.48998 8.34533 -0.0415906 -0.0430542 -0.0801034 
qwerty 310 178 0.020538 0.0455068 -2.07878 -4.49031 8.34228 0.0908525 0.0191777 0.0371219 
qwerty 310 178 0.0455068 0 -2.07693 -4.48992 8.34304 0.0908525 0.0191777 0.0371219 
qwerty 175 139 0 0.023305 0.346959 0.437562 3.625 0.0154669 0.02482 0.0956281 
qwerty 174 145 0 0.510999 0.16388 -3.51775 11.05 0.00165313 -0.0961495 0.0274324 
qwerty 174 145 0 0.346974 -2.39323 -5.0623 10.55 -0.0925547 -0.0275007 -0.0260256 
qwerty 173 145 0 0.466455 1.25 0.862334 9.89152 0.0445269 0.0867091 -0.0223359 
qwerty 173 145 0 0.466455 1.28292 0.926447 9.875 0.0445269 0.0867091 -0.0223359 
qwerty 172 145 0 1.47324 -0.322233 -1.74017 11.05 -0.0515649 -0.0444539 0.0732455 
qwerty 172 145 0 1.47324 -0.797434 -2.14984 11.725 -0.0515649 -0.0444539 0.0732455 
qwerty 172 145 0 1.47324 -1.27263 -2.55951 12.4 -0.0515649 -0.0444539 0.0732455 
qwerty 172 145 0 0.24509 -1.56874 -1.28348 11.9 -0.0201596 0.0907737 -0.036793 
qwerty 171 145 0 0.812838 0.0125783 -1.23576 10.375 -0.046676 0.0327652 0.082145 
qwerty 170 145 0 11.8296 0.323842 -1.79673 10.375 0.0061512 -0.0522063 0.0850686 
qwerty 170 145 0 11.8296 0.37265 -2.21098 11.05 0.0061512 -0.0522063 0.0850686 
qwerty 170 145 0 11.8296 0.421459 -2.62522 11.725 0.0061512 -0.0522063 0.0850686 
qwerty 170 145 0 11.8296 0.470267 -3.03947 12.4 0.0061512 -0.0522063 0.0850686 
qwerty 170 145 0 11.8296 0.519075 -3.45371 13.075 0.0061512 -0.0522063 0.0850686 
qwerty 170 145 0 11.8296 0.553985 -3.75 13.5578 0.0061512 -0.0522063 0.0850686 
qwerty 170 145 0 11.8296 0.567884 -3.86796 13.75 0.0061512 -0.0522063 0.0850686 
qwerty 170 145 0 0.52641 0.61133 -4.2367 14.3509 0.0639303 0.0637398 0.0430135 
qwerty 170 145 0 0.52641 0.721538 -4.12682 14.425 0.0639303 0.0637398 0.0430135 
qwerty 168 145 0 0.221428 0.230399 -1.21306 9.7 0.00118027 -0.0214703 0.0976608 
qwerty 168 145 0 0.221428 0.238556 -1.36146 10.375 0.00118027 -0.0214703 0.0976608 
qwerty 167 156 0 0.510999 -0.0386749 -0.426878 4.975 -0.0293219 -0.0659491 0.0692166 
qwerty 167 156 0 0.510999 -0.324622 -1.07001 5.65 -0.0293219 -0.0659491 0.0692166 
qwerty 167 156 0 0.510999 -0.610569 -1.71315 6.325 -0.0293219 -0.0659491 0.0692166 
qwerty 315 176 1.02595 10.3104 0.630179 0.644706 4.3 0.0280895 0.0204811 0.093763 
qwerty 315 176 1.04686 4.72349 0.716494 0.216135 4.975 0.0037131 -0.0646216 0.0762251 
qwerty 277 194 0.484885 9.79847 4.06835 -2.2765 12.4 0.0452167 -0.0442191 0.0774605 
qwerty 277 194 0.763635 1.83315 3.75 -2.40788 12.601 -0.0934343 0.0272423 -0.022976 
qwerty 277 194 0.268618 1.56453 3.64433 -2.37707 12.575 -0.0963607 0.00921593 -0.0250933 
qwerty 331 170 0.190458 11.1127 0.614279 -4.28578 14.425 0.00194888 -0.0515632 0.0856588 
qwerty 365 331 0 0.788765 -1.65837 -3.88748 15.1 -0.0943903 0.0201827 0.0261368 
qwerty 365 331 0 0.788765 -3.75 -3.44024 15.6792 -0.0943903 0.0201827 0.0261368 
qwerty 365 331 0 0.788765 -4.09606 -3.36624 15.775 -0.0943903 0.0201827 0.0261368 
qwerty 365 331 0 0.788765 -6.53375 -2.84501 16.45 -0.0943903 0.0201827 0.0261368 
qwerty 365 331 0 0.680857 -7.69015 -2.6669 17.125 -0.0753958 0.0074697 0.0652663 
qwerty 365 331 0 0.680857 -8.46991 -2.58965 17.8 -0.0753958 0.0074697 0.0652663 
qwerty 364 331 0 4.68696 -0.79019 -4.04775 15.1 -0.0890343 0.0207098 0.0405463 
qwerty 364 331 0 4.68696 -1.25 -3.9408 15.3094 -0.0890343 0.0207098 0.0405463 
qwerty 364 331 0 4.68696 -2.2724 -3.70298 15.775 -0.0890343 0.0207098 0.0405463 
qwerty 364 331 0 4.68696 -3.75461 -3.35821 16.45 -0.0890343 0.0207098 0.0405463 
qwerty 364 331 0 4.68696 -5.23682 -3.01344 17.125 -0.0890343 0.0207098 0.0405463 
qwerty 364 331 0 4.68696 -6.71903 -2.66867 17.8 -0.0890343 0.0207098 0.0405463 
qwerty 364 331 0 4.68696 -8.20125 -2.3239 18.475 -0.0890343 0.0207098 0.0405463 
qwerty 364 331 0 4.68696 -9.68346 -1.97914 19.15 -0.0890343 0.0207098 0.0405463 
qwerty 364 331 0 0.479836 -10.5104 -1.78679 19.5266 0.030046 -0.0280327 0.0911669 
qwerty 364 331 0 0.479836 -10.412 -1.87854 19.825 0.030046 -0.0280327 0.0911669 
qwerty 364 331 0 0.479836 -10.1896 -2.0861 20.5 0.030046 -0.0280327 0.0911669 
qwerty 364 331 0 0.479836 -9.96713 -2.29365 21.175 0.030046 -0.0280327 0.0911669 
qwerty 364 331 0 0.479836 -9.74467 -2.5012 21.85 0.030046 -0.0280327 0.0911669 
qwerty 368 364 1.09918 3.10794 -11.0434 -1.61267 19.7119 -0.0913515 0.039845 0.00820283 
qwerty 368 364 0.430829 2.67711 -11.25 -1.52258 19.7305 -0.0770469 0.0634085 -0.00656788 
qwerty 368 364 0.758862 1.91825 -11.5973 -1.29503 19.8148 -0.0686425 0.0713902 -0.0138438 
qwerty 368 364 0.639451 1.2788 -11.7897 -1.05882 19.7251 -0.00963213 0.0833787 -0.0543618 
qwerty 368 364 0.527047 0.751753 -11.8317 -0.932671 19.5021 0.00846113 0.0895354 -0.0437244 
qwerty 368 364 0.397751 0.354002 -11.9204 -0.803117 19.4041 -0.0401289 0.0773664 -0.0490317 
qwerty 368 364 0.354002 0 -11.9229 -0.767722 19.3335 0.0789124 0.0601606 -0.0123911 
qwerty 361 256 0 0.510999 2.08858 -5.87322 20 -0.0344759 -0.078325 -0.0517359 
qwerty 361 256 0 0.320073 2.49045 -6.06791 19.325 0.052766 -0.0202493 -0.0824967 
qwerty 360 256 0 0.510999 2.87158 -4.09434 21.175 0.0344759 0.078325 0.0517359 
qwerty 360 256 0 0.510999 3.02314 -3.75 21.4024 0.0344759 0.078325 0.0517359 
qwerty 360 256 0 0.510999 3.32138 -3.07243 21.85 0.0344759 0.078325 0.0517359 
qwerty 360 256 0 0.309285 3.71285 -2.18306 22.4375 -0.0694857 0.0717469 0.0049109 
qwerty 360 256 0 0.309285 2.47411 -0.904012 22.525 -0.0694857 0.0717469 0.0049109 
qwerty 376 360 0.0652487 0.136465 3.72376 -2.1689 22.4483 -0.037898 0.0469874 0.0797241 
qwerty 376 360 0.0434691 0.0929959 3.72415 -2.16746 22.4602 -0.0312229 -0.0844423 0.0435272 
qwerty 376 360 0.0929959 0 3.72192 -2.17348 22.4633 -0.0312229 -0.0844423 0.0435272 
qwerty 359 256 0 0.674366 2.80539 -5.10384 21.175 0.0468723 -0.0201144 0.0860139 
qwerty 357 277 0 0.510999 3.75 -2.73368 12.9009 0.0322921 -0.0684771 0.0653308 
qwerty 357 277 0 0.510999 3.83607 -2.9162 13.075 0.0322921 -0.0684771 0.0653308 
qwerty 357 277 0 0.510999 4.16971 -3.62371 13.75 0.0322921 -0.0684771 0.0653308 
qwerty 356 277 0 1.34356 5.18854 -3.0771 13.075 0.0788885 -0.0485692 0.0376515 
qwerty 356 277 0 0.542053 5.88571 -3.50633 13.4077 0.0695885 -0.0282553 -0.0660233 
qwerty 356 277 0 0.542053 6.05197 -3.57383 13.25 0.0695885 -0.0282553 -0.0660233 
qwerty 382 356 0.29244 0.509072 5.96558 -3.56888 13.4495 0.0979794 -0.00617021 0.0190255 
qwerty 382 356 0.218989 0.290083 6.05766 -3.58451 13.4245 0.0860527 0.0314981 0.040035 
qwerty 382 356 0.290083 0 6.09759 -3.56989 13.443 0.0860527 0.0314981 0.040035 
qwerty 355 277 0 0.376309 3.82849 -2.3407 12.8293 -0.0499906 -0.0500185 0.0707042 
qwerty 355 277 0 0.376309 3.75 -2.41924 12.9403 -0.0499906 -0.0500185 0.0707042 
qwerty 355 277 0 0.376309 3.65478 -2.51452 13.075 -0.0499906 -0.0500185 0.0707042 
qwerty 385 355 0.0847293 0 3.82623 -2.33525 12.8307 -0.0373209 0.0898375 0.0231598 
qwerty 354 277 0 0.442224 3.86137 -2.77214 13.075 -0.0291385 -0.0582413 0.0758874 
qwerty 354 277 0 0.440188 3.53754 -3.36811 13.75 -0.0350402 -0.0632749 0.0690541 
qwerty 354 277 0 0.163342 3.38276 -3.64762 14.055 0.0223955 0.0804144 -0.0550633 
qwerty 354 277 0 0.163342 3.43565 -3.45772 13.925 0.0223955 0.0804144 -0.0550633 
qwerty 388 354 0.276846 0 3.36903 -3.67711 14.0834 -0.0318226 -0.0683531 0.06569 
qwerty 352 309 0 0.510999 0.511769 -2.01801 5.65 0.0667446 -0.0102708 0.0737541 
qwerty 351 309 0 0.268498 0.470778 -0.833405 4.475 0.0414 0.0821786 -0.0391499 
qwerty 351 309 0 0.227916 0.964031 0.145696 4.00856 -0.040243 0.0866416 -0.029559 
qwerty 351 309 0 0.227916 0.680093 0.757003 3.8 -0.040243 0.0866416 -0.029559 
qwerty 394 351 0.0405822 0 0.965655 0.145881 4.00825 0.0976985 0.0111616 -0.0181775 
qwerty 350 309 0 1.43732 0.0333099 -2.55035 5.65 0.0120489 -0.068618 0.0717383 
qwerty 350 309 0 0.576749 0.411256 -2.48819 6.325 0.0523108 0.0257109 0.0812559 
qwerty 350 309 0 0.374503 0.0501585 -2.04594 7 -0.0422685 0.0500376 0.075562 
qwerty 349 309 0 5.15897 -0.380198 -3.75 5.53152 -0.0157736 -0.0947475 0.0278228 
qwerty 349 309 0 5.15897 -0.447366 -4.15346 5.65 -0.0157736 -0.0947475 0.0278228 
qwerty 349 309 0 1.17089 -0.753596 -5.9929 6.19015 0.00795482 -0.045166 0.0888637 
qwerty 349 309 0 1.17089 -0.741525 -6.06144 6.325 0.00795482 -0.045166 0.0888637 
qwerty 349 309 0 1.17089 -0.708315 -6.25 6.69599 0.00795482 -0.045166 0.0888637 
qwerty 349 309 0 1.17089 -0.681101 -6.40452 7 0.00795482 -0.045166 0.0888637 
qwerty 349 309 0 0.933017 -0.886732 -6.61972 7.675 -0.0347973 -0.0252769 0.0902786 
qwerty 349 309 0 0.933017 -1.14691 -6.80871 8.35 -0.0347973 -0.0252769 0.0902786 
qwerty 349 309 0 0.933017 -1.25 -6.8836 8.61747 -0.0347973 -0.0252769 0.0902786 
qwerty 349 309 0 0.933017 -1.40708 -6.99771 9.025 -0.0347973 -0.0252769 0.0902786 
qwerty 349 309 0 0.933017 -1.66726 -7.1867 9.7 -0.0347973 -0.0252769 0.0902786 
qwerty 349 309 0 0.933017 -1.92743 -7.37569 10.375 -0.0347973 -0.0252769 0.0902786 
qwerty 349 309 0 0.933017 -2.1876 -7.56468 11.05 -0.0347973 -0.0252769 0.0902786 
qwerty 349 309 0 0.933017 -2.44778 -7.75367 11.725 -0.0347973 -0.0252769 0.0902786 
qwerty 349 309 0 0.933017 -2.70795 -7.94267 12.4 -0.0347973 -0.0252769 0.0902786 
qwerty 349 309 0 0.933017 -2.96813 -8.13166 13.075 -0.0347973 -0.0252769 0.0902786 
qwerty 349 309 0 0.933017 -3.2283 -8.32065 13.75 -0.0347973 -0.0252769 0.0902786 
qwerty 349 309 0 0.933017 -3.48848 -8.50964 14.425 -0.0347973 -0.0252769 0.0902786 
qwerty 349 309 0 0.933017 -3.74865 -8.69863 15.1 -0.0347973 -0.0252769 0.0902786 
qwerty 349 309 0 0.933017 -4.00882 -8.88763 15.775 -0.0347973 -0.0252769 0.0902786 
qwerty 348 315 0 0.510999 0.515679 0.367661 5.65 -0.0287478 0.0402737 0.0868999 
qwerty 348 315 0 0.510999 0.292379 0.680489 6.325 -0.0287478 0.0402737 0.0868999 
qwerty 348 315 0 0.510999 0.0690789 0.993317 7 -0.0287478 0.0402737 0.0868999 
qwerty 348 315 0 0.510999 -0.154221 1.30614 7.675 -0.0287478 0.0402737 0.0868999 
qwerty 348 315 0 0.450239 -0.054577 1.86218 8.35 0.0153926 0.064766 0.074622 
qwerty 348 315 0 0.450239 0.0846581 2.44802 9.025 0.0153926 0.064766 0.074622 
qwerty 348 315 0 0.450239 0.223893 3.03387 9.7 0.0153926 0.064766 0.074622 
qwerty 347 315 0 0.510999 0.904387 -0.176892 4.475 0.0287478 -0.0402737 -0.0868999 
qwerty 347 315 0 0.510999 1.10073 -0.569684 3.8 0.0235875 -0.0502262 -0.0831923 
qwerty 346 315 0 0.437165 0.000515082 1.68177 4.475 -0.0384067 0.0862183 -0.0330354 
qwerty 346 315 0 0.437165 -0.784235 3.44344 3.8 -0.0384067 0.0862183 -0.0330354 
qwerty 346 315 0 0.437165 -1.25 4.95731 3.14738 -0.0222246 0.0888741 -0.0400932 
qwerty 346 315 0 0.437165 -1.26241 5.00693 3.125 -0.0222246 0.0888741 -0.0400932 
qwerty 345 315 0 0.289359 0.44287 0.3383 5.65 -0.0451591 0.0310986 0.0836273 
qwerty 343 315 0 0.759613 0.559528 0.153099 4.975 -0.01177 -0.0645116 0.0754965 
qwerty 343 315 0 0.759613 0.454294 -0.423687 5.65 -0.01177 -0.0645116 0.0754965 
qwerty 342 315 0 1.54067 1.14288 0.643196 4.975 0.0615401 -0.000874352 0.0788166 
qwerty 342 315 0 1.54067 1.66992 0.635708 5.65 0.0615401 -0.000874352 0.0788166 
qwerty 342 315 0 1.54067 2.19696 0.62822 6.325 0.0615401 -0.000874352 0.0788166 
qwerty 342 315 0 1.54067 2.724 0.620732 7 0.0615401 -0.000874352 0.0788166 
qwerty 342 315 0 1.54067 3.25105 0.613243 7.675 0.0615401 -0.000874352 0.0788166 
qwerty 342 315 0 1.54067 3.77809 0.605755 8.35 0.0615401 -0.000874352 0.0788166 
qwerty 342 315 0 1.54067 4.30513 0.598267 9.025 0.0615401 -0.000874352 0.0788166 
qwerty 342 315 0 1.54067 4.83217 0.590779 9.7 0.0615401 -0.000874352 0.0788166 
qwerty 342 315 0 1.54067 5.35921 0.583291 10.375 0.0615401 -0.000874352 0.0788166 
qwerty 342 315 0 1.54067 5.916 0.590507 11.05 0.064008 0.00113675 0.0768224 
qwerty 342 315 0 1.54067 6.25 0.596439 11.4509 0.064008 0.00113675 0.0768224 
qwerty 342 315 0 1.54067 6.47841 0.600495 11.725 0.064008 0.00113675 0.0768224 
qwerty 342 315 0 1.54067 7.04082 0.610483 12.4 0.064008 0.00113675 0.0768224 
qwerty 342 315 0 1.54067 7.60322 0.620471 13.075 0.064008 0.00113675 0.0768224 
qwerty 342 315 0 1.54067 8.16563 0.630459 13.75 0.064008 0.00113675 0.0768224 
qwerty 342 315 0 1.54067 8.72804 0.640447 14.425 0.064008 0.00113675 0.0768224 
qwerty 342 315 0 1.54067 9.29044 0.650435 15.1 0.064008 0.00113675 0.0768224 
qwerty 342 315 0 1.54067 9.85285 0.660423 15.775 0.064008 0.00113675 0.0768224 
qwerty 342 315 0 1.54067 10.4153 0.670412 16.45 0.064008 0.00113675 0.0768224 
qwerty 342 315 0 1.54067 10.9777 0.6804 17.125 0.064008 0.00113675 0.0768224 
qwerty 342 315 0 1.54067 11.5401 0.690388 17.8 0.064008 0.00113675 0.0768224 
qwerty 409 343 0.0129252 0.339511 0.451818 -0.439613 5.64673 0.000253044 -0.0886191 -0.0463314 
qwerty 409 343 0.0131301 0.326381 0.452884 -0.446821 5.64415 0.0106383 -0.0960551 -0.0256951 
qwerty 409 343 0.0145447 0.311836 0.45398 -0.452798 5.64138 -0.00154331 -0.0974071 -0.0225715 
qwerty 409 343 0.0175602 0.294276 0.453251 -0.459031 5.63882 -0.0796054 -0.0603567 0.00447782 
qwerty 409 343 0.019563 0.274713 0.448107 -0.462264 5.63795 -0.0744582 -0.0665213 0.00555835 
qwerty 409 343 0.00954708 0.265166 0.443473 -0.466549 5.637 -0.0751965 -0.0593618 0.0286648 
qwerty 409 343 0.0154406 0.249725 0.438588 -0.470379 5.64017 -0.074315 -0.0338447 0.0577219 
qwerty 409 343 0.0130594 0.236666 0.434406 -0.473105 5.64489 -0.088052 -0.0320221 0.034949 
qwerty 409 343 0.0195762 0.21709 0.427869 -0.47343 5.64784 -0.0841689 -0.00937328 0.0531764 
qwerty 409 343 0.00647955 0.21061 0.42445 -0.473811 5.65 -0.0758172 -0.00814516 0.0646947 
qwerty 409 343 0.00639578 0.182294 0.422451 -0.473818 5.64794 -0.0626431 0.0183843 -0.0757487 
qwerty 409 343 0.00865129 0.173643 0.421254 -0.473528 5.64629 -0.0689563 0.0036917 -0.0723285 
qwerty 409 343 0.00341347 0.17023 0.419994 -0.473361 5.64479 -0.0677282 -0.000978033 -0.0735658 
qwerty 409 343 0.00556722 0.164662 0.417769 -0.473128 5.64315 -0.0803757 0.0109369 -0.0584819 
qwerty 409 343 0.00972134 0.154941 0.414302 -0.473768 5.64111 -0.0379938 -0.0358994 -0.0852508 
qwerty 409 343 0.015616 0.139325 0.412111 -0.475933 5.63772 -0.0423549 -0.000853571 -0.0905833 
qwerty 409 343 0.0190248 0.1203 0.411996 -0.475022 5.63062 -0.0234355 0.0179815 -0.0955376 
qwerty 409 343 0.06173 0.0585701 0.413709 -0.477152 5.61973 -0.00830231 -0.0965676 -0.0246125 
qwerty 409 343 0.0585701 0 0.413445 -0.480224 5.61895 -0.00830231 -0.0965676 -0.0246125 
qwerty 399 349 0.952509 3.03557 -0.882304 -6.53749 6.2609 0.0143374 -0.0873388 0.0465444 
qwerty 399 349 0.197133 2.83843 -0.862557 -6.65778 6.325 0.0152681 -0.0913602 0.0376854 
qwerty 414 399 0 0.346216 -1.04598 -6.00434 5.825 -0.0241798 0.071762 -0.0653111 
qwerty 414 399 0 0.346216 -1.33056 -5.19869 5.15 -0.0264401 0.0743276 -0.0614519 
