qwerty 1 0 0 200 0 0 -0.249993 0 0 0.1 
qwerty 3 1 0 162.583 0.202114 0.105496 0.25 0.0367801 0.0191978 0.0909872 
qwerty 4 3 0.699359 109.545 0.445594 0.208146 0.799748 0.0408138 0.0161603 0.0898503 
qwerty 4 3 0.239905 109.305 0.502488 0.230673 0.925 0.0414265 0.0165643 0.0894956 
qwerty 4 3 0.00816763 50.4379 0.596822 0.279758 1.10447 0.0628752 0.0303516 0.0715926 
qwerty 4 3 1.15981 49.278 1.03201 0.489837 1.6 0.062717 0.0322493 0.0708982 
qwerty 4 3 3.21941 20.1893 3.07327 2.07165 2.275 0.0845101 0.0412661 0.0339874 
qwerty 4 3 0.465759 1.08095 3.58701 2.27472 2.2736 0.0819161 0.0532123 0.0214058 
qwerty 4 3 0.010063 1.07089 3.59235 2.27819 2.275 0.0776626 0.060494 0.017578 
qwerty 4 3 0.157557 0.823793 3.53766 2.30237 2.21173 0.0396814 -0.0440818 -0.080512 
qwerty 4 3 0.135687 0.688107 3.57284 2.26208 2.16082 0.0597754 -0.0431756 -0.0675483 
qwerty 4 3 0.124429 0.563678 3.62356 2.25169 2.12139 0.0943 -0.0327037 0.00616248 
qwerty 4 3 0.319495 0.244183 3.70018 2.23724 2.09845 0.0863816 0.0363996 -0.0348323 
qwerty 4 3 0.244183 0 3.73076 2.25013 2.08612 0.0863816 0.0363996 -0.0348323 
qwerty 17 4 0.721619 1.46845 1.25 0.892731 1.90646 -0.0783503 0.00816688 0.0615998 
qwerty 17 4 0.427375 1.04108 1.01956 0.932615 1.98352 -0.0841337 0.0345534 0.0415643 
qwerty 17 4 0.43198 0.609096 0.889841 0.996219 2.14238 0.000763133 0.0711603 0.070254 
qwerty 17 4 0.43059 0.178506 0.882276 1.11569 2.19867 0.0251424 0.0967289 0.00337341 
qwerty 17 4 0.178506 0 0.887646 1.13635 2.19939 0.0251424 0.0967289 0.00337341 
qwerty 21 17 0 0.608303 1.81919 1.43155 2.275 0.0345165 0.0635203 0.0690926 
qwerty 21 17 0 0.608303 2.1564 2.05211 2.95 0.0345165 0.0635203 0.0690926 
qwerty 20 4 0 0.172229 3.21248 2.05151 1.775 -0.0283222 -0.0217824 -0.093399 
qwerty 19 4 0 12.9674 5.17505 2.75537 2.95 0.0898259 0.0295767 0.0325042 
qwerty 19 4 0 12.9674 6.25 3.10931 3.33898 0.0898259 0.0295767 0.0325042 
qwerty 19 4 0 12.9674 7.04042 3.36957 3.625 0.0898259 0.0295767 0.0325042 
qwerty 19 4 0 12.9674 8.1958 3.75 4.04308 0.0898259 0.0295767 0.0325042 
qwerty 19 4 0 12.9674 8.90579 3.98378 4.3 0.0898259 0.0295767 0.0325042 
qwerty 19 4 0 12.9674 10.7712 4.59798 4.975 0.0898259 0.0295767 0.0325042 
qwerty 25 19 1.09162 1.85097 11.4211 4.59679 5.53637 0.056824 0.0129428 0.0812621 
qwerty 25 19 0.199375 1.6516 11.5005 4.61489 5.65 0.07025 -0.00615264 0.0709019 
qwerty 25 19 0.403497 1.03953 11.5983 4.81868 5.62566 0.0559292 0.0396985 -0.0727733 
qwerty 25 19 0.272633 0.766894 11.7152 4.87942 5.50851 0.0653384 0.067406 -0.0344577 
qwerty 25 19 0.354618 0.412276 11.8707 4.96576 5.52539 0.0850192 0.0489002 0.0195067 
qwerty 25 19 0.247693 0.159165 11.9333 5.00178 5.53976 0.0657088 -0.0315106 0.0684795 
qwerty 25 19 0.159165 0 11.9449 4.99621 5.55187 0.0657088 -0.0315106 0.0684795 
qwerty 27 25 0.0944222 0.716033 11.4249 4.53886 5.56302 0.0240203 -0.0616999 0.074941 
qwerty 27 25 0.0890154 0.627018 11.4267 4.51542 5.60151 0.0251937 -0.081159 0.0527114 
qwerty 27 25 0.0633458 0.563672 11.4242 4.47435 5.62081 0.0242543 -0.0792455 0.0559632 
qwerty 27 25 0.0843292 0.479343 11.4319 4.43786 5.63999 0.00900613 -0.0624493 0.077582 
qwerty 27 25 0.0196457 0.459697 11.4331 4.4298 5.65 0.0265506 -0.0737124 0.0621414 
qwerty 28 25 0.00029101 0 11.9445 5.00158 5.51338 0.0391863 -0.000717296 -0.0919996 
qwerty 29 28 0.00512652 0 11.9446 5.00159 5.51336 0.0833522 0.0282323 -0.0474905 
qwerty 15 4 0 3.93708 3.75 3.40696 2.21097 0.0649928 0.0747708 0.0136111 
qwerty 15 4 0 0.977828 3.79393 3.45751 2.22018 0.0993915 -0.00327019 -0.0105183 
qwerty 15 4 0 0.977828 6.25 3.3767 1.96026 0.0993915 -0.00327019 -0.0105183 
qwerty 15 4 0 0.977828 8.00056 3.3191 1.775 0.0993915 -0.00327019 -0.0105183 
qwerty 15 4 0 0.331158 9.48534 3.45999 1.1 -0.0107653 0.034882 -0.0930986 
qwerty 32 15 0.53496 2.42429 3.93015 3.71293 2.275 0.0395752 0.0906755 0.0145521 
qwerty 32 15 0.27203 1.62152 3.95313 3.70811 2.11098 0.0361908 -0.0728292 -0.0581904 
qwerty 32 15 0.560161 1.06136 3.99773 3.53709 1.87921 0.0637549 -0.0695364 -0.0331664 
qwerty 32 15 0.392039 0.669318 4.12925 3.38493 1.84774 0.0568916 -0.0788758 0.0232801 
qwerty 32 15 0.475199 0.194119 4.17325 3.28015 1.97085 0.0124037 -0.0770357 0.0625432 
qwerty 32 15 0.194119 0 4.17628 3.26128 1.98617 0.0124037 -0.0770357 0.0625432 
qwerty 35 32 0.379316 0 3.90393 3.66912 2.08023 0.0113234 0.0414199 0.0903115 
qwerty 13 4 0 0.533432 3.03508 1.81642 2.275 0.0692102 0.0264129 0.0671737 
qwerty 13 4 0 0.533432 3.73054 2.08183 2.95 0.0692102 0.0264129 0.0671737 
qwerty 13 4 0 0.533432 4.42601 2.34724 3.625 0.0692102 0.0264129 0.0671737 
qwerty 13 4 0 0.533432 5.12147 2.61266 4.3 0.0692102 0.0264129 0.0671737 
qwerty 13 4 0 0.533432 5.81694 2.87807 4.975 0.0692102 0.0264129 0.0671737 
qwerty 13 4 0 0.455401 6.62281 2.54605 5.65 0.0730522 -0.0304336 0.0611324 
qwerty 13 4 0 0.399922 7.38124 1.50573 6.325 0.047631 -0.0766833 0.0430229 
qwerty 13 4 0 0.362931 7.42513 1.25 6.58261 0.00720816 -0.0680183 0.072949 
qwerty 13 4 0 0.362931 7.46637 0.860817 7 0.00720816 -0.0680183 0.072949 
qwerty 11 4 0 3.14953 1.25 0.625567 1.91318 0.0529133 0.032538 0.0783675 
qwerty 11 4 0 3.14953 1.4943 0.775793 2.275 0.0529133 0.032538 0.0783675 
qwerty 11 4 0 3.14953 1.95005 1.05605 2.95 0.0529133 0.032538 0.0783675 
qwerty 11 4 0 3.14953 2.40581 1.33631 3.625 0.0529133 0.032538 0.0783675 
qwerty 11 4 0 3.14953 2.86157 1.61657 4.3 0.0529133 0.032538 0.0783675 
qwerty 11 4 0 3.14953 3.31732 1.89683 4.975 0.0529133 0.032538 0.0783675 
qwerty 11 4 0 3.14953 3.77308 2.17709 5.65 0.0529133 0.032538 0.0783675 
qwerty 11 4 0 3.14953 4.22883 2.45735 6.325 0.0529133 0.032538 0.0783675 
qwerty 11 4 0 3.14953 4.68459 2.7376 7 0.0529133 0.032538 0.0783675 
qwerty 11 4 0 3.14953 5.14035 3.01786 7.675 0.0529133 0.032538 0.0783675 
qwerty 11 4 0 3.14953 5.5961 3.29812 8.35 0.0529133 0.032538 0.0783675 
qwerty 11 4 0 3.14953 6.05186 3.57838 9.025 0.0529133 0.032538 0.0783675 
qwerty 11 4 0 3.14953 6.33095 3.75 9.43834 0.0529133 0.032538 0.0783675 
qwerty 11 4 0 3.14953 6.50761 3.85864 9.7 0.0529133 0.032538 0.0783675 
qwerty 11 4 0 3.14953 6.96337 4.1389 10.375 0.0529133 0.032538 0.0783675 
qwerty 11 4 0 3.14953 7.41913 4.41916 11.05 0.0529133 0.032538 0.0783675 
qwerty 11 4 0 3.14953 7.87488 4.69942 11.725 0.0529133 0.032538 0.0783675 
qwerty 11 4 0 3.14953 8.33064 4.97967 12.4 0.0529133 0.032538 0.0783675 
qwerty 11 4 0 2.11892 8.75 5.00074 12.9687 0.0602268 -0.0064921 0.0795649 
qwerty 11 4 0 2.11892 8.83048 4.99207 13.075 0.0602268 -0.0064921 0.0795649 
qwerty 11 4 0 2.11892 9.34142 4.93699 13.75 0.0602268 -0.0064921 0.0795649 
qwerty 11 4 0 2.11892 9.85236 4.88192 14.425 0.0602268 -0.0064921 0.0795649 
qwerty 11 4 0 2.11892 10.3633 4.82684 15.1 0.0602268 -0.0064921 0.0795649 
qwerty 11 4 0 1.70964 11.0824 4.52193 15.775 0.0708071 -0.033643 0.0620847 
qwerty 11 4 0 1.70964 11.8523 4.15616 16.45 0.0708071 -0.033643 0.0620847 
qwerty 11 4 0 1.70964 12.6221 3.79038 17.125 0.0708071 -0.033643 0.0620847 
qwerty 11 4 0 1.70964 13.3919 3.42461 17.8 0.0708071 -0.033643 0.0620847 
qwerty 11 4 0 1.70964 13.75 3.25447 18.114 0.0708071 -0.033643 0.0620847 
qwerty 11 4 0 1.70964 14.1617 3.05883 18.475 0.0708071 -0.033643 0.0620847 
qwerty 11 4 0 1.70964 14.9316 2.69306 19.15 0.0708071 -0.033643 0.0620847 
qwerty 11 4 0 1.70964 15.7014 2.32729 19.825 0.0708071 -0.033643 0.0620847 
qwerty 11 4 0 1.70964 16.4712 1.96151 20.5 0.0708071 -0.033643 0.0620847 
qwerty 11 4 0 1.70964 17.2411 1.59574 21.175 0.0708071 -0.033643 0.0620847 
qwerty 11 4 0 1.43111 17.5636 1.25 21.4644 0.0575764 -0.0633243 0.0517203 
qwerty 11 4 0 1.43111 17.9928 0.777939 21.85 0.0575764 -0.0633243 0.0517203 
qwerty 11 4 0 1.43111 18.7443 -0.0485041 22.525 0.0575764 -0.0633243 0.0517203 
qwerty 10 4 0 0.939604 1.25 0.625537 1.86074 0.0598436 0.0372761 0.0709171 
qwerty 10 4 0 0.939604 1.59957 0.843282 2.275 0.0598436 0.0372761 0.0709171 
qwerty 9 4 0 4.45852 1.0328 0.490566 1.6 0.0629242 0.0304253 0.0715182 
qwerty 9 4 0 0.237818 1.01043 -0.0927491 1.1 -0.00676703 -0.0748067 -0.0660164 
qwerty 50 9 0.736709 2.21631 0.99935 0.0767032 1.47002 -0.0250928 -0.0943237 -0.0217573 
qwerty 50 9 0.337839 1.73196 0.952987 -0.022581 1.4323 -0.0220575 -0.090697 -0.0358821 
qwerty 50 9 0.518733 1.21323 0.842991 -0.230271 1.21763 0.0723582 0.0109343 -0.0681523 
qwerty 50 9 0.360466 0.852759 0.967881 -0.211398 1.1 0.0830239 -0.0419083 -0.0367522 
qwerty 50 9 0.178663 0.654708 1.01406 -0.212332 1.13351 0.0323184 -0.0439985 0.0837834 
qwerty 50 9 0.0917295 0.562979 1.03166 -0.249221 1.16663 -0.033258 -0.0737199 0.0588157 
qwerty 50 9 0.0929607 0.470018 1.0053 -0.279706 1.19822 -0.0542801 1.75042e-05 0.0839861 
qwerty 50 9 0.305533 0.164485 0.976254 -0.259615 1.23813 -0.0913152 0.0364417 -0.0182631 
qwerty 50 9 0.164485 0 0.959208 -0.252812 1.23473 -0.0913152 0.0364417 -0.0182631 
qwerty 53 50 0 0.146511 0.468179 -1.08543 1.1 -0.0399169 -0.0875105 -0.0273597 
qwerty 8 4 0 51.6076 0.861325 0.418284 1.6 0.0458475 0.0240482 0.0855552 
qwerty 8 4 0 51.6076 1.22305 0.608016 2.275 0.0458475 0.0240482 0.0855552 
qwerty 8 4 0 51.6076 1.58477 0.797748 2.95 0.0458475 0.0240482 0.0855552 
qwerty 8 4 0 51.6076 1.94649 0.98748 3.625 0.0458475 0.0240482 0.0855552 
qwerty 8 4 0 51.6076 2.30821 1.17721 4.3 0.0458475 0.0240482 0.0855552 
qwerty 8 4 0 51.6076 2.66993 1.36694 4.975 0.0458475 0.0240482 0.0855552 
qwerty 8 4 0 51.6076 3.03165 1.55668 5.65 0.0458475 0.0240482 0.0855552 
qwerty 8 4 0 51.6076 3.39337 1.74641 6.325 0.0458475 0.0240482 0.0855552 
qwerty 8 4 0 51.6076 3.75509 1.93614 7 0.0458475 0.0240482 0.0855552 
qwerty 8 4 0 51.6076 4.11681 2.12587 7.675 0.0458475 0.0240482 0.0855552 
qwerty 8 4 0 51.6076 4.47853 2.3156 8.35 0.0458475 0.0240482 0.0855552 
qwerty 8 4 0 51.6076 4.84025 2.50534 9.025 0.0458475 0.0240482 0.0855552 
qwerty 8 4 0 51.6076 5.20197 2.69507 9.7 0.0458475 0.0240482 0.0855552 
qwerty 8 4 0 51.6076 5.56369 2.8848 10.375 0.0458475 0.0240482 0.0855552 
qwerty 55 8 0.95104 23.6156 5.92935 3.06954 11.05 0.044754 0.0241408 0.0861063 
qwerty 63 55 0 0.711822 6.25 3.01994 11.3336 -0.0505324 -0.0174345 0.0845134 
qwerty 63 55 0 0.711822 6.01595 2.93919 11.725 -0.0505324 -0.0174345 0.0845134 
qwerty 63 55 0 0.711822 5.61235 2.79995 12.4 -0.0505324 -0.0174345 0.0845134 
qwerty 63 55 0 0.711822 5.20876 2.6607 13.075 -0.0505324 -0.0174345 0.0845134 
qwerty 63 55 0 0.657652 4.87837 2.54671 13.6276 -0.0391914 -0.0491869 0.0777476 
qwerty 63 55 0 0.657652 4.81665 2.46924 13.75 -0.0391914 -0.0491869 0.0777476 
qwerty 63 55 0 0.657652 4.47639 2.04221 14.425 -0.0391914 -0.0491869 0.0777476 
qwerty 63 55 0 0.657652 4.13613 1.61517 15.1 -0.0391914 -0.0491869 0.0777476 
qwerty 63 55 0 0.657652 3.79587 1.18813 15.775 -0.0391914 -0.0491869 0.0777476 
qwerty 63 55 0 0.657652 3.45562 0.761093 16.45 -0.0391914 -0.0491869 0.0777476 
qwerty 63 55 0 0.657652 3.11536 0.334056 17.125 -0.0391914 -0.0491869 0.0777476 
qwerty 66 63 0.0541699 0 4.8772 2.549 13.6286 -0.042228 0.0825759 0.0373899 
qwerty 61 55 0 0.962751 6.90744 3.75 10.5666 0.0564064 0.0604447 -0.0562562 
qwerty 61 55 0 0.962751 6.92411 3.76786 10.55 0.0564064 0.0604447 -0.0562562 
qwerty 61 55 0 0.962751 7.60091 4.49311 9.875 0.0564064 0.0604447 -0.0562562 
qwerty 61 55 0 0.962751 8.27771 5.21837 9.2 0.0564064 0.0604447 -0.0562562 
qwerty 61 55 0 0.962751 8.75 5.72447 8.72897 0.0564064 0.0604447 -0.0562562 
qwerty 61 55 0 0.962751 8.95451 5.94363 8.525 0.0564064 0.0604447 -0.0562562 
qwerty 61 55 0 0.905973 9.12379 6.25 8.21811 0.03365 0.066255 -0.0669175 
qwerty 61 55 0 0.905973 9.3089 6.61447 7.85 0.03365 0.066255 -0.0669175 
qwerty 61 55 0 0.905973 9.64833 7.28279 7.175 0.03365 0.066255 -0.0669175 
qwerty 72 71 0 0.663561 9.37735 7.03723 7.675 -0.0422822 -0.0440568 0.079191 
qwerty 72 71 0 0.663561 9.01695 6.6617 8.35 -0.0422822 -0.0440568 0.079191 
qwerty 72 71 0 0.663561 8.75 6.38355 8.84997 -0.0422822 -0.0440568 0.079191 
qwerty 72 71 0 0.663561 8.65655 6.28618 9.025 -0.0422822 -0.0440568 0.079191 
qwerty 72 71 0 0.663561 8.29615 5.91065 9.7 -0.0422822 -0.0440568 0.079191 
qwerty 60 55 0 2.20431 8.25997 2.91545 11.725 0.0966621 -0.0060679 0.0248921 
qwerty 60 55 0 2.20431 10.8812 2.7509 12.4 0.0966621 -0.0060679 0.0248921 
qwerty 60 55 0 2.20431 13.5024 2.58636 13.075 0.0966621 -0.0060679 0.0248921 
qwerty 60 55 0 2.20431 16.1235 2.42182 13.75 0.0966621 -0.0060679 0.0248921 
qwerty 60 55 0 2.20431 18.7447 2.25727 14.425 0.0966621 -0.0060679 0.0248921 
qwerty 60 55 0 2.20431 21.3659 2.09273 15.1 0.0966621 -0.0060679 0.0248921 
qwerty 60 55 0 0.413553 23.3924 1.96552 15.6219 -0.00813725 0.0856622 0.0509488 
qwerty 60 55 0 0.413553 23.368 2.223 15.775 -0.00813725 0.0856622 0.0509488 
qwerty 60 55 0 0.291687 23.3091 2.84282 16.1436 -0.0798526 0.0140772 0.0585269 
qwerty 60 55 0 0.291687 22.8911 2.9165 16.45 -0.0798526 0.0140772 0.0585269 
qwerty 78 60 0.121867 0 23.3151 2.8523 16.1449 0.0533712 0.0838858 0.0107095 
qwerty 77 60 0.531301 1.25946 23.6853 1.8823 15.5991 0.0995471 0.00524057 -0.00793132 
qwerty 77 60 0.0953323 1.16413 23.75 1.88571 15.5939 0.0969253 0.00848853 0.0230959 
qwerty 77 60 0.25132 0.912808 23.8695 1.92666 15.5947 0.0968318 0.0178643 -0.017449 
qwerty 77 60 0.185739 0.727069 23.9732 1.968 15.534 0.0944984 0.0323691 0.0047208 
qwerty 77 60 0.230936 0.496133 24.0714 2.02891 15.5099 0.0795858 0.0585906 0.0152723 
qwerty 77 60 0.314912 0.181221 24.1511 2.08756 15.5251 -0.0424433 0.0551893 -0.0717824 
qwerty 77 60 0.181221 0 24.1418 2.09965 15.5094 -0.0424433 0.0551893 -0.0717824 
qwerty 58 55 0 3.79697 6.25 2.90986 11.4201 0.0620904 -0.039996 0.0674174 
qwerty 58 55 0 3.79697 6.53083 2.72896 11.725 0.0620904 -0.039996 0.0674174 
qwerty 58 55 0 3.79697 7.15249 2.32851 12.4 0.0620904 -0.039996 0.0674174 
qwerty 58 55 0 3.79697 7.77416 1.92806 13.075 0.0620904 -0.039996 0.0674174 
qwerty 58 55 0 0.407643 6.73094 -0.0294098 12.575 -0.0476256 -0.0845997 -0.0239729 
qwerty 81 58 0.648752 1.60434 7.64456 1.843 12.7702 -0.0265673 -0.0508197 -0.081924 
qwerty 81 58 0.411144 1.19319 7.58127 1.72193 12.575 -0.0627865 -0.0582551 -0.0516158 
qwerty 81 58 0.0828015 0.668143 7.61641 1.71134 12.6065 0.0578944 0.0317745 0.0750908 
qwerty 81 58 0.0839716 0.584172 7.64126 1.71468 12.6303 0.0638768 0.0472526 0.0607202 
qwerty 81 58 0.058595 0.525577 7.65771 1.73031 12.6606 0.0525925 0.00105939 0.0850465 
qwerty 81 58 0.10972 0.415856 7.68506 1.70379 12.7068 -0.0381777 -0.0314478 0.0869109 
qwerty 81 58 0.23564 0.180217 7.64346 1.68815 12.7566 -0.0104764 -0.0134821 0.0985316 
qwerty 81 58 0.180217 0 7.64119 1.68522 12.778 -0.0104764 -0.0134821 0.0985316 
qwerty 57 55 0 4.79287 6.25 3.06092 11.3656 0.0757971 -0.00486565 0.0650471 
qwerty 57 55 0 4.79287 6.66885 3.03403 11.725 0.0757971 -0.00486565 0.0650471 
qwerty 57 55 0 4.79287 7.4554 2.98354 12.4 0.0757971 -0.00486565 0.0650471 
qwerty 57 55 0 4.79287 8.24195 2.93305 13.075 0.0757971 -0.00486565 0.0650471 
qwerty 57 55 0 4.79287 9.02851 2.88256 13.75 0.0757971 -0.00486565 0.0650471 
qwerty 57 55 0 4.79287 9.81506 2.83206 14.425 0.0757971 -0.00486565 0.0650471 
qwerty 57 55 0 4.79287 10.6016 2.78157 15.1 0.0757971 -0.00486565 0.0650471 
qwerty 57 55 0 4.79287 11.25 2.73995 15.6564 0.0757971 -0.00486565 0.0650471 
qwerty 57 55 0 4.79287 11.3882 2.73108 15.775 0.0757971 -0.00486565 0.0650471 
qwerty 57 55 0 4.79287 12.1747 2.68059 16.45 0.0757971 -0.00486565 0.0650471 
qwerty 57 55 0 4.79287 12.9613 2.6301 17.125 0.0757971 -0.00486565 0.0650471 
qwerty 57 55 0 0.284433 13.0181 2.4882 16.625 -0.00906676 -0.0219334 -0.0971428 
qwerty 57 55 0 0.284433 12.9551 2.33579 15.95 -0.00906676 -0.0219334 -0.0971428 
qwerty 57 55 0 0.284433 12.8921 2.18339 15.275 -0.00906676 -0.0219334 -0.0971428 
qwerty 57 55 0 0.284433 12.8291 2.03098 14.6 -0.00906676 -0.0219334 -0.0971428 
qwerty 6 4 0 1.17564 0.501886 0.230596 0.925 0.0404561 0.016135 0.0900165 
qwerty 6 4 0 1.17564 0.805251 0.351587 1.6 0.0404561 0.016135 0.0900165 
qwerty 6 4 0 1.17564 1.10862 0.472578 2.275 0.0404561 0.016135 0.0900165 
qwerty 6 4 0 1.17564 1.41198 0.593568 2.95 0.0404561 0.016135 0.0900165 
qwerty 6 4 0 1.17564 1.71535 0.714559 3.625 0.0404561 0.016135 0.0900165 
qwerty 6 4 0 0.877123 2.08661 0.476133 4.3 0.0459955 -0.0371577 0.0806456 
qwerty 6 4 0 0.877123 2.47159 0.165125 4.975 0.0459955 -0.0371577 0.0806456 
qwerty 2 1 0 172.394 -0.188457 -0.0983673 0.25 -0.0346868 -0.0181052 0.0920273 
qwerty 2 1 0 172.394 -0.442877 -0.231165 0.925 -0.0346868 -0.0181052 0.0920273 
qwerty 95 2 0.971033 79.7147 -0.684724 -0.425064 1.6 -0.0324451 -0.0239531 0.0915072 
qwerty 95 2 0.981586 51.5941 -0.844762 -0.687435 2.275 -0.0216555 -0.0354113 0.0909785 
qwerty 95 2 0.970504 33.0698 -1.15679 -0.776612 2.78884 -0.0572745 -0.00903287 0.0814742 
qwerty 95 2 0.294912 32.7749 -1.27009 -0.79448 2.95 -0.0558818 -0.00507752 0.0827734 
qwerty 95 2 2.36396 11.1994 -2.76682 -0.89124 3.625 -0.0889943 -0.00232182 0.0455481 
qwerty 108 95 0.378592 1.65381 -1.25 -0.742655 3.27079 0.060884 0.0322977 0.0724568 
qwerty 108 95 0.498057 1.15575 -1.0682 -0.658284 3.46644 0.0442192 0.0158323 0.0882836 
qwerty 108 95 0.33416 0.82159 -0.988782 -0.629849 3.625 0.0906162 -0.00699355 0.0417109 
qwerty 104 95 0.384609 0.215644 -1.14223 -0.722684 2.87592 -0.0597807 0.0403839 0.0692489 
qwerty 104 95 0.215644 0 -1.15958 -0.710959 2.89603 -0.0597807 0.0403839 0.0692489 
qwerty 94 2 1.08703 36.2259 -0.656813 -0.302831 1.6 -0.0234147 -0.0101649 0.0966873 
qwerty 94 2 0.926705 32.3849 -0.687385 -0.512563 2.275 -0.00424176 -0.0367156 0.0929192 
qwerty 94 2 0.769949 28.1185 -0.66215 -0.683987 2.95 0.00948439 -0.0209857 0.0973121 
qwerty 94 2 1.08766 24.6298 -0.522815 -0.839037 3.625 0.0236679 -0.01903 0.0952769 
qwerty 94 2 0 9.16703 -0.442973 -0.96984 3.8 -0.040081 -0.0904647 -0.014479 
qwerty 120 94 0 1.413 -0.212874 -1.25 4.1308 0.0467844 -0.0575924 0.0670398 
qwerty 120 94 0 1.413 -0.0947987 -1.39535 4.3 0.0467844 -0.0575924 0.0670398 
qwerty 120 94 0 1.413 0.376257 -1.97523 4.975 0.0467844 -0.0575924 0.0670398 
qwerty 120 94 0 1.413 0.847314 -2.55511 5.65 0.0467844 -0.0575924 0.0670398 
qwerty 120 94 0 1.413 1.25 -3.05082 6.22703 0.0467844 -0.0575924 0.0670398 
qwerty 120 94 0 0.976674 1.29638 -3.10792 6.29349 0.0408003 -0.0890621 0.0200816 
qwerty 120 94 0 0.976674 1.3604 -3.24766 6.325 0.0408003 -0.0890621 0.0200816 
qwerty 120 94 0 0.583042 1.91083 -4.93771 5.9469 -0.0204574 -0.069048 -0.069382 
qwerty 120 94 0 0.583042 1.87489 -5.05902 5.825 -0.0204574 -0.069048 -0.069382 
qwerty 120 94 0 0.459126 1.79436 -5.33082 5.55188 -0.0310481 -0.00604522 -0.0948655 
qwerty 120 94 0 0.459126 1.66283 -5.35643 5.15 -0.0310481 -0.00604522 -0.0948655 
qwerty 126 120 0.123916 0 1.79508 -5.34239 5.55284 0.00617651 -0.0994689 0.00823349 
qwerty 125 120 0.210212 0 1.92952 -4.95564 5.95719 0.0670641 -0.0643456 0.036906 
qwerty 123 120 0.0298508 0.406471 1.30009 -3.1079 6.31046 0.0226519 0.002098 0.0973781 
qwerty 123 120 0.0262268 0.380245 1.3034 -3.10979 6.32071 0.0638973 -0.00297031 0.0768656 
qwerty 123 120 0.0106222 0.369622 1.30696 -3.10996 6.325 0.0684097 0.0310908 0.0659809 
qwerty 123 120 0.0100379 0.301849 1.31003 -3.10346 6.32275 0.0265394 0.0901004 -0.0343159 
qwerty 123 120 0.011879 0.28997 1.31104 -3.09871 6.32071 0.0289498 0.0895366 -0.0338393 
qwerty 123 120 0.0449315 0.245038 1.31303 -3.09452 6.3182 0.0259999 0.0787265 -0.0559119 
qwerty 123 120 0.0095416 0.235496 1.31331 -3.09048 6.31468 0.0373026 0.0804844 -0.0461604 
qwerty 123 120 0.0119498 0.223547 1.31418 -3.08476 6.31201 0.00471916 0.0769243 -0.0637212 
qwerty 123 120 0.0136428 0.209904 1.316 -3.07916 6.30793 0.0132531 0.0724847 -0.0676042 
qwerty 123 120 0.0293443 0.18056 1.3141 -3.07349 6.30017 0.000764791 0.0852264 -0.0523056 
qwerty 123 120 0.0479683 0.132591 1.31956 -3.06091 6.29529 0.085403 -0.018147 -0.0487546 
qwerty 123 120 0.132591 0 1.33069 -3.06328 6.28894 0.085403 -0.018147 -0.0487546 
qwerty 119 94 0 10.7399 -0.350849 -0.940431 4.3 0.0244212 -0.0143832 0.0958996 
qwerty 119 94 0 10.7399 -0.178958 -1.04167 4.975 0.0244212 -0.0143832 0.0958996 
qwerty 119 94 0 10.7399 -0.00706693 -1.14291 5.65 0.0244212 -0.0143832 0.0958996 
qwerty 119 94 0 10.7399 0.164824 -1.24414 6.325 0.0244212 -0.0143832 0.0958996 
qwerty 119 94 0 10.7399 0.336716 -1.34538 7 0.0244212 -0.0143832 0.0958996 
qwerty 119 94 0 10.7399 0.508607 -1.44662 7.675 0.0244212 -0.0143832 0.0958996 
qwerty 119 94 0 10.7399 0.680498 -1.54786 8.35 0.0244212 -0.0143832 0.0958996 
qwerty 119 94 0 10.7399 0.852389 -1.64909 9.025 0.0244212 -0.0143832 0.0958996 
qwerty 119 94 0 10.7399 1.02428 -1.75033 9.7 0.0244212 -0.0143832 0.0958996 
qwerty 119 94 0 10.7399 1.19617 -1.85157 10.375 0.0244212 -0.0143832 0.0958996 
qwerty 119 94 0 10.7399 1.36806 -1.95281 11.05 0.0244212 -0.0143832 0.0958996 
qwerty 119 94 0 10.7399 1.53995 -2.05404 11.725 0.0244212 -0.0143832 0.0958996 
qwerty 119 94 0 10.7399 1.71185 -2.15528 12.4 0.0244212 -0.0143832 0.0958996 
qwerty 119 94 0 1.43211 2.41028 -2.92367 13.075 0.0584794 -0.0659372 0.0472487 
qwerty 119 94 0 1.43211 3.14315 -3.75 13.6671 0.0584794 -0.0659372 0.0472487 
qwerty 119 94 0 1.43211 3.24572 -3.86566 13.75 0.0584794 -0.0659372 0.0472487 
qwerty 119 94 0 0.543986 3.10198 -4.30866 14.425 -0.0390776 -0.0425025 0.0816485 
qwerty 119 94 0 0.543986 2.77892 -4.66003 15.1 -0.0390776 -0.0425025 0.0816485 
qwerty 119 94 0 0.543986 2.45586 -5.0114 15.775 -0.0390776 -0.0425025 0.0816485 
qwerty 119 94 0 0.543986 2.1328 -5.36278 16.45 -0.0390776 -0.0425025 0.0816485 
qwerty 119 94 0 0.543986 1.80974 -5.71415 17.125 -0.0390776 -0.0425025 0.0816485 
qwerty 119 94 0 0.543986 1.48668 -6.06553 17.8 -0.0390776 -0.0425025 0.0816485 
qwerty 119 94 0 0.543986 1.25 -6.32295 18.2945 -0.0390776 -0.0425025 0.0816485 
qwerty 119 94 0 0.543986 1.16362 -6.4169 18.475 -0.0390776 -0.0425025 0.0816485 
qwerty 119 94 0 0.543986 0.840558 -6.76827 19.15 -0.0390776 -0.0425025 0.0816485 
qwerty 119 94 0 0.543986 0.517498 -7.11965 19.825 -0.0390776 -0.0425025 0.0816485 
qwerty 119 94 0 0.543986 0.194438 -7.47102 20.5 -0.0390776 -0.0425025 0.0816485 
qwerty 119 94 0 0.543986 -0.128622 -7.8224 21.175 -0.0390776 -0.0425025 0.0816485 
qwerty 119 94 0 0.189283 -0.400827 -8.11846 21.7437 0.0137996 -0.0201084 -0.0969805 
qwerty 119 94 0 0.189283 -0.3448 -8.2001 21.35 0.0137996 -0.0201084 -0.0969805 
qwerty 131 119 0.158257 0.196445 -0.392933 -8.14999 21.7868 -0.0500133 -0.0543165 0.0674417 
qwerty 131 119 0.196445 0 -0.405422 -8.16355 21.8037 -0.0500133 -0.0543165 0.0674417 
qwerty 129 119 0.849372 8.068 1.69817 -2.08768 13.0603 -0.0170255 0.0110801 0.0979151 
qwerty 129 119 0.0261051 8.0419 1.69561 -2.08602 13.075 -0.0159129 0.0106441 0.0981503 
qwerty 129 119 0.400325 1.71529 1.70088 -2.17824 13.3934 -0.0337077 -0.082229 0.0458495 
qwerty 129 119 0.504551 1.21074 1.52446 -2.43516 13.43 -0.0160943 -0.0947204 0.0277312 
qwerty 129 119 0.70814 0.502603 1.45139 -2.6055 13.6034 0.00375963 -0.0705652 0.070756 
qwerty 129 119 0.238763 0.253736 1.45466 -2.66696 13.665 0.0489306 -0.0831901 -0.0261764 
qwerty 129 119 0.253736 0 1.47307 -2.69826 13.6552 0.0489306 -0.0831901 -0.0261764 
qwerty 136 129 0.377333 0.644849 1.68067 -2.16195 13.4812 0.00645828 0.0229341 0.0971201 
qwerty 136 129 0.24022 0.404629 1.62323 -2.10214 13.5906 -0.0208506 0.0786383 0.0581487 
qwerty 136 129 0.361425 0.0432045 1.60722 -2.0418 13.6353 -0.0921365 0.0276719 0.0272969 
qwerty 136 129 0.0432045 0 1.60551 -2.04128 13.6358 -0.0921365 0.0276719 0.0272969 
qwerty 137 129 1.756e-05 0 1.48896 -2.75611 13.6363 0.0343845 -0.0893833 -0.0287809 
qwerty 138 137 0.0100862 0 1.48891 -2.75621 13.6362 -0.0356754 -0.0729918 -0.0583049 
qwerty 134 129 0 1.54621 1.575 -1.64422 13.75 -0.0151506 0.0553146 0.0819192 
qwerty 134 129 0 1.54621 1.45016 -1.18843 14.425 -0.0151506 0.0553146 0.0819192 
qwerty 134 129 0 1.54621 1.32532 -0.732651 15.1 -0.0151506 0.0553146 0.0819192 
qwerty 134 129 0 1.54621 1.25 -0.457667 15.5072 -0.0151506 0.0553146 0.0819192 
qwerty 134 129 0 1.54621 1.20048 -0.276868 15.775 -0.0151506 0.0553146 0.0819192 
qwerty 134 129 0 1.54621 1.07564 0.178915 16.45 -0.0151506 0.0553146 0.0819192 
qwerty 134 129 0 1.54621 0.950802 0.634697 17.125 -0.0151506 0.0553146 0.0819192 
qwerty 133 129 0 0.00803431 1.69559 -2.08686 13.075 -0.0172752 0.0055032 0.0983427 
qwerty 117 94 0 0.216975 -0.729121 -0.977509 2.95 -0.00415209 -0.058147 0.0812508 
qwerty 116 94 0 0.769272 -0.709631 -0.476897 2.275 -0.00505658 -0.0290578 0.0955514 
qwerty 116 94 0 0.769272 -0.745352 -0.682168 2.95 -0.00505658 -0.0290578 0.0955514 
qwerty 116 94 0 0.769272 -0.781073 -0.88744 3.625 -0.00505658 -0.0290578 0.0955514 
qwerty 116 94 0 0.769272 -0.816794 -1.09271 4.3 -0.00505658 -0.0290578 0.0955514 
qwerty 116 94 0 0.769272 -0.852515 -1.29798 4.975 -0.00505658 -0.0290578 0.0955514 
qwerty 113 95 0 0.510999 -3.0057 -1.01438 3.125 -0.0146089 -4.73803e-05 -0.0989271 
qwerty 113 95 0 0.510999 -3.10538 -1.0147 2.45 -0.0146089 -4.73803e-05 -0.0989271 
qwerty 113 95 0 0.510999 -3.20506 -1.01503 1.775 -0.0146089 -4.73803e-05 -0.0989271 
qwerty 113 95 0 0.510999 -3.30474 -1.01535 1.1 -0.0146089 -4.73803e-05 -0.0989271 
qwerty 110 95 0 1.05286 -3.08113 -0.914961 4.15987 -0.0519587 -0.00422948 0.085337 
qwerty 110 95 0 1.05286 -3.16645 -0.921907 4.3 -0.0519587 -0.00422948 0.085337 
qwerty 110 95 0 1.05286 -3.57743 -0.955361 4.975 -0.0519587 -0.00422948 0.085337 
qwerty 110 95 0 1.05286 -3.98842 -0.988815 5.65 -0.0519587 -0.00422948 0.085337 
qwerty 110 95 0 1.05286 -4.3994 -1.02227 6.325 -0.0519587 -0.00422948 0.085337 
qwerty 110 95 0 1.05286 -4.81039 -1.05572 7 -0.0519587 -0.00422948 0.085337 
qwerty 152 110 0.0448304 0 -3.07959 -0.914594 4.16107 0.0774718 0.0185397 0.0604516 
qwerty 109 95 0 4.08675 -4.33033 -1.25 4.08343 -0.0937054 -0.0213474 0.0276331 
qwerty 109 95 0 4.08675 -5.06475 -1.41731 4.3 -0.0937054 -0.0213474 0.0276331 
qwerty 109 95 0 4.08675 -6.25 -1.68733 4.64952 -0.0937054 -0.0213474 0.0276331 
qwerty 109 95 0 4.08675 -7.35372 -1.93877 4.975 -0.0937054 -0.0213474 0.0276331 
qwerty 109 95 0 4.08675 -9.64268 -2.46023 5.65 -0.0937054 -0.0213474 0.0276331 
qwerty 109 95 0 4.08675 -11.25 -2.8264 6.12399 -0.0937054 -0.0213474 0.0276331 
qwerty 109 95 0 4.08675 -11.9317 -2.98169 6.325 -0.0937054 -0.0213474 0.0276331 
qwerty 109 95 0 4.08675 -14.2206 -3.50314 7 -0.0937054 -0.0213474 0.0276331 
qwerty 109 95 0 4.08675 -16.25 -3.96547 7.59845 -0.0937054 -0.0213474 0.0276331 
qwerty 109 95 0 4.08675 -16.5096 -4.0246 7.675 -0.0937054 -0.0213474 0.0276331 
qwerty 109 95 0 4.08675 -18.7986 -4.54606 8.35 -0.0937054 -0.0213474 0.0276331 
qwerty 109 95 0 4.08675 -21.0875 -5.06752 9.025 -0.0937054 -0.0213474 0.0276331 
qwerty 109 95 0 4.08675 -23.3765 -5.58898 9.7 -0.0937054 -0.0213474 0.0276331 
qwerty 109 95 0 4.08675 -25.6655 -6.11044 10.375 -0.0937054 -0.0213474 0.0276331 
qwerty 158 156 0 0.382573 -26.375 -5.1423 10.9543 -0.0780848 0.0178601 0.0598646 
qwerty 158 156 0 0.382573 -26.4998 -5.11375 11.05 -0.0780848 0.0178601 0.0598646 
qwerty 159 158 0.202277 0 -26.3656 -5.11787 10.9533 0.0357995 0.0932896 -0.00392996 
qwerty 107 95 0 7.58815 -1.87125 -0.903826 3.625 -0.06892 -0.0114318 0.0715497 
qwerty 107 95 0 7.58815 -2.52144 -1.01167 4.3 -0.06892 -0.0114318 0.0715497 
qwerty 107 95 0 7.58815 -3.17163 -1.11952 4.975 -0.06892 -0.0114318 0.0715497 
qwerty 107 95 0 7.58815 -3.82182 -1.22737 5.65 -0.06892 -0.0114318 0.0715497 
qwerty 107 95 0 3.06707 -4.32206 -1.03368 6.325 -0.0536936 0.0302802 0.0787408 
qwerty 107 95 0 3.06707 -4.78235 -0.774108 7 -0.0536936 0.0302802 0.0787408 
qwerty 107 95 0 3.06707 -5.24263 -0.514533 7.675 -0.0536936 0.0302802 0.0787408 
qwerty 107 95 0 3.06707 -5.70292 -0.254958 8.35 -0.0536936 0.0302802 0.0787408 
qwerty 107 95 0 3.06707 -6.1632 0.00461665 9.025 -0.0536936 0.0302802 0.0787408 
qwerty 107 95 0 3.06707 -6.62349 0.264192 9.7 -0.0536936 0.0302802 0.0787408 
qwerty 107 95 0 3.06707 -7.08377 0.523767 10.375 -0.0536936 0.0302802 0.0787408 
qwerty 107 95 0 3.06707 -7.54406 0.783341 11.05 -0.0536936 0.0302802 0.0787408 
qwerty 107 95 0 3.06707 -8.00434 1.04292 11.725 -0.0536936 0.0302802 0.0787408 
qwerty 107 95 0 3.06707 -8.37155 1.25 12.2635 -0.0536936 0.0302802 0.0787408 
qwerty 107 95 0 3.06707 -8.46463 1.30249 12.4 -0.0536936 0.0302802 0.0787408 
qwerty 167 163 0 2.22952 -3.75 -2.64629 5.83827 0.0153514 -0.0987097 0.004553 
qwerty 167 163 0 0.989369 -3.57277 -3.78585 5.89083 -0.0180463 -0.0719138 0.0671025 
qwerty 167 163 0 0.989369 -3.68954 -4.25115 6.325 -0.0180463 -0.0719138 0.0671025 
qwerty 167 163 0 0.989369 -3.87107 -4.97455 7 -0.0180463 -0.0719138 0.0671025 
qwerty 167 163 0 0.989369 -4.0526 -5.69795 7.675 -0.0180463 -0.0719138 0.0671025 
qwerty 167 163 0 0.989369 -4.19114 -6.25 8.19012 -0.0180463 -0.0719138 0.0671025 
qwerty 167 163 0 0.989369 -4.23413 -6.42135 8.35 -0.0180463 -0.0719138 0.0671025 
qwerty 167 163 0 0.989369 -4.41567 -7.14474 9.025 -0.0180463 -0.0719138 0.0671025 
qwerty 167 163 0 0.888126 -4.87602 -7.78871 9.7 -0.049649 -0.0589855 0.0636843 
qwerty 167 163 0 0.888126 -5.40226 -8.41391 10.375 -0.049649 -0.0589855 0.0636843 
qwerty 167 163 0 0.30245 -4.6042 -8.23447 11.05 0.0772349 0.0195835 0.0604256 
qwerty 168 167 0.315854 0.924298 -3.53559 -3.89337 5.82653 0.00868629 -0.0778882 -0.0621126 
qwerty 168 167 0.00268658 0.921611 -3.53538 -3.89529 5.825 0.00723314 -0.0758576 -0.0647558 
qwerty 105 95 0 6.33786 -1.74876 -0.894071 3.625 -0.0575369 -0.0119683 0.080909 
qwerty 103 95 0 14.4532 -1.06602 -0.988162 2.95 -0.0281514 -0.0397078 0.0873544 
qwerty 103 95 0 14.4532 -1.25 -1.24766 3.52088 -0.0281514 -0.0397078 0.0873544 
qwerty 103 95 0 14.4532 -1.28355 -1.29499 3.625 -0.0281514 -0.0397078 0.0873544 
qwerty 103 95 0 14.4532 -1.50108 -1.60182 4.3 -0.0281514 -0.0397078 0.0873544 
qwerty 103 95 0 14.4532 -1.71861 -1.90865 4.975 -0.0281514 -0.0397078 0.0873544 
qwerty 179 103 0 1.32426 -2.16417 -1.38865 4.475 -0.0504958 0.0613823 -0.0606827 
qwerty 179 103 0 1.32426 -2.72586 -0.70587 3.8 -0.0504958 0.0613823 -0.0606827 
qwerty 179 103 0 1.32426 -3.28754 -0.0230888 3.125 -0.0504958 0.0613823 -0.0606827 
qwerty 179 103 0 1.32426 -3.84923 0.659692 2.45 -0.0504958 0.0613823 -0.0606827 
qwerty 179 103 0 0.74785 -4.0985 0.962704 2.15044 -0.0866447 -0.00583667 -0.0495845 
qwerty 179 103 0 0.74785 -4.75455 0.918511 1.775 -0.0866447 -0.00583667 -0.0495845 
qwerty 179 103 0 0.74785 -5.93406 0.839055 1.1 -0.0866447 -0.00583667 -0.0495845 
qwerty 179 103 0 0.377268 -6.24563 1.05454 1.11317 -0.0448819 0.0561527 0.0695161 
qwerty 179 103 0 0.377268 -6.40185 1.25 1.35514 -0.0448819 0.0561527 0.0695161 
qwerty 179 103 0 0.377268 -6.55994 1.44779 1.6 -0.0448819 0.0561527 0.0695161 
qwerty 179 103 0 0.377268 -6.99575 1.99303 2.275 -0.0448819 0.0561527 0.0695161 
qwerty 179 103 0 0.377268 -7.43155 2.53827 2.95 -0.0448819 0.0561527 0.0695161 
qwerty 184 179 0.0619618 0 -6.2477 1.05561 1.11054 -0.0590101 0.0303543 -0.0748093 
qwerty 182 179 0.153746 0.422664 -4.10854 1.00579 2.09114 0.0259122 0.056405 -0.078403 
qwerty 182 179 0.34705 0.0756134 -4.08741 1.05179 2.0272 -0.0313863 0.0865554 0.0390265 
qwerty 182 179 0.0756134 0 -4.08897 1.05609 2.02915 -0.0313863 0.0865554 0.0390265 
qwerty 178 103 0 1.69625 -1.9222 -2.97549 5.65 -0.0155738 -0.084124 0.0517746 
qwerty 178 103 0 0.381241 -2.05931 -3.71612 6.10582 0.0650178 0.0343279 0.0677811 
qwerty 178 103 0 0.265466 -1.88131 -3.62214 6.29139 0.0764834 -0.0615299 0.0190881 
qwerty 178 103 0 0.265466 -1.74663 -3.73049 6.325 0.0764834 -0.0615299 0.0190881 
qwerty 188 178 0.00365253 0.153077 -1.74489 -3.73099 6.32396 0.0403853 0.036607 -0.0838389 
qwerty 188 178 0.00366403 0.149413 -1.74425 -3.73067 6.32264 0.00310684 0.0143929 -0.09891 
qwerty 188 178 0.00454928 0.144864 -1.74412 -3.73054 6.32127 0.0100251 0.0162941 -0.0981529 
qwerty 188 178 0.0032652 0.141598 -1.74423 -3.73014 6.31956 0.0059729 0.066825 -0.0741535 
qwerty 188 178 0.00971599 0.131882 -1.74412 -3.72846 6.31672 -0.00881028 0.0578589 -0.0810847 
qwerty 188 178 0.0220797 0.109803 -1.74387 -3.72687 6.3122 -0.00759582 0.0285093 -0.0955485 
qwerty 188 178 0.0268927 0.08291 -1.74078 -3.72619 6.306 0.0515714 0.0635748 -0.0574338 
qwerty 188 178 0.08291 0 -1.73777 -3.72248 6.30265 0.0515714 0.0635748 -0.0574338 
qwerty 187 178 0.115776 0 -1.88003 -3.61374 6.29732 0.0123539 0.0810635 0.0572371 
qwerty 186 178 0.302723 1.01229 -2.16576 -3.86 6.14294 -0.073925 -0.0140689 0.0658572 
qwerty 186 178 0.240877 0.771413 -2.27275 -3.828 6.25395 0.0348406 0.0280179 0.0894491 
qwerty 186 178 0.144792 0.626622 -2.24508 -3.80574 6.325 0.0311321 0.037126 0.0874783 
qwerty 186 178 0.0357152 0.470089 -2.231 -3.80036 6.31862 0.077879 0.00469208 -0.0625528 
qwerty 186 178 0.021105 0.448984 -2.21875 -3.80153 6.31228 0.0810677 -0.0192726 -0.0552865 
qwerty 186 178 0.0242269 0.424757 -2.20511 -3.80339 6.30668 0.0924412 -0.00648064 -0.0375848 
qwerty 186 178 0.0292219 0.395535 -2.19012 -3.806 6.3036 0.0944099 -0.0272438 -0.0185621 
qwerty 186 178 0.0303594 0.365175 -2.17525 -3.80995 6.2957 0.0899684 -0.00915479 -0.0426835 
qwerty 186 178 0.0633652 0.30181 -2.16096 -3.8171 6.2863 0.0913117 0.00252898 -0.0406913 
qwerty 186 178 0.0469076 0.254903 -2.13885 -3.82536 6.28236 0.0759434 0.0164136 -0.062954 
qwerty 186 178 0.0805842 0.174318 -2.1231 -3.81626 6.27391 0.0510858 -0.0069143 -0.085688 
qwerty 186 178 0.174318 0 -2.11261 -3.81768 6.25631 0.0510858 -0.0069143 -0.085688 
qwerty 177 103 0 2.79322 -1.49971 -2.23134 5.65 0.0300817 -0.0411977 0.0860107 
qwerty 177 103 0 2.79322 -1.26363 -2.55465 6.325 0.0300817 -0.0411977 0.0860107 
qwerty 177 103 0 2.79322 -1.02755 -2.87796 7 0.0300817 -0.0411977 0.0860107 
qwerty 177 103 0 2.79322 -0.791476 -3.20128 7.675 0.0300817 -0.0411977 0.0860107 
qwerty 177 103 0 2.79322 -0.555399 -3.52459 8.35 0.0300817 -0.0411977 0.0860107 
qwerty 177 103 0 1.47711 -0.657532 -3.91045 9.025 -0.0262647 -0.0497902 0.0826505 
qwerty 177 103 0 1.47711 -0.872034 -4.31708 9.7 -0.0262647 -0.0497902 0.0826505 
qwerty 177 103 0 1.47711 -1.08654 -4.72371 10.375 -0.0262647 -0.0497902 0.0826505 
qwerty 177 103 0 1.47711 -1.30104 -5.13034 11.05 -0.0262647 -0.0497902 0.0826505 
qwerty 177 103 0 1.47711 -1.51554 -5.53698 11.725 -0.0262647 -0.0497902 0.0826505 
qwerty 177 103 0 1.47711 -1.73004 -5.94361 12.4 -0.0262647 -0.0497902 0.0826505 
qwerty 177 103 0 1.47711 -1.94454 -6.35024 13.075 -0.0262647 -0.0497902 0.0826505 
qwerty 189 177 0.215811 0.913884 -0.570191 -3.50883 8.57356 -0.0482379 0.0595566 0.0642348 
qwerty 189 177 0.166597 0.747287 -0.582951 -3.43736 8.63587 -0.0257879 0.0916682 0.0305276 
qwerty 189 177 0.317393 0.429895 -0.576038 -3.33265 8.66055 0.0255523 0.0737288 -0.0625392 
qwerty 189 177 0.273872 0.156023 -0.569307 -3.26638 8.6247 0.0616106 0.069166 -0.0376856 
qwerty 189 177 0.156023 0 -0.558769 -3.25454 8.61826 0.0616106 0.069166 -0.0376856 
qwerty 102 95 0 15.239 -0.845035 -0.664282 2.275 -0.0202403 -0.0332866 0.0920996 
qwerty 102 95 0 15.239 -0.993377 -0.90824 2.95 -0.0202403 -0.0332866 0.0920996 
qwerty 102 95 0 15.239 -1.14172 -1.1522 3.625 -0.0202403 -0.0332866 0.0920996 
qwerty 102 95 0 15.239 -1.20119 -1.25 3.89561 -0.0202403 -0.0332866 0.0920996 
qwerty 102 95 0 15.239 -1.29006 -1.39616 4.3 -0.0202403 -0.0332866 0.0920996 
qwerty 102 95 0 15.239 -1.4384 -1.64011 4.975 -0.0202403 -0.0332866 0.0920996 
qwerty 102 95 0 15.239 -1.58674 -1.88407 5.65 -0.0202403 -0.0332866 0.0920996 
qwerty 102 95 0 15.239 -1.73509 -2.12803 6.325 -0.0202403 -0.0332866 0.0920996 
qwerty 102 95 0 15.239 -1.88343 -2.37199 7 -0.0202403 -0.0332866 0.0920996 
qwerty 102 95 0 15.239 -2.03177 -2.61595 7.675 -0.0202403 -0.0332866 0.0920996 
qwerty 102 95 0 15.239 -2.18011 -2.8599 8.35 -0.0202403 -0.0332866 0.0920996 
qwerty 102 95 0 15.239 -2.32845 -3.10386 9.025 -0.0202403 -0.0332866 0.0920996 
qwerty 102 95 0 15.239 -2.4768 -3.34782 9.7 -0.0202403 -0.0332866 0.0920996 
qwerty 102 95 0 15.239 -2.62514 -3.59178 10.375 -0.0202403 -0.0332866 0.0920996 
qwerty 192 102 1.12116 2.25359 -2.25425 -4.01838 10.2854 0.0461541 -0.0835044 -0.029947 
qwerty 192 102 0.550291 1.7033 -2.01796 -4.31715 10.2984 0.0299972 -0.0874898 -0.0380224 
qwerty 192 102 0.500908 1.20239 -2.04561 -4.6107 10.1998 0.0290671 -0.0644098 -0.0707565 
qwerty 192 102 0.425108 0.777281 -1.87465 -4.70574 10.0456 0.0482124 -0.000113097 -0.0876102 
qwerty 192 102 0.549187 0.228094 -1.79186 -4.73851 9.91338 0.0703142 -0.0232494 -0.0671965 
qwerty 192 102 0.228094 0 -1.76953 -4.74589 9.89203 0.0703142 -0.0232494 -0.0671965 
qwerty 195 192 0 0.163548 -2.77743 -3.55327 9.875 -0.0162452 0.0317798 -0.0934138 
qwerty 194 192 0 1.08435 -3.75 -3.5793 10.0807 -0.0939193 0.0122199 -0.0320912 
qwerty 194 192 0 1.08435 -4.35206 -3.50097 9.875 -0.0939193 0.0122199 -0.0320912 
qwerty 194 192 0 1.08435 -6.32754 -3.24393 9.2 -0.0939193 0.0122199 -0.0320912 
qwerty 194 192 0 1.08435 -8.30302 -2.9869 8.525 -0.0939193 0.0122199 -0.0320912 
qwerty 194 192 0 1.08435 -10.2785 -2.72987 7.85 -0.0939193 0.0122199 -0.0320912 
qwerty 101 95 0 7.13496 -0.868886 -0.654856 2.275 -0.0240868 -0.0316182 0.0917612 
qwerty 101 95 0 2.96158 -0.934714 -0.741267 2.52578 0.00516874 -0.0626957 0.0777338 
qwerty 101 95 0 2.96158 -0.906507 -1.08342 2.95 0.00516874 -0.0626957 0.0777338 
qwerty 101 95 0 2.96158 -0.861624 -1.62784 3.625 0.00516874 -0.0626957 0.0777338 
qwerty 101 95 0 2.96158 -0.816741 -2.17225 4.3 0.00516874 -0.0626957 0.0777338 
qwerty 101 95 0 2.96158 -0.771859 -2.71667 4.975 0.00516874 -0.0626957 0.0777338 
qwerty 101 95 0 1.345 -0.997207 -2.94184 5.65 -0.0398826 -0.0182992 0.0898583 
qwerty 101 95 0 0.469438 -3.52132 -3.75 5.23964 -0.0940942 -0.0301169 -0.0154677 
qwerty 101 95 0 0.469438 -4.06664 -3.92454 5.15 -0.0940942 -0.0301169 -0.0154677 
qwerty 101 95 0 0.469438 -6.25 -4.62337 4.79109 -0.0940942 -0.0301169 -0.0154677 
qwerty 101 95 0 0.469438 -8.17287 -5.23882 4.475 -0.0940942 -0.0301169 -0.0154677 
qwerty 204 101 0.0425559 0.560732 -1.0183 -2.92624 5.63492 -0.0337936 0.0491086 -0.0802891 
qwerty 204 101 0.033326 0.527406 -1.02354 -2.91857 5.6183 -0.0341311 0.0371335 -0.0863491 
qwerty 204 101 0.0380386 0.489367 -1.03812 -2.91303 5.59658 -0.0349277 0.0512609 -0.0784371 
qwerty 204 101 0.0506069 0.43876 -1.05349 -2.8911 5.57803 0.0457168 0.0889051 0.00241837 
qwerty 204 101 0.079931 0.358829 -1.04329 -2.85763 5.58535 0.0632591 0.0773392 0.00411557 
qwerty 204 101 0.10178 0.257049 -1.01136 -2.83811 5.60256 0.0675031 0.0735414 0.00591517 
qwerty 204 101 0.0702768 0.186772 -0.988329 -2.82556 5.6176 0.0943937 0.0229911 0.0236906 
qwerty 204 101 0.0714574 0.115315 -0.96569 -2.82919 5.61114 0.0635248 -0.0750749 0.0181206 
qwerty 204 101 0.115315 0 -0.959152 -2.83691 5.613 0.0635248 -0.0750749 0.0181206 
qwerty 202 101 0.922649 3.25073 -1.12176 -0.781157 2.95 -0.0330066 0.0203791 0.0921697 
qwerty 100 95 0 1.24667 -0.868455 -0.646111 2.275 -0.0241432 -0.0303193 0.0921838 
qwerty 100 95 0 1.1641 -1.02847 -0.84706 2.88597 -0.0448037 -0.018845 0.0873928 
qwerty 100 95 0 1.1641 -1.0613 -0.860867 2.95 -0.0448037 -0.018845 0.0873928 
qwerty 100 95 0 1.1641 -1.25 -0.940239 3.31808 -0.0448037 -0.018845 0.0873928 
qwerty 100 95 0 1.1641 -1.40735 -1.00642 3.625 -0.0448037 -0.018845 0.0873928 
qwerty 100 95 0 1.1641 -1.7534 -1.15198 4.3 -0.0448037 -0.018845 0.0873928 
qwerty 100 95 0 1.1641 -2.09945 -1.29753 4.975 -0.0448037 -0.018845 0.0873928 
qwerty 100 95 0 1.1641 -2.44551 -1.44308 5.65 -0.0448037 -0.018845 0.0873928 
qwerty 100 95 0 1.1641 -2.79156 -1.58864 6.325 -0.0448037 -0.018845 0.0873928 
qwerty 100 95 0 1.1641 -3.13761 -1.73419 7 -0.0448037 -0.018845 0.0873928 
qwerty 100 95 0 1.1641 -3.48366 -1.87975 7.675 -0.0448037 -0.018845 0.0873928 
qwerty 100 95 0 1.1641 -3.82972 -2.0253 8.35 -0.0448037 -0.018845 0.0873928 
qwerty 100 95 0 1.1641 -4.17577 -2.17086 9.025 -0.0448037 -0.018845 0.0873928 
qwerty 100 95 0 1.1641 -4.52182 -2.31641 9.7 -0.0448037 -0.018845 0.0873928 
qwerty 100 95 0 1.1641 -4.86787 -2.46197 10.375 -0.0448037 -0.018845 0.0873928 
qwerty 100 95 0 1.1641 -5.21393 -2.60752 11.05 -0.0448037 -0.018845 0.0873928 
qwerty 100 95 0 0.218713 -4.02271 -2.89798 11.725 0.0880096 -0.0258299 0.0398389 
qwerty 206 100 0.0825686 0 -1.02424 -0.850106 2.8885 0.0730381 -0.0525188 0.0436715 
qwerty 99 95 0 1.4048 -0.923148 -0.601298 2.275 -0.032347 -0.0239648 0.0915388 
qwerty 99 95 0 1.4048 -1.16167 -0.778012 2.95 -0.032347 -0.0239648 0.0915388 
qwerty 99 95 0 1.4048 -1.25 -0.843451 3.19996 -0.032347 -0.0239648 0.0915388 
qwerty 99 95 0 1.4048 -1.4002 -0.954727 3.625 -0.032347 -0.0239648 0.0915388 
qwerty 99 95 0 1.4048 -1.63872 -1.13144 4.3 -0.032347 -0.0239648 0.0915388 
qwerty 99 95 0 1.4048 -1.87724 -1.30816 4.975 -0.032347 -0.0239648 0.0915388 
qwerty 99 95 0 1.4048 -2.11577 -1.48487 5.65 -0.032347 -0.0239648 0.0915388 
qwerty 99 95 0 1.4048 -2.35429 -1.66158 6.325 -0.032347 -0.0239648 0.0915388 
qwerty 99 95 0 1.4048 -2.59282 -1.8383 7 -0.032347 -0.0239648 0.0915388 
qwerty 99 95 0 1.4048 -2.83134 -2.01501 7.675 -0.032347 -0.0239648 0.0915388 
qwerty 99 95 0 1.4048 -3.06987 -2.19173 8.35 -0.032347 -0.0239648 0.0915388 
qwerty 99 95 0 1.4048 -3.30839 -2.36844 9.025 -0.032347 -0.0239648 0.0915388 
qwerty 99 95 0 1.4048 -3.54691 -2.54516 9.7 -0.032347 -0.0239648 0.0915388 
qwerty 99 95 0 1.4048 -3.75 -2.69562 10.2747 -0.032347 -0.0239648 0.0915388 
qwerty 99 95 0 1.4048 -3.78544 -2.72187 10.375 -0.032347 -0.0239648 0.0915388 
qwerty 99 95 0 1.4048 -4.02396 -2.89859 11.05 -0.032347 -0.0239648 0.0915388 
qwerty 99 95 0 1.4048 -4.26249 -3.0753 11.725 -0.032347 -0.0239648 0.0915388 
qwerty 99 95 0 1.4048 -4.50101 -3.25201 12.4 -0.032347 -0.0239648 0.0915388 
qwerty 99 95 0 1.4048 -4.73954 -3.42873 13.075 -0.032347 -0.0239648 0.0915388 
qwerty 99 95 0 1.4048 -4.97806 -3.60544 13.75 -0.032347 -0.0239648 0.0915388 
qwerty 99 95 0 1.4048 -5.21658 -3.78216 14.425 -0.032347 -0.0239648 0.0915388 
qwerty 99 95 0 1.4048 -5.45511 -3.95887 15.1 -0.032347 -0.0239648 0.0915388 
qwerty 99 95 0 1.4048 -5.69363 -4.13559 15.775 -0.032347 -0.0239648 0.0915388 
qwerty 99 95 0 1.4048 -5.93216 -4.3123 16.45 -0.032347 -0.0239648 0.0915388 
qwerty 99 95 0 1.4048 -6.17068 -4.48901 17.125 -0.032347 -0.0239648 0.0915388 
qwerty 99 95 0 1.4048 -6.40921 -4.66573 17.8 -0.032347 -0.0239648 0.0915388 
qwerty 99 95 0 1.4048 -6.64773 -4.84244 18.475 -0.032347 -0.0239648 0.0915388 
qwerty 99 95 0 1.4048 -6.88625 -5.01916 19.15 -0.032347 -0.0239648 0.0915388 
qwerty 99 95 0 1.4048 -7.12478 -5.19587 19.825 -0.032347 -0.0239648 0.0915388 
qwerty 99 95 0 1.4048 -7.3633 -5.37259 20.5 -0.032347 -0.0239648 0.0915388 
qwerty 99 95 0 1.4048 -7.60183 -5.5493 21.175 -0.032347 -0.0239648 0.0915388 
qwerty 99 95 0 1.4048 -7.84035 -5.72602 21.85 -0.032347 -0.0239648 0.0915388 
qwerty 99 95 0 1.4048 -8.07888 -5.90273 22.525 -0.032347 -0.0239648 0.0915388 
qwerty 99 95 0 1.4048 -8.3174 -6.07944 23.2 -0.032347 -0.0239648 0.0915388 
qwerty 99 95 0 1.4048 -8.55592 -6.25616 23.875 -0.032347 -0.0239648 0.0915388 
qwerty 99 95 0 1.4048 -8.79445 -6.43287 24.55 -0.032347 -0.0239648 0.0915388 
qwerty 99 95 0 1.4048 -9.03297 -6.60959 25.225 -0.032347 -0.0239648 0.0915388 
qwerty 99 95 0 1.4048 -9.2715 -6.7863 25.9 -0.032347 -0.0239648 0.0915388 
qwerty 99 95 0 1.4048 -9.51002 -6.96302 26.575 -0.032347 -0.0239648 0.0915388 
qwerty 99 95 0 1.4048 -9.74855 -7.13973 27.25 -0.032347 -0.0239648 0.0915388 
qwerty 99 95 0 1.4048 -9.98707 -7.31645 27.925 -0.032347 -0.0239648 0.0915388 
qwerty 99 95 0 1.4048 -10.2256 -7.49316 28.6 -0.032347 -0.0239648 0.0915388 
qwerty 99 95 0 1.4048 -10.4641 -7.66987 29.275 -0.032347 -0.0239648 0.0915388 
qwerty 99 95 0 1.4048 -10.7026 -7.84659 29.95 -0.032347 -0.0239648 0.0915388 
qwerty 99 95 0 1.4048 -10.9412 -8.0233 30.625 -0.032347 -0.0239648 0.0915388 
qwerty 99 95 0 0.316235 -11.0523 -8.10562 30.9394 -0.0196441 -0.0807466 -0.0556246 
qwerty 99 95 0 0.316235 -11.1015 -8.30801 30.8 -0.0196441 -0.0807466 -0.0556246 
qwerty 99 95 0 0.14731 -9.92285 -7.06095 31.3 0.0653654 0.0701148 0.0284829 
qwerty 212 99 0.210631 0.871031 -11.0877 -8.09731 31.0135 -0.0633448 -0.00155465 0.0773629 
qwerty 212 99 0.468475 0.402556 -11.1926 -8.13786 31.0786 -0.0974989 0.0220844 -0.0024999 
qwerty 212 99 0.373585 0.0289709 -11.2669 -8.12103 31.0767 -0.000335734 0.0280661 0.0959801 
qwerty 212 99 0.0289709 0 -11.2669 -8.12078 31.0776 -0.000335734 0.0280661 0.0959801 
qwerty 216 212 0 0.00689944 -11.1426 -8.10353 31.0626 -0.0713625 -0.0242631 0.0657168 
qwerty 216 212 0.00029101 0 -11.2433 -8.13775 31.1553 -0.0713625 -0.0242631 0.0657168 
qwerty 217 216 0.00660843 0 -11.2432 -8.13781 31.1553 0.0261393 -0.0964883 0.00259599 
qwerty 98 95 0 45.3851 -0.73615 -0.396622 1.6 -0.0391078 -0.0223387 0.0892836 
qwerty 98 95 0 45.3851 -1.03181 -0.565506 2.275 -0.0391078 -0.0223387 0.0892836 
qwerty 98 95 0 45.3851 -1.32747 -0.734391 2.95 -0.0391078 -0.0223387 0.0892836 
qwerty 98 95 0 45.3851 -1.62314 -0.903276 3.625 -0.0391078 -0.0223387 0.0892836 
qwerty 98 95 0 45.3851 -1.9188 -1.07216 4.3 -0.0391078 -0.0223387 0.0892836 
qwerty 98 95 0 45.3851 -2.21446 -1.24104 4.975 -0.0391078 -0.0223387 0.0892836 
qwerty 98 95 0 45.3851 -2.51012 -1.40993 5.65 -0.0391078 -0.0223387 0.0892836 
qwerty 98 95 0 45.3851 -2.80578 -1.57881 6.325 -0.0391078 -0.0223387 0.0892836 
qwerty 98 95 0 45.3851 -3.10145 -1.7477 7 -0.0391078 -0.0223387 0.0892836 
qwerty 98 95 0 45.3851 -3.39711 -1.91658 7.675 -0.0391078 -0.0223387 0.0892836 
qwerty 97 95 0 0.634395 -0.737796 -0.394255 1.6 -0.0393393 -0.021952 0.0892778 
qwerty 97 95 0 0.634395 -1.03523 -0.560227 2.275 -0.0393393 -0.021952 0.0892778 
qwerty 97 95 0 0.634395 -1.33266 -0.726199 2.95 -0.0393393 -0.021952 0.0892778 
qwerty 97 95 0 0.634395 -1.63009 -0.892171 3.625 -0.0393393 -0.021952 0.0892778 
qwerty 97 95 0 0.634395 -1.92752 -1.05814 4.3 -0.0393393 -0.021952 0.0892778 
qwerty 97 95 0 0.634395 -2.22495 -1.22412 4.975 -0.0393393 -0.021952 0.0892778 
qwerty 97 95 0 0.634395 -2.52238 -1.39009 5.65 -0.0393393 -0.021952 0.0892778 
qwerty 97 95 0 0.634395 -2.81982 -1.55606 6.325 -0.0393393 -0.021952 0.0892778 
qwerty 97 95 0 0.634395 -3.11725 -1.72203 7 -0.0393393 -0.021952 0.0892778 
qwerty 97 95 0 0.634395 -3.41468 -1.888 7.675 -0.0393393 -0.021952 0.0892778 
qwerty 97 95 0 0.634395 -3.71211 -2.05398 8.35 -0.0393393 -0.021952 0.0892778 
qwerty 97 95 0 0.634395 -4.00954 -2.21995 9.025 -0.0393393 -0.021952 0.0892778 
qwerty 219 98 1.5555 8.7087 -3.81849 -2.41038 8.35 -0.0449152 -0.0306536 0.0839225 
qwerty 193 102 0.563488 1.43231 -2.54583 -3.54035 10.7693 0.0667128 0.0608429 -0.0429831 
qwerty 193 102 0.444864 0.987447 -2.32335 -3.47297 10.6208 0.0593613 0.0171472 -0.078627 
qwerty 193 102 0.134857 0.85259 -2.26991 -3.45753 10.55 0.0793156 -0.0413334 -0.0447279 
qwerty 193 102 0.0503906 0.536708 -2.29082 -3.46909 10.572 -0.0539745 -0.00289588 0.084133 
qwerty 193 102 0.058257 0.478451 -2.30134 -3.47569 10.594 -0.0488588 -0.0301982 0.0818589 
qwerty 193 102 0.0990936 0.379357 -2.31204 -3.47838 10.6194 -0.0349723 0.00252863 0.0936512 
qwerty 193 102 0.0707113 0.308646 -2.32921 -3.49124 10.6475 0.017692 -0.0582225 0.0793545 
qwerty 193 102 0.308646 0 -2.32019 -3.52091 10.6879 0.017692 -0.0582225 0.0793545 
qwerty 193 102 0 0 -2.32019 -3.52091 10.6879 0.017692 -0.0582225 0.0793545 
qwerty 56 8 1.08147 24.9076 5.9519 3.06933 11.05 0.0491824 0.0292953 0.0819932 
qwerty 56 8 0 8.63834 5.98424 3.27967 11.225 0.00962408 0.0608535 -0.0787669 
qwerty 26 19 0.877913 2.35594 10.919 4.71387 5.57677 -0.0188837 -0.0127038 0.0973757 
qwerty 26 19 0.110952 2.24498 10.9048 4.70431 5.65 -0.048289 -0.0315835 0.0816741 
qwerty 5 3 1.14874 45.8621 0.722514 0.351496 0.925 0.0644985 0.0280071 0.0711024 
qwerty 5 3 0.826018 41.0856 1.20221 0.481823 1.39607 0.0763191 0.0110667 0.0636626 
qwerty 5 3 0.467471 40.6181 1.44668 0.517273 1.6 0.0784964 0.00949849 0.0612216 
qwerty 5 3 2.11797 23.0812 2.4807 1.22738 1.95299 0.0761476 0.0600182 0.0244817 
qwerty 5 3 0.411285 22.2426 2.63257 1.34145 2.00279 0.0726926 0.0641403 0.0245319 
qwerty 5 3 2.00854 20.2341 3.43918 2.05316 2.275 0.069796 0.066649 0.0261998 
qwerty 5 3 0.780015 13.4486 3.72363 2.44076 2.82719 0.0314978 0.0593847 0.0740361 
qwerty 5 3 0.0941303 12.9862 3.74733 2.48386 2.88114 0.0307023 0.0630521 0.0712867 
qwerty 5 3 0.188081 12.7981 3.77699 2.54477 2.95 0.0275806 0.0608748 0.0743879 
qwerty 5 3 0 7.03398 3.81876 2.69432 3.125 0.0950338 0.0311208 -0.000264497 
qwerty 5 3 0.99745 3.47077 4.0357 2.89974 2.45 0.0669798 0.0545085 -0.0504235 
qwerty 180 103 0 1.17773 -1.25 -2.27406 4.93153 0.079772 -0.0591872 -0.0115458 
qwerty 180 103 0 0.437424 0.333024 -3.44859 4.70241 0.0465561 -0.0237277 -0.0852615 
qwerty 180 103 0 0.437424 0.457201 -3.51188 4.475 0.0465561 -0.0237277 -0.0852615 
qwerty 180 103 0 0.437424 0.825778 -3.69973 3.8 0.0465561 -0.0237277 -0.0852615 
qwerty 180 103 0 0.437424 1.19435 -3.88757 3.125 0.0465561 -0.0237277 -0.0852615 
qwerty 180 103 0 0.437424 1.56293 -4.07542 2.45 0.0465561 -0.0237277 -0.0852615 
qwerty 180 103 0 0.437424 1.93151 -4.26327 1.775 0.0465561 -0.0237277 -0.0852615 
qwerty 180 103 0 0.437424 2.30008 -4.45112 1.1 0.0465561 -0.0237277 -0.0852615 
qwerty 180 103 0 0.22805 2.58411 -4.59587 0.579845 0.0889734 0.0190776 -0.0414703 
qwerty 180 103 0 0.22805 2.91633 -4.52464 0.425 0.0889734 0.0190776 -0.0414703 
qwerty 180 103 0 0.22805 4.36452 -4.21412 -0.25 0.0889734 0.0190776 -0.0414703 
qwerty 264 5 0.0951257 0.273152 3.77603 2.46089 2.89783 -0.0580771 -0.0694845 -0.042414 
qwerty 264 5 0.130798 0.142354 3.76622 2.43648 2.89329 -0.0311777 -0.0938475 -0.0148527 
qwerty 264 5 0.142354 0 3.76164 2.4227 2.89111 -0.0311777 -0.0938475 -0.0148527 
qwerty 260 5 0.366509 0.0607536 2.68007 1.33054 2.06968 0.0573813 0.0203337 0.0793343 
qwerty 260 5 0.0607536 0 2.68201 1.33123 2.07237 0.0573813 0.0203337 0.0793343 
qwerty 259 5 0.317014 0 2.46969 1.27467 1.97485 -0.0206692 0.0888142 0.0410466 
qwerty 218 98 1.04414 22.698 -3.87422 -2.08176 8.35 -0.0561995 -0.0212031 0.0799503 
qwerty 218 98 3.83704 14.5302 -5.89501 -3.41677 8.90162 -0.0680153 -0.0711472 0.0176635 
qwerty 218 98 0.525726 13.6639 -6.08211 -3.60395 8.94192 -0.0699247 -0.0699593 0.014705 
qwerty 218 98 0.389738 13.2742 -6.25 -3.77192 8.97722 -0.0720938 -0.068913 0.00731321 
qwerty 218 98 1.13979 12.1344 -6.72097 -4.22211 9.025 -0.0659359 -0.0730617 0.0177328 
qwerty 218 98 1.21677 6.36778 -7.22396 -4.80426 9.53929 -0.0807552 -0.0423914 0.0410068 
qwerty 218 98 0.710695 5.65709 -7.54046 -4.9704 9.7 -0.0411444 -0.077962 0.0472129 
qwerty 275 218 0.181866 0.284319 -7.26634 -4.86999 9.53539 -0.0219119 -0.0950383 0.0220816 
qwerty 275 218 0.284319 0 -7.2762 -4.91274 9.54533 -0.0219119 -0.0950383 0.0220816 
qwerty 274 218 0.251029 0.0895502 -6.0604 -3.63412 8.90605 -0.0415918 -0.0346275 -0.0840896 
qwerty 274 218 0.0895502 0 -6.06317 -3.63644 8.90044 -0.0415918 -0.0346275 -0.0840896 
qwerty 273 218 0 0.798274 -4.66301 -2.89328 9.025 -0.0609444 -0.0628284 0.0483568 
qwerty 273 218 0 0.798274 -5.49404 -3.75 9.68439 -0.0609444 -0.0628284 0.0483568 
qwerty 273 218 0 0.798274 -5.51372 -3.77028 9.7 -0.0609444 -0.0628284 0.0483568 
qwerty 273 218 0 0.204956 -5.54518 -3.75 9.67683 0.012935 0.0739997 -0.0660055 
qwerty 273 218 0 0.204956 -5.45173 -3.21541 9.2 0.012935 0.0739997 -0.0660055 
qwerty 272 218 0 5.10035 -3.83996 -2.05903 8.35 -0.0561219 -0.0166533 0.0810741 
qwerty 272 218 0 5.10035 -4.30722 -2.19768 9.025 -0.0561219 -0.0166533 0.0810741 
qwerty 272 218 0 0.720743 -6.25 -2.85348 8.57608 -0.0923956 -0.0312072 -0.0221171 
qwerty 272 218 0 0.264838 -6.33796 -2.88319 8.55503 0.00465736 0.0890045 -0.0453488 
qwerty 272 218 0 0.264838 -6.33488 -2.82426 8.525 0.00465736 0.0890045 -0.0453488 
qwerty 283 272 0.0389619 0.416943 -6.35442 -2.89079 8.55163 -0.0945051 -0.0275671 -0.017574 
qwerty 283 272 0.0413588 0.375584 -6.37023 -2.89574 8.5524 -0.0934016 -0.03164 -0.0165849 
qwerty 283 272 0.0339148 0.34167 -6.38579 -2.90347 8.55288 -0.0959709 -0.0279794 -0.00259717 
qwerty 283 272 0.0513306 0.290339 -6.40167 -2.90334 8.552 -0.0952399 0.000946311 -0.0304708 
qwerty 283 272 0.0256123 0.264727 -6.41438 -2.89906 8.54929 -0.0772313 0.0398975 -0.0494319 
qwerty 283 272 0.0463552 0.218371 -6.42307 -2.89252 8.54016 -0.0926653 0.0328041 -0.0183585 
qwerty 283 272 0.0265688 0.191803 -6.43572 -2.88981 8.54324 -0.0768144 0.0578624 0.0274133 
qwerty 283 272 0.0298849 0.161918 -6.44203 -2.88312 8.55113 -0.0353893 0.0806608 0.0473438 
qwerty 283 272 0.0811347 0.080783 -6.44328 -2.86907 8.55103 -0.0333381 0.0942073 0.00368217 
qwerty 283 272 0.080783 0 -6.44514 -2.86381 8.55123 -0.0333381 0.0942073 0.00368217 
qwerty 269 5 0 0.795575 4.26699 3.51204 1.775 0.0286805 0.0634956 -0.0717338 
qwerty 269 5 0 0.671893 4.74904 3.75 1.24664 0.064589 0.0307571 -0.0698732 
qwerty 269 5 0 0.671893 4.88459 3.81455 1.1 0.064589 0.0307571 -0.0698732 
qwerty 268 5 0 0.782601 4.98846 2.53431 2.95 0.0829822 -0.0339395 0.0442952 
qwerty 268 5 0 0.782601 6.25 2.01834 3.6234 0.0829822 -0.0339395 0.0442952 
qwerty 268 5 0 0.782601 6.253 2.01712 3.625 0.0829822 -0.0339395 0.0442952 
qwerty 268 5 0 0.782601 7.51753 1.49992 4.3 0.0829822 -0.0339395 0.0442952 
qwerty 268 5 0 0.782601 8.75 0.995849 4.95788 0.0829822 -0.0339395 0.0442952 
qwerty 268 5 0 0.782601 8.78207 0.982732 4.975 0.0829822 -0.0339395 0.0442952 
qwerty 268 5 0 0.782601 10.0466 0.465539 5.65 0.0829822 -0.0339395 0.0442952 
qwerty 268 5 0 0.782601 11.25 -0.0266451 6.29236 0.0829822 -0.0339395 0.0442952 
qwerty 268 5 0 0.782601 11.3111 -0.0516532 6.325 0.0829822 -0.0339395 0.0442952 
qwerty 266 5 0 0.734655 4.32698 3.55678 3.625 0.0412384 0.0759402 0.0503238 
qwerty 292 291 0 0.493009 4.21899 3.22928 4.3 -0.0184842 -0.0514525 0.0837315 
qwerty 292 291 0 0.493009 4.06998 2.8145 4.975 -0.0184842 -0.0514525 0.0837315 
qwerty 292 291 0 0.493009 3.92097 2.39971 5.65 -0.0184842 -0.0514525 0.0837315 
qwerty 292 291 0 0.493009 3.77196 1.98493 6.325 -0.0184842 -0.0514525 0.0837315 
qwerty 292 291 0 0.493009 3.62295 1.57015 7 -0.0184842 -0.0514525 0.0837315 
qwerty 292 291 0 0.493009 3.47394 1.15536 7.675 -0.0184842 -0.0514525 0.0837315 
qwerty 292 291 0 0.493009 3.32493 0.740579 8.35 -0.0184842 -0.0514525 0.0837315 
qwerty 292 291 0 0.493009 3.17592 0.325795 9.025 -0.0184842 -0.0514525 0.0837315 
qwerty 265 5 0 1.07462 3.98915 3.08519 3.625 0.0235555 0.0606259 0.0759582 
qwerty 265 5 0 1.07462 4.19848 3.62394 4.3 0.0235555 0.0606259 0.0759582 
qwerty 265 5 0 1.07462 4.4078 4.16269 4.975 0.0235555 0.0606259 0.0759582 
qwerty 265 5 0 1.07462 4.61713 4.70144 5.65 0.0235555 0.0606259 0.0759582 
qwerty 265 5 0 1.07462 4.82645 5.24019 6.325 0.0235555 0.0606259 0.0759582 
qwerty 265 5 0 0.736026 4.7919 5.33848 7 -0.00874789 0.00784009 0.0993076 
qwerty 265 5 0 0.736026 4.73244 5.39177 7.675 -0.00874789 0.00784009 0.0993076 
qwerty 263 5 0 1.02419 3.78778 2.51991 2.95 0.0402054 0.0495986 0.0769643 
qwerty 263 5 0 1.02419 4.1404 2.9549 3.625 0.0402054 0.0495986 0.0769643 
qwerty 263 5 0 0.224584 4.25539 3.09676 3.84514 -0.0165947 0.00926462 -0.0981773 
qwerty 263 5 0 0.224584 4.24776 3.10102 3.8 -0.0165947 0.00926462 -0.0981773 
qwerty 296 263 0.349159 0.450444 4.26636 3.1199 3.88605 0.0413217 0.0421577 0.0807171 
qwerty 296 263 0.163697 0.286747 4.28505 3.16527 3.91366 -0.0440945 0.067919 0.0586744 
qwerty 296 263 0.286747 0 4.26496 3.19623 3.9404 -0.0440945 0.067919 0.0586744 
qwerty 262 5 0 1.06792 4.86882 3.32852 2.95 0.0705157 0.0627572 0.0330011 
qwerty 262 5 0 1.06792 6.25 4.55774 3.59639 0.0705157 0.0627572 0.0330011 
qwerty 262 5 0 1.06792 6.31113 4.61215 3.625 0.0705157 0.0627572 0.0330011 
qwerty 262 5 0 1.06792 7.75345 5.89578 4.3 0.0705157 0.0627572 0.0330011 
qwerty 262 5 0 0.364012 8.23248 5.74931 3.8 0.0651186 -0.0232819 -0.0722324 
qwerty 262 5 0 0.364012 8.75 5.56428 3.22594 0.0651186 -0.0232819 -0.0722324 
qwerty 262 5 0 0.364012 8.841 5.53175 3.125 0.0651186 -0.0232819 -0.0722324 
qwerty 300 298 0 0.306745 7.53083 8.11854 4.56992 0.0947572 0.0316743 -0.00421963 
qwerty 300 298 0 0.220993 8.3418 8.38962 4.53381 0.00976421 0.0884892 0.0455447 
qwerty 300 298 0 0.220993 8.43639 9.24683 4.975 0.00976421 0.0884892 0.0455447 
qwerty 302 300 0.0857522 0 8.34721 8.38765 4.53152 0.0873064 -0.0319251 -0.0368563 
qwerty 301 300 0.279862 0 7.50508 8.15358 4.57583 -0.0586723 0.0798493 0.0134779 
qwerty 258 5 0 4.42533 2.17234 0.613071 2.275 0.0699108 0.0133966 0.0702354 
qwerty 258 5 0 4.42533 2.84422 0.74182 2.95 0.0699108 0.0133966 0.0702354 
qwerty 258 5 0 4.42533 3.5161 0.870569 3.625 0.0699108 0.0133966 0.0702354 
qwerty 258 5 0 4.42533 4.18798 0.999317 4.3 0.0699108 0.0133966 0.0702354 
qwerty 258 5 0 4.42533 4.85986 1.12807 4.975 0.0699108 0.0133966 0.0702354 
qwerty 258 5 0 4.42533 5.49618 1.25 5.61427 0.0699108 0.0133966 0.0702354 
qwerty 258 5 0 4.42533 5.53174 1.25681 5.65 0.0699108 0.0133966 0.0702354 
qwerty 258 5 0 4.42533 6.20362 1.38556 6.325 0.0699108 0.0133966 0.0702354 
qwerty 258 5 0 4.42533 6.8755 1.51431 7 0.0699108 0.0133966 0.0702354 
qwerty 258 5 0 4.42533 7.54738 1.64306 7.675 0.0699108 0.0133966 0.0702354 
qwerty 258 5 0 4.42533 8.21926 1.77181 8.35 0.0699108 0.0133966 0.0702354 
qwerty 258 5 0 4.42533 8.75 1.87351 8.8832 0.0699108 0.0133966 0.0702354 
qwerty 258 5 0 4.42533 8.89114 1.90056 9.025 0.0699108 0.0133966 0.0702354 
qwerty 258 5 0 4.42533 9.56302 2.02931 9.7 0.0699108 0.0133966 0.0702354 
qwerty 258 5 0 4.42533 10.2349 2.15806 10.375 0.0699108 0.0133966 0.0702354 
qwerty 258 5 0 4.42533 10.9068 2.2868 11.05 0.0699108 0.0133966 0.0702354 
qwerty 258 5 0 4.42533 11.25 2.35257 11.3948 0.0699108 0.0133966 0.0702354 
qwerty 258 5 0 4.42533 11.5787 2.41555 11.725 0.0699108 0.0133966 0.0702354 
qwerty 258 5 0 4.42533 12.2505 2.5443 12.4 0.0699108 0.0133966 0.0702354 
qwerty 258 5 0 4.42533 12.9224 2.67305 13.075 0.0699108 0.0133966 0.0702354 
qwerty 258 5 0 4.42533 13.5943 2.8018 13.75 0.0699108 0.0133966 0.0702354 
qwerty 258 5 0 4.42533 14.2662 2.93055 14.425 0.0699108 0.0133966 0.0702354 
qwerty 258 5 0 4.42533 14.9381 3.0593 15.1 0.0699108 0.0133966 0.0702354 
qwerty 258 5 0 4.42533 15.6099 3.18805 15.775 0.0699108 0.0133966 0.0702354 
qwerty 258 5 0 4.42533 16.2818 3.31679 16.45 0.0699108 0.0133966 0.0702354 
qwerty 258 5 0 3.72226 16.9891 3.62805 17.125 0.0685028 0.033486 0.0646997 
qwerty 258 5 0 3.72226 17.2386 3.75 17.3606 0.0685028 0.033486 0.0646997 
qwerty 258 5 0 3.72226 17.7038 3.9774 17.8 0.0685028 0.033486 0.0646997 
qwerty 257 5 0 7.21246 2.20549 0.605991 2.275 0.0720336 0.0120961 0.0682997 
qwerty 257 5 0 7.21246 2.9174 0.725536 2.95 0.0720336 0.0120961 0.0682997 
qwerty 257 5 0 7.21246 3.6293 0.845081 3.625 0.0720336 0.0120961 0.0682997 
qwerty 257 5 0 7.21246 4.3412 0.964626 4.3 0.0720336 0.0120961 0.0682997 
qwerty 257 5 0 7.21246 5.0531 1.08417 4.975 0.0720336 0.0120961 0.0682997 
qwerty 257 5 0 7.21246 5.765 1.20372 5.65 0.0720336 0.0120961 0.0682997 
qwerty 257 5 0 7.21246 6.25 1.28516 6.10986 0.0720336 0.0120961 0.0682997 
qwerty 257 5 0 7.21246 6.4769 1.32326 6.325 0.0720336 0.0120961 0.0682997 
qwerty 257 5 0 7.21246 7.1888 1.44281 7 0.0720336 0.0120961 0.0682997 
qwerty 257 5 0 2.79173 7.77337 1.54097 7.55427 0.0873022 -0.0243887 0.0422316 
qwerty 257 5 0 2.79173 8.02295 1.47125 7.675 0.0873022 -0.0243887 0.0422316 
qwerty 257 5 0 0.893967 10.7884 -0.367115 7.22028 0.0994623 -0.0101818 -0.00189007 
qwerty 257 5 0 0.893967 11.25 -0.414364 7.21151 0.0994623 -0.0101818 -0.00189007 
qwerty 257 5 0 0.893967 13.1714 -0.611054 7.175 0.0994623 -0.0101818 -0.00189007 
qwerty 310 257 0.0681483 0.230915 10.7841 -0.394114 7.22163 -0.0636224 -0.072026 -0.0276486 
qwerty 310 257 0.205601 0.0253144 10.7611 -0.407082 7.22596 -0.0514545 0.0855828 -0.00529424 
qwerty 310 257 0.0253144 0 10.7607 -0.406469 7.22593 -0.0514545 0.0855828 -0.00529424 
qwerty 308 257 0.221652 4.19909 7.86224 1.59102 7.675 0.0653658 0.0366212 0.0662284 
qwerty 256 5 0.00029101 0 1.21626 0.483442 1.40796 0.0760185 0.00876162 0.0643772 
qwerty 318 256 0.00255833 0 1.21626 0.483431 1.40796 0.0554176 -0.0832263 -0.00150794 
qwerty 255 26 0 0.510999 9.75166 4.30621 5.15 -0.0852438 -0.0310453 -0.0420676 
qwerty 254 26 0 0.510999 11.25 4.8519 5.88942 0.0852438 0.0310453 0.0420676 
qwerty 254 26 0 0.510999 12.1326 5.17335 6.325 0.0852438 0.0310453 0.0420676 
qwerty 254 26 0 0.510999 13.5004 5.67149 7 0.0852438 0.0310453 0.0420676 
qwerty 254 26 0 0.319812 13.6683 6.27383 7.59066 -0.050453 0.067701 0.0535824 
qwerty 254 26 0 0.319812 13.5889 6.38039 7.675 -0.050453 0.067701 0.0535824 
qwerty 321 254 0.0441906 0 13.67 6.27423 7.59137 0.090742 0.0207051 0.0365677 
qwerty 253 26 0 0.885997 10.2444 6.98434 4.475 -0.0379921 0.0889032 -0.0255504 
qwerty 253 26 0 0.577757 10.1035 7.41957 3.8 -0.0104744 0.0522491 -0.0846186 
qwerty 253 26 0 0.577757 10.0199 7.83636 3.125 -0.0104744 0.0522491 -0.0846186 
qwerty 251 26 0 1.12933 11.996 10.6278 4.475 0.0138964 0.0984446 -0.0107499 
qwerty 327 251 0 0.529959 11.9964 10.6428 4.475 -0.0973794 -0.0130992 -0.0185919 
qwerty 327 251 0.0294999 0.459103 11.9856 10.6551 4.48172 -0.0321833 0.0840497 0.0435876 
qwerty 327 251 0.0246103 0.434492 11.9782 10.6666 4.48992 -0.0393792 0.0796072 0.0459563 
qwerty 327 251 0.0236984 0.410794 11.9704 10.6758 4.49669 -0.0739731 0.0667331 -0.0086414 
qwerty 327 251 0.0495051 0.361289 11.959 10.6842 4.49732 -0.0687919 0.0613972 0.0387049 
qwerty 327 251 0.030741 0.330548 11.9453 10.691 4.50081 -0.0802483 0.059519 0.00420651 
qwerty 327 251 0.0309356 0.299612 11.9313 10.6955 4.50229 -0.0898126 0.0239719 -0.0368653 
qwerty 327 251 0.0356993 0.263913 11.9196 10.7044 4.49597 -0.0533865 0.0377765 -0.0756493 
qwerty 327 251 0.0305844 0.233328 11.914 10.7072 4.48286 -0.048027 -0.0204481 -0.0852952 
qwerty 327 251 0.0239319 0.209397 11.9096 10.7053 4.475 -0.0228961 0.00820856 -0.0969968 
qwerty 249 47 0 0.510999 18.4096 0.865646 23.2 -0.0322952 0.0800344 0.0505126 
qwerty 248 56 0 0.510999 8.75 5.16459 11.4163 0.079578 0.0600533 0.00780671 
qwerty 248 56 0 0.510999 11.25 7.0512 11.6616 0.079578 0.0600533 0.00780671 
qwerty 248 56 0 0.510999 11.8964 7.53903 11.725 0.079578 0.0600533 0.00780671 
qwerty 248 56 0 0.337807 13.7221 9.08088 12.4 0.019853 0.0434154 0.087869 
qwerty 248 56 0 0.337807 13.8746 9.41439 13.075 0.019853 0.0434154 0.087869 
qwerty 242 56 0 0.535472 6.25 3.39945 11.6193 0.0408229 0.0436024 0.0802018 
qwerty 242 56 0 0.535472 6.30378 3.4569 11.725 0.0408229 0.0436024 0.0802018 
qwerty 242 56 0 0.535472 6.5782 3.75 12.2641 0.0408229 0.0436024 0.0802018 
qwerty 242 56 0 0.173529 6.62416 3.79909 12.3544 -0.0486912 -0.0322765 -0.0811628 
qwerty 242 56 0 0.173529 6.5501 3.75 12.231 -0.0486912 -0.0322765 -0.0811628 
qwerty 242 56 0 0.173529 6.35154 3.61838 11.9 -0.0486912 -0.0322765 -0.0811628 
qwerty 341 242 0.204902 0.157041 6.6297 3.81053 12.3757 -0.00414456 0.0460862 0.0886503 
qwerty 341 242 0.0401929 0.116848 6.62728 3.8193 12.3843 -0.0323005 0.0664067 0.0674302 
qwerty 341 242 0.0328117 0.0840358 6.62553 3.82767 12.3868 0.00231934 0.0973151 0.0228994 
qwerty 341 242 0.0840358 0 6.62566 3.83349 12.3882 0.00231934 0.0973151 0.0228994 
qwerty 240 56 0 10.8973 6.25 3.19627 11.6439 0.0440551 0.0186343 0.0878175 
qwerty 240 56 0 10.8973 6.29066 3.21347 11.725 0.0440551 0.0186343 0.0878175 
qwerty 239 157 0 0.298303 -27.4527 -5.65284 11.05 -0.0847337 0.0395155 0.0354784 
qwerty 238 157 0 0.510999 -25.1737 -5.57278 11.05 0.0751428 0.0517157 0.0409762 
qwerty 238 157 0 0.510999 -23.9358 -4.72087 11.725 0.0751428 0.0517157 0.0409762 
qwerty 237 166 0 0.510999 -7.9343 1.98674 11.9 0.0548705 0.0644719 -0.0532221 
qwerty 237 166 0 0.510999 -7.2384 2.80442 11.225 0.0548705 0.0644719 -0.0532221 
qwerty 235 176 0 0.510999 -1.05145 -1.14342 4.3 0.0725287 -0.0234923 0.0647125 
qwerty 235 176 0 0.510999 -0.294922 -1.38846 4.975 0.0725287 -0.0234923 0.0647125 
qwerty 235 176 0 0.510999 0.461607 -1.6335 5.65 0.0725287 -0.0234923 0.0647125 
qwerty 234 176 0 0.510999 -2.36837 -0.716864 3.125 -0.0725287 0.0234923 -0.0647125 
qwerty 234 176 0 0.456025 -2.84582 -0.826598 2.45 -0.054001 -0.0185235 -0.0821022 
qwerty 233 191 0 0.510999 -2.49237 -6.92349 13.75 -0.0538075 -0.0551688 0.0637272 
qwerty 233 191 0 0.510999 -3.06918 -7.95382 14.425 -0.0419205 -0.0763503 0.0491255 
qwerty 232 191 0 0.510999 -1.50027 -5.90629 12.575 0.0538075 0.0551688 -0.0637272 
qwerty 232 191 0 0.510999 -0.930341 -5.32194 11.9 0.0538075 0.0551688 -0.0637272 
qwerty 232 191 0 0.507377 -0.473051 -4.77232 11.225 0.0438419 0.0560498 -0.0702589 
qwerty 232 191 0 0.507377 -0.0518474 -4.23383 10.55 0.0438419 0.0560498 -0.0702589 
qwerty 232 191 0 0.507377 0.369356 -3.69534 9.875 0.0438419 0.0560498 -0.0702589 
qwerty 232 191 0 0.507377 0.79056 -3.15685 9.2 0.0438419 0.0560498 -0.0702589 
qwerty 232 191 0 0.507377 1.21176 -2.61836 8.525 0.0438419 0.0560498 -0.0702589 
qwerty 232 191 0 0.507377 1.63297 -2.07988 7.85 0.0438419 0.0560498 -0.0702589 
qwerty 232 191 0 0.323547 1.44994 -1.91638 7.175 -0.0488797 0.00540839 -0.0870719 
qwerty 231 193 0 0.510999 -2.10789 -3.44486 10.55 0.0803174 0.0287695 -0.0521673 
qwerty 230 193 0 0.510999 -2.87769 -3.72061 11.05 -0.0803174 -0.0287695 0.0521673 
qwerty 230 193 0 0.37504 -3.30492 -3.87364 11.3275 -0.0407324 -0.0908446 0.00938799 
qwerty 230 193 0 0.37504 -3.75 -4.8663 11.4301 -0.0407324 -0.0908446 0.00938799 
qwerty 230 193 0 0.37504 -5.02963 -7.72023 11.725 -0.0407324 -0.0908446 0.00938799 
qwerty 230 193 0 0.190027 -4.07326 -7.92242 11.225 0.0887941 -0.00853562 -0.0451968 
qwerty 365 230 0.135959 0 -3.31374 -3.867 11.3354 -0.0649373 0.0488159 0.0583108 
qwerty 229 193 0 1.25864 -2.742 -3.75 10.566 -0.0541713 -0.0673109 0.0503459 
qwerty 229 193 0 1.25864 -3.26282 -4.39715 11.05 -0.0541713 -0.0673109 0.0503459 
qwerty 229 193 0 1.25864 -3.75 -5.0025 11.5028 -0.0541713 -0.0673109 0.0503459 
qwerty 229 193 0 1.25864 -3.98911 -5.29961 11.725 -0.0541713 -0.0673109 0.0503459 
qwerty 229 193 0 1.25864 -4.71539 -6.20206 12.4 -0.0541713 -0.0673109 0.0503459 
qwerty 229 193 0 1.25864 -5.44168 -7.10452 13.075 -0.0541713 -0.0673109 0.0503459 
qwerty 229 193 0 1.25864 -6.16797 -8.00697 13.75 -0.0541713 -0.0673109 0.0503459 
qwerty 229 193 0 0.397163 -7.88833 -7.45396 13.25 -0.0898634 0.0327804 -0.0291549 
qwerty 228 193 0 0.366287 -2.62563 -3.75 10.6826 0.0056709 -0.048775 0.0871139 
qwerty 228 193 0 0.366287 -2.60171 -3.95571 11.05 0.0056709 -0.048775 0.0871139 
qwerty 227 219 0 8.64677 -4.07236 -3.0831 9.025 -0.0246035 -0.0688284 0.0682445 
qwerty 227 219 0 8.64677 -4.31075 -3.75 9.68625 -0.0246035 -0.0688284 0.0682445 
qwerty 227 219 0 8.64677 -4.31571 -3.76387 9.7 -0.0246035 -0.0688284 0.0682445 
qwerty 227 219 0 8.64677 -4.55906 -4.44465 10.375 -0.0246035 -0.0688284 0.0682445 
qwerty 227 219 0 8.64677 -4.80241 -5.12542 11.05 -0.0246035 -0.0688284 0.0682445 
qwerty 227 219 0 8.64677 -5.04576 -5.8062 11.725 -0.0246035 -0.0688284 0.0682445 
qwerty 227 219 0 8.64677 -5.2044 -6.25 12.165 -0.0246035 -0.0688284 0.0682445 
qwerty 227 219 0 8.64677 -5.28911 -6.48697 12.4 -0.0246035 -0.0688284 0.0682445 
qwerty 227 219 0 8.64677 -5.53246 -7.16775 13.075 -0.0246035 -0.0688284 0.0682445 
qwerty 227 219 0 8.64677 -5.77581 -7.84852 13.75 -0.0246035 -0.0688284 0.0682445 
qwerty 371 227 0.215231 1.24878 -5.73422 -7.89265 13.9289 0.0606815 0.0736811 0.0298137 
qwerty 371 227 0.408231 0.84055 -5.65079 -7.69505 14.0302 0.0044147 0.0753056 0.0656474 
qwerty 371 227 0.307052 0.533499 -5.69871 -7.52986 14.0972 -0.00883665 0.0978334 -0.0187229 
qwerty 371 227 0.312821 0.220678 -5.74863 -7.4096 14.1706 -0.0954086 0.0297544 0.00344543 
qwerty 371 227 0.220678 0 -5.77738 -7.40064 14.1717 -0.0954086 0.0297544 0.00344543 
qwerty 373 371 0.00953812 0.300731 -5.72996 -7.89305 13.9283 0.0958553 0.0102307 -0.0265913 
qwerty 373 371 0.0104703 0.290261 -5.7253 -7.89254 13.926 0.0878946 -0.0213496 -0.0426467 
qwerty 373 371 0.0125184 0.277742 -5.72328 -7.89303 13.925 0.0922907 -0.0199927 -0.0329047 
qwerty 373 371 0.00958955 0.254899 -5.71974 -7.8939 13.928 0.0452075 -0.00253896 0.0891619 
qwerty 373 371 0.00802105 0.246878 -5.718 -7.89473 13.9315 0.0551954 -0.0222193 0.0803727 
qwerty 373 371 0.00736774 0.23951 -5.71553 -7.89537 13.9345 0.0603677 -0.0128591 0.078679 
qwerty 373 371 0.0128391 0.226671 -5.71299 -7.89674 13.9396 0.00134954 0.0346975 0.0937777 
qwerty 373 371 0.0150903 0.211581 -5.71231 -7.8956 13.9461 0.0412656 0.0110466 0.0904164 
qwerty 373 371 0.0429795 0.168601 -5.70427 -7.89287 13.9561 0.0763693 0.0496506 0.0412619 
qwerty 373 371 0.0875709 0.0810301 -5.69102 -7.88604 13.9594 -0.0256737 0.0536206 0.0804095 
qwerty 373 371 0.0810301 0 -5.69246 -7.88303 13.9639 -0.0256737 0.0536206 0.0804095 
qwerty 226 219 0 0.576224 -3.91858 -1.83507 9.025 -0.00890649 0.0677322 0.0730276 
qwerty 226 219 0 0.576224 -3.99551 -1.25 9.65582 -0.00890649 0.0677322 0.0730276 
qwerty 226 219 0 0.576224 -4.0009 -1.20902 9.7 -0.00890649 0.0677322 0.0730276 
qwerty 226 219 0 0.576224 -4.08323 -0.582965 10.375 -0.00890649 0.0677322 0.0730276 
qwerty 226 219 0 0.576224 -4.16555 0.0430888 11.05 -0.00890649 0.0677322 0.0730276 
qwerty 226 219 0 0.576224 -4.24787 0.669143 11.725 -0.00890649 0.0677322 0.0730276 
qwerty 226 219 0 0.576224 -4.32425 1.25 12.3513 -0.00890649 0.0677322 0.0730276 
qwerty 226 219 0 0.576224 -4.3302 1.2952 12.4 -0.00890649 0.0677322 0.0730276 
qwerty 226 219 0 0.576224 -4.41252 1.92125 13.075 -0.00890649 0.0677322 0.0730276 
qwerty 226 219 0 0.576224 -4.49484 2.54731 13.75 -0.00890649 0.0677322 0.0730276 
qwerty 226 219 0 0.576224 -4.57717 3.17336 14.425 -0.00890649 0.0677322 0.0730276 
qwerty 226 219 0 0.549165 -4.4618 3.69728 15.1 0.0185888 0.0585863 0.0788803 
qwerty 226 219 0 0.549165 -4.30273 4.19862 15.775 0.0185888 0.0585863 0.0788803 
qwerty 226 219 0 0.548115 -4.18675 4.56415 16.2672 0.0213724 0.0539601 0.0814342 
qwerty 226 219 0 0.548115 -4.13876 4.68531 16.45 0.0213724 0.0539601 0.0814342 
qwerty 226 219 0 0.548115 -3.96161 5.13258 17.125 0.0213724 0.0539601 0.0814342 
qwerty 226 219 0 0.548115 -3.78445 5.57985 17.8 0.0213724 0.0539601 0.0814342 
qwerty 375 226 0.00105066 0 -4.18675 4.56416 16.2672 -0.0459415 0.0792201 -0.0401692 
qwerty 225 219 0 1.93416 -3.58117 -2.53075 8.35 -0.0184124 -0.0729304 0.065895 
qwerty 225 219 0 1.93416 -3.75 -3.19946 8.9542 -0.0184124 -0.0729304 0.065895 
qwerty 225 219 0 1.93416 -3.76978 -3.27782 9.025 -0.0184124 -0.0729304 0.065895 
qwerty 225 219 0 1.93416 -3.88899 -3.75 9.45163 -0.0184124 -0.0729304 0.065895 
qwerty 225 219 0 1.93416 -3.95839 -4.02489 9.7 -0.0184124 -0.0729304 0.065895 
qwerty 225 219 0 1.93416 -4.147 -4.77196 10.375 -0.0184124 -0.0729304 0.065895 
qwerty 225 219 0 1.93416 -4.33561 -5.51903 11.05 -0.0184124 -0.0729304 0.065895 
qwerty 225 219 0 1.93416 -4.52422 -6.26609 11.725 -0.0184124 -0.0729304 0.065895 
qwerty 225 219 0 1.93416 -4.71283 -7.01316 12.4 -0.0184124 -0.0729304 0.065895 
qwerty 225 219 0 0.681342 -4.89981 -7.75379 13.0692 -0.0494651 -0.0825568 -0.0271583 
qwerty 225 219 0 0.681342 -5.79989 -9.25601 12.575 -0.0494651 -0.0825568 -0.0271583 
qwerty 224 222 0 0.626755 -0.371636 -0.269851 1.6 0.0209072 -0.00226707 0.0977637 
qwerty 224 222 0 0.626755 -0.227284 -0.285504 2.275 0.0209072 -0.00226707 0.0977637 
qwerty 224 222 0 0.518002 -0.166802 -0.292062 2.55782 0.0573035 -0.0398727 0.0715995 
qwerty 224 222 0 0.518002 0.147075 -0.510462 2.95 0.0573035 -0.0398727 0.0715995 
qwerty 223 222 0 0.773557 -0.0308973 -0.946692 0.425 0.0444907 -0.0667216 -0.0597395 
qwerty 223 222 0 0.773557 0.171352 -1.25 0.153431 0.0444907 -0.0667216 -0.0597395 
qwerty 223 222 0 0.664732 0.439776 -1.65255 -0.206992 0.00252419 -0.0852785 -0.0521651 
qwerty 223 222 0 0.664732 0.441857 -1.72286 -0.25 0.00252419 -0.0852785 -0.0521651 
qwerty 372 227 0.815106 2.89157 -5.86629 -7.42886 14.0901 0.0844419 0.0208038 0.0493636 
qwerty 372 227 0.676871 2.2147 -5.5518 -7.36336 14.4079 0.0832912 0.0100074 0.0544282 
qwerty 372 227 0.0360489 2.17865 -5.52558 -7.36021 14.425 0.0891459 0.0152014 0.0426841 
qwerty 372 227 0.516747 1.40371 -5.53398 -7.01621 14.3958 -0.0183502 0.0819308 -0.0543196 
qwerty 372 227 0.451087 0.952621 -5.4707 -6.77348 14.2814 -0.019341 0.0961385 -0.0195784 
qwerty 372 227 0.618715 0.333906 -5.50148 -6.57208 14.3523 0.00644186 0.0961598 0.0266795 
qwerty 372 227 0.333906 0 -5.49777 -6.5167 14.3677 0.00644186 0.0961598 0.0266795 
qwerty 372 227 0 0 -5.49777 -6.5167 14.3677 0.00644186 0.0961598 0.0266795 
qwerty 345 240 1.0534 2.99121 6.65607 3.57701 12.3524 0.017719 0.0762926 0.062173 
qwerty 345 240 0.0975635 2.89364 6.66964 3.63545 12.4 0.0162406 0.075055 0.0640546 
qwerty 271 180 0.167084 0.0422894 2.58404 -4.59601 0.579638 -0.0172886 -0.0581106 -0.0795252 
qwerty 271 180 0.0250875 0.0172019 2.58403 -4.59606 0.57958 -0.042338 -0.0517769 -0.0743414 
qwerty 271 180 0.00376705 0.0134349 2.58401 -4.59608 0.579549 -0.0579811 -0.0302405 -0.0756551 
qwerty 271 180 0.0112734 0.00216147 2.584 -4.59609 0.57953 0.0589501 0.0556926 0.0585083 
qwerty 271 180 0.00216147 0 2.584 -4.59609 0.579531 0.0589501 0.0556926 0.0585083 
qwerty 270 180 0.738578 0.00172684 0.333949 -3.4494 4.70314 0.0646184 -0.0585655 0.0489341 
qwerty 270 180 0.00172684 0 0.33395 -3.4494 4.70314 0.0646184 -0.0585655 0.0489341 
qwerty 382 223 0.108825 0 0.44848 -1.6512 -0.210059 0.0933238 0.0144652 -0.0328849 
qwerty 380 224 0.108753 0 -0.171207 -0.286952 2.56424 -0.0472792 0.0548463 0.0689678 
qwerty 377 225 0.0118755 1.24095 -4.89989 -7.75717 13.075 -0.000529024 -0.0558673 0.0829371 
qwerty 395 377 0 0.258954 -5.93784 -7.80093 13.0267 -0.0270284 -0.0879813 0.0390992 
qwerty 395 377 0 0.258954 -5.97124 -7.90967 13.075 -0.0270284 -0.0879813 0.0390992 
qwerty 396 395 0.150189 0 -5.95078 -7.79272 13.0219 -0.0806172 0.0511429 -0.0297535 
qwerty 393 307 0 0.510999 17.3701 2.95725 18.475 -0.0328564 -0.082758 0.0455145 
qwerty 393 307 0 0.510999 16.8828 1.72991 19.15 -0.0328564 -0.082758 0.0455145 
qwerty 392 345 0 0.510999 5.98785 3.71682 11.9 -0.0773317 0.00767321 -0.0629359 
qwerty 390 345 0 0.324039 6.25 6.50978 12.7895 0.0960011 0.0194457 0.020141 
qwerty 390 345 0 0.14668 7.31375 6.72525 13.0127 -0.0795093 -0.0122856 -0.0593913 
qwerty 390 345 0 0.14668 6.72784 6.63472 12.575 -0.0795093 -0.0122856 -0.0593913 
qwerty 404 390 0.177359 0 7.33334 6.72897 13.0196 0.0927348 0.0175693 0.0330389 
qwerty 386 345 0 0.215114 5.51483 3.69576 11.225 -0.0749057 0.0419139 -0.0513066 
qwerty 385 372 0 0.510999 -5.46175 -6.04606 13.925 0.0055653 0.0727273 -0.0684089 
qwerty 384 372 0 0.510999 -5.50243 -6.57763 14.425 -0.0055653 -0.0727273 0.0684089 
qwerty 384 372 0 0.197103 -5.54036 -7.07332 14.8913 0.0836858 0.0415861 -0.0355989 
qwerty 384 372 0 0.197103 -4.85568 -6.73307 14.6 0.0836858 0.0415861 -0.0355989 
qwerty 413 384 0.313896 0 -5.55602 -7.11005 14.9252 -0.0298639 -0.0700483 0.0648181 
