qwerty 1 0 0 200 0 0 -0.249999 0 0 0.1 
qwerty 3 1 0 82.4751 -0.101383 0.453684 0.25 -0.0148499 0.0664525 0.0732363 
qwerty 4 3 1.04581 48.2125 -0.169615 1.06371 0.925 -0.00518246 0.0654135 0.07546 
qwerty 4 3 0.115444 33.0282 -0.15374 1.25 1.1716 0.0122866 0.0454625 0.0882168 
qwerty 4 3 0.758961 32.2692 -0.0940735 1.47078 1.6 0.0116138 0.0437224 0.0891823 
qwerty 4 3 1.2228 3.42561 -0.609896 2.24751 2.08411 -0.0424013 -0.0172375 0.08891 
qwerty 4 3 0.325333 3.10028 -0.700933 2.2105 2.275 -0.0561724 -0.00379796 0.0826452 
qwerty 4 3 0.613751 1.58977 -0.439118 2.35352 2.08105 0.0495209 0.0267686 -0.0826506 
qwerty 4 3 0.493986 1.09579 -0.302763 2.50274 1.88261 0.088678 0.0436524 -0.0151883 
qwerty 4 3 0.392842 0.702945 -0.119323 2.5645 1.78105 0.0877579 -0.00503523 -0.0476781 
qwerty 4 3 0.0205092 0.682436 -0.108179 2.56386 1.775 0.0807757 -0.00962761 -0.05816 
qwerty 4 3 0.0481429 0.597683 -0.128583 2.57703 1.78046 -0.0769066 0.0510455 0.0384673 
qwerty 4 3 0.0544206 0.543262 -0.144501 2.59454 1.79339 -0.0685424 0.0410774 0.0601214 
qwerty 4 3 0.0476266 0.495636 -0.161333 2.6126 1.80649 -0.0526357 0.0328627 0.0784189 
qwerty 4 3 0.139345 0.356291 -0.171663 2.6209 1.83245 0.00164449 0.0464884 0.0885219 
qwerty 4 3 0.0728919 0.283399 -0.165878 2.62565 1.86423 0.067024 0.0155625 0.0725644 
qwerty 4 3 0.283399 0 -0.135882 2.63262 1.8967 0.067024 0.0155625 0.0725644 
qwerty 15 4 0.744176 1.83607 -0.147178 2.1443 2.08018 -0.0634092 0.0306365 0.0709978 
qwerty 15 4 0.51088 1.32519 -0.321179 2.22837 2.275 -0.0250014 0.0196149 0.0948166 
qwerty 15 4 0.0514655 0.668751 -0.312373 2.24839 2.24019 -0.0120586 0.0303779 -0.0945081 
qwerty 15 4 0.0490074 0.619744 -0.321868 2.25139 2.20818 -0.00118927 0.0507359 -0.0861653 
qwerty 15 4 0.244823 0.374921 -0.323391 2.2747 2.177 0.029197 0.0148774 -0.0944786 
qwerty 15 4 0.0792953 0.295625 -0.297351 2.26478 2.14129 0.0805521 0.00796462 -0.0587191 
qwerty 15 4 0.295625 0 -0.258853 2.26859 2.11322 0.0805521 0.00796462 -0.0587191 
qwerty 17 4 0 6.05304 -0.367071 3.04407 2.275 -0.023671 0.0877847 0.0416357 
qwerty 17 4 0 6.05304 -0.557424 3.75 2.60982 -0.023671 0.0877847 0.0416357 
qwerty 17 4 0 6.05304 -0.750827 4.46724 2.95 -0.023671 0.0877847 0.0416357 
qwerty 17 4 0 6.05304 -1.13458 5.89041 3.625 -0.023671 0.0877847 0.0416357 
qwerty 17 4 0 6.05304 -1.51834 7.31358 4.3 -0.023671 0.0877847 0.0416357 
qwerty 17 4 0 6.05304 -1.9021 8.73675 4.975 -0.023671 0.0877847 0.0416357 
qwerty 18 17 0.760282 2.05619 -1.76295 8.75 5.47675 0.0368956 -0.0405091 0.0836524 
qwerty 18 17 0.36192 1.69426 -1.68654 8.6661 5.65 0.0403497 0.0214086 0.0889583 
qwerty 18 17 0.475618 1.09954 -1.76885 8.59312 5.39243 -0.0750595 -0.056212 0.0347316 
qwerty 18 17 0.421251 0.678293 -1.84532 8.39847 5.50408 -0.0237086 -0.0957935 -0.0161714 
qwerty 18 17 0.678293 0 -1.8888 8.25404 5.56987 -0.0632648 0.0520322 0.0573605 
qwerty 14 4 0 5.16002 0.555472 10.8191 2.275 0.00746034 0.0995557 0.00574567 
qwerty 14 4 0 5.16002 0.962446 16.25 2.58844 0.00746034 0.0995557 0.00574567 
qwerty 14 4 0 5.16002 1.14979 18.75 2.73272 0.00746034 0.0995557 0.00574567 
qwerty 14 4 0 5.16002 1.33713 21.25 2.877 0.00746034 0.0995557 0.00574567 
qwerty 14 4 0 5.16002 1.43191 22.5149 2.95 0.00746034 0.0995557 0.00574567 
qwerty 14 4 0 1.11963 1.67912 23.7077 2.45 0.025493 0.066681 -0.0700268 
qwerty 14 4 0 0.773867 2.36188 23.9233 1.775 0.0699942 0.0209098 -0.0682905 
qwerty 14 4 0 0.773867 3.05372 24.13 1.1 0.0699942 0.0209098 -0.0682905 
qwerty 14 4 0 0.773867 3.74556 24.3367 0.425 0.0699942 0.0209098 -0.0682905 
qwerty 14 4 0 0.773867 4.4374 24.5433 -0.25 0.0699942 0.0209098 -0.0682905 
qwerty 13 4 0 0.535948 1.25 2.85642 1.89702 0.0795201 0.0601358 0.00776104 
qwerty 13 4 0 0.535948 3.75 4.747 2.14102 0.0795201 0.0601358 0.00776104 
qwerty 13 4 0 0.535948 5.1228 5.78516 2.275 0.0795201 0.0601358 0.00776104 
qwerty 13 4 0 0.234306 5.68224 4.7345 1.775 0.0385211 -0.0837642 -0.0387257 
qwerty 10 4 0 2.19735 0.0720795 2.8153 2.275 0.011881 0.0903467 0.0411863 
qwerty 10 4 0 2.19735 0.194997 3.75 2.7011 0.011881 0.0903467 0.0411863 
qwerty 10 4 0 2.19735 0.266797 4.29599 2.95 0.011881 0.0903467 0.0411863 
qwerty 10 4 0 0.809522 0.147694 4.5281 3.625 -0.0184624 0.0257458 0.0948488 
qwerty 10 4 0 0.809522 0.0163049 4.71132 4.3 -0.0184624 0.0257458 0.0948488 
qwerty 10 4 0 0.809522 -0.115084 4.89454 4.975 -0.0184624 0.0257458 0.0948488 
qwerty 10 4 0 0.809522 -0.246474 5.07776 5.65 -0.0184624 0.0257458 0.0948488 
qwerty 10 4 0 0.809522 -0.377863 5.26099 6.325 -0.0184624 0.0257458 0.0948488 
qwerty 10 4 0 0.809522 -0.509252 5.44421 7 -0.0184624 0.0257458 0.0948488 
qwerty 10 4 0 0.661698 -0.559489 5.51426 7.25809 -0.0635589 0.00402999 0.0770975 
qwerty 10 4 0 0.661698 -0.90319 5.53606 7.675 -0.0635589 0.00402999 0.0770975 
qwerty 33 10 0.147824 0 -0.549295 5.5211 7.26778 0.0651949 0.0437064 0.0619627 
qwerty 35 32 0 0.130704 0.53056 4.41126 2.87297 0.00455759 -0.0934736 0.0352407 
qwerty 35 32 0 0.130704 0.540522 4.20695 2.95 0.00455759 -0.0934736 0.0352407 
qwerty 36 35 0.0641804 0 0.532915 4.41351 2.87114 0.0630268 0.0603016 -0.0489013 
qwerty 9 4 0 0.449795 -0.189448 3.69971 1.1 -0.00576138 0.0945301 -0.0321071 
qwerty 9 4 0 0.412898 -0.876325 4.87377 0.425 -0.04545 0.0771621 -0.0445006 
qwerty 8 4 0 0.802311 -0.168609 1.25 1.1431 -0.00731661 0.0630737 0.077254 
qwerty 8 4 0 0.802311 -0.211881 1.62303 1.6 -0.00731661 0.0630737 0.077254 
qwerty 8 4 0 0.802311 -0.275809 2.17413 2.275 -0.00731661 0.0630737 0.077254 
qwerty 8 4 0 0.802311 -0.426299 2.97795 2.95 -0.0153536 0.0777518 0.0609831 
qwerty 7 4 0 4.25637 -0.161516 1.25 1.14139 0.000766162 0.0640256 0.0768123 
qwerty 7 4 0 4.25637 -0.156941 1.63226 1.6 0.000766162 0.0640256 0.0768123 
qwerty 7 4 0 4.25637 -0.150209 2.1949 2.275 0.000766162 0.0640256 0.0768123 
qwerty 7 4 0 4.25637 -0.143476 2.75753 2.95 0.000766162 0.0640256 0.0768123 
qwerty 7 4 0 4.25637 -0.136743 3.32017 3.625 0.000766162 0.0640256 0.0768123 
qwerty 7 4 0 4.25637 -0.1316 3.75 4.14067 0.000766162 0.0640256 0.0768123 
qwerty 7 4 0 4.25637 -0.13001 3.8828 4.3 0.000766162 0.0640256 0.0768123 
qwerty 7 4 0 4.25637 -0.123278 4.44544 4.975 0.000766162 0.0640256 0.0768123 
qwerty 7 4 0 4.25637 -0.116545 5.00807 5.65 0.000766162 0.0640256 0.0768123 
qwerty 7 4 0 4.25637 -0.109812 5.57071 6.325 0.000766162 0.0640256 0.0768123 
qwerty 7 4 0 4.25637 -0.103079 6.13334 7 0.000766162 0.0640256 0.0768123 
qwerty 7 4 0 4.25637 -0.0963465 6.69598 7.675 0.000766162 0.0640256 0.0768123 
qwerty 7 4 0 4.25637 -0.0896138 7.25861 8.35 0.000766162 0.0640256 0.0768123 
qwerty 7 4 0 4.25637 -0.082881 7.82125 9.025 0.000766162 0.0640256 0.0768123 
qwerty 7 4 0 4.25637 -0.0761483 8.38388 9.7 0.000766162 0.0640256 0.0768123 
qwerty 7 4 0 4.25637 -0.0694155 8.94651 10.375 0.000766162 0.0640256 0.0768123 
qwerty 6 4 0 7.09374 -0.143023 1.25 1.16906 0.0105925 0.0585647 0.0803615 
qwerty 6 4 0 7.09374 -0.0862207 1.56405 1.6 0.0105925 0.0585647 0.0803615 
qwerty 6 4 0 7.09374 0.00275141 2.05597 2.275 0.0105925 0.0585647 0.0803615 
qwerty 6 4 0 7.09374 0.0917235 2.54788 2.95 0.0105925 0.0585647 0.0803615 
qwerty 6 4 0 7.09374 0.180696 3.0398 3.625 0.0105925 0.0585647 0.0803615 
qwerty 6 4 0 7.09374 0.269668 3.53172 4.3 0.0105925 0.0585647 0.0803615 
qwerty 6 4 0 7.09374 0.35864 4.02363 4.975 0.0105925 0.0585647 0.0803615 
qwerty 6 4 0 7.09374 0.447612 4.51555 5.65 0.0105925 0.0585647 0.0803615 
qwerty 6 4 0 7.09374 0.536584 5.00747 6.325 0.0105925 0.0585647 0.0803615 
qwerty 6 4 0 7.09374 0.625556 5.49938 7 0.0105925 0.0585647 0.0803615 
qwerty 6 4 0 7.09374 0.714528 5.9913 7.675 0.0105925 0.0585647 0.0803615 
qwerty 6 4 0 7.09374 0.761319 6.25 8.02999 0.0105925 0.0585647 0.0803615 
qwerty 6 4 0 7.09374 0.8035 6.48322 8.35 0.0105925 0.0585647 0.0803615 
qwerty 6 4 0 7.09374 0.892472 6.97513 9.025 0.0105925 0.0585647 0.0803615 
qwerty 6 4 0 7.09374 0.981444 7.46705 9.7 0.0105925 0.0585647 0.0803615 
qwerty 6 4 0 7.09374 1.07042 7.95897 10.375 0.0105925 0.0585647 0.0803615 
qwerty 6 4 0 7.09374 1.15939 8.45088 11.05 0.0105925 0.0585647 0.0803615 
qwerty 6 4 0 7.09374 1.24836 8.9428 11.725 0.0105925 0.0585647 0.0803615 
qwerty 6 4 0 7.09374 1.33733 9.43471 12.4 0.0105925 0.0585647 0.0803615 
qwerty 6 4 0 7.09374 1.4263 9.92663 13.075 0.0105925 0.0585647 0.0803615 
qwerty 6 4 0 7.09374 1.51528 10.4185 13.75 0.0105925 0.0585647 0.0803615 
qwerty 6 4 0 7.09374 1.60425 10.9105 14.425 0.0105925 0.0585647 0.0803615 
qwerty 6 4 0 7.09374 1.66566 11.25 14.8909 0.0105925 0.0585647 0.0803615 
qwerty 6 4 0 7.09374 1.69322 11.4024 15.1 0.0105925 0.0585647 0.0803615 
qwerty 6 4 0 7.09374 1.78219 11.8943 15.775 0.0105925 0.0585647 0.0803615 
qwerty 6 4 0 7.09374 1.87117 12.3862 16.45 0.0105925 0.0585647 0.0803615 
qwerty 6 4 0 7.09374 1.96014 12.8781 17.125 0.0105925 0.0585647 0.0803615 
qwerty 6 4 0 7.09374 2.04911 13.37 17.8 0.0105925 0.0585647 0.0803615 
qwerty 6 4 0 7.09374 2.13808 13.862 18.475 0.0105925 0.0585647 0.0803615 
qwerty 6 4 0 7.09374 2.22705 14.3539 19.15 0.0105925 0.0585647 0.0803615 
qwerty 6 4 0 7.09374 2.31603 14.8458 19.825 0.0105925 0.0585647 0.0803615 
qwerty 6 4 0 7.09374 2.405 15.3377 20.5 0.0105925 0.0585647 0.0803615 
qwerty 6 4 0 7.09374 2.49397 15.8296 21.175 0.0105925 0.0585647 0.0803615 
qwerty 6 4 0 7.09374 2.57 16.25 21.7518 0.0105925 0.0585647 0.0803615 
qwerty 6 4 0 7.09374 2.58294 16.3215 21.85 0.0105925 0.0585647 0.0803615 
qwerty 6 4 0 7.09374 2.67191 16.8135 22.525 0.0105925 0.0585647 0.0803615 
qwerty 6 4 0 7.09374 2.76089 17.3054 23.2 0.0105925 0.0585647 0.0803615 
qwerty 6 4 0 7.09374 2.84986 17.7973 23.875 0.0105925 0.0585647 0.0803615 
qwerty 6 4 0 7.09374 2.93883 18.2892 24.55 0.0105925 0.0585647 0.0803615 
qwerty 6 4 0 7.09374 3.0278 18.7811 25.225 0.0105925 0.0585647 0.0803615 
qwerty 6 4 0 7.09374 3.11677 19.273 25.9 0.0105925 0.0585647 0.0803615 
qwerty 6 4 0 7.09374 3.20575 19.765 26.575 0.0105925 0.0585647 0.0803615 
qwerty 6 4 0 7.09374 3.29472 20.2569 27.25 0.0105925 0.0585647 0.0803615 
qwerty 6 4 0 3.49616 3.11758 20.8008 27.925 -0.027308 0.0612899 0.0741473 
qwerty 6 4 0 3.49616 2.91746 21.25 28.4684 -0.027308 0.0612899 0.0741473 
qwerty 6 4 0 3.49616 2.86898 21.3588 28.6 -0.027308 0.0612899 0.0741473 
qwerty 6 4 0 3.49616 2.62038 21.9168 29.275 -0.027308 0.0612899 0.0741473 
qwerty 6 4 0 3.49616 2.37179 22.4747 29.95 -0.027308 0.0612899 0.0741473 
qwerty 48 45 0 0.876658 4.05868 20.2845 26.75 0.0743819 -0.0124118 -0.0656756 
qwerty 48 45 0 0.876658 4.82316 20.1569 26.075 0.0743819 -0.0124118 -0.0656756 
qwerty 48 45 0 0.876658 5.58764 20.0294 25.4 0.0743819 -0.0124118 -0.0656756 
qwerty 48 45 0 0.876658 6.25 19.9188 24.8152 0.0743819 -0.0124118 -0.0656756 
qwerty 48 45 0 0.876658 6.35212 19.9018 24.725 0.0743819 -0.0124118 -0.0656756 
qwerty 2 1 0 252.502 0.0248752 -0.111315 0.25 0.00485045 -0.0217055 0.0974954 
qwerty 2 1 0 252.502 0.0584568 -0.261591 0.925 0.00485045 -0.0217055 0.0974954 
qwerty 52 2 0.825889 46.8407 0.180383 -0.353598 1.6 0.0181457 -0.0135163 0.0974066 
qwerty 52 2 0.840585 20.5708 0.279192 -0.501992 2.275 0.0234808 -0.00752389 0.0969126 
qwerty 52 2 1.3774 6.23373 0.255998 0.000603054 2.95 0.0270257 0.0701317 0.0659633 
qwerty 5 3 0.0497302 20.6777 -0.149467 0.627037 0.448004 -0.0275421 0.0676988 0.0682517 
qwerty 5 3 0.358378 20.309 -0.194101 0.740094 0.569772 -0.0288122 0.0663723 0.0690259 
qwerty 5 3 1.31405 18.9949 -0.342377 1.08167 0.925 -0.0309681 0.0694961 0.0648943 
qwerty 74 5 0.0275885 0.476674 -0.158797 0.625705 0.460559 -0.0612554 0.010526 0.0783388 
qwerty 74 5 0.0421112 0.434563 -0.175145 0.623911 0.474768 -0.0585073 -0.0292193 0.0756514 
qwerty 74 5 0.218918 0.215645 -0.20326 0.61335 0.490108 -0.0731601 -0.0498059 0.0465507 
qwerty 74 5 0.215645 0 -0.2245 0.59889 0.503623 -0.0731601 -0.0498059 0.0465507 
qwerty 51 2 0.906564 189.579 0.109685 -0.441078 1.6 0.00729946 -0.0265897 0.0961234 
qwerty 51 2 0.756553 183.723 0.180326 -0.650792 2.22821 0.0106429 -0.0322735 0.0940487 
qwerty 51 2 0.0923192 183.631 0.185621 -0.666849 2.275 0.0107615 -0.0323078 0.0940234 
qwerty 51 2 0.85715 179.621 0.272428 -0.933682 2.95 0.012784 -0.0371936 0.0919413 
qwerty 51 2 1.04709 70.8794 0.304369 -1.26413 3.625 0.00146421 -0.0425838 0.0904681 
qwerty 51 2 1.04585 46.9265 0.34238 -1.86093 4.3 -0.00157235 -0.0634168 0.0773036 
qwerty 95 51 0 42.1154 0.428318 -2.49779 4.975 0.00942866 -0.068677 0.0720733 
qwerty 95 51 0 42.1154 0.516622 -3.14098 5.65 0.00942866 -0.068677 0.0720733 
qwerty 95 51 0 42.1154 0.604926 -3.78418 6.325 0.00942866 -0.068677 0.0720733 
qwerty 98 95 1.19623 36.2078 0.794885 -4.54127 7 0.0177487 -0.0767102 0.0616485 
qwerty 98 95 1.18769 9.9608 1.19923 -5.1137 7.675 0.0311059 -0.0509949 0.0801994 
qwerty 109 98 0 0.998724 0.240052 -3.92099 8.35 -0.0618192 0.0701027 0.0355527 
qwerty 109 98 0 0.589337 0.318029 -2.37061 9.025 0.0200066 0.0902637 0.0381077 
qwerty 109 98 0 0.254523 -0.255295 -1.89989 8.525 -0.0695133 0.0278164 -0.0662883 
qwerty 109 98 0 0.248978 -0.579477 -1.77017 8.21586 -0.0589924 0.0548976 -0.0592128 
qwerty 109 98 0 0.248978 -0.943973 -1.43097 7.85 -0.0589924 0.0548976 -0.0592128 
qwerty 112 109 0.00554428 0 -0.579496 -1.77021 8.21584 -0.0398112 -0.0872886 -0.0282093 
qwerty 108 98 0 0.24944 1.28544 -5.34404 7.9778 -0.085292 0.0502567 -0.0141256 
qwerty 108 98 0 0.24944 0.513791 -4.88936 7.85 -0.085292 0.0502567 -0.0141256 
qwerty 114 108 0.131508 0.692121 1.2952 -5.39583 8.02006 0.0260139 -0.0765018 0.058913 
qwerty 114 108 0.18034 0.511781 1.32031 -5.44052 8.10106 -0.0731213 -0.00256607 0.0681667 
qwerty 114 108 0.33322 0.178561 1.24473 -5.44317 8.17151 0.0047294 0.0987445 0.0150716 
qwerty 114 108 0.178561 0 1.24574 -5.42207 8.17473 0.0047294 0.0987445 0.0150716 
qwerty 106 98 0 0.344859 1.17105 -5.47364 8.35 -0.0101675 -0.0468481 0.0877603 
qwerty 106 98 0 0.344859 1.09285 -5.83397 9.025 -0.0101675 -0.0468481 0.0877603 
qwerty 105 98 0 0.322819 1.47807 -5.18626 8.35 0.0374988 -0.00669418 0.092461 
qwerty 105 98 0 0.322819 1.75183 -5.23513 9.025 0.0374988 -0.00669418 0.092461 
qwerty 105 98 0 0.322819 2.02558 -5.284 9.7 0.0374988 -0.00669418 0.092461 
qwerty 118 105 0.0060829 0.194819 2.09723 -5.29399 9.87604 0.072947 0.0644962 0.0227813 
qwerty 118 105 0.00701398 0.187805 2.09936 -5.29206 9.87613 0.0528763 0.0847982 0.00365436 
qwerty 118 105 0.0033575 0.184448 2.10051 -5.29029 9.87654 0.0521541 0.085107 -0.0060624 
qwerty 118 105 0.00610564 0.178342 2.10167 -5.2883 9.87687 -0.0156326 0.0985818 0.00610272 
qwerty 118 105 0.00676803 0.171574 2.10179 -5.28592 9.87693 0.00684921 0.0961366 0.0266616 
qwerty 118 105 0.00588924 0.165685 2.10184 -5.28381 9.8779 -0.000276783 0.0933875 0.0357588 
qwerty 118 105 0.00577894 0.159906 2.10149 -5.28181 9.87893 0.00761592 0.0642243 0.0762708 
qwerty 118 105 0.00621918 0.153687 2.10171 -5.27974 9.88048 0.0211923 0.0554861 0.0804499 
qwerty 118 105 0.010404 0.143283 2.10338 -5.27811 9.88367 0.0365033 0.0596905 0.0714461 
qwerty 118 105 0.0123435 0.130939 2.10401 -5.27522 9.88737 0.0148225 0.0713439 0.0684861 
qwerty 118 105 0.0168972 0.114042 2.10343 -5.27008 9.89076 -0.0146035 0.0263714 0.0953482 
qwerty 118 105 0.0288517 0.0851902 2.10635 -5.26792 9.89823 0.021109 0.00671657 0.0975156 
qwerty 118 105 0.0851902 0 2.10764 -5.26751 9.9042 0.021109 0.00671657 0.0975156 
qwerty 103 98 0 2.66053 1.25 -5.13787 7.30589 0.0657428 -0.0697756 0.0284473 
qwerty 103 98 0 2.66053 2.10303 -6.04322 7.675 0.0657428 -0.0697756 0.0284473 
qwerty 103 98 0 2.66053 3.66297 -7.69887 8.35 0.0657428 -0.0697756 0.0284473 
qwerty 103 98 0 2.66053 5.22292 -9.35451 9.025 0.0657428 -0.0697756 0.0284473 
qwerty 103 98 0 2.66053 6.78287 -11.0101 9.7 0.0657428 -0.0697756 0.0284473 
qwerty 103 98 0 2.66053 8.34282 -12.6658 10.375 0.0657428 -0.0697756 0.0284473 
qwerty 103 98 0 2.66053 9.36437 -13.75 10.817 0.0657428 -0.0697756 0.0284473 
qwerty 103 98 0 2.66053 9.90277 -14.3214 11.05 0.0657428 -0.0697756 0.0284473 
qwerty 102 98 0 0.296254 0.952292 -5.1721 7.29048 0.0988633 0.014867 -0.00224084 
qwerty 102 98 0 0.296254 1.25 -5.12733 7.28373 0.0988633 0.014867 -0.00224084 
qwerty 102 98 0 0.296254 3.75 -4.75138 7.22706 0.0988633 0.014867 -0.00224084 
qwerty 102 98 0 0.296254 6.04697 -4.40596 7.175 0.0988633 0.014867 -0.00224084 
qwerty 122 102 0.132407 0.257272 0.95958 -5.21844 7.33065 -0.0267708 -0.0188347 0.0944912 
qwerty 122 102 0.257272 0 0.949286 -5.22568 7.36699 -0.0267708 -0.0188347 0.0944912 
qwerty 124 101 1.03246 6.85858 1.0967 -5.15434 7.50648 0.0363305 -0.0826154 0.0430674 
qwerty 124 101 0.603621 6.25496 1.23886 -5.4776 7.675 0.0424597 -0.07657 0.0483137 
qwerty 124 101 1.58166 4.04524 1.67347 -6.18572 7.62624 0.0315929 -0.0946105 0.00712277 
qwerty 124 101 0.361143 3.36386 1.72841 -6.44386 7.64262 0.0273619 -0.0916627 0.0291424 
qwerty 124 101 0.177393 3.18647 1.75881 -6.5457 7.675 0.0158206 -0.0945749 0.0283776 
qwerty 124 101 0.767419 2.00386 1.76661 -6.91516 7.41356 -0.0731739 -0.0604971 -0.0313956 
qwerty 124 101 0.749206 1.25466 1.45719 -7.00328 7.27316 -0.096013 -0.0142988 0.0240218 
qwerty 124 101 0.390922 0.863735 1.25 -7.03414 7.325 -0.0562088 0.00385237 0.082618 
qwerty 124 101 0.0730774 0.790658 1.23412 -7.03439 7.3708 -0.0434903 -0.00192193 0.0900272 
qwerty 124 101 0.0903243 0.700333 1.20888 -7.04834 7.42168 -0.0836686 -0.0410118 0.0362986 
qwerty 124 101 0.0892959 0.611038 1.16124 -7.05903 7.45534 -0.0298607 -0.0400906 0.0866088 
qwerty 124 101 0.200387 0.410651 1.1577 -7.09572 7.50808 -0.012578 -0.097907 0.0160002 
qwerty 124 101 0.140153 0.270497 1.13378 -7.14656 7.5034 -0.0346558 0.0915017 0.0206495 
qwerty 124 101 0.270497 0 1.11936 -7.10848 7.51199 -0.0346558 0.0915017 0.0206495 
qwerty 127 124 0.0347911 0.285446 1.72283 -6.46226 7.63693 -0.000367672 -0.0749118 -0.0662426 
qwerty 127 124 0.0359242 0.249521 1.72673 -6.47783 7.62693 0.0827739 -0.0280464 -0.0485992 
qwerty 127 124 0.0890776 0.160444 1.75299 -6.49154 7.62751 0.0279271 0.0589992 0.0757573 
qwerty 127 124 0.160444 0 1.75799 -6.48097 7.64108 0.0279271 0.0589992 0.0757573 
qwerty 126 124 0.315496 0 1.14802 -5.15418 7.5191 0.0971064 0.000307579 0.0238798 
qwerty 128 124 0 0.242883 2.00663 -7.34854 7.175 0.0252451 -0.0819318 -0.0514769 
qwerty 100 98 0 1.35484 1.01365 -5.39255 7.675 0.0181512 -0.0766457 0.0616114 
qwerty 100 98 0 1.35484 1.21251 -6.23226 8.35 0.0181512 -0.0766457 0.0616114 
qwerty 100 98 0 1.00724 1.40132 -7.02952 8.99087 0.00602604 -0.0983502 0.0170568 
qwerty 100 98 0 1.00724 1.41337 -7.22629 9.025 0.00602604 -0.0983502 0.0170568 
qwerty 100 98 0 1.00724 1.50673 -8.75 9.28926 0.00602604 -0.0983502 0.0170568 
qwerty 100 98 0 1.00724 1.65184 -11.1184 9.7 0.00602604 -0.0983502 0.0170568 
qwerty 100 98 0 0.686247 1.54291 -12.9802 9.2 -0.0118883 -0.0866773 -0.0484325 
qwerty 100 98 0 0.686247 1.37723 -14.1882 8.525 -0.0118883 -0.0866773 -0.0484325 
qwerty 100 98 0 0.686247 1.21154 -15.3962 7.85 -0.0118883 -0.0866773 -0.0484325 
qwerty 100 98 0 0.686247 1.04585 -16.6043 7.175 -0.0118883 -0.0866773 -0.0484325 
qwerty 100 98 0 0.686247 0.880167 -17.8123 6.5 -0.0118883 -0.0866773 -0.0484325 
qwerty 100 98 0 0.686247 0.71448 -19.0203 5.825 -0.0118883 -0.0866773 -0.0484325 
qwerty 100 98 0 0.686247 0.548793 -20.2283 5.15 -0.0118883 -0.0866773 -0.0484325 
qwerty 100 98 0 0.686247 0.383107 -21.4363 4.475 -0.0118883 -0.0866773 -0.0484325 
qwerty 100 98 0 0.686247 0.21742 -22.6443 3.8 -0.0118883 -0.0866773 -0.0484325 
qwerty 100 98 0 0.686247 0.0517331 -23.8523 3.125 -0.0118883 -0.0866773 -0.0484325 
qwerty 100 98 0 0.686247 -0.113954 -25.0604 2.45 -0.0118883 -0.0866773 -0.0484325 
qwerty 100 98 0 0.686247 -0.27964 -26.2684 1.775 -0.0118883 -0.0866773 -0.0484325 
qwerty 100 98 0 0.686247 -0.445327 -27.4764 1.1 -0.0118883 -0.0866773 -0.0484325 
qwerty 130 100 0.0359387 0.31166 1.41049 -7.03141 9.01004 0.060504 0.0322447 0.072798 
qwerty 130 100 0.014664 0.296996 1.41483 -7.02995 9.01701 0.0455513 0.0198776 0.0867754 
qwerty 130 100 0.011696 0.2853 1.41856 -7.02825 9.02271 0.0228362 0.0455839 0.0860268 
qwerty 130 100 0.0035766 0.281724 1.41917 -7.02703 9.025 0.0162253 0.0381287 0.0910107 
qwerty 130 100 0 0.255457 1.42043 -7.0272 9.025 0.0875539 0.0198319 0.044057 
qwerty 130 100 0.00496417 0.183386 1.42141 -7.02837 9.02374 -0.0441839 -0.0689779 -0.057357 
qwerty 130 100 0.0855708 0.0978154 1.42064 -7.02976 9.0225 -0.0472165 -0.0774104 -0.0421692 
qwerty 130 100 0.00690727 0.0909081 1.41974 -7.03165 9.02196 0.00649023 -0.0991193 -0.0115433 
qwerty 130 100 0.0151009 0.0758072 1.42027 -7.03369 9.0211 0.0766808 -0.0641112 -0.00313183 
qwerty 130 100 0.00644919 0.069358 1.42198 -7.03437 9.02098 0.08124 -0.0233498 -0.0534307 
qwerty 130 100 0.00800232 0.0613557 1.42411 -7.03427 9.02054 0.0828432 0.030748 -0.0468141 
qwerty 130 100 0.0122647 0.049091 1.42614 -7.03441 9.01937 0.0902093 -0.0261036 -0.0343641 
qwerty 130 100 0.049091 0 1.42824 -7.03502 9.01857 0.0902093 -0.0261036 -0.0343641 
qwerty 94 51 0 0.32417 0.311749 -1.821 4.3 -0.00637543 -0.0646275 0.0760437 
qwerty 94 51 0 0.32417 0.255157 -2.39466 4.975 -0.00637543 -0.0646275 0.0760437 
qwerty 92 51 0 19.4091 0.494468 -1.87913 4.3 0.0209044 -0.0670387 0.0711957 
qwerty 92 51 0 19.4091 0.69266 -2.51472 4.975 0.0209044 -0.0670387 0.0711957 
qwerty 92 51 0 19.4091 0.890853 -3.1503 5.65 0.0209044 -0.0670387 0.0711957 
qwerty 92 51 0 19.4091 1.08905 -3.78589 6.325 0.0209044 -0.0670387 0.0711957 
qwerty 92 51 0 19.4091 1.28724 -4.42148 7 0.0209044 -0.0670387 0.0711957 
qwerty 92 51 0 19.4091 1.48543 -5.05707 7.675 0.0209044 -0.0670387 0.0711957 
qwerty 136 92 0.706242 8.34012 1.44285 -5.54175 8.06831 -0.0065776 -0.0794965 0.060308 
qwerty 136 92 0.909083 7.43104 1.41212 -5.91306 8.35 -0.0123163 -0.0892601 0.0433699 
qwerty 136 92 0.563257 1.40555 1.31717 -5.91586 8.7937 0.0299838 0.05892 0.0750293 
qwerty 136 92 0.442267 0.963285 1.42484 -5.79894 8.98867 0.0113793 -0.0256865 0.0959725 
qwerty 136 92 0.0537027 0.909582 1.42915 -5.80866 9.025 0.0230029 -0.0203238 0.0951725 
qwerty 138 136 0 0.6884 1.89589 -5.84173 8.35 0.0392264 -0.0710118 0.0584689 
qwerty 138 136 0 0.369453 1.25 -6.35205 8.84509 -0.0715698 -0.0497806 0.0489863 
qwerty 138 136 0 0.369453 0.987141 -6.53488 9.025 -0.0715698 -0.0497806 0.0489863 
qwerty 91 51 0 0.387242 0.491832 -1.85039 4.3 0.021207 -0.0647734 0.0731756 
qwerty 91 51 0 0.23297 -0.0217943 -1.21903 4.975 -0.0480303 0.0694531 0.0535663 
qwerty 89 51 0 104.554 0.35665 -1.23066 3.625 0.0112797 -0.0400685 0.0909246 
qwerty 150 89 0.437159 44.0723 0.373868 -1.42089 4.05137 0.00343343 -0.0434736 0.0899903 
qwerty 150 89 0.00309457 43.6114 0.373948 -1.42187 4.0534 0.00490852 -0.0429103 0.0901921 
qwerty 150 89 0.543294 43.0681 0.387369 -1.53919 4.3 0.0057393 -0.0408374 0.0911009 
qwerty 154 150 0.200558 0.257175 0.335159 -1.47081 4.10771 0.0302295 -0.0527529 0.0793934 
qwerty 154 150 0.257175 0 0.346777 -1.49108 4.13822 0.0302295 -0.0527529 0.0793934 
qwerty 155 150 0 39.4075 0.438144 -1.82888 4.975 0.00515986 -0.0367458 0.0928608 
qwerty 159 155 0.994747 20.4171 0.470907 -2.10345 5.65 -0.00241547 -0.0380112 0.0924625 
qwerty 159 155 1.86927 16 1.0199 -2.99506 6.325 0.0413715 -0.0787709 0.0456458 
qwerty 165 159 0 0.528724 2.16293 -2.86741 7 0.0790668 0.028981 0.0539308 
qwerty 165 159 0 0.528724 3.15254 -2.50468 7.675 0.0790668 0.028981 0.0539308 
qwerty 163 159 0 0.364083 1.83121 -3.75 6.8315 0.0671769 -0.0581387 0.0459038 
qwerty 163 159 0 0.364083 2.07779 -3.96341 7 0.0671769 -0.0581387 0.0459038 
qwerty 163 159 0 0.364083 3.0656 -4.81832 7.675 0.0671769 -0.0581387 0.0459038 
qwerty 161 159 0 4.38983 1.25 -3.2694 6.3146 0.0658859 -0.0738826 -0.0141563 
qwerty 161 159 0 4.38983 3.52869 -5.82466 5.825 0.0658859 -0.0738826 -0.0141563 
qwerty 161 159 0 2.15513 5.35469 -7.87228 5.43266 0.0676828 -0.0652027 0.0341707 
qwerty 161 159 0 2.15513 5.78517 -8.28699 5.65 0.0676828 -0.0652027 0.0341707 
qwerty 180 161 0.55467 1.68004 5.52398 -8.18207 5.33074 0.0661479 -0.0606669 -0.0440906 
qwerty 180 161 0.574981 1.10506 5.67768 -8.35848 5.16211 0.00429435 -0.0924073 -0.0379797 
qwerty 180 161 0.043279 1.06178 5.67905 -8.38795 5.15 0.00825162 -0.0899056 -0.0429989 
qwerty 180 161 0.00521521 0.491057 5.67007 -8.39027 5.15326 -0.041674 -0.0163625 0.0894178 
qwerty 180 161 0.124363 0.366694 5.6443 -8.4196 5.1941 -0.00242011 -0.0680867 0.0732007 
qwerty 180 161 0.119796 0.246898 5.63923 -8.435 5.24813 -0.0231053 -0.0741113 0.063037 
qwerty 180 161 0.246898 0 5.63091 -8.4617 5.27085 -0.0231053 -0.0741113 0.063037 
qwerty 182 180 0.0150706 0.400661 5.66121 -8.38604 5.15381 -0.0969423 0.0245194 -0.000998727 
qwerty 182 180 0.0155449 0.385116 5.65162 -8.38475 5.15208 -0.0963396 0.0236586 -0.0126078 
qwerty 182 180 0.0556613 0.329455 5.6424 -8.38332 5.15131 -0.0892998 0.0248351 0.0375335 
qwerty 182 180 0.0144875 0.314967 5.63454 -8.37928 5.15723 -0.0454899 -0.0325181 0.082905 
qwerty 182 180 0.0293462 0.285621 5.63087 -8.38434 5.16395 -0.0720716 -0.0507425 0.0472323 
qwerty 182 180 0.0240696 0.261551 5.62637 -8.39045 5.16862 -0.0532129 -0.0616434 0.0580386 
qwerty 182 180 0.0198716 0.24168 5.62 -8.39413 5.17688 -0.059174 -0.0500467 0.0631962 
qwerty 182 180 0.040957 0.200723 5.61237 -8.40433 5.18461 -0.0799078 -0.0177994 0.0574275 
qwerty 182 180 0.056232 0.144491 5.60484 -8.40733 5.20328 -0.0440027 0.0242921 0.0864503 
qwerty 182 180 0.144491 0 5.59822 -8.40367 5.21629 -0.0440027 0.0242921 0.0864503 
qwerty 153 150 0 0.0282759 0.383375 -1.54094 4.3 0.00344145 -0.0434567 0.0899982 
qwerty 152 150 0 0.859257 0.389581 -1.49253 4.3 0.00405353 -0.0358311 0.0932722 
qwerty 152 150 0 0.859257 0.418915 -1.75183 4.975 0.00405353 -0.0358311 0.0932722 
qwerty 152 150 0 0.859257 0.44825 -2.01114 5.65 0.00405353 -0.0358311 0.0932722 
qwerty 152 150 0 0.859257 0.477585 -2.27044 6.325 0.00405353 -0.0358311 0.0932722 
qwerty 152 150 0 0.859257 0.50692 -2.52975 7 0.00405353 -0.0358311 0.0932722 
qwerty 152 150 0 0.859257 0.536255 -2.78905 7.675 0.00405353 -0.0358311 0.0932722 
qwerty 152 150 0 0.859257 0.56559 -3.04836 8.35 0.00405353 -0.0358311 0.0932722 
qwerty 152 150 0 0.291554 0.585216 -3.22184 8.8016 -0.0548608 -0.0721384 -0.0422651 
qwerty 152 150 0 0.273646 0.572572 -3.23847 8.79186 -0.0331135 -0.0510441 -0.0793599 
qwerty 152 150 0 0.273646 0.461225 -3.41011 8.525 -0.0331135 -0.0510441 -0.0793599 
qwerty 185 152 0.0179078 0 0.572376 -3.23867 8.79212 -0.0508084 -0.0517663 0.0688386 
qwerty 184 152 0.358309 0.209394 0.671171 -3.18419 8.89291 0.0219087 0.0590762 0.0776532 
qwerty 184 152 0.209394 0 0.677237 -3.16783 8.91441 0.0219087 0.0590762 0.0776532 
qwerty 88 51 0 0.724553 0.366187 -1.21471 3.625 0.0127184 -0.0381298 0.0915662 
qwerty 88 51 0 0.724553 0.459943 -1.49579 4.3 0.0127184 -0.0381298 0.0915662 
qwerty 88 51 0 0.724553 0.553699 -1.77687 4.975 0.0127184 -0.0381298 0.0915662 
qwerty 88 51 0 0.724553 0.647456 -2.05795 5.65 0.0127184 -0.0381298 0.0915662 
qwerty 88 51 0 0.724553 0.741212 -2.33903 6.325 0.0127184 -0.0381298 0.0915662 
qwerty 88 51 0 0.724553 0.834968 -2.62012 7 0.0127184 -0.0381298 0.0915662 
qwerty 88 51 0 0.724553 0.928725 -2.9012 7.675 0.0127184 -0.0381298 0.0915662 
qwerty 88 51 0 0.724553 1.02248 -3.18228 8.35 0.0127184 -0.0381298 0.0915662 
qwerty 88 51 0 0.724553 1.11624 -3.46336 9.025 0.0127184 -0.0381298 0.0915662 
qwerty 88 51 0 0.724553 1.20999 -3.74444 9.7 0.0127184 -0.0381298 0.0915662 
qwerty 88 51 0 0.724553 1.25 -3.86438 9.98803 0.0127184 -0.0381298 0.0915662 
qwerty 88 51 0 0.724553 1.30375 -4.02553 10.375 0.0127184 -0.0381298 0.0915662 
qwerty 88 51 0 0.724553 1.39751 -4.30661 11.05 0.0127184 -0.0381298 0.0915662 
qwerty 88 51 0 0.724553 1.49126 -4.58769 11.725 0.0127184 -0.0381298 0.0915662 
qwerty 88 51 0 0.724553 1.58502 -4.86877 12.4 0.0127184 -0.0381298 0.0915662 
qwerty 88 51 0 0.724553 1.67878 -5.14985 13.075 0.0127184 -0.0381298 0.0915662 
qwerty 88 51 0 0.724553 1.77253 -5.43094 13.75 0.0127184 -0.0381298 0.0915662 
qwerty 88 51 0 0.724553 1.86629 -5.71202 14.425 0.0127184 -0.0381298 0.0915662 
qwerty 88 51 0 0.724553 1.96004 -5.9931 15.1 0.0127184 -0.0381298 0.0915662 
qwerty 88 51 0 0.724553 2.0538 -6.27418 15.775 0.0127184 -0.0381298 0.0915662 
qwerty 88 51 0 0.724553 2.14756 -6.55526 16.45 0.0127184 -0.0381298 0.0915662 
qwerty 88 51 0 0.724553 2.24131 -6.83635 17.125 0.0127184 -0.0381298 0.0915662 
qwerty 88 51 0 0.724553 2.33507 -7.11743 17.8 0.0127184 -0.0381298 0.0915662 
qwerty 88 51 0 0.724553 2.42883 -7.39851 18.475 0.0127184 -0.0381298 0.0915662 
qwerty 87 51 0 0.586375 0.270891 -0.931789 2.95 0.0119912 -0.0365709 0.0922972 
qwerty 87 51 0 0.586375 0.358587 -1.19924 3.625 0.0119912 -0.0365709 0.0922972 
qwerty 87 51 0 0.586375 0.446282 -1.4667 4.3 0.0119912 -0.0365709 0.0922972 
qwerty 87 51 0 0.586375 0.533978 -1.73415 4.975 0.0119912 -0.0365709 0.0922972 
qwerty 86 51 0 0.381286 0.259225 -0.915142 2.95 0.0101623 -0.0343869 0.0933503 
qwerty 85 51 0 0.80205 0.185318 -0.666522 2.275 0.0100614 -0.0317022 0.0943066 
qwerty 85 51 0 0.80205 0.257332 -0.893431 2.95 0.0100614 -0.0317022 0.0943066 
qwerty 85 51 0 0.80205 0.329347 -1.12034 3.625 0.0100614 -0.0317022 0.0943066 
qwerty 85 51 0 0.80205 0.370497 -1.25 4.01071 0.0100614 -0.0317022 0.0943066 
qwerty 85 51 0 0.80205 0.401361 -1.34725 4.3 0.0100614 -0.0317022 0.0943066 
qwerty 85 51 0 0.80205 0.473375 -1.57416 4.975 0.0100614 -0.0317022 0.0943066 
qwerty 85 51 0 0.80205 0.54539 -1.80106 5.65 0.0100614 -0.0317022 0.0943066 
qwerty 85 51 0 0.80205 0.617404 -2.02797 6.325 0.0100614 -0.0317022 0.0943066 
qwerty 84 51 0 0.837772 0.191313 -0.655315 2.275 0.0117834 -0.0304292 0.0945263 
qwerty 84 51 0 0.837772 0.275456 -0.872606 2.95 0.0117834 -0.0304292 0.0945263 
qwerty 84 51 0 0.837772 0.3596 -1.0899 3.625 0.0117834 -0.0304292 0.0945263 
qwerty 84 51 0 0.837772 0.421598 -1.25 4.12235 0.0117834 -0.0304292 0.0945263 
qwerty 84 51 0 0.837772 0.443743 -1.30719 4.3 0.0117834 -0.0304292 0.0945263 
qwerty 84 51 0 0.837772 0.527887 -1.52448 4.975 0.0117834 -0.0304292 0.0945263 
qwerty 84 51 0 0.837772 0.612031 -1.74177 5.65 0.0117834 -0.0304292 0.0945263 
qwerty 84 51 0 0.837772 0.696174 -1.95906 6.325 0.0117834 -0.0304292 0.0945263 
qwerty 84 51 0 0.837772 0.780318 -2.17635 7 0.0117834 -0.0304292 0.0945263 
qwerty 84 51 0 0.837772 0.864461 -2.39364 7.675 0.0117834 -0.0304292 0.0945263 
qwerty 84 51 0 0.837772 0.948605 -2.61093 8.35 0.0117834 -0.0304292 0.0945263 
qwerty 82 51 0 0.44148 0.0927016 -0.421638 1.6 0.00487595 -0.0231387 0.0971639 
qwerty 82 51 0 0.44148 0.126575 -0.582384 2.275 0.00487595 -0.0231387 0.0971639 
qwerty 82 51 0 0.44148 0.160448 -0.743129 2.95 0.00487595 -0.0231387 0.0971639 
qwerty 82 51 0 0.44148 0.194322 -0.903874 3.625 0.00487595 -0.0231387 0.0971639 
qwerty 80 5 0 0.445091 -0.176052 0.721585 0.896525 0.0767059 -0.0572942 0.0288719 
qwerty 80 5 0 0.445091 -0.100399 0.665078 0.925 0.0767059 -0.0572942 0.0288719 
qwerty 199 80 0.0659083 0 -0.177316 0.718871 0.894004 -0.0323022 -0.0693415 -0.0644075 
qwerty 79 5 0 0.957758 0.906418 1.45233 1.6 0.0891117 0.0159355 0.0424872 
qwerty 79 5 0 0.957758 2.32215 1.7055 2.275 0.0891117 0.0159355 0.0424872 
qwerty 77 5 0 1.57761 -0.515362 1.25 1.29974 -0.0368097 0.0360229 0.085717 
qwerty 77 5 0 1.57761 -0.644302 1.37618 1.6 -0.0368097 0.0360229 0.085717 
qwerty 77 5 0 1.57761 -0.934169 1.65986 2.275 -0.0368097 0.0360229 0.085717 
qwerty 77 5 0 1.57761 -1.22404 1.94353 2.95 -0.0368097 0.0360229 0.085717 
qwerty 77 5 0 1.57761 -1.5139 2.2272 3.625 -0.0368097 0.0360229 0.085717 
qwerty 77 5 0 1.57761 -1.80377 2.51087 4.3 -0.0368097 0.0360229 0.085717 
qwerty 77 5 0 1.57761 -2.09364 2.79454 4.975 -0.0368097 0.0360229 0.085717 
qwerty 77 5 0 1.57761 -2.38351 3.07821 5.65 -0.0368097 0.0360229 0.085717 
qwerty 77 5 0 1.57761 -2.67337 3.36188 6.325 -0.0368097 0.0360229 0.085717 
qwerty 77 5 0 1.57761 -2.96324 3.64556 7 -0.0368097 0.0360229 0.085717 
qwerty 77 5 0 1.57761 -3.25311 3.92923 7.675 -0.0368097 0.0360229 0.085717 
qwerty 77 5 0 1.57761 -3.54297 4.2129 8.35 -0.0368097 0.0360229 0.085717 
qwerty 77 5 0 1.57761 -3.75 4.4155 8.83209 -0.0368097 0.0360229 0.085717 
qwerty 77 5 0 1.57761 -3.83284 4.49657 9.025 -0.0368097 0.0360229 0.085717 
qwerty 77 5 0 1.57761 -4.12271 4.78024 9.7 -0.0368097 0.0360229 0.085717 
qwerty 77 5 0 1.57761 -4.41258 5.06391 10.375 -0.0368097 0.0360229 0.085717 
qwerty 203 77 0.0732771 0.732574 -4.45432 5.15501 10.5746 0.0268879 0.0315474 0.0910044 
qwerty 203 77 0.0717788 0.660795 -4.45132 5.17216 10.6143 0.0220229 0.0495789 0.0840055 
qwerty 203 77 0.133758 0.527037 -4.44438 5.18188 10.6636 0.0438021 0.0567378 0.0697294 
qwerty 203 77 0.142902 0.384135 -4.37971 5.20887 10.6972 0.0647796 0.0446396 0.0617325 
qwerty 203 77 0.323657 0.0604775 -4.33358 5.24066 10.7412 -0.00615085 -0.078665 -0.0614327 
qwerty 203 77 0.0604775 0 -4.33379 5.23801 10.7391 -0.00615085 -0.078665 -0.0614327 
qwerty 76 5 0 10.3066 -0.949219 1.22846 1.6 -0.0673052 0.0136586 0.0726874 
qwerty 76 5 0 10.3066 -1.25 1.2895 1.92483 -0.0673052 0.0136586 0.0726874 
qwerty 76 5 0 10.3066 -1.57424 1.3553 2.275 -0.0673052 0.0136586 0.0726874 
qwerty 205 76 0.186176 0.992659 -1.57247 1.37312 2.1645 0.045398 0.0886912 -0.00853766 
qwerty 205 76 0.25199 0.740668 -1.54402 1.50441 2.13437 -0.0824228 0.0347251 0.0447285 
qwerty 205 76 0.226643 0.514025 -1.66006 1.58646 2.12542 -0.00141593 0.0989085 0.0146662 
qwerty 205 76 0.294728 0.219297 -1.70582 1.69817 2.05625 -0.0273133 0.0952086 -0.0137586 
qwerty 205 76 0.219297 0 -1.71397 1.72657 2.05215 -0.0273133 0.0952086 -0.0137586 
qwerty 75 5 0.00029101 0 -0.296486 0.982878 0.814672 -0.0284621 0.0674913 0.0680796 
qwerty 207 75 0.0100308 0 -0.296433 0.98287 0.814547 0.0387801 -0.00554153 -0.0920076 
qwerty 73 5 0 7.58345 -0.377307 1.15184 0.925 -0.0305767 0.070275 0.0642377 
qwerty 73 5 0 7.58345 -0.698602 1.89028 1.6 -0.0305767 0.070275 0.0642377 
qwerty 73 5 0 7.58345 -1.0199 2.62872 2.275 -0.0305767 0.070275 0.0642377 
qwerty 73 5 0 7.58345 -1.34119 3.36715 2.95 -0.0305767 0.070275 0.0642377 
qwerty 73 5 0 7.58345 -1.66249 4.10559 3.625 -0.0305767 0.070275 0.0642377 
qwerty 73 5 0 7.58345 -1.98378 4.84403 4.3 -0.0305767 0.070275 0.0642377 
qwerty 73 5 0 7.58345 -2.30508 5.58247 4.975 -0.0305767 0.070275 0.0642377 
qwerty 73 5 0 7.58345 -2.59552 6.25 5.58518 -0.0305767 0.070275 0.0642377 
qwerty 73 5 0 7.58345 -2.62637 6.32091 5.65 -0.0305767 0.070275 0.0642377 
qwerty 73 5 0 7.58345 -2.94767 7.05935 6.325 -0.0305767 0.070275 0.0642377 
qwerty 73 5 0 7.58345 -3.26896 7.79779 7 -0.0305767 0.070275 0.0642377 
qwerty 73 5 0 7.58345 -3.59026 8.53623 7.675 -0.0305767 0.070275 0.0642377 
qwerty 73 5 0 7.58345 -3.68327 8.75 7.87041 -0.0305767 0.070275 0.0642377 
qwerty 73 5 0 7.58345 -3.91155 9.27467 8.35 -0.0305767 0.070275 0.0642377 
qwerty 73 5 0 7.58345 -4.23285 10.0131 9.025 -0.0305767 0.070275 0.0642377 
qwerty 73 5 0 7.58345 -4.55414 10.7515 9.7 -0.0305767 0.070275 0.0642377 
qwerty 73 5 0 7.58345 -4.87544 11.49 10.375 -0.0305767 0.070275 0.0642377 
qwerty 73 5 0 7.58345 -5.19673 12.2284 11.05 -0.0305767 0.070275 0.0642377 
qwerty 73 5 0 7.58345 -5.51803 12.9669 11.725 -0.0305767 0.070275 0.0642377 
qwerty 73 5 0 7.58345 -5.83932 13.7053 12.4 -0.0305767 0.070275 0.0642377 
qwerty 73 5 0 7.58345 -6.16062 14.4437 13.075 -0.0305767 0.070275 0.0642377 
qwerty 73 5 0 7.58345 -6.48192 15.1822 13.75 -0.0305767 0.070275 0.0642377 
qwerty 73 5 0 7.58345 -6.80321 15.9206 14.425 -0.0305767 0.070275 0.0642377 
qwerty 73 5 0 7.58345 -6.94652 16.25 14.7261 -0.0305767 0.070275 0.0642377 
qwerty 73 5 0 7.58345 -7.12451 16.6591 15.1 -0.0305767 0.070275 0.0642377 
qwerty 73 5 0 7.58345 -7.4458 17.3975 15.775 -0.0305767 0.070275 0.0642377 
qwerty 73 5 0 7.58345 -7.7671 18.1359 16.45 -0.0305767 0.070275 0.0642377 
qwerty 73 5 0 7.58345 -8.08839 18.8744 17.125 -0.0305767 0.070275 0.0642377 
qwerty 73 5 0 7.58345 -8.40969 19.6128 17.8 -0.0305767 0.070275 0.0642377 
qwerty 73 5 0 7.58345 -8.73098 20.3513 18.475 -0.0305767 0.070275 0.0642377 
qwerty 73 5 0 7.58345 -9.05228 21.0897 19.15 -0.0305767 0.070275 0.0642377 
qwerty 73 5 0 7.58345 -9.37357 21.8281 19.825 -0.0305767 0.070275 0.0642377 
qwerty 73 5 0 7.58345 -9.69487 22.5666 20.5 -0.0305767 0.070275 0.0642377 
qwerty 73 5 0 7.58345 -10.0162 23.305 21.175 -0.0305767 0.070275 0.0642377 
qwerty 73 5 0 7.58345 -10.2098 23.75 21.5818 -0.0305767 0.070275 0.0642377 
qwerty 73 5 0 7.58345 -10.3375 24.0435 21.85 -0.0305767 0.070275 0.0642377 
qwerty 73 5 0 7.58345 -10.6588 24.7819 22.525 -0.0305767 0.070275 0.0642377 
qwerty 73 5 0 7.58345 -10.98 25.5203 23.2 -0.0305767 0.070275 0.0642377 
qwerty 73 5 0 7.58345 -11.25 26.1408 23.7671 -0.0305767 0.070275 0.0642377 
qwerty 73 5 0 7.58345 -11.3013 26.2588 23.875 -0.0305767 0.070275 0.0642377 
qwerty 73 5 0 7.58345 -11.6226 26.9972 24.55 -0.0305767 0.070275 0.0642377 
qwerty 73 5 0 7.58345 -11.9439 27.7356 25.225 -0.0305767 0.070275 0.0642377 
qwerty 73 5 0 7.58345 -12.2652 28.4741 25.9 -0.0305767 0.070275 0.0642377 
qwerty 73 5 0 7.58345 -12.5865 29.2125 26.575 -0.0305767 0.070275 0.0642377 
qwerty 73 5 0 7.58345 -12.9078 29.951 27.25 -0.0305767 0.070275 0.0642377 
qwerty 73 5 0 7.58345 -13.2291 30.6894 27.925 -0.0305767 0.070275 0.0642377 
qwerty 73 5 0 7.58345 -13.473 31.25 28.4374 -0.0305767 0.070275 0.0642377 
qwerty 73 5 0 7.58345 -13.5504 31.4278 28.6 -0.0305767 0.070275 0.0642377 
qwerty 72 19 0 0.510999 -1.44271 8.84492 4.475 0.0647257 -0.0119199 -0.0752894 
qwerty 72 19 0 0.510999 -0.9273 8.75 3.87547 0.0647257 -0.0119199 -0.0752894 
qwerty 72 19 0 0.510999 -0.862419 8.73805 3.8 0.0647257 -0.0119199 -0.0752894 
qwerty 72 19 0 0.510999 -0.282126 8.63118 3.125 0.0647257 -0.0119199 -0.0752894 
qwerty 72 19 0 0.510999 0.298166 8.52432 2.45 0.0647257 -0.0119199 -0.0752894 
qwerty 71 19 0 0.510999 -2.45285 9.03095 5.65 -0.0647257 0.0119199 0.0752894 
qwerty 71 19 0 0.510999 -3.03314 9.13781 6.325 -0.0647257 0.0119199 0.0752894 
qwerty 71 19 0 0.510999 -3.61343 9.24468 7 -0.0647257 0.0119199 0.0752894 
qwerty 71 19 0 0.475219 -4.45093 9.70778 7.675 -0.0718646 0.0436537 0.0541279 
qwerty 70 44 0 0.510999 -0.310249 8.75 10.5636 -0.0697457 -0.0635345 0.0331499 
qwerty 70 44 0 0.224141 -0.592836 8.49258 10.698 -0.0468431 0.0633093 -0.0616252 
qwerty 70 44 0 0.224141 -0.705301 8.64458 10.55 -0.0468431 0.0633093 -0.0616252 
qwerty 218 70 0.286858 0 -0.611549 8.45785 10.7208 -0.0410294 -0.0761431 0.0501878 
qwerty 69 44 0 0.510999 1.13862 10.0698 9.875 0.0697457 0.0635345 -0.0331499 
qwerty 69 44 0 0.510999 2.4271 11.25 9.40205 0.0712906 0.0653284 -0.0254922 
qwerty 69 44 0 0.510999 2.99216 11.7678 9.2 0.0712906 0.0653284 -0.0254922 
qwerty 69 44 0 0.510999 3.75 12.4623 8.92901 0.0712906 0.0653284 -0.0254922 
qwerty 69 44 0 0.510999 4.87984 13.4976 8.525 0.0712906 0.0653284 -0.0254922 
qwerty 67 47 0 0.510999 3.57695 22.8938 30.625 0.0884081 0.0230679 0.0406433 
qwerty 67 47 0 0.510999 5.04523 23.2769 31.3 0.0884081 0.0230679 0.0406433 
qwerty 67 47 0 0.484831 5.89317 23.4773 31.975 0.0715533 0.0161122 0.0679745 
qwerty 67 47 0 0.484831 6.60371 23.6373 32.65 0.0715533 0.0161122 0.0679745 
qwerty 67 47 0 0.484831 7.31425 23.7973 33.325 0.0715533 0.0161122 0.0679745 
qwerty 66 52 0 0.510999 0.145277 1.38912 3.625 -0.0117639 0.0901483 0.0416521 
qwerty 66 52 0 0.510999 -0.0453642 2.85004 4.3 -0.0117639 0.0901483 0.0416521 
qwerty 63 52 0 0.730694 1.19613 1.15808 3.625 0.0583788 0.0708392 0.0396702 
qwerty 63 52 0 0.730694 2.18947 2.36343 4.3 0.0583788 0.0708392 0.0396702 
qwerty 63 52 0 0.730694 3.1828 3.56878 4.975 0.0583788 0.0708392 0.0396702 
qwerty 62 52 0 0.409916 0.883412 0.705673 3.625 0.0555618 0.0605887 0.0569377 
qwerty 62 52 0 0.371546 1.16337 0.95423 4.3 0.0336586 0.0286328 0.0897065 
qwerty 62 52 0 0.371546 1.25 1.02792 4.53088 0.0336586 0.0286328 0.0897065 
qwerty 62 52 0 0.371546 1.41664 1.16968 4.975 0.0336586 0.0286328 0.0897065 
qwerty 62 52 0 0.371546 1.51106 1.25 5.22665 0.0336586 0.0286328 0.0897065 
qwerty 62 52 0 0.371546 1.6699 1.38513 5.65 0.0336586 0.0286328 0.0897065 
qwerty 60 52 0 8.99809 0.34698 -0.429224 2.95 0.0082707 0.0101347 0.0991407 
qwerty 60 52 0 8.99809 0.403291 -0.360222 3.625 0.0082707 0.0101347 0.0991407 
qwerty 60 52 0 8.99809 0.459602 -0.29122 4.3 0.0082707 0.0101347 0.0991407 
qwerty 60 52 0 8.99809 0.515913 -0.222219 4.975 0.0082707 0.0101347 0.0991407 
qwerty 60 52 0 8.99809 0.572224 -0.153217 5.65 0.0082707 0.0101347 0.0991407 
qwerty 60 52 0 8.99809 0.628535 -0.084215 6.325 0.0082707 0.0101347 0.0991407 
qwerty 60 52 0 8.99809 0.684846 -0.0152132 7 0.0082707 0.0101347 0.0991407 
qwerty 60 52 0 8.99809 0.741157 0.0537886 7.675 0.0082707 0.0101347 0.0991407 
qwerty 60 52 0 8.99809 0.797468 0.12279 8.35 0.0082707 0.0101347 0.0991407 
qwerty 60 52 0 8.99809 0.853779 0.191792 9.025 0.0082707 0.0101347 0.0991407 
qwerty 59 52 0 1.10037 0.253286 -0.500327 2.95 -0.00463722 0.000921502 0.0998882 
qwerty 59 52 0 1.10037 0.22195 -0.4941 3.625 -0.00463722 0.000921502 0.0998882 
qwerty 59 52 0 1.10037 0.190614 -0.487873 4.3 -0.00463722 0.000921502 0.0998882 
qwerty 59 52 0 1.10037 0.159278 -0.481646 4.975 -0.00463722 0.000921502 0.0998882 
qwerty 59 52 0 1.10037 0.127941 -0.475419 5.65 -0.00463722 0.000921502 0.0998882 
qwerty 59 52 0 1.10037 0.096605 -0.469192 6.325 -0.00463722 0.000921502 0.0998882 
qwerty 59 52 0 1.10037 0.0652687 -0.462964 7 -0.00463722 0.000921502 0.0998882 
qwerty 59 52 0 1.10037 0.0339324 -0.456737 7.675 -0.00463722 0.000921502 0.0998882 
qwerty 59 52 0 1.10037 0.00259612 -0.45051 8.35 -0.00463722 0.000921502 0.0998882 
qwerty 59 52 0 1.10037 -0.0287402 -0.444283 9.025 -0.00463722 0.000921502 0.0998882 
qwerty 58 52 0 9.91849 0.336439 -0.446658 2.275 0.0229553 -0.0155384 0.0960813 
qwerty 58 52 0 9.91849 0.497707 -0.55582 2.95 0.0229553 -0.0155384 0.0960813 
qwerty 58 52 0 9.91849 0.658975 -0.664982 3.625 0.0229553 -0.0155384 0.0960813 
qwerty 58 52 0 9.91849 0.820243 -0.774144 4.3 0.0229553 -0.0155384 0.0960813 
qwerty 58 52 0 9.91849 0.981511 -0.883306 4.975 0.0229553 -0.0155384 0.0960813 
qwerty 58 52 0 9.91849 1.14278 -0.992467 5.65 0.0229553 -0.0155384 0.0960813 
qwerty 58 52 0 9.91849 1.25 -1.06504 6.09878 0.0229553 -0.0155384 0.0960813 
qwerty 58 52 0 9.91849 1.30405 -1.10163 6.325 0.0229553 -0.0155384 0.0960813 
qwerty 241 58 0.375893 5.56907 1.32707 -1.17113 6.78156 0.0200603 -0.00623317 0.0977688 
qwerty 241 58 0.267535 4.67687 1.34748 -1.16946 6.87255 0.0367847 -0.0164368 0.0915244 
qwerty 241 58 0.202763 4.47411 1.39871 -1.19235 7 0.0260655 -0.0366258 0.089326 
qwerty 244 241 0.073083 0.551582 1.36568 -1.13511 6.887 0.0687338 0.0618095 0.0381477 
qwerty 244 241 0.0996847 0.451897 1.39579 -1.09823 6.92582 0.038242 0.0571452 0.0726084 
qwerty 244 241 0.0749703 0.376927 1.40873 -1.06039 6.94512 -0.0455057 0.0734336 0.0503661 
qwerty 244 241 0.0580665 0.31886 1.40376 -1.03998 6.96857 -0.0412638 0.00367322 0.0910154 
qwerty 244 241 0.0627993 0.256061 1.38656 -1.04134 6.98832 -0.0134079 0.0377905 0.0916085 
qwerty 244 241 0.0346888 0.221372 1.38485 -1.03652 7 0.0281542 0.0495133 0.0821935 
qwerty 243 241 0.103794 0.19306 1.28887 -1.18962 6.78701 -0.0062136 -0.0551807 0.0831654 
qwerty 243 241 0.19306 0 1.28737 -1.20302 6.80719 -0.0062136 -0.0551807 0.0831654 
qwerty 246 241 0 0.528512 1.25 -1.39605 7.17793 -0.0526236 -0.0688509 0.049903 
qwerty 246 241 0 0.528512 0.725833 -2.08185 7.675 -0.0526236 -0.0688509 0.049903 
qwerty 246 241 0 0.528512 0.0140342 -3.01315 8.35 -0.0526236 -0.0688509 0.049903 
qwerty 246 241 0 0.528512 -0.697764 -3.94444 9.025 -0.0526236 -0.0688509 0.049903 
qwerty 246 241 0 0.528512 -1.40956 -4.87573 9.7 -0.0526236 -0.0688509 0.049903 
qwerty 246 241 0 0.182029 -1.77557 -5.35461 10.0471 0.0112186 0.0521975 -0.0845551 
qwerty 246 241 0 0.182029 -1.75274 -5.24837 9.875 0.0112186 0.0521975 -0.0845551 
qwerty 249 246 0.312932 0.0335503 -1.80202 -5.39526 10.0841 0.0456457 0.0459002 -0.076221 
qwerty 249 246 0.0335503 0 -1.80148 -5.39472 10.0832 0.0456457 0.0459002 -0.076221 
qwerty 245 241 0 0.443093 2.41936 1.25 6.50083 0.0377238 0.0906062 -0.0191683 
qwerty 245 241 0 0.443093 2.42099 1.25392 6.5 0.0377238 0.0906062 -0.0191683 
qwerty 57 52 0 12.8096 0.330816 -0.383086 2.275 0.0222703 -0.00379715 0.0974146 
qwerty 57 52 0 12.8096 0.48513 -0.409397 2.95 0.0222703 -0.00379715 0.0974146 
qwerty 57 52 0 12.8096 0.639445 -0.435708 3.625 0.0222703 -0.00379715 0.0974146 
qwerty 57 52 0 12.8096 0.793759 -0.462019 4.3 0.0222703 -0.00379715 0.0974146 
qwerty 57 52 0 12.8096 0.948074 -0.48833 4.975 0.0222703 -0.00379715 0.0974146 
qwerty 57 52 0 12.8096 1.10239 -0.514641 5.65 0.0222703 -0.00379715 0.0974146 
qwerty 57 52 0 12.8096 1.25 -0.539809 6.29568 0.0222703 -0.00379715 0.0974146 
qwerty 57 52 0 12.8096 1.2567 -0.540951 6.325 0.0222703 -0.00379715 0.0974146 
qwerty 57 52 0 12.8096 1.41102 -0.567262 7 0.0222703 -0.00379715 0.0974146 
qwerty 57 52 0 12.8096 1.56533 -0.593573 7.675 0.0222703 -0.00379715 0.0974146 
qwerty 57 52 0 12.8096 1.71965 -0.619884 8.35 0.0222703 -0.00379715 0.0974146 
qwerty 57 52 0 12.8096 1.87396 -0.646195 9.025 0.0222703 -0.00379715 0.0974146 
qwerty 57 52 0 12.8096 2.02827 -0.672506 9.7 0.0222703 -0.00379715 0.0974146 
qwerty 57 52 0 12.8096 2.18259 -0.698817 10.375 0.0222703 -0.00379715 0.0974146 
qwerty 57 52 0 12.8096 2.3369 -0.725128 11.05 0.0222703 -0.00379715 0.0974146 
qwerty 57 52 0 12.8096 2.49122 -0.751439 11.725 0.0222703 -0.00379715 0.0974146 
qwerty 57 52 0 12.8096 2.64553 -0.77775 12.4 0.0222703 -0.00379715 0.0974146 
qwerty 254 252 0 5.98876 2.80787 -0.854292 13.075 0.0232777 -0.0111893 0.0966072 
qwerty 254 252 0 5.98876 2.97051 -0.932473 13.75 0.0232777 -0.0111893 0.0966072 
qwerty 254 252 0 5.98876 3.13315 -1.01065 14.425 0.0232777 -0.0111893 0.0966072 
qwerty 254 252 0 5.98876 3.2958 -1.08883 15.1 0.0232777 -0.0111893 0.0966072 
qwerty 254 252 0 5.98876 3.45844 -1.16701 15.775 0.0232777 -0.0111893 0.0966072 
qwerty 254 252 0 5.98876 3.62108 -1.24519 16.45 0.0232777 -0.0111893 0.0966072 
qwerty 254 252 0 5.98876 3.75 -1.30716 16.985 0.0232777 -0.0111893 0.0966072 
qwerty 254 252 0 5.98876 3.78372 -1.32337 17.125 0.0232777 -0.0111893 0.0966072 
qwerty 254 252 0 5.98876 3.94637 -1.40155 17.8 0.0232777 -0.0111893 0.0966072 
qwerty 56 52 0 0.371398 0.268321 -0.414223 2.275 0.0127798 -0.0092146 0.098751 
qwerty 56 52 0 0.371398 0.355676 -0.477208 2.95 0.0127798 -0.0092146 0.098751 
qwerty 56 52 0 0.371398 0.443031 -0.540193 3.625 0.0127798 -0.0092146 0.098751 
qwerty 56 52 0 0.371398 0.530385 -0.603179 4.3 0.0127798 -0.0092146 0.098751 
qwerty 55 52 0 1.07425 0.141705 -0.361572 1.6 0.0132616 -0.0139929 0.098124 
qwerty 55 52 0 1.07425 0.232933 -0.45783 2.275 0.0132616 -0.0139929 0.098124 
qwerty 55 52 0 1.07425 0.32416 -0.554088 2.95 0.0132616 -0.0139929 0.098124 
qwerty 55 52 0 1.07425 0.415387 -0.650346 3.625 0.0132616 -0.0139929 0.098124 
qwerty 55 52 0 1.07425 0.506614 -0.746604 4.3 0.0132616 -0.0139929 0.098124 
qwerty 55 52 0 1.07425 0.597841 -0.842862 4.975 0.0132616 -0.0139929 0.098124 
qwerty 55 52 0 1.07425 0.689069 -0.93912 5.65 0.0132616 -0.0139929 0.098124 
qwerty 55 52 0 1.07425 0.780296 -1.03538 6.325 0.0132616 -0.0139929 0.098124 
qwerty 55 52 0 1.07425 0.871523 -1.13164 7 0.0132616 -0.0139929 0.098124 
qwerty 55 52 0 1.07425 0.96275 -1.22789 7.675 0.0132616 -0.0139929 0.098124 
qwerty 54 52 0 7.71438 0.132578 -0.350964 1.6 0.0114303 -0.0118649 0.0986335 
qwerty 54 52 0 7.71438 0.210801 -0.432161 2.275 0.0114303 -0.0118649 0.0986335 
qwerty 54 52 0 7.71438 0.289025 -0.513359 2.95 0.0114303 -0.0118649 0.0986335 
qwerty 54 52 0 7.71438 0.367248 -0.594557 3.625 0.0114303 -0.0118649 0.0986335 
qwerty 54 52 0 7.71438 0.445471 -0.675755 4.3 0.0114303 -0.0118649 0.0986335 
qwerty 54 52 0 7.71438 0.523694 -0.756953 4.975 0.0114303 -0.0118649 0.0986335 
qwerty 54 52 0 7.71438 0.601917 -0.838151 5.65 0.0114303 -0.0118649 0.0986335 
qwerty 54 52 0 7.71438 0.68014 -0.919349 6.325 0.0114303 -0.0118649 0.0986335 
qwerty 54 52 0 7.71438 0.758364 -1.00055 7 0.0114303 -0.0118649 0.0986335 
qwerty 54 52 0 7.71438 0.836587 -1.08174 7.675 0.0114303 -0.0118649 0.0986335 
qwerty 54 52 0 7.71438 0.91481 -1.16294 8.35 0.0114303 -0.0118649 0.0986335 
qwerty 54 52 0 7.71438 0.993033 -1.24414 9.025 0.0114303 -0.0118649 0.0986335 
qwerty 54 52 0 7.71438 1.07126 -1.32534 9.7 0.0114303 -0.0118649 0.0986335 
qwerty 54 52 0 7.71438 1.14948 -1.40654 10.375 0.0114303 -0.0118649 0.0986335 
qwerty 54 52 0 7.71438 1.2277 -1.48773 11.05 0.0114303 -0.0118649 0.0986335 
qwerty 54 52 0 7.71438 1.25 -1.51088 11.2424 0.0114303 -0.0118649 0.0986335 
qwerty 54 52 0 7.71438 1.30593 -1.56893 11.725 0.0114303 -0.0118649 0.0986335 
qwerty 54 52 0 7.71438 1.38415 -1.65013 12.4 0.0114303 -0.0118649 0.0986335 
qwerty 54 52 0 7.71438 1.46237 -1.73133 13.075 0.0114303 -0.0118649 0.0986335 
qwerty 54 52 0 7.71438 1.5406 -1.81253 13.75 0.0114303 -0.0118649 0.0986335 
qwerty 54 52 0 7.71438 1.61882 -1.89372 14.425 0.0114303 -0.0118649 0.0986335 
qwerty 54 52 0 7.71438 1.69704 -1.97492 15.1 0.0114303 -0.0118649 0.0986335 
qwerty 54 52 0 7.71438 1.77526 -2.05612 15.775 0.0114303 -0.0118649 0.0986335 
qwerty 54 52 0 7.71438 1.85349 -2.13732 16.45 0.0114303 -0.0118649 0.0986335 
qwerty 54 52 0 7.71438 1.93171 -2.21852 17.125 0.0114303 -0.0118649 0.0986335 
qwerty 54 52 0 7.71438 2.00993 -2.29971 17.8 0.0114303 -0.0118649 0.0986335 
qwerty 54 52 0 7.71438 2.08816 -2.38091 18.475 0.0114303 -0.0118649 0.0986335 
qwerty 54 52 0 7.71438 2.16638 -2.46211 19.15 0.0114303 -0.0118649 0.0986335 
qwerty 54 52 0 7.71438 2.2446 -2.54331 19.825 0.0114303 -0.0118649 0.0986335 
qwerty 54 52 0 2.91477 2.54952 -2.9108 20.5 0.0379 -0.0457683 0.0804292 
qwerty 54 52 0 2.91477 2.8676 -3.29491 21.175 0.0379 -0.0457683 0.0804292 
qwerty 54 52 0 2.91477 3.18567 -3.67902 21.85 0.0379 -0.0457683 0.0804292 
qwerty 54 52 0 2.68413 3.66427 -4.07177 22.525 0.0533101 -0.042609 0.0730924 
qwerty 54 52 0 2.68413 4.15658 -4.46526 23.2 0.0533101 -0.042609 0.0730924 
qwerty 54 52 0 2.68413 4.64889 -4.85875 23.875 0.0533101 -0.042609 0.0730924 
qwerty 54 52 0 2.68413 5.14121 -5.25224 24.55 0.0533101 -0.042609 0.0730924 
qwerty 54 52 0 2.68413 5.63352 -5.64573 25.225 0.0533101 -0.042609 0.0730924 
qwerty 54 52 0 2.68413 6.12583 -6.03921 25.9 0.0533101 -0.042609 0.0730924 
qwerty 54 52 0 2.68413 6.61814 -6.4327 26.575 0.0533101 -0.042609 0.0730924 
qwerty 54 52 0 2.68413 7.11046 -6.82619 27.25 0.0533101 -0.042609 0.0730924 
qwerty 54 52 0 2.68413 7.60277 -7.21968 27.925 0.0533101 -0.042609 0.0730924 
qwerty 54 52 0 2.68413 8.09508 -7.61317 28.6 0.0533101 -0.042609 0.0730924 
qwerty 54 52 0 2.68413 8.58739 -8.00666 29.275 0.0533101 -0.042609 0.0730924 
qwerty 54 52 0 2.68413 9.07971 -8.40015 29.95 0.0533101 -0.042609 0.0730924 
qwerty 54 52 0 2.68413 9.57202 -8.79364 30.625 0.0533101 -0.042609 0.0730924 
qwerty 54 52 0 2.68413 10.0643 -9.18713 31.3 0.0533101 -0.042609 0.0730924 
qwerty 54 52 0 0.341075 9.98276 -9.78807 30.8 -0.0164178 -0.0690841 -0.0704119 
qwerty 276 262 0 0.236929 2.00186 -2.86855 20.5 -0.0396362 -0.0490917 0.0775821 
qwerty 275 262 0 1.32945 2.76924 -2.48517 20.5 0.06603 0.00303481 0.0750388 
qwerty 275 262 0 1.32945 3.3632 -2.45787 21.175 0.06603 0.00303481 0.0750388 
qwerty 275 262 0 1.32945 3.95716 -2.43057 21.85 0.06603 0.00303481 0.0750388 
qwerty 275 262 0 1.32945 4.55113 -2.40327 22.525 0.06603 0.00303481 0.0750388 
qwerty 275 262 0 1.32945 5.14509 -2.37597 23.2 0.06603 0.00303481 0.0750388 
qwerty 275 262 0 1.32945 5.73905 -2.34867 23.875 0.06603 0.00303481 0.0750388 
qwerty 275 262 0 1.32945 6.33301 -2.32137 24.55 0.06603 0.00303481 0.0750388 
qwerty 275 262 0 1.32945 6.92698 -2.29408 25.225 0.06603 0.00303481 0.0750388 
qwerty 275 262 0 1.32945 7.52094 -2.26678 25.9 0.06603 0.00303481 0.0750388 
qwerty 275 262 0 1.32945 8.1149 -2.23948 26.575 0.06603 0.00303481 0.0750388 
qwerty 275 262 0 1.32945 8.70887 -2.21218 27.25 0.06603 0.00303481 0.0750388 
qwerty 275 262 0 1.32945 9.30283 -2.18488 27.925 0.06603 0.00303481 0.0750388 
qwerty 275 262 0 1.32945 9.89679 -2.15758 28.6 0.06603 0.00303481 0.0750388 
qwerty 275 262 0 1.32945 10.4908 -2.13028 29.275 0.06603 0.00303481 0.0750388 
qwerty 275 262 0 1.32945 11.0847 -2.10298 29.95 0.06603 0.00303481 0.0750388 
qwerty 275 262 0 1.32945 11.25 -2.09538 30.1378 0.06603 0.00303481 0.0750388 
qwerty 275 262 0 1.32945 11.6787 -2.07568 30.625 0.06603 0.00303481 0.0750388 
qwerty 275 262 0 0.394685 12.4851 -2.4794 30.125 0.0752502 -0.0395417 -0.0526675 
qwerty 275 262 0 0.394685 13.4496 -2.98617 29.45 0.0752502 -0.0395417 -0.0526675 
qwerty 274 253 0 0.407626 3.11076 -0.730526 12.6607 0.0805141 0.0568163 -0.0170117 
qwerty 274 253 0 0.407626 3.51628 -0.444363 12.575 0.0805141 0.0568163 -0.0170117 
qwerty 285 274 0.103373 0 3.11388 -0.733946 12.6679 0.036464 -0.0400281 0.0840722 
qwerty 273 253 0 0.510999 1.52727 -1.06317 11.9 -0.088565 -0.0186051 -0.0425452 
qwerty 273 253 0 0.510999 0.122144 -1.35835 11.225 -0.088565 -0.0186051 -0.0425452 
qwerty 270 256 0 0.510999 4.49104 -1.39004 17.3 0.0552098 -0.00384398 -0.0832893 
qwerty 270 256 0 0.510999 4.93848 -1.4212 16.625 0.0552098 -0.00384398 -0.0832893 
qwerty 270 256 0 0.510999 5.38591 -1.45235 15.95 0.0552098 -0.00384398 -0.0832893 
qwerty 270 256 0 0.510999 5.83335 -1.4835 15.275 0.0552098 -0.00384398 -0.0832893 
qwerty 269 256 0 0.510999 3.75 -1.33845 18.4179 -0.0552098 0.00384398 0.0832893 
qwerty 269 256 0 0.510999 3.71217 -1.33581 18.475 -0.0552098 0.00384398 0.0832893 
qwerty 269 256 0 0.510999 3.26474 -1.30466 19.15 -0.0552098 0.00384398 0.0832893 
qwerty 268 256 0 1.27092 4.01113 -1.25 17.5853 -0.0203145 0.0326492 -0.0923112 
qwerty 268 256 0 1.27092 3.94835 -1.1491 17.3 -0.0203145 0.0326492 -0.0923112 
qwerty 268 256 0 1.27092 3.79981 -0.910362 16.625 -0.0203145 0.0326492 -0.0923112 
qwerty 268 256 0 1.27092 3.65126 -0.671624 15.95 -0.0203145 0.0326492 -0.0923112 
qwerty 268 256 0 1.27092 3.50272 -0.432886 15.275 -0.0203145 0.0326492 -0.0923112 
qwerty 268 256 0 1.27092 3.35418 -0.194147 14.6 -0.0203145 0.0326492 -0.0923112 
qwerty 268 256 0 1.27092 3.20563 0.0445909 13.925 -0.0203145 0.0326492 -0.0923112 
qwerty 268 256 0 1.27092 3.05709 0.283329 13.25 -0.0203145 0.0326492 -0.0923112 
qwerty 268 256 0 1.27092 2.90854 0.522068 12.575 -0.0203145 0.0326492 -0.0923112 
qwerty 268 256 0 1.27092 2.76 0.760806 11.9 -0.0203145 0.0326492 -0.0923112 
qwerty 268 256 0 1.27092 2.61145 0.999544 11.225 -0.0203145 0.0326492 -0.0923112 
qwerty 268 256 0 1.27092 2.46291 1.23828 10.55 -0.0203145 0.0326492 -0.0923112 
qwerty 268 256 0 1.27092 2.31436 1.47702 9.875 -0.0203145 0.0326492 -0.0923112 
qwerty 268 256 0 1.27092 2.16582 1.71576 9.2 -0.0203145 0.0326492 -0.0923112 
qwerty 268 256 0 1.27092 2.01728 1.9545 8.525 -0.0203145 0.0326492 -0.0923112 
qwerty 268 256 0 1.27092 1.86873 2.19324 7.85 -0.0203145 0.0326492 -0.0923112 
qwerty 268 256 0 1.27092 1.72019 2.43197 7.175 -0.0203145 0.0326492 -0.0923112 
qwerty 268 256 0 1.27092 1.57164 2.67071 6.5 -0.0203145 0.0326492 -0.0923112 
qwerty 268 256 0 1.27092 1.4231 2.90945 5.825 -0.0203145 0.0326492 -0.0923112 
qwerty 268 256 0 1.27092 1.27455 3.14819 5.15 -0.0203145 0.0326492 -0.0923112 
qwerty 268 256 0 1.27092 1.12601 3.38693 4.475 -0.0203145 0.0326492 -0.0923112 
qwerty 268 256 0 1.27092 0.977465 3.62567 3.8 -0.0203145 0.0326492 -0.0923112 
qwerty 268 256 0 1.27092 0.828921 3.8644 3.125 -0.0203145 0.0326492 -0.0923112 
qwerty 268 256 0 1.27092 0.680376 4.10314 2.45 -0.0203145 0.0326492 -0.0923112 
qwerty 268 256 0 1.27092 0.531832 4.34188 1.775 -0.0203145 0.0326492 -0.0923112 
qwerty 268 256 0 1.27092 0.383287 4.58062 1.1 -0.0203145 0.0326492 -0.0923112 
qwerty 268 256 0 0.397045 0.952769 3.91792 0.425 0.0562899 -0.0669131 -0.0485189 
qwerty 267 256 0 0.567586 5.14231 -1.85897 17.3 0.0810328 -0.0349785 -0.0470127 
qwerty 267 256 0 0.567586 6.25 -2.33711 16.6574 0.0810328 -0.0349785 -0.0470127 
qwerty 267 256 0 0.567586 6.30576 -2.36118 16.625 0.0810328 -0.0349785 -0.0470127 
qwerty 267 256 0 0.567586 7.46922 -2.8634 15.95 0.0810328 -0.0349785 -0.0470127 
qwerty 242 58 0.177279 1.1547 1.32177 -1.25 6.57591 0.036104 -0.0407715 0.08387 
qwerty 242 58 0.185496 0.969209 1.37125 -1.31296 6.66689 0.0292665 -0.053293 0.0793935 
qwerty 242 58 0.211779 0.75743 1.42462 -1.34024 6.7732 0.071147 -0.0226603 0.0665178 
qwerty 242 58 0.187135 0.570295 1.51298 -1.36158 6.83131 -0.0242457 0.0192495 0.0950873 
qwerty 242 58 0.419115 0.151181 1.43819 -1.29719 6.90712 -0.033463 0.0461667 0.0821515 
qwerty 242 58 0.151181 0 1.43284 -1.28981 6.92026 -0.033463 0.0461667 0.0821515 
qwerty 242 58 0 0 1.43284 -1.28981 6.92026 -0.033463 0.0461667 0.0821515 
qwerty 160 155 0.831443 16.0357 0.477038 -2.09081 5.65 -0.0079049 -0.039971 0.0913227 
qwerty 160 155 1.3783 6.44702 0.644436 -2.8861 6.325 0.00884797 -0.0857997 0.0505977 
qwerty 151 89 1.12572 53.2402 0.530535 -1.65914 4.3 0.0236867 -0.0508045 0.0828121 
qwerty 151 89 0.996889 49.3109 0.678139 -2.04889 4.975 0.0146785 -0.0430618 0.0890518 
qwerty 151 89 1.26727 45.2683 0.849427 -2.44313 5.65 0.0227799 -0.0483614 0.0845118 
qwerty 151 89 1.4128 12.1698 0.993112 -3.01593 6.325 0.0133167 -0.0699481 0.0702134 
qwerty 151 89 0.507092 6.8221 0.951895 -3.16919 6.05399 -0.0141772 0.000891949 -0.0989859 
qwerty 151 89 0.661958 6.16014 0.919099 -3.16712 5.825 -0.0183917 0.0098119 -0.0978032 
qwerty 151 89 0.152573 0.0733147 0.781444 -3.13042 5.5823 -0.088424 -0.0262944 -0.0385979 
qwerty 151 89 0.0733147 0 0.77738 -3.13163 5.58052 -0.088424 -0.0262944 -0.0385979 
qwerty 151 89 0 0 0.77738 -3.13163 5.58052 -0.088424 -0.0262944 -0.0385979 
qwerty 325 151 0.089466 0.784062 0.806097 -3.15648 5.54232 0.0213488 -0.0415142 -0.0884353 
qwerty 325 151 0.111263 0.672799 0.824278 -3.17309 5.47915 0.00513092 -0.0283205 -0.0957686 
qwerty 325 151 0.162696 0.510104 0.788625 -3.21164 5.39387 -0.00249507 -0.0616922 -0.0786629 
qwerty 325 151 0.347635 0.162469 0.786045 -3.27544 5.31251 0.0845435 -0.00681233 0.0529716 
qwerty 325 151 0.162469 0 0.801509 -3.27669 5.3222 0.0845435 -0.00681233 0.0529716 
qwerty 294 268 0.00950991 0.291972 0.9496 3.9213 0.427572 -0.0770207 0.0554933 0.0314374 
qwerty 294 268 0.00670055 0.285271 0.94603 3.92339 0.428906 -0.0857571 0.0494559 0.0141362 
qwerty 294 268 0.0163077 0.268963 0.940817 3.92535 0.429986 -0.097687 0.0213039 0.00184203 
qwerty 294 268 0.00947598 0.259487 0.935844 3.92568 0.430221 -0.0982018 0.0182147 0.0049627 
qwerty 294 268 0.012587 0.2469 0.931154 3.92604 0.429576 -0.0907945 0.0326362 -0.0262913 
qwerty 294 268 0.0114482 0.235452 0.926292 3.92794 0.429455 -0.0967735 0.0246484 -0.00522915 
qwerty 294 268 0.0106925 0.22476 0.921498 3.92909 0.428736 -0.094513 0.0108636 -0.0308104 
qwerty 294 268 0.00958257 0.215177 0.917297 3.92898 0.427293 -0.0958837 0.0122041 -0.0256394 
qwerty 294 268 0.0122133 0.202964 0.912424 3.92987 0.42567 -0.0062382 0.092812 -0.0367017 
qwerty 294 268 0.00375002 0.199214 0.91231 3.93156 0.425 -0.0101556 0.0910635 -0.0400537 
qwerty 294 268 0.00466005 0.188553 0.913302 3.93028 0.426689 0.0358363 -0.0858963 0.0365731 
qwerty 294 268 0.00505561 0.183498 0.914236 3.92808 0.427118 0.0228293 -0.0956451 0.0181891 
qwerty 294 268 0.00596262 0.177535 0.91524 3.92567 0.427664 0.035946 -0.09328 -0.0025929 
qwerty 294 268 0.00823222 0.169303 0.916408 3.92358 0.427214 0.0326212 -0.0934814 -0.0140384 
qwerty 294 268 0.00419853 0.165104 0.917062 3.92126 0.427305 0.0181543 -0.094641 -0.0267115 
qwerty 294 268 0.00774671 0.157358 0.917128 3.91903 0.42638 0.0208657 -0.0924118 -0.0320107 
qwerty 294 268 0.00608831 0.151269 0.917707 3.91681 0.425327 0.00554044 -0.0902941 -0.0426178 
qwerty 294 268 0.0017258 0.149543 0.91775 3.91612 0.425 -0.0015856 -0.0828437 -0.0559857 
qwerty 294 268 0 0.0939912 0.918588 3.91648 0.425 -0.086193 -0.0402964 -0.0307729 
qwerty 294 268 0.00163199 0.0724707 0.919112 3.91627 0.425214 0.0786978 -0.0135953 0.0601816 
qwerty 294 268 0.00366101 0.0688097 0.919387 3.91617 0.425466 0.0856095 -0.0139758 0.0497563 
qwerty 294 268 0.0009713 0.0678384 0.919775 3.91609 0.425599 0.0381153 -0.0864744 0.0327016 
qwerty 294 268 0.00169978 0.0661386 0.919888 3.91566 0.425758 0.00994425 -0.0843448 0.0527926 
qwerty 294 268 0.00187515 0.0642634 0.920002 3.91525 0.426057 0.0121558 -0.0958308 0.0258591 
qwerty 294 268 0.00259157 0.0616719 0.92019 3.91468 0.426271 0.0126596 -0.093329 0.0336071 
qwerty 294 268 0.00721509 0.0544568 0.920436 3.91405 0.426439 0.0363527 -0.0916513 0.0166892 
qwerty 294 268 0.00495523 0.0495015 0.920519 3.91326 0.426445 0.00314012 -0.0992788 0.01157 
qwerty 294 268 0.00816263 0.0413389 0.920788 3.91237 0.42626 0.0120687 -0.0958859 0.0256953 
qwerty 294 268 0.00755553 0.0337834 0.920689 3.91157 0.426164 -0.0252731 -0.0964422 0.00775739 
qwerty 294 268 0.0056652 0.0281182 0.920556 3.91102 0.426169 0.0700175 -0.0262397 0.0664005 
qwerty 294 268 0.00611949 0.0219987 0.920833 3.91109 0.426819 -0.0206127 -0.0318716 0.0925166 
qwerty 294 268 0.0219987 0 0.920718 3.91091 0.427334 -0.0206127 -0.0318716 0.0925166 
qwerty 328 293 0 0.272013 -0.0839768 5.36821 0.736795 0.0405936 0.0908736 0.00970278 
qwerty 328 293 0 0.272013 0.703416 7.13089 0.925 0.0405936 0.0908736 0.00970278 
qwerty 329 328 0.0890426 0 -0.0900425 5.36937 0.73444 -0.0917924 0.0174388 -0.0356376 
qwerty 327 151 0 0.510999 0.673799 -3.15671 5.65 -0.0814187 -0.0197145 0.0546107 
qwerty 327 151 0 0.510999 -0.332554 -3.40039 6.325 -0.0814187 -0.0197145 0.0546107 
qwerty 327 151 0 0.510999 -1.33891 -3.64407 7 -0.0814187 -0.0197145 0.0546107 
qwerty 327 151 0 0.510999 -2.34526 -3.88774 7.675 -0.0814187 -0.0197145 0.0546107 
qwerty 326 151 0 0.510999 1.41925 -2.97621 5.15 0.0814187 0.0197145 -0.0546107 
qwerty 326 151 0 0.510999 2.4256 -2.73254 4.475 0.0814187 0.0197145 -0.0546107 
qwerty 326 151 0 0.395714 2.62589 -2.51126 3.8 0.0167773 0.0304318 -0.093768 
qwerty 326 151 0 0.395714 2.74666 -2.29219 3.125 0.0167773 0.0304318 -0.093768 
qwerty 326 151 0 0.395714 2.86744 -2.07313 2.45 0.0167773 0.0304318 -0.093768 
qwerty 326 151 0 0.395714 2.98821 -1.85406 1.775 0.0167773 0.0304318 -0.093768 
qwerty 323 151 0 0.0203249 0.887718 -3.17444 5.825 -0.0269802 -0.00221054 -0.0962662 
qwerty 320 151 0 0.758084 1.00521 -3.75 6.76121 0.000849695 -0.0860753 0.0508951 
qwerty 320 151 0 0.758084 1.0092 -4.15385 7 0.000849695 -0.0860753 0.0508951 
qwerty 320 151 0 0.758084 1.02047 -5.29543 7.675 0.000849695 -0.0860753 0.0508951 
qwerty 320 151 0 0.758084 1.02989 -6.25 8.23942 0.000849695 -0.0860753 0.0508951 
qwerty 320 151 0 0.758084 1.03174 -6.43701 8.35 0.000849695 -0.0860753 0.0508951 
qwerty 320 151 0 0.758084 1.04301 -7.57859 9.025 0.000849695 -0.0860753 0.0508951 
qwerty 320 151 0 0.758084 1.05428 -8.72017 9.7 0.000849695 -0.0860753 0.0508951 
qwerty 320 151 0 0.758084 1.06555 -9.86175 10.375 0.000849695 -0.0860753 0.0508951 
qwerty 320 151 0 0.758084 1.07682 -11.0033 11.05 0.000849695 -0.0860753 0.0508951 
qwerty 320 151 0 0.758084 1.08808 -12.1449 11.725 0.000849695 -0.0860753 0.0508951 
qwerty 320 151 0 0.758084 1.09935 -13.2865 12.4 0.000849695 -0.0860753 0.0508951 
qwerty 319 151 0 26.0572 1.05072 -2.88882 6.325 0.0234593 -0.0565233 0.0790872 
qwerty 319 151 0 26.0572 1.25095 -3.37124 7 0.0234593 -0.0565233 0.0790872 
qwerty 319 151 0 20.8103 1.42277 -3.9509 7.675 0.0189115 -0.0640444 0.0744356 
qwerty 319 151 0 20.8103 1.59426 -4.53167 8.35 0.0189115 -0.0640444 0.0744356 
qwerty 319 151 0 20.8103 1.76575 -5.11244 9.025 0.0189115 -0.0640444 0.0744356 
qwerty 319 151 0 20.8103 1.93725 -5.69321 9.7 0.0189115 -0.0640444 0.0744356 
qwerty 319 151 0 20.8103 2.10874 -6.27398 10.375 0.0189115 -0.0640444 0.0744356 
qwerty 319 151 0 20.8103 2.28023 -6.85475 11.05 0.0189115 -0.0640444 0.0744356 
qwerty 319 151 0 20.8103 2.45173 -7.43552 11.725 0.0189115 -0.0640444 0.0744356 
qwerty 319 151 0 20.8103 2.62322 -8.01629 12.4 0.0189115 -0.0640444 0.0744356 
qwerty 319 151 0 20.8103 2.79472 -8.59706 13.075 0.0189115 -0.0640444 0.0744356 
qwerty 319 151 0 20.8103 2.83988 -8.75 13.2528 0.0189115 -0.0640444 0.0744356 
qwerty 319 151 0 20.8103 2.96621 -9.17783 13.75 0.0189115 -0.0640444 0.0744356 
qwerty 319 151 0 20.8103 3.1377 -9.7586 14.425 0.0189115 -0.0640444 0.0744356 
qwerty 319 151 0 20.8103 3.3092 -10.3394 15.1 0.0189115 -0.0640444 0.0744356 
qwerty 344 341 0 0.301469 1.96629 -3.37219 7.32779 0.036534 -0.0199234 -0.0909303 
qwerty 344 341 0 0.301469 2.02768 -3.40567 7.175 0.036534 -0.0199234 -0.0909303 
qwerty 349 344 0.349708 0.0618766 2.0235 -3.36136 7.38059 -0.00926844 0.00338701 0.0995119 
qwerty 349 344 0.0618766 0 2.02318 -3.36124 7.38408 -0.00926844 0.00338701 0.0995119 
qwerty 318 151 0 2.50189 1.07614 -2.87019 6.325 0.0271597 -0.0521247 0.0809034 
qwerty 318 151 0 2.50189 1.30274 -3.30508 7 0.0271597 -0.0521247 0.0809034 
qwerty 318 151 0 2.50189 1.52934 -3.73997 7.675 0.0271597 -0.0521247 0.0809034 
qwerty 318 151 0 2.50189 1.75595 -4.17486 8.35 0.0271597 -0.0521247 0.0809034 
qwerty 318 151 0 2.50189 1.98255 -4.60975 9.025 0.0271597 -0.0521247 0.0809034 
qwerty 318 151 0 2.50189 2.20915 -5.04465 9.7 0.0271597 -0.0521247 0.0809034 
qwerty 318 151 0 2.50189 2.43575 -5.47954 10.375 0.0271597 -0.0521247 0.0809034 
qwerty 318 151 0 2.42232 2.57925 -5.92648 11.05 0.0159325 -0.054659 0.0822104 
qwerty 318 151 0 2.42232 2.71007 -6.37527 11.725 0.0159325 -0.054659 0.0822104 
qwerty 318 151 0 2.42232 2.84089 -6.82405 12.4 0.0159325 -0.054659 0.0822104 
qwerty 318 151 0 1.44913 2.81894 -6.98373 13.075 -0.00971153 -0.0111038 0.098906 
qwerty 318 151 0 1.44913 2.75266 -7.05951 13.75 -0.00971153 -0.0111038 0.098906 
qwerty 318 151 0 1.44913 2.68638 -7.13529 14.425 -0.00971153 -0.0111038 0.098906 
qwerty 318 151 0 1.44913 2.62011 -7.21107 15.1 -0.00971153 -0.0111038 0.098906 
qwerty 318 151 0 1.44913 2.55383 -7.28685 15.775 -0.00971153 -0.0111038 0.098906 
qwerty 318 151 0 1.44913 2.48755 -7.36263 16.45 -0.00971153 -0.0111038 0.098906 
qwerty 318 151 0 1.44913 2.42127 -7.43841 17.125 -0.00971153 -0.0111038 0.098906 
qwerty 318 151 0 1.44913 2.35499 -7.51419 17.8 -0.00971153 -0.0111038 0.098906 
qwerty 318 151 0 1.44913 2.28872 -7.58997 18.475 -0.00971153 -0.0111038 0.098906 
qwerty 318 151 0 1.44913 2.22244 -7.66575 19.15 -0.00971153 -0.0111038 0.098906 
qwerty 318 151 0 1.44913 2.15616 -7.74153 19.825 -0.00971153 -0.0111038 0.098906 
qwerty 318 151 0 0.259723 3.03652 -7.74969 19.325 0.0842301 -5.46947e-05 -0.0539008 
qwerty 317 151 0 0.17282 1.07908 -2.83459 6.325 0.0282006 -0.048451 0.0828084 
qwerty 317 151 0 0.17282 1.30895 -3.22953 7 0.0282006 -0.048451 0.0828084 
qwerty 315 151 0 0.183936 0.501138 -1.60906 4.3 0.0206805 -0.0484284 0.0850118 
qwerty 314 160 0 0.510999 0.65023 -3.2059 5.825 0.00976138 -0.0419505 -0.0902489 
qwerty 314 160 0 0.510999 0.723238 -3.51966 5.15 0.00976138 -0.0419505 -0.0902489 
qwerty 314 160 0 0.396084 0.770721 -3.38305 4.475 0.00574982 0.0340329 -0.0938547 
qwerty 313 160 0 0.510999 0.523141 -2.65972 7 -0.00976138 0.0419505 0.0902489 
qwerty 313 160 0 0.510999 0.450132 -2.34596 7.675 -0.00976138 0.0419505 0.0902489 
qwerty 312 160 0 2.83371 0.456209 -3.39977 7 -0.0176053 -0.0550591 0.0815999 
qwerty 312 160 0 2.83371 0.310577 -3.85523 7.675 -0.0176053 -0.0550591 0.0815999 
qwerty 312 160 0 2.83371 0.164944 -4.31068 8.35 -0.0176053 -0.0550591 0.0815999 
qwerty 361 312 0.558657 1.319 0.325294 -4.1912 8.62996 0.0636804 0.0760049 0.0129634 
qwerty 361 312 0.626573 0.692426 0.389232 -3.95071 8.72574 0.0377873 0.0556572 0.0739892 
qwerty 361 312 0.33921 0.353216 0.429032 -3.96192 8.90396 -0.0283327 -0.0714457 -0.0639748 
qwerty 361 312 0.349056 0.00415997 0.411234 -4.0068 8.86378 0.0430806 -0.0662747 -0.0612514 
qwerty 361 312 0.00415997 0 0.411247 -4.00682 8.86376 0.0430806 -0.0662747 -0.0612514 
qwerty 309 160 0 0.645692 0.565524 -2.65264 6.325 0.0113739 -0.0649423 0.0751873 
qwerty 308 160 0 3.95341 0.941438 -2.59876 6.325 0.056337 -0.0505976 0.0653148 
qwerty 308 160 0 3.95341 1.52366 -3.12166 7 0.056337 -0.0505976 0.0653148 
qwerty 308 160 0 3.95341 2.10587 -3.64457 7.675 0.056337 -0.0505976 0.0653148 
qwerty 308 160 0 3.95341 2.68809 -4.16747 8.35 0.056337 -0.0505976 0.0653148 
qwerty 308 160 0 3.95341 3.27031 -4.69037 9.025 0.056337 -0.0505976 0.0653148 
qwerty 308 160 0 3.95341 3.85253 -5.21328 9.7 0.056337 -0.0505976 0.0653148 
qwerty 308 160 0 3.95341 4.43475 -5.73618 10.375 0.056337 -0.0505976 0.0653148 
qwerty 308 160 0 3.95341 5.00685 -6.25 11.0383 0.056337 -0.0505976 0.0653148 
qwerty 308 160 0 3.95341 5.01696 -6.25908 11.05 0.056337 -0.0505976 0.0653148 
qwerty 308 160 0 3.95341 5.59918 -6.78199 11.725 0.056337 -0.0505976 0.0653148 
qwerty 308 160 0 3.95341 6.1814 -7.30489 12.4 0.056337 -0.0505976 0.0653148 
qwerty 308 160 0 3.95341 6.76362 -7.8278 13.075 0.056337 -0.0505976 0.0653148 
qwerty 308 160 0 3.95341 7.34584 -8.3507 13.75 0.056337 -0.0505976 0.0653148 
qwerty 308 160 0 3.95341 7.92806 -8.8736 14.425 0.056337 -0.0505976 0.0653148 
qwerty 308 160 0 3.95341 8.51027 -9.39651 15.1 0.056337 -0.0505976 0.0653148 
qwerty 371 368 0 0.359752 7.72702 -8.93523 15.775 -0.0733113 0.0416753 0.0537459 
qwerty 370 368 0 0.354701 9.84664 -8.75 15.032 0.0881582 0.046479 -0.00823595 
qwerty 370 368 0 0.354701 14.4712 -6.31184 14.6 0.0881582 0.046479 -0.00823595 
qwerty 307 206 0 0.362245 -1.54888 2.69055 1.775 0.0141861 0.0582054 -0.080068 
qwerty 307 206 0 0.362245 -1.42928 3.18124 1.1 0.0141861 0.0582054 -0.080068 
qwerty 307 206 0 0.362245 -1.30969 3.67193 0.425 0.0141861 0.0582054 -0.080068 
qwerty 307 206 0 0.163081 -1.57183 3.74603 0.925 -0.0449515 0.00903219 0.0888695 
qwerty 304 206 0 4.63737 -3.9531 3.75 2.86453 -0.0690989 0.0704637 0.0161309 
qwerty 304 206 0 4.63737 -4.31924 4.12336 2.95 -0.0690989 0.0704637 0.0161309 
qwerty 304 206 0 4.63737 -6.25 6.09226 3.40073 -0.0690989 0.0704637 0.0161309 
qwerty 304 206 0 4.63737 -7.21069 7.07192 3.625 -0.0690989 0.0704637 0.0161309 
qwerty 304 206 0 3.11595 -8.75 9.36227 3.32328 -0.0553239 0.0825634 -0.0110703 
qwerty 304 206 0 3.11595 -9.7409 10.841 3.125 -0.0553239 0.0825634 -0.0110703 
qwerty 304 206 0 0.251934 -11.6404 13.6758 2.74491 0.0279448 -0.0903257 -0.0325631 
qwerty 304 206 0 0.251934 -11.3873 12.8578 2.45 0.0279448 -0.0903257 -0.0325631 
qwerty 381 304 0.142739 2.72128 -11.6879 13.75 2.73794 -0.0535848 0.0841034 0.00743493 
qwerty 381 304 0.840539 1.88074 -12.0015 14.0313 2.83332 -0.0577899 0.0629377 0.0519537 
qwerty 381 304 0.440241 1.4405 -12.1313 14.1726 2.95 -0.00345414 0.0670954 0.0740694 
qwerty 381 304 0.139642 0.851346 -12.0952 14.2367 2.88812 0.0444474 -0.00799755 -0.0892214 
qwerty 381 304 0.0992084 0.752138 -12.0651 14.2127 2.82588 0.0496267 -0.00825427 -0.0864237 
qwerty 381 304 0.2321 0.520038 -12.0204 14.2361 2.75592 0.0735168 0.0295598 -0.0610041 
qwerty 381 304 0.208342 0.311696 -11.994 14.2876 2.66499 -0.0861258 -0.0491722 0.0128235 
qwerty 381 304 0.311696 0 -12.0387 14.2621 2.67165 -0.0861258 -0.0491722 0.0128235 
qwerty 303 209 0 0.510999 -14.6842 31.6072 29.275 -0.0864955 0.00849637 0.0494604 
qwerty 303 209 0 0.433285 -15.3671 31.6743 29.6655 -0.0857412 0.0509537 0.00722319 
qwerty 303 209 0 0.433285 -18.7442 33.6811 29.95 -0.0857412 0.0509537 0.00722319 
qwerty 383 303 0.0777135 0 -15.3684 31.6711 29.6695 -0.0241114 -0.0606686 0.0757493 
qwerty 302 209 0 0.510999 -12.6294 31.4053 28.1 0.0864955 -0.00849637 -0.0494604 
qwerty 301 209 0 0.665902 -13.9147 31.5232 28.1 -0.0485585 0.003799 -0.0873364 
qwerty 301 209 0 0.665902 -14.29 31.5526 27.425 -0.0485585 0.003799 -0.0873364 
qwerty 301 209 0 0.665902 -14.6653 31.582 26.75 -0.0485585 0.003799 -0.0873364 
qwerty 301 209 0 0.665902 -15.0406 31.6113 26.075 -0.0485585 0.003799 -0.0873364 
qwerty 300 234 0 0.510999 0.914338 0.0695753 8.525 -0.00190141 -0.0134771 -0.0990694 
qwerty 300 234 0 0.510999 0.901383 -0.0222499 7.85 -0.00190141 -0.0134771 -0.0990694 
qwerty 300 234 0 0.510999 0.888428 -0.114075 7.175 -0.00190141 -0.0134771 -0.0990694 
qwerty 300 234 0 0.504947 0.891067 -0.300848 6.5 0.000682862 -0.0284045 -0.0958787 
qwerty 300 234 0 0.504947 0.833051 -0.557826 5.825 -0.0101654 -0.0371591 -0.0922814 
qwerty 298 242 0 0.510999 1.46863 -1.33331 7 0.0366637 -0.0445571 0.0816727 
qwerty 297 242 0 0.510999 1.40008 -1.25 6.84729 -0.0366637 0.0445571 -0.0816727 
qwerty 297 242 0 0.510999 1.24418 -1.06053 6.5 -0.0366637 0.0445571 -0.0816727 
qwerty 343 319 0.946788 13.7666 3.1737 -10.4989 15.775 -0.0353928 -0.00952034 0.0930415 
qwerty 343 319 1.28746 5.14903 2.99582 -10.5264 16.45 0.00533987 -0.00230368 0.0998308 
qwerty 137 92 1.33903 4.71475 2.10072 -5.51192 8.33456 0.0879998 -0.0262358 0.0395944 
qwerty 137 92 0.056445 4.65831 2.13504 -5.52215 8.35 0.0926724 -0.0349073 0.0139033 
qwerty 125 101 0 0.284178 0.884152 -4.74417 7.175 0.0923302 0.0248115 -0.0293176 
qwerty 411 99 0 0.510999 -0.469087 -4.59126 7 -0.0764164 -0.0502816 0.0404017 
qwerty 411 99 0 0.335335 -1.24231 -5.10003 7.40881 0.0200324 -0.081723 0.0540374 
qwerty 411 99 0 0.335335 -1.14363 -5.50261 7.675 0.0200324 -0.081723 0.0540374 
qwerty 411 99 0 0.335335 -0.960426 -6.25 8.1692 0.0200324 -0.081723 0.0540374 
qwerty 411 99 0 0.335335 -0.893399 -6.52344 8.35 0.0200324 -0.081723 0.0540374 
qwerty 411 99 0 0.335335 -0.643167 -7.54427 9.025 0.0200324 -0.081723 0.0540374 
qwerty 411 99 0 0.335335 -0.392935 -8.5651 9.7 0.0200324 -0.081723 0.0540374 
qwerty 412 411 0.0123964 0.163267 -1.24683 -5.09846 7.40953 -0.0597689 0.00330604 0.0801046 
qwerty 412 411 0.0105495 0.152718 -1.24789 -5.09801 7.41135 -0.0708747 -0.00418082 0.0704223 
qwerty 412 411 0.00514452 0.147573 -1.24922 -5.09771 7.41281 -0.0716163 -0.00537126 0.0695863 
qwerty 412 411 0.00181594 0.145757 -1.25 -5.09777 7.41357 -0.0624839 -0.0017943 0.0780548 
qwerty 412 411 0.00381985 0.141937 -1.25069 -5.09772 7.41472 -0.0622615 0.016857 0.0764156 
qwerty 412 411 0.00452725 0.13741 -1.25146 -5.09728 7.41573 -0.0674407 0.0373868 0.0636709 
qwerty 412 411 0.00461761 0.132792 -1.2524 -5.09649 7.4169 -0.0355971 0.0288542 0.0888835 
qwerty 412 411 0.00524753 0.127545 -1.25263 -5.09604 7.41829 -0.0175401 0.0424338 0.0888353 
qwerty 412 411 0.004463 0.123082 -1.25266 -5.0952 7.41973 -0.0188374 0.0443934 0.0876035 
qwerty 412 411 0.00550144 0.11758 -1.25296 -5.09473 7.42101 0.0490321 -0.0744594 -0.0452952 
qwerty 412 411 0.00373368 0.113847 -1.2524 -5.09586 7.42013 0.0256091 -0.0825687 -0.0502652 
qwerty 412 411 0.0141296 0.0997172 -1.25207 -5.0971 7.41966 0.0341738 -0.0843164 -0.0415079 
qwerty 412 411 0.00366349 0.0960537 -1.25139 -5.09808 7.4193 0.024818 -0.0772463 -0.0584557 
qwerty 412 411 0.00622466 0.0898291 -1.2514 -5.09935 7.41828 -0.00798293 -0.090412 -0.0419755 
qwerty 412 411 0.00903452 0.0807945 -1.25132 -5.10084 7.41775 0.00652354 -0.0715739 -0.0695314 
qwerty 412 411 0.00533596 0.0754586 -1.25137 -5.10149 7.41652 0.00397025 -0.0504723 -0.0862368 
qwerty 412 411 0.00451343 0.0709452 -1.25081 -5.10228 7.41533 0.0404882 -0.0119265 -0.0906557 
qwerty 412 411 0.00958831 0.0613568 -1.25046 -5.10253 7.41398 0.0147379 -0.0529229 -0.0835581 
qwerty 412 411 0.012361 0.0489958 -1.25048 -5.10338 7.41281 -0.00668128 -0.0976643 -0.0204219 
qwerty 412 411 0.0102649 0.0387309 -1.25001 -5.10468 7.4125 0.0403144 -0.0438807 -0.0803072 
qwerty 412 411 8.67716e-05 0.0386441 -1.25 -5.10469 7.41249 0.0355684 -0.0406305 -0.0841668 
qwerty 412 411 0.00133038 0.0373137 -1.24994 -5.10472 7.41235 0.0448059 -0.026706 -0.0853184 
qwerty 412 411 0.000651651 0.0366621 -1.24988 -5.10474 7.41223 0.0392494 -0.0384703 -0.0835435 
qwerty 412 411 0.000819396 0.0358427 -1.24983 -5.10478 7.41211 0.0443752 -0.0341048 -0.0828716 
qwerty 412 411 0.0011272 0.0347155 -1.24978 -5.10484 7.41199 0.0329627 -0.0186815 -0.0925444 
qwerty 412 411 0.00142811 0.0332874 -1.24973 -5.10489 7.41187 0.0415549 -0.0240105 -0.0877308 
qwerty 412 411 0.00132496 0.0319624 -1.24965 -5.10496 7.41174 0.0598876 -0.0391671 -0.0698529 
qwerty 412 411 0.00325943 0.028703 -1.2495 -5.105 7.41161 0.0708918 -0.00746188 -0.0701332 
qwerty 412 411 0.00328606 0.0254169 -1.24928 -5.10506 7.41144 0.0823433 -0.0205128 -0.0529037 
qwerty 412 411 0.00334621 0.0220707 -1.24899 -5.10499 7.41115 0.0187948 -0.000105557 -0.0982178 
qwerty 412 411 0.0207326 0.00133813 -1.24924 -5.10485 7.41063 -0.0673214 -0.0548293 -0.0496142 
qwerty 412 411 0.00133813 0 -1.24924 -5.10485 7.41063 -0.0673214 -0.0548293 -0.0496142 
qwerty 410 99 0 0.409257 0.883871 -2.67796 5.825 0.0171295 0.0883131 -0.0436734 
qwerty 410 99 0 0.409257 1.18148 -1.25 5.16757 0.0187922 0.089366 -0.0407502 
qwerty 410 99 0 0.409257 1.18958 -1.21148 5.15 0.0187922 0.089366 -0.0407502 
qwerty 410 99 0 0.363718 1.25 -0.735845 4.8194 -0.00624578 0.0590194 -0.0804841 
qwerty 410 99 0 0.363718 1.22327 -0.483292 4.475 -0.00624578 0.0590194 -0.0804841 
qwerty 410 99 0 0.363718 1.17089 0.0116884 3.8 -0.00624578 0.0590194 -0.0804841 
qwerty 409 99 0 0.286406 0.451424 -3.75 6.5004 -0.0733679 0.0594882 0.0328377 
qwerty 409 99 0 0.286406 -0.664804 -2.84494 7 -0.0733679 0.0594882 0.0328377 
qwerty 407 125 0 0.510999 1.25 -4.91269 7.25564 0.0891771 -0.0403434 0.0204902 
qwerty 407 125 0 0.510999 3.07512 -5.73837 7.675 0.0891771 -0.0403434 0.0204902 
qwerty 406 125 0 0.62727 1.71199 -4.38385 6.5 0.0736697 0.0323786 -0.0593666 
qwerty 405 125 0 0.700883 0.622806 -4.84309 7.675 -0.0388632 -0.00941692 0.0916568 
qwerty 405 125 0 0.700883 0.336601 -4.91244 8.35 -0.0388632 -0.00941692 0.0916568 
qwerty 405 125 0 0.700883 0.0503955 -4.98179 9.025 -0.0388632 -0.00941692 0.0916568 
qwerty 405 125 0 0.700883 -0.23581 -5.05114 9.7 -0.0388632 -0.00941692 0.0916568 
qwerty 405 125 0 0.700883 -0.522015 -5.12049 10.375 -0.0388632 -0.00941692 0.0916568 
qwerty 405 125 0 0.700883 -0.808221 -5.18984 11.05 -0.0388632 -0.00941692 0.0916568 
qwerty 405 125 0 0.700883 -1.09443 -5.25919 11.725 -0.0388632 -0.00941692 0.0916568 
qwerty 405 125 0 0.700883 -1.38063 -5.32854 12.4 -0.0388632 -0.00941692 0.0916568 
qwerty 405 125 0 0.700883 -1.66684 -5.39789 13.075 -0.0388632 -0.00941692 0.0916568 
qwerty 405 125 0 0.700883 -1.95304 -5.46724 13.75 -0.0388632 -0.00941692 0.0916568 
qwerty 405 125 0 0.678531 -2.33749 -5.6645 14.425 -0.0491192 -0.0266993 0.0829123 
qwerty 405 125 0 0.678531 -2.73737 -5.88186 15.1 -0.0491192 -0.0266993 0.0829123 
qwerty 405 125 0 0.678531 -3.13726 -6.09922 15.775 -0.0491192 -0.0266993 0.0829123 
qwerty 405 125 0 0.678531 -3.41465 -6.25 16.2432 -0.0491192 -0.0266993 0.0829123 
qwerty 405 125 0 0.678531 -3.53714 -6.31658 16.45 -0.0491192 -0.0266993 0.0829123 
qwerty 405 125 0 0.678531 -3.75 -6.43229 16.8093 -0.0491192 -0.0266993 0.0829123 
qwerty 405 125 0 0.678531 -3.93703 -6.53395 17.125 -0.0491192 -0.0266993 0.0829123 
qwerty 405 125 0 0.678531 -4.33691 -6.75131 17.8 -0.0491192 -0.0266993 0.0829123 
qwerty 405 125 0 0.678531 -4.7368 -6.96867 18.475 -0.0491192 -0.0266993 0.0829123 
qwerty 405 125 0 0.678531 -5.13668 -7.18603 19.15 -0.0491192 -0.0266993 0.0829123 
qwerty 404 137 0 0.510999 3.41466 -6.49003 9.025 0.0729779 -0.0557686 0.0395486 
qwerty 427 404 0.00890726 0.327121 3.42898 -6.49068 9.02081 0.038746 0.0520317 -0.0761016 
qwerty 427 404 0.0171944 0.309926 3.43086 -6.48794 9.01649 0.0534896 0.024368 -0.0809015 
qwerty 427 404 0.0102194 0.299707 3.43341 -6.48598 9.01244 0.033188 0.0240551 -0.0912135 
qwerty 427 404 0.0127955 0.286911 3.43492 -6.48502 9.00668 0.0490996 0.0283699 -0.0823673 
qwerty 427 404 0.0211746 0.265737 3.43887 -6.48253 8.99818 0.070425 0.0126416 -0.0698606 
qwerty 427 404 0.0381535 0.227583 3.44488 -6.4805 8.98456 0.0375466 -0.0322104 -0.0869065 
qwerty 427 404 0.0829998 0.144584 3.44291 -6.48278 8.96118 0.0170196 0.0649165 -0.0741363 
qwerty 427 404 0.144584 0 3.44547 -6.47299 8.95001 0.0170196 0.0649165 -0.0741363 
qwerty 403 137 0 0.218622 2.7094 -5.21832 7.85 0.0676587 0.0430656 -0.0597299 
qwerty 401 343 0 0.510999 1.19255 -10.6522 15.95 -0.0939914 -0.0112707 -0.0322271 
qwerty 400 343 0 0.326595 3.64102 -10.1964 15.95 0.0670492 0.0259158 -0.0695182 
qwerty 400 343 0 0.326595 4.29205 -9.94473 15.275 0.0670492 0.0259158 -0.0695182 
qwerty 400 343 0 0.326595 4.94308 -9.69309 14.6 0.0670492 0.0259158 -0.0695182 
qwerty 400 343 0 0.326595 5.5941 -9.44146 13.925 0.0670492 0.0259158 -0.0695182 
qwerty 399 343 0 0.533761 1.48473 -9.93945 15.95 -0.0931163 0.0149822 -0.0332399 
qwerty 399 343 0 0.533761 -0.406169 -9.63521 15.275 -0.0931163 0.0149822 -0.0332399 
qwerty 399 343 0 0.533761 -2.29707 -9.33097 14.6 -0.0931163 0.0149822 -0.0332399 
qwerty 434 399 0 0.662346 2.95344 -10.1878 16.45 -0.00277393 -0.0440754 0.0897199 
qwerty 434 399 0.020884 0.42097 2.96161 -10.1924 16.4392 0.0733272 0.0122633 -0.0668785 
qwerty 434 399 0.0166992 0.404271 2.96847 -10.191 16.4334 0.0914772 0.0143583 -0.0377591 
qwerty 434 399 0.00351776 0.389713 2.9708 -10.1908 16.4325 0.0859299 -0.0102485 -0.0501101 
qwerty 434 399 0.0246571 0.365056 2.98364 -10.1916 16.4289 0.0877321 -0.0451585 -0.0162416 
qwerty 434 399 0.0208777 0.344178 2.99616 -10.194 16.4267 0.0930782 -0.0188146 0.0313441 
qwerty 434 399 0.0285937 0.315584 3.00929 -10.1929 16.4296 0.0450662 0.039191 0.0802066 
qwerty 434 399 0.019419 0.296165 3.01346 -10.1843 16.4386 0.0273961 0.0593483 0.0756784 
qwerty 434 399 0.0365115 0.259654 3.01756 -10.1766 16.4443 0.0203144 0.0824606 0.0527974 
qwerty 434 399 0.0223247 0.237329 3.01976 -10.1677 16.45 -0.00427525 0.0480047 0.08762 
qwerty 438 434 0.00029101 0 3.04148 -10.178 16.4008 0.0900025 0.01629 -0.0404251 
qwerty 439 438 0.0107495 0 3.04138 -10.1781 16.4008 -0.0625603 -0.0650284 0.0430988 
qwerty 398 343 0 4.43488 2.99897 -10.4806 16.45 -0.0225541 0.00961831 0.0969474 
qwerty 398 343 0 4.43488 2.84193 -10.4136 17.125 -0.0225541 0.00961831 0.0969474 
qwerty 398 343 0 4.43488 2.6849 -10.3466 17.8 -0.0225541 0.00961831 0.0969474 
qwerty 398 343 0 4.43488 2.52787 -10.2797 18.475 -0.0225541 0.00961831 0.0969474 
qwerty 398 343 0 4.43488 2.37083 -10.2127 19.15 -0.0225541 0.00961831 0.0969474 
qwerty 398 343 0 4.43488 2.2138 -10.1457 19.825 -0.0225541 0.00961831 0.0969474 
qwerty 398 343 0 4.43488 2.05676 -10.0788 20.5 -0.0225541 0.00961831 0.0969474 
qwerty 398 343 0 4.43488 1.89973 -10.0118 21.175 -0.0225541 0.00961831 0.0969474 
qwerty 398 343 0 4.43488 1.7427 -9.94482 21.85 -0.0225541 0.00961831 0.0969474 
qwerty 398 343 0 4.43488 1.58566 -9.87785 22.525 -0.0225541 0.00961831 0.0969474 
qwerty 398 343 0 4.43488 1.42863 -9.81089 23.2 -0.0225541 0.00961831 0.0969474 
qwerty 398 343 0 4.43488 1.27159 -9.74392 23.875 -0.0225541 0.00961831 0.0969474 
qwerty 398 343 0 4.43488 1.11456 -9.67695 24.55 -0.0225541 0.00961831 0.0969474 
qwerty 398 343 0 4.43488 0.957525 -9.60998 25.225 -0.0225541 0.00961831 0.0969474 
qwerty 397 343 0 0.819989 3.05542 -10.5987 16.45 -0.0113951 -0.013493 0.0984281 
qwerty 397 343 0 0.819989 2.97728 -10.6912 17.125 -0.0113951 -0.013493 0.0984281 
qwerty 397 343 0 0.819989 2.89913 -10.7837 17.8 -0.0113951 -0.013493 0.0984281 
qwerty 397 343 0 0.819989 2.82099 -10.8763 18.475 -0.0113951 -0.013493 0.0984281 
qwerty 397 343 0 0.488707 3.53944 -11.25 19.1466 0.0699476 -0.035762 0.0618742 
qwerty 397 343 0 0.488707 3.54325 -11.2519 19.15 0.0699476 -0.035762 0.0618742 
qwerty 397 343 0 0.488707 3.75 -11.3577 19.3329 0.0699476 -0.035762 0.0618742 
qwerty 397 343 0 0.488707 4.30632 -11.6421 19.825 0.0699476 -0.035762 0.0618742 
qwerty 397 343 0 0.488707 5.06939 -12.0322 20.5 0.0699476 -0.035762 0.0618742 
qwerty 395 343 0 0.465996 3.40719 -10.906 15.775 0.0105278 -0.0638361 0.0762504 
qwerty 441 398 0.590789 1.08535 0.814591 -9.624 25.6963 -0.0800731 -0.0247007 0.0545726 
qwerty 441 398 0.375162 0.710187 0.629029 -9.66139 25.7801 -0.0929858 0.00452227 -0.0365129 
qwerty 441 398 0.349853 0.360334 0.519181 -9.63492 25.669 -0.08802 0.0387444 -0.0274109 
qwerty 441 398 0.360334 0 0.462197 -9.60984 25.6512 -0.0831425 -0.0485034 -0.0271061 
qwerty 448 442 0 0.510999 1.60442 -8.75 25.7483 0.0592212 0.0737819 0.0323896 
qwerty 448 442 0 0.510999 1.88178 -8.40444 25.9 0.0592212 0.0737819 0.0323896 
