qwerty 1 0 0 200 0 0 -0.249995 0 0 0.1 
qwerty 3 1 0 169.301 -0.105428 0.190021 0.25 -0.0193384 0.0348549 0.0917124 
qwerty 3 1 0 169.301 -0.247758 0.446552 0.925 -0.0193384 0.0348549 0.0917124 
qwerty 3 1 0 169.301 -0.390088 0.703082 1.6 -0.0193384 0.0348549 0.0917124 
qwerty 4 3 0 3.30319 -0.229005 1.40796 1.775 -0.0280227 0.0944091 -0.017368 
qwerty 4 3 0.0909102 2.52775 -0.216163 1.46365 1.82084 0.0370644 0.0698827 0.0611771 
qwerty 4 3 0.791278 1.73647 -0.189975 1.78426 2.07324 0.0308796 0.0516325 0.0798782 
qwerty 4 3 0.399146 1.33733 -0.111978 1.91468 2.275 0.0386504 -0.0154964 0.0909176 
qwerty 4 3 0.173149 0.950969 -0.0725749 1.84936 2.19039 0.0230833 -0.075865 -0.0609233 
qwerty 4 3 0.198688 0.75228 -0.0366536 1.75065 2.15977 0.0102189 -0.0689677 -0.0716871 
qwerty 4 3 0.173121 0.579159 -0.0557544 1.69875 2.07206 -0.0915552 -0.0379122 0.013428 
qwerty 4 3 0.241053 0.338107 -0.163822 1.68382 2.05186 -0.00531123 0.0946417 -0.031855 
qwerty 4 3 0.338107 0 -0.166944 1.73944 2.03314 -0.00531123 0.0946417 -0.031855 
qwerty 18 4 0.0469884 0.359055 -0.21974 1.45274 1.84656 0.0214373 -0.0236267 0.0947746 
qwerty 18 4 0.0775879 0.281467 -0.201261 1.4558 1.87892 0.0178168 -0.0259041 0.0949291 
qwerty 18 4 0.281467 0 -0.193372 1.44433 1.92095 0.0178168 -0.0259041 0.0949291 
qwerty 17 4 0 0.385177 -0.150431 2.12702 2.275 0.00886126 0.0817593 0.0568937 
qwerty 16 4 0 0.262783 -0.14671 1.45374 1.95634 -0.00201822 -0.0536483 0.084367 
qwerty 16 4 0 0.262783 -0.154333 1.25111 2.275 -0.00201822 -0.0536483 0.084367 
qwerty 16 4 0 0.262783 -0.170481 0.82188 2.95 -0.00201822 -0.0536483 0.084367 
qwerty 21 16 0.0730627 0 -0.144592 1.45773 1.95758 0.0452013 0.0852196 0.0263525 
qwerty 15 4 0 0.207374 0.0838402 1.61014 1.80696 -0.0617778 -0.0121896 0.0776847 
qwerty 15 4 0 0.207374 -0.28836 1.5367 2.275 -0.0617778 -0.0121896 0.0776847 
qwerty 24 15 0.0468233 0.234736 0.0991612 1.62129 1.79539 0.0683717 0.0529866 -0.0501769 
qwerty 24 15 0.0232501 0.211486 0.104706 1.63009 1.79058 0.0451588 0.0798114 -0.0398851 
qwerty 24 15 0.0320825 0.179403 0.110808 1.63704 1.78759 -0.00471353 0.0897784 -0.0437908 
qwerty 24 15 0.0182697 0.161133 0.109781 1.64134 1.78429 -0.0728172 0.0635323 -0.0257158 
qwerty 24 15 0.0153891 0.145744 0.105758 1.64433 1.78435 -0.089714 0.0440697 0.00304367 
qwerty 24 15 0.0187116 0.127033 0.101502 1.64726 1.7842 -0.0559479 0.074482 -0.0363631 
qwerty 24 15 0.0319596 0.0950732 0.100041 1.65169 1.78103 -0.0738677 0.0659781 -0.0138002 
qwerty 24 15 0.0192841 0.0757891 0.0975265 1.65474 1.78222 -0.0483332 0.0858137 -0.0173177 
qwerty 24 15 0.0510507 0.0247384 0.0940049 1.65711 1.78141 0.00234609 0.0873416 -0.0486409 
qwerty 24 15 0.0247384 0 0.094021 1.65771 1.78107 0.00234609 0.0873416 -0.0486409 
qwerty 13 4 0 4.22433 -0.303884 2.3423 2.275 -0.00363387 0.0891296 0.0451963 
qwerty 13 4 0 4.22433 -0.358155 3.67343 2.95 -0.00363387 0.0891296 0.0451963 
qwerty 13 4 0 4.22433 -0.412427 5.00457 3.625 -0.00363387 0.0891296 0.0451963 
qwerty 13 4 0 4.22433 -0.463204 6.25 4.25654 -0.00363387 0.0891296 0.0451963 
qwerty 13 4 0 4.22433 -0.466698 6.3357 4.3 -0.00363387 0.0891296 0.0451963 
qwerty 13 4 0 4.22433 -0.520969 7.66684 4.975 -0.00363387 0.0891296 0.0451963 
qwerty 13 4 0 4.22433 -0.56513 8.75 5.52426 -0.00363387 0.0891296 0.0451963 
qwerty 13 4 0 4.22433 -0.57524 8.99797 5.65 -0.00363387 0.0891296 0.0451963 
qwerty 13 4 0 3.74596 -0.436524 10.8214 6.325 0.00839242 0.0939167 0.033305 
qwerty 29 28 0 0.797563 -0.518184 10.9629 7 -0.0205293 -0.0427913 0.0880196 
qwerty 29 28 0 0.797563 -0.675618 10.6348 7.675 -0.0205293 -0.0427913 0.0880196 
qwerty 29 28 0 0.797563 -0.833052 10.3066 8.35 -0.0205293 -0.0427913 0.0880196 
qwerty 29 28 0 0.797563 -0.990486 9.97846 9.025 -0.0205293 -0.0427913 0.0880196 
qwerty 29 28 0 0.797563 -1.14792 9.6503 9.7 -0.0205293 -0.0427913 0.0880196 
qwerty 29 28 0 0.797563 -1.25 9.43753 10.1377 -0.0205293 -0.0427913 0.0880196 
qwerty 29 28 0 0.797563 -1.30535 9.32215 10.375 -0.0205293 -0.0427913 0.0880196 
qwerty 29 28 0 0.701681 -1.57918 8.75 10.925 -0.0342365 -0.0715534 0.0608932 
qwerty 29 28 0 0.701681 -1.64946 8.60312 11.05 -0.0342365 -0.0715534 0.0608932 
qwerty 29 28 0 0.701681 -2.02897 7.80996 11.725 -0.0342365 -0.0715534 0.0608932 
qwerty 29 28 0 0.701681 -2.40848 7.01679 12.4 -0.0342365 -0.0715534 0.0608932 
qwerty 29 28 0 0.701681 -2.78799 6.22362 13.075 -0.0342365 -0.0715534 0.0608932 
qwerty 29 28 0 0.701681 -3.1675 5.43045 13.75 -0.0342365 -0.0715534 0.0608932 
qwerty 29 28 0 0.701681 -3.54701 4.63728 14.425 -0.0342365 -0.0715534 0.0608932 
qwerty 29 28 0 0.701681 -3.92652 3.84412 15.1 -0.0342365 -0.0715534 0.0608932 
qwerty 29 28 0 0.701681 -4.30603 3.05095 15.775 -0.0342365 -0.0715534 0.0608932 
qwerty 29 28 0 0.697387 -4.59025 2.28693 16.45 -0.0254217 -0.0722586 0.064284 
qwerty 29 28 0 0.697387 -4.85719 1.52819 17.125 -0.0254217 -0.0722586 0.064284 
qwerty 29 28 0 0.697387 -4.95506 1.25 17.3725 -0.0254217 -0.0722586 0.064284 
qwerty 29 28 0 0.697387 -5.12412 0.769453 17.8 -0.0254217 -0.0722586 0.064284 
qwerty 29 28 0 0.697387 -5.39106 0.010717 18.475 -0.0254217 -0.0722586 0.064284 
qwerty 29 28 0 0.697387 -5.65799 -0.748019 19.15 -0.0254217 -0.0722586 0.064284 
qwerty 29 28 0 0.697387 -5.92493 -1.50676 19.825 -0.0254217 -0.0722586 0.064284 
qwerty 29 28 0 0.470298 -6.25 -3.37465 19.5928 -0.0163677 -0.097431 -0.0154692 
qwerty 29 28 0 0.470298 -6.53331 -5.06106 19.325 -0.0163677 -0.097431 -0.0154692 
qwerty 29 28 0 0.242677 -6.52319 -5.28304 19.825 0.00646344 -0.0147912 0.0986886 
qwerty 12 4 0 0.902866 0.165748 4.17763 2.275 0.0135973 0.0971757 0.0192874 
qwerty 10 4 0 0.562938 -0.128367 2.90233 2.275 0.00489051 0.0948354 0.0313422 
qwerty 10 4 0 0.198616 1.25 1.67691 1.94527 0.0712445 -0.067698 -0.0184718 
qwerty 10 4 0 0.198616 1.90672 1.05288 1.775 0.0712445 -0.067698 -0.0184718 
qwerty 9 4 0 0.347218 0.364331 1.22221 2.275 0.0705286 0.012799 0.0697273 
qwerty 8 4 0 3.68687 1.25 6.76902 1.88526 0.0253262 0.0966932 0.00300261 
qwerty 8 4 0 3.68687 3.75 16.3138 2.18166 0.0253262 0.0966932 0.00300261 
qwerty 8 4 0 3.68687 4.53734 19.3198 2.275 0.0253262 0.0966932 0.00300261 
qwerty 8 4 0 1.82623 5.90051 23.204 1.775 0.04554 0.0782088 -0.0425381 
qwerty 8 4 0 1.82623 6.21844 23.75 1.47803 0.04554 0.0782088 -0.0425381 
qwerty 8 4 0 1.82623 6.62314 24.445 1.1 0.04554 0.0782088 -0.0425381 
qwerty 8 4 0 1.82623 7.34578 25.6861 0.425 0.04554 0.0782088 -0.0425381 
qwerty 8 4 0 1.82623 7.67416 26.25 0.11827 0.04554 0.0782088 -0.0425381 
qwerty 8 4 0 1.82623 8.06841 26.9271 -0.25 0.04554 0.0782088 -0.0425381 
qwerty 6 4 0 5.27608 -0.0958949 1.61093 2.275 0.0287359 0.0790642 0.0540657 
qwerty 6 4 0 5.27608 0.262867 2.59803 2.95 0.0287359 0.0790642 0.0540657 
qwerty 6 4 0 5.27608 0.62163 3.58513 3.625 0.0287359 0.0790642 0.0540657 
qwerty 6 4 0 5.27608 0.980392 4.57223 4.3 0.0287359 0.0790642 0.0540657 
qwerty 6 4 0 5.27608 1.25 5.31404 4.80726 0.0287359 0.0790642 0.0540657 
qwerty 6 4 0 5.27608 1.33915 5.55934 4.975 0.0287359 0.0790642 0.0540657 
qwerty 6 4 0 5.27608 1.59018 6.25 5.44729 0.0287359 0.0790642 0.0540657 
qwerty 6 4 0 5.27608 1.69792 6.54644 5.65 0.0287359 0.0790642 0.0540657 
qwerty 6 4 0 5.27608 2.05668 7.53354 6.325 0.0287359 0.0790642 0.0540657 
qwerty 6 4 0 5.27608 2.41544 8.52065 7 0.0287359 0.0790642 0.0540657 
qwerty 6 4 0 5.27608 2.7742 9.50775 7.675 0.0287359 0.0790642 0.0540657 
qwerty 6 4 0 5.27608 3.13297 10.4949 8.35 0.0287359 0.0790642 0.0540657 
qwerty 6 4 0 5.27608 3.49173 11.482 9.025 0.0287359 0.0790642 0.0540657 
qwerty 2 1 0 165.676 0.108188 -0.194995 0.25 0.0197615 -0.0356175 0.0913284 
qwerty 2 1 0 165.676 0.254243 -0.45824 0.925 0.0197615 -0.0356175 0.0913284 
qwerty 2 1 0 165.676 0.400299 -0.721486 1.6 0.0197615 -0.0356175 0.0913284 
qwerty 2 1 0 165.676 0.546354 -0.984731 2.275 0.0197615 -0.0356175 0.0913284 
qwerty 2 1 0 165.676 0.692409 -1.24798 2.95 0.0197615 -0.0356175 0.0913284 
qwerty 48 2 0.807562 30.3071 0.868943 -1.47183 3.625 0.0238691 -0.0295947 0.0924901 
qwerty 48 2 0.55807 24.6059 0.895743 -1.48585 4.19442 -0.00272949 0.00765403 0.0996693 
qwerty 48 2 0.222555 24.3833 0.892852 -1.47775 4.3 -0.00311402 0.00819467 0.099615 
qwerty 48 2 0 20.6126 0.903742 -1.40345 4.475 -0.0282403 0.0959275 -0.000635938 
qwerty 48 2 3.22147 10.0604 -0.00493773 0.251479 4.52936 -0.0712004 0.0667065 0.021926 
qwerty 48 2 0.804935 9.25272 -0.375618 0.622291 4.59099 -0.0669022 0.0717852 0.0192607 
qwerty 48 2 2.12788 7.12484 -1.17584 1.49151 4.7434 -0.0802314 0.0596252 0.0027872 
qwerty 48 2 0.150388 6.97446 -1.25 1.54662 4.74598 -0.0845381 0.0533224 0.00316898 
qwerty 48 2 1.75308 5.22138 -2.05039 2.01348 4.62574 -0.0806006 0.0547184 0.0225706 
qwerty 48 2 0.821755 4.29052 -2.36491 2.30523 4.70267 -0.0751972 0.0592628 -0.028867 
qwerty 48 2 1.24985 3.04067 -2.84373 2.62186 4.50677 -0.0834595 0.0423628 -0.0352123 
qwerty 48 2 0.127529 2.91314 -2.91903 2.66008 4.475 -0.085988 0.045903 -0.0223377 
qwerty 48 2 0.909215 1.71448 -3.34697 2.75858 4.55748 -0.0763974 0.061241 0.0203218 
qwerty 48 2 0.241776 1.47008 -3.42164 2.8282 4.6053 -0.0784955 0.0415327 0.0459728 
qwerty 48 2 0.623501 0.846574 -3.58081 2.92476 4.80804 -0.0750688 0.062973 0.0199769 
qwerty 48 2 0.427242 0.419332 -3.67999 3.06214 4.84782 -0.0272464 0.0760276 0.0589698 
qwerty 48 2 0.36998 0.0493525 -3.6567 3.13733 4.89893 0.0590822 -0.0722035 0.0359994 
qwerty 48 2 0.0493525 0 -3.65535 3.13568 4.89976 0.0590822 -0.0722035 0.0359994 
qwerty 48 2 0 0 -3.65535 3.13568 4.89976 0.0590822 -0.0722035 0.0359994 
qwerty 5 3 0.900762 91.3312 -0.502407 0.96516 2.275 -0.0178396 0.0349976 0.0919615 
qwerty 5 3 0.915746 71.4069 -0.758385 1.19284 2.95 -0.0371573 0.0291223 0.0881546 
qwerty 5 3 0.740403 56.2967 -1.04982 1.48532 3.47766 -0.0439644 0.049737 0.0747888 
qwerty 5 3 0.294868 56.0019 -1.13643 1.5833 3.625 -0.0455332 0.0500722 0.0736173 
qwerty 5 3 2.09668 28.8793 -1.84976 2.39796 4.3 -0.050092 0.0621073 0.0602783 
qwerty 5 3 1.09773 17.0324 -2.12182 3.31456 4.975 -0.00055698 0.0803165 0.0595731 
qwerty 5 3 0.908511 11.93 -2.13288 3.17058 5.65 -0.000613579 -0.0312298 0.0949965 
qwerty 47 2 1.04409 131.589 0.824873 -1.51779 3.625 0.0177444 -0.0374857 0.0909943 
qwerty 47 2 0.118352 127.127 0.857831 -1.61567 3.87145 0.0145103 -0.0378623 0.0914106 
qwerty 47 2 0.171061 126.489 0.877364 -1.66577 3.99182 0.0147278 -0.0378044 0.0913998 
qwerty 47 2 0.750846 125.738 0.927023 -1.79324 4.3 0.0141458 -0.0380165 0.0914037 
qwerty 92 47 0.020739 0.352418 0.909996 -1.83377 4.29975 0.0989483 -0.00737708 -0.0124422 
qwerty 92 47 0.0175145 0.334903 0.917701 -1.83546 4.29895 0.0959311 -0.0155778 -0.0235489 
qwerty 92 47 0.0280163 0.306887 0.925961 -1.83496 4.29649 0.0944788 -0.011604 -0.0306447 
qwerty 92 47 0.0188375 0.28805 0.933697 -1.83496 4.29354 0.0808861 -0.0115596 -0.0576525 
qwerty 92 47 0.0224371 0.265612 0.940456 -1.83692 4.29054 0.0810732 -0.0301941 -0.0501543 
qwerty 92 47 0.0154693 0.250143 0.946007 -1.84036 4.28551 0.083123 -0.000981611 -0.0555841 
qwerty 92 47 0.0165238 0.233619 0.953033 -1.84263 4.28171 0.0786067 -0.0298313 -0.0541394 
qwerty 92 47 0.0234225 0.210197 0.959594 -1.84828 4.27604 0.0679968 -0.0727718 0.00898406 
qwerty 92 47 0.0262694 0.183927 0.963684 -1.8599 4.27742 0.0234302 -0.0836438 -0.0495453 
qwerty 92 47 0.0555699 0.128357 0.969367 -1.86991 4.27109 -0.00340761 -0.0948946 -0.0313591 
qwerty 92 47 0.128357 0 0.968947 -1.88162 4.26722 -0.00340761 -0.0948946 -0.0313591 
qwerty 89 47 0.434493 0.0319641 0.95702 -1.7045 4.01959 -0.0303705 0.0850594 0.0429247 
qwerty 89 47 0.0319641 0 0.95669 -1.70358 4.02006 -0.0303705 0.0850594 0.0429247 
qwerty 91 47 0 119.238 1.01549 -2.12826 4.975 0.0115393 -0.0441797 0.0889663 
qwerty 91 47 0 119.238 1.10304 -2.46346 5.65 0.0115393 -0.0441797 0.0889663 
qwerty 91 47 0 119.238 1.19059 -2.79865 6.325 0.0115393 -0.0441797 0.0889663 
qwerty 96 91 1.02592 88.3522 1.19505 -3.15096 7 -0.00263053 -0.0460643 0.0887196 
qwerty 96 91 1.12513 80.9151 1.15849 -3.52965 7.675 -0.00719463 -0.0501028 0.0862435 
qwerty 96 91 0.582324 60.5081 1.09678 -3.75 8.18429 -0.0125764 -0.036808 0.0921249 
qwerty 96 91 0.25678 60.2513 1.07416 -3.81621 8.35 -0.0124544 -0.0374217 0.091894 
qwerty 96 91 0.862859 56.7457 0.966293 -3.94509 9.025 -0.0157884 -0.0107739 0.0981562 
qwerty 96 91 1.00103 18.6563 0.629965 -4.11307 9.7 -0.0537853 -0.0349222 0.0767306 
qwerty 96 91 0.990467 6.43602 0.226768 -4.14956 10.375 -0.0482237 0.0186628 0.0855931 
qwerty 96 91 1.19598 3.36889 0.44616 -3.73049 9.95278 0.0609037 0.0399207 -0.0685353 
qwerty 96 91 0.05884 2.15259 0.466824 -3.71714 9.93115 0.0417302 0.0281845 -0.0863958 
qwerty 96 91 0.350295 1.8023 0.493943 -3.69882 9.875 0.0243237 0.022606 -0.0943257 
qwerty 113 96 0.179198 0.978262 0.568734 -3.66081 9.89707 0.0571882 0.0534088 -0.0622657 
qwerty 113 96 0.339971 0.638292 0.589006 -3.64188 9.875 0.0587279 0.0378343 -0.0715514 
qwerty 113 96 0.0290218 0.497811 0.594524 -3.63999 9.88594 0.0832598 -0.0185931 0.0521738 
qwerty 113 96 0.0328833 0.464927 0.608897 -3.64487 9.89546 0.0833551 0.0226343 0.0503947 
qwerty 113 96 0.0357227 0.429205 0.619677 -3.64333 9.9058 0.0807772 -0.00455335 0.0587734 
qwerty 113 96 0.0485839 0.380621 0.632514 -3.64071 9.91769 0.079454 0.060702 0.00152727 
qwerty 113 96 0.0414722 0.339149 0.650151 -3.63352 9.92098 0.0966844 0.0248186 -0.00601366 
qwerty 113 96 0.0563115 0.282837 0.673517 -3.63383 9.92512 0.0999726 0.00201186 0.00119583 
qwerty 113 96 0.0626387 0.220198 0.699981 -3.62956 9.91895 0.0842819 -0.0233384 0.0484962 
qwerty 113 96 0.0759318 0.144267 0.71142 -3.63551 9.9374 0.0542211 0.000328835 0.0840236 
qwerty 113 96 0.144267 0 0.71956 -3.63546 9.95002 0.0542211 0.000328835 0.0840236 
qwerty 112 96 0 0.146672 0.0440495 -4.19097 9.875 -0.0230334 -0.0152483 -0.0961091 
qwerty 110 96 0 3.34719 0.281823 -4.9424 10.375 -0.0295418 -0.0731771 0.0614198 
qwerty 110 96 0 3.34719 -0.0428399 -5.74661 11.05 -0.0295418 -0.0731771 0.0614198 
qwerty 110 96 0 3.34719 -0.367502 -6.55082 11.725 -0.0295418 -0.0731771 0.0614198 
qwerty 110 96 0 3.34719 -0.692165 -7.35504 12.4 -0.0295418 -0.0731771 0.0614198 
qwerty 110 96 0 3.34719 -1.01683 -8.15925 13.075 -0.0295418 -0.0731771 0.0614198 
qwerty 110 96 0 3.34719 -1.25532 -8.75 13.5708 -0.0295418 -0.0731771 0.0614198 
qwerty 110 96 0 3.34719 -1.34149 -8.96346 13.75 -0.0295418 -0.0731771 0.0614198 
qwerty 110 96 0 3.34719 -1.66615 -9.76767 14.425 -0.0295418 -0.0731771 0.0614198 
qwerty 110 96 0 2.25893 -1.95528 -11.25 15.0191 -0.015625 -0.0934491 0.0319864 
qwerty 110 96 0 2.25893 -1.99478 -11.4862 15.1 -0.015625 -0.0934491 0.0319864 
qwerty 110 96 0 2.25893 -2.32451 -13.4583 15.775 -0.015625 -0.0934491 0.0319864 
qwerty 110 96 0 2.25893 -2.65424 -15.4303 16.45 -0.015625 -0.0934491 0.0319864 
qwerty 110 96 0 1.46955 -3.56505 -18.75 16.0726 -0.0272377 -0.094896 -0.0159017 
qwerty 110 96 0 1.46955 -3.77498 -19.4814 15.95 -0.0272377 -0.094896 -0.0159017 
qwerty 110 96 0 0.59611 -4.48026 -21.9386 15.5382 0.0262275 -0.0702947 0.0661118 
qwerty 110 96 0 0.59611 -4.38634 -22.1903 15.775 0.0262275 -0.0702947 0.0661118 
qwerty 110 96 0 0.59611 -4.11856 -22.908 16.45 0.0262275 -0.0702947 0.0661118 
qwerty 110 96 0 0.422386 -4.34409 -23.1982 17.125 -0.0420644 -0.0260722 0.0868955 
qwerty 118 110 0.290667 0.582776 -4.58894 -21.9954 15.4619 -0.087127 -0.0448117 0.0200199 
qwerty 118 110 0.385557 0.197219 -4.69312 -21.992 15.5102 -0.0197555 -0.000291504 0.0980287 
qwerty 118 110 0.197219 0 -4.69808 -21.9921 15.5348 -0.0197555 -0.000291504 0.0980287 
qwerty 122 116 0 0.141766 -2.08006 -9.41732 15.1 -0.0416339 0.0634767 0.0650948 
qwerty 109 96 0 0.217725 0.38603 -4.78975 10.375 -0.0214315 -0.0655176 0.072444 
qwerty 108 96 0 2.73631 -0.0281658 -5.19212 10.375 -0.044687 -0.0768618 0.0457748 
qwerty 108 96 0 2.73631 -0.643211 -6.25 11.005 -0.044687 -0.0768618 0.0457748 
qwerty 108 96 0 2.73631 -0.687124 -6.32553 11.05 -0.044687 -0.0768618 0.0457748 
qwerty 108 96 0 2.73631 -1.25 -7.29368 11.6266 -0.044687 -0.0768618 0.0457748 
qwerty 108 96 0 2.73631 -1.34608 -7.45894 11.725 -0.044687 -0.0768618 0.0457748 
qwerty 108 96 0 2.07715 -1.57848 -8.4167 12.4 -0.0128699 -0.0800521 0.0585323 
qwerty 108 96 0 2.07715 -1.7269 -9.33986 13.075 -0.0128699 -0.0800521 0.0585323 
qwerty 108 96 0 2.07715 -1.87531 -10.263 13.75 -0.0128699 -0.0800521 0.0585323 
qwerty 108 96 0 2.07715 -2.02373 -11.1862 14.425 -0.0128699 -0.0800521 0.0585323 
qwerty 108 96 0 2.07715 -2.17215 -12.1094 15.1 -0.0128699 -0.0800521 0.0585323 
qwerty 107 96 0 0.454536 0.197699 -4.52119 10.375 -0.0479534 -0.0455413 0.0750098 
qwerty 107 96 0 0.364436 0.0402565 -4.67071 10.6213 -0.0938404 -0.00304857 0.0344194 
qwerty 107 96 0 0.158881 -0.84281 -4.6994 10.9452 0.0613715 -0.0322756 -0.0720543 
qwerty 107 96 0 0.158881 -0.506227 -4.87641 10.55 0.0613715 -0.0322756 -0.0720543 
qwerty 131 107 0.205555 0 -0.866323 -4.69725 10.958 -0.0874923 0.00799674 0.0477613 
qwerty 130 107 0.0900996 0 0.0428989 -4.67489 10.6259 0.0391805 -0.0618846 0.0680823 
qwerty 133 106 0.959422 23.7637 0.934574 -4.02691 9.7 0.00238375 -0.0109132 0.0993741 
qwerty 133 106 0.204109 17.6344 1.04155 -4.12531 9.98515 0.0480303 0.0152189 0.0863798 
qwerty 133 106 0.752471 16.8819 1.25 -4.05926 10.36 0.0565344 0.00553999 0.0822992 
qwerty 133 106 0.0290424 16.8529 1.26028 -4.05826 10.375 0.056826 0.00472462 0.0821492 
qwerty 133 106 0.309928 6.77118 1.30412 -4.21424 10.6082 -0.00688867 -0.0905117 0.0419545 
qwerty 133 106 1.78672 4.98445 1.24566 -5.04957 10.9216 -0.023694 -0.0951834 0.0194607 
qwerty 133 106 1.17996 3.80449 1.08928 -5.67778 11.05 -0.0335352 -0.0942025 0.0011328 
qwerty 133 106 0.614412 1.02118 1.28471 -5.74797 10.8035 -0.00513898 -0.0556866 -0.0829011 
qwerty 133 106 0.456519 0.564663 1.18924 -5.82669 10.628 -0.0119251 -0.0712911 -0.0691041 
qwerty 133 106 0.329202 0.23546 1.17578 -5.90718 10.55 0.0920409 -0.0207681 0.0331234 
qwerty 133 106 0.0266674 0.208793 1.17839 -5.908 10.5515 0.0926393 -0.0275558 0.0256639 
qwerty 133 106 0.00723717 0.201556 1.18112 -5.90877 10.5518 0.0997267 -0.0064362 0.00362876 
qwerty 133 106 0.00527986 0.196276 1.18429 -5.9088 10.5517 0.0893627 0.0156406 0.0420676 
qwerty 133 106 0.00546691 0.190809 1.18727 -5.90882 10.5526 0.0844824 0.00568165 0.0532019 
qwerty 133 106 0.00625227 0.184557 1.19014 -5.9093 10.5542 0.0780091 -0.0205963 0.0590793 
qwerty 133 106 0.0143345 0.170222 1.1923 -5.91041 10.5564 0.0676439 -0.0171154 0.0716335 
qwerty 133 106 0.0487196 0.121503 1.19407 -5.91127 10.56 0.0446275 -0.0503968 0.0739497 
qwerty 133 106 0.0199447 0.101558 1.19665 -5.9162 10.5625 -0.00517567 -0.0863236 0.0502141 
qwerty 133 106 0.0373956 0.0641622 1.20017 -5.9202 10.5694 0.0872454 -0.048825 -0.00208712 
qwerty 133 106 0.0641622 0 1.20343 -5.92203 10.5693 0.0872454 -0.048825 -0.00208712 
qwerty 142 133 0.0656521 0.322756 1.27178 -4.22313 10.592 -0.0630357 -0.0640131 -0.0439185 
qwerty 142 133 0.0460164 0.27674 1.25904 -4.24375 10.5899 -0.0738373 -0.0674358 -0.000677672 
qwerty 142 133 0.0456957 0.231044 1.24104 -4.25527 10.5845 -0.0522436 -0.0847159 -0.0096859 
qwerty 142 133 0.0893353 0.141709 1.22754 -4.26923 10.5763 -0.0272307 -0.0958213 0.00876155 
qwerty 142 133 0.0540235 0.0876853 1.22793 -4.28114 10.5861 0.098227 -0.0157948 0.0100985 
qwerty 142 133 0.0876853 0 1.23425 -4.28215 10.5867 0.098227 -0.0157948 0.0100985 
qwerty 137 133 0.131683 0.324555 1.01797 -4.17071 10.0207 0.0142947 -0.0166916 0.0975554 
qwerty 137 133 0.324555 0 1.02586 -4.17992 10.0746 0.0142947 -0.0166916 0.0975554 
qwerty 141 133 0 3.07516 1.52554 -4.39996 11.05 0.0321348 -0.0488536 0.0811214 
qwerty 141 133 0 3.07516 1.79293 -4.80646 11.725 0.0321348 -0.0488536 0.0811214 
qwerty 141 133 0 3.07516 2.06032 -5.21297 12.4 0.0321348 -0.0488536 0.0811214 
qwerty 141 133 0 3.07516 2.32771 -5.61947 13.075 0.0321348 -0.0488536 0.0811214 
qwerty 141 133 0 3.07516 2.5951 -6.02598 13.75 0.0321348 -0.0488536 0.0811214 
qwerty 141 133 0 3.07516 2.86249 -6.43248 14.425 0.0321348 -0.0488536 0.0811214 
qwerty 141 133 0 3.07516 3.12988 -6.83899 15.1 0.0321348 -0.0488536 0.0811214 
qwerty 141 133 0 3.07516 3.39727 -7.24549 15.775 0.0321348 -0.0488536 0.0811214 
qwerty 141 133 0 3.07516 3.66466 -7.65199 16.45 0.0321348 -0.0488536 0.0811214 
qwerty 141 133 0 3.07516 3.75 -7.78174 16.6654 0.0321348 -0.0488536 0.0811214 
qwerty 141 133 0 3.07516 3.93204 -8.0585 17.125 0.0321348 -0.0488536 0.0811214 
qwerty 141 133 0 3.07516 4.19943 -8.465 17.8 0.0321348 -0.0488536 0.0811214 
qwerty 141 133 0 3.07516 4.46682 -8.87151 18.475 0.0321348 -0.0488536 0.0811214 
qwerty 141 133 0 3.07516 4.73421 -9.27801 19.15 0.0321348 -0.0488536 0.0811214 
qwerty 141 133 0 3.07516 5.0016 -9.68451 19.825 0.0321348 -0.0488536 0.0811214 
qwerty 141 133 0 3.07516 5.26899 -10.091 20.5 0.0321348 -0.0488536 0.0811214 
qwerty 141 133 0 3.07516 5.53638 -10.4975 21.175 0.0321348 -0.0488536 0.0811214 
qwerty 141 133 0 3.07516 5.80377 -10.904 21.85 0.0321348 -0.0488536 0.0811214 
qwerty 141 133 0 0.979522 5.33714 -11.6559 22.525 -0.0466733 -0.0672517 0.0574353 
qwerty 141 133 0 0.979522 4.78862 -12.4462 23.2 -0.0466733 -0.0672517 0.0574353 
qwerty 141 133 0 0.979522 4.2401 -13.2366 23.875 -0.0466733 -0.0672517 0.0574353 
qwerty 141 133 0 0.979522 3.88379 -13.75 24.3135 -0.0466733 -0.0672517 0.0574353 
qwerty 141 133 0 0.979522 3.69158 -14.027 24.55 -0.0466733 -0.0672517 0.0574353 
qwerty 141 133 0 0.979522 3.14305 -14.8173 25.225 -0.0466733 -0.0672517 0.0574353 
qwerty 141 133 0 0.979522 2.59453 -15.6077 25.9 -0.0466733 -0.0672517 0.0574353 
qwerty 140 133 0 3.04139 1.59264 -4.14456 11.05 0.0442162 -0.0137037 0.0886405 
qwerty 140 133 0 3.04139 1.92935 -4.24892 11.725 0.0442162 -0.0137037 0.0886405 
qwerty 140 133 0 3.04139 2.26605 -4.35327 12.4 0.0442162 -0.0137037 0.0886405 
qwerty 140 133 0 1.67861 2.73188 -4.03868 13.075 0.0530506 0.0363424 0.0765824 
qwerty 140 133 0 1.67861 3.15328 -3.75 13.6833 0.0530506 0.0363424 0.0765824 
qwerty 140 133 0 1.67861 3.19947 -3.71836 13.75 0.0530506 0.0363424 0.0765824 
qwerty 140 133 0 1.67861 3.66706 -3.39804 14.425 0.0530506 0.0363424 0.0765824 
qwerty 140 133 0 1.67861 4.13465 -3.07771 15.1 0.0530506 0.0363424 0.0765824 
qwerty 140 133 0 1.67861 4.60224 -2.75739 15.775 0.0530506 0.0363424 0.0765824 
qwerty 140 133 0 1.67861 5.06983 -2.43707 16.45 0.0530506 0.0363424 0.0765824 
qwerty 140 133 0 1.67861 5.53742 -2.11675 17.125 0.0530506 0.0363424 0.0765824 
qwerty 140 133 0 1.67861 6.00501 -1.79642 17.8 0.0530506 0.0363424 0.0765824 
qwerty 140 133 0 1.67861 6.25 -1.62859 18.1537 0.0530506 0.0363424 0.0765824 
qwerty 140 133 0 1.67861 6.4726 -1.4761 18.475 0.0530506 0.0363424 0.0765824 
qwerty 153 140 0.00891335 0.251638 6.72505 -1.03468 18.4721 -0.0621994 -0.0543592 -0.0563588 
qwerty 153 140 0.011428 0.24021 6.72251 -1.03724 18.4701 -0.0496433 -0.0520224 -0.0694925 
qwerty 153 140 0.0085299 0.23168 6.72051 -1.03859 18.4676 -0.0466611 -0.0255273 -0.0846823 
qwerty 153 140 0.00901049 0.22267 6.71879 -1.03972 18.4654 -0.0676371 -0.0207737 -0.070666 
qwerty 153 140 0.0111067 0.211563 6.71454 -1.04042 18.4628 -0.0790454 -0.0475046 -0.038667 
qwerty 153 140 0.0204737 0.191089 6.70899 -1.04224 18.4597 -0.0808163 -0.0551354 -0.0207078 
qwerty 153 140 0.0213056 0.169784 6.70021 -1.04418 18.4579 -0.085591 -0.0487463 -0.0172623 
qwerty 153 140 0.0310466 0.138737 6.69098 -1.04605 18.4526 -0.0247633 -0.048425 -0.0839154 
qwerty 153 140 0.0513093 0.0874277 6.68488 -1.0549 18.4478 -0.0338641 -0.0808854 -0.0480706 
qwerty 153 140 0.0874277 0 6.68271 -1.06008 18.4447 -0.0338641 -0.0808854 -0.0480706 
qwerty 151 140 0.187496 0.862457 2.24353 -4.34038 12.2984 -0.0442184 -0.0445103 -0.0778689 
qwerty 151 140 0.131093 0.731364 2.23629 -4.38519 12.2277 -0.0460953 -0.03037 -0.083384 
qwerty 151 140 0.191604 0.539761 2.16114 -4.42264 12.1659 -0.0699027 -0.0639222 -0.0320557 
qwerty 151 140 0.478462 0.0612987 2.08443 -4.49278 12.1307 0.0944064 0.0264562 -0.0196851 
qwerty 151 140 0.0612987 0 2.08769 -4.49187 12.13 0.0944064 0.0264562 -0.0196851 
qwerty 139 133 0 0.443789 1.70463 -4.1234 11.05 0.0543847 -0.00826656 0.0835103 
qwerty 136 133 0 2.40348 0.970596 -4.4066 10.375 0.00103436 -0.0499761 0.0866102 
qwerty 136 133 0 2.40348 0.978657 -4.79609 11.05 0.00103436 -0.0499761 0.0866102 
qwerty 136 133 0 2.40348 0.986719 -5.18558 11.725 0.00103436 -0.0499761 0.0866102 
qwerty 136 133 0 2.40348 0.99478 -5.57507 12.4 0.00103436 -0.0499761 0.0866102 
qwerty 136 133 0 2.40348 1.00284 -5.96456 13.075 0.00103436 -0.0499761 0.0866102 
qwerty 136 133 0 2.40348 1.00875 -6.25 13.5697 0.00103436 -0.0499761 0.0866102 
qwerty 136 133 0 2.40348 1.0109 -6.35405 13.75 0.00103436 -0.0499761 0.0866102 
qwerty 136 133 0 2.40348 1.01896 -6.74354 14.425 0.00103436 -0.0499761 0.0866102 
qwerty 136 133 0 2.40348 1.02703 -7.13303 15.1 0.00103436 -0.0499761 0.0866102 
qwerty 105 96 0 0.798216 1.08858 -3.75 8.13518 -0.0154379 -0.0424865 0.0891996 
qwerty 105 96 0 0.798216 1.0514 -3.85232 8.35 -0.0154379 -0.0424865 0.0891996 
qwerty 105 96 0 0.798216 0.934577 -4.17383 9.025 -0.0154379 -0.0424865 0.0891996 
qwerty 105 96 0 0.373985 0.888949 -4.2994 9.28864 0.0863004 -0.0441139 0.0246213 
qwerty 105 96 0 0.373985 2.33082 -5.03644 9.7 0.0863004 -0.0441139 0.0246213 
qwerty 161 105 0.106614 0.317617 0.860499 -4.31583 9.3241 -0.0412764 -0.0640638 0.0647464 
qwerty 161 105 0.317617 0 0.838458 -4.35003 9.35867 -0.0412764 -0.0640638 0.0647464 
qwerty 104 96 0 16.2617 1.08825 -3.75 8.13671 -0.0154572 -0.0423452 0.0892634 
qwerty 104 96 0 16.2617 1.05132 -3.85118 8.35 -0.0154572 -0.0423452 0.0892634 
qwerty 104 96 0 16.2617 0.934435 -4.17139 9.025 -0.0154572 -0.0423452 0.0892634 
qwerty 104 96 0 16.2617 0.81755 -4.4916 9.7 -0.0154572 -0.0423452 0.0892634 
qwerty 104 96 0 16.2617 0.700664 -4.81181 10.375 -0.0154572 -0.0423452 0.0892634 
qwerty 104 96 0 16.2617 0.583779 -5.13202 11.05 -0.0154572 -0.0423452 0.0892634 
qwerty 104 96 0 16.2617 0.466894 -5.45223 11.725 -0.0154572 -0.0423452 0.0892634 
qwerty 104 96 0 16.2617 0.350009 -5.77244 12.4 -0.0154572 -0.0423452 0.0892634 
qwerty 104 96 0 16.2617 0.233123 -6.09265 13.075 -0.0154572 -0.0423452 0.0892634 
qwerty 164 104 0.156727 11.168 0.186323 -6.25 13.331 -0.0171851 -0.0692231 0.0700916 
qwerty 164 104 1.15133 10.0167 0.0835949 -6.6638 13.75 -0.0097436 -0.0788018 0.0607893 
qwerty 164 104 1.75576 5.4914 0.587487 -7.52274 14.1384 0.0249784 -0.0951649 0.0178805 
qwerty 164 104 0.959704 4.51899 0.714749 -7.93325 14.2715 0.0200645 -0.0864991 0.0459927 
qwerty 164 104 0.733759 3.78524 0.78172 -8.22197 14.425 0.0148326 -0.0869626 0.0470904 
qwerty 167 164 0.00029101 0 0.743876 -8.05361 14.3274 0.0214373 -0.0885803 0.0411578 
qwerty 168 167 0.0124069 0 0.743792 -8.05371 14.3276 -0.0421444 -0.0503516 0.0754226 
qwerty 166 164 0 0.319593 0.0768201 -6.86016 14.425 0.00259375 -0.0222338 0.0974624 
qwerty 103 96 0 0.296773 1.20259 -3.5254 7.675 0.00115778 -0.0483202 0.0875433 
qwerty 103 96 0 0.296773 1.20798 -3.75 8.08192 0.00115778 -0.0483202 0.0875433 
qwerty 103 96 0 0.296773 1.21152 -3.89797 8.35 0.00115778 -0.0483202 0.0875433 
qwerty 102 96 0 0.200645 1.20421 -3.54758 7.675 0.00155839 -0.0508485 0.086093 
qwerty 101 96 0 3.31216 1.17233 -3.54399 7.675 -0.0031284 -0.0503709 0.0863307 
qwerty 101 96 0 3.31216 1.15953 -3.75 8.02808 -0.0031284 -0.0503709 0.0863307 
qwerty 101 96 0 3.31216 1.14787 -3.93783 8.35 -0.0031284 -0.0503709 0.0863307 
qwerty 101 96 0 3.31216 1.12341 -4.33167 9.025 -0.0031284 -0.0503709 0.0863307 
qwerty 100 96 0 1.55737 1.21096 -3.13798 7 0.00164506 -0.0442567 0.0896585 
qwerty 100 96 0 1.55737 1.22334 -3.47117 7.675 0.00164506 -0.0442567 0.0896585 
qwerty 100 96 0 1.55737 1.2337 -3.75 8.23988 0.00164506 -0.0442567 0.0896585 
qwerty 100 96 0 1.55737 1.23572 -3.80436 8.35 0.00164506 -0.0442567 0.0896585 
qwerty 100 96 0 1.55737 1.24811 -4.13755 9.025 0.00164506 -0.0442567 0.0896585 
qwerty 100 96 0 1.55737 1.26049 -4.47074 9.7 0.00164506 -0.0442567 0.0896585 
qwerty 100 96 0 1.55737 1.27288 -4.80393 10.375 0.00164506 -0.0442567 0.0896585 
qwerty 100 96 0 1.55737 1.28526 -5.13712 11.05 0.00164506 -0.0442567 0.0896585 
qwerty 100 96 0 1.55737 1.29765 -5.47031 11.725 0.00164506 -0.0442567 0.0896585 
qwerty 100 96 0 1.22861 1.39836 -5.99699 12.4 0.0123469 -0.0623174 0.0772276 
qwerty 100 96 0 1.22861 1.50628 -6.54167 13.075 0.0123469 -0.0623174 0.0772276 
qwerty 100 96 0 0.925306 1.54078 -6.7158 13.2908 -0.0378185 -0.0672625 0.0636044 
qwerty 100 96 0 0.925306 1.26774 -7.20142 13.75 -0.0378185 -0.0672625 0.0636044 
qwerty 100 96 0 0.925306 0.866389 -7.91524 14.425 -0.0378185 -0.0672625 0.0636044 
qwerty 100 96 0 0.925306 0.465041 -8.62906 15.1 -0.0378185 -0.0672625 0.0636044 
qwerty 100 96 0 0.925306 0.0636933 -9.34289 15.775 -0.0378185 -0.0672625 0.0636044 
qwerty 100 96 0 0.925306 -0.337655 -10.0567 16.45 -0.0378185 -0.0672625 0.0636044 
qwerty 100 96 0 0.925306 -0.739002 -10.7705 17.125 -0.0378185 -0.0672625 0.0636044 
qwerty 100 96 0 0.925306 -1.00859 -11.25 17.5784 -0.0378185 -0.0672625 0.0636044 
qwerty 100 96 0 0.925306 -1.14035 -11.4844 17.8 -0.0378185 -0.0672625 0.0636044 
qwerty 176 100 0.0604516 0.242848 1.55211 -6.72652 13.3038 0.0629364 -0.0556002 0.0542921 
qwerty 176 100 0.0686966 0.174151 1.56911 -6.73992 13.3142 0.0642647 -0.0431874 0.0632843 
qwerty 176 100 0.174151 0 1.58229 -6.74877 13.3272 0.0642647 -0.0431874 0.0632843 
qwerty 99 96 0 0.361908 1.25697 -3.17235 7 0.00871373 -0.0484138 0.0870642 
qwerty 99 96 0 0.361908 1.32452 -3.5477 7.675 0.00871373 -0.0484138 0.0870642 
qwerty 99 96 0 0.2948 0.824829 -3.69205 8.35 -0.0628562 -0.013843 0.0765341 
qwerty 88 47 0 0.0319306 0.924475 -1.79369 4.3 0.0142152 -0.0379727 0.0914112 
qwerty 87 47 0 1.99502 0.904969 -1.77476 4.3 0.0108136 -0.0352574 0.0929515 
qwerty 87 47 0 1.99502 0.983495 -2.03079 4.975 0.0108136 -0.0352574 0.0929515 
qwerty 87 47 0 1.99502 1.06202 -2.28683 5.65 0.0108136 -0.0352574 0.0929515 
qwerty 87 47 0 1.99502 1.14055 -2.54286 6.325 0.0108136 -0.0352574 0.0929515 
qwerty 87 47 0 1.99502 1.21907 -2.79889 7 0.0108136 -0.0352574 0.0929515 
qwerty 87 47 0 1.99502 1.25 -2.89973 7.26583 0.0108136 -0.0352574 0.0929515 
qwerty 87 47 0 1.99502 1.2976 -3.05493 7.675 0.0108136 -0.0352574 0.0929515 
qwerty 87 47 0 1.99502 1.37613 -3.31096 8.35 0.0108136 -0.0352574 0.0929515 
qwerty 87 47 0 1.62047 1.57458 -3.85676 9.025 0.022662 -0.0621251 0.0750127 
qwerty 87 47 0 1.40448 1.68683 -4.16449 9.39656 0.0514025 -0.0525389 0.0678045 
qwerty 87 47 0 1.40448 1.91686 -4.39961 9.7 0.0514025 -0.0525389 0.0678045 
qwerty 87 47 0 1.40448 2.42858 -4.92264 10.375 0.0514025 -0.0525389 0.0678045 
qwerty 87 47 0 0.273703 2.63045 -5.12897 10.6413 0.0472783 0.0643944 -0.0601508 
qwerty 87 47 0 0.273703 2.70219 -5.03125 10.55 0.0472783 0.0643944 -0.0601508 
qwerty 188 87 0.302759 0.828021 2.67947 -5.16107 10.7557 -0.00683963 -0.0333079 0.0940415 
qwerty 188 87 0.148526 0.621361 2.69999 -5.17941 10.851 -0.0385518 -0.0133357 0.0913013 
qwerty 188 87 0.224811 0.396549 2.71104 -5.149 10.9768 -0.0378551 -0.0207326 0.0902062 
qwerty 188 87 0.329683 0.0668662 2.67802 -5.16664 11.0416 -0.0284283 -0.095726 -0.00532583 
qwerty 188 87 0.0668662 0 2.67688 -5.17048 11.0414 -0.0284283 -0.095726 -0.00532583 
qwerty 187 87 0.215984 0 1.66686 -4.17962 9.41138 -0.068597 -0.0519864 0.0509103 
qwerty 190 188 0 0.0581348 2.6269 -5.37688 11.05 -0.0252321 -0.0681639 0.0686805 
qwerty 86 47 0 0.348335 0.817742 -1.51363 3.625 0.0161018 -0.0362214 0.0918082 
qwerty 85 5 0 3.158 -1.66582 1.76021 6.325 0.035664 -0.0871414 0.0336817 
qwerty 85 5 0 3.158 -1.45701 1.25 6.5222 0.035664 -0.0871414 0.0336817 
qwerty 85 5 0 3.158 -0.951092 0.0138462 7 0.035664 -0.0871414 0.0336817 
qwerty 85 5 0 0.740362 -0.551185 -0.963286 7.37768 0.0106138 -0.0750074 -0.0652781 
qwerty 85 5 0 0.740362 -0.518231 -1.19617 7.175 0.0106138 -0.0750074 -0.0652781 
qwerty 85 5 0 0.740362 -0.408481 -1.97178 6.5 0.0106138 -0.0750074 -0.0652781 
qwerty 85 5 0 0.740362 -0.29873 -2.74738 5.825 0.0106138 -0.0750074 -0.0652781 
qwerty 85 5 0 0.740362 -0.18898 -3.52299 5.15 0.0106138 -0.0750074 -0.0652781 
qwerty 85 5 0 0.740362 -0.0792299 -4.29859 4.475 0.0106138 -0.0750074 -0.0652781 
qwerty 193 85 0.55405 1.86359 -0.393 -1.29489 7.49827 0.0747521 -0.0636574 0.01897 
qwerty 193 85 0.584202 1.27938 -0.236432 -1.55541 7.62162 0.0284598 -0.00077914 0.0958615 
qwerty 193 85 0.0980629 1.18132 -0.220585 -1.55584 7.675 0.00754943 -0.000834403 0.0997111 
qwerty 193 85 0.0641669 0.679216 -0.244834 -1.58177 7.66022 -0.0950881 -0.0125036 -0.028318 
qwerty 193 85 0.0636644 0.615551 -0.281452 -1.57806 7.65096 -0.086091 0.00396191 -0.0507213 
qwerty 193 85 0.0554249 0.560126 -0.310353 -1.57554 7.625 -0.0483248 0.043969 -0.0757063 
qwerty 193 85 0.0709584 0.489168 -0.323365 -1.56873 7.58785 -0.0521324 0.0352015 -0.0777371 
qwerty 193 85 0.117264 0.371904 -0.361628 -1.55461 7.55849 -0.0479412 0.0717011 0.0506023 
qwerty 193 85 0.127598 0.244306 -0.36987 -1.51783 7.60573 -0.0635142 0.0575883 0.0514737 
qwerty 193 85 0.244306 0 -0.392376 -1.49742 7.62397 -0.0635142 0.0575883 0.0514737 
qwerty 195 194 0 0.114203 0.227841 -4.32414 3.8 0.0458978 0.0271513 -0.0845943 
qwerty 83 5 0 3.19353 -2.26156 2.39066 6.325 -0.00739802 -0.0798144 0.0597907 
qwerty 83 5 0 3.19353 -2.34508 1.48961 7 -0.00739802 -0.0798144 0.0597907 
qwerty 83 5 0 3.19353 -2.4286 0.588554 7.675 -0.00739802 -0.0798144 0.0597907 
qwerty 83 5 0 3.19353 -2.51212 -0.3125 8.35 -0.00739802 -0.0798144 0.0597907 
qwerty 83 5 0 3.19353 -2.59564 -1.21355 9.025 -0.00739802 -0.0798144 0.0597907 
qwerty 83 5 0 3.19353 -2.67916 -2.11461 9.7 -0.00739802 -0.0798144 0.0597907 
qwerty 83 5 0 3.19353 -2.76268 -3.01566 10.375 -0.00739802 -0.0798144 0.0597907 
qwerty 83 5 0 3.19353 -2.83074 -3.75 10.9251 -0.00739802 -0.0798144 0.0597907 
qwerty 83 5 0 3.19353 -2.84619 -3.91672 11.05 -0.00739802 -0.0798144 0.0597907 
qwerty 83 5 0 3.19353 -2.92971 -4.81777 11.725 -0.00739802 -0.0798144 0.0597907 
qwerty 83 5 0 0.266096 -2.99421 -5.51355 12.2462 0.0412879 0.0260606 -0.0872706 
qwerty 83 5 0 0.266096 -2.83041 -5.41016 11.9 0.0412879 0.0260606 -0.0872706 
qwerty 201 83 0.466286 2.46114 -3.01906 -5.70155 12.4 -0.00113413 -0.0819681 0.0572707 
qwerty 201 83 0.333695 0.947028 -3.06101 -5.94306 12.3756 0.00678881 -0.0837516 -0.0542178 
qwerty 201 83 0.521955 0.425074 -3.1533 -6.10042 12.2694 -0.042339 -0.0532681 -0.0732797 
qwerty 201 83 0.395723 0.0293502 -3.173 -6.18962 12.2335 -0.0551266 -0.078558 0.0281015 
qwerty 201 83 0.0293502 0 -3.17351 -6.19035 12.2338 -0.0551266 -0.078558 0.0281015 
qwerty 203 201 0.101368 0.734358 -3.06121 -5.98655 12.4 -0.0136993 -0.0688684 0.0712002 
qwerty 203 201 0.0158761 0.425633 -3.05149 -5.99534 12.3897 -0.00299112 -0.0126956 -0.0991457 
qwerty 203 201 0.0193844 0.406249 -3.05107 -5.99526 12.3781 -0.0072524 0.0249697 -0.0965604 
qwerty 203 201 0.0296683 0.37658 -3.05552 -5.98959 12.3651 -0.00615687 0.0636864 -0.0768514 
qwerty 203 201 0.0392981 0.337282 -3.06291 -5.97941 12.3459 -0.0429269 0.0539666 -0.0724216 
qwerty 203 201 0.120943 0.216339 -3.0704 -5.96862 12.3194 -0.0273268 -0.0177189 -0.0945478 
qwerty 203 201 0.216339 0 -3.07838 -5.97379 12.2918 -0.0273268 -0.0177189 -0.0945478 
qwerty 82 5 0 0.653749 -2.39503 2.6464 6.325 -0.0298841 -0.0601297 0.0741038 
qwerty 81 5 0 3.02376 -2.36018 2.62569 6.325 -0.0236489 -0.0625429 0.074358 
qwerty 81 5 0 3.02376 -2.57485 2.05794 7 -0.0236489 -0.0625429 0.074358 
qwerty 81 5 0 3.02376 -2.78953 1.4902 7.675 -0.0236489 -0.0625429 0.074358 
qwerty 81 5 0 3.02376 -2.88036 1.25 7.96057 -0.0236489 -0.0625429 0.074358 
qwerty 81 5 0 3.02376 -3.00421 0.922452 8.35 -0.0236489 -0.0625429 0.074358 
qwerty 81 5 0 3.02376 -3.21889 0.354705 9.025 -0.0236489 -0.0625429 0.074358 
qwerty 81 5 0 3.02376 -3.43356 -0.213041 9.7 -0.0236489 -0.0625429 0.074358 
qwerty 81 5 0 3.02376 -3.64824 -0.780788 10.375 -0.0236489 -0.0625429 0.074358 
qwerty 81 5 0 3.02376 -3.82566 -1.25 10.9329 -0.0236489 -0.0625429 0.074358 
qwerty 81 5 0 3.02376 -3.86292 -1.34853 11.05 -0.0236489 -0.0625429 0.074358 
qwerty 81 5 0 3.02376 -4.0776 -1.91628 11.725 -0.0236489 -0.0625429 0.074358 
qwerty 81 5 0 3.02376 -4.29228 -2.48403 12.4 -0.0236489 -0.0625429 0.074358 
qwerty 81 5 0 3.02376 -4.50695 -3.05177 13.075 -0.0236489 -0.0625429 0.074358 
qwerty 81 5 0 3.02376 -4.72163 -3.61952 13.75 -0.0236489 -0.0625429 0.074358 
qwerty 81 5 0 3.02376 -4.93631 -4.18727 14.425 -0.0236489 -0.0625429 0.074358 
qwerty 81 5 0 3.02376 -5.15099 -4.75501 15.1 -0.0236489 -0.0625429 0.074358 
qwerty 81 5 0 3.02376 -5.36567 -5.32276 15.775 -0.0236489 -0.0625429 0.074358 
qwerty 81 5 0 3.02376 -5.58034 -5.89051 16.45 -0.0236489 -0.0625429 0.074358 
qwerty 81 5 0 3.02376 -5.79502 -6.45825 17.125 -0.0236489 -0.0625429 0.074358 
qwerty 80 5 0 1.83711 -2.02788 3.47263 5.65 0.0181104 0.016255 0.0969938 
qwerty 80 5 0 1.83711 -1.90185 3.58575 6.325 0.0181104 0.016255 0.0969938 
qwerty 80 5 0 1.83711 -1.77581 3.69887 7 0.0181104 0.016255 0.0969938 
qwerty 80 5 0 1.83711 -1.64978 3.81199 7.675 0.0181104 0.016255 0.0969938 
qwerty 212 209 0 0.390155 -0.954605 3.75 8.21034 0.0847933 -0.0103237 0.0519954 
qwerty 212 209 0 0.390155 -0.726847 3.72227 8.35 0.0847933 -0.0103237 0.0519954 
qwerty 212 209 0 0.390155 0.373934 3.58825 9.025 0.0847933 -0.0103237 0.0519954 
qwerty 212 209 0 0.390155 1.47471 3.45423 9.7 0.0847933 -0.0103237 0.0519954 
qwerty 212 209 0 0.158264 0.479507 3.75 9.5195 -0.0944367 0.0280447 -0.0171816 
qwerty 212 209 0 0.158264 -1.27656 4.2715 9.2 -0.0944367 0.0280447 -0.0171816 
qwerty 79 5 0 4.42048 -2.3547 3.44583 4.975 -0.0289147 0.0769369 0.0569619 
qwerty 79 5 0 4.42048 -2.46901 3.75 5.2002 -0.0289147 0.0769369 0.0569619 
qwerty 79 5 0 4.42048 -2.69734 4.35754 5.65 -0.0289147 0.0769369 0.0569619 
qwerty 79 5 0 4.42048 -3.03998 5.26924 6.325 -0.0289147 0.0769369 0.0569619 
qwerty 76 5 0 1.27195 -1.87467 2.38155 4.3 -0.0575967 0.0640238 0.0508289 
qwerty 76 5 0 1.27195 -2.63954 3.23178 4.975 -0.0575967 0.0640238 0.0508289 
qwerty 76 5 0 1.27195 -3.10574 3.75 5.38642 -0.0575967 0.0640238 0.0508289 
qwerty 76 5 0 1.27195 -3.40442 4.08201 5.65 -0.0575967 0.0640238 0.0508289 
qwerty 76 5 0 0.871251 -3.75 4.19477 5.91536 -0.0802951 0.00823149 0.0590334 
qwerty 76 5 0 0.871251 -4.30718 4.25189 6.325 -0.0802951 0.00823149 0.0590334 
qwerty 76 5 0 0.871251 -5.22529 4.34601 7 -0.0802951 0.00823149 0.0590334 
qwerty 75 5 0 0.870815 -2.15371 2.83961 4.3 -0.0578848 0.0736879 0.0349203 
qwerty 75 5 0 0.870815 -3.27261 4.26398 4.975 -0.0578848 0.0736879 0.0349203 
qwerty 75 5 0 0.700938 -3.75 4.79587 4.87666 -0.0661357 0.0728734 -0.0177633 
qwerty 75 5 0 0.700938 -5.24546 6.44368 4.475 -0.0661357 0.0728734 -0.0177633 
qwerty 74 5 0 1.79981 -1.8269 2.42288 4.3 -0.0533906 0.0677565 0.0505817 
qwerty 74 5 0 1.79981 -2.53939 3.32707 4.975 -0.0533906 0.0677565 0.0505817 
qwerty 74 5 0 1.79981 -2.87265 3.75 5.29073 -0.0533906 0.0677565 0.0505817 
qwerty 74 5 0 1.79981 -3.25187 4.23126 5.65 -0.0533906 0.0677565 0.0505817 
qwerty 74 5 0 1.79981 -3.75 4.86342 6.12192 -0.0533906 0.0677565 0.0505817 
qwerty 74 5 0 1.79981 -3.96436 5.13546 6.325 -0.0533906 0.0677565 0.0505817 
qwerty 74 5 0 1.52414 -4.7264 6.25 6.63974 -0.0549147 0.0807999 0.0213485 
qwerty 74 5 0 1.52414 -5.65309 7.61351 7 -0.0549147 0.0807999 0.0213485 
qwerty 74 5 0 1.52414 -6.25 8.49179 7.23205 -0.0549147 0.0807999 0.0213485 
qwerty 74 5 0 1.52414 -7.38939 10.1683 7.675 -0.0549147 0.0807999 0.0213485 
qwerty 74 5 0 1.52414 -8.12459 11.25 7.96081 -0.0549147 0.0807999 0.0213485 
qwerty 74 5 0 1.52414 -9.12569 12.723 8.35 -0.0549147 0.0807999 0.0213485 
qwerty 74 5 0 0.450998 -9.33496 13.2218 8.57794 -0.0938012 0.0264112 0.0224449 
qwerty 74 5 0 0.450998 -11.2033 13.7479 9.025 -0.0938012 0.0264112 0.0224449 
qwerty 226 74 0.053397 0.464985 -9.31649 13.2437 8.58693 0.0364229 0.0818863 0.0443622 
qwerty 226 74 0.0742611 0.390724 -9.30349 13.2668 8.61351 -0.0153144 0.0606526 0.0780175 
qwerty 226 74 0.130952 0.259772 -9.30596 13.2727 8.66951 0.0665873 0.0181482 0.0723655 
qwerty 226 74 0.259772 0 -9.27996 13.2798 8.69777 0.0665873 0.0181482 0.0723655 
qwerty 230 73 1.15753 4.94082 -1.62433 2.06184 4.3 -0.0402363 0.0607937 0.0684483 
qwerty 232 230 0 0.641165 -1.91908 2.24365 4.3 -0.0671146 0.0540194 0.0507695 
qwerty 232 230 0 0.50235 -2.89626 4.8207 4.975 -0.0374849 0.0897243 0.023333 
qwerty 232 230 0 0.385029 -2.99083 5.5858 4.475 -0.00862141 0.0776558 -0.0624119 
qwerty 72 5 0 0.0887577 -1.13375 1.58429 3.625 -0.0427501 0.0504094 0.0750422 
qwerty 72 5 0 0.0728414 -0.954271 2.1028 3.125 0.0242281 0.0697545 -0.0674337 
qwerty 71 5 0 11.2253 -1.08365 1.40583 3.625 -0.0419982 0.027106 0.0866107 
qwerty 71 5 0 11.2253 -1.41096 1.61708 4.3 -0.0419982 0.027106 0.0866107 
qwerty 71 5 0 11.2253 -1.73827 1.82833 4.975 -0.0419982 0.027106 0.0866107 
qwerty 71 5 0 11.2253 -2.06559 2.03958 5.65 -0.0419982 0.027106 0.0866107 
qwerty 71 5 0 11.2253 -2.3929 2.25083 6.325 -0.0419982 0.027106 0.0866107 
qwerty 71 5 0 11.2253 -2.72021 2.46208 7 -0.0419982 0.027106 0.0866107 
qwerty 71 5 0 11.2253 -3.04752 2.67333 7.675 -0.0419982 0.027106 0.0866107 
qwerty 71 5 0 11.2253 -3.37484 2.88458 8.35 -0.0419982 0.027106 0.0866107 
qwerty 71 5 0 11.2253 -3.70215 3.09583 9.025 -0.0419982 0.027106 0.0866107 
qwerty 71 5 0 11.2253 -4.02946 3.30708 9.7 -0.0419982 0.027106 0.0866107 
qwerty 71 5 0 11.2253 -4.35677 3.51833 10.375 -0.0419982 0.027106 0.0866107 
qwerty 241 71 0.0176233 0.460386 -4.41402 3.63703 10.56 0.0782166 0.032696 0.0530389 
qwerty 241 71 0.0224401 0.437946 -4.40499 3.64251 10.5686 0.0887838 0.0145498 0.0436547 
qwerty 241 71 0.0244673 0.413479 -4.39285 3.64631 10.5759 0.0830915 0.0101149 0.0547128 
qwerty 241 71 0.00880351 0.367235 -4.38959 3.64645 10.5777 0.0796938 0.00532551 0.0601708 
qwerty 241 71 0.0326332 0.334602 -4.37735 3.65061 10.5848 0.0630996 0.0431552 0.0644676 
qwerty 241 71 0.0543105 0.280291 -4.36826 3.65829 10.6038 0.0767394 0.0271342 0.058093 
qwerty 241 71 0.0770611 0.20323 -4.34076 3.6546 10.6166 0.0971982 -0.0136346 0.0191471 
qwerty 241 71 0.20323 0 -4.31512 3.651 10.6217 0.0971982 -0.0136346 0.0191471 
qwerty 243 241 0 0.0374406 -4.47252 3.75 10.6078 -0.0609657 0.0761266 0.0220888 
qwerty 243 241 0 0.0374406 -5.00067 4.40949 10.7991 -0.0199311 0.0966645 0.0160849 
qwerty 243 241 0 0.0374406 -5.31153 5.91714 11.05 -0.0199311 0.0966645 0.0160849 
qwerty 68 5 0 13.3382 -0.783899 1.18154 2.95 -0.0415422 0.0263771 0.0870545 
qwerty 247 68 0.775702 9.55808 -0.978523 1.39292 3.625 -0.00715697 0.0675493 0.0733885 
qwerty 251 247 0 0.602566 -0.969644 1.25 3.89941 0.00421028 -0.0716396 0.0696422 
qwerty 251 247 0 0.602566 -0.945426 0.837925 4.3 0.00421028 -0.0716396 0.0696422 
qwerty 251 247 0 0.602566 -0.904618 0.143566 4.975 0.00421028 -0.0716396 0.0696422 
qwerty 251 247 0 0.602566 -0.863811 -0.550794 5.65 0.00421028 -0.0716396 0.0696422 
qwerty 254 251 0 0.289019 -0.852445 -0.728574 5.825 0.0370609 0.089461 -0.0249644 
qwerty 254 251 0.00785818 0.259997 -0.856261 -0.728625 5.82699 -0.0818528 0.0126248 0.0560422 
qwerty 254 251 0.0315692 0.228428 -0.859291 -0.728637 5.82954 -0.0481768 0.0181209 0.0857358 
qwerty 254 251 0.011826 0.216602 -0.86143 -0.728548 5.83332 -0.0575677 0.0013454 0.0817566 
qwerty 254 251 0.0125088 0.204093 -0.86401 -0.728472 5.83704 -0.0774877 0.00284466 0.0631471 
qwerty 254 251 0.0235128 0.18058 -0.868788 -0.729969 5.84016 -0.0539156 -0.0329172 0.0775214 
qwerty 254 251 0.0427982 0.137782 -0.870608 -0.732423 5.84925 0.0436824 -0.0872857 0.0217499 
qwerty 254 251 0.0616084 0.0761735 -0.861759 -0.739601 5.85508 0.0412013 -0.0153673 0.0898126 
qwerty 254 251 0.0761735 0 -0.859682 -0.740375 5.8596 0.0412013 -0.0153673 0.0898126 
qwerty 250 247 0 1.65655 -0.958569 1.25 3.8599 0.0101816 -0.0799869 0.0591475 
qwerty 250 247 0 1.65655 -0.882811 0.654846 4.3 0.0101816 -0.0799869 0.0591475 
qwerty 250 247 0 1.65655 -0.766617 -0.257977 4.975 0.0101816 -0.0799869 0.0591475 
qwerty 250 247 0 1.65655 -0.650423 -1.1708 5.65 0.0101816 -0.0799869 0.0591475 
qwerty 250 247 0 1.65655 -0.534229 -2.08362 6.325 0.0101816 -0.0799869 0.0591475 
qwerty 250 247 0 1.65655 -0.418035 -2.99644 7 0.0101816 -0.0799869 0.0591475 
qwerty 250 247 0 1.65655 -0.301841 -3.90927 7.675 0.0101816 -0.0799869 0.0591475 
qwerty 250 247 0 1.65655 -0.185647 -4.82209 8.35 0.0101816 -0.0799869 0.0591475 
qwerty 250 247 0 1.65655 -0.0694534 -5.73491 9.025 0.0101816 -0.0799869 0.0591475 
qwerty 250 247 0 1.65655 -0.00388743 -6.25 9.40589 0.0101816 -0.0799869 0.0591475 
qwerty 250 247 0 0.889169 -0.00294021 -6.25744 9.41139 0.0750468 -0.0538296 0.0383453 
qwerty 250 247 0 0.889169 0.561904 -6.66259 9.7 0.0750468 -0.0538296 0.0383453 
qwerty 250 247 0 0.833905 1.25 -6.99183 9.90384 0.0900501 -0.0376394 0.0217774 
qwerty 250 247 0 0.833905 3.19827 -7.80618 10.375 0.0900501 -0.0376394 0.0217774 
qwerty 250 247 0 0.833905 5.45631 -8.75 10.9211 0.0900501 -0.0376394 0.0217774 
qwerty 250 247 0 0.833905 5.98941 -8.97283 11.05 0.0900501 -0.0376394 0.0217774 
qwerty 250 247 0 0.765279 8.75 -9.3367 11.5281 0.0986013 -0.00624036 0.0154543 
qwerty 250 247 0 0.765279 10.0065 -9.41623 11.725 0.0986013 -0.00624036 0.0154543 
qwerty 255 250 0.0713758 0.696007 -0.0301154 -6.28014 9.43911 -0.0802407 -0.0563818 0.0195584 
qwerty 255 250 0.0794654 0.616542 -0.0551328 -6.30736 9.45493 -0.076736 -0.0509951 0.0388727 
qwerty 255 250 0.0810432 0.535498 -0.0977125 -6.3259 9.45869 -0.0947803 -0.0204609 0.0244549 
qwerty 255 250 0.123208 0.412291 -0.135471 -6.35403 9.47457 -0.0887785 -0.00789908 0.0453429 
qwerty 255 250 0.0874274 0.324863 -0.17443 -6.35417 9.49254 -0.0143469 0.0754297 0.0640666 
qwerty 255 250 0.178962 0.145901 -0.177802 -6.28938 9.49306 0.0910198 0.0334055 -0.0244842 
qwerty 255 250 0.145901 0 -0.163877 -6.28427 9.48931 0.0910198 0.0334055 -0.0244842 
qwerty 249 247 0 2.31459 -0.607329 1.6181 4.3 0.0514711 0.0258031 0.0817614 
qwerty 249 247 0 2.31459 -0.182397 1.83112 4.975 0.0514711 0.0258031 0.0817614 
qwerty 249 247 0 2.31459 0.242534 2.04415 5.65 0.0514711 0.0258031 0.0817614 
qwerty 249 247 0 2.31459 0.667466 2.25717 6.325 0.0514711 0.0258031 0.0817614 
qwerty 249 247 0 2.31459 1.0924 2.47019 7 0.0514711 0.0258031 0.0817614 
qwerty 249 247 0 2.31459 1.25 2.5492 7.25035 0.0514711 0.0258031 0.0817614 
qwerty 249 247 0 2.31459 1.51733 2.68322 7.675 0.0514711 0.0258031 0.0817614 
qwerty 249 247 0 0.247288 1.71283 2.78122 7.98554 -0.0524082 0.0297171 -0.079814 
qwerty 249 247 0 0.247288 1.62382 2.83169 7.85 -0.0524082 0.0297171 -0.079814 
qwerty 249 247 0 0.165148 1.54768 2.93547 7.63907 -0.0402806 0.0909969 0.0098509 
qwerty 249 247 0 0.165148 1.40075 3.26739 7.675 -0.0402806 0.0909969 0.0098509 
qwerty 261 249 0.043845 0 1.5488 2.93525 7.63755 0.0589815 -0.011922 -0.079869 
qwerty 259 249 0.599403 1.46789 1.93824 2.90538 8.21303 0.0584922 0.0605719 0.0539416 
qwerty 259 249 0.403879 1.06402 2.08676 3.05918 8.35 0.0572339 0.0080163 0.081609 
qwerty 259 249 0.0858834 0.760265 2.08227 3.05289 8.29971 -0.0327037 0.00440481 -0.0943984 
qwerty 259 249 0.0871899 0.673076 2.08122 3.05218 8.24542 -0.0435433 -0.00811601 -0.0896555 
qwerty 259 249 0.114725 0.55835 2.03801 3.04507 8.20449 -0.0637081 0.000416282 -0.0770785 
qwerty 259 249 0.126555 0.431795 1.99763 3.07473 8.16047 -0.0856268 0.027262 0.043873 
qwerty 259 249 0.377618 0.0541771 1.92575 3.09761 8.1973 -0.0244257 -0.0392519 -0.0886717 
qwerty 259 249 0.0541771 0 1.92507 3.09652 8.19484 -0.0244257 -0.0392519 -0.0886717 
qwerty 67 5 0 1.67013 -0.62627 1.20896 2.95 -0.0172366 0.0334912 0.092635 
qwerty 67 5 0 1.67013 -0.751868 1.453 3.625 -0.0172366 0.0334912 0.092635 
qwerty 67 5 0 1.67013 -0.877465 1.69704 4.3 -0.0172366 0.0334912 0.092635 
qwerty 67 5 0 1.67013 -1.00306 1.94108 4.975 -0.0172366 0.0334912 0.092635 
qwerty 67 5 0 1.67013 -1.12866 2.18512 5.65 -0.0172366 0.0334912 0.092635 
qwerty 67 5 0 1.67013 -1.25 2.42088 6.30212 -0.0172366 0.0334912 0.092635 
qwerty 67 5 0 1.67013 -1.25426 2.42916 6.325 -0.0172366 0.0334912 0.092635 
qwerty 67 5 0 1.67013 -1.37986 2.6732 7 -0.0172366 0.0334912 0.092635 
qwerty 67 5 0 0.39652 -3.75 0.732427 7.51942 -0.0754625 -0.0646534 0.0111962 
qwerty 67 5 0 0.39652 -4.79858 -0.165954 7.675 -0.0754625 -0.0646534 0.0111962 
qwerty 263 67 0.249379 0.996975 -1.482 2.817 7.27291 -0.00624686 0.0918841 0.0389651 
qwerty 263 67 0.23339 0.763585 -1.45105 2.93754 7.29961 -0.0081289 0.0770897 -0.0631751 
qwerty 263 67 0.368144 0.395441 -1.43782 2.99247 7.19041 -0.014053 0.0459291 -0.0877099 
qwerty 263 67 0.0335022 0.361939 -1.44029 3.00055 7.175 0.0364241 0.0604851 -0.0708155 
qwerty 263 67 0.00594069 0.200719 -1.43607 3.00242 7.17658 0.0943439 -0.0106898 0.0313839 
qwerty 263 67 0.0048431 0.195876 -1.43341 3.00258 7.17717 0.0996881 -0.00784125 0.000890251 
qwerty 263 67 0.00528684 0.190589 -1.43075 3.00181 7.17732 0.0972029 -0.0234329 0.00157991 
qwerty 263 67 0.00495736 0.185632 -1.42819 3.00123 7.17763 0.0993111 -0.00575792 -0.0102053 
qwerty 263 67 0.00666122 0.17897 -1.42573 3.00135 7.17766 0.0988674 0.0144837 0.00393123 
qwerty 263 67 0.00670704 0.172263 -1.42319 3.00213 7.17815 0.0971977 0.0201252 -0.0121481 
qwerty 263 67 0.00638479 0.165878 -1.42104 3.00281 7.17756 0.0914229 0.0285382 -0.0287651 
qwerty 263 67 0.00463271 0.161246 -1.41902 3.00383 7.17656 0.0785756 0.0328607 -0.0524027 
qwerty 263 67 0.0156274 0.145618 -1.41677 3.00475 7.17501 0.072533 0.0353881 -0.0590478 
qwerty 263 67 2.96224e-05 0.145589 -1.41676 3.00475 7.175 0.0720704 0.0358436 -0.0593388 
qwerty 263 67 0.00226079 0.135006 -1.41796 3.00514 7.17525 -0.0912857 0.0149114 0.0380076 
qwerty 263 67 0.0194364 0.11557 -1.41919 3.00544 7.17567 -0.0866159 0.0212768 0.0452215 
qwerty 263 67 0.00563853 0.109932 -1.42032 3.00555 7.17626 -0.0799373 0.0232624 0.0553975 
qwerty 263 67 0.0051799 0.104752 -1.42136 3.00558 7.17714 -0.0822673 -0.000346569 0.0568504 
qwerty 263 67 0.00315782 0.101594 -1.42233 3.00549 7.1779 -0.0696042 0.0191041 0.0692119 
qwerty 263 67 0.00429444 0.0972993 -1.42339 3.00572 7.1791 -0.0564917 0.0143446 0.0812583 
qwerty 263 67 0.00939933 0.0879 -1.42429 3.00617 7.18125 -0.0278508 -0.0171007 0.0945087 
qwerty 263 67 0.0219447 0.0659553 -1.42345 3.00541 7.18487 0.0122909 0.00530248 0.0991 
qwerty 263 67 0.0659553 0 -1.42297 3.00561 7.18875 0.0122909 0.00530248 0.0991 
qwerty 65 5 0 23.5209 -0.507459 0.961751 2.275 -0.0156634 0.0352233 0.0922712 
qwerty 65 5 0 23.5209 -0.622043 1.21942 2.95 -0.0156634 0.0352233 0.0922712 
qwerty 65 5 0 23.5209 -0.736627 1.4771 3.625 -0.0156634 0.0352233 0.0922712 
qwerty 65 5 0 23.5209 -0.851211 1.73477 4.3 -0.0156634 0.0352233 0.0922712 
qwerty 65 5 0 23.5209 -0.965796 1.99244 4.975 -0.0156634 0.0352233 0.0922712 
qwerty 65 5 0 23.5209 -1.08038 2.25011 5.65 -0.0156634 0.0352233 0.0922712 
qwerty 65 5 0 23.5209 -1.19496 2.50779 6.325 -0.0156634 0.0352233 0.0922712 
qwerty 65 5 0 23.5209 -1.30955 2.76546 7 -0.0156634 0.0352233 0.0922712 
qwerty 65 5 0 23.5209 -1.42413 3.02313 7.675 -0.0156634 0.0352233 0.0922712 
qwerty 65 5 0 23.5209 -1.53872 3.2808 8.35 -0.0156634 0.0352233 0.0922712 
qwerty 65 5 0 23.5209 -1.6533 3.53848 9.025 -0.0156634 0.0352233 0.0922712 
qwerty 65 5 0 23.5209 -1.74736 3.75 9.57911 -0.0156634 0.0352233 0.0922712 
qwerty 65 5 0 23.5209 -1.76789 3.79615 9.7 -0.0156634 0.0352233 0.0922712 
qwerty 65 5 0 23.5209 -1.88247 4.05382 10.375 -0.0156634 0.0352233 0.0922712 
qwerty 65 5 0 23.5209 -1.99705 4.31149 11.05 -0.0156634 0.0352233 0.0922712 
qwerty 65 5 0 23.5209 -2.11164 4.56917 11.725 -0.0156634 0.0352233 0.0922712 
qwerty 65 5 0 23.5209 -2.22622 4.82684 12.4 -0.0156634 0.0352233 0.0922712 
qwerty 65 5 0 23.5209 -2.34081 5.08451 13.075 -0.0156634 0.0352233 0.0922712 
qwerty 65 5 0 23.5209 -2.45539 5.34218 13.75 -0.0156634 0.0352233 0.0922712 
qwerty 65 5 0 23.5209 -2.56997 5.59986 14.425 -0.0156634 0.0352233 0.0922712 
qwerty 65 5 0 23.5209 -2.68456 5.85753 15.1 -0.0156634 0.0352233 0.0922712 
qwerty 65 5 0 0 -2.71626 5.92882 15.2868 -0.0156634 0.0352233 0.0922712 
qwerty 265 65 0.317715 17.0336 -2.7457 5.99425 15.4686 -0.019837 0.0303628 0.0931912 
qwerty 265 65 0.513134 16.5205 -2.81093 6.0941 15.775 -0.0229013 0.0353623 0.090692 
qwerty 265 65 0.796487 13.7068 -2.84847 6.15241 16.45 -0.00132278 0.00178711 0.0999753 
qwerty 271 265 0 0.360091 -3.75 6.43373 17.0668 -0.0844033 0.0218433 0.0489791 
qwerty 271 265 0 0.360091 -3.85027 6.45968 17.125 -0.0844033 0.0218433 0.0489791 
qwerty 270 265 0 0.263718 -3.75 5.88316 16.8908 -0.0845592 -0.0422446 0.0326365 
qwerty 270 265 0 0.263718 -4.35677 5.58003 17.125 -0.0845592 -0.0422446 0.0326365 
qwerty 269 265 0 8.26985 -2.78426 6.07154 17.125 0.0112866 -0.01171 0.0986686 
qwerty 267 265 0.00029101 0 -2.76905 6.12415 15.7559 -0.00738378 0.041078 0.0908739 
qwerty 278 267 0.0112979 0 -2.76888 6.12415 15.7559 0.0999784 -0.000733458 -0.00194708 
qwerty 64 5 0 20.1531 -0.532601 0.973971 2.275 -0.0192174 0.0366455 0.0910374 
qwerty 64 5 0 20.1531 -0.67509 1.24568 2.95 -0.0192174 0.0366455 0.0910374 
qwerty 64 5 0 20.1531 -0.817578 1.51739 3.625 -0.0192174 0.0366455 0.0910374 
qwerty 59 48 0 0.510999 -3.75 3.24211 4.93054 -0.0649562 0.0730371 0.0211253 
qwerty 59 48 0 0.510999 -3.88671 3.39583 4.975 -0.0649562 0.0730371 0.0211253 
qwerty 58 48 0 0.510999 -2.34931 1.66716 4.475 0.0649562 -0.0730371 -0.0211253 
qwerty 57 48 0.00029101 0 -3.42353 2.82925 4.60689 -0.0703544 0.039187 0.0592844 
qwerty 56 48 0 0.109105 -3.0626 3.82108 4.475 -0.0414262 0.0900062 -0.0135186 
qwerty 55 48 0.00029101 0 -0.382508 0.630459 4.59299 -0.0633759 0.0751288 0.0184163 
qwerty 54 48 0 0.317802 -0.73815 1.48439 4.69138 -0.0900451 0.026357 -0.0346005 
qwerty 54 48 0 0.317802 -1.25 1.63422 4.4947 -0.0900451 0.026357 -0.0346005 
qwerty 54 48 0 0.317802 -1.30126 1.64922 4.475 -0.0900451 0.026357 -0.0346005 
qwerty 53 48 0 0.422653 -0.72233 0.377271 4.975 -0.0852069 0.0139771 0.0504423 
qwerty 52 48 0 1.22701 1.0977 -1.15109 4.975 0.032884 0.0429017 0.0841314 
qwerty 52 48 0 1.22701 1.36153 -0.806886 5.65 0.032884 0.0429017 0.0841314 
qwerty 52 48 0 1.22701 1.62536 -0.462679 6.325 0.032884 0.0429017 0.0841314 
qwerty 52 48 0 1.22701 1.8892 -0.118472 7 0.032884 0.0429017 0.0841314 
qwerty 52 48 0 1.22701 2.15303 0.225735 7.675 0.032884 0.0429017 0.0841314 
qwerty 52 48 0 1.22701 2.41687 0.569942 8.35 0.032884 0.0429017 0.0841314 
qwerty 52 48 0 1.22701 2.6807 0.91415 9.025 0.032884 0.0429017 0.0841314 
qwerty 52 48 0 1.22701 2.93813 1.25 9.68361 0.032884 0.0429017 0.0841314 
qwerty 52 48 0 1.22701 2.94453 1.25836 9.7 0.032884 0.0429017 0.0841314 
qwerty 52 48 0 1.22701 3.20837 1.60256 10.375 0.032884 0.0429017 0.0841314 
qwerty 52 48 0 1.22701 3.4722 1.94677 11.05 0.032884 0.0429017 0.0841314 
qwerty 52 48 0 1.22701 3.73604 2.29098 11.725 0.032884 0.0429017 0.0841314 
qwerty 52 48 0 1.22701 3.99987 2.63519 12.4 0.032884 0.0429017 0.0841314 
qwerty 52 48 0 1.22701 4.26371 2.97939 13.075 0.032884 0.0429017 0.0841314 
qwerty 52 48 0 1.22701 4.52754 3.3236 13.75 0.032884 0.0429017 0.0841314 
qwerty 52 48 0 1.22701 4.79137 3.66781 14.425 0.032884 0.0429017 0.0841314 
qwerty 52 48 0 1.22701 5.05521 4.01201 15.1 0.032884 0.0429017 0.0841314 
qwerty 52 48 0 0.395287 5.30677 4.34021 15.7436 7.02738e-05 -0.0823801 0.0566879 
qwerty 52 48 0 0.395287 5.3068 4.29457 15.775 7.02738e-05 -0.0823801 0.0566879 
qwerty 52 48 0 0.395287 5.30727 3.75 16.1497 7.02738e-05 -0.0823801 0.0566879 
qwerty 52 48 0 0.264563 5.3076 3.35904 16.4188 -0.0889059 -0.0457062 -0.00258585 
qwerty 52 48 0 0.204113 4.80169 3.09896 16.404 -0.0125257 -0.065033 -0.0749254 
qwerty 52 48 0 0.204113 4.72579 2.70486 15.95 -0.0125257 -0.065033 -0.0749254 
qwerty 51 48 0 0.0688055 0.893069 -1.47651 4.3 -0.00252191 0.00880974 0.0995793 
qwerty 49 48 0 0.416619 1.37879 -1.45447 4.3 0.0679384 0.00830792 0.0729064 
qwerty 49 48 0 0.416619 2.00779 -1.37755 4.975 0.0679384 0.00830792 0.0729064 
qwerty 276 269 0.188989 3.38455 -2.59933 6.05887 17.3505 0.0407171 0.064227 0.0649385 
qwerty 276 269 0.476904 2.90765 -2.47815 6.25 17.5438 0.0268379 0.0491908 0.0828251 
qwerty 276 269 0.433478 2.47417 -2.39513 6.40218 17.8 0.0370358 0.0649688 0.0663883 
qwerty 276 269 0 1.58814 -2.35644 6.41822 17.8 0.0981142 0.0189974 0.00356336 
qwerty 276 269 0.454445 1.08743 -2.13323 6.34471 17.6805 0.0912234 -0.0381981 0.0148056 
qwerty 276 269 0.366904 0.720526 -1.9519 6.25447 17.7199 0.0835438 -0.0391504 0.0385705 
qwerty 276 269 0.015826 0.7047 -1.94236 6.25 17.7243 0.0862468 -0.0242766 0.0444087 
qwerty 276 269 0.104247 0.600453 -1.91922 6.24383 17.7427 0.0759301 0.0151298 0.0632907 
qwerty 276 269 0.130749 0.469704 -1.89137 6.24966 17.7652 0.0941763 0.0302884 -0.0146094 
qwerty 276 269 0.00186353 0.467841 -1.89032 6.25 17.765 0.0936218 0.0312481 -0.0160786 
qwerty 276 269 0.0308252 0.437016 -1.87713 6.2564 17.7592 0.084135 -0.0018784 -0.0540163 
qwerty 276 269 0.0314448 0.405571 -1.86626 6.25822 17.7532 0.0782828 -0.00665146 -0.0618673 
qwerty 276 269 0.0392426 0.366328 -1.85425 6.25859 17.7475 0.0908193 -0.00619997 -0.0413934 
qwerty 276 269 0.0187609 0.347567 -1.84393 6.25537 17.7422 0.0936967 -0.00686423 -0.0342609 
qwerty 276 269 0.030587 0.31698 -1.83173 6.25535 17.7392 0.0905916 -0.0134928 0.0401386 
qwerty 276 269 0.0245714 0.292409 -1.82037 6.25678 17.7451 0.0892217 -0.0383546 0.0238414 
qwerty 276 269 0.0253496 0.267059 -1.80945 6.25477 17.7479 0.0989391 -0.00571537 -0.0133565 
qwerty 276 269 0.0304348 0.236625 -1.7967 6.25458 17.7487 0.0660657 0.068365 0.031009 
qwerty 276 269 0.0417223 0.194902 -1.79053 6.26502 17.7525 0.0699895 0.0703234 0.0124936 
qwerty 276 269 0.028396 0.166506 -1.7846 6.27579 17.7516 0.0422605 0.089665 0.0131997 
qwerty 276 269 0.0656763 0.10083 -1.77369 6.28565 17.7474 0.096367 0.00463429 0.0263043 
qwerty 276 269 0.10083 0 -1.76597 6.28602 17.7495 0.096367 0.00463429 0.0263043 
qwerty 276 269 0 0 -1.76597 6.28602 17.7495 0.096367 0.00463429 0.0263043 
qwerty 311 276 0.0757976 0.229069 -2.58579 6.07622 17.3357 0.0471452 0.0553425 -0.0686625 
qwerty 311 276 0.0775617 0.151508 -2.58266 6.08422 17.3182 0.0854074 0.0326436 -0.0404965 
qwerty 311 276 0.0304758 0.121032 -2.57766 6.08796 17.3126 0.0878159 0.0378203 -0.0292915 
qwerty 311 276 0.0541137 0.0669182 -2.57186 6.09306 17.3128 0.073003 0.0251129 0.0635602 
qwerty 311 276 0.0669182 0 -2.56893 6.09407 17.3154 0.073003 0.0251129 0.0635602 
qwerty 298 52 0.0604496 0 4.79894 3.09911 16.406 -0.0819568 0.00462058 0.0571116 
qwerty 297 52 0.130724 0 5.31532 3.35233 16.4263 0.0606641 -0.0527366 0.0594872 
qwerty 296 52 0.147843 0.683876 5.32243 4.37332 15.775 0.00340702 0.0703836 0.0709545 
qwerty 296 52 0.0465119 0.598008 5.31464 4.3727 15.7512 -0.00310007 -0.0122942 -0.099193 
qwerty 296 52 0.0428094 0.555199 5.31985 4.36874 15.7257 0.0323737 0.0474058 -0.0818819 
qwerty 296 52 0.0526069 0.502592 5.32725 4.38837 15.7075 -0.000200669 0.0663226 -0.0748417 
qwerty 296 52 0.0633287 0.439263 5.33164 4.41088 15.6788 0.0489151 0.0540453 -0.0684574 
qwerty 296 52 0.113071 0.326192 5.38203 4.45619 15.6662 0.0169375 0.0670211 -0.0722586 
qwerty 296 52 0.326192 0 5.39145 4.49348 15.626 0.0169375 0.0670211 -0.0722586 
qwerty 290 54 0.086168 0 -0.736487 1.48972 4.69417 0.0266382 0.0853881 0.0447133 
qwerty 289 55 0.00246114 0 -0.382514 0.630449 4.59299 -0.0429999 -0.0828034 0.0359806 
qwerty 287 57 0.0023415 0 -3.42352 2.82925 4.6069 0.0668745 -0.0284085 0.0687078 
qwerty 279 64 0.718675 7.90561 -1.29661 1.75453 4.0911 -0.0839326 0.0261504 0.04766 
qwerty 279 64 0.702457 7.20315 -1.66449 1.86915 4.3 -0.0867291 0.0378937 0.0322821 
qwerty 318 279 0.504195 0 -1.3799 1.69563 4.09252 -0.034021 -0.0918298 0.0202452 
qwerty 320 279 0 0.326817 -1.27939 2.66263 4.975 0.0416792 0.0648725 0.0636742 
qwerty 313 276 0 0.510999 -1.3966 7.01059 17.3 0.03975 0.0779747 -0.0483724 
qwerty 312 276 0 0.510999 -1.78433 6.25 17.7718 -0.03975 -0.0779747 0.0483724 
qwerty 312 276 0 0.510999 -1.80747 6.20461 17.8 -0.03975 -0.0779747 0.0483724 
qwerty 309 280 0 0.398243 -0.431095 1.25 4.04279 0.0690857 -0.0481533 0.0539298 
qwerty 309 280 0 0.398243 -0.101603 1.02034 4.3 0.0690857 -0.0481533 0.0539298 
qwerty 309 280 0 0.398243 0.763093 0.417641 4.975 0.0690857 -0.0481533 0.0539298 
qwerty 309 280 0 0.398243 1.62779 -0.185059 5.65 0.0690857 -0.0481533 0.0539298 
qwerty 309 280 0 0.398243 2.49248 -0.78776 6.325 0.0690857 -0.0481533 0.0539298 
qwerty 309 280 0 0.160609 3.14001 -1.16191 6.72565 -0.0426051 0.0583844 -0.0691091 
qwerty 309 280 0 0.160609 3.0009 -0.97128 6.5 -0.0426051 0.0583844 -0.0691091 
qwerty 333 309 0.233739 0 3.16331 -1.17771 6.74293 0.0705551 -0.0478153 0.0523037 
qwerty 308 280 0 0.510999 -0.829226 1.8093 3.125 -0.00336309 0.043008 -0.0902164 
qwerty 266 65 0.904637 4.23139 -2.7347 6.17563 15.775 0.0105523 0.0641597 0.0759749 
qwerty 266 65 0.173564 1.01632 -2.63709 6.33672 15.6804 -0.0100416 0.0628421 -0.0771365 
qwerty 266 65 0.405409 0.610912 -2.6534 6.37352 15.5398 -0.0400151 0.0274589 -0.0874346 
qwerty 266 65 0.230947 0.379965 -2.64673 6.42289 15.4298 -0.0204467 0.0020018 -0.0978669 
qwerty 266 65 0.307183 0.0727822 -2.66108 6.42429 15.3611 0.040307 -0.0907462 -0.0118521 
qwerty 266 65 0.0727822 0 -2.65925 6.42018 15.3605 0.040307 -0.0907462 -0.0118521 
qwerty 266 65 0 0 -2.65925 6.42018 15.3605 0.040307 -0.0907462 -0.0118521 
qwerty 248 68 0.291255 1.08777 -0.804941 1.37153 3.24883 0.047388 0.0879652 0.00406199 
qwerty 248 68 0.630423 0.45735 -0.788673 1.59711 3.20127 -0.0580839 0.0651717 0.0487741 
qwerty 248 68 0.447617 0.00973302 -0.905818 1.64916 3.17879 -0.00342705 0.0771287 -0.0635565 
qwerty 248 68 0.00973302 0 -0.905822 1.64926 3.17871 -0.00342705 0.0771287 -0.0635565 
qwerty 248 68 0 0 -0.905822 1.64926 3.17871 -0.00342705 0.0771287 -0.0635565 
qwerty 242 71 1.30275 5.12458 -5.18678 3.34848 10.978 -0.0744223 -0.00830177 0.0662752 
qwerty 242 71 0.314477 4.8101 -5.26768 3.33946 11.05 -0.0586242 -0.00464915 0.0808801 
qwerty 242 71 0.560683 1.66476 -5.0496 3.32962 10.7575 0.0616212 0.0713091 -0.0334341 
qwerty 242 71 0.539263 1.12549 -4.93029 3.60791 10.7226 -0.0186643 0.0833677 -0.0519757 
qwerty 242 71 0.308946 0.816548 -4.9621 3.75 10.6341 -0.0568223 0.069412 -0.0441949 
qwerty 242 71 0.0883462 0.728202 -4.99871 3.77678 10.6179 -0.0666612 0.0693827 -0.0272456 
qwerty 242 71 0.0976344 0.630567 -5.0386 3.80857 10.6171 -0.0694955 0.0691216 -0.0198135 
qwerty 242 71 0.0692058 0.0426344 -5.06973 3.82544 10.6117 -0.016949 0.0580451 -0.0796461 
qwerty 242 71 0.0426344 0 -5.07003 3.82646 10.6103 -0.016949 0.0580451 -0.0796461 
qwerty 242 71 0 0 -5.07003 3.82646 10.6103 -0.016949 0.0580451 -0.0796461 
qwerty 349 242 0.0646132 0.454114 -5.09596 3.85354 10.6204 -0.0417713 0.0252144 -0.0872891 
qwerty 349 242 0.0686608 0.385453 -5.11768 3.87062 10.5951 -0.087108 0.0194029 -0.0451191 
qwerty 349 242 0.0495246 0.335929 -5.14369 3.87904 10.5911 -0.0942637 0.0169385 -0.0287652 
qwerty 349 242 0.0397463 0.296182 -5.16336 3.88437 10.5888 -0.0888048 0.0431338 -0.0159118 
qwerty 349 242 0.0590622 0.23712 -5.17584 3.89589 10.5809 -0.0703467 0.0698729 -0.0130044 
qwerty 349 242 0.0455505 0.19157 -5.18444 3.91261 10.5835 -0.0531133 0.0721253 0.0444626 
qwerty 349 242 0.110277 0.081293 -5.18559 3.93348 10.5877 0.0329459 0.064271 0.069165 
qwerty 349 242 0.081293 0 -5.18373 3.93711 10.5916 0.0329459 0.064271 0.069165 
qwerty 351 242 0 0.510999 -5.19237 4.03703 11.05 -0.02434 0.0418914 0.0874796 
qwerty 351 242 0 0.510999 -5.37035 4.35626 11.725 -0.0231826 0.0415872 0.0879379 
qwerty 350 242 0 0.510999 -5.05325 3.79759 10.55 0.02434 -0.0418914 -0.0874796 
qwerty 350 242 0 0.510999 -4.86544 3.47436 9.875 0.02434 -0.0418914 -0.0874796 
qwerty 350 242 0 0.510999 -4.67763 3.15112 9.2 0.02434 -0.0418914 -0.0874796 
qwerty 350 242 0 0.510999 -4.48983 2.82788 8.525 0.02434 -0.0418914 -0.0874796 
qwerty 350 242 0 0.510999 -4.30202 2.50464 7.85 0.02434 -0.0418914 -0.0874796 
qwerty 347 242 0 0.0996299 -5.68467 3.55105 11.05 -0.0925773 -0.00169875 0.0377697 
qwerty 346 248 0 0.510999 -0.874443 1.68688 3.125 0.0431668 0.0517513 -0.0738812 
qwerty 346 248 0 0.510999 -0.480058 2.15969 2.45 0.0431668 0.0517513 -0.0738812 
qwerty 345 248 0 0.510999 -1.16658 1.33664 3.625 -0.0431668 -0.0517513 0.0738812 
qwerty 345 248 0 0.510999 -1.56096 0.86383 4.3 -0.0431668 -0.0517513 0.0738812 
qwerty 345 248 0 0.510999 -1.95535 0.391015 4.975 -0.0431668 -0.0517513 0.0738812 
qwerty 345 248 0 0.510999 -2.34973 -0.0817999 5.65 -0.0431668 -0.0517513 0.0738812 
qwerty 345 248 0 0.510999 -2.74412 -0.554615 6.325 -0.0431668 -0.0517513 0.0738812 
qwerty 344 266 0 0.510999 -2.67485 6.29005 15.275 -0.00997174 -0.0831463 -0.0546558 
qwerty 343 266 0 0.510999 -2.58363 7.05069 15.775 0.00997174 0.0831463 0.0546558 
qwerty 342 266 0 0.260205 -1.25 6.67921 15.3496 0.0914008 0.0274562 -0.0298673 
qwerty 342 266 0 0.260205 -1.02177 6.74777 15.275 0.0914008 0.0274562 -0.0298673 
qwerty 341 339 0 0.510999 -1.24345 2.48506 4.3 0.0586487 -0.0325659 0.0741606 
qwerty 341 339 0 0.510999 -0.701279 2.21341 4.975 0.0600298 -0.029247 0.0744381 
qwerty 341 339 0 0.510999 -0.156932 1.9482 5.65 0.0600298 -0.029247 0.0744381 
qwerty 340 339 0 0.208103 -1.92856 2.86547 3.43369 -0.027297 0.0234398 0.093303 
qwerty 340 339 0 0.208103 -1.98453 2.91354 3.625 -0.027297 0.0234398 0.093303 
qwerty 231 73 1.12168 8.57236 -1.64732 2.14615 4.3 -0.046321 0.0422504 0.0779055 
qwerty 216 79 0.472923 1.28458 -3.12981 5.58808 6.15319 -0.0572638 0.0486982 -0.0659495 
qwerty 216 79 0.5235 0.761077 -3.24006 5.77359 6.03205 -0.00924346 0.0547919 -0.0831409 
qwerty 216 79 0.339103 0.421974 -3.24551 5.92325 5.94551 -0.0429233 0.0446036 -0.0785373 
qwerty 216 79 0.286822 0.135153 -3.30355 5.99747 5.91539 0.0443286 0.00160534 0.0896236 
qwerty 216 79 0.135153 0 -3.29768 5.99768 5.92726 0.0443286 0.00160534 0.0896236 
qwerty 216 79 0 0 -3.29768 5.99768 5.92726 0.0443286 0.00160534 0.0896236 
qwerty 165 104 0.180829 3.44857 0.171317 -6.25 13.3342 -0.0216223 -0.0609154 0.0763007 
qwerty 165 104 0.173121 2.8076 0.147514 -6.32915 13.4395 -0.00035033 -0.078015 0.0625582 
qwerty 165 104 0.67868 2.12892 0.168974 -6.68467 13.6769 0.0633744 -0.0604013 0.0483257 
qwerty 165 104 0.0721419 1.99378 0.193283 -6.70591 13.6987 0.0706343 -0.0466035 0.0532814 
qwerty 165 104 0.139393 1.85439 0.261241 -6.75074 13.75 0.0749369 -0.044071 0.0494187 
qwerty 375 165 0.112916 0.354938 0.111492 -6.32362 13.4711 -0.0887502 0.0173035 0.0427082 
qwerty 375 165 0.108219 0.246719 0.0732841 -6.32282 13.4765 -0.0748012 0.0490348 0.0447255 
qwerty 375 165 0.246719 0 0.0463623 -6.30518 13.4926 -0.0748012 0.0490348 0.0447255 
qwerty 363 340 0.302896 0 -1.94759 2.87469 3.38879 -0.0383415 0.0185691 -0.0904716 
qwerty 378 165 0 0.510999 0.390952 -7.57937 13.25 0.00852075 -0.0836441 -0.0541392 
qwerty 377 165 0 0.209326 0.224032 -6.72155 14.0771 0.0606241 0.0478809 -0.0634991 
qwerty 377 165 0 0.209326 0.36922 -6.60688 13.925 0.0606241 0.0478809 -0.0634991 
qwerty 382 377 0.226678 0.276145 0.148789 -6.76196 14.1351 0.0154996 -0.0977912 0.0140229 
qwerty 382 377 0.276145 0 0.15545 -6.80399 14.1411 0.0154996 -0.0977912 0.0140229 
qwerty 376 165 0 0.0629939 0.19313 -6.71407 13.75 -0.000294947 -0.0157351 0.0987538 
qwerty 374 173 0 0.510999 0.171416 -4.63588 9.7 -0.0842441 -0.021122 0.049566 
qwerty 374 173 0 0.363344 -1.34055 -4.57638 9.2 -0.093081 0.00535931 -0.0361554 
qwerty 371 208 0 0.510999 -5.95855 -6.25 17.4298 -0.032983 0.0830426 0.0449004 
qwerty 371 208 0 0.247267 -6.18591 -5.67758 17.7393 0.0813469 -0.00693192 0.0577463 
qwerty 371 208 0 0.247267 -6.10044 -5.68486 17.8 0.0813469 -0.00693192 0.0577463 
qwerty 371 208 0 0.247267 -5.14957 -5.76589 18.475 0.0813469 -0.00693192 0.0577463 
qwerty 391 371 0.10806 0.155672 -6.20221 -5.65239 17.7648 -0.0626806 0.0771721 -0.0107526 
qwerty 391 371 0.155672 0 -6.21289 -5.63924 17.7629 -0.0626806 0.0771721 -0.0107526 
qwerty 370 208 0 0.510999 -5.47862 -7.89739 16.625 0.0212431 -0.0886727 -0.0410596 
qwerty 370 208 0 0.510999 -5.27437 -8.75 16.2302 0.0212431 -0.0886727 -0.0410596 
qwerty 370 208 0 0.510999 -5.1294 -9.35513 15.95 0.0212431 -0.0886727 -0.0410596 
qwerty 370 208 0 0.448758 -4.86383 -10.4637 15.4367 0.0353443 -0.0529597 -0.0771107 
qwerty 370 208 0 0.448758 -4.78971 -10.5747 15.275 0.0353443 -0.0529597 -0.0771107 
qwerty 394 370 0.0622414 0 -4.86451 -10.4666 15.4386 -0.0192696 -0.0829385 0.0524394 
qwerty 369 216 0 0.510999 -3.18277 6.11867 5.825 0.0587163 0.0618232 -0.0522521 
qwerty 369 216 0 0.510999 -2.42427 6.91731 5.15 0.0587163 0.0618232 -0.0522521 
qwerty 369 216 0 0.510999 -1.66576 7.71595 4.475 0.0587163 0.0618232 -0.0522521 
qwerty 369 216 0 0.510999 -0.907257 8.51459 3.8 0.0587163 0.0618232 -0.0522521 
qwerty 369 216 0 0.510999 -0.778002 8.5795 3.125 0.017951 0.00847122 -0.0980102 
qwerty 369 216 0 0.510999 -0.654373 8.63784 2.45 0.017951 0.00847122 -0.0980102 
qwerty 369 216 0 0.510999 -0.530744 8.69618 1.775 0.017951 0.00847122 -0.0980102 
qwerty 368 216 0 0.510999 -3.74463 5.52709 6.325 -0.0587163 -0.0618232 0.0522521 
qwerty 368 216 0 0.510999 -4.50313 4.72845 7 -0.0587163 -0.0618232 0.0522521 
qwerty 368 216 0 0.510999 -5.26164 3.92981 7.675 -0.0587163 -0.0618232 0.0522521 
qwerty 367 231 0 0.236679 -1.77857 2.60987 3.8 -0.0240388 0.0575731 -0.0781503 
qwerty 365 231 0 4.47611 -3.36095 1.94585 4.975 -0.0928666 -0.013356 0.0346035 
qwerty 365 231 0 4.47611 -5.17247 1.68532 5.65 -0.0928666 -0.013356 0.0346035 
qwerty 365 231 0 4.47611 -6.25 1.53035 6.0515 -0.0928666 -0.013356 0.0346035 
qwerty 365 231 0 2.73264 -6.91748 1.43435 6.30022 -0.0848499 -0.0483229 0.0215732 
qwerty 365 231 0 2.73264 -7.01496 1.37884 6.325 -0.0848499 -0.0483229 0.0215732 
qwerty 365 231 0 2.73264 -9.66981 -0.133129 7 -0.0848499 -0.0483229 0.0215732 
qwerty 365 231 0 2.73264 -11.25 -1.03306 7.40176 -0.0848499 -0.0483229 0.0215732 
qwerty 365 231 0 2.73264 -12.3247 -1.6451 7.675 -0.0848499 -0.0483229 0.0215732 
qwerty 365 231 0 2.73264 -14.9795 -3.15706 8.35 -0.0848499 -0.0483229 0.0215732 
qwerty 134 106 0 2.08405 0.921919 -4.0273 9.2 -0.0590529 -0.0785693 -0.0184287 
qwerty 97 91 1.21459 15.354 1.81275 -3.16564 7 0.0692176 -0.0436957 0.0574422 
qwerty 97 91 1.13787 8.09316 2.28853 -3.44135 7.675 0.0459837 -0.0353796 0.0814481 
qwerty 404 365 0.0889169 1.65455 -6.96497 1.45302 6.325 -0.0846791 0.0347153 0.0403026 
qwerty 426 97 0 0.510999 1.32029 -3.31657 8.35 -0.0887545 0.0131158 0.0441658 
qwerty 426 97 0 0.510999 -0.0361672 -3.11612 9.025 -0.0887545 0.0131158 0.0441658 
qwerty 426 97 0 0.176653 -0.342143 -3.16307 9.57558 -0.0317317 0.0449285 -0.0835137 
qwerty 426 97 0 0.176653 -0.484848 -2.96101 9.2 -0.0317317 0.0449285 -0.0835137 
qwerty 430 426 0.236976 0 -0.349631 -3.17041 9.60767 -0.0221806 -0.0217449 0.0950536 
qwerty 425 97 0 0.510999 3.68154 -3.66551 7.175 0.0887545 -0.0131158 -0.0441658 
qwerty 425 97 0 0.510999 4.25329 -3.75 6.89049 0.0887545 -0.0131158 -0.0441658 
qwerty 425 97 0 0.510999 5.038 -3.86596 6.5 0.0887545 -0.0131158 -0.0441658 
qwerty 424 97 0 0.547543 1.97085 -4.22293 7.175 -0.0493794 -0.0679578 -0.0542532 
qwerty 424 97 0 0.12621 2.51159 -4.51772 7.66338 0.00338169 0.0711555 -0.0701816 
qwerty 424 97 0 0.12621 2.53513 -4.02257 7.175 0.00338169 0.0711555 -0.0701816 
qwerty 434 424 0.034768 0.0533968 2.51133 -4.52165 7.6684 -0.0430032 0.00328828 0.0902214 
qwerty 434 424 0.0533968 0 2.51017 -4.52156 7.67084 -0.0430032 0.00328828 0.0902214 
qwerty 423 97 0 0.5305 2.65397 -3.75 8.00494 0.0372748 -0.0696913 0.0612676 
qwerty 423 97 0 0.5305 2.8639 -4.1425 8.35 0.0372748 -0.0696913 0.0612676 
qwerty 421 97 0 0.874163 3.82302 -3.58411 8.35 0.091881 -0.00887109 0.0384603 
qwerty 421 97 0 0.874163 5.43558 -3.7398 9.025 0.091881 -0.00887109 0.0384603 
qwerty 421 97 0 0.874163 7.04815 -3.8955 9.7 0.091881 -0.00887109 0.0384603 
qwerty 417 97 0 0.792291 2.67616 -3.69834 7.675 0.0709067 -0.0437244 0.0553211 
qwerty 417 97 0 0.792291 3.54133 -4.23184 8.35 0.0709067 -0.0437244 0.0553211 
qwerty 417 97 0 0.792291 4.40649 -4.76534 9.025 0.0709067 -0.0437244 0.0553211 
qwerty 416 97 0 1.60043 1.80864 -3.23006 7 0.0626248 -0.0416475 0.0659062 
qwerty 416 97 0 1.60043 2.45003 -3.65661 7.675 0.0626248 -0.0416475 0.0659062 
qwerty 416 97 0 1.60043 3.09142 -4.08316 8.35 0.0626248 -0.0416475 0.0659062 
qwerty 416 97 0 1.60043 3.73282 -4.5097 9.025 0.0626248 -0.0416475 0.0659062 
qwerty 416 97 0 1.60043 4.37421 -4.93625 9.7 0.0626248 -0.0416475 0.0659062 
qwerty 416 97 0 0.152043 4.95415 -2.41091 10.1758 -0.0220877 -0.0874335 0.0432148 
qwerty 416 97 0 0.152043 4.85231 -2.81401 10.375 -0.0220877 -0.0874335 0.0432148 
qwerty 449 416 0.182529 0 4.95851 -2.38921 10.1748 0.0196741 0.0979446 -0.00444679 
qwerty 414 97 0 1.92056 2.20358 -3.26705 7 0.0799633 -0.0344728 0.0491681 
qwerty 414 97 0 1.92056 3.30135 -3.74031 7.675 0.0799633 -0.0344728 0.0491681 
qwerty 414 97 0 1.92056 4.39912 -4.21356 8.35 0.0799633 -0.0344728 0.0491681 
qwerty 414 97 0 1.92056 5.49689 -4.68682 9.025 0.0799633 -0.0344728 0.0491681 
qwerty 414 97 0 1.23765 6.89238 -6.25 9.50378 0.062315 -0.0758708 0.018986 
qwerty 414 97 0 1.23765 7.53642 -7.03414 9.7 0.062315 -0.0758708 0.018986 
qwerty 414 97 0 0.952278 8.1693 -7.65325 10.375 0.0559936 -0.0537216 0.063077 
qwerty 414 97 0 0.952278 8.7685 -8.22814 11.05 0.0559936 -0.0537216 0.063077 
qwerty 414 97 0 0.786714 9.19715 -8.51576 11.444 0.0349842 -0.0436586 0.0828856 
qwerty 414 97 0 0.786714 9.31575 -8.66376 11.725 0.0349842 -0.0436586 0.0828856 
qwerty 414 97 0 0.786714 9.60065 -9.01931 12.4 0.0349842 -0.0436586 0.0828856 
qwerty 414 97 0 0.786714 9.88556 -9.37486 13.075 0.0349842 -0.0436586 0.0828856 
qwerty 414 97 0 0.786714 10.1705 -9.7304 13.75 0.0349842 -0.0436586 0.0828856 
qwerty 414 97 0 0.786714 10.4554 -10.0859 14.425 0.0349842 -0.0436586 0.0828856 
qwerty 414 97 0 0.786714 10.7403 -10.4415 15.1 0.0349842 -0.0436586 0.0828856 
qwerty 414 97 0 0.786714 11.0252 -10.797 15.775 0.0349842 -0.0436586 0.0828856 
qwerty 414 97 0 0.786714 11.3101 -11.1526 16.45 0.0349842 -0.0436586 0.0828856 
qwerty 414 97 0 0.786714 11.595 -11.5081 17.125 0.0349842 -0.0436586 0.0828856 
qwerty 414 97 0 0.786714 11.8799 -11.8637 17.8 0.0349842 -0.0436586 0.0828856 
qwerty 414 97 0 0.786714 12.1648 -12.2192 18.475 0.0349842 -0.0436586 0.0828856 
qwerty 414 97 0 0.786714 12.4497 -12.5748 19.15 0.0349842 -0.0436586 0.0828856 
qwerty 456 414 0.129294 0 9.20911 -8.51635 11.4404 0.0956833 -0.0046847 -0.0286837 
qwerty 412 134 0 0.510999 0.676093 -6.25 9.3314 -0.0082933 -0.0994666 0.00613318 
qwerty 412 134 0 0.510999 0.467649 -8.75 9.48555 -0.0082933 -0.0994666 0.00613318 
qwerty 412 134 0 0.429874 0.274448 -11.0672 9.62843 -0.0618292 -0.0772881 -0.0142723 
qwerty 412 134 0 0.429874 0.12819 -11.25 9.59467 -0.0618292 -0.0772881 -0.0142723 
qwerty 412 134 0 0.190502 -1.34671 -13.0937 9.25421 0.0951979 -0.0169877 0.0254713 
qwerty 412 134 0 0.190502 0.319404 -13.391 9.7 0.0951979 -0.0169877 0.0254713 
qwerty 461 412 0.0773162 0.162056 -1.37344 -13.104 9.26397 -0.0943239 0.032155 0.00831046 
qwerty 461 412 0.162056 0 -1.39062 -13.0981 9.26548 -0.0943239 0.032155 0.00831046 
qwerty 460 412 0.081125 0 0.278648 -11.0705 9.63017 0.0746812 -0.058844 0.0309856 
qwerty 411 134 0 2.02032 -0.167189 -5.26228 8.525 -0.0662222 -0.0593821 -0.0456988 
qwerty 411 134 0 2.02032 -1.14533 -6.13939 7.85 -0.0662222 -0.0593821 -0.0456988 
qwerty 411 134 0 2.02032 -2.12347 -7.0165 7.175 -0.0662222 -0.0593821 -0.0456988 
qwerty 411 134 0 2.02032 -3.10162 -7.89361 6.5 -0.0662222 -0.0593821 -0.0456988 
qwerty 411 134 0 2.02032 -3.75 -8.47502 6.05256 -0.0662222 -0.0593821 -0.0456988 
qwerty 411 134 0 2.02032 -4.07976 -8.77072 5.825 -0.0662222 -0.0593821 -0.0456988 
qwerty 411 134 0 2.02032 -5.0579 -9.64783 5.15 -0.0662222 -0.0593821 -0.0456988 
qwerty 466 464 0 0.345628 -4.67312 -9.45641 5.65 0.0601459 0.0332252 0.0726537 
qwerty 408 406 0 0.510999 -13.75 0.396238 8.95613 0.0408261 0.0905839 0.0113038 
qwerty 408 406 0 0.510999 -13.5013 0.948147 9.025 0.0408261 0.0905839 0.0113038 
qwerty 407 406 0 0.366176 -15.139 -4.62108 7.85 0.0382114 -0.0777158 -0.0500014 
qwerty 470 408 0.00567318 0.146026 -12.8978 2.30088 9.20152 -0.0198698 0.0230576 0.0952551 
qwerty 470 408 0.00612443 0.139902 -12.8983 2.30097 9.20322 -0.0445809 0.0153368 0.0881892 
qwerty 470 408 0.0068552 0.133046 -12.8993 2.3016 9.20473 -0.0506742 0.000209342 0.0862095 
qwerty 470 408 0.0432547 0.0897916 -12.9001 2.30201 9.20742 -0.0541435 -0.0247028 0.0803633 
qwerty 470 408 0.0207388 0.0690528 -12.9017 2.30018 9.21041 -0.0515588 0.0158135 0.0842118 
qwerty 470 408 0.0690528 0 -12.9039 2.30085 9.21399 -0.0515588 0.0158135 0.0842118 
