qwerty 1 0 0 200 0 0 -0.249992 0 0 0.1 
qwerty 3 1 0 188.3 0.174006 0.0760987 0.25 0.0325339 0.0142281 0.0934832 
qwerty 3 1 0 188.3 0.408919 0.178833 0.925 0.0325339 0.0142281 0.0934832 
qwerty 4 3 0.685916 84.1054 0.592169 0.277935 1.53531 0.0267026 0.0156109 0.0950961 
qwerty 4 3 0.109648 83.9957 0.610333 0.288554 1.6 0.0266546 0.0152745 0.0951642 
qwerty 4 3 0.781317 80.4053 0.743736 0.428143 2.275 0.0154828 0.0222911 0.0962465 
qwerty 4 3 0.795461 27.4012 0.856924 0.626839 2.95 0.017097 0.0297925 0.0939154 
qwerty 4 3 0.467633 21.047 0.945651 0.934196 3.35275 0.0140351 0.062405 0.0768677 
qwerty 4 3 0.523111 20.5239 0.995361 1.15523 3.625 0.00733572 0.0613497 0.0786282 
qwerty 13 4 0.168943 0.767429 1.02792 0.983377 3.39538 0.0763503 0.0287856 -0.0578102 
qwerty 13 4 0.230834 0.536595 1.08868 1.03644 3.31103 0.0882809 0.0398789 -0.0248224 
qwerty 13 4 0.181074 0.355522 1.15799 1.03682 3.28233 0.0709663 -0.0546137 0.0445099 
qwerty 13 4 0.174576 0.180946 1.17513 0.976884 3.30256 0.0381883 -0.0921944 -0.00646833 
qwerty 13 4 0.180946 0 1.18347 0.95675 3.30115 0.0381883 -0.0921944 -0.00646833 
qwerty 8 4 0.199197 1.38576 0.583649 0.25028 1.6 0.00512103 -0.000231543 0.0998685 
qwerty 20 18 0 1.35504 0.991227 1.25 4.00114 0.0329558 -0.0296263 0.0896448 
qwerty 20 18 0 1.35504 1.1011 1.15123 4.3 0.0329558 -0.0296263 0.0896448 
qwerty 20 18 0 0.381063 0.380487 1.86274 4.975 -0.0627587 0.0616927 0.0474906 
qwerty 19 4 0 0.786009 0.760491 -0.096722 4.3 -0.00716325 -0.0931859 0.0355679 
qwerty 19 4 0 0.786009 0.624548 -1.86519 4.975 -0.00716325 -0.0931859 0.0355679 
qwerty 19 4 0 0.786009 0.488606 -3.63365 5.65 -0.00716325 -0.0931859 0.0355679 
qwerty 19 4 0 0.786009 0.352663 -5.40211 6.325 -0.00716325 -0.0931859 0.0355679 
qwerty 19 4 0 0.29672 0.288884 -6.2318 6.64168 0.000987737 -0.0288849 -0.0957324 
qwerty 19 4 0 0.29672 0.289507 -6.25 6.58136 0.000987737 -0.0288849 -0.0957324 
qwerty 19 4 0 0.29672 0.290346 -6.27455 6.5 0.000987737 -0.0288849 -0.0957324 
qwerty 19 4 0 0.29672 0.297311 -6.47821 5.825 0.000987737 -0.0288849 -0.0957324 
qwerty 19 4 0 0.29672 0.304275 -6.68188 5.15 0.000987737 -0.0288849 -0.0957324 
qwerty 19 4 0 0.272554 -0.0307994 -6.86138 4.475 -0.0521498 -0.0211932 -0.0826514 
qwerty 28 19 0.0293942 0.459895 0.289606 -6.24111 6.65366 -0.0132674 -0.0689366 0.071216 
qwerty 28 19 0.0230085 0.436887 0.287894 -6.25 6.66284 -0.0218463 -0.0625309 0.0749175 
qwerty 28 19 0.0224698 0.414417 0.286827 -6.25815 6.67122 -0.043574 -0.0682292 0.0587034 
qwerty 28 19 0.0496176 0.364799 0.28236 -6.26634 6.67953 0.00537422 -0.0632506 0.0772689 
qwerty 28 19 0.0288263 0.335973 0.280381 -6.27407 6.68736 -0.0246306 -0.0499053 0.0830831 
qwerty 28 19 0.0192241 0.316749 0.279268 -6.27883 6.69817 -0.00766839 -0.0544038 0.0835549 
qwerty 28 19 0.0310321 0.285717 0.276166 -6.29016 6.70831 -0.00526724 -0.0828189 0.0557969 
qwerty 28 19 0.0517661 0.233951 0.286477 -6.31124 6.71866 0.0181745 -0.0982455 -0.00418531 
qwerty 28 19 0.105885 0.128065 0.285769 -6.3382 6.69582 0.0610662 -0.0494653 -0.0618394 
qwerty 28 19 0.128065 0 0.293276 -6.34428 6.68822 0.0610662 -0.0494653 -0.0618394 
qwerty 14 4 0 6.15083 1.01937 1.79668 4.3 0.00256465 0.0689479 0.0723852 
qwerty 14 4 0 6.15083 1.04329 2.43962 4.975 0.00256465 0.0689479 0.0723852 
qwerty 14 4 0 6.15083 1.06721 3.08257 5.65 0.00256465 0.0689479 0.0723852 
qwerty 14 4 0 6.15083 1.09112 3.72552 6.325 0.00256465 0.0689479 0.0723852 
qwerty 14 4 0 6.15083 1.11504 4.36846 7 0.00256465 0.0689479 0.0723852 
qwerty 12 4 0 1.93734 1.05288 1.32587 3.625 0.0191621 0.0770515 0.0607938 
qwerty 12 4 0 0.374283 1.21709 1.98616 4.14597 0.0906798 -0.00252401 -0.0420808 
qwerty 12 4 0 0.374283 1.96262 1.96541 3.8 0.0906798 -0.00252401 -0.0420808 
qwerty 12 4 0 0.374283 3.41718 1.92492 3.125 0.0906798 -0.00252401 -0.0420808 
qwerty 12 4 0 0.374283 4.87173 1.88444 2.45 0.0906798 -0.00252401 -0.0420808 
qwerty 41 12 0.420004 1.14306 1.22076 2.15944 4.3 0.0142511 0.0505491 0.0850982 
qwerty 11 4 0 48.8787 0.809486 0.592643 2.95 0.00940455 0.0233764 0.0967734 
qwerty 11 4 0 48.8787 0.875084 0.755694 3.625 0.00940455 0.0233764 0.0967734 
qwerty 11 4 0 48.8787 0.940681 0.918746 4.3 0.00940455 0.0233764 0.0967734 
qwerty 11 4 0 48.8787 1.00628 1.0818 4.975 0.00940455 0.0233764 0.0967734 
qwerty 11 4 0 48.8787 1.07188 1.24485 5.65 0.00940455 0.0233764 0.0967734 
qwerty 11 4 0 48.8787 1.13747 1.4079 6.325 0.00940455 0.0233764 0.0967734 
qwerty 11 4 0 48.8787 1.20307 1.57095 7 0.00940455 0.0233764 0.0967734 
qwerty 11 4 0 48.8787 1.25 1.68761 7.48291 0.00940455 0.0233764 0.0967734 
qwerty 11 4 0 48.8787 1.26867 1.73401 7.675 0.00940455 0.0233764 0.0967734 
qwerty 11 4 0 48.8787 1.33426 1.89706 8.35 0.00940455 0.0233764 0.0967734 
qwerty 11 4 0 48.8787 1.39986 2.06011 9.025 0.00940455 0.0233764 0.0967734 
qwerty 43 11 1.64535 11.5053 1.74254 2.95261 9.7 0.0384272 0.059849 0.0702955 
qwerty 43 11 1.31799 3.76115 1.45505 2.69581 10.2524 -0.0544243 -0.0440625 0.0713897 
qwerty 43 11 0.275361 3.48579 1.36161 2.62016 10.375 -0.060528 -0.0417831 0.0677534 
qwerty 43 11 0.210632 2.75927 1.25 2.54616 10.2582 -0.0491569 -0.00581282 -0.0868897 
qwerty 43 11 0.641022 2.11825 1.0394 2.5423 9.89853 -0.0997852 0.0064462 0.00117035 
qwerty 43 11 0.584158 1.53409 0.703716 2.58999 9.89432 -0.0987604 -0.0131207 -0.00861599 
qwerty 43 11 0.455261 1.07883 0.482273 2.56057 9.875 -0.0538545 -0.082948 -0.0148094 
qwerty 43 11 0.174448 0.85672 0.408482 2.61515 9.88519 -0.0620315 0.0614163 0.0487867 
qwerty 43 11 0.105266 0.751454 0.368895 2.67395 9.90051 -0.0630881 0.042203 0.065106 
qwerty 43 11 0.149149 0.602306 0.308695 2.70201 9.95285 -0.0582386 0.00675493 0.0810101 
qwerty 43 11 0.158292 0.444014 0.262956 2.66071 10.0257 -0.0615296 0.0246335 0.0748819 
qwerty 43 11 0.331091 0.112923 0.250634 2.7035 10.0938 -0.0188132 0.0943122 0.0274094 
qwerty 43 11 0.112923 0 0.248765 2.71287 10.0965 -0.0188132 0.0943122 0.0274094 
qwerty 46 43 0 2.92853 2.484 3.07616 10.375 0.0721209 0.0097893 0.0685766 
qwerty 46 43 0 2.92853 3.19389 3.17252 11.05 0.0721209 0.0097893 0.0685766 
qwerty 46 43 0 2.92853 3.75 3.248 11.5788 0.0721209 0.0097893 0.0685766 
qwerty 46 43 0 2.92853 3.90377 3.26887 11.725 0.0721209 0.0097893 0.0685766 
qwerty 46 43 0 2.92853 4.61366 3.36523 12.4 0.0721209 0.0097893 0.0685766 
qwerty 46 43 0 0.23927 4.01072 3.05913 11.9 -0.0717268 -0.036158 -0.0595639 
qwerty 47 46 0.710616 1.59785 4.84279 3.67464 12.3245 0.094232 0.0332976 -0.003405 
qwerty 47 46 0.337498 1.26035 5.05605 3.75 12.3168 0.0936115 0.0149827 0.0318183 
qwerty 47 46 0.443167 0.817184 5.20184 3.79461 12.3573 0.0548898 0.00131589 -0.0835786 
qwerty 47 46 0.370878 0.446306 5.31512 3.77317 12.2571 0.0534942 0.0488074 0.0689653 
qwerty 47 46 0.343965 0.102341 5.33677 3.79567 12.3516 -0.080513 0.0126148 0.0579528 
qwerty 47 46 0.102341 0 5.33001 3.79673 12.3564 -0.080513 0.0126148 0.0579528 
qwerty 45 43 0 10.9946 1.49624 2.35415 9.7 0.00940188 0.0431111 0.0897387 
qwerty 45 43 0 10.9946 1.56696 2.67843 10.375 0.00940188 0.0431111 0.0897387 
qwerty 45 43 0 10.9946 1.63768 3.0027 11.05 0.00940188 0.0431111 0.0897387 
qwerty 45 43 0 10.9946 1.7084 3.32698 11.725 0.00940188 0.0431111 0.0897387 
qwerty 45 43 0 10.9946 1.77912 3.65125 12.4 0.00940188 0.0431111 0.0897387 
qwerty 45 43 0 10.9946 1.84984 3.97553 13.075 0.00940188 0.0431111 0.0897387 
qwerty 45 43 0 10.9946 1.92056 4.2998 13.75 0.00940188 0.0431111 0.0897387 
qwerty 45 43 0 10.9946 1.99128 4.62408 14.425 0.00940188 0.0431111 0.0897387 
qwerty 45 43 0 10.9946 2.062 4.94835 15.1 0.00940188 0.0431111 0.0897387 
qwerty 45 43 0 10.9946 2.13272 5.27263 15.775 0.00940188 0.0431111 0.0897387 
qwerty 45 43 0 10.9946 2.20343 5.5969 16.45 0.00940188 0.0431111 0.0897387 
qwerty 10 4 0 0.334998 0.826589 0.609512 2.95 0.0115602 0.0261388 0.0958286 
qwerty 10 4 0 0.244884 0.89323 0.760194 3.50242 -0.0210717 -0.0706276 0.0675849 
qwerty 10 4 0 0.244884 0.855012 0.632095 3.625 -0.0210717 -0.0706276 0.0675849 
qwerty 51 10 0.0901134 0 0.895155 0.765745 3.50573 0.0285333 0.0822949 0.0491263 
qwerty 9 4 0 0.343667 0.858886 0.577449 2.95 0.0164193 0.0213378 0.0963073 
qwerty 9 4 0 0.343667 0.973966 0.727002 3.625 0.0164193 0.0213378 0.0963073 
qwerty 9 4 0 0.343667 1.08905 0.876555 4.3 0.0164193 0.0213378 0.0963073 
qwerty 7 4 0 2.059 0.621356 0.314398 1.6 0.0289841 0.0193752 0.0937258 
qwerty 7 4 0 2.059 0.830095 0.453936 2.275 0.0289841 0.0193752 0.0937258 
qwerty 7 4 0 2.059 1.03883 0.593473 2.95 0.0289841 0.0193752 0.0937258 
qwerty 7 4 0 2.059 1.24757 0.733011 3.625 0.0289841 0.0193752 0.0937258 
qwerty 7 4 0 2.059 1.45631 0.872549 4.3 0.0289841 0.0193752 0.0937258 
qwerty 7 4 0 2.059 1.66505 1.01209 4.975 0.0289841 0.0193752 0.0937258 
qwerty 7 4 0 2.059 1.87379 1.15162 5.65 0.0289841 0.0193752 0.0937258 
qwerty 7 4 0 2.059 2.08253 1.29116 6.325 0.0289841 0.0193752 0.0937258 
qwerty 7 4 0 2.059 2.29127 1.4307 7 0.0289841 0.0193752 0.0937258 
qwerty 7 4 0 2.059 2.50001 1.57024 7.675 0.0289841 0.0193752 0.0937258 
qwerty 7 4 0 2.059 2.70875 1.70977 8.35 0.0289841 0.0193752 0.0937258 
qwerty 7 4 0 2.059 2.91749 1.84931 9.025 0.0289841 0.0193752 0.0937258 
qwerty 7 4 0 2.059 3.12622 1.98885 9.7 0.0289841 0.0193752 0.0937258 
qwerty 7 4 0 2.059 3.33496 2.12839 10.375 0.0289841 0.0193752 0.0937258 
qwerty 7 4 0 2.059 3.5437 2.26793 11.05 0.0289841 0.0193752 0.0937258 
qwerty 7 4 0 2.059 3.75 2.40583 11.7171 0.0289841 0.0193752 0.0937258 
qwerty 7 4 0 2.059 3.75244 2.40746 11.725 0.0289841 0.0193752 0.0937258 
qwerty 7 4 0 2.059 3.96118 2.547 12.4 0.0289841 0.0193752 0.0937258 
qwerty 7 4 0 2.059 4.16992 2.68654 13.075 0.0289841 0.0193752 0.0937258 
qwerty 7 4 0 2.059 4.37866 2.82608 13.75 0.0289841 0.0193752 0.0937258 
qwerty 7 4 0 0.795933 4.71479 2.30514 14.425 0.0359212 -0.06497 0.0669967 
qwerty 7 4 0 0.795933 5.0767 1.65055 15.1 0.0359212 -0.06497 0.0669967 
qwerty 7 4 0 0.795933 5.43861 0.995974 15.775 0.0359212 -0.06497 0.0669967 
qwerty 7 4 0 0.780329 5.55896 0.778312 15.9995 0.0503489 -0.0607002 0.0614855 
qwerty 7 4 0 0.780329 5.9279 0.333518 16.45 0.0503489 -0.0607002 0.0614855 
qwerty 7 4 0 0.780329 6.25 -0.0548044 16.8433 0.0503489 -0.0607002 0.0614855 
qwerty 7 4 0 0.780329 6.48064 -0.332861 17.125 0.0503489 -0.0607002 0.0614855 
qwerty 7 4 0 0.780329 7.03338 -0.99924 17.8 0.0503489 -0.0607002 0.0614855 
qwerty 7 4 0 0.780329 7.58612 -1.66562 18.475 0.0503489 -0.0607002 0.0614855 
qwerty 7 4 0 0.780329 8.13886 -2.332 19.15 0.0503489 -0.0607002 0.0614855 
qwerty 7 4 0 0.780329 8.6916 -2.99838 19.825 0.0503489 -0.0607002 0.0614855 
qwerty 7 4 0 0.759779 9.2129 -3.75 20.3308 0.0497558 -0.072835 0.0471107 
qwerty 7 4 0 0.759779 9.39163 -4.01163 20.5 0.0497558 -0.072835 0.0471107 
qwerty 7 4 0 0.759779 10.1045 -5.05521 21.175 0.0497558 -0.072835 0.0471107 
qwerty 7 4 0 0.55584 10.9752 -8.09536 20.675 0.0271867 -0.0949554 -0.0156318 
qwerty 7 4 0 0.55584 11.8784 -11.25 20.1557 0.0271867 -0.0949554 -0.0156318 
qwerty 7 4 0 0.487537 11.9731 -11.5809 20.1012 0.0128995 -0.0934959 0.0330473 
qwerty 7 4 0 0.487537 12.1288 -12.7092 20.5 0.0128995 -0.0934959 0.0330473 
qwerty 7 4 0 0.487537 12.3923 -14.6189 21.175 0.0128995 -0.0934959 0.0330473 
qwerty 7 4 0 0.487537 12.4642 -16.25 21.6772 0.00157038 -0.0959157 0.0282438 
qwerty 7 4 0 0.487537 12.4738 -16.8367 21.85 0.00157038 -0.0959157 0.0282438 
qwerty 58 7 0.0683027 0 11.9745 -11.582 20.0974 0.0323295 -0.026374 -0.0908802 
qwerty 57 7 0.00566773 0.15078 10.1028 -5.0543 21.1741 -0.0905182 0.0153813 -0.0396216 
qwerty 57 7 0.003637 0.147143 10.1012 -5.05397 21.1737 -0.0861514 0.0120624 -0.0493197 
qwerty 57 7 0.0050938 0.142049 10.0998 -5.05385 21.173 -0.0681987 0.021607 -0.0698718 
qwerty 57 7 0.0046312 0.137418 10.0985 -5.05325 21.172 -0.0529766 0.0252957 -0.0809544 
qwerty 57 7 0.00407724 0.133341 10.0974 -5.0529 21.1708 -0.0689323 -0.0101844 -0.071726 
qwerty 57 7 0.00786846 0.125472 10.0956 -5.05277 21.169 -0.0761756 0.0324494 -0.0560742 
qwerty 57 7 0.0127475 0.112725 10.0926 -5.05045 21.1677 -0.0591076 0.0353925 -0.0724822 
qwerty 57 7 0.0182895 0.094435 10.0896 -5.05037 21.165 -0.0906482 0.0143841 -0.0396989 
qwerty 57 7 0.0358223 0.0586127 10.0857 -5.05157 21.1601 -0.0691427 0.0171851 -0.0701709 
qwerty 57 7 0.0586127 0 10.0835 -5.05102 21.1579 -0.0691427 0.0171851 -0.0701709 
qwerty 55 7 0.0156041 0 5.5587 0.778209 15.9996 -0.0840741 -0.0341524 0.0420138 
qwerty 60 59 0 0.2179 11.829 -17.7136 21.35 -0.0577662 -0.0656429 -0.0485188 
qwerty 60 59 0 0.2179 11.25 -18.3716 20.8636 -0.0577662 -0.0656429 -0.0485188 
qwerty 60 59 0 0.2179 11.0254 -18.6269 20.675 -0.0577662 -0.0656429 -0.0485188 
qwerty 6 4 0 1.05722 0.645323 0.279687 1.6 0.0326815 0.01389 0.0934826 
qwerty 6 4 0 1.05722 0.881303 0.379982 2.275 0.0326815 0.01389 0.0934826 
qwerty 6 4 0 1.05722 1.11728 0.480276 2.95 0.0326815 0.01389 0.0934826 
qwerty 6 4 0 1.05722 1.25 0.536682 3.32963 0.0326815 0.01389 0.0934826 
qwerty 6 4 0 1.05722 1.35326 0.58057 3.625 0.0326815 0.01389 0.0934826 
qwerty 6 4 0 1.05722 1.58924 0.680864 4.3 0.0326815 0.01389 0.0934826 
qwerty 6 4 0 1.05722 1.82522 0.781158 4.975 0.0326815 0.01389 0.0934826 
qwerty 6 4 0 1.05722 2.0612 0.881452 5.65 0.0326815 0.01389 0.0934826 
qwerty 6 4 0 1.05722 2.29718 0.981746 6.325 0.0326815 0.01389 0.0934826 
qwerty 6 4 0 1.05722 2.53316 1.08204 7 0.0326815 0.01389 0.0934826 
qwerty 2 1 0 146.677 -0.234623 -0.102608 0.25 -0.0417661 -0.0182657 0.0890054 
qwerty 2 1 0 146.677 -0.551369 -0.241132 0.925 -0.0417661 -0.0182657 0.0890054 
qwerty 2 1 0 146.677 -0.868115 -0.379655 1.6 -0.0417661 -0.0182657 0.0890054 
qwerty 2 1 0 146.677 -1.18486 -0.518178 2.275 -0.0417661 -0.0182657 0.0890054 
qwerty 2 1 0 146.677 -1.50161 -0.656702 2.95 -0.0417661 -0.0182657 0.0890054 
qwerty 2 1 0 146.677 -1.81835 -0.795225 3.625 -0.0417661 -0.0182657 0.0890054 
qwerty 65 2 0.807963 119.679 -2.10548 -0.94012 4.25659 -0.0408726 -0.0205601 0.0889197 
qwerty 65 2 0.0721142 119.607 -2.12544 -0.950158 4.3 -0.0407799 -0.0207521 0.0889177 
qwerty 65 2 0.828093 14.9898 -2.37183 -0.899243 4.975 -0.0217969 0.01839 0.0958473 
qwerty 50 45 1.46867 3.22627 1.8584 5.75972 16.9962 -0.0914287 -0.027012 0.0301851 
qwerty 50 45 0.692962 2.53331 1.4682 5.64444 17.125 -0.0768056 -0.0141907 0.0624461 
qwerty 78 50 0.305894 0 1.85091 5.76263 17.0459 -0.0148637 0.00578334 0.0987199 
qwerty 64 2 0.362722 18.4021 -1.88583 -0.862912 3.96772 0.01836 -0.0068733 0.0980595 
qwerty 64 2 0.518899 17.8832 -1.82362 -0.886203 4.3 0.0121075 -0.00116521 0.0992575 
qwerty 64 2 1.3246 12.7973 -1.98383 -1.35802 4.975 -0.0314151 -0.0496109 0.0809435 
qwerty 88 64 0 0.694098 -2.63275 -2.01459 5.65 -0.058348 -0.0558647 0.0589462 
qwerty 88 64 0 0.694098 -3.3009 -2.65431 6.325 -0.058348 -0.0558647 0.0589462 
qwerty 88 64 0 0.694098 -3.96905 -3.29402 7 -0.058348 -0.0558647 0.0589462 
qwerty 88 64 0 0.694098 -4.6372 -3.93373 7.675 -0.058348 -0.0558647 0.0589462 
qwerty 88 64 0 0.218412 -5.52029 -4.54646 8.35 -0.0719848 -0.0470762 0.05101 
qwerty 86 64 0 3.78348 -2.43859 -1.25 5.51125 -0.0519163 0.0485829 0.0703164 
qwerty 86 64 0 3.78348 -2.54104 -1.15413 5.65 -0.0519163 0.0485829 0.0703164 
qwerty 86 64 0 3.78348 -3.03941 -0.687764 6.325 -0.0519163 0.0485829 0.0703164 
qwerty 86 64 0 3.78348 -3.53778 -0.221394 7 -0.0519163 0.0485829 0.0703164 
qwerty 86 64 0 3.78348 -3.75 -0.0227951 7.28744 -0.0519163 0.0485829 0.0703164 
qwerty 86 64 0 2.91194 -3.82072 0.0433825 7.38322 -0.0308565 0.0389176 0.0867946 
qwerty 86 64 0 2.91194 -3.92445 0.174212 7.675 -0.0308565 0.0389176 0.0867946 
qwerty 86 64 0 2.91194 -4.16442 0.476873 8.35 -0.0308565 0.0389176 0.0867946 
qwerty 86 64 0 2.91194 -4.40439 0.779535 9.025 -0.0308565 0.0389176 0.0867946 
qwerty 86 64 0 2.91194 -4.64436 1.0822 9.7 -0.0308565 0.0389176 0.0867946 
qwerty 86 64 0 2.91194 -4.88433 1.38486 10.375 -0.0308565 0.0389176 0.0867946 
qwerty 86 64 0 2.91194 -5.1243 1.68752 11.05 -0.0308565 0.0389176 0.0867946 
qwerty 86 64 0 2.91194 -5.36427 1.99018 11.725 -0.0308565 0.0389176 0.0867946 
qwerty 86 64 0 2.91194 -5.60424 2.29284 12.4 -0.0308565 0.0389176 0.0867946 
qwerty 86 64 0 2.91194 -5.84421 2.5955 13.075 -0.0308565 0.0389176 0.0867946 
qwerty 86 64 0 2.91194 -6.08418 2.89817 13.75 -0.0308565 0.0389176 0.0867946 
qwerty 86 64 0 2.91194 -6.25 3.1073 14.2164 -0.0308565 0.0389176 0.0867946 
qwerty 86 64 0 2.91194 -6.32415 3.20083 14.425 -0.0308565 0.0389176 0.0867946 
qwerty 86 64 0 2.91194 -6.56412 3.50349 15.1 -0.0308565 0.0389176 0.0867946 
qwerty 86 64 0 2.91194 -6.80409 3.80615 15.775 -0.0308565 0.0389176 0.0867946 
qwerty 86 64 0 2.91194 -7.04407 4.10881 16.45 -0.0308565 0.0389176 0.0867946 
qwerty 86 64 0 2.91194 -7.28404 4.41147 17.125 -0.0308565 0.0389176 0.0867946 
qwerty 86 64 0 2.91194 -7.52401 4.71413 17.8 -0.0308565 0.0389176 0.0867946 
qwerty 86 64 0 2.91194 -7.76398 5.0168 18.475 -0.0308565 0.0389176 0.0867946 
qwerty 86 64 0 2.91194 -8.00395 5.31946 19.15 -0.0308565 0.0389176 0.0867946 
qwerty 86 64 0 2.90775 -8.24039 5.6402 19.825 -0.0301572 0.0409406 0.086107 
qwerty 86 64 0 2.90775 -8.47679 5.96113 20.5 -0.0301572 0.0409406 0.086107 
qwerty 86 64 0 2.90775 -8.7132 6.28207 21.175 -0.0301572 0.0409406 0.086107 
qwerty 86 64 0 2.90775 -8.9496 6.60301 21.85 -0.0301572 0.0409406 0.086107 
qwerty 86 64 0 2.90775 -9.18601 6.92394 22.525 -0.0301572 0.0409406 0.086107 
qwerty 86 64 0 2.90775 -9.42241 7.24488 23.2 -0.0301572 0.0409406 0.086107 
qwerty 86 64 0 2.90775 -9.65882 7.56582 23.875 -0.0301572 0.0409406 0.086107 
qwerty 86 64 0 2.90775 -9.89522 7.88675 24.55 -0.0301572 0.0409406 0.086107 
qwerty 86 64 0 2.90775 -10.1316 8.20769 25.225 -0.0301572 0.0409406 0.086107 
qwerty 86 64 0 2.90775 -10.368 8.52862 25.9 -0.0301572 0.0409406 0.086107 
qwerty 86 64 0 2.90775 -10.6044 8.84956 26.575 -0.0301572 0.0409406 0.086107 
qwerty 86 64 0 2.90775 -10.8408 9.1705 27.25 -0.0301572 0.0409406 0.086107 
qwerty 86 64 0 2.90775 -11.0772 9.49143 27.925 -0.0301572 0.0409406 0.086107 
qwerty 86 64 0 2.90775 -11.3136 9.81237 28.6 -0.0301572 0.0409406 0.086107 
qwerty 86 64 0 2.90775 -11.5501 10.1333 29.275 -0.0301572 0.0409406 0.086107 
qwerty 86 64 0 2.90775 -11.7865 10.4542 29.95 -0.0301572 0.0409406 0.086107 
qwerty 86 64 0 2.90775 -12.0229 10.7752 30.625 -0.0301572 0.0409406 0.086107 
qwerty 86 64 0 2.90775 -12.2593 11.0961 31.3 -0.0301572 0.0409406 0.086107 
qwerty 86 64 0 2.90775 -12.4957 11.4171 31.975 -0.0301572 0.0409406 0.086107 
qwerty 86 64 0 2.90775 -12.7321 11.738 32.65 -0.0301572 0.0409406 0.086107 
qwerty 86 64 0 2.90775 -12.9685 12.0589 33.325 -0.0301572 0.0409406 0.086107 
qwerty 86 64 0 2.90775 -13.2049 12.3799 34 -0.0301572 0.0409406 0.086107 
qwerty 86 64 0 0.52849 -13.5378 13.75 33.7537 -0.0205028 0.0939098 -0.0275785 
qwerty 86 64 0 0.175125 -13.6031 14.0494 33.6658 -0.0104476 -0.0940691 0.0322777 
qwerty 86 64 0 0.175125 -13.6364 13.75 33.7685 -0.0104476 -0.0940691 0.0322777 
qwerty 86 64 0 0.175125 -13.7113 13.0754 34 -0.0104476 -0.0940691 0.0322777 
qwerty 95 86 0.308259 0.0451052 -13.6113 14.109 33.6476 0.0330792 -0.00374597 -0.094296 
qwerty 95 86 0.0451052 0 -13.6106 14.1089 33.6457 0.0330792 -0.00374597 -0.094296 
qwerty 92 86 0.107366 0.764168 -3.88404 0.0617583 7.39964 -0.0973934 0.0226582 0.00106379 
qwerty 92 86 0.114815 0.649353 -3.95569 0.0577416 7.38574 -0.089237 -0.039076 0.0225791 
qwerty 92 86 0.244707 0.404646 -4.02639 -0.00156517 7.4605 -0.09009 -0.040173 0.0164292 
qwerty 92 86 0.35831 0.0463355 -4.09553 -0.0323962 7.47311 -0.0480099 0.0565098 -0.0670947 
qwerty 92 86 0.0463355 0 -4.09654 -0.0312077 7.4717 -0.0480099 0.0565098 -0.0670947 
qwerty 97 94 0 0.484451 -13.75 12.0438 34.5745 -0.06309 -0.0532382 0.0564389 
qwerty 97 94 0 0.484451 -13.8624 11.9489 34.675 -0.06309 -0.0532382 0.0564389 
qwerty 97 94 0 0.484451 -14.6169 11.3122 35.35 -0.06309 -0.0532382 0.0564389 
qwerty 97 94 0 0.237186 -15.1567 11.6656 35.7433 -0.0245765 0.0113877 0.0962617 
qwerty 97 94 0 0.237186 -15.2287 11.6989 36.025 -0.0245765 0.0113877 0.0962617 
qwerty 97 94 0 0.208694 -16.1648 11.8494 36.7 -0.0857018 0.01265 0.0499518 
qwerty 99 97 0.0490538 0 -15.1579 11.6673 35.7422 -0.0514315 0.071562 -0.0472618 
qwerty 85 64 0 2.66435 -2.69766 -3.51389 5.65 -0.0270636 -0.0925296 0.0265676 
qwerty 85 64 0 2.66435 -3.38526 -5.86478 6.325 -0.0270636 -0.0925296 0.0265676 
qwerty 85 64 0 2.66435 -4.07286 -8.21566 7 -0.0270636 -0.0925296 0.0265676 
qwerty 82 64 0 0.381369 -1.82022 -1.06862 4.975 -0.00013122 -0.0272832 0.0962061 
qwerty 82 64 0 0.381369 -1.82109 -1.25 5.61459 -0.00013122 -0.0272832 0.0962061 
qwerty 82 64 0 0.381369 -1.82114 -1.26004 5.65 -0.00013122 -0.0272832 0.0962061 
qwerty 82 64 0 0.176598 -2.26741 -1.2212 6.26423 -0.0171327 0.0801053 -0.0573551 
qwerty 82 64 0 0.176598 -2.39862 -0.607743 5.825 -0.0171327 0.0801053 -0.0573551 
qwerty 107 82 0.144302 0 -2.2734 -1.22563 6.27727 -0.0399045 -0.0295277 0.0868087 
qwerty 81 64 0 0.0252673 -1.81653 -0.88599 4.3 0.0203691 -0.00678308 0.0976683 
qwerty 80 50 0 0.510999 1.25 5.53181 16.9371 -0.0668742 -0.045211 -0.0590238 
qwerty 80 50 0 0.510999 0.896415 5.29276 16.625 -0.0668742 -0.045211 -0.0590238 
qwerty 80 50 0 0.402386 0.807401 4.85784 15.95 0.00150068 -0.053064 -0.0847465 
qwerty 80 50 0 0.402386 0.819354 4.43519 15.275 0.00150068 -0.053064 -0.0847465 
qwerty 80 50 0 0.402386 0.831307 4.01254 14.6 0.00150068 -0.053064 -0.0847465 
qwerty 79 50 0 0.17758 1.81512 5.91386 17.4359 -0.0567916 -0.00270244 -0.0822643 
qwerty 79 50 0 0.17758 1.72133 5.9094 17.3 -0.0567916 -0.00270244 -0.0822643 
qwerty 115 79 0.333418 0 1.85299 5.93404 17.4742 0.0658351 0.0350802 0.0665967 
qwerty 77 50 0 0.420101 2.24361 6.19134 17.125 0.00367248 0.0677717 0.0734405 
qwerty 77 50 0 0.420101 2.27736 6.81424 17.8 0.00367248 0.0677717 0.0734405 
qwerty 76 65 0 0.510999 -1.30968 -0.52162 4.475 0.081517 0.0280243 -0.0506913 
qwerty 76 65 0 0.510999 -0.224209 -0.148451 3.8 0.081517 0.0280243 -0.0506913 
qwerty 76 65 0 0.510999 0.861262 0.224717 3.125 0.081517 0.0280243 -0.0506913 
qwerty 75 65 0 0.510999 -3.19921 -1.17121 5.65 -0.081517 -0.0280243 0.0506913 
qwerty 73 65 0 0.208209 -3.91012 -1.03787 5.44422 -0.0793079 -0.047708 -0.0378708 
qwerty 73 65 0 0.208209 -4.26276 -1.25 5.27583 -0.0793079 -0.047708 -0.0378708 
qwerty 73 65 0 0.208209 -4.52626 -1.40851 5.15 -0.0793079 -0.047708 -0.0378708 
qwerty 123 73 0.024931 0 -3.91039 -1.03755 5.44477 -0.0377926 0.0461546 0.0802587 
qwerty 72 65 0 3.24715 -2.29702 -0.853101 5.65 0.0120535 0.00446482 0.0991705 
qwerty 72 65 0 3.24715 -2.21498 -0.822712 6.325 0.0120535 0.00446482 0.0991705 
qwerty 72 65 0 3.24715 -2.13294 -0.792322 7 0.0120535 0.00446482 0.0991705 
qwerty 72 65 0 3.24715 -2.0509 -0.761933 7.675 0.0120535 0.00446482 0.0991705 
qwerty 72 65 0 3.24715 -1.96886 -0.731543 8.35 0.0120535 0.00446482 0.0991705 
qwerty 72 65 0 3.24715 -1.88682 -0.701153 9.025 0.0120535 0.00446482 0.0991705 
qwerty 72 65 0 3.24715 -1.80477 -0.670764 9.7 0.0120535 0.00446482 0.0991705 
qwerty 72 65 0 3.24715 -1.72273 -0.640374 10.375 0.0120535 0.00446482 0.0991705 
qwerty 72 65 0 3.24715 -1.64069 -0.609984 11.05 0.0120535 0.00446482 0.0991705 
qwerty 72 65 0 3.24715 -1.55865 -0.579595 11.725 0.0120535 0.00446482 0.0991705 
qwerty 72 65 0 3.24715 -1.47661 -0.549205 12.4 0.0120535 0.00446482 0.0991705 
qwerty 72 65 0 3.24715 -1.39457 -0.518815 13.075 0.0120535 0.00446482 0.0991705 
qwerty 72 65 0 3.24715 -1.31252 -0.488426 13.75 0.0120535 0.00446482 0.0991705 
qwerty 72 65 0 3.24715 -1.25 -0.465265 14.2644 0.0120535 0.00446482 0.0991705 
qwerty 72 65 0 3.24715 -1.23048 -0.458036 14.425 0.0120535 0.00446482 0.0991705 
qwerty 72 65 0 3.24715 -1.14844 -0.427646 15.1 0.0120535 0.00446482 0.0991705 
qwerty 72 65 0 3.24715 -1.0664 -0.397257 15.775 0.0120535 0.00446482 0.0991705 
qwerty 72 65 0 1.18993 -1.03849 -0.386919 16.0046 -0.049858 0.0383593 0.0777351 
qwerty 72 65 0 1.18993 -1.32416 -0.167136 16.45 -0.049858 0.0383593 0.0777351 
qwerty 72 65 0 1.18993 -1.75709 0.16595 17.125 -0.049858 0.0383593 0.0777351 
qwerty 72 65 0 1.18993 -2.19003 0.499037 17.8 -0.049858 0.0383593 0.0777351 
qwerty 72 65 0 1.18993 -2.62296 0.832123 18.475 -0.049858 0.0383593 0.0777351 
qwerty 72 65 0 1.18993 -3.0559 1.16521 19.15 -0.049858 0.0383593 0.0777351 
qwerty 72 65 0 1.18993 -3.49045 1.51821 19.825 -0.049512 0.0404873 0.0768722 
qwerty 72 65 0 1.18993 -3.9252 1.87372 20.5 -0.049512 0.0404873 0.0768722 
qwerty 72 65 0 1.18993 -4.35996 2.22923 21.175 -0.049512 0.0404873 0.0768722 
qwerty 72 65 0 1.18993 -4.79471 2.58474 21.85 -0.049512 0.0404873 0.0768722 
qwerty 72 65 0 1.18993 -5.22947 2.94025 22.525 -0.049512 0.0404873 0.0768722 
qwerty 72 65 0 1.18993 -5.66422 3.29577 23.2 -0.049512 0.0404873 0.0768722 
qwerty 126 72 0.171129 0.862783 -5.7814 3.34471 23.4559 -0.0504889 -0.0225218 0.0833285 
qwerty 126 72 0.190131 0.672652 -5.80453 3.31167 23.5351 -0.00764227 -0.0346221 0.0935035 
qwerty 126 72 0.182697 0.489955 -5.83455 3.26216 23.6112 -0.0817581 -0.0274583 0.0506128 
qwerty 126 72 0.358361 0.131594 -5.91517 3.23508 23.6611 -0.0715038 -0.0584066 -0.0384171 
qwerty 126 72 0.131594 0 -5.92438 3.22756 23.6562 -0.0715038 -0.0584066 -0.0384171 
qwerty 125 72 0.586344 1.47088 -0.916872 -0.290987 16.3278 0.00825598 0.0194516 0.0977419 
qwerty 125 72 0.180213 1.29066 -0.90655 -0.266667 16.45 0.0250975 0.0382998 0.0889002 
qwerty 125 72 0.173598 1.01233 -0.850541 -0.306119 16.3613 -0.0269375 -0.0466908 -0.0842279 
qwerty 125 72 0.356157 0.656172 -0.907656 -0.409712 16.2761 0.00623577 -0.0592214 -0.0803364 
qwerty 125 72 0.196751 0.459421 -0.853547 -0.444379 16.1787 0.0338785 -0.0139953 -0.0930397 
qwerty 125 72 0.345178 0.114243 -0.8227 -0.457122 16.094 -0.0990929 -0.0117266 0.00656335 
qwerty 125 72 0.114243 0 -0.832739 -0.45831 16.0947 -0.0990929 -0.0117266 0.00656335 
qwerty 71 65 0 0.489647 -2.26543 -1.00531 5.65 0.0165188 -0.0197968 0.0966189 
qwerty 71 65 0 0.489647 -2.19018 -1.17255 6.325 0.00907615 -0.0250808 0.0963773 
qwerty 71 65 0 0.489647 -2.16215 -1.25 6.62262 0.00907615 -0.0250808 0.0963773 
qwerty 71 65 0 0.489647 -2.12661 -1.34821 7 0.00907615 -0.0250808 0.0963773 
qwerty 70 65 0 5.24898 -2.29375 -0.863198 5.65 0.0122916 0.00265201 0.0992063 
qwerty 70 65 0 5.24898 -2.21012 -0.845154 6.325 0.0122916 0.00265201 0.0992063 
qwerty 70 65 0 5.24898 -2.12648 -0.82711 7 0.0122916 0.00265201 0.0992063 
qwerty 70 65 0 5.24898 -2.04285 -0.809066 7.675 0.0122916 0.00265201 0.0992063 
qwerty 70 65 0 5.24898 -1.95922 -0.791021 8.35 0.0122916 0.00265201 0.0992063 
qwerty 70 65 0 5.24898 -1.87559 -0.772977 9.025 0.0122916 0.00265201 0.0992063 
qwerty 70 65 0 5.24898 -1.79195 -0.754933 9.7 0.0122916 0.00265201 0.0992063 
qwerty 70 65 0 5.24898 -1.70832 -0.736888 10.375 0.0122916 0.00265201 0.0992063 
qwerty 70 65 0 5.24898 -1.62469 -0.718844 11.05 0.0122916 0.00265201 0.0992063 
qwerty 70 65 0 5.24898 -1.54106 -0.7008 11.725 0.0122916 0.00265201 0.0992063 
qwerty 70 65 0 5.24898 -1.45742 -0.682755 12.4 0.0122916 0.00265201 0.0992063 
qwerty 70 65 0 5.24898 -1.37379 -0.664711 13.075 0.0122916 0.00265201 0.0992063 
qwerty 70 65 0 5.24898 -1.29016 -0.646667 13.75 0.0122916 0.00265201 0.0992063 
qwerty 70 65 0 5.24898 -1.25 -0.638002 14.0741 0.0122916 0.00265201 0.0992063 
qwerty 70 65 0 5.24898 -1.20653 -0.628622 14.425 0.0122916 0.00265201 0.0992063 
qwerty 70 65 0 5.24898 -1.12289 -0.610578 15.1 0.0122916 0.00265201 0.0992063 
qwerty 70 65 0 5.24898 -1.03926 -0.592534 15.775 0.0122916 0.00265201 0.0992063 
qwerty 70 65 0 5.24898 -0.955629 -0.57449 16.45 0.0122916 0.00265201 0.0992063 
qwerty 70 65 0 5.24898 -0.871997 -0.556445 17.125 0.0122916 0.00265201 0.0992063 
qwerty 70 65 0 5.24898 -0.788364 -0.538401 17.8 0.0122916 0.00265201 0.0992063 
qwerty 70 65 0 5.24898 -0.704732 -0.520357 18.475 0.0122916 0.00265201 0.0992063 
qwerty 70 65 0 5.24898 -0.6211 -0.502312 19.15 0.0122916 0.00265201 0.0992063 
qwerty 70 65 0 5.24898 -0.537467 -0.484268 19.825 0.0122916 0.00265201 0.0992063 
qwerty 69 65 0 0.586546 -2.43573 -0.903305 4.975 -0.0439205 0.0126766 0.0889398 
qwerty 69 65 0 0.394813 -2.18419 -0.446611 5.65 0.0361446 0.0556954 0.074777 
qwerty 69 65 0 0.365021 -2.1043 -0.260876 6.325 0.00998452 0.0246909 0.0963881 
qwerty 69 65 0 0.323249 -1.68229 0.37134 7 0.0427676 0.0635688 0.0642646 
qwerty 69 65 0 0.323249 -1.25 1.01389 7.64958 0.0427676 0.0635688 0.0642646 
qwerty 69 65 0 0.323249 -1.23308 1.03903 7.675 0.0427676 0.0635688 0.0642646 
qwerty 69 65 0 0.323249 -1.09115 1.25 7.88828 0.0427676 0.0635688 0.0642646 
qwerty 69 65 0 0.323249 -0.783876 1.70672 8.35 0.0427676 0.0635688 0.0642646 
qwerty 69 65 0 0.323249 -0.334669 2.37442 9.025 0.0427676 0.0635688 0.0642646 
qwerty 69 65 0 0.271244 0.553062 2.51043 9.7 0.0834246 -0.00219291 0.0550957 
qwerty 69 65 0 0.271244 1.25 2.49211 10.1603 0.0834246 -0.00219291 0.0550957 
qwerty 69 65 0 0.271244 1.57513 2.48356 10.375 0.0834246 -0.00219291 0.0550957 
qwerty 68 65 0 100.602 -2.41604 -1.11491 4.975 -0.0385577 -0.0218948 0.0896321 
qwerty 68 65 0 100.602 -2.65394 -1.25 5.52803 -0.0385577 -0.0218948 0.0896321 
qwerty 68 65 0 100.602 -2.70641 -1.27979 5.65 -0.0385577 -0.0218948 0.0896321 
qwerty 68 65 0 100.602 -2.99678 -1.44468 6.325 -0.0385577 -0.0218948 0.0896321 
qwerty 68 65 0 100.602 -3.28715 -1.60957 7 -0.0385577 -0.0218948 0.0896321 
qwerty 67 65 0 1.09411 -2.12543 -0.950252 4.3 -0.0408415 -0.0207463 0.0888907 
qwerty 67 65 0 0.771431 -2.06111 -1.36753 4.975 0.0117201 -0.0541066 0.0832773 
qwerty 67 65 0 0.771431 -1.96611 -1.80609 5.65 0.0117201 -0.0541066 0.0832773 
qwerty 67 65 0 0.388476 -1.25 -1.74675 6.11909 0.0887962 0.0193306 0.041732 
qwerty 67 65 0 0.388476 -0.81187 -1.65138 6.325 0.0887962 0.0193306 0.041732 
qwerty 67 65 0 0.251912 0.0224936 -2.32519 5.825 0.0665715 -0.0591412 -0.0455034 
qwerty 67 65 0 0.251912 1.01002 -3.2025 5.15 0.0665715 -0.0591412 -0.0455034 
qwerty 67 65 0 0.251912 1.99755 -4.0798 4.475 0.0665715 -0.0591412 -0.0455034 
qwerty 66 65 0 0.994017 -2.11984 -0.946143 4.3 -0.039869 -0.020122 0.0894739 
qwerty 66 65 0 0.994017 -2.42062 -1.09795 4.975 -0.039869 -0.020122 0.0894739 
qwerty 66 65 0 0.805719 -2.50087 -1.25 5.31584 -0.00453319 -0.0536902 0.0842426 
qwerty 66 65 0 0.805719 -2.51885 -1.46297 5.65 -0.00453319 -0.0536902 0.0842426 
qwerty 66 65 0 0.805719 -2.55517 -1.89316 6.325 -0.00453319 -0.0536902 0.0842426 
qwerty 136 68 1.02299 93.2453 -3.58938 -1.77793 7.675 -0.0401862 -0.0175448 0.0898735 
qwerty 136 68 0.408206 43.6543 -3.7871 -1.82779 8.07705 -0.046054 -0.00863295 0.0883431 
qwerty 136 68 0.430195 43.2241 -3.92939 -1.85447 8.35 -0.0457943 -0.00846794 0.0884939 
qwerty 136 68 0.917712 39.4318 -4.16224 -1.94099 9.025 -0.0237242 -0.00646915 0.0969294 
qwerty 44 11 0.430731 14.5664 1.46448 2.24963 9.43863 0.0147805 0.0481168 0.0864078 
qwerty 44 11 0.410161 14.1563 1.50919 2.39518 9.7 0.0103225 0.0432686 0.0895616 
qwerty 44 11 0.591338 2.50975 1.75108 2.68527 10.1746 0.0414628 -0.0333029 0.0846862 
qwerty 44 11 0.524152 1.9856 1.84922 2.60644 10.375 0.0108495 -0.0594101 0.079704 
qwerty 44 11 0.459336 1.12001 1.83036 2.34793 10.1982 0.00840995 -0.0622263 -0.0778277 
qwerty 44 11 0.42388 0.696125 1.9718 2.20983 10.0536 0.0543768 0.0246778 -0.0802133 
qwerty 44 11 0.308074 0.388051 2.08608 2.19409 9.94827 0.0295966 0.0644855 -0.0704675 
qwerty 44 11 0.311164 0.0768877 2.10184 2.25761 9.91026 -0.0958848 0.0277363 -0.00606712 
qwerty 44 11 0.0768877 0 2.09705 2.259 9.90995 -0.0958848 0.0277363 -0.00606712 
qwerty 44 11 0 0 2.09705 2.259 9.90995 -0.0958848 0.0277363 -0.00606712 
qwerty 5 3 0.0596979 72.302 0.477324 0.20708 1.12024 0.0370995 0.0106753 0.0922478 
qwerty 5 3 1.0171 71.2849 0.670269 0.262599 1.6 0.0364234 0.0131468 0.0921981 
qwerty 5 3 0.800583 10.7213 1.25 0.59986 2.00801 0.0708295 0.0574003 0.0410901 
qwerty 5 3 1.17888 9.54241 1.71022 0.972823 2.275 0.0774328 0.0519129 0.036183 
qwerty 135 68 0.859376 3.74838 -3.36471 -1.57007 7.675 0.0299717 0.0400399 0.0865939 
qwerty 189 135 0 0.194127 -2.23663 -1.64034 7.175 0.0884656 -0.00769015 -0.0459859 
qwerty 187 5 0 4.7629 1.79555 0.287673 2.95 -0.00786178 -0.0801048 0.0593415 
qwerty 187 5 0 0.552063 2.43363 0.278194 3.625 0.0750037 0.0172584 0.0638482 
qwerty 187 5 0 0.552063 3.22657 0.460649 4.3 0.0750037 0.0172584 0.0638482 
qwerty 187 5 0 0.552063 3.75 0.581091 4.74558 0.0750037 0.0172584 0.0638482 
qwerty 187 5 0 0.552063 4.0195 0.643104 4.975 0.0750037 0.0172584 0.0638482 
qwerty 195 192 0 1.65769 2.8945 0.0657455 3.625 0.0901434 -0.00248574 0.0432203 
qwerty 195 192 0 1.65769 4.30233 0.026924 4.3 0.0901434 -0.00248574 0.0432203 
qwerty 194 192 0 0.396773 1.25 -0.637366 3.29379 -0.0553976 -0.0799077 0.0233638 
qwerty 194 192 0 0.396773 0.46467 -1.77016 3.625 -0.0553976 -0.0799077 0.0233638 
qwerty 186 5 0 0.789997 3.75 -0.0434467 2.06264 0.0854484 -0.0498658 -0.014559 
qwerty 186 5 0 0.789997 5.43819 -1.02864 1.775 0.0854484 -0.0498658 -0.014559 
qwerty 186 5 0 0.789997 9.39985 -3.34057 1.1 0.0854484 -0.0498658 -0.014559 
qwerty 186 5 0 0.241283 9.48916 -3.27141 1.6 -0.0202874 0.032748 0.0922821 
qwerty 186 5 0 0.241283 9.34077 -3.03188 2.275 -0.0202874 0.032748 0.0922821 
qwerty 185 5 0 0.240858 2.64306 0.069744 2.61959 -0.0044037 0.0885898 -0.0461786 
qwerty 185 5 0 0.240858 2.62688 0.395092 2.45 -0.0044037 0.0885898 -0.0461786 
qwerty 185 5 0 0.240858 2.56251 1.69002 1.775 -0.0044037 0.0885898 -0.0461786 
qwerty 204 185 0.271336 1.03169 2.71913 -0.0489238 2.61383 0.0837414 -0.0509522 -0.0197802 
qwerty 204 185 0.293102 0.738585 2.90834 -0.0905641 2.64094 0.0868162 -0.0381543 0.0317364 
qwerty 204 185 0.335419 0.403167 2.99472 -0.191575 2.73491 0.0255533 -0.0922161 0.0290381 
qwerty 204 185 0.383492 0.0196745 3.01423 -0.26198 2.75708 -0.0348698 0.0685427 -0.0639218 
qwerty 204 185 0.0196745 0 3.01407 -0.261668 2.75679 -0.0348698 0.0685427 -0.0639218 
qwerty 206 204 0 0.0474125 3.10636 -0.234933 2.45 0.0842232 -0.0404572 -0.0356323 
qwerty 183 5 0 1.03313 1.25 0.406473 1.9307 0.0904331 0.0203126 0.0375399 
qwerty 183 5 0 1.03313 2.07942 0.592772 2.275 0.0904331 0.0203126 0.0375399 
qwerty 183 5 0 1.03313 3.70548 0.958011 2.95 0.0904331 0.0203126 0.0375399 
qwerty 183 5 0 0.935368 4.47821 1.22647 3.625 0.0726601 0.0253479 0.0638591 
qwerty 183 5 0 0.935368 5.24624 1.4944 4.3 0.0726601 0.0253479 0.0638591 
qwerty 183 5 0 0.935368 6.01427 1.76234 4.975 0.0726601 0.0253479 0.0638591 
qwerty 183 5 0 0.935368 6.78229 2.03027 5.65 0.0726601 0.0253479 0.0638591 
qwerty 183 5 0 0.935368 7.55032 2.2982 6.325 0.0726601 0.0253479 0.0638591 
qwerty 183 5 0 0.935368 8.31835 2.56613 7 0.0726601 0.0253479 0.0638591 
qwerty 183 5 0 0.935368 8.75 2.71671 7.37937 0.0726601 0.0253479 0.0638591 
qwerty 183 5 0 0.935368 9.08638 2.83406 7.675 0.0726601 0.0253479 0.0638591 
qwerty 183 5 0 0.890109 10.0626 2.90455 8.35 0.0823794 0.00519318 0.0564506 
qwerty 183 5 0 0.890109 11.0476 2.96664 9.025 0.0823794 0.00519318 0.0564506 
qwerty 183 5 0 0.890109 12.0326 3.02874 9.7 0.0823794 0.00519318 0.0564506 
qwerty 183 5 0 0.890109 13.0177 3.09084 10.375 0.0823794 0.00519318 0.0564506 
qwerty 183 5 0 0.890109 14.0027 3.15293 11.05 0.0823794 0.00519318 0.0564506 
qwerty 181 5 0 49.8371 1.10022 0.54781 2.275 0.051817 0.0347647 0.0781435 
qwerty 213 181 0.166609 3.97767 1.15042 0.758663 2.51735 -0.0159263 0.0737492 0.0656308 
qwerty 213 181 1.27411 2.70356 1.00125 1.17809 2.86647 -0.0360328 0.092859 0.0088795 
qwerty 213 181 0.108692 2.59487 0.973349 1.25 2.87335 -0.0350772 0.0932365 0.00874928 
qwerty 213 181 0.653193 1.94168 0.873169 1.63378 2.91188 0.00753979 0.0976171 -0.0203484 
qwerty 213 181 0.659602 1.28208 0.974197 1.93446 2.83857 0.00103075 0.0985334 -0.0170326 
qwerty 213 181 0.438332 0.843744 0.894652 2.15276 2.74076 0.00391142 0.0296191 -0.0954327 
qwerty 213 181 0.401052 0.442692 0.953402 2.28891 2.61061 -0.0292524 0.0475382 -0.0829724 
qwerty 213 181 0.304203 0.138489 0.850422 2.3393 2.5712 -0.0753501 -0.0334036 -0.0566265 
qwerty 213 181 0.138489 0 0.839857 2.33462 2.56326 -0.0753501 -0.0334036 -0.0566265 
qwerty 215 213 0.00029101 0 0.995185 1.23477 2.93226 -0.0238698 0.0732107 0.0637999 
qwerty 216 215 0.00883601 0 0.995279 1.23481 2.9323 0.0863428 0.0357506 0.0355924 
qwerty 180 5 0 5.03625 1.06359 0.50927 2.275 0.0491264 0.0310554 0.0813766 
qwerty 180 5 0 5.03625 1.47109 0.766868 2.95 0.0491264 0.0310554 0.0813766 
qwerty 217 180 0.856306 1.95252 1.83117 1.11405 3.33535 -0.0082526 0.0904372 0.0418689 
qwerty 217 180 0.252051 0.713181 1.83278 1.27006 3.39212 -0.00385518 0.0930212 0.0364993 
qwerty 217 180 0.442466 0.270716 1.78312 1.37718 3.50968 -0.0742622 0.0463762 0.0483154 
qwerty 217 180 0.270716 0 1.75218 1.3965 3.52981 -0.0742622 0.0463762 0.0483154 
qwerty 219 217 0 0.987292 1.81736 2.98376 3.625 -0.000891415 0.0990853 0.0134652 
qwerty 219 217 0 0.987292 1.78798 6.25 4.06887 -0.000891415 0.0990853 0.0134652 
qwerty 219 217 0 0.987292 1.77267 7.95083 4.3 -0.000891415 0.0990853 0.0134652 
qwerty 219 217 0 0.894002 1.74573 10.9454 4.70694 0.031543 0.093826 0.0142026 
qwerty 219 217 0 0.894002 2.34107 12.7162 4.975 0.031543 0.093826 0.0142026 
qwerty 219 217 0 0.894002 3.52908 16.25 5.50991 0.031543 0.093826 0.0142026 
qwerty 219 217 0 0.894002 3.8402 17.1754 5.65 0.031543 0.093826 0.0142026 
qwerty 219 217 0 0.894002 5.33932 21.6347 6.325 0.031543 0.093826 0.0142026 
qwerty 220 219 0.0932902 0 1.73928 10.9485 4.70707 -0.0901523 0.0432336 0.00185053 
qwerty 179 5 0 0.0197884 0.667332 0.26375 1.6 0.0366023 0.0109166 0.092418 
qwerty 178 5 0 20.9253 0.631218 0.282184 1.6 0.0307892 0.0143754 0.0940499 
qwerty 178 5 0 20.9253 0.852193 0.385357 2.275 0.0307892 0.0143754 0.0940499 
qwerty 178 5 0 20.9253 1.07317 0.488531 2.95 0.0307892 0.0143754 0.0940499 
qwerty 178 5 0 20.9253 1.25 0.571093 3.49016 0.0307892 0.0143754 0.0940499 
qwerty 178 5 0 20.9253 1.29414 0.591704 3.625 0.0307892 0.0143754 0.0940499 
qwerty 178 5 0 9.88148 1.4668 0.672317 4.1524 0.0457316 -0.00282648 0.0888855 
qwerty 178 5 0 9.88148 1.54274 0.667623 4.3 0.0457316 -0.00282648 0.0888855 
qwerty 224 178 0.712586 1.67871 1.82938 1.0415 4.51258 -0.0160568 -0.0765836 -0.0622666 
qwerty 224 178 0.212545 1.46617 1.81969 0.995272 4.475 -0.0258249 -0.0672826 -0.0693262 
qwerty 224 178 0.171439 0.969359 1.72924 0.949591 4.52985 -0.0700459 -0.0382456 0.0602565 
qwerty 224 178 0.2119 0.757459 1.62765 0.907533 4.57793 -0.091768 -0.0397279 -0.000571428 
qwerty 224 178 0.201397 0.556062 1.53924 0.881245 4.5505 -0.0816108 0.0502652 -0.0285148 
qwerty 224 178 0.305587 0.250475 1.4351 0.93433 4.56073 -0.0896273 -0.0399126 0.0193372 
qwerty 224 178 0.250475 0 1.40206 0.919617 4.56785 -0.0896273 -0.0399126 0.0193372 
qwerty 223 178 0.251576 10.7922 1.49286 0.716843 4.3 0.0208363 0.0308473 0.0928132 
qwerty 223 178 1.72733 5.52524 1.83671 0.113016 4.975 0.0335684 -0.0625704 0.0704138 
qwerty 223 178 1.1365 3.49362 1.9298 -0.192698 4.475 0.0556833 -0.0448061 -0.0699413 
qwerty 223 178 0.762417 2.04737 2.19147 -0.464678 4.74639 0.0365025 -0.0914807 0.0172871 
qwerty 223 178 0.768796 1.27858 2.38022 -0.740556 4.7923 0.0725935 -0.0352685 -0.0590451 
qwerty 223 178 0.495142 0.783436 2.52387 -0.903355 4.67584 0.0460469 -0.0661478 -0.0591959 
qwerty 223 178 0.459613 0.323823 2.69025 -0.979574 4.62555 0.0507223 0.0752483 -0.0420112 
qwerty 223 178 0.323823 0 2.71815 -0.938179 4.60244 0.0507223 0.0752483 -0.0420112 
qwerty 227 223 0 0.361899 1.4598 0.970344 4.975 -0.00827249 0.0343265 0.0935588 
qwerty 227 223 0 0.361899 1.40011 1.218 5.65 -0.00827249 0.0343265 0.0935588 
qwerty 228 227 0.00317989 0.126699 1.39896 1.22131 5.64932 0.0109206 0.0969121 -0.0221083 
qwerty 228 227 0.00300318 0.123696 1.39924 1.22242 5.64919 0.0219527 0.0973622 -0.00621969 
qwerty 228 227 0.00417843 0.119517 1.39944 1.22353 5.64931 0.0280278 0.0953571 -0.011021 
qwerty 228 227 0.00338734 0.11613 1.39979 1.2246 5.64898 0.00131427 0.0931536 -0.0363412 
qwerty 228 227 0.00442488 0.111705 1.39989 1.22572 5.64865 -0.00889191 0.091008 -0.0404782 
qwerty 228 227 0.00448156 0.107224 1.3996 1.22674 5.64796 -0.000232119 0.0826601 -0.0562784 
qwerty 228 227 0.00533417 0.10189 1.3998 1.22766 5.6471 -0.0144564 0.0457751 -0.0877249 
qwerty 228 227 0.00683666 0.0950529 1.39942 1.22868 5.64596 -0.0499607 0.0491343 -0.0713425 
qwerty 228 227 0.00841952 0.0866333 1.39814 1.23013 5.64479 -0.0633246 0.0435692 -0.0639665 
qwerty 228 227 0.020475 0.0661583 1.39675 1.23059 5.64197 0.0966431 -0.0239421 0.00932108 
qwerty 228 227 0.0661583 0 1.40056 1.22965 5.64234 0.0966431 -0.0239421 0.00932108 
qwerty 177 5 0 1.05756 0.6324 0.280017 1.6 0.03097 0.0140751 0.0940359 
qwerty 176 35 0 0.510999 0.847396 4.36647 6.5 -0.0424086 -0.0107332 -0.0899239 
qwerty 176 35 0 0.510999 0.529062 4.2859 5.825 -0.0424086 -0.0107332 -0.0899239 
qwerty 176 35 0 0.426661 0.247875 4.62831 5.15 -0.0324329 0.0505415 -0.0799603 
qwerty 176 35 0 0.426661 -0.0259138 5.05496 4.475 -0.0324329 0.0505415 -0.0799603 
qwerty 176 35 0 0.426661 -0.299702 5.48162 3.8 -0.0324329 0.0505415 -0.0799603 
qwerty 176 35 0 0.426661 -0.573491 5.90827 3.125 -0.0324329 0.0505415 -0.0799603 
qwerty 176 35 0 0.426661 -0.792779 6.25 2.58437 -0.0324329 0.0505415 -0.0799603 
qwerty 176 35 0 0.426661 -0.847279 6.33493 2.45 -0.0324329 0.0505415 -0.0799603 
qwerty 176 35 0 0.426661 -1.12107 6.76159 1.775 -0.0324329 0.0505415 -0.0799603 
qwerty 175 35 0 0.510999 1.25 4.46837 7.35369 0.0424086 0.0107332 0.0899239 
qwerty 175 35 0 0.510999 1.40153 4.50672 7.675 0.0424086 0.0107332 0.0899239 
qwerty 174 44 0 0.510999 1.86425 2.75326 10.375 -0.0324475 0.06889 0.0648177 
qwerty 174 44 0 0.46413 1.79175 3.34903 10.8367 0.00681748 0.0975297 0.0210114 
qwerty 174 44 0 0.46413 1.81978 3.75 10.9231 0.00681748 0.0975297 0.0210114 
qwerty 174 44 0 0.46413 1.86094 4.33888 11.05 0.00681748 0.0975297 0.0210114 
qwerty 238 174 0.0468692 0 1.79114 3.34859 10.8388 -0.0284464 -0.0203621 0.0936813 
qwerty 173 44 0 0.510999 2.11455 2.22185 9.875 0.0324475 -0.06889 -0.0648177 
qwerty 173 44 0 0.510999 2.45245 1.50444 9.2 0.0324475 -0.06889 -0.0648177 
qwerty 172 44 0 0.0432083 1.86668 2.60375 10.375 0.0471218 -0.0332255 0.0817044 
qwerty 171 44 0 0.26942 1.7403 2.8433 10.375 0.0356306 0.0486465 0.0797745 
qwerty 168 44 0 0.217789 3.75 1.77582 10.3267 0.0918074 -0.0349977 0.0186161 
qwerty 168 44 0 0.217789 3.98827 1.68499 10.375 0.0918074 -0.0349977 0.0186161 
qwerty 167 44 0 0.188598 1.51627 2.68727 10.375 0.000781317 0.0417902 0.0908458 
qwerty 166 44 0 0.30932 1.48026 2.60502 10.375 -0.0055268 0.0294111 0.0954172 
qwerty 166 44 0 0.30932 1.44117 2.81308 11.05 -0.0055268 0.0294111 0.0954172 
qwerty 166 44 0 0.30932 1.40207 3.02114 11.725 -0.0055268 0.0294111 0.0954172 
qwerty 165 44 0 4.24801 1.44567 2.68962 10.375 -0.0106558 0.0417766 0.0902284 
qwerty 165 44 0 4.24801 1.36595 3.00215 11.05 -0.0106558 0.0417766 0.0902284 
qwerty 165 44 0 4.24801 1.28623 3.31468 11.725 -0.0106558 0.0417766 0.0902284 
qwerty 250 165 0 1.68839 1.27896 3.41048 11.9 0.0947212 0.00968794 -0.030562 
qwerty 250 165 0.435344 1.19334 1.55642 3.37176 11.9544 0.0926508 -0.0336154 -0.0169067 
qwerty 250 165 0.407256 0.786089 1.7602 3.29293 11.9339 0.0986474 0.00650196 0.0150471 
qwerty 250 165 0.310164 0.475925 1.92204 3.28017 11.9235 0.0323135 -0.051319 0.0795123 
qwerty 250 165 0.34281 0.133115 1.97971 3.24058 11.9942 0.0910523 -0.0359024 0.0205062 
qwerty 250 165 0.133115 0 1.99165 3.23587 11.9969 0.0910523 -0.0359024 0.0205062 
qwerty 251 250 0 1.1094 1.35711 3.75 11.9219 0.0323451 0.0941768 0.0091935 
qwerty 251 250 0 1.1094 2.21573 6.25 12.1659 0.0323451 0.0941768 0.0091935 
qwerty 251 250 0 1.1094 3.03933 8.648 12.4 0.0323451 0.0941768 0.0091935 
qwerty 251 250 0 0.921725 3.49029 11.4321 13.075 -0.00165984 0.0932806 0.0359996 
qwerty 251 250 0 0.921725 3.45917 13.1811 13.75 -0.00165984 0.0932806 0.0359996 
qwerty 251 250 0 0.377816 2.96861 15.1515 13.25 -0.0544977 0.0671972 -0.0501452 
qwerty 251 250 0 0.377816 2.23502 16.056 12.575 -0.0544977 0.0671972 -0.0501452 
qwerty 163 44 0 1.29373 1.6482 2.79536 10.375 0.0173425 0.0513627 0.0840304 
qwerty 163 44 0 1.29373 1.78751 3.20794 11.05 0.0173425 0.0513627 0.0840304 
qwerty 163 44 0 1.29373 1.92681 3.62053 11.725 0.0173425 0.0513627 0.0840304 
qwerty 163 44 0 0.74301 1.84459 3.75 11.9914 -0.0557963 0.0298601 0.0774284 
qwerty 163 44 0 0.74301 1.55018 3.90756 12.4 -0.0557963 0.0298601 0.0774284 
qwerty 163 44 0 0.74301 1.25 4.0682 12.8166 -0.0557963 0.0298601 0.0774284 
qwerty 163 44 0 0.487971 1.21816 4.08524 12.8607 -0.0986158 -0.00775593 0.0146547 
qwerty 163 44 0 0.487971 -0.223647 3.97185 13.075 -0.0986158 -0.00775593 0.0146547 
qwerty 261 163 0.0426861 0.212354 1.22263 4.08584 12.8795 0.029854 0.0124059 0.09463 
qwerty 261 163 0.039506 0.172848 1.2279 4.08142 12.8937 -0.0199456 -0.042777 0.0881607 
qwerty 261 163 0.0261161 0.146731 1.22813 4.08118 12.9046 -0.0655742 0.0462604 0.0596657 
qwerty 261 163 0.0600789 0.0866525 1.22043 4.08206 12.9106 -0.0920122 0.0189299 0.0342843 
qwerty 261 163 0.0866525 0 1.21463 4.08325 12.9128 -0.0920122 0.0189299 0.0342843 
qwerty 162 44 0.00029101 0 1.46513 2.25218 9.44327 0.0122278 0.0476404 0.0870682 
qwerty 264 162 0.0028104 0 1.46513 2.25219 9.44328 -0.00947009 0.0891257 0.04435 
qwerty 160 44 0 0.889631 1.37608 2.41316 9.7 -0.0102545 0.0494062 0.0863358 
qwerty 160 44 0 0.889631 1.2959 2.79943 10.375 -0.0102545 0.0494062 0.0863358 
qwerty 160 44 0 0.889631 1.21573 3.18571 11.05 -0.0102545 0.0494062 0.0863358 
qwerty 160 44 0 0.889631 1.13556 3.57198 11.725 -0.0102545 0.0494062 0.0863358 
qwerty 160 44 0 0.889631 1.09861 3.75 12.0361 -0.0102545 0.0494062 0.0863358 
qwerty 160 44 0 0.889631 1.05538 3.95825 12.4 -0.0102545 0.0494062 0.0863358 
qwerty 160 44 0 0.889631 0.975211 4.34453 13.075 -0.0102545 0.0494062 0.0863358 
qwerty 160 44 0 0.889631 0.895038 4.7308 13.75 -0.0102545 0.0494062 0.0863358 
qwerty 160 44 0 0.881895 0.771946 5.07175 14.425 -0.0177117 0.0430463 0.088506 
qwerty 160 44 0 0.881895 0.636865 5.40005 15.1 -0.0177117 0.0430463 0.088506 
qwerty 160 44 0 0.881895 0.501785 5.72835 15.775 -0.0177117 0.0430463 0.088506 
qwerty 160 44 0 0.881895 0.366705 6.05665 16.45 -0.0177117 0.0430463 0.088506 
qwerty 160 44 0 0.554383 0.312274 6.18893 16.722 -0.0482614 -0.0334755 0.0809334 
qwerty 160 44 0 0.554383 0.0719572 6.02224 17.125 -0.0482614 -0.0334755 0.0809334 
qwerty 160 44 0 0.554383 -0.330552 5.74305 17.8 -0.0482614 -0.0334755 0.0809334 
qwerty 160 44 0 0.554383 -0.733062 5.46386 18.475 -0.0482614 -0.0334755 0.0809334 
qwerty 160 44 0 0.554383 -1.13557 5.18467 19.15 -0.0482614 -0.0334755 0.0809334 
qwerty 160 44 0 0.554383 -1.25 5.1053 19.3419 -0.0482614 -0.0334755 0.0809334 
qwerty 160 44 0 0.554383 -1.53808 4.90547 19.825 -0.0482614 -0.0334755 0.0809334 
qwerty 160 44 0 0.554383 -1.94059 4.62628 20.5 -0.0482614 -0.0334755 0.0809334 
qwerty 160 44 0 0.294946 -2.12397 4.49908 20.8075 0.0740052 -0.0470632 0.0480446 
qwerty 160 44 0 0.278233 -1.69911 4.2289 21.0833 0.0716162 -0.0693005 0.0082802 
qwerty 160 44 0 0.278233 -1.25 3.79431 21.1353 0.0716162 -0.0693005 0.0082802 
qwerty 160 44 0 0.278233 -0.906379 3.4618 21.175 0.0716162 -0.0693005 0.0082802 
qwerty 269 160 0.0167132 0 -1.69906 4.22904 21.0837 0.0144322 0.0409885 0.0900647 
qwerty 268 160 0.259437 0 -2.1568 4.49592 20.8283 -0.0842596 -0.00811178 0.0532402 
qwerty 267 160 0.135653 0.19186 0.290299 6.22841 16.7525 -0.0295714 0.0481575 0.0825008 
qwerty 267 160 0.19186 0 0.283193 6.23998 16.7723 -0.0295714 0.0481575 0.0825008 
qwerty 158 44 0 0.267721 1.63024 2.27984 9.7 0.0309879 0.0309019 0.0899156 
qwerty 158 44 0 0.267721 1.86287 2.51182 10.375 0.0309879 0.0309019 0.0899156 
qwerty 158 44 0 0.267721 2.0955 2.7438 11.05 0.0309879 0.0309019 0.0899156 
qwerty 157 44 0 1.02335 1.63329 2.26401 9.7 0.0316277 0.0286964 0.0904224 
qwerty 157 44 0 1.02335 1.86939 2.47823 10.375 0.0316277 0.0286964 0.0904224 
qwerty 157 44 0 1.02335 2.10549 2.69245 11.05 0.0316277 0.0286964 0.0904224 
qwerty 157 44 0 1.02335 2.34159 2.90666 11.725 0.0316277 0.0286964 0.0904224 
qwerty 157 44 0 0.50743 3.97246 3.75 11.96 0.0847365 0.052824 0.00541773 
qwerty 157 44 0 0.50743 7.98278 6.25 12.2164 0.0847365 0.052824 0.00541773 
qwerty 157 44 0 0.50743 10.854 8.03987 12.4 0.0847365 0.052824 0.00541773 
qwerty 279 156 0.0439206 0.317328 -3.88518 -8.5983 7.17902 -0.0618698 -0.0460814 0.0636288 
qwerty 279 156 0.00928962 0.308038 -3.88889 -8.60254 7.18322 -0.062049 -0.0325594 0.0713429 
qwerty 279 156 0.0149254 0.293113 -3.89193 -8.60538 7.18796 -0.0364621 -0.0335331 0.086868 
qwerty 279 156 0.0131549 0.279958 -3.89455 -8.60961 7.1937 -0.0554868 -0.0497315 0.0666932 
qwerty 279 156 0.014412 0.265546 -3.89838 -8.61669 7.19931 -0.0547804 -0.0724586 0.0418193 
qwerty 279 156 0.0342851 0.231261 -3.90928 -8.62392 7.20487 -0.0816086 -0.0464226 -0.0344236 
qwerty 279 156 0.0378291 0.193432 -3.92085 -8.63608 7.20417 -0.0784319 -0.0558117 -0.0270831 
qwerty 279 156 0.0408769 0.152555 -3.92952 -8.64387 7.19293 -0.0827568 -0.0559547 0.00451525 
qwerty 279 156 0.0361505 0.116404 -3.93774 -8.64813 7.19496 -0.0804964 -0.0576332 -0.0140976 
qwerty 279 156 0.0682255 0.0481786 -3.9498 -8.64806 7.19635 -0.0114708 0.0137292 0.0983866 
qwerty 279 156 0.0481786 0 -3.95005 -8.64775 7.19857 -0.0114708 0.0137292 0.0983866 
qwerty 153 129 0 0.510999 -2.05214 -0.127019 20.5 -0.0927284 0.0199506 0.0316768 
qwerty 152 129 0 0.552964 -0.271137 -0.58612 19.325 0.0357113 -0.0189848 -0.0914564 
qwerty 152 129 0 0.552964 -0.00756791 -0.726238 18.65 0.0357113 -0.0189848 -0.0914564 
qwerty 150 136 0 37.0469 -4.41619 -2.0808 9.7 -0.0338546 -0.022475 0.0913714 
qwerty 150 136 0 37.0469 -4.66629 -2.24684 10.375 -0.0338546 -0.022475 0.0913714 
qwerty 150 136 0 37.0469 -4.91639 -2.41287 11.05 -0.0338546 -0.022475 0.0913714 
qwerty 150 136 0 37.0469 -5.16649 -2.5789 11.725 -0.0338546 -0.022475 0.0913714 
qwerty 150 136 0 37.0469 -5.41658 -2.74493 12.4 -0.0338546 -0.022475 0.0913714 
qwerty 150 136 0 37.0469 -5.66668 -2.91097 13.075 -0.0338546 -0.022475 0.0913714 
qwerty 285 150 0.361151 5.84357 -5.76143 -3.0388 13.4458 0.000252906 -0.0300057 0.0953918 
qwerty 285 150 0.708739 5.13483 -5.76063 -3.13448 13.75 0.00569188 -0.0295676 0.0953591 
qwerty 285 150 0.83982 2.27551 -6.12493 -3.21883 13.4071 -0.0811367 0.00461747 -0.058271 
qwerty 285 150 0.410908 1.8646 -6.34368 -3.20638 13.25 -0.0505513 0.00233188 -0.0862504 
qwerty 285 150 0.0305969 0.48553 -6.3512 -3.24458 13.2535 -0.0650965 -0.0666073 0.036413 
qwerty 285 150 0.0758679 0.409662 -6.36401 -3.25388 13.2581 -0.0812871 -0.0580466 0.00479649 
qwerty 285 150 0.0242186 0.385443 -6.37708 -3.26005 13.2559 -0.0902213 -0.0425768 -0.00687984 
qwerty 285 150 0.0352811 0.350162 -6.39208 -3.26403 13.2519 -0.0459188 -0.053433 -0.0709674 
qwerty 285 150 0.0044909 0.345671 -6.39329 -3.26544 13.25 -0.0796658 -0.0602501 0.00482602 
qwerty 285 150 0.0128607 0.332811 -6.39846 -3.26974 13.2504 -0.0701568 -0.0667702 0.0248952 
qwerty 285 150 0.0117045 0.321106 -6.40206 -3.27437 13.2523 -0.080793 -0.0577621 0.0116633 
qwerty 285 150 0.0219577 0.299148 -6.40764 -3.27805 13.2544 -0.0801548 -0.0500182 0.0327627 
qwerty 285 150 0.0110364 0.288112 -6.41422 -3.28028 13.2562 -0.0751023 -0.00519049 0.0658232 
qwerty 285 150 0.0150154 0.273097 -6.41826 -3.28143 13.2614 -0.045432 0.0109012 0.0884143 
qwerty 285 150 0.0128892 0.260207 -6.42304 -3.28078 13.2666 -0.0565681 0.00327428 0.0823974 
qwerty 285 150 0.0199521 0.240255 -6.42739 -3.28131 13.2744 -0.0559259 -0.0216079 0.0800337 
qwerty 285 150 0.0382221 0.202033 -6.43984 -3.28586 13.282 -0.0878822 0.0128655 0.0459478 
qwerty 285 150 0.0661118 0.135922 -6.45508 -3.27364 13.2876 -0.0192087 0.0673809 0.0713502 
qwerty 285 150 0.135922 0 -6.45769 -3.26448 13.2973 -0.0192087 0.0673809 0.0713502 
qwerty 289 285 0 0.600827 -5.75999 -3.24161 13.75 0.075206 -0.00145744 0.0658934 
qwerty 289 285 0 0.215933 -5.20236 -3.25242 14.2386 -0.00651942 -0.0686897 -0.0723824 
qwerty 289 285 0 0.215933 -5.2306 -3.55 13.925 -0.00651942 -0.0686897 -0.0723824 
qwerty 290 289 0.298363 0.0865298 -5.15714 -3.23887 14.2922 -0.0785289 0.0341249 0.0516595 
qwerty 290 289 0.0865298 0 -5.16208 -3.23673 14.2954 -0.0785289 0.0341249 0.0516595 
qwerty 287 285 0 3.41749 -5.91271 -3.22225 13.75 -0.0391825 -0.047515 0.0787849 
qwerty 287 285 0 3.41749 -6.24842 -3.62935 14.425 -0.0391825 -0.047515 0.0787849 
qwerty 287 285 0 3.41749 -6.34791 -3.75 14.6251 -0.0391825 -0.047515 0.0787849 
qwerty 287 285 0 3.41749 -6.58412 -4.03644 15.1 -0.0391825 -0.047515 0.0787849 
qwerty 287 285 0 3.41749 -6.91982 -4.44353 15.775 -0.0391825 -0.047515 0.0787849 
qwerty 287 285 0 3.41749 -7.25552 -4.85062 16.45 -0.0391825 -0.047515 0.0787849 
qwerty 287 285 0 3.41749 -7.59122 -5.25771 17.125 -0.0391825 -0.047515 0.0787849 
qwerty 287 285 0 3.41749 -7.92692 -5.6648 17.8 -0.0391825 -0.047515 0.0787849 
qwerty 287 285 0 3.41749 -8.26262 -6.0719 18.475 -0.0391825 -0.047515 0.0787849 
qwerty 287 285 0 3.41749 -8.40949 -6.25 18.7703 -0.0391825 -0.047515 0.0787849 
qwerty 287 285 0 3.41749 -8.59832 -6.47899 19.15 -0.0391825 -0.047515 0.0787849 
qwerty 287 285 0 3.41749 -8.75 -6.66292 19.455 -0.0391825 -0.047515 0.0787849 
qwerty 287 285 0 3.41749 -8.93403 -6.88608 19.825 -0.0391825 -0.047515 0.0787849 
qwerty 287 285 0 3.41749 -9.26973 -7.29317 20.5 -0.0391825 -0.047515 0.0787849 
qwerty 293 287 0.248717 1.17619 -9.39717 -7.2579 20.7598 -0.0453911 0.0573614 0.0681859 
qwerty 293 287 0.384129 0.792065 -9.57024 -7.1043 20.8233 -0.0557558 0.0781721 0.0279359 
qwerty 293 287 0.352088 0.439976 -9.6302 -6.92843 20.778 -0.0449278 0.0745564 0.0492223 
qwerty 293 287 0.317496 0.12248 -9.66887 -6.86425 20.8204 -0.060834 0.0631371 0.0480929 
qwerty 293 287 0.12248 0 -9.67581 -6.85706 20.8259 -0.060834 0.0631371 0.0480929 
qwerty 149 136 0 0.240246 -4.17549 -2.00999 9.21958 -0.0292028 0.00206347 -0.0956187 
qwerty 149 136 0 0.240246 -4.18147 -2.00957 9.2 -0.0292028 0.00206347 -0.0956187 
qwerty 297 149 0.177322 0.977701 -4.11379 -2.06135 9.28486 0.069513 -0.0592541 0.040705 
qwerty 297 149 0.225326 0.752375 -4.04073 -2.12725 9.35742 0.0298644 -0.0194671 0.0934299 
qwerty 297 149 0.425673 0.326702 -3.9666 -2.0889 9.47364 -0.0134116 -0.0132745 0.0982035 
qwerty 297 149 0.326702 0 -3.97408 -2.0963 9.5284 -0.0134116 -0.0132745 0.0982035 
qwerty 147 136 0 0.0868266 -3.79543 -1.82897 8.094 0.0251111 0.0212338 0.0944381 
qwerty 147 136 0 0.0868266 -3.72735 -1.77141 8.35 0.0251111 0.0212338 0.0944381 
qwerty 300 147 0.00430252 0 -3.79545 -1.82898 8.094 -0.0931803 -0.0362922 -0.000557224 
qwerty 146 136 0 4.47894 -3.93459 -1.88457 8.35 -0.0466436 -0.013429 0.0874302 
qwerty 146 136 0 4.47894 -4.2947 -1.98825 9.025 -0.0466436 -0.013429 0.0874302 
qwerty 146 136 0 4.47894 -4.65481 -2.09193 9.7 -0.0466436 -0.013429 0.0874302 
qwerty 146 136 0 4.47894 -5.01492 -2.19561 10.375 -0.0466436 -0.013429 0.0874302 
qwerty 146 136 0 4.47894 -5.37503 -2.29929 11.05 -0.0466436 -0.013429 0.0874302 
qwerty 146 136 0 4.47894 -5.73514 -2.40297 11.725 -0.0466436 -0.013429 0.0874302 
qwerty 146 136 0 4.47894 -6.09525 -2.50664 12.4 -0.0466436 -0.013429 0.0874302 
qwerty 146 136 0 4.47894 -6.25 -2.5512 12.6901 -0.0466436 -0.013429 0.0874302 
qwerty 146 136 0 4.47894 -6.45536 -2.61032 13.075 -0.0466436 -0.013429 0.0874302 
qwerty 146 136 0 4.47894 -6.81547 -2.714 13.75 -0.0466436 -0.013429 0.0874302 
qwerty 146 136 0 4.47894 -7.17558 -2.81768 14.425 -0.0466436 -0.013429 0.0874302 
qwerty 146 136 0 4.47894 -7.53569 -2.92136 15.1 -0.0466436 -0.013429 0.0874302 
qwerty 146 136 0 4.47894 -7.8958 -3.02504 15.775 -0.0466436 -0.013429 0.0874302 
qwerty 146 136 0 4.47894 -8.25591 -3.12871 16.45 -0.0466436 -0.013429 0.0874302 
qwerty 146 136 0 4.47894 -8.61602 -3.23239 17.125 -0.0466436 -0.013429 0.0874302 
qwerty 146 136 0 4.47894 -8.97613 -3.33607 17.8 -0.0466436 -0.013429 0.0874302 
qwerty 146 136 0 4.47894 -9.33624 -3.43975 18.475 -0.0466436 -0.013429 0.0874302 
qwerty 146 136 0 4.47894 -9.69635 -3.54343 19.15 -0.0466436 -0.013429 0.0874302 
qwerty 146 136 0 4.47894 -10.0565 -3.6471 19.825 -0.0466436 -0.013429 0.0874302 
qwerty 146 136 0 4.47894 -10.4139 -3.75 20.4949 -0.0466436 -0.013429 0.0874302 
qwerty 146 136 0 4.47894 -10.4166 -3.75078 20.5 -0.0466436 -0.013429 0.0874302 
qwerty 146 136 0 4.47894 -10.7767 -3.85446 21.175 -0.0466436 -0.013429 0.0874302 
qwerty 146 136 0 4.47894 -11.1368 -3.95814 21.85 -0.0466436 -0.013429 0.0874302 
qwerty 146 136 0 4.47894 -11.25 -3.99073 22.0622 -0.0466436 -0.013429 0.0874302 
qwerty 146 136 0 4.47894 -11.4969 -4.06182 22.525 -0.0466436 -0.013429 0.0874302 
qwerty 146 136 0 4.47894 -11.857 -4.1655 23.2 -0.0466436 -0.013429 0.0874302 
qwerty 146 136 0 4.47894 -12.2171 -4.26917 23.875 -0.0466436 -0.013429 0.0874302 
qwerty 146 136 0 4.47894 -12.5772 -4.37285 24.55 -0.0466436 -0.013429 0.0874302 
qwerty 146 136 0 4.47894 -12.9373 -4.47653 25.225 -0.0466436 -0.013429 0.0874302 
qwerty 146 136 0 1.24911 -14.3601 -5.72694 25.9 -0.0707681 -0.0623079 0.0333107 
qwerty 146 136 0 1.24911 -15.7941 -6.98953 26.575 -0.0707681 -0.0623079 0.0333107 
qwerty 146 136 0 1.24911 -17.2281 -8.25213 27.25 -0.0707681 -0.0623079 0.0333107 
qwerty 146 136 0 1.24911 -18.6622 -9.51472 27.925 -0.0707681 -0.0623079 0.0333107 
qwerty 304 146 0 0.719553 -18.9863 -9.75262 28.1 0.0606887 0.0563303 -0.0560693 
qwerty 304 146 0.0497095 0.606744 -18.9918 -9.75146 28.129 -0.0305657 0.0179444 0.093508 
qwerty 304 146 0.0521157 0.554628 -19.0064 -9.75043 28.1526 -0.0329436 -0.0232895 0.0915004 
qwerty 304 146 0.0430976 0.511531 -19.011 -9.75058 28.1823 0.000932268 -0.0169116 0.0985552 
qwerty 304 146 0.0810881 0.430443 -18.9987 -9.76243 28.2279 0.00669844 -0.0620447 0.0781382 
qwerty 304 146 0.170439 0.260004 -19.0484 -9.81425 28.279 -0.0283646 -0.0958275 -0.0035423 
qwerty 304 146 0.260004 0 -19.0595 -9.85172 28.2776 -0.0283646 -0.0958275 -0.0035423 
qwerty 302 146 0.529304 1.62789 -12.7367 -4.44636 24.9578 0.0258412 0.0294103 -0.0920177 
qwerty 302 146 0.282139 0.882051 -12.6865 -4.4424 24.7754 0.025665 -0.00697858 -0.0963982 
qwerty 302 146 0.0759732 0.806078 -12.6731 -4.44604 24.725 0.0210017 -0.0364373 -0.0907263 
qwerty 302 146 0.0346495 0.485466 -12.6927 -4.4517 24.7295 -0.0837453 -0.050861 0.0199973 
qwerty 302 146 0.0210735 0.464393 -12.7062 -4.45927 24.7309 -0.0833417 -0.0414245 0.0365811 
qwerty 302 146 0.0312923 0.433101 -12.7207 -4.465 24.7391 -0.0913484 -0.0198241 0.0355314 
qwerty 302 146 0.0221676 0.410933 -12.732 -4.46795 24.7462 -0.065667 -0.0553284 0.0512505 
qwerty 302 146 0.0301561 0.380777 -12.7413 -4.47763 24.7509 -0.0536349 -0.0499536 0.0680289 
qwerty 302 146 0.0767826 0.303994 -12.75 -4.48918 24.7592 -0.093317 -0.0359115 0.00152024 
qwerty 302 146 0.0467287 0.257266 -12.7674 -4.49609 24.7526 -0.0270368 0.0873824 -0.0404145 
qwerty 302 146 0.0394703 0.217795 -12.7685 -4.47798 24.7515 -0.0514586 0.0811873 0.0275796 
qwerty 302 146 0.0420814 0.175714 -12.7763 -4.46822 24.762 -0.000406021 0.0699646 0.0714478 
qwerty 302 146 0.0838469 0.0918671 -12.7667 -4.46312 24.7814 -0.0313448 0.073694 0.059889 
qwerty 302 146 0.0918671 0 -12.7689 -4.45798 24.7856 -0.0313448 0.073694 0.059889 
qwerty 305 302 0.0624127 0.401285 -12.7149 -4.43785 24.7635 0.0218497 -0.0113199 0.096925 
qwerty 305 302 0.0445976 0.356687 -12.7142 -4.44534 24.7825 0.0312396 -0.0296363 0.090254 
qwerty 305 302 0.0842054 0.272482 -12.6923 -4.45156 24.8049 0.0607317 -0.0737705 0.0294887 
qwerty 305 302 0.160903 0.111579 -12.6931 -4.49179 24.8306 0.0188228 -0.0447661 0.0874168 
qwerty 305 302 0.111579 0 -12.6913 -4.49615 24.8391 0.0188228 -0.0447661 0.0874168 
qwerty 145 136 0 0.261361 -3.9579 -1.82745 7.4831 -0.0925152 0.0376264 -0.00501969 
qwerty 145 136 0 0.261361 -6.25 -0.895245 7.35873 -0.0925152 0.0376264 -0.00501969 
qwerty 145 136 0 0.261361 -8.75 0.121519 7.22309 -0.0925152 0.0376264 -0.00501969 
qwerty 145 136 0 0.261361 -9.63628 0.481974 7.175 -0.0925152 0.0376264 -0.00501969 
qwerty 308 145 0.00504113 0.103259 -9.68282 0.501013 7.17576 -0.0271005 -0.00610402 0.096064 
qwerty 308 145 0.00360298 0.0996562 -9.6831 0.500772 7.17664 -0.0363896 -0.00842517 0.0927621 
qwerty 308 145 0.00405403 0.0956022 -9.68329 0.500774 7.17772 -0.0475326 0.00597497 0.0877779 
qwerty 308 145 0.0061578 0.0894444 -9.68428 0.501087 7.17897 -0.0589124 0.0396321 0.0704176 
qwerty 308 145 0.0071465 0.0822978 -9.68616 0.501485 7.18029 0.00674907 -0.0886107 0.0458541 
qwerty 308 145 0.025411 0.0568868 -9.68702 0.499292 7.18174 -0.0547472 -0.0802029 -0.0238798 
qwerty 308 145 0.0568868 0 -9.68868 0.496868 7.18102 -0.0547472 -0.0802029 -0.0238798 
qwerty 307 145 0.0551768 0 -3.95765 -1.82881 7.48059 0.00883684 -0.0474118 -0.0876016 
qwerty 144 136 0 3.29721 -3.89586 -1.87877 8.35 -0.041061 -0.0122872 0.0903494 
qwerty 144 136 0 3.29721 -4.20263 -1.97057 9.025 -0.041061 -0.0122872 0.0903494 
qwerty 144 136 0 3.29721 -4.50939 -2.06237 9.7 -0.041061 -0.0122872 0.0903494 
qwerty 144 136 0 3.29721 -4.81616 -2.15417 10.375 -0.041061 -0.0122872 0.0903494 
qwerty 144 136 0 3.29721 -5.12293 -2.24596 11.05 -0.041061 -0.0122872 0.0903494 
qwerty 144 136 0 3.29721 -5.42969 -2.33776 11.725 -0.041061 -0.0122872 0.0903494 
qwerty 144 136 0 3.29721 -5.73646 -2.42956 12.4 -0.041061 -0.0122872 0.0903494 
qwerty 144 136 0 3.29721 -6.04323 -2.52136 13.075 -0.041061 -0.0122872 0.0903494 
qwerty 144 136 0 3.29721 -6.34999 -2.61315 13.75 -0.041061 -0.0122872 0.0903494 
qwerty 144 136 0 3.29721 -6.65676 -2.70495 14.425 -0.041061 -0.0122872 0.0903494 
qwerty 144 136 0 3.29721 -6.96353 -2.79675 15.1 -0.041061 -0.0122872 0.0903494 
qwerty 144 136 0 2.55592 -7.26798 -2.88785 15.7699 -0.0645485 -0.0204404 0.0735913 
qwerty 144 136 0 2.55592 -7.27244 -2.88927 15.775 -0.0645485 -0.0204404 0.0735913 
qwerty 144 136 0 2.55592 -7.8645 -3.07675 16.45 -0.0645485 -0.0204404 0.0735913 
qwerty 144 136 0 2.55592 -8.45656 -3.26424 17.125 -0.0645485 -0.0204404 0.0735913 
qwerty 144 136 0 2.55592 -9.04862 -3.45172 17.8 -0.0645485 -0.0204404 0.0735913 
qwerty 144 136 0 2.55592 -9.64067 -3.63921 18.475 -0.0645485 -0.0204404 0.0735913 
qwerty 144 136 0 2.55592 -9.99054 -3.75 18.8739 -0.0645485 -0.0204404 0.0735913 
qwerty 144 136 0 2.55592 -10.2327 -3.82669 19.15 -0.0645485 -0.0204404 0.0735913 
qwerty 144 136 0 2.55592 -10.8248 -4.01418 19.825 -0.0645485 -0.0204404 0.0735913 
qwerty 144 136 0 2.55592 -11.4168 -4.20166 20.5 -0.0645485 -0.0204404 0.0735913 
qwerty 144 136 0 2.55592 -12.0089 -4.38915 21.175 -0.0645485 -0.0204404 0.0735913 
qwerty 144 136 0 2.55592 -12.601 -4.57663 21.85 -0.0645485 -0.0204404 0.0735913 
qwerty 144 136 0 2.55592 -13.193 -4.76412 22.525 -0.0645485 -0.0204404 0.0735913 
qwerty 144 136 0 2.55592 -13.7851 -4.9516 23.2 -0.0645485 -0.0204404 0.0735913 
qwerty 144 136 0 2.55592 -14.3771 -5.13909 23.875 -0.0645485 -0.0204404 0.0735913 
qwerty 144 136 0 2.55592 -14.9692 -5.32657 24.55 -0.0645485 -0.0204404 0.0735913 
qwerty 144 136 0 2.55592 -15.5612 -5.51406 25.225 -0.0645485 -0.0204404 0.0735913 
qwerty 144 136 0 2.55592 -16.1533 -5.70154 25.9 -0.0645485 -0.0204404 0.0735913 
qwerty 144 136 0 2.55592 -16.7454 -5.88903 26.575 -0.0645485 -0.0204404 0.0735913 
qwerty 144 136 0 2.55592 -17.3374 -6.07651 27.25 -0.0645485 -0.0204404 0.0735913 
qwerty 144 136 0 2.55592 -17.9295 -6.264 27.925 -0.0645485 -0.0204404 0.0735913 
qwerty 144 136 0 2.55592 -18.5215 -6.45148 28.6 -0.0645485 -0.0204404 0.0735913 
qwerty 144 136 0 2.46319 -18.75 -6.52875 28.8337 -0.0715319 -0.0256985 0.0649829 
qwerty 144 136 0 2.46319 -19.2357 -6.70325 29.275 -0.0715319 -0.0256985 0.0649829 
qwerty 144 136 0 2.46319 -19.9788 -6.97019 29.95 -0.0715319 -0.0256985 0.0649829 
qwerty 144 136 0 2.46319 -20.7218 -7.23713 30.625 -0.0715319 -0.0256985 0.0649829 
qwerty 144 136 0 2.46319 -21.4648 -7.50407 31.3 -0.0715319 -0.0256985 0.0649829 
qwerty 144 136 0 2.46319 -22.2078 -7.771 31.975 -0.0715319 -0.0256985 0.0649829 
qwerty 144 136 0 2.46319 -22.9509 -8.03794 32.65 -0.0715319 -0.0256985 0.0649829 
qwerty 144 136 0 2.46319 -23.6939 -8.30488 33.325 -0.0715319 -0.0256985 0.0649829 
qwerty 144 136 0 2.46319 -24.4369 -8.57182 34 -0.0715319 -0.0256985 0.0649829 
qwerty 144 136 0 2.46319 -25.1799 -8.83876 34.675 -0.0715319 -0.0256985 0.0649829 
qwerty 144 136 0 2.46319 -25.923 -9.1057 35.35 -0.0715319 -0.0256985 0.0649829 
qwerty 144 136 0 2.46319 -26.25 -9.22319 35.6471 -0.0715319 -0.0256985 0.0649829 
qwerty 144 136 0 2.46319 -26.666 -9.37264 36.025 -0.0715319 -0.0256985 0.0649829 
qwerty 309 144 0.00649414 0.734797 -7.26661 -2.88731 15.775 0.0204438 0.0130326 0.0970165 
qwerty 309 144 0.040908 0.595025 -7.27046 -2.86475 15.7582 -0.00840206 0.0869268 -0.0487149 
qwerty 309 144 0.0773423 0.517683 -7.26651 -2.84316 15.7453 0.00414459 0.0828848 -0.0557936 
qwerty 309 144 0.0590266 0.458656 -7.25787 -2.82166 15.7282 0.0451584 0.0871078 -0.0193119 
qwerty 309 144 0.0653574 0.393299 -7.24706 -2.79729 15.7265 0.00746844 0.0964966 0.025152 
qwerty 309 144 0.0585641 0.334735 -7.24523 -2.76906 15.7248 -0.033409 0.092562 -0.0177795 
qwerty 309 144 0.0594202 0.275314 -7.24694 -2.74747 15.7139 0.0118965 0.0956182 -0.0267514 
qwerty 309 144 0.0694385 0.205876 -7.23685 -2.71737 15.7189 -0.0322577 0.0686269 0.0651904 
qwerty 309 144 0.16728 0.00446772 -7.24551 -2.69895 15.7364 0.0392906 0.00103821 0.091952 
qwerty 309 144 0.00446772 0 -7.2455 -2.69895 15.7365 0.0392906 0.00103821 0.091952 
qwerty 313 309 0 0.0341284 -7.1105 -2.69098 15.6847 0.0944778 -0.0105894 -0.031013 
qwerty 313 309 0 0.0341284 -6.25 -2.78743 15.4022 0.0944778 -0.0105894 -0.031013 
qwerty 313 309 0 0.0341284 -5.86239 -2.83087 15.275 0.0944778 -0.0105894 -0.031013 
qwerty 143 136 0 37.1716 -3.92409 -1.89483 8.35 -0.0443973 -0.014377 0.0884431 
qwerty 143 136 0 37.1716 -4.26293 -2.00456 9.025 -0.0443973 -0.014377 0.0884431 
qwerty 143 136 0 37.1716 -4.60177 -2.11428 9.7 -0.0443973 -0.014377 0.0884431 
qwerty 143 136 0 37.1716 -4.94061 -2.22401 10.375 -0.0443973 -0.014377 0.0884431 
qwerty 143 136 0 37.1716 -5.27945 -2.33374 11.05 -0.0443973 -0.014377 0.0884431 
qwerty 316 143 0.325889 21.0181 -5.46213 -2.42755 11.3808 -0.0482077 -0.0329831 0.0811673 
qwerty 316 143 0.345245 20.0097 -5.57018 -2.49427 11.5519 -0.0516765 -0.0244891 0.0820355 
qwerty 316 143 0.310836 19.6989 -5.67924 -2.54595 11.725 -0.0556397 -0.0240468 0.079536 
qwerty 316 143 1.00827 9.3115 -5.94928 -2.58747 12.4 -0.0408336 0.00691719 0.0910207 
qwerty 316 143 0.921423 5.95675 -5.72114 -2.47865 13.075 0.0488446 0.00842271 0.086852 
qwerty 321 316 0.931785 2.81559 -5.85342 -2.52045 12.4 0.00590716 -0.0105121 0.0992703 
qwerty 318 316 0.160777 0.502323 -5.60406 -2.56805 11.5695 0.055235 -0.0753565 0.0356439 
qwerty 318 316 0.323547 0.178776 -5.58374 -2.6284 11.6389 0.034757 0.0376837 0.0858597 
qwerty 318 316 0.178776 0 -5.57629 -2.62033 11.6573 0.034757 0.0376837 0.0858597 
qwerty 315 143 0.835354 2.92909 -5.29261 -2.6283 11.7078 -0.00849182 -0.0229393 0.0969622 
qwerty 315 143 0.0365717 2.89252 -5.29411 -2.63237 11.725 -0.00491488 -0.0183558 0.098178 
qwerty 315 143 0.628703 1.94104 -5.60542 -2.39563 11.5281 -0.031584 0.0868628 -0.0381747 
qwerty 315 143 0.501077 1.43996 -5.63837 -2.07852 11.4492 -0.00565711 0.0666541 -0.0743319 
qwerty 315 143 0.446999 0.992962 -5.67248 -1.93413 11.2423 -0.0457821 0.0497851 -0.0736577 
qwerty 315 143 0.0355269 0.957436 -5.68323 -1.92245 11.225 -0.0250899 0.0442034 -0.0861194 
qwerty 327 315 0 0.574667 -5.64524 -2.98128 11.725 -0.0344689 -0.0713548 0.060995 
qwerty 327 315 0 0.574667 -6.01658 -3.75 12.3821 -0.0344689 -0.0713548 0.060995 
qwerty 327 315 0 0.574667 -6.02669 -3.77093 12.4 -0.0344689 -0.0713548 0.060995 
qwerty 327 315 0 0.574667 -6.25 -4.23322 12.7952 -0.0344689 -0.0713548 0.060995 
qwerty 327 315 0 0.574667 -6.40814 -4.56058 13.075 -0.0344689 -0.0713548 0.060995 
qwerty 327 315 0 0.574667 -6.78959 -5.35022 13.75 -0.0344689 -0.0713548 0.060995 
qwerty 327 315 0 0.574667 -7.17104 -6.13987 14.425 -0.0344689 -0.0713548 0.060995 
qwerty 326 316 0 0.510999 -5.61074 -2.03474 13.75 -0.0098534 0.0595845 0.0797032 
qwerty 325 316 0 0.510999 -5.46548 -2.91315 12.575 0.0098534 -0.0595845 -0.0797032 
qwerty 325 316 0 0.510999 -5.34915 -3.46452 11.9 0.0132821 -0.0627527 -0.0767182 
qwerty 325 316 0 0.510999 -5.23229 -4.01664 11.225 0.0132821 -0.0627527 -0.0767182 
qwerty 325 316 0 0.510999 -5.11543 -4.56877 10.55 0.0132821 -0.0627527 -0.0767182 
qwerty 325 316 0 0.510999 -4.99856 -5.12089 9.875 0.0132821 -0.0627527 -0.0767182 
qwerty 325 316 0 0.510999 -4.8817 -5.67302 9.2 0.0132821 -0.0627527 -0.0767182 
qwerty 325 316 0 0.510999 -4.76484 -6.22514 8.525 0.0132821 -0.0627527 -0.0767182 
qwerty 325 316 0 0.510999 -4.64798 -6.77727 7.85 0.0132821 -0.0627527 -0.0767182 
qwerty 324 316 0 0.243256 -5.12927 -3.22989 13.75 0.0386133 -0.0780477 0.0491688 
qwerty 320 316 0 2.41315 -5.73662 -2.63033 12.4 -0.00133749 -0.00834756 0.099642 
qwerty 320 316 0 2.41315 -5.74568 -2.68688 13.075 -0.00133749 -0.00834756 0.099642 
qwerty 320 316 0 2.41315 -5.75474 -2.74342 13.75 -0.00133749 -0.00834756 0.099642 
qwerty 320 316 0 2.41315 -5.7638 -2.79997 14.425 -0.00133749 -0.00834756 0.099642 
qwerty 320 316 0 2.41315 -5.77286 -2.85652 15.1 -0.00133749 -0.00834756 0.099642 
qwerty 320 316 0 2.41315 -5.78192 -2.91307 15.775 -0.00133749 -0.00834756 0.099642 
qwerty 320 316 0 2.41315 -5.79099 -2.96962 16.45 -0.00133749 -0.00834756 0.099642 
qwerty 320 316 0 2.41315 -5.80005 -3.02617 17.125 -0.00133749 -0.00834756 0.099642 
qwerty 320 316 0 2.41315 -5.80911 -3.08272 17.8 -0.00133749 -0.00834756 0.099642 
qwerty 320 316 0 2.41315 -5.81817 -3.13926 18.475 -0.00133749 -0.00834756 0.099642 
qwerty 320 316 0 2.41315 -5.82723 -3.19581 19.15 -0.00133749 -0.00834756 0.099642 
qwerty 320 316 0 2.41315 -5.83629 -3.25236 19.825 -0.00133749 -0.00834756 0.099642 
qwerty 320 316 0 2.41315 -5.84535 -3.30891 20.5 -0.00133749 -0.00834756 0.099642 
qwerty 320 316 0 2.41315 -5.85441 -3.36546 21.175 -0.00133749 -0.00834756 0.099642 
qwerty 320 316 0 2.41315 -5.86347 -3.42201 21.85 -0.00133749 -0.00834756 0.099642 
qwerty 320 316 0 2.41315 -5.87253 -3.47856 22.525 -0.00133749 -0.00834756 0.099642 
qwerty 320 316 0 2.41315 -5.88159 -3.5351 23.2 -0.00133749 -0.00834756 0.099642 
qwerty 320 316 0 2.41315 -5.89065 -3.59165 23.875 -0.00133749 -0.00834756 0.099642 
qwerty 320 316 0 2.41315 -5.89971 -3.6482 24.55 -0.00133749 -0.00834756 0.099642 
qwerty 320 316 0 2.41315 -5.90877 -3.70475 25.225 -0.00133749 -0.00834756 0.099642 
qwerty 320 316 0 2.41315 -5.91602 -3.75 25.7651 -0.00133749 -0.00834756 0.099642 
qwerty 320 316 0 2.41315 -5.91783 -3.7613 25.9 -0.00133749 -0.00834756 0.099642 
qwerty 320 316 0 2.41315 -5.92689 -3.81785 26.575 -0.00133749 -0.00834756 0.099642 
qwerty 320 316 0 2.41315 -5.93595 -3.87439 27.25 -0.00133749 -0.00834756 0.099642 
qwerty 320 316 0 2.41315 -5.94501 -3.93094 27.925 -0.00133749 -0.00834756 0.099642 
qwerty 320 316 0 2.41315 -5.95407 -3.98749 28.6 -0.00133749 -0.00834756 0.099642 
qwerty 320 316 0 2.41315 -5.96314 -4.04404 29.275 -0.00133749 -0.00834756 0.099642 
qwerty 319 316 0 0.789724 -5.86079 -2.69088 12.4 -0.0219558 -0.0179565 0.0958932 
qwerty 319 316 0 0.789724 -6.01534 -2.81728 13.075 -0.0219558 -0.0179565 0.0958932 
qwerty 319 316 0 0.789724 -6.16989 -2.94367 13.75 -0.0219558 -0.0179565 0.0958932 
qwerty 319 316 0 0.789724 -6.25 -3.00919 14.0999 -0.0219558 -0.0179565 0.0958932 
qwerty 319 316 0 0.789724 -6.32443 -3.07007 14.425 -0.0219558 -0.0179565 0.0958932 
qwerty 319 316 0 0.789724 -6.47898 -3.19647 15.1 -0.0219558 -0.0179565 0.0958932 
qwerty 319 316 0 0.789724 -6.63353 -3.32286 15.775 -0.0219558 -0.0179565 0.0958932 
qwerty 317 316 0 8.93408 -5.67421 -2.58736 11.725 -0.0487847 -0.03676 0.0791755 
qwerty 317 316 0 8.93408 -6.09012 -2.90075 12.4 -0.0487847 -0.03676 0.0791755 
qwerty 317 316 0 8.93408 -6.25 -3.02123 12.6595 -0.0487847 -0.03676 0.0791755 
qwerty 317 316 0 8.93408 -6.50603 -3.21415 13.075 -0.0487847 -0.03676 0.0791755 
qwerty 317 316 0 8.93408 -6.92193 -3.52754 13.75 -0.0487847 -0.03676 0.0791755 
qwerty 317 316 0 8.93408 -7.33784 -3.84093 14.425 -0.0487847 -0.03676 0.0791755 
qwerty 317 316 0 2.97018 -7.64893 -4.07534 14.9299 -0.0508161 0.0107094 0.0854578 
qwerty 317 316 0 2.97018 -7.75009 -4.05402 15.1 -0.0508161 0.0107094 0.0854578 
qwerty 317 316 0 2.97018 -8.15146 -3.96943 15.775 -0.0508161 0.0107094 0.0854578 
qwerty 317 316 0 2.97018 -8.55284 -3.88484 16.45 -0.0508161 0.0107094 0.0854578 
qwerty 317 316 0 2.97018 -8.75 -3.84329 16.7816 -0.0508161 0.0107094 0.0854578 
qwerty 317 316 0 2.97018 -8.95422 -3.80025 17.125 -0.0508161 0.0107094 0.0854578 
qwerty 286 150 0.868064 20.8674 -5.9365 -3.10264 13.75 -0.00654546 -0.0268667 0.0961007 
qwerty 286 150 0.800774 17.5944 -5.94338 -3.23142 14.425 -0.0194954 -0.0138435 0.0970994 
qwerty 286 150 1.43408 7.78888 -5.81809 -3.75 15.058 0.00168386 -0.0713769 0.0700179 
qwerty 286 150 0.0818701 7.70701 -5.81708 -3.79281 15.1 -0.00711161 -0.0666426 0.0742172 
qwerty 218 180 0.138018 0.795641 1.58064 0.769203 3.16918 0.0834772 0.0527079 0.0159195 
qwerty 218 180 0.162734 0.632906 1.64268 0.796489 3.19519 0.0517873 0.0447083 0.0729332 
qwerty 218 180 0.160639 0.472267 1.66537 0.858078 3.24017 -0.0278045 0.0506832 0.0815973 
qwerty 218 180 0.151235 0.321032 1.63944 0.867259 3.30157 -0.0212127 0.0639707 0.0738767 
qwerty 218 180 0.321032 0 1.62794 0.901919 3.34159 -0.0212127 0.0639707 0.0738767 
qwerty 218 180 0 0 1.62794 0.901919 3.34159 -0.0212127 0.0639707 0.0738767 
qwerty 214 181 1.08572 39.4443 1.59769 1.03572 2.91818 0.0551562 0.058686 0.0592769 
qwerty 214 181 0.0806812 39.3636 1.6273 1.06722 2.95 0.0538261 0.0615674 0.0575517 
qwerty 214 181 1.21824 17.0497 2.41464 1.25771 3.625 0.0750083 0.0193556 0.0632385 
qwerty 214 181 0.964382 6.64525 2.5083 0.52832 4.1018 -0.000520206 -0.0737578 0.0675241 
qwerty 214 181 0.571479 6.07377 2.50677 0.311822 4.3 -0.00735152 -0.0702955 0.0707425 
qwerty 214 181 0.689954 1.72528 2.59503 0.244797 4.86283 0.0324608 -0.0429226 0.0842849 
qwerty 214 181 0.121501 1.59939 2.62106 0.22034 4.94006 0.0389709 -0.0435835 0.0811279 
qwerty 214 181 0.0982763 1.50111 2.63784 0.20157 4.975 0.0431715 -0.0210571 0.0877087 
qwerty 364 214 0.294191 0.0821749 2.46681 0.533705 4.15678 -0.0221802 -0.0728081 0.0648615 
qwerty 364 214 0.0821749 0 2.46553 0.529518 4.16051 -0.0221802 -0.0728081 0.0648615 
qwerty 358 214 0.0568251 1.10219 1.60331 1.03802 2.95 0.0107848 0.0145113 0.098352 
qwerty 358 214 0.143335 0.839786 1.6073 1.0718 2.87926 0.00469506 0.0536993 -0.0842279 
qwerty 358 214 0.195659 0.644127 1.60538 1.09296 2.80717 -0.0592688 0.0224624 -0.0773476 
qwerty 358 214 0.146781 0.497346 1.55646 1.08429 2.75212 -0.0554405 0.0400098 -0.0729764 
qwerty 358 214 0.184162 0.313184 1.54377 1.10489 2.66887 0.022771 0.0570843 -0.0788852 
qwerty 358 214 0.313184 0 1.55567 1.13472 2.62764 0.022771 0.0570843 -0.0788852 
qwerty 345 317 0.50979 5.45412 -7.7558 -4.21046 15.1 -0.0396394 -0.0380317 0.0835602 
qwerty 369 346 0 0.899982 -8.93686 -3.53888 17.8 -0.00121305 0.0381222 0.0924404 
qwerty 369 346 0 0.899982 -8.94572 -3.26051 18.475 -0.00121305 0.0381222 0.0924404 
qwerty 369 346 0 0.899982 -8.95458 -2.98214 19.15 -0.00121305 0.0381222 0.0924404 
qwerty 369 346 0 0.847665 -9.06267 -2.82755 19.825 -0.0184174 0.0184244 0.0965471 
qwerty 368 214 0 0.510999 2.31946 0.0131293 5.65 -0.0398716 -0.0259772 0.0879514 
qwerty 367 214 0 0.510999 2.85213 0.360176 4.475 0.0398716 0.0259772 -0.0879514 
qwerty 366 214 0.00029101 0 2.63168 0.210342 4.95659 0.0481889 -0.0453482 0.0749758 
qwerty 377 366 0.00410166 0 2.63169 0.210343 4.95662 0.0160435 0.00201803 0.098684 
qwerty 365 214 0 0.772803 2.3885 0.326435 4.975 -0.0165476 0.0033767 0.0985636 
qwerty 363 214 0 0.395738 3.75 -1.61273 3.13365 0.0387031 -0.0906658 -0.0167864 
qwerty 363 214 0 0.395738 3.76995 -1.65948 3.125 0.0387031 -0.0906658 -0.0167864 
qwerty 362 214 0 3.92949 2.21201 1.36654 3.625 0.0599048 0.0272299 0.0752991 
qwerty 362 214 0 3.92949 2.74901 1.61064 4.3 0.0599048 0.0272299 0.0752991 
qwerty 362 214 0 3.92949 3.28602 1.85474 4.975 0.0599048 0.0272299 0.0752991 
qwerty 362 214 0 3.92949 3.82302 2.09883 5.65 0.0599048 0.0272299 0.0752991 
qwerty 362 214 0 3.92949 4.36002 2.34293 6.325 0.0599048 0.0272299 0.0752991 
qwerty 362 214 0 3.92949 4.89702 2.58702 7 0.0599048 0.0272299 0.0752991 
qwerty 362 214 0 3.92949 5.43402 2.83112 7.675 0.0599048 0.0272299 0.0752991 
qwerty 362 214 0 3.92949 5.97103 3.07521 8.35 0.0599048 0.0272299 0.0752991 
qwerty 362 214 0 3.92949 6.25 3.20202 8.70066 0.0599048 0.0272299 0.0752991 
qwerty 362 214 0 3.92949 6.50803 3.31931 9.025 0.0599048 0.0272299 0.0752991 
qwerty 362 214 0 3.92949 7.04503 3.56341 9.7 0.0599048 0.0272299 0.0752991 
qwerty 362 214 0 3.92949 7.58203 3.8075 10.375 0.0599048 0.0272299 0.0752991 
qwerty 362 214 0 3.92949 8.11903 4.0516 11.05 0.0599048 0.0272299 0.0752991 
qwerty 362 214 0 3.92949 8.65604 4.29569 11.725 0.0599048 0.0272299 0.0752991 
qwerty 362 214 0 3.92949 9.19304 4.53979 12.4 0.0599048 0.0272299 0.0752991 
qwerty 362 214 0 3.92949 9.73004 4.78388 13.075 0.0599048 0.0272299 0.0752991 
qwerty 362 214 0 0.311599 9.53531 4.57304 12.575 -0.045843 -0.0310218 -0.083283 
qwerty 388 384 0 0.484286 10.6194 5.04335 13.75 0.0816071 0.0206885 0.0539654 
qwerty 388 384 0 0.484286 11.25 5.20321 14.167 0.0816071 0.0206885 0.0539654 
qwerty 388 384 0 0.484286 11.6401 5.30212 14.425 0.0816071 0.0206885 0.0539654 
qwerty 388 384 0 0.484286 12.6609 5.56089 15.1 0.0816071 0.0206885 0.0539654 
qwerty 388 384 0 0.484286 13.6816 5.81966 15.775 0.0816071 0.0206885 0.0539654 
qwerty 388 384 0 0.484286 14.7024 6.07844 16.45 0.0816071 0.0206885 0.0539654 
qwerty 388 384 0 0.484286 15.7231 6.33721 17.125 0.0816071 0.0206885 0.0539654 
qwerty 388 384 0 0.484286 16.7438 6.59598 17.8 0.0816071 0.0206885 0.0539654 
qwerty 388 384 0 0.484286 17.7646 6.85475 18.475 0.0816071 0.0206885 0.0539654 
qwerty 361 214 0 0.652151 2.24263 1.35241 3.625 0.0629095 0.0249318 0.0736261 
qwerty 361 214 0 0.652151 2.81938 1.58098 4.3 0.0629095 0.0249318 0.0736261 
qwerty 361 214 0 0.652151 3.39613 1.80956 4.975 0.0629095 0.0249318 0.0736261 
qwerty 361 214 0 0.652151 3.97288 2.03813 5.65 0.0629095 0.0249318 0.0736261 
qwerty 361 214 0 0.652151 4.54963 2.2667 6.325 0.0629095 0.0249318 0.0736261 
qwerty 361 214 0 0.652151 5.12638 2.49528 7 0.0629095 0.0249318 0.0736261 
qwerty 361 214 0 0.652151 5.70313 2.72385 7.675 0.0629095 0.0249318 0.0736261 
qwerty 361 214 0 0.652151 6.27988 2.95242 8.35 0.0629095 0.0249318 0.0736261 
qwerty 361 214 0 0.652151 6.85663 3.181 9.025 0.0629095 0.0249318 0.0736261 
qwerty 361 214 0 0.652151 7.43338 3.40957 9.7 0.0629095 0.0249318 0.0736261 
qwerty 361 214 0 0.582152 7.77999 3.88341 10.375 0.0338905 0.0571977 0.0746985 
qwerty 361 214 0 0.582152 8.08624 4.40027 11.05 0.0338905 0.0571977 0.0746985 
qwerty 361 214 0 0.582152 8.39248 4.91713 11.725 0.0338905 0.0571977 0.0746985 
qwerty 360 214 0 10.5505 2.42596 2.06279 3.625 0.0554205 0.0691738 0.0462985 
qwerty 360 214 0 10.5505 3.23396 3.0713 4.3 0.0554205 0.0691738 0.0462985 
qwerty 360 214 0 10.5505 3.75 3.71541 4.7311 0.0554205 0.0691738 0.0462985 
qwerty 360 214 0 10.5505 4.04195 4.07981 4.975 0.0554205 0.0691738 0.0462985 
qwerty 360 214 0 10.5505 4.84994 5.08832 5.65 0.0554205 0.0691738 0.0462985 
qwerty 360 214 0 10.5505 5.65793 6.09682 6.325 0.0554205 0.0691738 0.0462985 
qwerty 360 214 0 10.5505 6.46593 7.10533 7 0.0554205 0.0691738 0.0462985 
qwerty 360 214 0 10.5505 7.27392 8.11384 7.675 0.0554205 0.0691738 0.0462985 
qwerty 359 214 0 1.76774 2.21467 1.71616 3.625 0.053153 0.0586974 0.0610687 
qwerty 359 214 0 1.76774 2.80218 2.36495 4.3 0.053153 0.0586974 0.0610687 
qwerty 359 214 0 1.76774 3.38969 3.01374 4.975 0.053153 0.0586974 0.0610687 
qwerty 359 214 0 1.76774 3.97719 3.66253 5.65 0.053153 0.0586974 0.0610687 
qwerty 359 214 0 1.76774 4.5647 4.31132 6.325 0.053153 0.0586974 0.0610687 
qwerty 359 214 0 1.76774 5.15221 4.96011 7 0.053153 0.0586974 0.0610687 
qwerty 359 214 0 1.76774 5.73971 5.6089 7.675 0.053153 0.0586974 0.0610687 
qwerty 359 214 0 1.76774 6.32026 6.25 8.342 0.053153 0.0586974 0.0610687 
qwerty 359 214 0 1.76774 6.32722 6.25769 8.35 0.053153 0.0586974 0.0610687 
qwerty 359 214 0 1.76774 6.91473 6.90648 9.025 0.053153 0.0586974 0.0610687 
qwerty 359 214 0 1.76774 7.50223 7.55527 9.7 0.053153 0.0586974 0.0610687 
qwerty 357 218 0 0.510999 1.25 0.889891 3.35884 -0.0998456 -0.00317755 0.00455644 
qwerty 357 218 0 0.510999 -1.25 0.810329 3.47293 -0.0998456 -0.00317755 0.00455644 
qwerty 357 218 0 0.510999 -3.75 0.730768 3.58701 -0.0998456 -0.00317755 0.00455644 
qwerty 357 218 0 0.510999 -4.58239 0.704277 3.625 -0.0998456 -0.00317755 0.00455644 
qwerty 357 218 0 0.297951 -5.5026 0.093851 4.02513 -0.0579794 -0.0541029 -0.0609201 
qwerty 357 218 0 0.297951 -5.71686 -0.106084 3.8 -0.0579794 -0.0541029 -0.0609201 
qwerty 404 357 0.118861 0 -5.5066 0.0916857 4.03496 -0.036914 -0.0199821 0.0907638 
qwerty 356 218 0 0.510999 3.75 0.969452 3.24475 0.0998456 0.00317755 -0.00455644 
qwerty 356 218 0 0.510999 6.25 1.04901 3.13067 0.0998456 0.00317755 -0.00455644 
qwerty 356 218 0 0.510999 6.37416 1.05297 3.125 0.0998456 0.00317755 -0.00455644 
qwerty 356 218 0 0.184191 6.25 1.16026 3.17084 -0.0782194 0.057039 0.0250655 
qwerty 356 218 0 0.184191 4.83274 2.19375 3.625 -0.0782194 0.057039 0.0250655 
qwerty 406 356 0.0103319 0.257835 6.39589 1.04989 3.12656 -0.0446423 -0.0830263 0.0333722 
qwerty 406 356 0.0388135 0.219021 6.39493 1.04729 3.12759 -0.0502479 -0.0836199 0.0219742 
qwerty 406 356 0.016045 0.202976 6.39315 1.04383 3.12901 -0.0535394 -0.0555636 0.0636099 
qwerty 406 356 0.0114325 0.191544 6.39078 1.04122 3.13126 -0.0465881 -0.0818132 0.0337067 
qwerty 406 356 0.00841948 0.183124 6.38855 1.03801 3.13178 -0.0491125 -0.0803904 0.0335462 
qwerty 406 356 0.00991058 0.173214 6.38718 1.03394 3.1325 -0.0190909 -0.0921137 0.0339204 
qwerty 406 356 0.0132796 0.159934 6.38569 1.03088 3.13438 -0.0156626 -0.0728735 0.0666643 
qwerty 406 356 0.0389867 0.120947 6.3851 1.02629 3.13722 -0.0177932 -0.0443603 0.0878383 
qwerty 406 356 0.0326899 0.0882574 6.38356 1.02087 3.14127 -0.0545963 -0.026429 0.0795032 
qwerty 406 356 0.0882574 0 6.38001 1.01915 3.14645 -0.0545963 -0.026429 0.0795032 
qwerty 355 225 0 0.612859 1.90924 -0.108676 4.975 0.0287096 -0.0815181 0.0503047 
qwerty 355 225 0 0.612859 2.29447 -1.2025 5.65 0.0287096 -0.0815181 0.0503047 
qwerty 355 225 0 0.612859 2.68208 -2.25402 6.325 0.0297292 -0.0802464 0.0517367 
qwerty 355 225 0 0.612859 3.06996 -3.30098 7 0.0297292 -0.0802464 0.0517367 
qwerty 355 225 0 0.612859 3.45783 -4.34794 7.675 0.0297292 -0.0802464 0.0517367 
qwerty 355 225 0 0.400594 6.00815 -6.19656 7.175 0.0817259 -0.0533417 -0.0218069 
qwerty 354 225 0 1.44341 2.03162 1.36766 4.975 0.0439794 0.0718116 0.0539343 
qwerty 354 225 0 1.44341 2.58204 2.2664 5.65 0.0439794 0.0718116 0.0539343 
qwerty 353 286 0 0.510999 -5.73859 -3.75 14.9854 0.0254027 0.0506604 -0.0823907 
qwerty 353 286 0 0.510999 -5.61977 -3.51303 14.6 0.0254027 0.0506604 -0.0823907 
qwerty 353 286 0 0.510999 -5.41165 -3.09799 13.925 0.0254027 0.0506604 -0.0823907 
qwerty 353 286 0 0.510999 -5.20353 -2.68294 13.25 0.0254027 0.0506604 -0.0823907 
qwerty 353 286 0 0.510999 -4.99542 -2.2679 12.575 0.0254027 0.0506604 -0.0823907 
qwerty 353 286 0 0.510999 -4.7873 -1.85286 11.9 0.0254027 0.0506604 -0.0823907 
qwerty 353 286 0 0.482491 -4.82784 -1.51771 11.225 -0.00750373 0.0437973 -0.0895851 
qwerty 353 286 0 0.482491 -4.8737 -1.25 10.6774 -0.00750373 0.0437973 -0.0895851 
qwerty 353 286 0 0.482491 -4.88438 -1.18771 10.55 -0.00750373 0.0437973 -0.0895851 
qwerty 353 286 0 0.482491 -4.94091 -0.85771 9.875 -0.00750373 0.0437973 -0.0895851 
qwerty 353 286 0 0.482491 -4.99745 -0.527709 9.2 -0.00750373 0.0437973 -0.0895851 
qwerty 353 286 0 0.482491 -5.05399 -0.197707 8.525 -0.00750373 0.0437973 -0.0895851 
qwerty 353 286 0 0.482491 -5.11053 0.132294 7.85 -0.00750373 0.0437973 -0.0895851 
qwerty 353 286 0 0.482491 -5.16707 0.462295 7.175 -0.00750373 0.0437973 -0.0895851 
qwerty 353 286 0 0.482491 -5.22361 0.792296 6.5 -0.00750373 0.0437973 -0.0895851 
qwerty 353 286 0 0.482491 -5.28015 1.1223 5.825 -0.00750373 0.0437973 -0.0895851 
qwerty 353 286 0 0.482491 -5.2978 1.25 5.57387 -0.00436956 0.0473692 -0.0879606 
qwerty 353 286 0 0.482491 -5.31885 1.47827 5.15 -0.00436956 0.0473692 -0.0879606 
qwerty 353 286 0 0.482491 -5.35238 1.84177 4.475 -0.00436956 0.0473692 -0.0879606 
qwerty 353 286 0 0.482491 -5.38592 2.20528 3.8 -0.00436956 0.0473692 -0.0879606 
qwerty 353 286 0 0.482491 -5.41945 2.56879 3.125 -0.00436956 0.0473692 -0.0879606 
qwerty 353 286 0 0.482491 -5.53318 3.06835 2.45 -0.013511 0.0590599 -0.0795574 
qwerty 353 286 0 0.402103 -5.90229 3.12785 1.775 -0.0490662 0.00506699 -0.0869875 
qwerty 352 286 0 0.510999 -5.98204 -4.23552 15.775 -0.0254027 -0.0506604 0.0823907 
qwerty 352 286 0 0.510999 -6.19016 -4.65056 16.45 -0.0254027 -0.0506604 0.0823907 
qwerty 352 286 0 0.510999 -6.25 -4.7699 16.6441 -0.0254027 -0.0506604 0.0823907 
qwerty 352 286 0 0.510999 -6.39827 -5.0656 17.125 -0.0254027 -0.0506604 0.0823907 
qwerty 351 286 0 3.68908 -6.04449 -3.4217 15.1 -0.0188788 -0.0242831 0.0951521 
qwerty 351 286 0 3.68908 -6.17842 -3.59397 15.775 -0.0188788 -0.0242831 0.0951521 
qwerty 351 286 0 3.68908 -6.29972 -3.75 16.3864 -0.0188788 -0.0242831 0.0951521 
qwerty 351 286 0 3.68908 -6.31234 -3.76623 16.45 -0.0188788 -0.0242831 0.0951521 
qwerty 350 286 0 2.2699 -5.90203 -3.39169 15.1 0.00690788 -0.0221021 0.097282 
qwerty 350 286 0 2.2699 -5.8541 -3.54505 15.775 0.00690788 -0.0221021 0.097282 
qwerty 350 286 0 2.2699 -5.80617 -3.6984 16.45 0.00690788 -0.0221021 0.097282 
qwerty 350 286 0 2.2699 -5.75824 -3.85176 17.125 0.00690788 -0.0221021 0.097282 
qwerty 350 286 0 2.2699 -5.71031 -4.00512 17.8 0.00690788 -0.0221021 0.097282 
qwerty 350 286 0 2.2699 -5.66238 -4.15848 18.475 0.00690788 -0.0221021 0.097282 
qwerty 350 286 0 2.2699 -5.61444 -4.31183 19.15 0.00690788 -0.0221021 0.097282 
qwerty 350 286 0 2.2699 -5.56651 -4.46519 19.825 0.00690788 -0.0221021 0.097282 
qwerty 350 286 0 2.2699 -5.51858 -4.61855 20.5 0.00690788 -0.0221021 0.097282 
qwerty 350 286 0 2.2699 -5.47065 -4.77191 21.175 0.00690788 -0.0221021 0.097282 
qwerty 350 286 0 1.55316 -5.62689 -5.14463 21.85 -0.0246032 -0.0513769 0.0821894 
qwerty 350 286 0 1.55316 -5.82895 -5.56657 22.525 -0.0246032 -0.0513769 0.0821894 
qwerty 350 286 0 1.55316 -6.03101 -5.98852 23.2 -0.0246032 -0.0513769 0.0821894 
qwerty 350 286 0 1.55316 -6.23307 -6.41046 23.875 -0.0246032 -0.0513769 0.0821894 
qwerty 350 286 0 1.55316 -6.43513 -6.8324 24.55 -0.0246032 -0.0513769 0.0821894 
qwerty 350 286 0 1.55316 -6.62765 -7.25475 25.225 -0.0231235 -0.0516168 0.0824682 
qwerty 350 286 0 1.55316 -6.81692 -7.67723 25.9 -0.0231235 -0.0516168 0.0824682 
qwerty 350 286 0 1.55316 -7.00618 -8.09972 26.575 -0.0231235 -0.0516168 0.0824682 
qwerty 350 286 0 1.55316 -7.19545 -8.5222 27.25 -0.0231235 -0.0516168 0.0824682 
qwerty 350 286 0 1.55316 -7.38472 -8.94468 27.925 -0.0231235 -0.0516168 0.0824682 
qwerty 350 286 0 1.55316 -7.57398 -9.36716 28.6 -0.0231235 -0.0516168 0.0824682 
qwerty 350 286 0 1.55316 -7.76325 -9.78964 29.275 -0.0231235 -0.0516168 0.0824682 
qwerty 350 286 0 1.55316 -7.95251 -10.2121 29.95 -0.0231235 -0.0516168 0.0824682 
qwerty 350 286 0 1.55316 -8.14178 -10.6346 30.625 -0.0231235 -0.0516168 0.0824682 
qwerty 350 286 0 1.55316 -8.33104 -11.0571 31.3 -0.0231235 -0.0516168 0.0824682 
qwerty 350 286 0 1.55316 -8.52031 -11.4796 31.975 -0.0231235 -0.0516168 0.0824682 
qwerty 350 286 0 1.55316 -8.70957 -11.9021 32.65 -0.0231235 -0.0516168 0.0824682 
qwerty 350 286 0 1.55316 -8.89884 -12.3245 33.325 -0.0231235 -0.0516168 0.0824682 
qwerty 350 286 0 1.55316 -9.08811 -12.747 34 -0.0231235 -0.0516168 0.0824682 
qwerty 350 286 0 1.55316 -9.27737 -13.1695 34.675 -0.0231235 -0.0516168 0.0824682 
qwerty 350 286 0 0.768121 -8.82234 -13.4554 35.35 0.0561437 -0.0314521 0.0765418 
qwerty 350 286 0 0.768121 -8.32723 -13.7327 36.025 0.0561437 -0.0314521 0.0765418 
qwerty 349 286 0 4.03993 -5.88788 -3.04752 13.75 -0.029513 -0.0176919 0.0938934 
qwerty 349 286 0 4.03993 -6.10005 -3.17471 14.425 -0.029513 -0.0176919 0.0938934 
qwerty 349 286 0 4.03993 -6.31222 -3.3019 15.1 -0.029513 -0.0176919 0.0938934 
qwerty 349 286 0 3.09219 -6.4264 -3.5629 15.775 -0.0123267 -0.039418 0.0910729 
qwerty 349 286 0 3.09219 -6.4849 -3.75 16.2073 -0.0123267 -0.039418 0.0910729 
qwerty 349 286 0 3.09219 -6.51776 -3.85505 16.45 -0.0123267 -0.039418 0.0910729 
qwerty 349 286 0 3.09219 -6.60912 -4.14721 17.125 -0.0123267 -0.039418 0.0910729 
qwerty 349 286 0 3.09219 -6.70048 -4.43936 17.8 -0.0123267 -0.039418 0.0910729 
qwerty 349 286 0 1.17548 -6.72502 -4.51784 17.9813 -0.045643 0.0257316 0.0851739 
qwerty 349 286 0 1.17548 -6.98957 -4.36871 18.475 -0.045643 0.0257316 0.0851739 
qwerty 349 286 0 1.17548 -7.35129 -4.16478 19.15 -0.045643 0.0257316 0.0851739 
qwerty 349 286 0 1.17548 -7.713 -3.96086 19.825 -0.045643 0.0257316 0.0851739 
qwerty 349 286 0 1.17548 -8.07472 -3.75694 20.5 -0.045643 0.0257316 0.0851739 
qwerty 348 294 0 0.300791 -9.17193 -6.93 20.8429 0.023268 0.0579978 -0.0780695 
qwerty 348 294 0 0.300791 -9.1219 -6.80528 20.675 0.023268 0.0579978 -0.0780695 
qwerty 347 294 0 0.510999 -9.87616 -8.75 20.088 -0.0336563 -0.0869818 -0.0360753 
qwerty 347 294 0 0.510999 -9.9583 -8.96229 20 -0.0336563 -0.0869818 -0.0360753 
qwerty 417 351 0.0624607 0.605559 -6.34648 -3.79324 16.6403 0.0465656 -0.0807579 0.0361914 
qwerty 417 351 0.0801945 0.525365 -6.33182 -3.81212 16.6523 0.0744948 -0.0641646 0.0182601 
qwerty 417 351 0.0373869 0 -6.31385 -3.82744 16.6616 0.0731184 -0.0419293 0.0538111 
qwerty 426 348 0.210208 0 -9.16635 -6.91521 20.8658 0.0200407 0.0530561 0.0823615 
qwerty 424 349 0.526199 1.39052 -6.7426 -4.80531 18.1511 0.0486876 -0.0864059 0.0127878 
qwerty 424 349 0.555698 0.834821 -6.66884 -5.03331 18.2492 0.0156433 -0.0982063 -0.0105264 
qwerty 424 349 0.433917 0.400904 -6.74895 -5.21795 18.2817 0.0430622 -0.0884159 -0.0181184 
qwerty 424 349 0.346875 0.054029 -6.71634 -5.28492 18.268 0.034663 -0.0931916 -0.0106677 
qwerty 424 349 0.054029 0 -6.71538 -5.28749 18.2677 0.034663 -0.0931916 -0.0106677 
qwerty 435 393 0 0.510999 7.79435 7.35588 7.175 0.0429503 -0.0768366 -0.0474491 
qwerty 433 417 0 0.917841 -6.25 -3.8112 16.7644 0.052325 0.0133089 0.0841723 
qwerty 433 417 0 0.917841 -6.02581 -3.75417 17.125 0.052325 0.0133089 0.0841723 
qwerty 433 417 0 0.670675 -6.06709 -3.67784 17.8 -0.00997228 0.0109249 0.0988999 
qwerty 432 417 0 0.592135 -6.29647 -3.88429 16.625 0.0248899 -0.0814126 -0.0524641 
qwerty 432 417 0 0.592135 -5.97624 -4.93174 15.95 0.0248899 -0.0814126 -0.0524641 
qwerty 432 417 0 0.592135 -5.65601 -5.97919 15.275 0.0248899 -0.0814126 -0.0524641 
qwerty 432 417 0 0.592135 -5.33578 -7.02664 14.6 0.0248899 -0.0814126 -0.0524641 
qwerty 432 417 0 0.592135 -5.01554 -8.07409 13.925 0.0248899 -0.0814126 -0.0524641 
qwerty 432 417 0 0.592135 -4.79767 -8.75 13.4901 0.026513 -0.0810965 -0.0521577 
qwerty 432 417 0 0.592135 -4.67562 -9.12332 13.25 0.026513 -0.0810965 -0.0521577 
qwerty 444 433 0.00560742 0.206526 -6.02547 -3.73911 17.9774 -0.0444979 0.0511314 0.0735222 
qwerty 444 433 0.00507322 0.201452 -6.02698 -3.738 17.9794 -0.025289 -0.00114035 0.0967428 
qwerty 444 433 0.0350656 0.166387 -6.02754 -3.73845 17.9818 -0.00701501 -0.0176353 0.0981824 
qwerty 444 433 0.0145049 0.151882 -6.02843 -3.7397 17.9856 -0.0647342 -0.0045058 0.0760867 
qwerty 444 433 0.0194618 0.13242 -6.03372 -3.73967 17.9887 -0.0858372 -0.0371156 0.0354176 
qwerty 444 433 0.018673 0.113747 -6.04007 -3.74199 17.9882 -0.0541147 -0.0816686 -0.020046 
qwerty 444 433 0.0386344 0.0751126 -6.04039 -3.74919 17.9845 -0.0219144 -0.0759161 -0.0612903 
qwerty 444 433 0.0372916 0.0378209 -6.04387 -3.7524 17.9828 -0.0840947 0.0110378 -0.052974 
qwerty 444 433 0.0378209 0 -6.0451 -3.75223 17.9821 -0.0840947 0.0110378 -0.052974 
