qwerty 1 0 0 200 0 0 -0.249989 0 0 0.1 
qwerty 3 1 0 143.477 0.141942 -0.220581 0.25 0.0251394 -0.0390674 0.0885536 
qwerty 3 1 0 143.477 0.333567 -0.518372 0.925 0.0251394 -0.0390674 0.0885536 
qwerty 3 1 0 143.477 0.525192 -0.816163 1.6 0.0251394 -0.0390674 0.0885536 
qwerty 3 1 0 143.477 0.716818 -1.11395 2.275 0.0251394 -0.0390674 0.0885536 
qwerty 3 1 0 143.477 0.804362 -1.25 2.58337 0.0251394 -0.0390674 0.0885536 
qwerty 3 1 0 143.477 0.908443 -1.41175 2.95 0.0251394 -0.0390674 0.0885536 
qwerty 3 1 0 143.477 1.10007 -1.70954 3.625 0.0251394 -0.0390674 0.0885536 
qwerty 3 1 0 143.477 1.29169 -2.00733 4.3 0.0251394 -0.0390674 0.0885536 
qwerty 3 1 0 143.477 1.48332 -2.30512 4.975 0.0251394 -0.0390674 0.0885536 
qwerty 3 1 0 143.477 1.67494 -2.60291 5.65 0.0251394 -0.0390674 0.0885536 
qwerty 3 1 0 143.477 1.86657 -2.9007 6.325 0.0251394 -0.0390674 0.0885536 
qwerty 3 1 0 143.477 2.0582 -3.19849 7 0.0251394 -0.0390674 0.0885536 
qwerty 3 1 0 143.477 2.24982 -3.49628 7.675 0.0251394 -0.0390674 0.0885536 
qwerty 3 1 0 143.477 2.41309 -3.75 8.2501 0.0251394 -0.0390674 0.0885536 
qwerty 3 1 0 143.477 2.44145 -3.79407 8.35 0.0251394 -0.0390674 0.0885536 
qwerty 3 1 0 143.477 2.63307 -4.09186 9.025 0.0251394 -0.0390674 0.0885536 
qwerty 3 1 0 143.477 2.8247 -4.38966 9.7 0.0251394 -0.0390674 0.0885536 
qwerty 3 1 0 143.477 3.01632 -4.68745 10.375 0.0251394 -0.0390674 0.0885536 
qwerty 4 3 1.04874 7.73206 2.93378 -5.11714 11.05 -0.00662045 -0.0488967 0.0869787 
qwerty 4 3 0.550171 1.09131 2.74274 -5.27861 10.8024 -0.0247404 -0.0383055 -0.0889977 
qwerty 4 3 0.494447 0.596862 2.74606 -5.32361 10.5912 -0.00175029 0.0127817 -0.0991643 
qwerty 4 3 0.0812212 0.515641 2.74534 -5.3183 10.55 0.0039672 -0.0280479 -0.095904 
qwerty 11 4 0 1.11451 3.39242 -4.68125 11.725 0.0550352 0.0499436 0.0669086 
qwerty 11 4 0 1.11451 3.94763 -4.1774 12.4 0.0550352 0.0499436 0.0669086 
qwerty 11 4 0 1.11451 4.50285 -3.67355 13.075 0.0550352 0.0499436 0.0669086 
qwerty 11 4 0 1.11451 5.05807 -3.1697 13.75 0.0550352 0.0499436 0.0669086 
qwerty 11 4 0 1.11451 5.61328 -2.66585 14.425 0.0550352 0.0499436 0.0669086 
qwerty 11 4 0 1.11451 6.1685 -2.162 15.1 0.0550352 0.0499436 0.0669086 
qwerty 11 4 0 1.11451 6.77087 -1.60384 15.775 0.0571094 0.0532182 0.0625007 
qwerty 11 4 0 1.11451 7.15058 -1.25 16.1906 0.0571094 0.0532182 0.0625007 
qwerty 11 4 0 1.11451 7.38765 -1.02909 16.45 0.0571094 0.0532182 0.0625007 
qwerty 11 4 0 1.11451 8.00442 -0.454339 17.125 0.0571094 0.0532182 0.0625007 
qwerty 11 4 0 1.11451 8.6212 0.120411 17.8 0.0571094 0.0532182 0.0625007 
qwerty 11 4 0 0.999159 9.5043 0.513455 18.475 0.0778086 0.0290545 0.0556925 
qwerty 11 4 0 0.999159 10.4474 0.8656 19.15 0.0778086 0.0290545 0.0556925 
qwerty 11 4 0 0.999159 11.25 1.16532 19.7245 0.0778086 0.0290545 0.0556925 
qwerty 11 4 0 0.999159 11.3904 1.21774 19.825 0.0778086 0.0290545 0.0556925 
qwerty 11 4 0 0.942143 12.2452 1.32822 20.5 0.0776571 0.0052083 0.0627873 
qwerty 11 4 0 0.628285 12.8855 0.801198 21.175 0.0503981 -0.0631355 0.0589401 
qwerty 11 4 0 0.628285 13.4627 0.07815 21.85 0.0503981 -0.0631355 0.0589401 
qwerty 11 4 0 0.628285 13.75 -0.281802 22.186 0.0503981 -0.0631355 0.0589401 
qwerty 11 4 0 0.628285 14.0398 -0.644898 22.525 0.0503981 -0.0631355 0.0589401 
qwerty 11 4 0 0.628285 14.5229 -1.25 23.0899 0.0503981 -0.0631355 0.0589401 
qwerty 11 4 0 0.628285 14.617 -1.36795 23.2 0.0503981 -0.0631355 0.0589401 
qwerty 11 4 0 0.628285 15.1942 -2.09099 23.875 0.0503981 -0.0631355 0.0589401 
qwerty 11 4 0 0.628285 15.7714 -2.81404 24.55 0.0503981 -0.0631355 0.0589401 
qwerty 10 4 0 0.468114 2.3204 -5.17031 10.55 -0.0718725 0.00232659 -0.0694905 
qwerty 10 4 0 0.468114 1.62226 -5.14771 9.875 -0.0718725 0.00232659 -0.0694905 
qwerty 10 4 0 0.468114 0.924127 -5.12511 9.2 -0.0718725 0.00232659 -0.0694905 
qwerty 10 4 0 0.468114 0.22599 -5.10251 8.525 -0.0718725 0.00232659 -0.0694905 
qwerty 10 4 0 0.468114 -0.472148 -5.07991 7.85 -0.0718725 0.00232659 -0.0694905 
qwerty 8 4 0 0.74951 2.83893 -4.92202 11.05 -0.0266416 -0.0252642 0.0930158 
qwerty 8 4 0 0.74951 2.6456 -5.10536 11.725 -0.0266416 -0.0252642 0.0930158 
qwerty 8 4 0 0.74951 2.45226 -5.2887 12.4 -0.0266416 -0.0252642 0.0930158 
qwerty 8 4 0 0.74951 2.25893 -5.47203 13.075 -0.0266416 -0.0252642 0.0930158 
qwerty 8 4 0 0.74951 2.0656 -5.65537 13.75 -0.0266416 -0.0252642 0.0930158 
qwerty 8 4 0 0.74951 1.87226 -5.83871 14.425 -0.0266416 -0.0252642 0.0930158 
qwerty 7 4 0 2.08261 2.77334 -5.06554 11.05 -0.0347992 -0.0446949 0.0824099 
qwerty 7 4 0 1.08112 1.93301 -5.04265 11.725 -0.0782689 0.00270817 0.0621823 
qwerty 7 4 0 1.08112 1.08338 -5.01325 12.4 -0.0782689 0.00270817 0.0621823 
qwerty 7 4 0 1.08112 0.23376 -4.98385 13.075 -0.0782689 0.00270817 0.0621823 
qwerty 7 4 0 1.08112 -0.615863 -4.95445 13.75 -0.0782689 0.00270817 0.0621823 
qwerty 7 4 0 1.08112 -1.25 -4.93251 14.2538 -0.0782689 0.00270817 0.0621823 
qwerty 7 4 0 1.08112 -1.46549 -4.92506 14.425 -0.0782689 0.00270817 0.0621823 
qwerty 7 4 0 1.08112 -2.31511 -4.89566 15.1 -0.0782689 0.00270817 0.0621823 
qwerty 7 4 0 1.08112 -3.16473 -4.86626 15.775 -0.0782689 0.00270817 0.0621823 
qwerty 7 4 0 1.01348 -3.73856 -4.83239 16.45 -0.0602952 0.00411762 0.0796714 
qwerty 7 4 0 1.01348 -4.24939 -4.79751 17.125 -0.0602952 0.00411762 0.0796714 
qwerty 7 4 0 1.01348 -4.76023 -4.76262 17.8 -0.0602952 0.00411762 0.0796714 
qwerty 7 4 0 1.01348 -5.27107 -4.72774 18.475 -0.0602952 0.00411762 0.0796714 
qwerty 7 4 0 1.01348 -5.78191 -4.69285 19.15 -0.0602952 0.00411762 0.0796714 
qwerty 7 4 0 1.01348 -6.25 -4.66089 19.7685 -0.0602952 0.00411762 0.0796714 
qwerty 7 4 0 1.01348 -6.29275 -4.65797 19.825 -0.0602952 0.00411762 0.0796714 
qwerty 7 4 0 1.01348 -6.80359 -4.62308 20.5 -0.0602952 0.00411762 0.0796714 
qwerty 7 4 0 1.01348 -7.31443 -4.58819 21.175 -0.0602952 0.00411762 0.0796714 
qwerty 6 4 0 3.38486 3.2077 -5.06075 11.05 0.0240619 -0.0470595 0.0848907 
qwerty 6 4 0 3.38486 3.39902 -5.43494 11.725 0.0240619 -0.0470595 0.0848907 
qwerty 2 1 0 191.499 -0.100456 0.156111 0.25 -0.0188353 0.0292705 0.0937468 
qwerty 2 1 0 191.499 -0.236074 0.366866 0.925 -0.0188353 0.0292705 0.0937468 
qwerty 2 1 0 191.499 -0.371693 0.57762 1.6 -0.0188353 0.0292705 0.0937468 
qwerty 2 1 0 191.499 -0.507311 0.788375 2.275 -0.0188353 0.0292705 0.0937468 
qwerty 2 1 0 191.499 -0.642929 0.99913 2.95 -0.0188353 0.0292705 0.0937468 
qwerty 2 1 0 191.499 -0.778548 1.20988 3.625 -0.0188353 0.0292705 0.0937468 
qwerty 2 1 0 191.499 -0.914166 1.42064 4.3 -0.0188353 0.0292705 0.0937468 
qwerty 2 1 0 191.499 -1.04978 1.63139 4.975 -0.0188353 0.0292705 0.0937468 
qwerty 2 1 0 191.499 -1.1854 1.84215 5.65 -0.0188353 0.0292705 0.0937468 
qwerty 2 1 0 191.499 -1.25 1.94253 5.97151 -0.0188353 0.0292705 0.0937468 
qwerty 2 1 0 191.499 -1.32102 2.0529 6.325 -0.0188353 0.0292705 0.0937468 
qwerty 2 1 0 191.499 -1.45664 2.26366 7 -0.0188353 0.0292705 0.0937468 
qwerty 2 1 0 191.499 -1.59226 2.47441 7.675 -0.0188353 0.0292705 0.0937468 
qwerty 25 2 0.668391 136.631 -1.71124 2.64125 8.20901 -0.0227057 0.0273395 0.0934719 
qwerty 25 2 0.294845 136.336 -1.74549 2.68249 8.35 -0.0213381 0.0272986 0.0938055 
qwerty 25 2 0.850192 99.8073 -1.83141 2.84899 8.89645 -0.0144005 0.0290737 0.0945904 
qwerty 25 2 0.194613 99.6126 -1.85098 2.8885 9.025 -0.0141742 0.0302963 0.0942402 
qwerty 25 2 0.916729 17.9999 -2.0051 3.13877 9.7 -0.0276859 0.026485 0.092369 
qwerty 25 2 0.905606 3.59718 -2.14972 3.21722 10.375 -0.0533322 0.000904335 0.0845864 
qwerty 41 25 0.699883 1.67089 -2.09096 3.25082 10.2679 0.00544122 -0.0234972 0.0970478 
qwerty 41 25 0.325346 1.34554 -2.08495 3.22489 10.375 0.052154 -0.0254373 0.0814426 
qwerty 32 25 0.314988 0 -1.79331 2.87605 8.92085 0.0722713 0.0513346 0.0462775 
qwerty 27 25 0.295061 8.62394 -1.71025 2.72356 8.35 -0.00435686 0.0562856 0.0825406 
qwerty 26 25 0.734682 0.994727 -1.76561 2.28731 7.98879 -0.06263 -0.0737568 0.0252471 
qwerty 26 25 0.339851 0.654876 -1.81011 2.09814 8.07952 -0.00599386 -0.0314976 0.0947205 
qwerty 26 25 0.296752 0.358124 -1.78149 2.00226 8.19046 -0.0102794 -0.0992894 -0.00599626 
qwerty 26 25 0.283238 0.074886 -1.78808 1.93857 8.18661 -0.0330964 -0.0773684 -0.0540256 
qwerty 26 25 0.074886 0 -1.7897 1.93479 8.18397 -0.0330964 -0.0773684 -0.0540256 
qwerty 24 2 1.04244 41.1192 -1.68564 2.68925 8.35 -0.0113632 0.0299708 0.094724 
qwerty 24 2 0.880118 25.0293 -1.6322 3.01034 8.95239 0.00320953 0.0514788 0.0856717 
qwerty 24 2 0.111668 24.9176 -1.62948 3.05397 9.025 0.00369493 0.0519348 0.0853764 
qwerty 24 2 0.0649128 18.3841 -1.63443 3.17274 9.23934 -0.0398137 0.00769375 0.0914094 
qwerty 24 2 0.888932 17.4952 -1.83507 3.21151 9.7 -0.0474495 0.00815694 0.0876471 
qwerty 24 2 0.692519 5.82081 -1.79895 3.12613 10.3145 0.00675261 -0.00649452 0.0995601 
qwerty 24 2 0.0994655 5.72135 -1.79485 3.12219 10.375 0.00490738 -0.00699398 0.0996343 
qwerty 56 24 0.0615305 0.391977 -1.62505 3.19696 9.25219 0.0735725 0.0646466 0.0201966 
qwerty 56 24 0.042111 0.349866 -1.61122 3.2117 9.26445 0.0451793 0.0789938 0.0414586 
qwerty 56 24 0.0752827 0.274583 -1.60375 3.23974 9.28299 0.0554899 0.0360701 0.0749654 
qwerty 56 24 0.274583 0 -1.58011 3.2551 9.31493 0.0554899 0.0360701 0.0749654 
qwerty 54 24 0.0681311 0.528919 -1.60514 3.00459 8.9774 0.0573558 0.00832679 0.0814922 
qwerty 54 24 0.0437513 0.485168 -1.59085 2.99873 9.00046 0.0777728 -0.0246581 0.0578218 
qwerty 54 24 0.0343346 0.450833 -1.57071 2.98979 9.00829 0.0971655 -0.00705732 0.0225624 
qwerty 54 24 0.0382658 0.412567 -1.54921 2.99049 9.00989 0.096096 -0.015859 0.0226726 
qwerty 54 24 0.0446589 0.367909 -1.52618 2.99361 9.01915 0.0908976 0.0402692 -0.0107714 
qwerty 54 24 0.0473023 0.320606 -1.50762 3.01034 9.01444 0.0582495 0.0791834 0.0183568 
qwerty 54 24 0.0628424 0.257764 -1.49535 3.02555 9.02325 0.0157669 -0.0919205 0.0360837 
qwerty 54 24 0.00965404 0.24811 -1.49458 3.02109 9.025 -0.0281641 -0.0698603 0.0657748 
qwerty 54 24 0.00741811 0.22726 -1.49241 3.01913 9.02305 0.0615506 -0.0464045 -0.0637036 
qwerty 54 24 0.00598435 0.221276 -1.49093 3.01741 9.02075 0.0401587 -0.0857104 -0.0322647 
qwerty 54 24 0.0122323 0.209044 -1.48983 3.01412 9.02021 0.0109245 -0.09532 -0.0281914 
qwerty 54 24 0.010126 0.198918 -1.48968 3.01113 9.01865 0.0762442 -0.0318935 -0.0562994 
qwerty 54 24 0.00757277 0.191345 -1.48731 3.0094 9.01624 0.0623019 -0.074529 -0.0237466 
qwerty 54 24 0.0121707 0.179174 -1.48441 3.00641 9.01439 0.0377966 -0.0914944 -0.0141492 
qwerty 54 24 0.019839 0.159335 -1.48163 3.00081 9.01504 0.0562061 -0.082598 0.00429439 
qwerty 54 24 0.0116652 0.14767 -1.47825 2.99673 9.01571 0.02901 -0.0716152 -0.0634798 
qwerty 54 24 0.0150992 0.132571 -1.4753 2.99389 9.0124 0.0424281 -0.0683581 -0.0593888 
qwerty 54 24 0.0228446 0.109726 -1.46912 2.99096 9.00847 0.0661531 -0.0422516 0.0619562 
qwerty 54 24 0.0589894 0.0507369 -1.46152 2.99261 9.01299 0.0610408 0.0109286 0.0784512 
qwerty 54 24 0.0507369 0 -1.46001 2.99288 9.01493 0.0610408 0.0109286 0.0784512 
qwerty 63 24 0 1.10881 -2.789 3.23428 11.05 -0.0848499 0.00454765 0.052724 
qwerty 63 24 0 1.10881 -3.75 3.28579 11.6471 -0.0848499 0.00454765 0.052724 
qwerty 63 24 0 1.10881 -3.8753 3.2925 11.725 -0.0848499 0.00454765 0.052724 
qwerty 63 24 0 1.10881 -4.96159 3.35072 12.4 -0.0848499 0.00454765 0.052724 
qwerty 63 24 0 1.10881 -6.04788 3.40895 13.075 -0.0848499 0.00454765 0.052724 
qwerty 63 24 0 1.10881 -7.13417 3.46717 13.75 -0.0848499 0.00454765 0.052724 
qwerty 60 24 0.00029101 0 -1.79906 3.12597 10.318 -0.00305095 -0.00475259 0.0998404 
qwerty 67 60 0.00260196 0 -1.79906 3.12596 10.318 -0.0234072 -0.0909493 -0.0343559 
qwerty 59 24 0 1.71779 -1.629 3.14968 10.375 0.034452 -0.0075417 0.0935745 
qwerty 59 24 0 1.71779 -1.38048 3.09527 11.05 0.034452 -0.0075417 0.0935745 
qwerty 59 24 0 1.71779 -1.25 3.06671 11.4044 0.034452 -0.0075417 0.0935745 
qwerty 59 24 0 1.71779 -1.13196 3.04087 11.725 0.034452 -0.0075417 0.0935745 
qwerty 59 24 0 1.71779 -0.883436 2.98647 12.4 0.034452 -0.0075417 0.0935745 
qwerty 59 24 0 1.71779 -0.634916 2.93207 13.075 0.034452 -0.0075417 0.0935745 
qwerty 59 24 0 1.71779 -0.386396 2.87766 13.75 0.034452 -0.0075417 0.0935745 
qwerty 59 24 0 1.71779 -0.137876 2.82326 14.425 0.034452 -0.0075417 0.0935745 
qwerty 59 24 0 1.71779 0.110644 2.76886 15.1 0.034452 -0.0075417 0.0935745 
qwerty 59 24 0 1.71779 0.359163 2.71446 15.775 0.034452 -0.0075417 0.0935745 
qwerty 59 24 0 1.71779 0.607683 2.66006 16.45 0.034452 -0.0075417 0.0935745 
qwerty 59 24 0 0.29799 0.941739 2.25672 15.95 0.0413058 -0.0549547 -0.072621 
qwerty 57 24 0 6.58936 -2.32547 3.29445 10.375 -0.0589867 0.00963881 0.0801727 
qwerty 57 24 0 6.58936 -2.8221 3.37561 11.05 -0.0589867 0.00963881 0.0801727 
qwerty 57 24 0 6.58936 -3.31872 3.45676 11.725 -0.0589867 0.00963881 0.0801727 
qwerty 57 24 0 6.58936 -3.81535 3.53791 12.4 -0.0589867 0.00963881 0.0801727 
qwerty 57 24 0 6.58936 -4.31198 3.61906 13.075 -0.0589867 0.00963881 0.0801727 
qwerty 57 24 0 6.58936 -4.80861 3.70022 13.75 -0.0589867 0.00963881 0.0801727 
qwerty 57 24 0 6.58936 -5.30524 3.78137 14.425 -0.0589867 0.00963881 0.0801727 
qwerty 55 24 0 2.91315 -1.59226 3.61744 9.7 0.00373844 0.0666986 0.0744132 
qwerty 55 24 0 2.91315 -1.55835 4.22246 10.375 0.00373844 0.0666986 0.0744132 
qwerty 55 24 0 2.91315 -1.52444 4.82748 11.05 0.00373844 0.0666986 0.0744132 
qwerty 55 24 0 2.91315 -1.49052 5.4325 11.725 0.00373844 0.0666986 0.0744132 
qwerty 55 24 0 2.91315 -1.45661 6.03752 12.4 0.00373844 0.0666986 0.0744132 
qwerty 55 24 0 2.91315 -1.4227 6.64254 13.075 0.00373844 0.0666986 0.0744132 
qwerty 55 24 0 2.91315 -1.38879 7.24756 13.75 0.00373844 0.0666986 0.0744132 
qwerty 55 24 0 2.91315 -1.35488 7.85258 14.425 0.00373844 0.0666986 0.0744132 
qwerty 55 24 0 2.91315 -1.32097 8.4576 15.1 0.00373844 0.0666986 0.0744132 
qwerty 55 24 0 2.91315 -1.28706 9.06262 15.775 0.00373844 0.0666986 0.0744132 
qwerty 55 24 0 2.91315 -1.25315 9.66764 16.45 0.00373844 0.0666986 0.0744132 
qwerty 55 24 0 2.91315 -1.21923 10.2727 17.125 0.00373844 0.0666986 0.0744132 
qwerty 55 24 0 2.91315 -1.18532 10.8777 17.8 0.00373844 0.0666986 0.0744132 
qwerty 55 24 0 2.91315 -1.15141 11.4827 18.475 0.00373844 0.0666986 0.0744132 
qwerty 53 24 0 12.5047 -1.55771 3.02699 9.025 0.020547 0.0473165 0.0856678 
qwerty 53 24 0 12.5047 -1.39581 3.39981 9.7 0.020547 0.0473165 0.0856678 
qwerty 53 24 0 12.5047 -1.25 3.73558 10.3079 0.020547 0.0473165 0.0856678 
qwerty 53 24 0 12.5047 -1.23391 3.77263 10.375 0.020547 0.0473165 0.0856678 
qwerty 53 24 0 12.5047 -1.07202 4.14545 11.05 0.020547 0.0473165 0.0856678 
qwerty 78 53 0.884632 2.84914 -1.03181 4.06986 10.5522 0.0490014 -0.050598 -0.0709838 
qwerty 78 53 0.00785492 2.84128 -1.03027 4.06826 10.55 0.0488693 -0.050983 -0.0707992 
qwerty 78 53 0.273717 0.848978 -1.12499 4.05867 10.6206 -0.0319661 -0.0752159 0.0576259 
qwerty 78 53 0.268209 0.580769 -1.14014 3.99142 10.6969 0.0177688 -0.0471111 0.0863992 
qwerty 78 53 0.298017 0.282752 -1.06743 3.94103 10.767 0.0726671 0.0306015 0.0615064 
qwerty 78 53 0.282752 0 -1.03503 3.95467 10.7945 0.0726671 0.0306015 0.0615064 
qwerty 52 27 0 3.40025 -1.50719 3.35703 9.025 0.022393 0.0658417 0.071857 
qwerty 52 27 0 3.40025 -1.37354 3.75 9.45387 0.022393 0.0658417 0.071857 
qwerty 52 27 0 3.40025 -1.29684 3.97553 9.7 0.022393 0.0658417 0.071857 
qwerty 52 27 0 3.40025 -1.08649 4.59402 10.375 0.022393 0.0658417 0.071857 
qwerty 52 27 0 3.40025 -0.876133 5.21252 11.05 0.022393 0.0658417 0.071857 
qwerty 52 27 0 3.40025 -0.665781 5.83101 11.725 0.022393 0.0658417 0.071857 
qwerty 52 27 0 3.40025 -0.523282 6.25 12.1823 0.022393 0.0658417 0.071857 
qwerty 52 27 0 3.40025 -0.455429 6.4495 12.4 0.022393 0.0658417 0.071857 
qwerty 52 27 0 3.40025 -0.245078 7.068 13.075 0.022393 0.0658417 0.071857 
qwerty 52 27 0 3.40025 -0.0347257 7.68649 13.75 0.022393 0.0658417 0.071857 
qwerty 52 27 0 3.40025 0.175626 8.30499 14.425 0.022393 0.0658417 0.071857 
qwerty 52 27 0 3.40025 0.326977 8.75 14.9107 0.022393 0.0658417 0.071857 
qwerty 52 27 0 3.40025 0.385978 8.92348 15.1 0.022393 0.0658417 0.071857 
qwerty 52 27 0 3.40025 0.59633 9.54197 15.775 0.022393 0.0658417 0.071857 
qwerty 52 27 0 3.40025 0.806682 10.1605 16.45 0.022393 0.0658417 0.071857 
qwerty 52 27 0 3.40025 1.01703 10.779 17.125 0.022393 0.0658417 0.071857 
qwerty 52 27 0 3.40025 1.17724 11.25 17.6391 0.022393 0.0658417 0.071857 
qwerty 52 27 0 3.40025 1.22739 11.3975 17.8 0.022393 0.0658417 0.071857 
qwerty 52 27 0 3.40025 1.43774 12.016 18.475 0.022393 0.0658417 0.071857 
qwerty 52 27 0 3.40025 1.64809 12.6344 19.15 0.022393 0.0658417 0.071857 
qwerty 52 27 0 3.40025 1.85844 13.2529 19.825 0.022393 0.0658417 0.071857 
qwerty 52 27 0 3.40025 2.02749 13.75 20.3675 0.022393 0.0658417 0.071857 
qwerty 52 27 0 3.40025 2.06879 13.8714 20.5 0.022393 0.0658417 0.071857 
qwerty 86 84 0 0.177671 2.01902 14.0856 20 -0.0133365 0.0175042 -0.0975487 
qwerty 51 27 0 2.24309 -1.38917 2.78673 9.025 0.0441656 0.00270476 0.0896777 
qwerty 51 27 0 2.24309 -1.05673 2.80709 9.7 0.0441656 0.00270476 0.0896777 
qwerty 51 27 0 2.24309 -0.724301 2.82745 10.375 0.0441656 0.00270476 0.0896777 
qwerty 51 27 0 2.24309 -0.391869 2.8478 11.05 0.0441656 0.00270476 0.0896777 
qwerty 51 27 0 2.24309 -0.0594366 2.86816 11.725 0.0441656 0.00270476 0.0896777 
qwerty 51 27 0 2.24309 0.272996 2.88852 12.4 0.0441656 0.00270476 0.0896777 
qwerty 51 27 0 2.24309 0.605428 2.90888 13.075 0.0441656 0.00270476 0.0896777 
qwerty 51 27 0 2.24309 0.937861 2.92924 13.75 0.0441656 0.00270476 0.0896777 
qwerty 51 27 0 2.24309 1.25 2.94835 14.3838 0.0441656 0.00270476 0.0896777 
qwerty 51 27 0 2.24309 1.27029 2.9496 14.425 0.0441656 0.00270476 0.0896777 
qwerty 51 27 0 2.24309 1.60273 2.96996 15.1 0.0441656 0.00270476 0.0896777 
qwerty 51 27 0 2.24309 1.93516 2.99031 15.775 0.0441656 0.00270476 0.0896777 
qwerty 51 27 0 2.24309 2.26759 3.01067 16.45 0.0441656 0.00270476 0.0896777 
qwerty 51 27 0 2.24309 2.60002 3.03103 17.125 0.0441656 0.00270476 0.0896777 
qwerty 51 27 0 2.24309 2.93245 3.05139 17.8 0.0441656 0.00270476 0.0896777 
qwerty 51 27 0 2.24309 3.26489 3.07175 18.475 0.0441656 0.00270476 0.0896777 
qwerty 51 27 0 2.24309 3.59732 3.09211 19.15 0.0441656 0.00270476 0.0896777 
qwerty 51 27 0 2.24309 3.75 3.10146 19.46 0.0441656 0.00270476 0.0896777 
qwerty 51 27 0 2.24309 3.92975 3.11247 19.825 0.0441656 0.00270476 0.0896777 
qwerty 51 27 0 2.24309 4.26218 3.13283 20.5 0.0441656 0.00270476 0.0896777 
qwerty 51 27 0 2.24309 4.59462 3.15318 21.175 0.0441656 0.00270476 0.0896777 
qwerty 51 27 0 2.24309 4.92705 3.17354 21.85 0.0441656 0.00270476 0.0896777 
qwerty 51 27 0 2.24309 5.25948 3.1939 22.525 0.0441656 0.00270476 0.0896777 
qwerty 51 27 0 2.24309 5.59191 3.21426 23.2 0.0441656 0.00270476 0.0896777 
qwerty 51 27 0 2.24309 5.92435 3.23462 23.875 0.0441656 0.00270476 0.0896777 
qwerty 51 27 0 2.24309 6.25678 3.25498 24.55 0.0441656 0.00270476 0.0896777 
qwerty 51 27 0 2.24309 6.58921 3.27534 25.225 0.0441656 0.00270476 0.0896777 
qwerty 51 27 0 2.24309 6.92164 3.29569 25.9 0.0441656 0.00270476 0.0896777 
qwerty 51 27 0 2.24309 7.25408 3.31605 26.575 0.0441656 0.00270476 0.0896777 
qwerty 51 27 0 2.24309 7.58651 3.33641 27.25 0.0441656 0.00270476 0.0896777 
qwerty 51 27 0 2.24309 7.91894 3.35677 27.925 0.0441656 0.00270476 0.0896777 
qwerty 51 27 0 2.24309 8.25137 3.37713 28.6 0.0441656 0.00270476 0.0896777 
qwerty 51 27 0 2.24309 8.58381 3.39749 29.275 0.0441656 0.00270476 0.0896777 
qwerty 51 27 0 2.24309 8.91624 3.41785 29.95 0.0441656 0.00270476 0.0896777 
qwerty 51 27 0 2.24309 9.24867 3.4382 30.625 0.0441656 0.00270476 0.0896777 
qwerty 51 27 0 2.24309 9.5811 3.45856 31.3 0.0441656 0.00270476 0.0896777 
qwerty 51 27 0 2.24309 9.91354 3.47892 31.975 0.0441656 0.00270476 0.0896777 
qwerty 51 27 0 2.24309 10.246 3.49928 32.65 0.0441656 0.00270476 0.0896777 
qwerty 51 27 0 0.817502 10.2419 2.95794 33.325 -0.00662662 -0.0685115 0.0725414 
qwerty 51 27 0 0.817502 10.1803 2.32044 34 -0.00662662 -0.0685115 0.0725414 
qwerty 51 27 0 0.817502 10.1186 1.68294 34.675 -0.00662662 -0.0685115 0.0725414 
qwerty 51 27 0 0.817502 10.0767 1.25 35.1334 -0.00662662 -0.0685115 0.0725414 
qwerty 51 27 0 0.817502 10.0569 1.04544 35.35 -0.00662662 -0.0685115 0.0725414 
qwerty 51 27 0 0.817502 9.99527 0.407934 36.025 -0.00662662 -0.0685115 0.0725414 
qwerty 49 37 0 1.07595 -2.43996 3.26615 9.2 -0.0568439 0.0234083 -0.0788722 
qwerty 49 37 0 1.07595 -2.92644 3.46649 8.525 -0.0568439 0.0234083 -0.0788722 
qwerty 49 37 0 1.07595 -3.41292 3.66682 7.85 -0.0568439 0.0234083 -0.0788722 
qwerty 49 37 0 1.07595 -3.75 3.80563 7.38229 -0.0568439 0.0234083 -0.0788722 
qwerty 49 37 0 1.07595 -3.8994 3.86715 7.175 -0.0568439 0.0234083 -0.0788722 
qwerty 49 37 0 1.07595 -4.38588 4.06748 6.5 -0.0568439 0.0234083 -0.0788722 
qwerty 49 37 0 1.07595 -4.87235 4.26782 5.825 -0.0568439 0.0234083 -0.0788722 
qwerty 49 37 0 1.07595 -5.35883 4.46815 5.15 -0.0568439 0.0234083 -0.0788722 
qwerty 49 37 0 1.07595 -5.84531 4.66848 4.475 -0.0568439 0.0234083 -0.0788722 
qwerty 49 37 0 0.39826 -5.21406 4.92194 3.8 0.0697175 0.0254954 -0.0670034 
qwerty 49 37 0 0.39826 -4.51171 5.17879 3.125 0.0697175 0.0254954 -0.0670034 
qwerty 48 40 0 0.153644 -3.75 3.009 10.3726 -0.0956703 -0.00831227 0.0278945 
qwerty 48 40 0 0.153644 -3.75837 3.00827 10.375 -0.0956703 -0.00831227 0.0278945 
qwerty 43 25 0 0.174834 -1.45591 3.42037 11.05 0.0735616 0.0201471 0.0646745 
qwerty 42 25 0 0.396122 -2.53511 3.21549 11.05 -0.049582 -0.000205157 0.0868423 
qwerty 42 25 0 0.396122 -2.9205 3.2139 11.725 -0.049582 -0.000205157 0.0868423 
qwerty 42 25 0 0.396122 -3.30588 3.2123 12.4 -0.049582 -0.000205157 0.0868423 
qwerty 38 25 0 0.528027 -2.28814 2.96083 10.375 -0.0372485 -0.026908 0.0888173 
qwerty 38 25 0 0.430856 -2.15132 2.95138 11.05 0.022511 -8.07407e-05 0.0974333 
qwerty 38 25 0 0.430856 -1.99537 2.95082 11.725 0.022511 -8.07407e-05 0.0974333 
qwerty 36 25 0 1.26547 -2.19605 3.30685 10.375 -0.0264737 0.0232971 0.0935756 
qwerty 36 25 0 1.26547 -2.38702 3.4749 11.05 -0.0264737 0.0232971 0.0935756 
qwerty 36 25 0 1.26547 -2.57798 3.64295 11.725 -0.0264737 0.0232971 0.0935756 
qwerty 36 25 0 1.26547 -2.69963 3.75 12.155 -0.0264737 0.0232971 0.0935756 
qwerty 36 25 0 1.26547 -2.76895 3.811 12.4 -0.0264737 0.0232971 0.0935756 
qwerty 36 25 0 1.26547 -2.95992 3.97905 13.075 -0.0264737 0.0232971 0.0935756 
qwerty 36 25 0 1.26547 -3.15088 4.14711 13.75 -0.0264737 0.0232971 0.0935756 
qwerty 36 25 0 1.05748 -3.4198 4.63929 14.425 -0.0307947 0.0583643 0.0751352 
qwerty 36 25 0 1.05748 -3.69646 5.16362 15.1 -0.0307947 0.0583643 0.0751352 
qwerty 36 25 0 1.05748 -3.97311 5.68795 15.775 -0.0307947 0.0583643 0.0751352 
qwerty 36 25 0 1.05748 -4.24976 6.21229 16.45 -0.0307947 0.0583643 0.0751352 
qwerty 36 25 0 1.05748 -4.52641 6.73662 17.125 -0.0307947 0.0583643 0.0751352 
qwerty 36 25 0 0.470553 -4.73612 7.13408 17.6367 -0.0994792 0.00866079 0.00537441 
qwerty 36 25 0 0.470553 -7.75938 7.39729 17.8 -0.0994792 0.00866079 0.00537441 
qwerty 109 36 0.00704641 0.27793 -7.7963 7.40491 17.7968 -0.0491419 0.0199243 -0.0847826 
qwerty 109 36 0.0107009 0.267229 -7.79777 7.40602 17.7927 -0.0252692 0.0878815 -0.0404761 
qwerty 109 36 0.0118028 0.255427 -7.79829 7.41023 17.7898 -0.029429 0.0907123 -0.0300867 
qwerty 109 36 0.0169536 0.238473 -7.80123 7.41615 17.7892 -0.0142377 0.0884448 -0.0444387 
qwerty 109 36 0.0180458 0.220427 -7.8018 7.42198 17.7857 -0.01532 0.0809931 -0.0566165 
qwerty 109 36 0.0211099 0.199317 -7.80312 7.42922 17.7829 -0.0137868 0.092875 -0.0344115 
qwerty 109 36 0.0194401 0.179877 -7.80534 7.43753 17.7786 -0.0757993 0.0360152 -0.0543817 
qwerty 109 36 0.0506595 0.129218 -7.81543 7.43661 17.7707 -0.0969539 -0.0244734 -0.000999784 
qwerty 109 36 0.129218 0 -7.82753 7.43355 17.7705 -0.0969539 -0.0244734 -0.000999784 
qwerty 108 36 0.209165 0.377759 -4.66657 7.19485 17.6911 0.0444546 0.0790147 0.0421956 
qwerty 108 36 0.183282 0.194477 -4.62766 7.24812 17.682 0.0757819 0.0648478 -0.00720249 
qwerty 108 36 0.194477 0 -4.60905 7.26405 17.6802 0.0757819 0.0648478 -0.00720249 
qwerty 34 25 0 30.0991 -1.92955 3.15252 9.7 -0.0110212 0.0369509 0.0922668 
qwerty 34 25 0 30.0991 -2.01018 3.42284 10.375 -0.0110212 0.0369509 0.0922668 
qwerty 34 25 0 30.0991 -2.0908 3.69316 11.05 -0.0110212 0.0369509 0.0922668 
qwerty 34 25 0 30.0991 -2.17143 3.96349 11.725 -0.0110212 0.0369509 0.0922668 
qwerty 119 111 0 0.568291 -1.28742 4.51339 12.4 0.0772476 0.0418988 0.047721 
qwerty 119 111 0 0.568291 -0.194773 5.10604 13.075 0.0772476 0.0418988 0.047721 
qwerty 119 111 0 0.568291 0.897872 5.69868 13.75 0.0772476 0.0418988 0.047721 
qwerty 119 111 0 0.568291 1.25 5.88968 13.9675 0.0772476 0.0418988 0.047721 
qwerty 119 111 0 0.568291 1.99052 6.29133 14.425 0.0772476 0.0418988 0.047721 
qwerty 118 111 0 8.92691 -2.09665 4.16752 12.4 0.014718 0.0210683 0.0966411 
qwerty 118 111 0 8.92691 -1.99385 4.31467 13.075 0.014718 0.0210683 0.0966411 
qwerty 118 111 0 8.92691 -1.89105 4.46183 13.75 0.014718 0.0210683 0.0966411 
qwerty 118 111 0 8.92691 -1.78825 4.60898 14.425 0.014718 0.0210683 0.0966411 
qwerty 118 111 0 8.92691 -1.68545 4.75613 15.1 0.014718 0.0210683 0.0966411 
qwerty 118 111 0 8.92691 -1.58265 4.90329 15.775 0.014718 0.0210683 0.0966411 
qwerty 118 111 0 8.92691 -1.47985 5.05044 16.45 0.014718 0.0210683 0.0966411 
qwerty 118 111 0 8.92691 -1.37705 5.19759 17.125 0.014718 0.0210683 0.0966411 
qwerty 118 111 0 8.92691 -1.27425 5.34475 17.8 0.014718 0.0210683 0.0966411 
qwerty 118 111 0 8.92691 -1.17146 5.4919 18.475 0.014718 0.0210683 0.0966411 
qwerty 118 111 0 8.92691 -1.06866 5.63906 19.15 0.014718 0.0210683 0.0966411 
qwerty 118 111 0 8.92691 -0.965857 5.78621 19.825 0.014718 0.0210683 0.0966411 
qwerty 118 111 0 8.92691 -0.863057 5.93336 20.5 0.014718 0.0210683 0.0966411 
qwerty 118 111 0 8.92691 -0.760258 6.08052 21.175 0.014718 0.0210683 0.0966411 
qwerty 118 111 0 8.92691 -0.657458 6.22767 21.85 0.014718 0.0210683 0.0966411 
qwerty 118 111 0 8.92691 -0.554659 6.37482 22.525 0.014718 0.0210683 0.0966411 
qwerty 118 111 0 8.92691 -0.451859 6.52198 23.2 0.014718 0.0210683 0.0966411 
qwerty 118 111 0 8.92691 -0.34906 6.66913 23.875 0.014718 0.0210683 0.0966411 
qwerty 118 111 0 8.92691 -0.24626 6.81628 24.55 0.014718 0.0210683 0.0966411 
qwerty 118 111 0 8.92691 -0.143461 6.96344 25.225 0.014718 0.0210683 0.0966411 
qwerty 118 111 0 8.92691 -0.0406612 7.11059 25.9 0.014718 0.0210683 0.0966411 
qwerty 118 111 0 8.92691 0.0621382 7.25774 26.575 0.014718 0.0210683 0.0966411 
qwerty 118 111 0 8.92691 0.164938 7.4049 27.25 0.014718 0.0210683 0.0966411 
qwerty 118 111 0 8.92691 0.267737 7.55205 27.925 0.014718 0.0210683 0.0966411 
qwerty 118 111 0 8.92691 0.370537 7.6992 28.6 0.014718 0.0210683 0.0966411 
qwerty 118 111 0 8.92691 0.473336 7.84636 29.275 0.014718 0.0210683 0.0966411 
qwerty 118 111 0 8.92691 0.576136 7.99351 29.95 0.014718 0.0210683 0.0966411 
qwerty 118 111 0 8.92691 0.678935 8.14067 30.625 0.014718 0.0210683 0.0966411 
qwerty 117 111 0 0.665662 -2.10149 4.2375 12.4 0.013474 0.0322001 0.0937102 
qwerty 117 111 0 0.665662 -2.00444 4.46944 13.075 0.013474 0.0322001 0.0937102 
qwerty 117 111 0 0.665662 -1.90739 4.70138 13.75 0.013474 0.0322001 0.0937102 
qwerty 117 111 0 0.665662 -1.81033 4.93331 14.425 0.013474 0.0322001 0.0937102 
qwerty 117 111 0 0.665662 -1.71328 5.16525 15.1 0.013474 0.0322001 0.0937102 
qwerty 117 111 0 0.665662 -1.61622 5.39719 15.775 0.013474 0.0322001 0.0937102 
qwerty 117 111 0 0.665662 -1.51917 5.62913 16.45 0.013474 0.0322001 0.0937102 
qwerty 117 111 0 0.665662 -1.42212 5.86107 17.125 0.013474 0.0322001 0.0937102 
qwerty 117 111 0 0.665662 -1.32506 6.09301 17.8 0.013474 0.0322001 0.0937102 
qwerty 117 111 0 0.665662 -1.25 6.27239 18.3221 0.013474 0.0322001 0.0937102 
qwerty 117 111 0 0.665662 -1.22801 6.32495 18.475 0.013474 0.0322001 0.0937102 
qwerty 117 111 0 0.665662 -1.13095 6.55689 19.15 0.013474 0.0322001 0.0937102 
qwerty 117 111 0 0.665662 -1.0339 6.78883 19.825 0.013474 0.0322001 0.0937102 
qwerty 117 111 0 0.665662 -0.936847 7.02076 20.5 0.013474 0.0322001 0.0937102 
qwerty 116 111 0 11.4788 -2.06957 4.39644 12.4 0.0169375 0.0526738 0.0832982 
qwerty 116 111 0 11.4788 -1.93231 4.82328 13.075 0.0169375 0.0526738 0.0832982 
qwerty 116 111 0 11.4788 -1.79506 5.25011 13.75 0.0169375 0.0526738 0.0832982 
qwerty 116 111 0 11.4788 -1.65781 5.67695 14.425 0.0169375 0.0526738 0.0832982 
qwerty 116 111 0 11.4788 -1.52056 6.10379 15.1 0.0169375 0.0526738 0.0832982 
qwerty 116 111 0 11.4788 -1.38331 6.53063 15.775 0.0169375 0.0526738 0.0832982 
qwerty 116 111 0 11.4788 -1.24606 6.95746 16.45 0.0169375 0.0526738 0.0832982 
qwerty 115 111 0 1.40587 -2.11397 4.36353 12.4 0.0106255 0.0493995 0.0862948 
qwerty 115 111 0 1.40587 -2.03086 4.74993 13.075 0.0106255 0.0493995 0.0862948 
qwerty 115 111 0 1.40587 -1.94775 5.13633 13.75 0.0106255 0.0493995 0.0862948 
qwerty 115 111 0 1.40587 -1.86463 5.52274 14.425 0.0106255 0.0493995 0.0862948 
qwerty 115 111 0 1.40587 -1.78152 5.90914 15.1 0.0106255 0.0493995 0.0862948 
qwerty 115 111 0 1.40587 -1.69841 6.29555 15.775 0.0106255 0.0493995 0.0862948 
qwerty 115 111 0 1.40587 -1.6153 6.68195 16.45 0.0106255 0.0493995 0.0862948 
qwerty 115 111 0 1.40587 -1.53218 7.06835 17.125 0.0106255 0.0493995 0.0862948 
qwerty 115 111 0 1.40587 -1.44907 7.45476 17.8 0.0106255 0.0493995 0.0862948 
qwerty 115 111 0 1.40587 -1.36596 7.84116 18.475 0.0106255 0.0493995 0.0862948 
qwerty 115 111 0 1.40587 -1.28285 8.22757 19.15 0.0106255 0.0493995 0.0862948 
qwerty 115 111 0 1.40587 -1.25 8.38027 19.4168 0.0106255 0.0493995 0.0862948 
qwerty 115 111 0 1.40587 -1.19973 8.61397 19.825 0.0106255 0.0493995 0.0862948 
qwerty 115 111 0 1.40587 -1.17047 8.75 20.0626 0.0106255 0.0493995 0.0862948 
qwerty 115 111 0 1.40587 -1.11662 9.00038 20.5 0.0106255 0.0493995 0.0862948 
qwerty 115 111 0 1.40587 -1.03351 9.38678 21.175 0.0106255 0.0493995 0.0862948 
qwerty 115 111 0 1.40587 -0.950395 9.77318 21.85 0.0106255 0.0493995 0.0862948 
qwerty 115 111 0 1.40587 -0.867283 10.1596 22.525 0.0106255 0.0493995 0.0862948 
qwerty 115 111 0 1.40587 -0.78417 10.546 23.2 0.0106255 0.0493995 0.0862948 
qwerty 115 111 0 1.40587 -0.701057 10.9324 23.875 0.0106255 0.0493995 0.0862948 
qwerty 115 111 0 1.40587 -0.632743 11.25 24.4298 0.0106255 0.0493995 0.0862948 
qwerty 115 111 0 1.40587 -0.617945 11.3188 24.55 0.0106255 0.0493995 0.0862948 
qwerty 115 111 0 1.40587 -0.534832 11.7052 25.225 0.0106255 0.0493995 0.0862948 
qwerty 115 111 0 0.398807 -0.503621 11.8503 25.4785 -0.097648 0.0186075 0.010892 
qwerty 115 111 0 0.373302 -1.80509 12.0983 25.6236 -0.0880739 0.000456163 0.0473581 
qwerty 115 111 0 0.373302 -2.31903 12.101 25.9 -0.0880739 0.000456163 0.0473581 
qwerty 127 115 0.0255057 0 -1.80536 12.0986 25.6231 -0.0371028 0.0443581 -0.0815827 
qwerty 126 115 0.0759827 0.927039 -0.478254 11.8657 25.5196 0.0415953 0.058333 0.0697646 
qwerty 126 115 0.162431 0.764608 -0.427051 11.8953 25.5811 0.0171974 0.052515 0.0833452 
qwerty 126 115 0.218716 0.545892 -0.467377 11.9586 25.6799 -0.0259982 0.0932953 0.0249015 
qwerty 126 115 0.242796 0.303096 -0.502089 12.0576 25.648 0.0525148 0.0672758 -0.0521168 
qwerty 126 115 0.303096 0 -0.476 12.091 25.6222 0.0525148 0.0672758 -0.0521168 
qwerty 129 126 0.00029101 0 -0.479549 11.914 25.5675 -0.00190314 0.0709381 0.0704568 
qwerty 130 129 0.00375393 0 -0.479569 11.914 25.5675 -0.0821808 -0.052557 -0.0220019 
qwerty 114 111 0 2.08012 -2.20626 4.33971 12.4 -0.00404639 0.0492389 0.0869434 
qwerty 114 111 0 2.08012 -2.23768 4.72198 13.075 -0.00404639 0.0492389 0.0869434 
qwerty 114 111 0 2.08012 -2.26909 5.10426 13.75 -0.00404639 0.0492389 0.0869434 
qwerty 114 111 0 2.08012 -2.30051 5.48653 14.425 -0.00404639 0.0492389 0.0869434 
qwerty 114 111 0 2.08012 -2.33192 5.86881 15.1 -0.00404639 0.0492389 0.0869434 
qwerty 114 111 0 2.08012 -2.36334 6.25108 15.775 -0.00404639 0.0492389 0.0869434 
qwerty 114 111 0 2.08012 -2.39475 6.63335 16.45 -0.00404639 0.0492389 0.0869434 
qwerty 114 111 0 2.08012 -2.42617 7.01563 17.125 -0.00404639 0.0492389 0.0869434 
qwerty 114 111 0 2.08012 -2.45758 7.3979 17.8 -0.00404639 0.0492389 0.0869434 
qwerty 114 111 0 2.08012 -2.489 7.78018 18.475 -0.00404639 0.0492389 0.0869434 
qwerty 114 111 0 1.12032 -1.90538 8.60313 19.15 0.0490332 0.0678992 0.0546393 
qwerty 33 25 0 47.532 -1.96154 3.05879 9.7 -0.0162166 0.02357 0.09582 
qwerty 33 25 0 47.532 -2.07578 3.22483 10.375 -0.0162166 0.02357 0.09582 
qwerty 33 25 0 47.532 -2.19002 3.39087 11.05 -0.0162166 0.02357 0.09582 
qwerty 33 25 0 47.532 -2.30425 3.55691 11.725 -0.0162166 0.02357 0.09582 
qwerty 33 25 0 47.532 -2.41849 3.72294 12.4 -0.0162166 0.02357 0.09582 
qwerty 33 25 0 47.532 -2.53273 3.88898 13.075 -0.0162166 0.02357 0.09582 
qwerty 33 25 0 47.532 -2.64696 4.05502 13.75 -0.0162166 0.02357 0.09582 
qwerty 33 25 0 47.532 -2.7612 4.22106 14.425 -0.0162166 0.02357 0.09582 
qwerty 33 25 0 47.532 -2.87544 4.3871 15.1 -0.0162166 0.02357 0.09582 
qwerty 33 25 0 47.532 -2.98968 4.55313 15.775 -0.0162166 0.02357 0.09582 
qwerty 33 25 0 47.532 -3.10391 4.71917 16.45 -0.0162166 0.02357 0.09582 
qwerty 33 25 0 0.213404 -3.55386 5.80108 16.9384 0.028534 -0.0800811 -0.0526577 
qwerty 33 25 0 0.213404 -3.38406 5.32452 16.625 0.028534 -0.0800811 -0.0526577 
qwerty 31 25 0 0.608251 -1.8454 2.88411 9.025 -0.0126626 0.0286858 0.0949568 
qwerty 31 25 0 0.608251 -1.93541 3.08803 9.7 -0.0126626 0.0286858 0.0949568 
qwerty 31 25 0 0.608251 -2.02543 3.29194 10.375 -0.0126626 0.0286858 0.0949568 
qwerty 31 25 0 0.608251 -2.11544 3.49585 11.05 -0.0126626 0.0286858 0.0949568 
qwerty 31 25 0 0.189787 -2.30044 3.09093 10.55 -0.0270296 -0.060104 -0.0752124 
qwerty 31 25 0 0.189787 -2.54302 2.55153 9.875 -0.0270296 -0.060104 -0.0752124 
qwerty 29 25 0 31.5825 -1.88054 2.86499 9.025 -0.018759 0.0256024 0.0948294 
qwerty 28 25 0 0.396858 -1.89936 2.86935 9.025 -0.0214588 0.0260105 0.0941434 
qwerty 28 25 0 0.396858 -2.05321 3.05584 9.7 -0.0214588 0.0260105 0.0941434 
qwerty 28 25 0 0.396858 -2.20707 3.24233 10.375 -0.0214588 0.0260105 0.0941434 
qwerty 28 25 0 0.396858 -2.36093 3.42883 11.05 -0.0214588 0.0260105 0.0941434 
qwerty 142 29 0.921726 6.88134 -2.48558 2.76568 9.44336 -0.0839502 -0.0244611 0.0485182 
qwerty 142 29 0.922881 5.95846 -2.92964 2.63629 9.7 -0.0670412 -0.0480906 0.0565046 
qwerty 125 116 0.806288 6.98338 -1.24678 7.28383 17.0734 -0.018673 0.042398 0.0886213 
qwerty 125 116 0.0690253 6.91435 -1.25 7.29114 17.0887 -0.0197998 0.0433718 0.0879025 
qwerty 125 116 0.0648146 6.84954 -1.25819 7.30907 17.125 -0.0121725 0.0572257 0.081099 
qwerty 122 118 1.0462 4.32342 1.04616 8.5265 31.3 0.0345057 0.0708779 0.0615278 
qwerty 5 3 0.940591 117.618 3.20233 -4.94834 11.05 0.0252743 -0.0336388 0.0907173 
qwerty 5 3 0.663502 39.5501 3.31948 -5.1475 11.5821 0.0239557 -0.0349832 0.0905666 
qwerty 5 3 0.212802 39.3373 3.35727 -5.20269 11.725 0.0237802 -0.0332189 0.0912743 
qwerty 5 3 1.25978 34.6281 3.37928 -5.64201 12.4 -0.000930642 -0.0566734 0.0823848 
qwerty 5 3 1.13818 19.1124 3.31149 -6.14789 13.075 0.00393112 -0.0580092 0.0813602 
qwerty 141 29 0.73553 1.96506 -1.84029 2.54633 9.35891 0.0124769 -0.0810865 0.0571779 
qwerty 141 29 0.483075 1.48198 -1.82148 2.31448 9.58387 -0.0192569 -0.0627146 0.0754722 
qwerty 141 29 0.230511 1.25147 -1.85111 2.21798 9.7 -0.0181088 -0.0977042 0.0112232 
qwerty 141 29 0.141823 0.939394 -1.86414 2.12328 9.66416 -0.0350087 -0.0918721 -0.0182733 
qwerty 141 29 0.153023 0.786371 -1.90798 2.03719 9.66183 -0.0554801 -0.0733313 -0.0392998 
qwerty 141 29 0.0733043 0.713067 -1.92246 2.0016 9.64194 -0.0356695 -0.0766728 -0.0533758 
qwerty 141 29 0.230378 0.482689 -1.91997 1.91053 9.58739 0.024256 -0.0646072 -0.072371 
qwerty 141 29 0.225795 0.256894 -1.93431 1.84049 9.54761 -0.0755664 -0.0160837 -0.0634905 
qwerty 141 29 0.136857 0.100923 -1.96217 1.83456 9.5242 -0.0498415 0.0416587 0.0760288 
qwerty 141 29 0.100923 0 -1.96626 1.83798 9.53044 -0.0498415 0.0416587 0.0760288 
qwerty 136 33 0.173615 0.843512 -3.5548 5.90958 16.9687 -0.0433172 0.0746691 0.0504791 
qwerty 136 33 0.120521 0.722991 -3.56887 5.96723 17.0054 0.00607718 0.0560563 0.0825879 
qwerty 136 33 0.17725 0.54574 -3.54003 5.98537 17.098 0.00716982 0.0629982 0.0773293 
qwerty 136 33 0.0741015 0.471639 -3.53753 6.00735 17.125 0.0405615 0.0704899 0.0581888 
qwerty 135 33 1.40213 5.47309 -2.92887 5.688 16.7106 -0.00695317 0.099751 -0.00117876 
qwerty 135 33 0.300022 5.15879 -2.93231 5.85218 16.7126 0.00152826 0.0980105 -0.019789 
qwerty 135 33 0.617592 4.5412 -2.92555 6.28606 16.625 0.00798514 0.0996409 -0.00281645 
qwerty 135 33 1.18274 3.1931 -2.85865 6.89924 16.759 -0.00183727 0.0652762 0.075734 
qwerty 135 33 0.100555 3.00626 -2.86346 6.95348 16.8157 -0.0183931 0.0568469 0.080188 
qwerty 135 33 0.107051 1.87189 -2.87487 7.00589 16.873 0.0252656 0.0676498 0.0691748 
qwerty 135 33 0.530553 1.34133 -2.76156 7.2165 17.0699 0.0625816 0.0715791 0.0309835 
qwerty 135 33 0.279863 1.06147 -2.65021 7.34387 17.125 -0.011999 0.0745478 0.065564 
qwerty 135 33 0.0894804 0.815418 -2.69657 7.379 17.0928 -0.0524088 0.0718562 -0.0457166 
qwerty 135 33 0.100693 0.714725 -2.73715 7.43291 17.0837 -0.0374937 0.0914052 -0.0154695 
qwerty 135 33 0.144985 0.56974 -2.77686 7.48133 17.0843 -0.0698809 0.0699684 -0.0148684 
qwerty 135 33 0.104582 0.465158 -2.80927 7.52955 17.0692 -0.0612007 0.0790063 -0.00353137 
qwerty 135 33 0.121265 0.343894 -2.84882 7.56278 17.0782 -0.0629603 0.0776275 0.00315922 
qwerty 135 33 0.143947 0.199946 -2.90059 7.58818 17.0692 -0.00423867 0.0995607 -0.00834924 
qwerty 135 33 0.199946 0 -2.90168 7.61377 17.067 -0.00423867 0.0995607 -0.00834924 
qwerty 203 135 0.259347 0.767977 -2.93962 7.03704 17.0251 -0.0519662 0.00497406 0.0852923 
qwerty 203 135 0.151272 0.616705 -2.9558 7.05595 17.1066 -0.0273853 0.0333596 0.0902063 
qwerty 203 135 0.0298037 0.586901 -2.96138 7.06275 17.125 -0.0236521 0.0367854 0.0899301 
qwerty 203 135 0.0266574 0.443803 -2.9704 7.05779 17.1215 -0.0582709 -0.0742913 -0.0329439 
qwerty 203 135 0.0282764 0.415526 -2.98025 7.04865 17.1186 -0.0646969 -0.0760831 0.00506774 
qwerty 203 135 0.0251944 0.390332 -2.99237 7.03952 17.1174 -0.0694267 -0.0669638 -0.0263777 
qwerty 203 135 0.0314668 0.358865 -3.00364 7.0308 17.1134 -0.0392792 -0.0828162 -0.0399829 
qwerty 203 135 0.0293392 0.329526 -3.01053 7.01795 17.1117 -0.0662728 -0.0725542 -0.0185419 
qwerty 203 135 0.0370588 0.292467 -3.01886 7.00595 17.1131 -0.0841258 0.00437673 0.053886 
qwerty 203 135 0.039787 0.25268 -3.02815 7.0032 17.1218 -0.0562758 -0.00428255 0.0825512 
qwerty 203 135 0.00515811 0.247522 -3.03035 7.00303 17.125 -0.0527955 -0.0162421 0.0833596 
qwerty 203 135 0.00349704 0.166717 -3.02873 7.00264 17.1235 0.0632701 0.041941 -0.0650987 
qwerty 203 135 0.00829052 0.158427 -3.0278 7.00343 17.1221 0.0615871 0.0329414 -0.0715674 
qwerty 203 135 0.00714576 0.151281 -3.02635 7.00415 17.121 0.0836177 0.00117011 -0.0548335 
qwerty 203 135 0.00492885 0.146352 -3.02429 7.00483 17.1193 0.0466872 0.00254822 -0.0883958 
qwerty 203 135 0.0116085 0.134744 -3.02325 7.0049 17.1164 0.0716404 0.00679984 -0.0694364 
qwerty 203 135 0.0234881 0.111256 -3.02053 7.00356 17.1126 0.0703901 -0.0662277 0.0256735 
qwerty 203 135 0.0405769 0.0706788 -3.01755 6.99693 17.1126 0.0470325 -0.0762658 -0.0444012 
qwerty 203 135 0.0706788 0 -3.01547 6.99356 17.1106 0.0470325 -0.0762658 -0.0444012 
qwerty 202 135 0 0.0862891 -2.9311 7.15801 17.125 -0.017948 0.0542681 0.0820539 
qwerty 201 135 0.00029101 0 -2.93192 5.89667 16.7033 0.00086487 0.0978751 -0.0204868 
qwerty 205 201 0.013987 0 -2.93178 5.89686 16.7034 0.0562366 0.0757152 0.0332362 
qwerty 200 135 0 0.121994 -2.71365 5.75585 17.125 0.0335776 0.0834733 0.0436435 
qwerty 199 135 0 8.71859 -3.19653 5.04395 17.125 -0.0125411 0.0461551 0.0878204 
qwerty 198 135 0 5.08172 -3.22658 4.9605 17.125 -0.0173394 0.0345792 0.0922151 
qwerty 198 135 0 5.08172 -3.3535 5.21362 17.8 -0.0173394 0.0345792 0.0922151 
qwerty 198 135 0 5.08172 -3.48042 5.46673 18.475 -0.0173394 0.0345792 0.0922151 
qwerty 198 135 0 5.08172 -3.60734 5.71984 19.15 -0.0173394 0.0345792 0.0922151 
qwerty 198 135 0 5.08172 -3.73426 5.97296 19.825 -0.0173394 0.0345792 0.0922151 
qwerty 198 135 0 5.08172 -3.86119 6.22607 20.5 -0.0173394 0.0345792 0.0922151 
qwerty 198 135 0 5.08172 -3.98811 6.47919 21.175 -0.0173394 0.0345792 0.0922151 
qwerty 198 135 0 5.08172 -4.11503 6.7323 21.85 -0.0173394 0.0345792 0.0922151 
qwerty 198 135 0 5.08172 -4.24195 6.98542 22.525 -0.0173394 0.0345792 0.0922151 
qwerty 198 135 0 5.08172 -4.36887 7.23853 23.2 -0.0173394 0.0345792 0.0922151 
qwerty 198 135 0 5.08172 -4.49579 7.49165 23.875 -0.0173394 0.0345792 0.0922151 
qwerty 198 135 0 5.08172 -4.62272 7.74476 24.55 -0.0173394 0.0345792 0.0922151 
qwerty 198 135 0 5.08172 -4.74964 7.99788 25.225 -0.0173394 0.0345792 0.0922151 
qwerty 198 135 0 5.08172 -4.87656 8.25099 25.9 -0.0173394 0.0345792 0.0922151 
qwerty 198 135 0 5.08172 -5.00348 8.5041 26.575 -0.0173394 0.0345792 0.0922151 
qwerty 198 135 0 5.08172 -5.12678 8.75 27.2307 -0.0173394 0.0345792 0.0922151 
qwerty 198 135 0 5.08172 -5.1304 8.75722 27.25 -0.0173394 0.0345792 0.0922151 
qwerty 198 135 0 5.08172 -5.25733 9.01033 27.925 -0.0173394 0.0345792 0.0922151 
qwerty 198 135 0 5.08172 -5.38425 9.26345 28.6 -0.0173394 0.0345792 0.0922151 
qwerty 198 135 0 5.08172 -5.51117 9.51656 29.275 -0.0173394 0.0345792 0.0922151 
qwerty 198 135 0 5.08172 -5.63809 9.76968 29.95 -0.0173394 0.0345792 0.0922151 
qwerty 198 135 0 5.08172 -5.76501 10.0228 30.625 -0.0173394 0.0345792 0.0922151 
qwerty 198 135 0 5.08172 -5.89193 10.2759 31.3 -0.0173394 0.0345792 0.0922151 
qwerty 198 135 0 5.08172 -6.01886 10.529 31.975 -0.0173394 0.0345792 0.0922151 
qwerty 198 135 0 2.70924 -5.93444 10.6042 32.65 0.0150619 0.00865525 0.0984796 
qwerty 198 135 0 1.47769 -5.79821 10.2807 33.325 0.017924 -0.0461307 0.0868947 
qwerty 198 135 0 1.47769 -5.65898 9.92235 34 0.017924 -0.0461307 0.0868947 
qwerty 198 135 0 1.47769 -5.51974 9.564 34.675 0.017924 -0.0461307 0.0868947 
qwerty 198 135 0 1.47769 -5.38051 9.20566 35.35 0.017924 -0.0461307 0.0868947 
qwerty 198 135 0 1.47769 -5.24128 8.84731 36.025 0.017924 -0.0461307 0.0868947 
qwerty 198 135 0 1.47769 -5.20346 8.75 36.2083 0.017924 -0.0461307 0.0868947 
qwerty 198 135 0 1.47769 -5.10204 8.48897 36.7 0.017924 -0.0461307 0.0868947 
qwerty 198 135 0 1.47769 -4.96281 8.13062 37.375 0.017924 -0.0461307 0.0868947 
qwerty 198 135 0 1.47769 -4.82357 7.77228 38.05 0.017924 -0.0461307 0.0868947 
qwerty 198 135 0 1.09532 -4.86664 6.86834 38.725 -0.00407931 -0.08037 0.0593635 
qwerty 198 135 0 1.09532 -4.89803 6.25 39.1817 -0.00407931 -0.08037 0.0593635 
qwerty 198 135 0 1.09532 -4.91303 5.95448 39.4 -0.00407931 -0.08037 0.0593635 
qwerty 198 135 0 1.09532 -4.95941 5.04063 40.075 -0.00407931 -0.08037 0.0593635 
qwerty 214 211 0 0.825987 -6.25 10.1978 31.5083 -0.0324022 -0.0602524 -0.0729366 
qwerty 214 211 0 0.825987 -6.26479 10.1703 31.475 -0.0324022 -0.0602524 -0.0729366 
qwerty 214 211 0 0.825987 -6.56466 9.6127 30.8 -0.0324022 -0.0602524 -0.0729366 
qwerty 214 211 0 0.445639 -6.25 8.89553 30.5201 0.0521811 -0.0831086 -0.019238 
qwerty 214 211 0 0.228832 -5.26213 7.32216 30.1559 -0.0550846 -0.0410141 0.0726879 
qwerty 214 211 0 0.228832 -5.61765 7.05746 30.625 -0.0550846 -0.0410141 0.0726879 
qwerty 216 214 0.0493588 0.167448 -5.24356 7.31868 30.1496 0.0718323 -0.0274796 0.0639139 
qwerty 216 214 0.0671766 0.100272 -5.23056 7.31494 30.1527 0.0590879 0.0773556 -0.022907 
qwerty 216 214 0.100272 0 -5.22577 7.32121 30.1508 0.0590879 0.0773556 -0.022907 
qwerty 197 135 0 23.2721 -3.17994 4.92051 17.125 -0.0101573 0.0290858 0.0951359 
qwerty 197 135 0 23.2721 -3.252 5.12687 17.8 -0.0101573 0.0290858 0.0951359 
qwerty 196 135 0 0.244917 -3.18276 4.86843 17.125 -0.0107757 0.0211501 0.097142 
qwerty 195 141 0 0.0191139 -2.15401 1.93182 9.7 -0.0690598 0.0350111 0.0632849 
qwerty 194 141 0 0.362968 -1.82422 2.2971 9.7 -0.00597042 -0.0790584 0.0609436 
qwerty 194 141 0 0.362968 -1.89035 1.42146 10.375 -0.00597042 -0.0790584 0.0609436 
qwerty 194 141 0 0.362968 -1.95648 0.545827 11.05 -0.00597042 -0.0790584 0.0609436 
qwerty 194 141 0 0.362968 -2.02261 -0.329808 11.725 -0.00597042 -0.0790584 0.0609436 
qwerty 192 141 0 1.46006 -1.03187 3.75 9.41975 0.0704028 0.0678083 0.0211062 
qwerty 192 141 0 1.46006 -0.0970473 4.65038 9.7 0.0704028 0.0678083 0.0211062 
qwerty 192 141 0 1.46006 1.25 5.94778 10.1038 0.0704028 0.0678083 0.0211062 
qwerty 192 141 0 1.46006 2.15452 6.81897 10.375 0.0704028 0.0678083 0.0211062 
qwerty 192 141 0 1.46006 4.15944 8.75 10.9761 0.0704028 0.0678083 0.0211062 
qwerty 192 141 0 1.46006 4.40608 8.98756 11.05 0.0704028 0.0678083 0.0211062 
qwerty 191 141 0 7.79867 -1.97264 3.09553 9.7 -0.0119847 0.0309186 0.094342 
qwerty 191 141 0 7.79867 -2.05839 3.31675 10.375 -0.0119847 0.0309186 0.094342 
qwerty 191 141 0 7.79867 -2.14414 3.53797 11.05 -0.0119847 0.0309186 0.094342 
qwerty 191 141 0 7.79867 -2.22988 3.75919 11.725 -0.0119847 0.0309186 0.094342 
qwerty 191 141 0 7.79867 -2.31563 3.9804 12.4 -0.0119847 0.0309186 0.094342 
qwerty 191 141 0 7.79867 -2.40138 4.20162 13.075 -0.0119847 0.0309186 0.094342 
qwerty 191 141 0 7.79867 -2.48713 4.42284 13.75 -0.0119847 0.0309186 0.094342 
qwerty 191 141 0 7.79867 -2.57288 4.64405 14.425 -0.0119847 0.0309186 0.094342 
qwerty 191 141 0 7.79867 -2.65863 4.86527 15.1 -0.0119847 0.0309186 0.094342 
qwerty 191 141 0 7.79867 -2.74438 5.08649 15.775 -0.0119847 0.0309186 0.094342 
qwerty 191 141 0 7.79867 -2.83012 5.30771 16.45 -0.0119847 0.0309186 0.094342 
qwerty 191 141 0 7.79867 -2.91587 5.52892 17.125 -0.0119847 0.0309186 0.094342 
qwerty 189 5 0 0.510999 3.69149 -6.31227 13.75 0.0506087 0.0103083 0.08563 
qwerty 189 5 0 0.510999 4.09043 -6.23101 14.425 0.0506087 0.0103083 0.08563 
qwerty 189 5 0 0.41683 4.47198 -6.63658 15.1 0.0408079 -0.0549616 0.0728968 
qwerty 188 5 0 0.510999 2.99705 -6.45372 12.575 -0.0506087 -0.0103083 -0.08563 
qwerty 188 5 0 0.510999 2.59811 -6.53498 11.9 -0.0506087 -0.0103083 -0.08563 
qwerty 187 5 0 5.38761 3.72769 -7.01677 13.75 0.0386572 -0.0713482 0.0584385 
qwerty 187 5 0 5.38761 4.1742 -7.84088 14.425 0.0386572 -0.0713482 0.0584385 
qwerty 186 5 0 3.20289 3.84531 -7.91875 13.75 0.0282113 -0.0907622 0.031086 
qwerty 186 5 0 3.20289 4.45789 -9.88956 14.425 0.0282113 -0.0907622 0.031086 
qwerty 186 5 0 3.20289 4.88075 -11.25 14.891 0.0282113 -0.0907622 0.031086 
qwerty 186 5 0 3.20289 5.07047 -11.8604 15.1 0.0282113 -0.0907622 0.031086 
qwerty 186 5 0 3.20289 5.68305 -13.8312 15.775 0.0282113 -0.0907622 0.031086 
qwerty 186 5 0 3.20289 6.29563 -15.802 16.45 0.0282113 -0.0907622 0.031086 
qwerty 186 5 0 3.20289 6.90821 -17.7728 17.125 0.0282113 -0.0907622 0.031086 
qwerty 186 5 0 3.20289 7.21195 -18.75 17.4597 0.0282113 -0.0907622 0.031086 
qwerty 186 5 0 3.20289 7.52078 -19.7436 17.8 0.0282113 -0.0907622 0.031086 
qwerty 186 5 0 3.20289 8.13336 -21.7144 18.475 0.0282113 -0.0907622 0.031086 
qwerty 186 5 0 3.20289 8.74594 -23.6852 19.15 0.0282113 -0.0907622 0.031086 
qwerty 186 5 0 3.20289 9.35852 -25.656 19.825 0.0282113 -0.0907622 0.031086 
qwerty 186 5 0 3.20289 9.54315 -26.25 20.0284 0.0282113 -0.0907622 0.031086 
qwerty 186 5 0 3.20289 9.9711 -27.6268 20.5 0.0282113 -0.0907622 0.031086 
qwerty 186 5 0 3.20289 10.5837 -29.5976 21.175 0.0282113 -0.0907622 0.031086 
qwerty 186 5 0 3.20289 11.0973 -31.25 21.7409 0.0282113 -0.0907622 0.031086 
qwerty 186 5 0 3.20289 11.1963 -31.5684 21.85 0.0282113 -0.0907622 0.031086 
qwerty 186 5 0 3.20289 11.8088 -33.5392 22.525 0.0282113 -0.0907622 0.031086 
qwerty 186 5 0 2.46911 11.8842 -34.9607 23.2 0.00058501 -0.0894866 0.0446297 
qwerty 186 5 0 1.72103 11.8488 -35.6267 23.875 -0.00490869 -0.063125 0.0774025 
qwerty 186 5 0 1.72103 11.806 -36.1772 24.55 -0.00490869 -0.063125 0.0774025 
qwerty 186 5 0 1.53182 11.6019 -36.9242 25.225 -0.0238498 -0.0747872 0.061952 
qwerty 186 5 0 1.53182 11.342 -37.7391 25.9 -0.0238498 -0.0747872 0.061952 
qwerty 186 5 0 1.53182 11.25 -38.0275 26.139 -0.0238498 -0.0747872 0.061952 
qwerty 186 5 0 1.53182 11.0821 -38.5539 26.575 -0.0238498 -0.0747872 0.061952 
qwerty 186 5 0 1.53182 10.8223 -39.3687 27.25 -0.0238498 -0.0747872 0.061952 
qwerty 186 5 0 0.220169 10.9599 -38.75 26.9334 0.0207254 0.0843178 -0.0496081 
qwerty 186 5 0 0.220169 11.0365 -38.4383 26.75 0.0207254 0.0843178 -0.0496081 
qwerty 185 5 0 1.60388 3.81298 -7.02488 13.75 0.0455015 -0.0713152 0.0533268 
qwerty 185 5 0 1.60388 4.38893 -7.92757 14.425 0.0455015 -0.0713152 0.0533268 
qwerty 185 5 0 1.60388 4.91367 -8.75 15.04 0.0455015 -0.0713152 0.0533268 
qwerty 185 5 0 1.60388 4.96488 -8.83027 15.1 0.0455015 -0.0713152 0.0533268 
qwerty 185 5 0 1.47433 5.29291 -9.62734 15.775 0.0244606 -0.072795 0.0640512 
qwerty 185 5 0 1.47433 5.55068 -10.3945 16.45 0.0244606 -0.072795 0.0640512 
qwerty 184 5 0 1.06934 3.24065 -6.61576 13.75 -0.00927683 -0.0568341 0.0817546 
qwerty 184 5 0 0.948033 3.13852 -6.79803 14.425 -0.0145338 -0.0251892 0.095678 
qwerty 184 5 0 0.514441 3.05306 -6.94614 14.9876 -0.034906 0.0638906 0.0685534 
qwerty 184 5 0 0.514441 2.99582 -6.84138 15.1 -0.034906 0.0638906 0.0685534 
qwerty 184 5 0 0.339209 2.36784 -7.08086 15.775 -0.0658792 -0.0325603 0.0678215 
qwerty 251 184 0.199994 0.233597 3.08046 -6.97436 15.0284 0.0688226 -0.0725364 0.001385 
qwerty 251 184 0.233597 0 3.10317 -6.99829 15.0289 0.0688226 -0.0725364 0.001385 
qwerty 183 5 0 0.861417 3.29563 -6.25 13.2501 -0.00987469 -0.0486894 0.0867861 
qwerty 183 5 0 0.861417 3.23875 -6.53046 13.75 -0.00987469 -0.0486894 0.0867861 
qwerty 183 5 0 0.861417 3.16195 -6.90915 14.425 -0.00987469 -0.0486894 0.0867861 
qwerty 183 5 0 0.861417 3.08515 -7.28785 15.1 -0.00987469 -0.0486894 0.0867861 
qwerty 183 5 0 0.861417 3.00834 -7.66654 15.775 -0.00987469 -0.0486894 0.0867861 
qwerty 183 5 0 0.861417 2.93154 -8.04523 16.45 -0.00987469 -0.0486894 0.0867861 
qwerty 183 5 0 0.861417 2.85474 -8.42393 17.125 -0.00987469 -0.0486894 0.0867861 
qwerty 183 5 0 0.861417 2.78861 -8.75 17.7062 -0.00987469 -0.0486894 0.0867861 
qwerty 183 5 0 0.861417 2.77794 -8.80262 17.8 -0.00987469 -0.0486894 0.0867861 
qwerty 183 5 0 0.861417 2.70113 -9.18131 18.475 -0.00987469 -0.0486894 0.0867861 
qwerty 183 5 0 0.460775 2.66338 -9.85746 19.15 0.00253557 -0.0580996 0.0813512 
qwerty 183 5 0 0.210951 2.68422 -10.3349 19.8185 -0.0910411 -0.00710506 -0.0407558 
qwerty 183 5 0 0.210951 1.58181 -10.4209 19.325 -0.0910411 -0.00710506 -0.0407558 
qwerty 256 183 0.00765034 0.242173 2.68601 -10.337 19.8214 0.0497044 -0.0377639 0.078124 
qwerty 256 183 0.00582629 0.236347 2.68781 -10.3378 19.824 0.0671935 -0.0208502 0.0710654 
qwerty 256 183 0.00226346 0.234084 2.68874 -10.3381 19.825 0.0608241 0.016466 0.0776485 
qwerty 182 5 0 1.64505 3.27361 -6.56528 13.75 -0.00522817 -0.0521646 0.0851558 
qwerty 182 5 0 1.64505 3.23217 -6.97877 14.425 -0.00522817 -0.0521646 0.0851558 
qwerty 182 5 0 1.64505 3.19072 -7.39226 15.1 -0.00522817 -0.0521646 0.0851558 
qwerty 182 5 0 1.64505 3.14928 -7.80575 15.775 -0.00522817 -0.0521646 0.0851558 
qwerty 182 5 0 1.64505 3.10784 -8.21925 16.45 -0.00522817 -0.0521646 0.0851558 
qwerty 182 5 0 1.64505 3.0664 -8.63274 17.125 -0.00522817 -0.0521646 0.0851558 
qwerty 182 5 0 1.64505 3.05465 -8.75 17.3164 -0.00522817 -0.0521646 0.0851558 
qwerty 182 5 0 1.64505 3.02496 -9.04623 17.8 -0.00522817 -0.0521646 0.0851558 
qwerty 261 259 0 0.114101 3.19451 -9.43967 18.2058 -0.00103281 0.034232 -0.0939527 
qwerty 261 259 0 0.114101 3.19197 -9.35556 17.975 -0.00103281 0.034232 -0.0939527 
qwerty 263 261 0.0751489 0 3.19588 -9.44265 18.2095 0.0278831 -0.0605753 0.0745196 
qwerty 181 5 0 9.62583 3.30016 -6.16609 13.075 -0.0072347 -0.0610585 0.078864 
qwerty 265 181 0.709079 1.78336 2.89562 -6.13248 13.5376 -0.0370784 0.0913052 0.0169869 
qwerty 265 181 0.502578 1.28078 2.89315 -5.82816 13.6399 -0.0291343 0.0858893 0.0421215 
qwerty 265 181 0.439399 0.841379 2.82097 -5.63643 13.7469 -0.0753168 0.0475684 0.0454383 
qwerty 265 181 0.0129241 0.828455 2.81587 -5.63321 13.75 -0.0742813 0.061076 -0.027423 
qwerty 265 181 0.0949652 0.73349 2.78139 -5.59658 13.7473 -0.0487155 0.0862502 -0.0137004 
qwerty 265 181 0.0720661 0.661424 2.76152 -5.55006 13.748 -0.0448313 0.0893503 -0.0025835 
qwerty 265 181 0.0801531 0.581271 2.74187 -5.50844 13.7438 -0.00882083 0.0976537 -0.0196456 
qwerty 265 181 0.432441 0.14883 2.7275 -5.46429 13.7454 -0.0475907 0.0871768 -0.0116328 
qwerty 265 181 0.14883 0 2.71997 -5.4505 13.7435 -0.0475907 0.0871768 -0.0116328 
qwerty 267 265 0 0.805425 1.25 -5.85244 12.9529 -0.0973807 0.0177186 -0.0142494 
qwerty 267 265 0 0.805425 -1.25 -5.39756 12.587 -0.0973807 0.0177186 -0.0142494 
qwerty 267 265 0 0.805425 -1.33228 -5.38259 12.575 -0.0973807 0.0177186 -0.0142494 
qwerty 267 265 0 0.375229 -3.63655 -4.96333 12.2378 -0.00642701 0.0956494 -0.0284585 
qwerty 267 265 0 0.375229 -3.71284 -3.82789 11.9 -0.00642701 0.0956494 -0.0284585 
qwerty 268 267 0.291495 0.1387 -3.71689 -4.98617 12.237 -0.0962674 -0.0028828 -0.0269126 
qwerty 268 267 0.1387 0 -3.73042 -4.98658 12.2332 -0.0962674 -0.0028828 -0.0269126 
qwerty 180 5 0 0.78924 3.35608 -6.12331 13.075 0.00216409 -0.056897 0.0822074 
qwerty 180 5 0 0.78924 3.3609 -6.25 13.2581 0.00216409 -0.056897 0.0822074 
qwerty 180 5 0 0.78924 3.37385 -6.59048 13.75 0.00216409 -0.056897 0.0822074 
qwerty 180 5 0 0.78924 3.39162 -7.05766 14.425 0.00216409 -0.056897 0.0822074 
qwerty 180 5 0 0.78924 3.40939 -7.52484 15.1 0.00216409 -0.056897 0.0822074 
qwerty 180 5 0 0.78924 3.42716 -7.99202 15.775 0.00216409 -0.056897 0.0822074 
qwerty 180 5 0 0.78924 3.44493 -8.45919 16.45 0.00216409 -0.056897 0.0822074 
qwerty 180 5 0 0.78924 3.46269 -8.92637 17.125 0.00216409 -0.056897 0.0822074 
qwerty 180 5 0 0.78924 3.48046 -9.39355 17.8 0.00216409 -0.056897 0.0822074 
qwerty 180 5 0 0.78924 3.49823 -9.86073 18.475 0.00216409 -0.056897 0.0822074 
qwerty 180 5 0 0.78924 3.516 -10.3279 19.15 0.00216409 -0.056897 0.0822074 
qwerty 180 5 0 0.78924 3.53377 -10.7951 19.825 0.00216409 -0.056897 0.0822074 
qwerty 180 5 0 0.78924 3.55107 -11.25 20.4823 0.00216409 -0.056897 0.0822074 
qwerty 180 5 0 0.78924 3.55154 -11.2623 20.5 0.00216409 -0.056897 0.0822074 
qwerty 180 5 0 0.78924 3.56931 -11.7294 21.175 0.00216409 -0.056897 0.0822074 
qwerty 178 5 0 0.849013 3.36494 -6.08915 13.075 -0.00178132 -0.0552086 0.0833597 
qwerty 178 5 0 0.217556 2.60076 -4.55425 12.575 -0.039678 0.0852712 -0.0339775 
qwerty 177 5 0 0.35344 3.36558 -5.50295 12.2021 -0.00542482 0.0681648 0.0729667 
qwerty 177 5 0 0.35344 3.35086 -5.31807 12.4 -0.00542482 0.0681648 0.0729667 
qwerty 275 177 0.304155 0.0910198 3.36486 -5.5676 12.2385 -0.0671557 0.0740071 -0.0036136 
qwerty 275 177 0.0910198 0 3.36025 -5.56252 12.2382 -0.0671557 0.0740071 -0.0036136 
qwerty 176 5 0.00029101 0 3.32497 -5.15481 11.6018 0.025305 -0.0336927 0.0906888 
qwerty 277 176 0.00570244 0 3.32501 -5.15484 11.6018 0.0699718 -0.0640241 -0.0316996 
qwerty 175 5 0 74.6637 3.37795 -5.20128 11.725 0.0235448 -0.0341317 0.0909982 
qwerty 175 5 0 74.6637 3.5526 -5.45446 12.4 0.0235448 -0.0341317 0.0909982 
qwerty 175 5 0 74.6637 3.72725 -5.70764 13.075 0.0235448 -0.0341317 0.0909982 
qwerty 173 5 0 0.258285 3.22596 -4.95338 11.05 0.0295203 -0.0336831 0.0894092 
qwerty 172 5 0 3.44492 3.16214 -5.0024 11.05 0.0188808 -0.0417256 0.088896 
qwerty 172 5 0 3.44492 3.3055 -5.31923 11.725 0.0188808 -0.0417256 0.088896 
qwerty 172 5 0 3.44492 3.44886 -5.63606 12.4 0.0188808 -0.0417256 0.088896 
qwerty 172 5 0 3.44492 3.59223 -5.95288 13.075 0.0188808 -0.0417256 0.088896 
qwerty 172 5 0 3.44492 3.72667 -6.25 13.708 0.0188808 -0.0417256 0.088896 
qwerty 172 5 0 3.44492 3.73559 -6.26971 13.75 0.0188808 -0.0417256 0.088896 
qwerty 172 5 0 3.44492 3.87896 -6.58654 14.425 0.0188808 -0.0417256 0.088896 
qwerty 172 5 0 3.44492 4.02232 -6.90337 15.1 0.0188808 -0.0417256 0.088896 
qwerty 172 5 0 1.43823 4.09233 -7.05808 15.4296 0.0677498 -0.00281547 0.0734986 
qwerty 172 5 0 1.43823 4.4107 -7.07131 15.775 0.0677498 -0.00281547 0.0734986 
qwerty 172 5 0 1.43823 5.0329 -7.09717 16.45 0.0677498 -0.00281547 0.0734986 
qwerty 172 5 0 1.43823 5.6551 -7.12303 17.125 0.0677498 -0.00281547 0.0734986 
qwerty 172 5 0 1.43823 6.27731 -7.14888 17.8 0.0677498 -0.00281547 0.0734986 
qwerty 172 5 0 1.43823 6.89951 -7.17474 18.475 0.0677498 -0.00281547 0.0734986 
qwerty 172 5 0 1.43823 7.52172 -7.2006 19.15 0.0677498 -0.00281547 0.0734986 
qwerty 172 5 0 1.43823 8.14392 -7.22646 19.825 0.0677498 -0.00281547 0.0734986 
qwerty 172 5 0 1.43823 8.76612 -7.25231 20.5 0.0677498 -0.00281547 0.0734986 
qwerty 172 5 0 1.43823 9.38833 -7.27817 21.175 0.0677498 -0.00281547 0.0734986 
qwerty 172 5 0 1.43823 10.0105 -7.30403 21.85 0.0677498 -0.00281547 0.0734986 
qwerty 172 5 0 1.43823 10.6327 -7.32988 22.525 0.0677498 -0.00281547 0.0734986 
qwerty 172 5 0 1.43823 11.2549 -7.35574 23.2 0.0677498 -0.00281547 0.0734986 
qwerty 172 5 0 1.43823 11.8771 -7.3816 23.875 0.0677498 -0.00281547 0.0734986 
qwerty 172 5 0 1.43823 12.4993 -7.40745 24.55 0.0677498 -0.00281547 0.0734986 
qwerty 172 5 0 1.43823 13.1216 -7.43331 25.225 0.0677498 -0.00281547 0.0734986 
qwerty 172 5 0 1.43823 13.7438 -7.45917 25.9 0.0677498 -0.00281547 0.0734986 
qwerty 172 5 0 1.43823 14.366 -7.48502 26.575 0.0677498 -0.00281547 0.0734986 
qwerty 172 5 0 1.36589 14.8356 -7.46129 27.25 0.0535082 0.00464896 0.084352 
qwerty 172 5 0 1.11378 15.0388 -7.61656 27.925 0.0254195 -0.0239382 0.093706 
qwerty 172 5 0 0.858547 15.618 -7.74364 28.6 0.0703998 -0.0119959 0.0699998 
qwerty 172 5 0 0.858547 16.25 -7.85133 29.2284 0.0703998 -0.0119959 0.0699998 
qwerty 172 5 0 0.858547 16.2969 -7.85931 29.275 0.0703998 -0.0119959 0.0699998 
qwerty 172 5 0 0.858547 16.9757 -7.97499 29.95 0.0703998 -0.0119959 0.0699998 
qwerty 172 5 0 0.858547 17.6546 -8.09066 30.625 0.0703998 -0.0119959 0.0699998 
qwerty 171 73 0 0.281751 -5.36117 4.05249 15.1 0.0281292 0.0220373 0.0933976 
qwerty 168 77 0 0.510999 -0.159226 13.7424 19.15 0.0399619 0.0883498 0.0244409 
qwerty 168 77 0 0.510999 0.944429 16.1824 19.825 0.0399619 0.0883498 0.0244409 
qwerty 167 77 0 0.510999 -2.0804 9.49493 17.975 -0.0399619 -0.0883498 -0.0244409 
qwerty 167 77 0 0.510999 -2.41734 8.75 17.7689 -0.0399619 -0.0883498 -0.0244409 
qwerty 167 77 0 0.510999 -3.18406 7.05491 17.3 -0.0399619 -0.0883498 -0.0244409 
qwerty 167 77 0 0.160143 -3.25894 6.87915 16.8598 0.0714474 0.0467153 0.052086 
qwerty 167 77 0 0.160143 -2.8951 7.11704 17.125 0.0714474 0.0467153 0.052086 
qwerty 164 79 0 0.510999 -1.78241 6.25 10.648 -0.0350992 0.0914059 -0.0203225 
qwerty 164 79 0 0.510999 -1.95165 6.69074 10.55 -0.0350992 0.0914059 -0.0203225 
qwerty 164 79 0 0.475794 -2.39914 8.00319 9.875 -0.0249258 0.0794123 -0.0554291 
qwerty 164 79 0 0.475794 -2.63354 8.75 9.35374 -0.0249258 0.0794123 -0.0554291 
qwerty 164 79 0 0.475794 -2.70268 8.97025 9.2 -0.0249258 0.0794123 -0.0554291 
qwerty 164 79 0 0.244208 -2.866 9.49059 8.83681 -0.0823708 0.0106858 0.0556854 
qwerty 164 79 0 0.244208 -3.14438 9.52671 9.025 -0.0823708 0.0106858 0.0556854 
qwerty 163 79 0 1.25699 -0.711236 5.19288 11.725 0.0268867 0.0812227 0.0517685 
qwerty 163 79 0 1.25699 -0.361304 6.25 12.3988 0.0268867 0.0812227 0.0517685 
qwerty 163 79 0 1.25699 -0.360665 6.25193 12.4 0.0268867 0.0812227 0.0517685 
qwerty 163 79 0 1.25699 -0.0100932 7.31098 13.075 0.0268867 0.0812227 0.0517685 
qwerty 163 79 0 1.25699 0.340478 8.37003 13.75 0.0268867 0.0812227 0.0517685 
qwerty 163 79 0 0.750947 0.392289 8.71919 14.425 -0.00136711 0.0288165 0.0957483 
qwerty 163 79 0 0.750947 0.382652 8.92234 15.1 -0.00136711 0.0288165 0.0957483 
qwerty 163 79 0 0.750947 0.373014 9.12548 15.775 -0.00136711 0.0288165 0.0957483 
qwerty 162 122 0 0.627995 1.04804 8.21759 31.975 -0.0044159 -0.0463163 0.0885172 
qwerty 162 122 0 0.627995 1.01437 7.8644 32.65 -0.0044159 -0.0463163 0.0885172 
qwerty 161 122 0 1.55045 1.13247 7.72842 30.8 0.00551725 -0.0810462 -0.0583187 
qwerty 161 122 0 1.55045 1.19633 6.79037 30.125 0.00551725 -0.0810462 -0.0583187 
qwerty 161 122 0 1.55045 1.23311 6.25 29.7362 0.00551725 -0.0810462 -0.0583187 
qwerty 161 122 0 1.55045 1.26018 5.85231 29.45 0.00551725 -0.0810462 -0.0583187 
qwerty 157 125 0 0.510999 -1.68973 7.64872 17.8 -0.060768 0.0365387 0.0705137 
qwerty 157 125 0 0.510999 -2.27144 7.99849 18.475 -0.060768 0.0365387 0.0705137 
qwerty 157 125 0 0.510999 -2.85315 8.34826 19.15 -0.060768 0.0365387 0.0705137 
qwerty 157 125 0 0.426249 -3.01566 8.47882 19.825 -0.0100527 0.0119268 0.098776 
qwerty 157 125 0 0.426249 -3.08435 8.56032 20.5 -0.0100527 0.0119268 0.098776 
qwerty 157 125 0 0.426249 -3.15305 8.64183 21.175 -0.0100527 0.0119268 0.098776 
qwerty 157 125 0 0.29916 -3.07666 8.75 21.3912 0.061973 0.0616701 0.0485402 
qwerty 157 125 0 0.29916 -2.49091 9.33289 21.85 0.061973 0.0616701 0.0485402 
qwerty 155 125 0 1.03706 -3.59068 7.86174 17.8 -0.0954954 0.0200126 0.0219119 
qwerty 155 125 0 1.0127 -5.70276 8.05898 18.475 -0.0947124 0.00771558 0.0311452 
qwerty 153 125 0 1.36924 -0.903204 7.87002 17.8 0.040156 0.0645228 0.0649947 
qwerty 153 125 0 1.08661 0.0913162 8.51123 18.475 0.075591 0.0449458 0.0476012 
qwerty 153 125 0 1.08661 0.492883 8.75 18.7279 0.075591 0.0449458 0.0476012 
qwerty 153 125 0 1.08661 1.16322 9.14858 19.15 0.075591 0.0449458 0.0476012 
qwerty 153 125 0 1.08661 2.23513 9.78592 19.825 0.075591 0.0449458 0.0476012 
qwerty 153 125 0 1.08661 3.30703 10.4233 20.5 0.075591 0.0449458 0.0476012 
qwerty 153 125 0 1.08661 3.75 10.6867 20.7789 0.075591 0.0449458 0.0476012 
qwerty 153 125 0 0.456247 3.91174 10.7828 20.8808 0.0853338 -0.0118043 -0.0507818 
qwerty 153 125 0 0.456247 4.25757 10.735 20.675 0.0853338 -0.0118043 -0.0507818 
qwerty 153 125 0 0.456247 5.39184 10.5781 20 0.0853338 -0.0118043 -0.0507818 
qwerty 151 125 0 0.00392054 -1.25 7.28883 17.0847 -0.0251787 0.0390671 0.0885426 
qwerty 151 125 0.00029101 0 -1.2577 7.30077 17.1118 -0.0251787 0.0390671 0.0885426 
qwerty 150 125 0 1.09491 -1.1807 7.2589 17.125 0.00808207 0.0377272 0.0922569 
qwerty 150 125 0 1.09491 -1.12156 7.53493 17.8 0.00808207 0.0377272 0.0922569 
qwerty 150 125 0 1.09491 -1.06243 7.81097 18.475 0.00808207 0.0377272 0.0922569 
qwerty 150 125 0 1.09491 -1.0033 8.087 19.15 0.00808207 0.0377272 0.0922569 
qwerty 150 125 0 1.09491 -0.944165 8.36303 19.825 0.00808207 0.0377272 0.0922569 
qwerty 150 125 0 1.09491 -0.885032 8.63906 20.5 0.00808207 0.0377272 0.0922569 
qwerty 150 125 0 0.738035 -0.258563 9.12679 21.175 0.0657791 0.0467612 0.0590466 
qwerty 149 142 0 0.510999 -2.91038 2.31887 9.2 0.00694866 -0.0520009 -0.085133 
qwerty 148 142 0 0.510999 -3.00629 3.03658 10.375 -0.00694866 0.0520009 0.085133 
qwerty 148 142 0 0.510999 -3.06138 3.44889 11.05 -0.00694866 0.0520009 0.085133 
qwerty 147 142 0 0.305416 -2.69716 2.72164 10.375 0.0430644 0.00408436 0.0901597 
qwerty 147 142 0 0.305416 -2.37475 2.75222 11.05 0.0430644 0.00408436 0.0901597 
qwerty 144 142 0 3.22671 -3.04382 2.63271 9.7 -0.0888026 -0.0211526 0.0408248 
qwerty 279 175 1.05063 3.87892 3.45686 -5.60158 13.729 -0.0890331 0.0217653 0.0399922 
qwerty 279 175 0.0754614 3.80346 3.41014 -5.59016 13.75 -0.0919883 0.0129997 0.0370021 
qwerty 279 175 0.809949 2.57672 3.14396 -5.89096 13.4175 -0.048956 -0.0628062 -0.0604872 
qwerty 279 175 0.347815 2.19164 3.01651 -6.00396 13.2735 -0.0907215 -0.0392889 -0.0150331 
qwerty 279 175 0.294867 1.89678 2.87475 -6.06536 13.25 -0.0598826 -0.0796244 -0.00860451 
qwerty 279 175 0.399606 1.43153 2.77041 -6.25 13.3219 -0.025127 -0.09295 0.0269987 
qwerty 279 175 0.421978 1.00955 2.69295 -6.45415 13.416 -0.00238152 -0.0960981 0.0275586 
qwerty 279 175 0.385018 0.624533 2.66902 -6.625 13.5232 -0.0147484 -0.0809048 0.0568938 
qwerty 279 175 0.348927 0.275606 2.61791 -6.66203 13.6837 -0.0486482 -0.0747684 0.0452 
qwerty 279 175 0.275606 0 2.59716 -6.69392 13.703 -0.0486482 -0.0747684 0.0452 
qwerty 279 175 0 0 2.59716 -6.69392 13.703 -0.0486482 -0.0747684 0.0452 
qwerty 242 187 0.663303 2.10679 4.23678 -8.31782 14.8402 -0.0132006 -0.0880666 0.0454974 
qwerty 242 187 0.792325 1.31447 4.17352 -8.65766 14.9104 0.0193928 -0.0972488 -0.0129065 
qwerty 242 187 0.172813 1.14165 4.19193 -8.75 14.8982 0.0658457 -0.0724443 -0.0204003 
qwerty 242 187 0.176768 0.964884 4.28192 -8.81461 14.8355 0.0977101 -0.0155913 -0.0144792 
qwerty 242 187 0.193579 0.627697 4.38643 -8.83583 14.8355 0.0997304 -0.0060534 0.00414795 
qwerty 242 187 0.257145 0.370552 4.49339 -8.91253 14.8604 0.060936 -0.0342401 0.0715151 
qwerty 242 187 0.330187 0.040365 4.53457 -8.93567 14.9088 0.0437343 0.0532752 -0.0724504 
qwerty 242 187 0.040365 0 4.53527 -8.93482 14.9076 0.0437343 0.0532752 -0.0724504 
qwerty 242 187 0 0 4.53527 -8.93482 14.9076 0.0437343 0.0532752 -0.0724504 
qwerty 219 197 0.000609027 5.46084 -3.28697 5.18628 17.9755 -0.0843565 0.00546113 0.0534243 
qwerty 219 197 0.823221 4.63762 -3.75 5.21625 18.2687 -0.0965406 -0.00944336 0.0243051 
qwerty 219 197 1.31703 3.32059 -4.38591 5.17768 18.3841 -0.0961854 -0.0265361 0.00664845 
qwerty 219 197 0.569986 2.74745 -4.60117 5.14913 18.3696 -0.095424 0.0185843 0.0234283 
qwerty 219 197 0.651968 2.09548 -5.00088 5.23181 18.4623 -0.0966246 0.0197453 -0.0165472 
qwerty 219 197 0.643814 1.45167 -5.31974 5.28236 18.3409 -0.0768989 0.0357403 -0.0530018 
qwerty 219 197 0.410889 1.04078 -5.45483 5.44646 18.1648 -0.0322304 0.049437 -0.0807291 
qwerty 219 197 0.465393 0.575383 -5.5125 5.56995 18.0171 0.0213148 0.0743914 -0.0633372 
qwerty 219 197 0.128207 0.447176 -5.49833 5.61939 17.975 -0.0540365 0.0532729 -0.0651311 
qwerty 219 197 0.0189029 0.38947 -5.51047 5.62286 17.981 -0.0867854 0.00338215 0.0495667 
qwerty 219 197 0.0274325 0.362037 -5.52081 5.62354 17.9842 -0.0871314 0.0132917 0.0472382 
qwerty 219 197 0.0190608 0.342977 -5.52903 5.62256 17.9893 -0.0771976 0.0177517 0.0610361 
qwerty 219 197 0.0231286 0.319848 -5.5381 5.62671 17.9956 -0.0814892 0.0453357 0.0361136 
qwerty 219 197 0.164071 0.155777 -5.54794 5.63325 18.0021 -0.0401948 0.000600357 0.0915643 
qwerty 219 197 0.0565039 0.0992727 -5.55767 5.63268 18.0126 0.0236339 -0.04558 0.0858132 
qwerty 219 197 0.0992727 0 -5.55583 5.62913 18.0192 0.0236339 -0.04558 0.0858132 
qwerty 219 197 0 0 -5.55583 5.62913 18.0192 0.0236339 -0.04558 0.0858132 
qwerty 352 219 0.32702 1.04828 -3.34843 5.16723 18.1561 0.0237438 -0.0222848 0.0945496 
qwerty 352 219 0.327666 0.720614 -3.36501 5.16713 18.3381 -0.0772337 -0.0483945 0.0411453 
qwerty 352 219 0.34307 0.377543 -3.44566 5.10396 18.4668 -0.0485056 0.051682 0.070542 
qwerty 352 219 0.0235131 0.35403 -3.4513 5.10996 18.475 -0.0647712 -0.0384078 0.0657992 
qwerty 336 144 0.0767602 0.755579 -3.23754 2.48211 9.91505 0.0430856 -0.0284211 0.0856497 
qwerty 336 144 0.118659 0.63692 -3.22868 2.45158 9.97151 0.0270416 -0.0936519 -0.0223176 
qwerty 336 144 0.0933707 0.543549 -3.22829 2.3956 9.9478 -0.0423408 -0.0905927 0.000473553 
qwerty 336 144 0.203975 0.339575 -3.25979 2.35301 9.96106 -0.0446506 -0.0894505 -0.00222149 
qwerty 336 144 0.11526 0.224315 -3.3007 2.325 9.93805 -0.0440738 -0.0704193 -0.0556653 
qwerty 336 144 0.224315 0 -3.31433 2.30322 9.92084 -0.0440738 -0.0704193 -0.0556653 
qwerty 325 151 0.00362953 0 -1.25768 7.30078 17.1118 0.0891487 0.0443387 0.00930499 
qwerty 321 153 0.184351 0.446011 3.92495 10.8618 20.935 0.0424706 0.0898739 -0.0109051 
qwerty 321 153 0.393345 0.0526664 3.96217 10.9406 20.9255 0.00829285 0.0682045 0.0726593 
qwerty 321 153 0.0526664 0 3.96239 10.9424 20.9274 0.00829285 0.0682045 0.0726593 
qwerty 305 162 0.0207515 0.396557 1.02424 7.86012 32.6454 0.0909551 -0.031059 -0.0276137 
qwerty 305 162 0.0169879 0.37957 1.03252 7.85639 32.6408 0.0790046 0.00549018 -0.0610585 
qwerty 305 162 0.0176208 0.361949 1.03907 7.85681 32.634 0.0826539 0.0017903 -0.0562595 
qwerty 305 162 0.0190501 0.342899 1.0457 7.85746 32.6278 0.0779301 -0.0122118 -0.0614636 
qwerty 305 162 0.0216895 0.321209 1.05446 7.85775 32.6191 0.0772023 -0.0170103 -0.0612409 
qwerty 305 162 0.0360605 0.285149 1.07108 7.85464 32.6131 0.0781321 -0.0592993 -0.019467 
qwerty 305 162 0.0450837 0.240065 1.08997 7.85012 32.6096 0.0877409 -0.0225678 0.0423347 
qwerty 305 162 0.0455571 0.194508 1.10701 7.8373 32.6127 0.0870759 -0.0375054 0.0317984 
qwerty 305 162 0.0619415 0.132566 1.12526 7.83937 32.6136 0.0768273 -0.0263711 -0.0583278 
qwerty 305 162 0.132566 0 1.13527 7.83593 32.606 0.0768273 -0.0263711 -0.0583278 
qwerty 301 164 0.231587 0 -2.86101 9.51184 8.81266 0.0153228 0.0652819 -0.0741855 
qwerty 294 167 0.182065 0 -3.26606 6.87143 16.8404 -0.0322572 -0.0349587 -0.0879623 
qwerty 282 172 0.601537 1.40515 3.97206 -7.21938 15.6963 -0.0168159 -0.0563547 0.0808788 
qwerty 282 172 0.154104 1.25105 3.95571 -7.27418 15.775 -0.0182696 -0.0469458 0.0863847 
qwerty 278 175 0.207053 29.4816 3.79389 -5.82386 13.381 0.0301106 -0.0332938 0.0893581 
qwerty 278 175 0.606529 28.8751 3.91822 -5.96133 13.75 0.0315679 -0.0342933 0.0884728 
qwerty 278 175 0.221598 8.80873 3.75 -6.08731 14.045 -0.0568652 0.0250974 0.0783356 
qwerty 278 175 0.174721 8.62392 3.67461 -6.0606 14.1453 -0.0544564 0.0146444 0.0825835 
qwerty 278 175 0.533256 8.09066 3.49019 -6.011 14.425 -0.0644146 0.0101254 0.0758172 
qwerty 372 278 0 1.89269 3.67112 -5.53781 15.1 0.0257414 0.0563629 0.0784895 
qwerty 372 278 0 1.89269 3.75 -5.36509 15.3405 0.0257414 0.0563629 0.0784895 
qwerty 372 278 0 1.89269 3.89249 -5.0531 15.775 0.0257414 0.0563629 0.0784895 
qwerty 370 278 0.00029101 0 3.64936 -6.05108 14.1887 -0.049402 0.0186166 0.0849286 
qwerty 378 370 0.00980377 0 3.64947 -6.05116 14.1887 0.0822452 -0.0555602 0.012198 
qwerty 381 379 0 2.06152 3.02465 -7.3599 14.425 -0.0511411 -0.077692 0.0367224 
qwerty 381 379 0 1.29929 2.6227 -7.97054 14.7136 -0.0581039 -0.037642 0.0721597 
qwerty 381 379 0 1.29929 2.31159 -8.17209 15.1 -0.0581039 -0.037642 0.0721597 
qwerty 381 379 0 0.963436 1.62455 -8.1572 15.775 -0.0728442 0.0123777 0.0673833 
qwerty 381 379 0 0.963436 0.894843 -8.03321 16.45 -0.0728442 0.0123777 0.0673833 
qwerty 381 379 0 0.963436 0.16514 -7.90922 17.125 -0.0728442 0.0123777 0.0673833 
qwerty 381 379 0 0.963436 -0.564563 -7.78522 17.8 -0.0728442 0.0123777 0.0673833 
qwerty 381 379 0 0.888886 -1.25 -7.65135 18.1331 -0.0887628 0.0173649 0.042657 
qwerty 381 379 0 0.888886 -1.96144 -7.51217 18.475 -0.0887628 0.0173649 0.042657 
qwerty 381 379 0 0.888886 -3.36601 -7.23739 19.15 -0.0887628 0.0173649 0.042657 
qwerty 382 381 0.108316 0.653906 2.60122 -8.02481 14.6958 -0.0335961 -0.0834728 -0.0436301 
qwerty 382 381 0.0938003 0.560106 2.57625 -8.06504 14.6825 -0.031642 -0.0938266 -0.0139767 
qwerty 382 381 0.0894251 0.470681 2.53992 -8.10749 14.6809 -0.0308086 -0.0484355 0.0818831 
qwerty 382 381 0.0647659 0.405915 2.54307 -8.12989 14.7167 0.0151302 -0.0986895 0.00560958 
qwerty 382 381 0.144954 0.260961 2.58195 -8.18403 14.7346 0.0509183 -0.0855137 0.00973351 
qwerty 382 381 0.260961 0 2.60197 -8.21766 14.7384 0.0509183 -0.0855137 0.00973351 
qwerty 366 278 0 0.7357 4.0356 -6.57343 14.425 0.0112571 -0.0693697 0.0711416 
qwerty 366 278 0 0.7357 4.14241 -7.23161 15.1 0.0112571 -0.0693697 0.0711416 
qwerty 366 278 0 0.289581 3.76915 -6.19322 15.775 -0.0297416 0.0842425 0.0449292 
qwerty 366 278 0 0.289581 3.32232 -4.92759 16.45 -0.0297416 0.0842425 0.0449292 
qwerty 366 278 0 0.234245 3.75 -4.40394 17.0954 0.0518097 0.0508227 0.0687954 
qwerty 366 278 0 0.234245 3.7723 -4.38207 17.125 0.0518097 0.0508227 0.0687954 
qwerty 366 278 0 0.234245 4.43749 -4.04526 17.8 0.0687846 0.0295332 0.0663058 
qwerty 364 278 0 10.4156 4.05322 -6.27144 14.425 0.0170639 -0.0420791 0.0890964 
qwerty 364 278 0 10.4156 4.18249 -6.59023 15.1 0.0170639 -0.0420791 0.0890964 
qwerty 364 278 0 10.4156 4.31177 -6.90903 15.775 0.0170639 -0.0420791 0.0890964 
qwerty 364 278 0 10.4156 4.44105 -7.22782 16.45 0.0170639 -0.0420791 0.0890964 
qwerty 364 278 0 10.4156 4.57033 -7.54661 17.125 0.0170639 -0.0420791 0.0890964 
qwerty 364 278 0 10.4156 4.6996 -7.86541 17.8 0.0170639 -0.0420791 0.0890964 
qwerty 364 278 0 10.4156 4.82888 -8.1842 18.475 0.0170639 -0.0420791 0.0890964 
qwerty 364 278 0 10.4156 4.95816 -8.503 19.15 0.0170639 -0.0420791 0.0890964 
qwerty 364 278 0 10.4156 5.08743 -8.82179 19.825 0.0170639 -0.0420791 0.0890964 
qwerty 364 278 0 10.4156 5.21671 -9.14058 20.5 0.0170639 -0.0420791 0.0890964 
qwerty 392 364 0.972742 3.40442 5.45769 -8.78313 21.1283 -0.0756443 0.0572348 -0.0316562 
qwerty 392 364 0.862438 2.54198 5.16763 -8.44739 20.8684 -0.0463002 0.0781203 -0.0418749 
qwerty 392 364 0.720453 1.82153 4.9641 -8.16037 20.6978 -0.054296 0.0373163 -0.0752292 
qwerty 392 364 0.0329467 1.78858 4.94763 -8.14906 20.675 -0.0557215 0.0374265 -0.0741241 
qwerty 392 364 0.314612 1.1233 4.99513 -7.98645 20.7778 0.0161829 0.019358 0.0967646 
qwerty 392 364 0.388135 0.73517 5.04549 -8.01641 20.9835 -0.0614572 0.00973993 -0.0782825 
qwerty 392 364 0.358973 0.376198 5.02644 -7.95938 20.8159 -0.0578781 0.0344382 -0.0739198 
qwerty 392 364 0.374151 0.00204688 4.98648 -7.9356 20.7649 0.0835363 -0.0272484 0.0477411 
qwerty 392 364 0.00204688 0 4.98649 -7.9356 20.7649 0.0835363 -0.0272484 0.0477411 
qwerty 394 392 0 0.208285 5.55926 -9.07473 21.175 0.0533702 0.0154799 0.0831384 
qwerty 363 278 0 0.267379 3.93003 -5.96712 13.75 0.0325268 -0.0342259 0.088151 
qwerty 362 278 0 1.35478 3.81131 -5.95733 13.75 0.0113324 -0.0343973 0.0932116 
qwerty 362 278 0 1.35478 3.89338 -6.20642 14.425 0.0113324 -0.0343973 0.0932116 
qwerty 362 278 0 1.07013 3.91552 -6.27362 14.6071 0.0534771 -0.0265366 0.0802248 
qwerty 362 278 0 1.07013 4.24408 -6.43666 15.1 0.0534771 -0.0265366 0.0802248 
qwerty 362 278 0 1.07013 4.69403 -6.65993 15.775 0.0534771 -0.0265366 0.0802248 
qwerty 362 278 0 1.07013 5.14397 -6.88321 16.45 0.0534771 -0.0265366 0.0802248 
qwerty 362 278 0 1.07013 5.59392 -7.10648 17.125 0.0534771 -0.0265366 0.0802248 
qwerty 362 278 0 1.07013 6.04387 -7.32976 17.8 0.0534771 -0.0265366 0.0802248 
qwerty 362 278 0 1.07013 6.25 -7.43204 18.1092 0.0534771 -0.0265366 0.0802248 
qwerty 362 278 0 1.07013 6.49382 -7.55303 18.475 0.0534771 -0.0265366 0.0802248 
qwerty 362 278 0 0.404145 5.71683 -8.75 19.0357 -0.0517965 -0.0779068 0.0353221 
qwerty 362 278 0 0.404145 5.54927 -9.00203 19.15 -0.0517965 -0.0779068 0.0353221 
qwerty 397 362 0.0111134 0.273543 3.91245 -6.27549 14.6104 -0.0611525 -0.0595639 0.0520818 
qwerty 397 362 0.0118099 0.261733 3.90818 -6.28034 14.6127 -0.0664076 -0.0569529 0.0484396 
qwerty 397 362 0.0121483 0.249585 3.9039 -6.28515 14.6159 -0.0809225 -0.0201372 0.055191 
qwerty 397 362 0.0179876 0.231597 3.89474 -6.28695 14.619 -0.0835768 -0.0328018 0.0440336 
qwerty 397 362 0.0219173 0.20968 3.88601 -6.29159 14.6245 -0.0429166 -0.0350575 0.0832415 
qwerty 397 362 0.0382785 0.171401 3.88532 -6.29342 14.641 0.00104742 -0.0315174 0.0948976 
qwerty 397 362 0.171401 0 3.88553 -6.29971 14.6599 0.00104742 -0.0315174 0.0948976 
qwerty 361 278 0 6.14007 3.81737 -5.9423 13.75 0.0124138 -0.0321843 0.093862 
qwerty 361 278 0 6.14007 3.90664 -6.17375 14.425 0.0124138 -0.0321843 0.093862 
qwerty 361 278 0 6.14007 3.93605 -6.25 14.6474 0.0124138 -0.0321843 0.093862 
qwerty 361 278 0 6.14007 3.99592 -6.4052 15.1 0.0124138 -0.0321843 0.093862 
qwerty 401 361 1.14141 3.54051 4.09737 -6.49792 15.775 0.00166839 0.0162504 0.0986567 
qwerty 403 401 0 0.377323 3.75 -5.94702 15.7377 -0.0571406 0.0809691 -0.0133773 
qwerty 403 401 0 0.377323 1.77338 -3.14612 15.275 -0.0571406 0.0809691 -0.0133773 
qwerty 405 360 0.9803 14.2598 3.55586 -5.79734 13.75 -0.048739 -0.00512763 0.0871677 
qwerty 405 360 1.07243 3.59932 3.50556 -5.37556 14.425 0.054875 0.0317282 0.0773437 
qwerty 409 405 0 0.855303 2.90212 -3.68855 14.183 -0.060605 0.0790495 -0.00884386 
qwerty 409 405 0 0.855303 1.25 -1.53362 13.9419 -0.060605 0.0790495 -0.00884386 
qwerty 409 405 0 0.855303 1.13442 -1.38286 13.925 -0.060605 0.0790495 -0.00884386 
qwerty 410 409 0.184397 0 2.91452 -3.67332 14.194 0.0550568 0.0675995 0.0489802 
qwerty 408 405 0 2.06275 2.77345 -5.3 14.425 -0.0678173 0.0475345 0.0560472 
qwerty 408 405 0 2.06275 1.9567 -4.72752 15.1 -0.0678173 0.0475345 0.0560472 
qwerty 408 405 0 2.06275 1.25 -4.23218 15.6841 -0.0678173 0.0475345 0.0560472 
qwerty 408 405 0 2.06275 1.13995 -4.15504 15.775 -0.0678173 0.0475345 0.0560472 
qwerty 408 405 0 2.06275 0.56208 -3.75 16.2526 -0.0678173 0.0475345 0.0560472 
qwerty 408 405 0 2.06275 0.323199 -3.58256 16.45 -0.0678173 0.0475345 0.0560472 
qwerty 408 405 0 2.06275 -0.493553 -3.01008 17.125 -0.0678173 0.0475345 0.0560472 
qwerty 408 405 0 2.06275 -1.31031 -2.43761 17.8 -0.0678173 0.0475345 0.0560472 
qwerty 408 405 0 2.06275 -2.12706 -1.86513 18.475 -0.0678173 0.0475345 0.0560472 
qwerty 408 405 0 2.06275 -2.94381 -1.29265 19.15 -0.0678173 0.0475345 0.0560472 
qwerty 408 405 0 2.06275 -3.75 -0.727572 19.8163 -0.0678173 0.0475345 0.0560472 
qwerty 408 405 0 2.06275 -3.76056 -0.720169 19.825 -0.0678173 0.0475345 0.0560472 
qwerty 408 405 0 2.06275 -4.57731 -0.147691 20.5 -0.0678173 0.0475345 0.0560472 
qwerty 408 405 0 2.06275 -5.39406 0.424788 21.175 -0.0678173 0.0475345 0.0560472 
qwerty 408 405 0 2.06275 -6.21082 0.997267 21.85 -0.0678173 0.0475345 0.0560472 
qwerty 408 405 0 2.06275 -7.02757 1.56975 22.525 -0.0678173 0.0475345 0.0560472 
qwerty 408 405 0 2.06275 -7.84432 2.14222 23.2 -0.0678173 0.0475345 0.0560472 
qwerty 416 412 0 0.210963 -6.50447 2.34201 22.7 0.0928801 0.0109393 -0.0354065 
qwerty 407 405 0 1.68967 2.76129 -5.62462 14.425 -0.0773964 0.0170207 0.0609925 
qwerty 407 405 0 1.68967 1.90475 -5.43625 15.1 -0.0773964 0.0170207 0.0609925 
qwerty 407 405 0 1.68967 1.25 -5.29226 15.616 -0.0773964 0.0170207 0.0609925 
qwerty 407 405 0 1.68967 1.04821 -5.24788 15.775 -0.0773964 0.0170207 0.0609925 
qwerty 407 405 0 1.68967 0.191671 -5.05952 16.45 -0.0773964 0.0170207 0.0609925 
qwerty 407 405 0 1.68967 -0.664869 -4.87115 17.125 -0.0773964 0.0170207 0.0609925 
qwerty 420 419 0 0.287381 0.0279397 -3.75 17.4967 0.0589876 0.0783635 0.019484 
qwerty 420 419 0 0.287381 0.946084 -2.53027 17.8 0.0589876 0.0783635 0.019484 
qwerty 358 208 0 0.510999 -2.09163 4.23955 17.8 0.0722354 -0.0603752 0.0337175 
qwerty 358 208 0 0.510999 -1.25 3.5361 18.1929 0.0722354 -0.0603752 0.0337175 
qwerty 358 208 0 0.510999 -0.645535 3.03088 18.475 0.0722354 -0.0603752 0.0337175 
qwerty 355 219 0 0.510999 -4.13796 8.09797 18.475 0.0491757 0.0856265 0.0158068 
qwerty 354 219 0 0.510999 -5.69348 5.38943 17.975 -0.0491757 -0.0856265 -0.0158068 
qwerty 354 219 0 0.379975 -6.25 5.04673 18.1435 -0.086552 -0.0336562 0.0370947 
qwerty 354 219 0 0.379975 -7.02356 4.74593 18.475 -0.086552 -0.0336562 0.0370947 
qwerty 353 219 0.00029101 0 -4.62696 5.15227 18.3879 -0.0811395 0.00988097 0.0576086 
qwerty 430 353 0.00286821 0 -4.62697 5.15228 18.3879 -0.0368117 0.049349 -0.0788008 
qwerty 351 219 0 12.9545 -3.48935 5.38727 18.475 -0.0347704 0.0346404 0.0871267 
qwerty 351 219 0 12.9545 -3.75872 5.65564 19.15 -0.0347704 0.0346404 0.0871267 
qwerty 351 219 0 12.9545 -4.0281 5.92401 19.825 -0.0347704 0.0346404 0.0871267 
qwerty 351 219 0 12.9545 -4.29748 6.19238 20.5 -0.0347704 0.0346404 0.0871267 
qwerty 351 219 0 12.9545 -4.56686 6.46075 21.175 -0.0347704 0.0346404 0.0871267 
qwerty 351 219 0 12.9545 -4.83624 6.72913 21.85 -0.0347704 0.0346404 0.0871267 
qwerty 351 219 0 12.9545 -5.10562 6.9975 22.525 -0.0347704 0.0346404 0.0871267 
qwerty 351 219 0 12.9545 -5.375 7.26587 23.2 -0.0347704 0.0346404 0.0871267 
qwerty 351 219 0 12.9545 -5.64437 7.53424 23.875 -0.0347704 0.0346404 0.0871267 
qwerty 351 219 0 12.9545 -5.91375 7.80261 24.55 -0.0347704 0.0346404 0.0871267 
qwerty 351 219 0 12.9545 -6.18313 8.07098 25.225 -0.0347704 0.0346404 0.0871267 
qwerty 351 219 0 12.9545 -6.45251 8.33935 25.9 -0.0347704 0.0346404 0.0871267 
qwerty 351 219 0 12.9545 -6.72189 8.60772 26.575 -0.0347704 0.0346404 0.0871267 
qwerty 350 229 0 0.242185 -2.70163 5.88536 17.8 0.0583917 -0.00103722 0.0811747 
qwerty 349 229 0 0.510999 -1.6108 2.83262 16.625 0.0427885 -0.088498 -0.0183644 
qwerty 348 242 0 0.321711 4.6277 -8.79366 15.0835 -0.0647583 0.065979 0.0381199 
qwerty 348 242 0 0.321711 4.59959 -8.76501 15.1 -0.0647583 0.065979 0.0381199 
qwerty 440 348 0.0444971 0.144791 4.63752 -8.79483 15.0862 0.0698992 0.0132847 0.0702682 
qwerty 440 348 0.0369627 0.107828 4.64121 -8.79668 15.0921 0.015433 0.00476669 0.0986869 
qwerty 440 348 0.0211097 0.0867188 4.64106 -8.79714 15.0964 0.0260996 -0.00523115 0.0963921 
qwerty 440 348 0.00990982 0.076809 4.64152 -8.79774 15.0985 0.0386156 -0.0726034 0.0568997 
qwerty 440 348 0.0122268 0.0645822 4.642 -8.79917 15.0998 0.067497 -0.0679076 0.0288569 
qwerty 440 348 0.00211335 0.0624688 4.64235 -8.79953 15.1 0.0646282 -0.0696127 0.0312614 
qwerty 440 348 0.00607638 0.0555675 4.64261 -8.7997 15.0998 0.0321657 -0.0532601 -0.0782862 
qwerty 440 348 0.0018926 0.0536749 4.64271 -8.79982 15.0995 0.0200453 -0.0371057 -0.0906717 
qwerty 440 348 0.00184151 0.0518334 4.64282 -8.79998 15.0992 0.0273701 -0.0457149 -0.0846228 
qwerty 440 348 0.00340278 0.0484307 4.64284 -8.80018 15.0987 0.00926209 -0.0149924 -0.098435 
qwerty 440 348 0.00554397 0.0428867 4.64304 -8.80004 15.0979 -0.025915 0.0409138 -0.0874899 
qwerty 440 348 0.00776364 0.035123 4.64234 -8.80007 15.0968 -0.0179877 0.0362975 -0.0914272 
qwerty 440 348 0.035123 0 4.6421 -8.79961 15.0957 -0.0179877 0.0362975 -0.0914272 
qwerty 347 242 0 0.510999 4.37356 -9.18179 14.6 -0.0379285 -0.0579266 -0.0721522 
qwerty 347 242 0 0.510999 4.01873 -9.72371 13.925 -0.0379285 -0.0579266 -0.0721522 
qwerty 347 242 0 0.510999 3.6639 -10.2656 13.25 -0.0379285 -0.0579266 -0.0721522 
qwerty 346 242 0 0.143609 4.47623 -8.75 14.9072 0.0625957 0.0598278 0.0500242 
qwerty 346 242 0 0.143609 4.71746 -8.51944 15.1 0.0625957 0.0598278 0.0500242 
qwerty 345 242 0.00029101 0 4.18351 -8.45721 14.9471 -0.0290157 -0.0759187 0.0582618 
qwerty 446 345 0.0181068 0 4.18374 -8.45744 14.9469 0.0582787 -0.0595536 -0.0552898 
qwerty 343 266 0 0.510999 4.20059 -7.5541 13.75 0.0553714 -0.0757204 0.0346474 
qwerty 343 266 0 0.510999 5.27934 -9.02929 14.425 0.0553714 -0.0757204 0.0346474 
qwerty 343 266 0 0.441642 6.25 -10.1088 14.2971 0.0673529 -0.0711835 -0.0199122 
qwerty 343 266 0 0.441642 7.50866 -11.439 13.925 0.0673529 -0.0711835 -0.0199122 
qwerty 343 266 0 0.441642 9.69526 -13.75 13.2786 0.0673529 -0.0711835 -0.0199122 
qwerty 343 266 0 0.441642 9.79184 -13.8521 13.25 0.0673529 -0.0711835 -0.0199122 
qwerty 342 279 0 0.510999 2.50463 -6.25 13.5121 -0.0188081 0.0902299 -0.038792 
qwerty 342 279 0 0.510999 2.37754 -5.6403 13.25 -0.0188081 0.0902299 -0.038792 
qwerty 342 279 0 0.510999 2.05027 -4.07025 12.575 -0.0188081 0.0902299 -0.038792 
qwerty 341 279 0 0.510999 2.61996 -6.80329 13.75 0.0188081 -0.0902299 0.038792 
qwerty 341 279 0 0.510999 2.94723 -8.37334 14.425 0.0188081 -0.0902299 0.038792 
qwerty 340 279 0 0.0372561 2.60486 -6.25 13.4459 -0.0807785 -0.0482796 0.0338218 
qwerty 340 279 0 0.0372561 1.87844 -6.68416 13.75 -0.0807785 -0.0482796 0.0338218 
qwerty 453 340 0.00143657 0.018002 1.87837 -6.68423 13.75 -0.044046 -0.0793858 -0.0419267 
qwerty 453 340 0.000504812 0.0174972 1.87836 -6.68427 13.7499 -0.0404483 -0.056014 -0.0722937 
qwerty 453 340 0.000980956 0.0165162 1.87833 -6.6843 13.7499 -0.0525626 -0.0638834 -0.056179 
qwerty 453 340 0.000594532 0.0159217 1.87831 -6.68434 13.7499 -0.0334794 -0.0937269 0.00971609 
qwerty 453 340 0.000880778 0.0150409 1.87827 -6.6844 13.7499 -0.066369 -0.0747771 -0.00188404 
qwerty 453 340 0.000760286 0.0142806 1.87823 -6.68446 13.7499 -0.071076 -0.0702837 0.00289816 
qwerty 453 340 0.00152563 0.012755 1.87818 -6.68449 13.7499 -0.0709482 -0.0701345 0.00689176 
qwerty 453 340 0.00101596 0.011739 1.87814 -6.68454 13.7499 -0.0780052 -0.0623716 0.00499676 
qwerty 453 340 0.00136017 0.0103789 1.8781 -6.6846 13.7499 -0.0734158 -0.0649036 0.0199411 
qwerty 453 340 0.00133306 0.00904579 1.87805 -6.68466 13.7499 -0.0861442 0.00562395 -0.0504732 
qwerty 453 340 0.00218868 0.0068571 1.87798 -6.68462 13.7498 -0.0340269 0.0817797 -0.0464139 
qwerty 453 340 0.0068571 0 1.87795 -6.68456 13.7498 -0.0340269 0.0817797 -0.0464139 
qwerty 339 279 0 0.308777 3.26301 -6.0484 13.75 -0.0676961 -0.00838855 0.0731223 
qwerty 337 279 0 4.46976 4.69813 -7.06897 12.575 0.0572207 -0.0733833 -0.0366153 
qwerty 337 279 0 4.46976 5.75299 -8.42179 11.9 0.0572207 -0.0733833 -0.0366153 
qwerty 337 279 0 0.778911 6.63791 -8.75 12.3809 0.0818264 -0.0245751 0.0519664 
qwerty 337 279 0 0.778911 6.66793 -8.75902 12.4 0.0818264 -0.0245751 0.0519664 
qwerty 337 279 0 0.778911 7.73079 -9.07823 13.075 0.0818264 -0.0245751 0.0519664 
qwerty 337 279 0 0.778911 8.79365 -9.39744 13.75 0.0818264 -0.0245751 0.0519664 
qwerty 337 279 0 0.778911 9.85651 -9.71665 14.425 0.0818264 -0.0245751 0.0519664 
qwerty 337 279 0 0.778911 10.9194 -10.0359 15.1 0.0818264 -0.0245751 0.0519664 
qwerty 337 279 0 0.778911 11.25 -10.1352 15.31 0.0818264 -0.0245751 0.0519664 
qwerty 337 279 0 0.778911 11.9822 -10.3551 15.775 0.0818264 -0.0245751 0.0519664 
qwerty 337 279 0 0.778911 13.0451 -10.6743 16.45 0.0818264 -0.0245751 0.0519664 
qwerty 432 351 0.103976 2.98266 -6.66419 8.75 26.7884 0.0245073 0.0680913 0.0690142 
qwerty 432 351 0.691346 1.61459 -6.45531 9.00105 27.0844 0.0852184 0.0473491 0.0222686 
qwerty 432 351 0.512702 1.10189 -6.21326 9.08011 27.2346 0.0594069 0.0769954 0.0232923 
qwerty 432 351 0.106081 0.995808 -6.17387 9.13117 27.25 0.0498727 0.0712512 0.0493556 
qwerty 432 351 0.0151646 0.316158 -6.15326 9.12864 27.2462 -0.00291055 -0.0581897 -0.0812741 
qwerty 432 351 0.0148394 0.301319 -6.15252 9.12523 27.2414 0.0219101 -0.0763481 -0.0607529 
qwerty 432 351 0.0108471 0.290472 -6.15104 9.12002 27.2372 0.0596896 -0.0796163 -0.00991915 
qwerty 432 351 0.0142878 0.276184 -6.14579 9.11394 27.2347 0.0375482 -0.0918867 -0.0121233 
qwerty 432 351 0.0126541 0.26353 -6.14443 9.1068 27.2333 0.00375726 -0.0998996 0.00244004 
qwerty 432 351 0.0207685 0.242761 -6.14575 9.09709 27.2359 -0.0552707 -0.0832375 -0.00408393 
qwerty 432 351 0.025313 0.217448 -6.14958 9.09022 27.2374 -0.0731366 -0.0541479 0.0414614 
qwerty 432 351 0.0330972 0.184351 -6.15626 9.08806 27.2406 -0.0633658 -0.0149479 0.0759034 
qwerty 432 351 0.0186422 0.165709 -6.16029 9.08774 27.2458 -0.0478056 0.0208829 0.0853143 
qwerty 432 351 0.0154409 0.150268 -6.16264 9.08877 27.25 -0.0416332 0.040062 0.0816193 
qwerty 459 432 0.198733 0.477988 -6.41782 9.06847 27.1473 0.0470725 0.0208353 0.0857326 
qwerty 459 432 0.138471 0.339517 -6.37003 9.07994 27.1849 0.0850979 0.0331468 0.0407386 
qwerty 459 432 0.0704192 0.269098 -6.34527 9.10133 27.1911 -0.0410052 0.0774968 0.0480918 
qwerty 459 432 0.184819 0.0842783 -6.37441 9.12295 27.1937 -0.0808954 -0.0403178 0.0427834 
qwerty 459 432 0.0842783 0 -6.37927 9.12052 27.1963 -0.0808954 -0.0403178 0.0427834 
qwerty 469 456 0 0.893083 6.25 -7.56441 11.611 0.0390971 0.0892344 -0.0225528 
qwerty 469 456 0 0.893083 6.91913 -6.03719 11.225 0.0390971 0.0892344 -0.0225528 
qwerty 469 456 0 0.893083 7.92124 -3.75 10.6469 0.0390971 0.0892344 -0.0225528 
qwerty 469 456 0 0.893083 8.0893 -3.36643 10.55 0.0390971 0.0892344 -0.0225528 
qwerty 469 456 0 0.893083 8.75 -1.85846 10.1689 0.0390971 0.0892344 -0.0225528 
qwerty 469 456 0 0.893083 9.25946 -0.695669 9.875 0.0390971 0.0892344 -0.0225528 
qwerty 469 456 0 0.26726 9.40179 -0.830748 10.375 0.0260088 -0.0259726 0.0929998 
qwerty 469 456 0 0.26726 9.59057 -1.01926 11.05 0.0260088 -0.0259726 0.0929998 
qwerty 470 469 0.0291163 0.515251 9.2717 -0.703577 9.87852 0.0301986 -0.0950832 0.00687214 
qwerty 470 469 0.0333052 0.481945 9.27914 -0.722201 9.88455 0.0109687 -0.0993635 -0.00256602 
qwerty 470 469 0.026538 0.455408 9.27786 -0.73746 9.88563 0.0221852 -0.0966554 -0.0128664 
qwerty 470 469 0.0314117 0.423996 9.28229 -0.75349 9.88178 0.00302573 -0.0925733 -0.0376966 
qwerty 470 469 0.029987 0.394009 9.28284 -0.770139 9.875 -0.0120803 -0.0752017 -0.0647979 
qwerty 470 469 0.0107205 0.373013 9.28159 -0.770833 9.88269 -0.0367021 -0.0211659 0.0905812 
qwerty 470 469 0.0126437 0.360369 9.27842 -0.774962 9.89084 -0.0488439 -0.0414034 0.0768117 
qwerty 470 469 0.019578 0.340791 9.27457 -0.778669 9.89935 -0.0301309 -0.063688 0.0709646 
qwerty 470 469 0.0287237 0.312068 9.26846 -0.788354 9.90658 -0.0425278 -0.0790479 0.0440774 
qwerty 470 469 0.0466223 0.265445 9.26333 -0.803381 9.91516 -0.0543832 -0.00185257 0.083899 
qwerty 470 469 0.0644293 0.201016 9.24603 -0.812054 9.93215 -0.0582581 -0.0355932 0.0730693 
qwerty 470 469 0.201016 0 9.23093 -0.82128 9.95109 -0.0582581 -0.0355932 0.0730693 
qwerty 468 377 0 0.510999 3.45693 -6.04621 15.1 -0.00607035 -0.0154465 0.0986132 
qwerty 467 377 0 0.510999 3.52926 -5.86216 13.925 0.00607035 0.0154465 -0.0986132 
qwerty 467 377 0 0.510999 3.57081 -5.75643 13.25 0.00607035 0.0154465 -0.0986132 
qwerty 466 393 0 0.510999 4.69942 -10.3525 21.175 -0.0428569 -0.0833343 0.0349095 
qwerty 466 393 0 0.510999 4.23787 -11.25 21.551 -0.0428569 -0.0833343 0.0349095 
qwerty 466 393 0 0.510999 3.87076 -11.9639 21.85 -0.0428569 -0.0833343 0.0349095 
qwerty 466 393 0 0.449393 3.28113 -12.4507 22.525 -0.0582355 -0.0453306 0.0674816 
qwerty 466 393 0 0.449393 2.69862 -12.9042 23.2 -0.0582355 -0.0453306 0.0674816 
qwerty 466 393 0 0.449393 2.1161 -13.3576 23.875 -0.0582355 -0.0453306 0.0674816 
qwerty 466 393 0 0.449393 1.61198 -13.75 24.4592 -0.0582355 -0.0453306 0.0674816 
qwerty 466 393 0 0.449393 1.53359 -13.811 24.55 -0.0582355 -0.0453306 0.0674816 
qwerty 465 393 0 0.510999 6.14192 -7.54762 20 0.0428569 0.0833343 -0.0349095 
qwerty 465 393 0 0.218312 6.49284 -6.86526 19.7142 0.0698696 -0.0615069 0.0365396 
qwerty 465 393 0 0.218312 6.70479 -7.05185 19.825 0.0698696 -0.0615069 0.0365396 
qwerty 476 465 0.292687 0 6.49788 -6.82277 19.6946 0.0107146 0.0902951 -0.0416172 
qwerty 464 393 0 0.716685 6.25 -9.29309 20.7556 0.0982948 -0.0115118 0.0143388 
qwerty 464 393 0 0.189962 7.47439 -9.43649 20.9342 -0.0998387 0.00253807 0.00507876 
qwerty 464 393 0 0.188661 6.88764 -9.42157 20.9641 -0.0978729 -0.0136692 0.0152986 
qwerty 464 393 0 0.132405 6.60149 -9.46154 21.0088 0.0318021 -0.0121362 0.0940284 
qwerty 464 393 0 0.132405 6.6577 -9.48299 21.175 0.0318021 -0.0121362 0.0940284 
qwerty 480 464 0.0562564 0 6.59876 -9.46165 21.0076 -0.0920686 -0.00394633 -0.0388305 
qwerty 479 464 0.00130093 0 6.88763 -9.42157 20.9641 -0.0137243 0.0838942 -0.0526632 
qwerty 478 464 0.460378 0.0663458 7.58011 -9.44681 20.9452 0.00125743 -0.060176 0.0798578 
qwerty 478 464 0.0663458 0 7.58016 -9.4492 20.9484 0.00125743 -0.060176 0.0798578 
qwerty 463 406 0 0.510999 3.392 -4.94571 13.75 -0.034186 0.0777111 0.0528422 
qwerty 463 406 0 0.510999 2.95531 -3.95303 14.425 -0.034186 0.0777111 0.0528422 
qwerty 463 406 0 0.510999 2.51862 -2.96036 15.1 -0.034186 0.0777111 0.0528422 
qwerty 463 406 0 0.510999 2.08193 -1.96769 15.775 -0.034186 0.0777111 0.0528422 
qwerty 463 406 0 0.321926 2.47578 -1.63411 16.45 0.0585213 0.0268119 0.076527 
qwerty 462 406 0 0.288095 3.883 -6.06184 12.9911 -0.0801855 -0.0287908 -0.0523581 
qwerty 462 406 0 0.288095 3.75 -6.10959 12.9042 -0.0801855 -0.0287908 -0.0523581 
qwerty 462 406 0 0.288095 3.24582 -6.29062 12.575 -0.0801855 -0.0287908 -0.0523581 
qwerty 484 462 0.222903 0 3.90658 -6.08009 12.9841 0.0770159 -0.0596379 -0.0226247 
qwerty 458 432 0 1.99157 -3.90556 8.30036 27.25 0.0974235 -0.0123775 0.0188537 
qwerty 458 432 0 1.99157 -1.25 7.96297 27.7639 0.0974235 -0.0123775 0.0188537 
qwerty 458 432 0 1.99157 -0.417596 7.85722 27.925 0.0974235 -0.0123775 0.0188537 
qwerty 458 432 0 0.312442 -0.483958 7.45765 28.6 -0.0577645 -0.0411189 0.0705159 
qwerty 490 488 0 0.309219 0.665603 7.13551 28.6 0.0589167 -0.0604208 0.0536484 
