qwerty 1 0 0 200 0 0 -0.24999 0 0 0.1 
qwerty 3 1 0 37.1751 1.59444 0.335582 0.25 0.0935506 0.0196896 0.029336 
qwerty 3 1 0 37.1751 3.74697 0.788626 0.925 0.0935506 0.0196896 0.029336 
qwerty 4 3 1.2657 17.0831 4.429 0.649592 1.6 0.0358384 -0.0355483 0.0863245 
qwerty 4 3 0.930603 2.25676 4.52745 0.354985 2.21185 0.0313577 -0.0451748 0.083522 
qwerty 4 3 0.107443 2.14931 4.55116 0.320831 2.275 0.0121921 -0.0707882 0.0695728 
qwerty 4 3 0.561736 1.08748 4.63106 0.351137 1.9989 -0.0210171 0.0463436 -0.0860845 
qwerty 4 3 0.349832 0.73765 4.63507 0.450752 1.81473 0.0310705 0.0768415 -0.0559464 
qwerty 4 3 0.132007 0.605643 4.65713 0.505327 1.775 0.00265332 0.0482931 -0.0875256 
qwerty 4 3 0.0326472 0.519542 4.65076 0.495753 1.78936 -0.0329035 -0.0369556 0.0869002 
qwerty 4 3 0.0564259 0.463116 4.63945 0.486466 1.80514 -0.039887 -0.0126916 0.0908182 
qwerty 4 3 0.0342963 0.42882 4.63354 0.480833 1.81839 0.00648046 -0.0340707 0.0937933 
qwerty 4 3 0.0668093 0.362011 4.62672 0.474968 1.84301 -0.0223782 -0.0274366 0.0935224 
qwerty 4 3 0.085746 0.276265 4.62765 0.443789 1.87586 0.0260099 -0.0486085 0.0834308 
qwerty 4 3 0.276265 0 4.63883 0.422884 1.91174 0.0260099 -0.0486085 0.0834308 
qwerty 12 4 0 7.69889 4.39953 0.260659 2.275 -0.0142277 -0.0497555 0.0855684 
qwerty 12 4 0 7.69889 4.2873 -0.131834 2.95 -0.0142277 -0.0497555 0.0855684 
qwerty 12 4 0 7.69889 4.17506 -0.524326 3.625 -0.0142277 -0.0497555 0.0855684 
qwerty 12 4 0 7.69889 4.06283 -0.916819 4.3 -0.0142277 -0.0497555 0.0855684 
qwerty 12 4 0 7.69889 3.95059 -1.30931 4.975 -0.0142277 -0.0497555 0.0855684 
qwerty 12 4 0 7.69889 3.83836 -1.7018 5.65 -0.0142277 -0.0497555 0.0855684 
qwerty 12 4 0 7.69889 3.75 -2.01081 6.18141 -0.0142277 -0.0497555 0.0855684 
qwerty 12 4 0 7.69889 3.72613 -2.0943 6.325 -0.0142277 -0.0497555 0.0855684 
qwerty 12 4 0 7.69889 3.61389 -2.48679 7 -0.0142277 -0.0497555 0.0855684 
qwerty 12 4 0 7.69889 3.50166 -2.87928 7.675 -0.0142277 -0.0497555 0.0855684 
qwerty 12 4 0 0.569308 3.45328 -3.04845 7.96593 0.048616 0.0605445 0.0630147 
qwerty 12 4 0 0.569308 3.74959 -2.67943 8.35 0.048616 0.0605445 0.0630147 
qwerty 12 4 0 0.569308 4.27036 -2.03089 9.025 0.048616 0.0605445 0.0630147 
qwerty 12 4 0 0.401572 5.44317 0.668762 8.525 0.0389717 0.0903758 -0.0177036 
qwerty 12 4 0 0.179605 5.19476 0.647533 7.85 -0.0507733 -0.0545318 -0.066696 
qwerty 13 12 0.675012 6.45457 3.36868 -3.30589 8.35 -0.0268057 -0.0438634 0.0857756 
qwerty 10 4 0 0.627826 4.88838 0.305535 2.275 0.0525952 -0.0393626 0.0753945 
qwerty 10 4 0 0.627826 5.35926 -0.0468751 2.95 0.0525952 -0.0393626 0.0753945 
qwerty 9 4 0 0.316171 4.49961 0.565095 1.8034 0.0138901 -0.0588823 -0.0796237 
qwerty 9 4 0 0.316171 4.50456 0.544093 1.775 0.0138901 -0.0588823 -0.0796237 
qwerty 9 4 0 0.316171 4.62232 0.0449257 1.1 0.0138901 -0.0588823 -0.0796237 
qwerty 9 4 0 0.316171 4.74007 -0.454242 0.425 0.0138901 -0.0588823 -0.0796237 
qwerty 9 4 0 0.316171 4.85782 -0.953409 -0.25 0.0138901 -0.0588823 -0.0796237 
qwerty 23 9 0.592085 1.88287 4.66121 0.550945 2.16764 -0.00531795 0.0370248 0.0927409 
qwerty 23 9 0.176003 1.70686 4.65505 0.593806 2.275 -0.0163229 0.0299933 0.0939892 
qwerty 8 4 0 0.570884 4.67549 0.642853 1.6 0.0688404 -0.0241546 0.0683927 
qwerty 7 4 0 0.487655 5.5319 1.25 1.51406 0.0913043 0.0259006 0.0315068 
qwerty 7 4 0 0.487655 5.78094 1.32065 1.6 0.0913043 0.0259006 0.0315068 
qwerty 2 1 0 297.801 -0.0588096 -0.0123777 0.25 -0.0116781 -0.00245789 0.0992853 
qwerty 2 1 0 297.801 -0.138204 -0.0290879 0.925 -0.0116781 -0.00245789 0.0992853 
qwerty 2 1 0 297.801 -0.217599 -0.0457981 1.6 -0.0116781 -0.00245789 0.0992853 
qwerty 2 1 0 297.801 -0.296993 -0.0625083 2.275 -0.0116781 -0.00245789 0.0992853 
qwerty 2 1 0 297.801 -0.376388 -0.0792185 2.95 -0.0116781 -0.00245789 0.0992853 
qwerty 2 1 0 297.801 -0.455783 -0.0959287 3.625 -0.0116781 -0.00245789 0.0992853 
qwerty 2 1 0 297.801 -0.535177 -0.112639 4.3 -0.0116781 -0.00245789 0.0992853 
qwerty 2 1 0 297.801 -0.614572 -0.129349 4.975 -0.0116781 -0.00245789 0.0992853 
qwerty 2 1 0 297.801 -0.693966 -0.146059 5.65 -0.0116781 -0.00245789 0.0992853 
qwerty 2 1 0 297.801 -0.773361 -0.16277 6.325 -0.0116781 -0.00245789 0.0992853 
qwerty 2 1 0 297.801 -0.852755 -0.17948 7 -0.0116781 -0.00245789 0.0992853 
qwerty 2 1 0 297.801 -0.93215 -0.19619 7.675 -0.0116781 -0.00245789 0.0992853 
qwerty 2 1 0 297.801 -1.01154 -0.2129 8.35 -0.0116781 -0.00245789 0.0992853 
qwerty 2 1 0 297.801 -1.09094 -0.22961 9.025 -0.0116781 -0.00245789 0.0992853 
qwerty 2 1 0 297.801 -1.17033 -0.246321 9.7 -0.0116781 -0.00245789 0.0992853 
qwerty 2 1 0 297.801 -1.24973 -0.263031 10.375 -0.0116781 -0.00245789 0.0992853 
qwerty 28 2 0.153621 48.0619 -1.28197 -0.267425 10.666 -0.00959136 0.00183397 0.0995221 
qwerty 28 2 0.554785 47.5071 -1.31897 -0.260349 11.05 -0.0104293 -0.00105172 0.0994491 
qwerty 28 2 1.04423 38.8945 -1.42061 -0.407824 11.725 -0.0136259 -0.0202763 0.0969701 
qwerty 28 2 0.985849 19.5483 -1.69302 -0.639895 12.4 -0.0493963 -0.0356939 0.079284 
qwerty 28 2 1.7992 6.23424 -1.53124 -0.0792744 13.075 -0.0350239 0.0918694 0.0182575 
qwerty 28 2 1.1039 3.68608 -1.72302 0.390467 12.6064 -0.0574021 0.0504581 -0.0644901 
qwerty 28 2 0.0719462 3.61413 -1.75098 0.415044 12.575 -0.0607656 0.0457148 -0.0649438 
qwerty 28 2 0.95519 2.36632 -1.92802 0.836224 12.8315 -0.0462749 0.0879117 0.011409 
qwerty 28 2 0.67976 1.68656 -2.1039 1.15162 12.9465 -0.0339138 0.0921893 0.0187347 
qwerty 28 2 0.605628 1.08093 -2.13687 1.4441 12.9766 0.0765062 0.0360596 0.0533526 
qwerty 28 2 0.373406 0.707526 -1.99571 1.51064 13.075 0.0613712 -0.0139136 0.0777174 
qwerty 28 2 0.032451 0.570147 -1.96808 1.50419 13.0692 0.0982631 0.00611239 -0.0175214 
qwerty 28 2 0.028383 0.541764 -1.94842 1.50868 13.069 0.0768216 0.0545803 -0.0334579 
qwerty 28 2 0.0429123 0.498851 -1.92478 1.51633 13.0602 0.0403692 0.00414502 -0.0913956 
qwerty 28 2 0.074911 0.42394 -1.91518 1.51188 13.0403 0.017508 0.00612407 -0.0982648 
qwerty 28 2 0.0684584 0.355482 -1.90666 1.51012 13.0163 0.0743339 0.0028581 -0.0668304 
qwerty 28 2 0.0170371 0 -1.90027 1.50901 13.0079 0.0621738 0.00584776 -0.0781039 
qwerty 5 3 1.06833 5.75107 3.92689 0.949611 1.6 -0.0838711 -0.0526046 0.014085 
qwerty 5 3 1.42321 3.47969 3.29321 0.652936 1.36132 -0.0832219 -0.0548328 -0.00821479 
qwerty 5 3 0.874949 2.60474 2.77758 0.515845 1.32656 -0.0838969 -0.0206558 -0.0503453 
qwerty 5 3 0.748853 1.85589 2.43529 0.456694 1.12459 -0.0929351 0.0182863 -0.0320731 
qwerty 5 3 0.118914 1.73697 2.36403 0.470714 1.1 -0.0877987 0.0263023 -0.0399947 
qwerty 5 3 0.603845 1.00813 2.40244 0.471847 1.38466 0.0324233 -0.0868889 0.0374038 
qwerty 5 3 0.0792468 0 2.422 0.434489 1.39852 0.0443555 -0.0875409 -0.0192143 
qwerty 34 28 0.476772 0.943347 -1.37204 -0.342021 10.8881 -0.0439817 0.0759141 -0.0479861 
qwerty 34 28 0.358647 0.584699 -1.35283 -0.145897 10.8004 9.73301e-05 0.0895297 0.0445469 
qwerty 34 28 0.363631 0.221069 -1.35272 -0.0389443 10.8536 -0.0801445 0.0595029 -0.00602196 
qwerty 34 28 0.221069 0 -1.37693 -0.0209665 10.8518 -0.0801445 0.0595029 -0.00602196 
qwerty 27 2 0.080176 86.7184 -1.28331 -0.269213 10.5963 -0.0145281 0.000506916 0.0989377 
qwerty 27 2 0.676016 86.0424 -1.34993 -0.266889 11.05 -0.0140937 0.00185925 0.0989844 
qwerty 27 2 0.818283 77.5793 -1.42725 -0.290408 11.725 -0.0131056 -0.00557645 0.0989805 
qwerty 27 2 0.8381 56.8124 -1.57337 -0.219179 12.4 -0.0242559 0.0135119 0.0960681 
qwerty 27 2 1.42712 53.144 -1.74907 -0.168345 13.075 -0.0269453 0.00235985 0.0962724 
qwerty 27 2 0.901932 49.2151 -1.97846 -0.1045 13.75 -0.03301 0.0075624 0.0940912 
qwerty 27 2 1.07545 42.6969 -2.29182 0.170898 14.425 -0.0439734 0.0383089 0.0812328 
qwerty 27 2 2.0119 7.71991 -2.99802 1.25 15.0949 -0.0434711 0.0705912 0.0559208 
qwerty 27 2 0.0172038 7.70271 -3.00199 1.25645 15.1 -0.0448935 0.0704308 0.0549916 
qwerty 27 2 0.728112 1.88308 -2.91386 1.62331 15.457 -0.00718709 0.0964294 0.0254895 
qwerty 27 2 0.660476 1.2226 -2.96163 1.94222 15.4483 0.0436949 0.0753994 -0.0490478 
qwerty 27 2 0.409635 0.812966 -2.83552 2.06773 15.3011 -0.0120998 0.0213752 -0.0969366 
qwerty 27 2 0.0487447 0.764221 -2.83878 2.07348 15.275 0.00110929 0.0431506 -0.0902042 
qwerty 49 27 0.0473616 0.320037 -1.30948 -0.265638 10.5969 -0.0844884 0.02331 0.0481493 
qwerty 49 27 0.0971802 0.222856 -1.32995 -0.257448 10.6094 -0.0943453 0.00633567 0.0325396 
qwerty 49 27 0.10534 0.117516 -1.36354 -0.260619 10.6002 0.0252645 0.0431617 -0.0865955 
qwerty 49 27 0.117516 0 -1.36085 -0.256031 10.591 0.0252645 0.0431617 -0.0865955 
qwerty 66 27 0 2.25758 -3.36915 0.98649 15.775 -0.0445024 -0.0447754 0.0775545 
qwerty 66 27 0 2.25758 -3.75647 0.596785 16.45 -0.0445024 -0.0447754 0.0775545 
qwerty 66 27 0 2.25758 -4.1438 0.20708 17.125 -0.0445024 -0.0447754 0.0775545 
qwerty 66 27 0 2.25758 -4.53113 -0.182626 17.8 -0.0445024 -0.0447754 0.0775545 
qwerty 66 27 0 2.25758 -4.91846 -0.572331 18.475 -0.0445024 -0.0447754 0.0775545 
qwerty 66 27 0 2.23031 -5.10869 -0.763727 18.8065 -0.0398088 -0.0504677 0.0766047 
qwerty 66 27 0 2.23031 -5.28719 -0.990019 19.15 -0.0398088 -0.0504677 0.0766047 
qwerty 66 27 0 2.23031 -5.63796 -1.43471 19.825 -0.0398088 -0.0504677 0.0766047 
qwerty 66 27 0 2.23031 -5.98874 -1.87941 20.5 -0.0398088 -0.0504677 0.0766047 
qwerty 66 27 0 2.23031 -6.25 -2.21062 21.0028 -0.0398088 -0.0504677 0.0766047 
qwerty 66 27 0 2.23031 -6.33951 -2.3241 21.175 -0.0398088 -0.0504677 0.0766047 
qwerty 66 27 0 2.23031 -6.69029 -2.7688 21.85 -0.0398088 -0.0504677 0.0766047 
qwerty 66 27 0 2.23031 -7.04106 -3.21349 22.525 -0.0398088 -0.0504677 0.0766047 
qwerty 66 27 0 2.23031 -7.39183 -3.65819 23.2 -0.0398088 -0.0504677 0.0766047 
qwerty 66 27 0 2.23031 -7.74261 -4.10288 23.875 -0.0398088 -0.0504677 0.0766047 
qwerty 66 27 0 2.23031 -8.09338 -4.54758 24.55 -0.0398088 -0.0504677 0.0766047 
qwerty 66 27 0 2.23031 -8.44416 -4.99227 25.225 -0.0398088 -0.0504677 0.0766047 
qwerty 66 27 0 2.23031 -8.79493 -5.43696 25.9 -0.0398088 -0.0504677 0.0766047 
qwerty 66 27 0 2.23031 -9.1457 -5.88166 26.575 -0.0398088 -0.0504677 0.0766047 
qwerty 66 27 0 2.23031 -9.43625 -6.25 27.1341 -0.0398088 -0.0504677 0.0766047 
qwerty 66 27 0 2.23031 -9.49648 -6.32635 27.25 -0.0398088 -0.0504677 0.0766047 
qwerty 66 27 0 2.23031 -9.84725 -6.77105 27.925 -0.0398088 -0.0504677 0.0766047 
qwerty 66 27 0 2.23031 -10.198 -7.21574 28.6 -0.0398088 -0.0504677 0.0766047 
qwerty 66 27 0 2.23031 -10.5488 -7.66044 29.275 -0.0398088 -0.0504677 0.0766047 
qwerty 66 27 0 2.23031 -10.8996 -8.10513 29.95 -0.0398088 -0.0504677 0.0766047 
qwerty 66 27 0 2.23031 -11.25 -8.54939 30.6243 -0.0398088 -0.0504677 0.0766047 
qwerty 66 27 0 2.23031 -11.2503 -8.54983 30.625 -0.0398088 -0.0504677 0.0766047 
qwerty 66 27 0 2.23031 -11.4082 -8.75 30.9288 -0.0398088 -0.0504677 0.0766047 
qwerty 66 27 0 2.23031 -11.6011 -8.99452 31.3 -0.0398088 -0.0504677 0.0766047 
qwerty 66 27 0 2.23031 -11.9519 -9.43922 31.975 -0.0398088 -0.0504677 0.0766047 
qwerty 66 27 0 2.23031 -12.3027 -9.88391 32.65 -0.0398088 -0.0504677 0.0766047 
qwerty 66 27 0 2.23031 -12.6534 -10.3286 33.325 -0.0398088 -0.0504677 0.0766047 
qwerty 66 27 0 2.23031 -13.0042 -10.7733 34 -0.0398088 -0.0504677 0.0766047 
qwerty 66 27 0 2.23031 -13.355 -11.218 34.675 -0.0398088 -0.0504677 0.0766047 
qwerty 66 27 0 2.23031 -13.7058 -11.6627 35.35 -0.0398088 -0.0504677 0.0766047 
qwerty 66 27 0 2.23031 -14.0565 -12.1074 36.025 -0.0398088 -0.0504677 0.0766047 
qwerty 66 27 0 2.23031 -14.4073 -12.5521 36.7 -0.0398088 -0.0504677 0.0766047 
qwerty 66 27 0 2.23031 -14.7581 -12.9968 37.375 -0.0398088 -0.0504677 0.0766047 
qwerty 66 27 0 0.422098 -15.1116 -15.8431 36.875 -0.0187374 -0.0961354 -0.0201718 
qwerty 67 66 0.0272617 0 -5.10926 -0.763173 18.8067 -0.0690684 0.0678471 0.0250264 
qwerty 72 68 0 0.256826 -14.4654 -13.75 37.9235 0.0429564 -0.0777459 0.0459383 
qwerty 72 68 0 0.256826 -14.3471 -13.9641 38.05 0.0429564 -0.0777459 0.0459383 
qwerty 65 27 0 0.241855 -2.77122 1.25 14.9201 -0.0330105 0.0893197 0.0305336 
qwerty 65 27 0 0.241855 -2.9657 1.77623 15.1 -0.0330105 0.0893197 0.0305336 
qwerty 64 27 0 0.331128 -2.80128 0.853917 15.1 -0.045435 0.0656107 0.0602569 
qwerty 63 27 0 0.932596 -2.86285 0.479456 15.1 -0.0615332 0.0309518 0.0724959 
qwerty 63 27 0 0.932596 -3.43578 0.767645 15.775 -0.0615332 0.0309518 0.0724959 
qwerty 63 27 0 0.587911 -3.50363 1.25 16.2807 0.00561874 0.0743281 0.0666615 
qwerty 63 27 0 0.300428 -3.49705 1.33704 16.3587 0.0770633 -0.032402 0.0548758 
qwerty 63 27 0 0.300428 -3.36886 1.28314 16.45 0.0770633 -0.032402 0.0548758 
qwerty 63 27 0 0.300428 -2.42094 0.88458 17.125 0.0770633 -0.032402 0.0548758 
qwerty 78 63 0.149094 0.138389 -3.50717 1.38102 16.3496 0.0809545 0.0506871 -0.0296173 
qwerty 78 63 0.138389 0 -3.49584 1.38812 16.3454 0.0809545 0.0506871 -0.0296173 
qwerty 62 27 0 0.990871 -2.828 0.451343 14.7149 -0.0895903 0.0245571 0.0370207 
qwerty 62 27 0 0.990871 -3.75982 0.706761 15.1 -0.0895903 0.0245571 0.0370207 
qwerty 62 27 0 0.990871 -5.39333 1.15451 15.775 -0.0895903 0.0245571 0.0370207 
qwerty 82 62 0.0285677 0 -2.82786 0.452219 14.7149 0.0153636 0.098589 -0.00664575 
qwerty 85 60 0.223249 23.3153 -2.48588 0.282574 14.7256 -0.0508641 0.0214626 0.0833799 
qwerty 85 60 0.551329 22.3744 -2.67831 0.37955 15.0499 -0.051662 0.0225143 0.0826084 
qwerty 85 60 0.0875971 22.2868 -2.70964 0.393203 15.1 -0.0517764 0.0245064 0.0819673 
qwerty 85 60 0.411711 5.54224 -3.15231 0.435905 15.2944 -0.0987097 -0.0110732 -0.0115662 
qwerty 85 60 0.228437 5.31381 -3.31752 0.417372 15.275 -0.0957778 0.00294684 -0.0285995 
qwerty 87 85 0.293521 0 -2.46575 0.271574 14.7669 0.0426006 -0.0232733 0.0874274 
qwerty 94 85 0 0.00739561 -3.25928 0.419511 15.275 -0.0973017 -0.0149117 -0.0176076 
qwerty 93 85 0 0.405289 -1.25 2.96236 15.5462 0.0542785 0.0834678 0.00932544 
qwerty 93 85 0 0.405289 0.0817668 5.01031 15.775 0.0542785 0.0834678 0.00932544 
qwerty 102 99 0 0.117984 -3.10225 -0.268244 15.775 -0.0205546 -0.0795424 0.0570134 
qwerty 92 85 0 0.96297 -3.70426 0.644925 15.775 -0.0826223 0.0208332 0.0523406 
qwerty 92 85 0 0.96297 -4.76978 0.913596 16.45 -0.0826223 0.0208332 0.0523406 
qwerty 92 85 0 0.96297 -5.8353 1.18227 17.125 -0.0826223 0.0208332 0.0523406 
qwerty 92 85 0 0.96297 -6.90083 1.45094 17.8 -0.0826223 0.0208332 0.0523406 
qwerty 92 85 0 0.96297 -7.96635 1.71961 18.475 -0.0826223 0.0208332 0.0523406 
qwerty 92 85 0 0.96297 -9.03187 1.98828 19.15 -0.0826223 0.0208332 0.0523406 
qwerty 92 85 0 0.96297 -10.0974 2.25695 19.825 -0.0826223 0.0208332 0.0523406 
qwerty 92 85 0 0.96297 -11.1629 2.52562 20.5 -0.0826223 0.0208332 0.0523406 
qwerty 92 85 0 0.96297 -12.2284 2.79429 21.175 -0.0826223 0.0208332 0.0523406 
qwerty 92 85 0 0.96297 -13.294 3.06296 21.85 -0.0826223 0.0208332 0.0523406 
qwerty 92 85 0 0.96297 -13.75 3.17795 22.1389 -0.0826223 0.0208332 0.0523406 
qwerty 92 85 0 0.96297 -14.3595 3.33163 22.525 -0.0826223 0.0208332 0.0523406 
qwerty 92 85 0 0.522117 -15.4171 3.78512 22.025 -0.0837107 0.0361335 -0.0410718 
qwerty 91 85 0 2.5614 -3.75 0.290461 15.608 -0.0914275 -0.0135354 0.0381813 
qwerty 91 85 0 2.5614 -4.14982 0.23127 15.775 -0.0914275 -0.0135354 0.0381813 
qwerty 91 85 0 2.5614 -5.76615 -0.00801982 16.45 -0.0914275 -0.0135354 0.0381813 
qwerty 91 85 0 2.5614 -6.25 -0.0796513 16.6521 -0.0914275 -0.0135354 0.0381813 
qwerty 91 85 0 2.5614 -7.38248 -0.247309 17.125 -0.0914275 -0.0135354 0.0381813 
qwerty 91 85 0 2.5614 -8.99881 -0.486599 17.8 -0.0914275 -0.0135354 0.0381813 
qwerty 91 85 0 2.5614 -10.6151 -0.725888 18.475 -0.0914275 -0.0135354 0.0381813 
qwerty 91 85 0 0.388086 -10.6401 0.0990398 19.15 0.0229288 0.0815636 0.0531191 
qwerty 91 85 0 0.388086 -10.3487 1.13549 19.825 0.0229288 0.0815636 0.0531191 
qwerty 91 85 0 0.388086 -10.0574 2.17194 20.5 0.0229288 0.0815636 0.0531191 
qwerty 91 85 0 0.388086 -9.766 3.2084 21.175 0.0229288 0.0815636 0.0531191 
qwerty 91 85 0 0.388086 -9.61374 3.75 21.5277 0.0229288 0.0815636 0.0531191 
qwerty 91 85 0 0.388086 -9.47463 4.24485 21.85 0.0229288 0.0815636 0.0531191 
qwerty 91 85 0 0.388086 -9.18327 5.2813 22.525 0.0229288 0.0815636 0.0531191 
qwerty 89 85 0 2.54476 -3.20333 0.573822 15.775 -0.0579808 0.0213767 0.078621 
qwerty 89 85 0 2.54476 -3.70112 0.757351 16.45 -0.0579808 0.0213767 0.078621 
qwerty 89 85 0 2.54476 -4.19891 0.94088 17.125 -0.0579808 0.0213767 0.078621 
qwerty 89 85 0 2.54476 -4.69671 1.12441 17.8 -0.0579808 0.0213767 0.078621 
qwerty 89 85 0 2.54476 -5.1945 1.30794 18.475 -0.0579808 0.0213767 0.078621 
qwerty 89 85 0 2.54476 -5.69229 1.49147 19.15 -0.0579808 0.0213767 0.078621 
qwerty 89 85 0 2.54476 -6.19009 1.675 19.825 -0.0579808 0.0213767 0.078621 
qwerty 89 85 0 2.54476 -6.68788 1.85853 20.5 -0.0579808 0.0213767 0.078621 
qwerty 89 85 0 2.54476 -7.18568 2.04206 21.175 -0.0579808 0.0213767 0.078621 
qwerty 89 85 0 2.54476 -7.68347 2.22558 21.85 -0.0579808 0.0213767 0.078621 
qwerty 89 85 0 2.54476 -8.18126 2.40911 22.525 -0.0579808 0.0213767 0.078621 
qwerty 89 85 0 2.54476 -8.67906 2.59264 23.2 -0.0579808 0.0213767 0.078621 
qwerty 89 85 0 2.54476 -9.17685 2.77617 23.875 -0.0579808 0.0213767 0.078621 
qwerty 89 85 0 2.54476 -9.67464 2.9597 24.55 -0.0579808 0.0213767 0.078621 
qwerty 89 85 0 0.487144 -11.3434 1.25 24.3697 -0.0661573 -0.0726486 -0.0185848 
qwerty 89 85 0 0.458223 -12.3362 0.159805 24.0908 -0.0866666 -0.0432534 -0.0248604 
qwerty 89 85 0 0.458223 -12.4785 0.0887658 24.05 -0.0866666 -0.0432534 -0.0248604 
qwerty 114 89 0.0289203 0 -12.3358 0.158994 24.091 0.042932 -0.0893139 0.0134118 
qwerty 88 85 0 0.3896 -2.71093 0.392258 15.1 -0.0533756 0.0207925 0.0819678 
qwerty 59 27 0 1.73126 -2.16007 0.0205121 14.425 -0.0253946 0.0180004 0.0950321 
qwerty 59 27 0 1.73126 -2.34044 0.148366 15.1 -0.0253946 0.0180004 0.0950321 
qwerty 59 27 0 1.73126 -2.52082 0.276221 15.775 -0.0253946 0.0180004 0.0950321 
qwerty 59 27 0 1.73126 -2.70119 0.404075 16.45 -0.0253946 0.0180004 0.0950321 
qwerty 59 27 0 1.73126 -2.88156 0.53193 17.125 -0.0253946 0.0180004 0.0950321 
qwerty 59 27 0 1.62221 -2.9566 0.585117 17.4058 -0.0395192 0.0295172 0.0869883 
qwerty 59 27 0 1.62221 -3.13569 0.718879 17.8 -0.0395192 0.0295172 0.0869883 
qwerty 59 27 0 1.62221 -3.44234 0.947922 18.475 -0.0395192 0.0295172 0.0869883 
qwerty 59 27 0 1.62221 -3.749 1.17697 19.15 -0.0395192 0.0295172 0.0869883 
qwerty 59 27 0 1.62221 -4.05565 1.40601 19.825 -0.0395192 0.0295172 0.0869883 
qwerty 59 27 0 1.62221 -4.36231 1.63505 20.5 -0.0395192 0.0295172 0.0869883 
qwerty 59 27 0 1.62221 -4.66896 1.8641 21.175 -0.0395192 0.0295172 0.0869883 
qwerty 59 27 0 1.62221 -4.97562 2.09314 21.85 -0.0395192 0.0295172 0.0869883 
qwerty 59 27 0 1.62221 -5.28227 2.32218 22.525 -0.0395192 0.0295172 0.0869883 
qwerty 59 27 0 1.62221 -5.58893 2.55123 23.2 -0.0395192 0.0295172 0.0869883 
qwerty 59 27 0 0.24372 -4.63479 2.44098 22.7 0.0879861 -0.0102762 -0.0463989 
qwerty 117 59 0.109053 0 -2.95123 0.580661 17.412 0.057356 -0.0476066 0.0666626 
qwerty 56 27 0 0.573878 -1.53864 -0.241403 12.3391 -0.0734194 0.0262049 0.062633 
qwerty 56 27 0 0.573878 -1.61002 -0.215926 12.4 -0.0734194 0.0262049 0.062633 
qwerty 56 27 0 0.573878 -2.40127 0.0664851 13.075 -0.0734194 0.0262049 0.062633 
qwerty 56 27 0 0.573878 -3.19251 0.348896 13.75 -0.0734194 0.0262049 0.062633 
qwerty 56 27 0 0.393859 -3.22072 0.759721 14.425 0.00992224 0.0533737 0.083981 
qwerty 122 56 0.188738 0 -1.52517 -0.244799 12.3579 0.0575722 -0.0145135 0.0804662 
qwerty 55 27 0 14.7511 -1.5045 -0.25558 12.4 -0.0111421 0.00667374 0.099153 
qwerty 55 27 0 14.7511 -1.58035 -0.210147 13.075 -0.0111421 0.00667374 0.099153 
qwerty 55 27 0 14.7511 -1.6562 -0.164715 13.75 -0.0111421 0.00667374 0.099153 
qwerty 55 27 0 14.7511 -1.73205 -0.119282 14.425 -0.0111421 0.00667374 0.099153 
qwerty 55 27 0 14.7511 -1.80791 -0.0738495 15.1 -0.0111421 0.00667374 0.099153 
qwerty 55 27 0 14.7511 -1.88376 -0.0284169 15.775 -0.0111421 0.00667374 0.099153 
qwerty 55 27 0 14.7511 -1.95961 0.0170157 16.45 -0.0111421 0.00667374 0.099153 
qwerty 55 27 0 14.7511 -2.03546 0.0624482 17.125 -0.0111421 0.00667374 0.099153 
qwerty 55 27 0 14.7511 -2.11131 0.107881 17.8 -0.0111421 0.00667374 0.099153 
qwerty 55 27 0 14.7511 -2.18717 0.153313 18.475 -0.0111421 0.00667374 0.099153 
qwerty 55 27 0 14.7511 -2.26302 0.198746 19.15 -0.0111421 0.00667374 0.099153 
qwerty 55 27 0 14.7511 -2.33887 0.244179 19.825 -0.0111421 0.00667374 0.099153 
qwerty 55 27 0 14.7511 -2.41472 0.289611 20.5 -0.0111421 0.00667374 0.099153 
qwerty 55 27 0 14.7511 -2.49057 0.335044 21.175 -0.0111421 0.00667374 0.099153 
qwerty 55 27 0 14.7511 -2.56643 0.380476 21.85 -0.0111421 0.00667374 0.099153 
qwerty 55 27 0 14.7511 -2.64228 0.425909 22.525 -0.0111421 0.00667374 0.099153 
qwerty 55 27 0 14.7511 -2.71813 0.471341 23.2 -0.0111421 0.00667374 0.099153 
qwerty 55 27 0 14.7511 -2.79398 0.516774 23.875 -0.0111421 0.00667374 0.099153 
qwerty 125 55 0.930081 6.76523 -2.84172 0.547623 24.55 -0.00207136 0.00692106 0.0997387 
qwerty 54 27 0 0.305059 -1.4595 -0.295487 12.0119 0.0432195 -0.0901639 -0.00159867 
qwerty 54 27 0 0.305059 -1.00196 -1.25 11.995 0.0432195 -0.0901639 -0.00159867 
qwerty 54 27 0 0.305059 0.196395 -3.75 11.9506 0.0432195 -0.0901639 -0.00159867 
qwerty 54 27 0 0.20842 0.387553 -4.14879 11.9436 0.0559334 0.000574544 0.0828923 
qwerty 54 27 0 0.20842 0.695543 -4.14563 12.4 0.0559334 0.000574544 0.0828923 
qwerty 141 54 0.0966389 0 0.387906 -4.15518 11.9395 0.00464384 -0.08402 -0.0540285 
qwerty 140 54 0.128448 0.398946 -1.49249 -0.294235 12.0661 -0.0804143 0.0199647 0.0559907 
qwerty 140 54 0.292053 0.106893 -1.55297 -0.279219 12.1082 0.075979 -0.0572002 0.0309084 
qwerty 140 54 0.106893 0 -1.5461 -0.284394 12.111 0.075979 -0.0572002 0.0309084 
qwerty 53 27 0 3.66875 -1.41938 -0.30198 11.725 -0.0101819 -0.00523581 0.0993424 
qwerty 53 27 0 3.66875 -1.48857 -0.337555 12.4 -0.0101819 -0.00523581 0.0993424 
qwerty 53 27 0 3.66875 -1.55775 -0.373131 13.075 -0.0101819 -0.00523581 0.0993424 
qwerty 53 27 0 3.66875 -1.62693 -0.408707 13.75 -0.0101819 -0.00523581 0.0993424 
qwerty 53 27 0 3.66875 -1.69611 -0.444282 14.425 -0.0101819 -0.00523581 0.0993424 
qwerty 53 27 0 3.66875 -1.7653 -0.479858 15.1 -0.0101819 -0.00523581 0.0993424 
qwerty 53 27 0 3.66875 -1.83448 -0.515434 15.775 -0.0101819 -0.00523581 0.0993424 
qwerty 53 27 0 3.66875 -1.90366 -0.551009 16.45 -0.0101819 -0.00523581 0.0993424 
qwerty 53 27 0 3.66875 -1.97285 -0.586585 17.125 -0.0101819 -0.00523581 0.0993424 
qwerty 53 27 0 3.66875 -2.04203 -0.622161 17.8 -0.0101819 -0.00523581 0.0993424 
qwerty 53 27 0 3.66875 -2.11121 -0.657736 18.475 -0.0101819 -0.00523581 0.0993424 
qwerty 53 27 0 3.66875 -2.18039 -0.693312 19.15 -0.0101819 -0.00523581 0.0993424 
qwerty 53 27 0 3.66875 -2.24958 -0.728888 19.825 -0.0101819 -0.00523581 0.0993424 
qwerty 53 27 0 3.66875 -2.31876 -0.764463 20.5 -0.0101819 -0.00523581 0.0993424 
qwerty 53 27 0 3.66875 -2.38794 -0.800039 21.175 -0.0101819 -0.00523581 0.0993424 
qwerty 53 27 0 3.66875 -2.45713 -0.835615 21.85 -0.0101819 -0.00523581 0.0993424 
qwerty 53 27 0 3.66875 -2.52631 -0.87119 22.525 -0.0101819 -0.00523581 0.0993424 
qwerty 53 27 0 3.66875 -2.59549 -0.906766 23.2 -0.0101819 -0.00523581 0.0993424 
qwerty 53 27 0 3.66875 -2.66467 -0.942342 23.875 -0.0101819 -0.00523581 0.0993424 
qwerty 53 27 0 3.66875 -2.73386 -0.977917 24.55 -0.0101819 -0.00523581 0.0993424 
qwerty 53 27 0 0.521708 -1.25 -0.89059 25.0292 0.0963086 0.00588621 0.0262681 
qwerty 53 27 0 0.521708 -0.532016 -0.846708 25.225 0.0963086 0.00588621 0.0262681 
qwerty 53 27 0 0.366475 1.06751 0.719387 24.725 0.0635354 0.0725492 -0.0264549 
qwerty 147 143 0 0.467597 -2.35653 -0.449082 25.225 0.0436187 0.0581594 0.068665 
qwerty 147 143 0 0.202323 -1.54065 -1.00702 24.725 0.0618609 -0.0571082 -0.0539618 
qwerty 52 27 0 1.16893 -1.43232 -0.311344 11.725 -0.0125688 -0.00682925 0.0989716 
qwerty 52 27 0 1.16893 -1.51804 -0.357921 12.4 -0.0125688 -0.00682925 0.0989716 
qwerty 52 27 0 0.217636 -1.5714 -0.386911 12.8201 0.0128659 -0.0349544 -0.0928044 
qwerty 52 27 0 0.217636 -1.53742 -0.479241 12.575 0.0128659 -0.0349544 -0.0928044 
qwerty 151 52 0.190383 0.668052 -1.5922 -0.409314 12.8926 -0.0538704 -0.0104378 0.0836004 
qwerty 151 52 0.146824 0.521229 -1.64752 -0.435762 12.9525 0.0199134 -0.0240521 0.0949997 
qwerty 151 52 0.159774 0.361455 -1.60589 -0.451852 13.0073 0.0093531 -0.0440242 0.0892994 
qwerty 151 52 0.187207 0.174248 -1.59078 -0.462116 13.0625 -0.014712 0.0418652 0.0896151 
qwerty 151 52 0.0536375 0.12061 -1.59283 -0.456282 13.075 -0.0640259 0.0401921 0.0654621 
qwerty 151 52 0.00250278 0.112722 -1.5936 -0.455115 13.0746 -0.0536065 0.0838187 -0.0100387 
qwerty 151 52 0.00338025 0.109342 -1.59413 -0.454296 13.0743 -0.0350791 0.089474 -0.0276379 
qwerty 151 52 0.00316276 0.106179 -1.59461 -0.4534 13.0742 -0.0379977 0.081922 -0.042953 
qwerty 151 52 0.00325044 0.102928 -1.59503 -0.452677 13.0737 -0.00378034 0.0550975 -0.0833665 
qwerty 151 52 0.00365065 0.0992778 -1.59513 -0.452061 13.0729 0.0103984 0.0924543 -0.0366618 
qwerty 151 52 0.0168094 0.0824684 -1.5948 -0.450997 13.0724 0.0298768 0.0715477 -0.063153 
qwerty 151 52 0.00580608 0.0766624 -1.59405 -0.449869 13.0717 0.0198911 0.0979786 0.00213122 
qwerty 151 52 0.00678072 0.0698816 -1.59335 -0.448469 13.0718 0.0541987 0.0785345 0.0299138 
qwerty 151 52 0.0121823 0.0576993 -1.59262 -0.446822 13.0721 0.0454673 0.0889006 0.00542249 
qwerty 151 52 0.0077025 0.0499968 -1.5924 -0.445335 13.0719 0.0459125 0.0836736 -0.0298458 
qwerty 151 52 0.00955247 0.0404443 -1.59127 -0.444361 13.0712 0.015087 0.0979715 0.0131899 
qwerty 151 52 0.0404443 0 -1.59102 -0.442743 13.0714 0.015087 0.0979715 0.0131899 
qwerty 154 151 0 0.092863 -1.6794 -0.435393 13.075 -0.0427732 -0.0127923 0.0894808 
qwerty 48 27 0 0.746407 -1.34169 -0.266144 11.05 -0.0131023 0.000675659 0.0991356 
qwerty 159 48 0.0298051 0.41546 -1.26818 -0.257781 11.2304 0.0785342 0.0310674 0.0535462 
qwerty 159 48 0.0222327 0.393228 -1.25994 -0.25209 11.2359 0.0682579 0.0521521 0.0511958 
qwerty 159 48 0.0209184 0.372309 -1.25356 -0.245406 11.2431 0.0562697 0.0469575 0.0680347 
qwerty 159 48 0.00962136 0.362688 -1.25 -0.242433 11.2474 0.0717025 0.0448917 0.0533243 
qwerty 159 48 0.0149583 0.34773 -1.24425 -0.238832 11.2528 0.061508 0.0509385 0.0601833 
qwerty 159 48 0.0156524 0.332077 -1.2398 -0.234662 11.2565 0.0603437 0.0296972 0.0740049 
qwerty 159 48 0.0200554 0.312022 -1.23388 -0.233872 11.2625 0.0819261 0.0174459 0.0546237 
qwerty 159 48 0.0186974 0.293324 -1.22676 -0.234408 11.2674 0.0866316 -0.00655628 0.0495175 
qwerty 159 48 0.0497593 0.243565 -1.21662 -0.231821 11.2758 0.0947128 -0.0112538 0.0300473 
qwerty 159 48 0.0578993 0.185666 -1.20195 -0.233465 11.2894 0.0951625 -0.0250914 0.0177348 
qwerty 159 48 0.185666 0 -1.18028 -0.23918 11.2934 0.0951625 -0.0250914 0.0177348 
qwerty 47 27 0 22.7053 -1.33546 -0.278729 11.05 -0.0127019 -0.00231795 0.0991629 
qwerty 47 27 0 22.7053 -1.42192 -0.294507 11.725 -0.0127019 -0.00231795 0.0991629 
qwerty 47 27 0 22.7053 -1.50838 -0.310285 12.4 -0.0127019 -0.00231795 0.0991629 
qwerty 47 27 0 22.7053 -1.59484 -0.326063 13.075 -0.0127019 -0.00231795 0.0991629 
qwerty 47 27 0 22.7053 -1.6813 -0.341842 13.75 -0.0127019 -0.00231795 0.0991629 
qwerty 47 27 0 22.7053 -1.76776 -0.35762 14.425 -0.0127019 -0.00231795 0.0991629 
qwerty 47 27 0 22.7053 -1.85423 -0.373398 15.1 -0.0127019 -0.00231795 0.0991629 
qwerty 47 27 0 22.7053 -1.94069 -0.389176 15.775 -0.0127019 -0.00231795 0.0991629 
qwerty 47 27 0 22.7053 -2.02715 -0.404954 16.45 -0.0127019 -0.00231795 0.0991629 
qwerty 47 27 0 22.7053 -2.11361 -0.420733 17.125 -0.0127019 -0.00231795 0.0991629 
qwerty 160 47 0.486966 8.4361 -2.18123 -0.43965 17.6005 -0.0211183 0.0141267 0.0967184 
qwerty 160 47 0.326766 8.10934 -2.22479 -0.410509 17.8 -0.0229365 0.0167113 0.0958887 
qwerty 160 47 0 1.28177 -2.23566 -0.399236 17.975 -0.0886534 0.00542912 -0.0459466 
qwerty 160 47 0.108655 0.846303 -2.25986 -0.373492 18.038 -0.0211927 0.0154411 0.096501 
qwerty 160 47 0.127061 0.719242 -2.28031 -0.387227 18.1129 -0.0468549 -0.000408066 0.0883428 
qwerty 160 47 0.137482 0.581759 -2.28586 -0.380541 18.1933 0.00467804 -0.0510268 0.0858742 
qwerty 160 47 0.204813 0.376946 -2.28513 -0.410946 18.2851 -0.0239356 0.0961918 -0.0131997 
qwerty 160 47 0.352908 0.0240382 -2.30171 -0.344331 18.276 -0.0604555 0.0722455 -0.0335519 
qwerty 160 47 0.0240382 0 -2.3021 -0.343859 18.2758 -0.0604555 0.0722455 -0.0335519 
qwerty 163 160 0 2.9436 -2.4418 0.206568 18.475 -0.022297 0.0663558 0.0714125 
qwerty 163 160 0 2.9436 -2.65255 0.833771 19.15 -0.022297 0.0663558 0.0714125 
qwerty 163 160 0 2.9436 -2.86331 1.46097 19.825 -0.022297 0.0663558 0.0714125 
qwerty 163 160 0 1.52955 -2.93334 3.70112 20.5 -0.00242597 0.0961167 0.0274899 
qwerty 163 160 0 1.52955 -2.99291 6.06122 21.175 -0.00242597 0.0961167 0.0274899 
qwerty 163 160 0 1.52955 -3.05248 8.42131 21.85 -0.00242597 0.0961167 0.0274899 
qwerty 163 160 0 0.7512 -3.13405 8.75 21.8121 -0.0397564 0.079917 -0.0450855 
qwerty 163 160 0 0.7512 -3.54152 9.56907 21.35 -0.0397564 0.079917 -0.0450855 
qwerty 163 160 0 0.542636 -3.11514 11.1293 20.675 0.0288151 0.0888265 -0.0357706 
qwerty 163 160 0 0.538149 -2.76737 12.7869 20 0.0166204 0.0912926 -0.0372749 
qwerty 162 160 0 0.455345 -2.23401 -0.417546 17.8 -0.0254268 0.0106497 0.0961252 
qwerty 46 5 0 1.25043 2.28945 -1.25 1.14927 -0.00776049 -0.0986246 -0.0145931 
qwerty 46 5 0 1.25043 2.26325 -1.58299 1.1 -0.00776049 -0.0986246 -0.0145931 
qwerty 45 5 0 0.700449 5.14214 0.649221 1.1 0.0990986 0.00782299 -0.0108755 
qwerty 44 5 0 0.150321 4.39884 0.572032 1.1 0.0627276 -0.045664 -0.0630877 
qwerty 43 28 0 0.271384 -1.84005 1.58425 12.6384 0.0461391 -0.0858058 0.0225508 
qwerty 43 28 0 0.271384 -1.25 0.486923 12.9268 0.0461391 -0.0858058 0.0225508 
qwerty 43 28 0 0.271384 -0.946865 -0.0768235 13.075 0.0461391 -0.0858058 0.0225508 
qwerty 178 43 0.0494761 0.578161 -1.84876 1.59907 12.607 -0.00555556 0.0471378 -0.088018 
qwerty 178 43 0.0727105 0.50545 -1.85515 1.61058 12.5869 -0.0092883 0.064293 -0.0760272 
qwerty 178 43 0.0256698 0.479781 -1.85661 1.62065 12.575 -0.0249466 0.0641437 -0.0725483 
qwerty 42 28 0 0.461422 -1.84495 1.48186 13.075 0.0607015 -0.0297994 0.0736704 
qwerty 42 28 0 0.461422 -1.37266 1.25 13.6482 0.0607015 -0.0297994 0.0736704 
qwerty 42 28 0 0.461422 -1.28878 1.20882 13.75 0.0607015 -0.0297994 0.0736704 
qwerty 42 28 0 0.461422 -0.732603 0.935785 14.425 0.0607015 -0.0297994 0.0736704 
qwerty 42 28 0 0.334721 -0.441107 0.792684 14.7788 -0.0118903 0.0208625 0.0970741 
qwerty 42 28 0 0.334721 -0.480453 0.86172 15.1 -0.0118903 0.0208625 0.0970741 
qwerty 180 42 0.126701 0 -0.430984 0.786123 14.7792 0.0838508 -0.0543468 0.00393284 
qwerty 41 28 0 1.13251 -2.80808 8.83599 12.575 -0.0140637 0.0988492 -0.00557218 
qwerty 40 28 0 0.468036 -1.06194 -1.25 12.0493 0.073657 -0.0371979 -0.0564886 
qwerty 40 28 0 0.468036 -0.867227 -1.34833 11.9 0.073657 -0.0371979 -0.0564886 
qwerty 40 28 0 0.468036 0.0129247 -1.79282 11.225 0.073657 -0.0371979 -0.0564886 
qwerty 40 28 0 0.468036 0.893076 -2.23731 10.55 0.073657 -0.0371979 -0.0564886 
qwerty 40 28 0 0.468036 1.25 -2.41756 10.2763 0.073657 -0.0371979 -0.0564886 
qwerty 40 28 0 0.468036 1.77323 -2.6818 9.875 0.073657 -0.0371979 -0.0564886 
qwerty 40 28 0 0.427147 2.57101 -3.06234 9.2952 0.0869952 -0.0477993 -0.0121269 
qwerty 40 28 0 0.427147 3.25396 -3.43759 9.2 0.0869952 -0.0477993 -0.0121269 
qwerty 183 40 0.0408885 0 2.57087 -3.06205 9.29355 -0.00863105 0.017241 -0.0981237 
qwerty 186 185 0 0.216132 -3.58396 -5.21763 13.0663 0.0524815 -0.0810068 0.0261457 
qwerty 186 185 0 0.216132 -3.56653 -5.24452 13.075 0.0524815 -0.0810068 0.0261457 
qwerty 189 186 0.0527552 0 -3.58648 -5.21837 13.066 -0.0952414 -0.0281576 -0.0116719 
qwerty 37 28 0 16.1504 -1.57005 -0.50359 12.4 -0.0225986 -0.0150597 0.0962419 
qwerty 37 28 0 16.1504 -1.72855 -0.609212 13.075 -0.0225986 -0.0150597 0.0962419 
qwerty 37 28 0 16.1504 -1.88704 -0.714835 13.75 -0.0225986 -0.0150597 0.0962419 
qwerty 192 37 0.66062 4.96052 -1.99519 -0.964616 14.2835 -0.0163907 -0.0630325 0.0758831 
qwerty 192 37 0.3012 4.65932 -2.02576 -1.08218 14.425 -0.0213014 -0.0731368 0.0647863 
qwerty 196 192 0 0.157819 -2.09917 -0.911655 13.925 -0.00941001 0.0397117 -0.0912931 
qwerty 195 192 0.00029101 0 -2.1357 -1.10146 14.2644 -0.0713002 -0.0694445 -0.00968193 
qwerty 198 195 0.00561238 0 -2.13572 -1.10146 14.2644 -0.0441947 0.00565451 0.0895257 
qwerty 194 192 0 1.04181 -1.79306 -1.05029 14.425 0.0195038 -0.0480974 0.0854765 
qwerty 194 192 0 1.04181 -1.71207 -1.25 14.7799 0.0195038 -0.0480974 0.0854765 
qwerty 194 192 0 1.04181 -1.63904 -1.43011 15.1 0.0195038 -0.0480974 0.0854765 
qwerty 194 192 0 1.04181 -1.48502 -1.80993 15.775 0.0195038 -0.0480974 0.0854765 
qwerty 194 192 0 1.04181 -1.331 -2.18975 16.45 0.0195038 -0.0480974 0.0854765 
qwerty 194 192 0 1.04181 -1.25 -2.3895 16.805 0.0195038 -0.0480974 0.0854765 
qwerty 194 192 0 1.04181 -1.17698 -2.56957 17.125 0.0195038 -0.0480974 0.0854765 
qwerty 194 192 0 0.719767 -1.0467 -2.89084 17.6959 0.0442763 0.0132645 0.0886773 
qwerty 194 192 0 0.719767 -0.994745 -2.87528 17.8 0.0442763 0.0132645 0.0886773 
qwerty 194 192 0 0.719767 -0.65772 -2.77431 18.475 0.0442763 0.0132645 0.0886773 
qwerty 194 192 0 0.719767 -0.320695 -2.67334 19.15 0.0442763 0.0132645 0.0886773 
qwerty 194 192 0 0.719767 0.01633 -2.57238 19.825 0.0442763 0.0132645 0.0886773 
qwerty 194 192 0 0.719767 0.353355 -2.47141 20.5 0.0442763 0.0132645 0.0886773 
qwerty 194 192 0 0.719767 0.69038 -2.37044 21.175 0.0442763 0.0132645 0.0886773 
qwerty 194 192 0 0.719767 1.02741 -2.26947 21.85 0.0442763 0.0132645 0.0886773 
qwerty 194 192 0 0.719767 1.25 -2.20279 22.2958 0.0442763 0.0132645 0.0886773 
qwerty 194 192 0 0.719767 1.36443 -2.16851 22.525 0.0442763 0.0132645 0.0886773 
qwerty 194 192 0 0.719767 1.70146 -2.06754 23.2 0.0442763 0.0132645 0.0886773 
qwerty 194 192 0 0.719767 2.03848 -1.96657 23.875 0.0442763 0.0132645 0.0886773 
qwerty 194 192 0 0.719767 2.37551 -1.8656 24.55 0.0442763 0.0132645 0.0886773 
qwerty 194 192 0 0.719767 2.71253 -1.76464 25.225 0.0442763 0.0132645 0.0886773 
qwerty 199 194 0.19134 0.130705 -1.04091 -2.93172 17.7152 -0.004754 -0.0718492 0.0693909 
qwerty 199 194 0.130705 0 -1.04151 -2.94086 17.724 -0.004754 -0.0718492 0.0693909 
qwerty 36 28 0 1.11236 -1.438 -0.394365 11.725 -0.0163852 -0.0218876 0.0961897 
qwerty 36 28 0 1.11236 -1.55298 -0.547958 12.4 -0.0163852 -0.0218876 0.0961897 
qwerty 36 28 0 1.11236 -1.66796 -0.701552 13.075 -0.0163852 -0.0218876 0.0961897 
qwerty 36 28 0 1.11236 -1.78294 -0.855145 13.75 -0.0163852 -0.0218876 0.0961897 
qwerty 36 28 0 1.11236 -1.89792 -1.00874 14.425 -0.0163852 -0.0218876 0.0961897 
qwerty 36 28 0 1.11236 -2.0129 -1.16233 15.1 -0.0163852 -0.0218876 0.0961897 
qwerty 36 28 0 1.11236 -2.12789 -1.31593 15.775 -0.0163852 -0.0218876 0.0961897 
qwerty 36 28 0 1.11236 -2.24287 -1.46952 16.45 -0.0163852 -0.0218876 0.0961897 
qwerty 36 28 0 1.11236 -2.35785 -1.62311 17.125 -0.0163852 -0.0218876 0.0961897 
qwerty 36 28 0 1.11236 -2.47283 -1.77671 17.8 -0.0163852 -0.0218876 0.0961897 
qwerty 36 28 0 1.11236 -2.58781 -1.9303 18.475 -0.0163852 -0.0218876 0.0961897 
qwerty 36 28 0 0.256146 -2.79392 -2.4977 17.975 -0.0218531 -0.0637263 -0.0739013 
qwerty 36 28 0 0.256146 -2.99352 -3.07976 17.3 -0.0218531 -0.0637263 -0.0739013 
qwerty 202 36 0.0022262 0.136425 -2.99329 -3.08164 17.3009 0.0309677 -0.073493 0.0603306 
qwerty 202 36 0.00479307 0.131632 -2.99311 -3.08265 17.3018 0.00727334 -0.0847086 0.0526455 
qwerty 202 36 0.00321228 0.12842 -2.99296 -3.08364 17.3027 0.00757773 -0.078773 0.0611343 
qwerty 202 36 0.00670326 0.121716 -2.99275 -3.08513 17.3035 0.00683868 -0.0891562 0.0447705 
qwerty 202 36 0.00757036 0.114146 -2.99242 -3.08694 17.3042 0.00152169 -0.0996989 0.00760392 
qwerty 202 36 0.0178302 0.0963158 -2.99188 -3.08953 17.3039 0.0127906 -0.0952221 -0.0277335 
qwerty 202 36 0.00760824 0.0887076 -2.99139 -3.09127 17.3029 0.00951003 -0.073772 -0.0668375 
qwerty 202 36 0.0250688 0.0636388 -2.99086 -3.09262 17.3017 0.063124 -0.06837 -0.0366185 
qwerty 202 36 0.00566107 0.0579777 -2.99021 -3.0932 17.301 0.0504958 -0.0631234 -0.0588695 
qwerty 202 36 0.00685789 0.0511198 -2.98943 -3.09378 17.3002 0.0613283 -0.0552651 -0.0564324 
qwerty 202 36 0.00150498 0.0496148 -2.98922 -3.09397 17.3 0.0647733 -0.0613566 -0.0451639 
qwerty 35 28 0 0.531479 -1.25 -0.277334 11.2833 0.0854343 -0.019634 0.0481194 
qwerty 35 28 0 0.531479 -0.465816 -0.45755 11.725 0.0854343 -0.019634 0.0481194 
qwerty 203 35 1.03675 2.41548 -1.42313 -0.0202356 11.6593 -0.0361694 0.0634116 0.0683429 
qwerty 203 35 0.118183 2.2973 -1.45788 0.040689 11.725 -0.028829 0.0654597 0.069885 
qwerty 206 203 0 0.0185269 -1.44488 0.0195389 11.725 -0.0272587 0.0498482 0.0822929 
qwerty 33 28 0 39.847 -1.31266 -0.278787 11.05 -0.00875067 -0.00221828 0.0995917 
qwerty 33 28 0 39.847 -1.37197 -0.293822 11.725 -0.00875067 -0.00221828 0.0995917 
qwerty 33 28 0 39.847 -1.43128 -0.308856 12.4 -0.00875067 -0.00221828 0.0995917 
qwerty 33 28 0 39.847 -1.49059 -0.323891 13.075 -0.00875067 -0.00221828 0.0995917 
qwerty 33 28 0 39.847 -1.5499 -0.338926 13.75 -0.00875067 -0.00221828 0.0995917 
qwerty 33 28 0 39.847 -1.60921 -0.353961 14.425 -0.00875067 -0.00221828 0.0995917 
qwerty 209 33 0 9.18202 -1.68511 -0.349089 14.6 -0.0980941 0.0102469 -0.0165093 
qwerty 209 33 1.00556 6.51025 -1.62697 -0.321167 14.9478 0.0346593 -0.00964023 0.0933049 
qwerty 209 33 0.400009 6.11024 -1.57042 -0.336897 15.1 0.0457247 -0.00275751 0.0888912 
qwerty 209 33 0.963938 2.66586 -1.8494 -0.856547 15.0075 -0.0621581 -0.0597975 -0.0506026 
qwerty 209 33 0.618578 2.04728 -2.11283 -1.18787 14.9223 -0.058319 -0.0723645 -0.0369091 
qwerty 209 33 0.140504 1.90678 -2.1629 -1.25 14.8907 -0.0692415 -0.062656 -0.0357748 
qwerty 209 33 0.518543 1.38824 -2.39092 -1.37061 14.672 -0.0834484 -0.0221989 -0.0504339 
qwerty 209 33 0.205757 1.18248 -2.50998 -1.40229 14.6 -0.0617843 -0.0294032 -0.0729257 
qwerty 209 33 0.241962 0.675619 -2.55358 -1.42357 14.6534 -0.0200214 0.0421173 0.0884606 
qwerty 209 33 0.12781 0.547809 -2.55562 -1.40219 14.7091 0.00342056 0.0735273 0.0676908 
qwerty 209 33 0.107405 0.440405 -2.53426 -1.35277 14.7382 -0.0332381 0.0636645 0.0695849 
qwerty 209 33 0.138972 0.301433 -2.57683 -1.33976 14.7863 -0.0778571 0.0389329 0.0492189 
qwerty 209 33 0.301433 0 -2.6387 -1.31695 14.7661 -0.0992932 -0.00684346 0.00969645 
qwerty 218 211 0 0.398491 -1.28893 0.656243 15.1 0.0303675 0.0851537 0.0427395 
qwerty 218 211 0 0.398491 -0.809323 2.0011 15.775 0.0303675 0.0851537 0.0427395 
qwerty 218 211 0 0.398491 -0.329719 3.34596 16.45 0.0303675 0.0851537 0.0427395 
qwerty 218 211 0 0.398491 0.149886 4.69083 17.125 0.0303675 0.0851537 0.0427395 
qwerty 218 211 0 0.398491 0.62949 6.03569 17.8 0.0303675 0.0851537 0.0427395 
qwerty 218 211 0 0.398491 1.10909 7.38055 18.475 0.0303675 0.0851537 0.0427395 
qwerty 218 211 0 0.398491 1.5887 8.72541 19.15 0.0303675 0.0851537 0.0427395 
qwerty 218 211 0 0.398491 2.0683 10.0703 19.825 0.0303675 0.0851537 0.0427395 
qwerty 218 211 0 0.398491 2.48902 11.25 20.4171 0.0303675 0.0851537 0.0427395 
qwerty 218 211 0 0.398491 2.54791 11.4151 20.5 0.0303675 0.0851537 0.0427395 
qwerty 214 209 0.00029101 0 -1.623 -0.322411 14.9548 0.0486244 -0.0152064 0.086049 
qwerty 225 214 0.0024184 0 -1.623 -0.32242 14.9548 -0.0383772 -0.0869248 0.0311652 
qwerty 213 209 0 0.643002 -1.6104 -0.417297 15.1 0.0222888 -0.015853 0.0961868 
qwerty 213 209 0 0.601768 -1.56307 -0.450962 15.3043 0.0286033 -0.0459085 0.0841086 
qwerty 213 209 0 0.601768 -1.40298 -0.707905 15.775 0.0286033 -0.0459085 0.0841086 
qwerty 213 209 0 0.601768 -1.17343 -1.07634 16.45 0.0286033 -0.0459085 0.0841086 
qwerty 213 209 0 0.601768 -0.94388 -1.44477 17.125 0.0286033 -0.0459085 0.0841086 
qwerty 213 209 0 0.601768 -0.714328 -1.8132 17.8 0.0286033 -0.0459085 0.0841086 
qwerty 213 209 0 0.601768 -0.484777 -2.18163 18.475 0.0286033 -0.0459085 0.0841086 
qwerty 213 209 0 0.601768 -0.255225 -2.55006 19.15 0.0286033 -0.0459085 0.0841086 
qwerty 213 209 0 0.601768 -0.0256738 -2.91849 19.825 0.0286033 -0.0459085 0.0841086 
qwerty 213 209 0 0.601768 0.203878 -3.28692 20.5 0.0286033 -0.0459085 0.0841086 
qwerty 213 209 0 0.601768 0.433429 -3.65535 21.175 0.0286033 -0.0459085 0.0841086 
qwerty 213 209 0 0.601768 0.662981 -4.02378 21.85 0.0286033 -0.0459085 0.0841086 
qwerty 213 209 0 0.601768 0.892532 -4.39222 22.525 0.0286033 -0.0459085 0.0841086 
qwerty 226 213 0.0412339 0 -1.56331 -0.449538 15.3052 -0.0137586 0.0832578 0.0536548 
qwerty 32 28 0 0.203054 -1.31879 -0.285978 11.05 -0.00985517 -0.00333981 0.0994571 
qwerty 31 28 0 2.60203 -1.32543 -0.281163 11.05 -0.0110893 -0.00265362 0.0993478 
qwerty 31 28 0 2.60203 -1.40077 -0.299193 11.725 -0.0110893 -0.00265362 0.0993478 
qwerty 31 28 0 2.60203 -1.47612 -0.317222 12.4 -0.0110893 -0.00265362 0.0993478 
qwerty 31 28 0 2.60203 -1.55146 -0.335252 13.075 -0.0110893 -0.00265362 0.0993478 
qwerty 31 28 0 2.60203 -1.62681 -0.353281 13.75 -0.0110893 -0.00265362 0.0993478 
qwerty 31 28 0 2.60203 -1.70215 -0.371311 14.425 -0.0110893 -0.00265362 0.0993478 
qwerty 31 28 0 1.02941 -2.44933 -0.279057 15.1 -0.0777904 0.00997557 0.0620414 
qwerty 31 28 0 1.02941 -3.29568 -0.170524 15.775 -0.0777904 0.00997557 0.0620414 
qwerty 31 28 0 1.02941 -4.14202 -0.0619917 16.45 -0.0777904 0.00997557 0.0620414 
qwerty 31 28 0 1.02323 -5.02385 0.127161 17.125 -0.0783021 0.0173521 0.0597301 
qwerty 31 28 0 0.445629 -5.55929 0.245818 17.5334 -0.00785093 0.0975795 0.0204109 
qwerty 31 28 0 0.445629 -5.64009 1.25 17.7435 -0.00785093 0.0975795 0.0204109 
qwerty 31 28 0 0.445629 -5.66182 1.52014 17.8 -0.00785093 0.0975795 0.0204109 
qwerty 232 31 0.260842 0.316754 -5.62169 0.162641 17.5988 -0.0351114 -0.0896618 -0.0269805 
qwerty 232 31 0.316754 0 -5.64036 0.114964 17.5844 -0.0351114 -0.0896618 -0.0269805 
qwerty 30 28 0 90.1486 -1.3235 -0.282347 11.05 -0.0107777 -0.00285247 0.0993766 
qwerty 30 28 0 90.1486 -1.3967 -0.301722 11.725 -0.0107777 -0.00285247 0.0993766 
qwerty 30 28 0 90.1486 -1.46991 -0.321097 12.4 -0.0107777 -0.00285247 0.0993766 
qwerty 30 28 0 90.1486 -1.54311 -0.340472 13.075 -0.0107777 -0.00285247 0.0993766 
qwerty 30 28 0 90.1486 -1.61632 -0.359847 13.75 -0.0107777 -0.00285247 0.0993766 
qwerty 30 28 0 90.1486 -1.68952 -0.379222 14.425 -0.0107777 -0.00285247 0.0993766 
qwerty 30 28 0 90.1486 -1.76273 -0.398597 15.1 -0.0107777 -0.00285247 0.0993766 
qwerty 30 28 0 90.1486 -1.83594 -0.417972 15.775 -0.0107777 -0.00285247 0.0993766 
qwerty 30 28 0 90.1486 -1.90914 -0.437347 16.45 -0.0107777 -0.00285247 0.0993766 
qwerty 30 28 0 90.1486 -1.98235 -0.456722 17.125 -0.0107777 -0.00285247 0.0993766 
qwerty 30 28 0 90.1486 -2.05555 -0.476097 17.8 -0.0107777 -0.00285247 0.0993766 
qwerty 29 28 0 0.130245 -1.32685 -0.288716 11.05 -0.0113087 -0.00389358 0.0992822 
qwerty 235 30 0.802534 63.495 -2.15425 -0.569983 18.475 -0.0138811 -0.0171169 0.0975414 
qwerty 235 30 0.412292 26.4947 -2.22996 -0.620911 18.9171 -0.0132705 -0.00335507 0.0990588 
qwerty 235 30 0.463339 26.0314 -2.26116 -0.628801 19.15 -0.0177898 -0.00274628 0.0983666 
qwerty 234 30 0.978482 20.1809 -2.1922 -0.61213 18.475 -0.0248298 -0.035022 0.0903158 
qwerty 234 30 0.256477 16.5815 -2.10671 -0.678107 18.7793 0.0716511 -0.0030409 0.0696913 
qwerty 234 30 0.43104 16.1481 -1.89612 -0.689281 18.9632 0.0748711 -0.00735271 0.0658806 
qwerty 234 30 0.453261 15.6948 -1.68385 -0.710126 19.15 0.0670591 -0.00456085 0.0740424 
qwerty 234 30 0.486582 12.3988 -1.25 -0.761323 19.4033 0.0947104 -0.0191183 0.0257765 
qwerty 234 30 2.58143 9.81736 0.209016 -1.05663 19.824 0.0883817 0.00465811 0.0465509 
qwerty 234 30 0.00260439 9.81476 0.210935 -1.05653 19.825 0.0885625 0.00535733 0.04613 
qwerty 253 234 0 5.12428 0.720818 -1.01259 20.5 0.0538759 0.00671617 0.0839779 
qwerty 253 234 0 5.12428 1.15386 -0.95861 21.175 0.0538759 0.00671617 0.0839779 
qwerty 253 234 0 5.12428 1.58691 -0.904627 21.85 0.0538759 0.00671617 0.0839779 
qwerty 253 234 0 5.12428 2.01995 -0.850643 22.525 0.0538759 0.00671617 0.0839779 
qwerty 251 234 0.00029101 0 -1.89383 -0.689525 18.9653 0.0734303 -0.00782954 0.0674291 
qwerty 261 251 0.00209954 0 -1.89383 -0.689526 18.9653 -0.075906 -0.0156822 0.063185 
qwerty 250 234 0.00029101 0 -2.10348 -0.678039 18.7822 0.0734977 0.0015322 0.0677919 
qwerty 262 250 0.00218675 0 -2.10348 -0.678037 18.7822 -0.0693016 0.0308181 0.0651731 
qwerty 249 234 0 0.347185 -2.29502 -0.927413 19.15 -0.0134485 -0.041962 0.0897682 
qwerty 247 235 0 0.510999 -1.84194 -0.367045 19.825 0.0616477 0.0268223 0.0740279 
qwerty 247 235 0 0.33905 -2.06688 0.330125 20.5 -0.0284843 0.0707692 0.0646557 
qwerty 247 235 0 0.33905 -2.36426 1.06895 21.175 -0.0284843 0.0707692 0.0646557 
qwerty 247 235 0 0.243775 -2.8094 2.90594 20.7367 -0.0652985 0.07494 0.0109597 
qwerty 247 235 0 0.243775 -3.75 3.98543 20.8946 -0.0652985 0.07494 0.0109597 
qwerty 247 235 0 0.243775 -5.42066 5.90276 21.175 -0.0652985 0.07494 0.0109597 
qwerty 267 247 0.0214455 0 -2.80904 2.90618 20.7364 0.0660977 0.0453654 -0.0597752 
qwerty 246 235 0 0.510999 -2.82044 -0.792779 18.65 -0.0616477 -0.0268223 -0.0740279 
qwerty 246 235 0 0.510999 -3.38256 -1.03735 17.975 -0.0616477 -0.0268223 -0.0740279 
qwerty 244 235 0 0.260522 -2.01313 0.306591 19.825 0.0268212 0.0827824 0.0492718 
qwerty 244 235 0 0.260522 -1.70747 1.25 20.3865 0.0268212 0.0827824 0.0492718 
qwerty 244 235 0 0.260522 -1.64569 1.44067 20.5 0.0268212 0.0827824 0.0492718 
qwerty 243 235 0 13.887 -2.4335 -0.575248 19.825 -0.0236919 0.00662454 0.0969268 
qwerty 241 235 0 6.2529 -2.40815 -0.608394 19.825 -0.0210861 0.00311303 0.097702 
qwerty 241 235 0 6.2529 -2.55383 -0.586887 20.5 -0.0210861 0.00311303 0.097702 
qwerty 241 235 0 6.2529 -2.69951 -0.56538 21.175 -0.0210861 0.00311303 0.097702 
qwerty 241 235 0 6.2529 -2.84519 -0.543872 21.85 -0.0210861 0.00311303 0.097702 
qwerty 241 235 0 6.2529 -2.99087 -0.522365 22.525 -0.0210861 0.00311303 0.097702 
qwerty 241 235 0 6.2529 -3.13655 -0.500858 23.2 -0.0210861 0.00311303 0.097702 
qwerty 241 235 0 6.2529 -3.28223 -0.479351 23.875 -0.0210861 0.00311303 0.097702 
qwerty 276 274 0 0.400176 -3.60724 -0.69135 24.55 -0.0434275 -0.0271168 0.0858995 
qwerty 240 235 0 0.387515 -2.40496 -0.681666 19.825 -0.0207477 -0.00783874 0.0975094 
qwerty 239 235 0 0 -2.24524 -0.624185 19.0337 -0.0129847 -0.00278185 0.0991144 
qwerty 279 239 0.130308 0 -2.24047 -0.613327 19.0381 0.0376959 0.0857844 0.0349293 
qwerty 238 235 0 1.31461 -2.24275 -0.712278 19.15 -0.01086 -0.0211617 0.09713 
qwerty 238 235 0 1.31461 -2.31822 -0.85934 19.825 -0.01086 -0.0211617 0.09713 
qwerty 238 235 0 1.31461 -2.39369 -1.0064 20.5 -0.01086 -0.0211617 0.09713 
qwerty 238 235 0 1.31461 -2.46916 -1.15346 21.175 -0.01086 -0.0211617 0.09713 
qwerty 238 235 0 1.31461 -2.5187 -1.25 21.6181 -0.01086 -0.0211617 0.09713 
qwerty 238 235 0 1.31461 -2.54463 -1.30053 21.85 -0.01086 -0.0211617 0.09713 
qwerty 238 235 0 1.31461 -2.6201 -1.44759 22.525 -0.01086 -0.0211617 0.09713 
qwerty 238 235 0 1.31461 -2.69557 -1.59465 23.2 -0.01086 -0.0211617 0.09713 
qwerty 238 235 0 1.31461 -2.77104 -1.74171 23.875 -0.01086 -0.0211617 0.09713 
qwerty 238 235 0 1.31461 -2.84652 -1.88877 24.55 -0.01086 -0.0211617 0.09713 
qwerty 238 235 0 1.31461 -2.92199 -2.03584 25.225 -0.01086 -0.0211617 0.09713 
qwerty 238 235 0 1.31461 -2.99746 -2.1829 25.9 -0.01086 -0.0211617 0.09713 
qwerty 238 235 0 1.31461 -3.07293 -2.32996 26.575 -0.01086 -0.0211617 0.09713 
qwerty 238 235 0 0.609374 -3.11089 -2.40394 26.9146 0.0742288 -0.0345557 0.0574108 
qwerty 238 235 0 0.609374 -2.67721 -2.60584 27.25 0.0742288 -0.0345557 0.0574108 
qwerty 281 238 0.23296 0.472275 -3.16026 -2.36472 26.9889 0.0703162 0.0385639 0.0597366 
qwerty 281 238 0.333406 0.138869 -3.09397 -2.32837 27.0453 0.0261908 -0.0964892 -0.0019699 
qwerty 281 238 0.138869 0 -3.09028 -2.34196 27.045 0.0261908 -0.0964892 -0.0019699 
qwerty 237 235 0 31.5553 -2.26112 -0.685294 19.15 -0.0141507 -0.0163812 0.097629 
qwerty 237 235 0 31.5553 -2.35896 -0.798552 19.825 -0.0141507 -0.0163812 0.097629 
qwerty 280 239 0.171467 0 -2.25407 -0.64103 19.039 -0.0447192 -0.0853309 0.0268111 
qwerty 280 239 0 0 -2.25407 -0.64103 19.039 -0.0447192 -0.0853309 0.0268111 
qwerty 272 243 0.897652 5.18839 -2.22571 -0.800107 20.5 0.0510561 -0.0420678 0.0749905 
qwerty 210 33 0.879965 18.6291 -1.87679 -0.501176 15.1 -0.0467826 -0.0207494 0.0859119 
qwerty 210 33 0.680742 14.1938 -2.22971 -0.52742 15.5283 -0.0708828 0.00325329 0.0704631 
qwerty 210 33 0.681894 13.5119 -2.47785 -0.516032 15.775 -0.0678317 0.00619126 0.0732156 
qwerty 210 33 0.976667 6.35618 -2.41168 -0.208867 16.45 0.0278821 0.0677927 0.0680201 
qwerty 193 37 0.917197 5.46045 -2.13725 -0.785907 14.425 -0.0176562 -0.0182496 0.0967223 
qwerty 193 37 0.708481 2.06888 -2.23236 -0.902713 15.0199 0.00670904 -0.0433374 0.0898713 
qwerty 193 37 0.196197 1.87268 -2.22637 -0.941359 15.1 0.0490616 -0.049112 0.0719789 
qwerty 193 37 0 1.48902 -2.21479 -0.939349 15.1 0.00444213 -0.0976316 0.0211741 
qwerty 193 37 0.309651 1.13429 -2.19152 -1.07108 14.9498 0.0773068 -0.0632054 -0.00536125 
qwerty 193 37 0.363574 0.770714 -2.03668 -1.22026 14.979 0.0682464 -0.00120893 0.073082 
qwerty 193 37 0.449893 0.320822 -1.93508 -1.22149 15.0977 -0.0330387 0.0593492 0.0733902 
qwerty 193 37 0.00654967 0.314272 -1.9361 -1.21967 15.1 -0.0225147 0.0660255 0.07165 
qwerty 161 47 0.0166844 9.56891 -2.1104 -0.473004 17.3097 0.00210559 -0.0726754 0.0686575 
qwerty 161 47 1.30716 8.26175 -2.09537 -0.991977 17.8 -0.00300982 -0.076335 0.0645283 
qwerty 126 55 0.842534 5.1102 -2.80043 0.57012 24.55 -0.00282618 0.0131651 0.0990893 
qwerty 126 55 0.263519 0.971997 -2.70126 0.752863 24.7361 0.0551037 0.0834197 0.00217413 
qwerty 126 55 0.326525 0.645472 -2.62437 0.879162 24.7262 0.0627891 0.0683897 -0.0371533 
qwerty 126 55 0.00636467 0.639108 -2.62228 0.881438 24.725 0.0653695 0.066813 -0.0355366 
qwerty 126 55 0.0385547 0.569817 -2.61643 0.893756 24.7404 -0.00672228 0.0583754 0.0809143 
qwerty 126 55 0.0576691 0.512148 -2.62388 0.907069 24.7655 -0.0568377 0.0615064 0.0546484 
qwerty 126 55 0.0522816 0.459866 -2.63617 0.923369 24.7833 -0.0827863 0.052629 0.0194065 
qwerty 126 55 0.0647088 0.395157 -2.66429 0.933938 24.7998 0.0624967 0.0356483 0.0694504 
qwerty 126 55 0.067038 0.328119 -2.64533 0.945985 24.8314 0.0416644 0.0808431 0.0415749 
qwerty 126 55 0.328119 0 -2.62198 0.991299 24.8547 0.0416644 0.0808431 0.0415749 
qwerty 126 55 0 0 -2.62198 0.991299 24.8547 0.0416644 0.0808431 0.0415749 
qwerty 320 161 0.128375 0.245019 -2.11547 -0.48057 17.3097 -0.0362736 -0.0899476 -0.0243649 
qwerty 320 161 0.038531 0.206488 -2.1168 -0.489118 17.3082 -0.0512341 -0.0718264 -0.0470748 
qwerty 320 161 0.0182853 0.188203 -2.12102 -0.494952 17.3068 -0.0285923 -0.0947 -0.0146421 
qwerty 320 161 0.0221099 0.166093 -2.12169 -0.502625 17.3065 -0.0199207 -0.0977137 -0.00742968 
qwerty 320 161 0.0482216 0.117871 -2.12413 -0.510746 17.3069 -0.0241965 -0.0970261 0.000685836 
qwerty 320 161 0.0266529 0.0912186 -2.12199 -0.518342 17.3069 -0.0392055 -0.0848062 0.0356489 
qwerty 320 161 0.0325713 0.0586474 -2.12375 -0.52551 17.3043 0.02827 -0.0959173 0.000824617 
qwerty 320 161 0.0586474 0 -2.12284 -0.528568 17.3043 0.02827 -0.0959173 0.000824617 
qwerty 307 210 0.347622 0.0450552 -2.3008 -0.532007 15.5101 -0.0875186 0.0452297 0.0171687 
qwerty 307 210 0.0450552 0 -2.30255 -0.531102 15.5105 -0.0875186 0.0452297 0.0171687 
qwerty 329 283 0 1.14884 -1.94944 -1.25 20.057 0.0721792 -0.0642686 0.0256848 
qwerty 329 283 0 1.14884 -0.704617 -2.3584 20.5 0.0721792 -0.0642686 0.0256848 
qwerty 328 283 0 16.0338 -2.26971 -1.11015 20.5 0.0214158 -0.0453768 0.0865004 
qwerty 328 283 0 16.0338 -2.10259 -1.46425 21.175 0.0214158 -0.0453768 0.0865004 
qwerty 328 283 0 16.0338 -1.93548 -1.81834 21.85 0.0214158 -0.0453768 0.0865004 
qwerty 328 283 0 16.0338 -1.76836 -2.17244 22.525 0.0214158 -0.0453768 0.0865004 
qwerty 328 283 0 16.0338 -1.60124 -2.52653 23.2 0.0214158 -0.0453768 0.0865004 
qwerty 328 283 0 16.0338 -1.43413 -2.88063 23.875 0.0214158 -0.0453768 0.0865004 
qwerty 328 283 0 16.0338 -1.26701 -3.23472 24.55 0.0214158 -0.0453768 0.0865004 
qwerty 334 328 0 10.7154 -1.13753 -3.30736 24.725 0.0482835 -0.00787678 -0.0872161 
qwerty 334 328 0.986012 5.53064 -0.736793 -3.08372 24.0543 0.0487447 0.0332338 -0.0807432 
qwerty 334 328 0.00702251 5.52362 -0.734188 -3.08195 24.05 0.0492327 0.0342284 -0.0800285 
qwerty 341 334 0 0.195104 -0.021191 -3.942 23.375 0.0613606 -0.065477 -0.0441319 
qwerty 339 334 0 0.403942 -0.165113 -3.36965 23.375 0.0626847 -0.033717 -0.0702409 
qwerty 338 334 0 0.396462 -0.734592 -3.08178 24.05 0.0421746 0.0371638 -0.0827052 
qwerty 338 334 0 0.396462 -0.390383 -2.77847 23.375 0.0421746 0.0371638 -0.0827052 
qwerty 338 334 0 0.396462 -0.046174 -2.47516 22.7 0.0421746 0.0371638 -0.0827052 
qwerty 336 334 0 0.415645 -0.261604 -1.90993 24.05 0.0496095 0.078125 -0.0378865 
qwerty 336 334 0 0.415645 0.622259 -0.518021 23.375 0.0496095 0.078125 -0.0378865 
qwerty 349 336 0.00689615 0.215192 -1.14311 -3.30229 24.7267 0.0663492 0.00443322 0.0746868 
qwerty 349 336 0.0121836 0.203008 -1.14119 -3.30265 24.7288 0.0646392 0.0176678 0.0742269 
qwerty 349 336 0.00703614 0.195972 -1.13914 -3.30269 24.731 0.0704633 0.0266096 0.0657788 
qwerty 349 336 0.0118325 0.18414 -1.13647 -3.30107 24.7329 0.0380342 0.0626919 0.0679936 
qwerty 349 336 0.00885908 0.175281 -1.13486 -3.29916 24.737 0.0356679 0.0591026 0.0723511 
qwerty 349 336 0.0174398 0.157841 -1.13095 -3.29495 24.7408 0.0235482 0.0955039 -0.0180133 
qwerty 349 336 0.0254892 0.132352 -1.13 -3.28775 24.7394 0.0176646 0.0977561 0.0114759 
qwerty 349 336 0.0304302 0.101921 -1.1256 -3.28144 24.741 0.0187531 -0.0481333 0.0856242 
qwerty 349 336 0.0503576 0.0515639 -1.12462 -3.2826 24.7483 0.0844599 -0.0356339 0.0399593 
qwerty 349 336 0.0515639 0 -1.12247 -3.28351 24.7493 0.0844599 -0.0356339 0.0399593 
qwerty 327 283 0 3.85931 -2.50547 -1.0063 20.5 -0.0169661 -0.0313422 0.0934335 
qwerty 327 283 0 3.72603 -2.61656 -1.21152 21.1118 -0.0251015 -0.0354843 0.0900599 
qwerty 327 283 0 3.72603 -2.63418 -1.23643 21.175 -0.0251015 -0.0354843 0.0900599 
qwerty 327 283 0 3.72603 -2.82232 -1.50238 21.85 -0.0251015 -0.0354843 0.0900599 
qwerty 327 283 0 3.72603 -3.01045 -1.76834 22.525 -0.0251015 -0.0354843 0.0900599 
qwerty 327 283 0 3.72603 -3.19859 -2.03429 23.2 -0.0251015 -0.0354843 0.0900599 
qwerty 327 283 0 3.72603 -3.38672 -2.30025 23.875 -0.0251015 -0.0354843 0.0900599 
qwerty 327 283 0 3.72603 -3.57486 -2.5662 24.55 -0.0251015 -0.0354843 0.0900599 
qwerty 327 283 0 3.72603 -3.75 -2.81379 25.1784 -0.0251015 -0.0354843 0.0900599 
qwerty 327 283 0 3.72603 -3.763 -2.83216 25.225 -0.0251015 -0.0354843 0.0900599 
qwerty 327 283 0 3.72603 -3.95113 -3.09812 25.9 -0.0251015 -0.0354843 0.0900599 
qwerty 327 283 0 0.904541 -3.83694 -2.8457 26.575 0.0215844 0.0443079 0.0870111 
qwerty 327 283 0 0.904541 -3.6695 -2.50198 27.25 0.0215844 0.0443079 0.0870111 
qwerty 351 327 0.133279 0 -2.60716 -1.20775 21.1202 0.0714882 0.0286857 0.0637697 
qwerty 326 126 0 0.510999 -2.64197 0.753007 25.225 -0.00453399 -0.0540548 0.0840091 
qwerty 326 126 0 0.510999 -2.6784 0.318685 25.9 -0.00453399 -0.0540548 0.0840091 
qwerty 326 126 0 0.510999 -2.71483 -0.115637 26.575 -0.00453399 -0.0540548 0.0840091 
qwerty 325 126 0 0.510999 -2.61498 1.07473 24.725 0.00453399 0.0540548 -0.0840091 
qwerty 325 126 0 0.510999 -2.60028 1.25 24.4526 0.00453399 0.0540548 -0.0840091 
qwerty 325 126 0 0.510999 -2.57855 1.50905 24.05 0.00453399 0.0540548 -0.0840091 
qwerty 325 126 0 0.510999 -2.2429 1.79764 23.375 0.0429335 0.0348821 -0.0833064 
qwerty 325 126 0 0.510999 -1.89503 2.08027 22.7 0.0429335 0.0348821 -0.0833064 
qwerty 324 126 0 0.338314 -1.31255 1.61958 25.225 0.0788665 0.0551212 0.0272347 
qwerty 324 126 0 0.338314 0.642115 2.98573 25.9 0.0788665 0.0551212 0.0272347 
qwerty 324 126 0 0.197984 0.356249 3.75 25.6583 -0.0516322 0.0782563 -0.0347859 
qwerty 324 126 0 0.197984 -0.0271752 4.33114 25.4 -0.0516322 0.0782563 -0.0347859 
qwerty 323 161 0 0.510999 -1.93476 0.360646 18.475 0.0100276 0.0908498 0.0405679 
qwerty 323 161 0 0.510999 -1.83659 1.25 18.8721 0.0100276 0.0908498 0.0405679 
qwerty 323 161 0 0.510999 -1.76791 1.87228 19.15 0.0100276 0.0908498 0.0405679 
qwerty 322 161 0 0.510999 -2.11253 -1.25 17.7558 -0.0100276 -0.0908498 -0.0405679 
qwerty 322 161 0 0.510999 -2.22519 -2.27071 17.3 -0.0100276 -0.0908498 -0.0405679 
qwerty 319 193 0 0.510999 -2.18216 -3.75642 15.775 -0.00939534 -0.0962468 0.0254615 
qwerty 319 193 0 0.510999 -2.42558 -6.25 16.4347 -0.00939534 -0.0962468 0.0254615 
qwerty 319 193 0 0.510999 -2.43124 -6.30798 16.45 -0.00939534 -0.0962468 0.0254615 
qwerty 318 193 0 0.510999 -1.74859 0.685178 14.6 0.00939534 0.0962468 -0.0254615 
qwerty 318 193 0 0.510999 -1.49951 3.23674 13.925 0.00939534 0.0962468 -0.0254615 
qwerty 318 193 0 0.510999 -1.24445 5.77091 13.25 0.00977798 0.0961529 -0.0256712 
qwerty 314 210 0 4.45136 -1.25 0.776297 17.0908 0.07048 0.0618153 0.0348057 
qwerty 314 210 0 4.45136 -1.18068 0.837097 17.125 0.07048 0.0618153 0.0348057 
qwerty 314 210 0 0.841029 -0.623183 0.885217 17.8 0.0497198 -0.021907 0.0839525 
qwerty 314 210 0 0.841029 -0.223423 0.709079 18.475 0.0497198 -0.021907 0.0839525 
qwerty 373 371 0 0.443474 0.134931 5.79657 16.625 0.0226656 0.0963974 -0.0139215 
qwerty 373 371 0 0.248761 0.629744 6.25 16.0419 0.0545253 -0.0321087 -0.0774339 
qwerty 373 371 0 0.229144 0.669772 6.22643 15.985 0.0890387 -0.0348505 -0.0292841 
qwerty 373 371 0 0.229144 0.776236 6.18476 15.95 0.0890387 -0.0348505 -0.0292841 
qwerty 378 373 0.0196166 0 0.669555 6.22643 15.9846 -0.0478434 -1.12736e-05 -0.0878124 
qwerty 313 210 0 1.30609 -2.15647 -0.217149 17.125 0.0294943 -0.00736069 0.0952676 
qwerty 313 210 0 1.30609 -1.94749 -0.269302 17.8 0.0294943 -0.00736069 0.0952676 
qwerty 313 210 0 1.30609 -1.73852 -0.321454 18.475 0.0294943 -0.00736069 0.0952676 
qwerty 313 210 0 0.68164 -1.02307 0.269151 19.15 0.0639266 0.0567104 0.0519357 
qwerty 313 210 0 0.231516 -0.541952 0.532656 19.7113 -0.0570118 -0.0791755 0.0219294 
qwerty 313 210 0 0.231516 -0.837608 0.122062 19.825 -0.0570118 -0.0791755 0.0219294 
qwerty 382 313 0.191394 0.196277 -0.519326 0.5399 19.7683 0.0689551 -0.0478439 0.0543705 
qwerty 382 313 0.196277 0 -0.502131 0.527969 19.7819 0.0689551 -0.0478439 0.0543705 
qwerty 312 210 0 0.274999 -2.13284 -0.412573 16.4335 -0.0691073 0.0600605 0.040211 
qwerty 312 210 0 0.274999 -2.16112 -0.387994 16.45 -0.0691073 0.0600605 0.040211 
qwerty 384 312 0.019447 0.268275 -2.12478 -0.415163 16.4382 0.089443 -0.0362696 0.0261624 
qwerty 384 312 0.0108969 0.257378 -2.11891 -0.418462 16.4412 0.072251 -0.0363546 0.0588059 
qwerty 384 312 0.0220625 0.235316 -2.11568 -0.420681 16.445 0.0213867 -0.0949827 0.0228231 
qwerty 384 312 0.0116872 0.223628 -2.11553 -0.424967 16.4454 0.00896649 -0.0994099 0.00610541 
qwerty 384 312 0.0144231 0.209205 -2.11481 -0.429668 16.4447 0.00163276 -0.0990404 -0.0137232 
qwerty 384 312 0.0266388 0.182567 -2.11389 -0.434197 16.4445 0.0171573 -0.0926907 -0.0333776 
qwerty 384 312 0.0110897 0.171477 -2.11242 -0.437985 16.4423 0.0907413 -0.0306993 0.0286981 
qwerty 384 312 0.011827 0.15965 -2.10864 -0.438782 16.4442 0.0894576 0.0189595 0.0404706 
qwerty 384 312 0.0120939 0.147556 -2.10481 -0.436515 16.4467 0.0816288 0.0406057 0.0410842 
qwerty 384 312 0.00937229 0.138184 -2.10102 -0.435538 16.4475 0.018276 0.063684 -0.0749022 
qwerty 384 312 0.0129834 0.1252 -2.10162 -0.43205 16.4443 0.0209813 0.073947 -0.0639658 
qwerty 384 312 0.0179715 0.107229 -2.09962 -0.428442 16.4426 0.0244092 0.0866024 -0.0436373 
qwerty 384 312 0.0122604 0.0949686 -2.09879 -0.424894 16.4414 0.0453098 0.0838933 -0.0301486 
qwerty 384 312 0.0306474 0.0643212 -2.09603 -0.421532 16.4408 0.0205 0.0845452 -0.0493139 
qwerty 384 312 0.0643212 0 -2.09526 -0.418361 16.4389 0.0205 0.0845452 -0.0493139 
qwerty 304 210 0 0.640599 -2.13988 -0.590453 15.775 -0.0358441 -0.0123338 0.0925369 
qwerty 304 210 0 0.640599 -2.40134 -0.68042 16.45 -0.0358441 -0.0123338 0.0925369 
qwerty 304 210 0 0.640599 -2.6628 -0.770388 17.125 -0.0358441 -0.0123338 0.0925369 
qwerty 304 210 0 0.640599 -2.92426 -0.860355 17.8 -0.0358441 -0.0123338 0.0925369 
qwerty 304 210 0 0.640599 -3.18572 -0.950323 18.475 -0.0358441 -0.0123338 0.0925369 
qwerty 304 210 0 0.640599 -3.44718 -1.04029 19.15 -0.0358441 -0.0123338 0.0925369 
qwerty 304 210 0 0.640599 -3.70864 -1.13026 19.825 -0.0358441 -0.0123338 0.0925369 
qwerty 304 210 0 0.640599 -3.9701 -1.22023 20.5 -0.0358441 -0.0123338 0.0925369 
qwerty 304 210 0 0.389604 -3.98699 -1.60358 21.067 0.0684233 -0.022271 0.0694424 
qwerty 304 210 0 0.389604 -3.88061 -1.63821 21.175 0.0684233 -0.022271 0.0694424 
qwerty 392 304 0.109685 0 -3.99346 -1.60974 21.0701 -0.0684728 -0.0651855 0.0325932 
qwerty 303 210 0 3.01965 -1.86455 -0.521268 15.1 -0.0397726 -0.0240751 0.0885355 
qwerty 303 210 0 3.01965 -2.16778 -0.704818 15.775 -0.0397726 -0.0240751 0.0885355 
qwerty 303 210 0 3.01965 -2.47101 -0.888367 16.45 -0.0397726 -0.0240751 0.0885355 
qwerty 303 210 0 3.01965 -2.77424 -1.07192 17.125 -0.0397726 -0.0240751 0.0885355 
qwerty 303 210 0 3.01965 -3.06844 -1.25 17.7799 -0.0397726 -0.0240751 0.0885355 
qwerty 303 210 0 3.01965 -3.07747 -1.25547 17.8 -0.0397726 -0.0240751 0.0885355 
qwerty 303 210 0 3.01965 -3.3807 -1.43902 18.475 -0.0397726 -0.0240751 0.0885355 
qwerty 303 210 0 3.01965 -3.68393 -1.62257 19.15 -0.0397726 -0.0240751 0.0885355 
qwerty 303 210 0 3.01965 -3.98715 -1.80612 19.825 -0.0397726 -0.0240751 0.0885355 
qwerty 303 210 0 3.01965 -4.29038 -1.98967 20.5 -0.0397726 -0.0240751 0.0885355 
qwerty 303 210 0 3.01965 -4.59361 -2.17322 21.175 -0.0397726 -0.0240751 0.0885355 
qwerty 303 210 0 3.01965 -4.89684 -2.35677 21.85 -0.0397726 -0.0240751 0.0885355 
qwerty 303 210 0 3.01965 -5.20007 -2.54031 22.525 -0.0397726 -0.0240751 0.0885355 
qwerty 303 210 0 3.01965 -5.5033 -2.72386 23.2 -0.0397726 -0.0240751 0.0885355 
qwerty 303 210 0 2.4221 -5.69355 -2.83903 23.6235 -0.0516379 0.00210964 0.08561 
qwerty 303 210 0 2.4221 -5.84524 -2.83283 23.875 -0.0516379 0.00210964 0.08561 
qwerty 303 210 0 2.4221 -6.25239 -2.8162 24.55 -0.0516379 0.00210964 0.08561 
qwerty 303 210 0 2.4221 -6.65953 -2.79956 25.225 -0.0516379 0.00210964 0.08561 
qwerty 303 210 0 2.4221 -7.06667 -2.78293 25.9 -0.0516379 0.00210964 0.08561 
qwerty 303 210 0 2.4221 -7.47382 -2.7663 26.575 -0.0516379 0.00210964 0.08561 
qwerty 303 210 0 2.4221 -7.88096 -2.74966 27.25 -0.0516379 0.00210964 0.08561 
qwerty 303 210 0 2.4221 -8.2881 -2.73303 27.925 -0.0516379 0.00210964 0.08561 
qwerty 303 210 0 2.4221 -8.69525 -2.71639 28.6 -0.0516379 0.00210964 0.08561 
qwerty 303 210 0 2.4221 -9.10239 -2.69976 29.275 -0.0516379 0.00210964 0.08561 
qwerty 303 210 0 2.4221 -9.50953 -2.68313 29.95 -0.0516379 0.00210964 0.08561 
qwerty 395 303 0.281508 0.316044 -5.77852 -2.9254 23.7068 -0.0316144 -0.0852215 0.0416874 
qwerty 395 303 0.316044 0 -5.79527 -2.97056 23.7289 -0.0316144 -0.0852215 0.0416874 
qwerty 302 210 0 0.726533 -1.80477 -0.49246 15.1 -0.0299897 -0.0209848 0.0930605 
qwerty 302 210 0 0.726533 -2.0223 -0.644669 15.775 -0.0299897 -0.0209848 0.0930605 
qwerty 302 210 0 0.726533 -2.23982 -0.796879 16.45 -0.0299897 -0.0209848 0.0930605 
qwerty 302 210 0 0.194087 -2.22952 -0.831704 15.95 0.0038878 -0.00515932 -0.0997911 
qwerty 301 255 0 0.510999 1.53361 -1.03939 22.025 -0.0668133 -0.0254266 -0.0699247 
qwerty 301 255 0 0.510999 0.980203 -1.25 21.4458 -0.0668133 -0.0254266 -0.0699247 
qwerty 301 255 0 0.510999 0.888645 -1.28484 21.35 -0.0668133 -0.0254266 -0.0699247 
qwerty 301 255 0 0.510999 0.24368 -1.53029 20.675 -0.0668133 -0.0254266 -0.0699247 
qwerty 301 255 0 0.510999 -0.401285 -1.77574 20 -0.0668133 -0.0254266 -0.0699247 
qwerty 300 255 0 0.510999 2.65633 -0.612131 23.2 0.0668133 0.0254266 0.0699247 
qwerty 300 255 0 0.510999 3.30129 -0.366682 23.875 0.0668133 0.0254266 0.0699247 
qwerty 300 255 0 0.510999 3.94626 -0.121233 24.55 0.0668133 0.0254266 0.0699247 
qwerty 300 255 0 0.510999 4.59122 0.124216 25.225 0.0668133 0.0254266 0.0699247 
qwerty 297 272 0 0.238828 -1.64527 -0.821051 21.175 0.0625289 -0.00882069 0.0775392 
qwerty 296 272 0 0.447845 -1.55506 0.126035 20 0.0469472 0.0722256 -0.050788 
qwerty 296 272 0 0.447845 -1.25 0.595355 19.67 0.0469472 0.0722256 -0.050788 
qwerty 296 272 0 0.447845 -0.931108 1.08595 19.325 0.0469472 0.0722256 -0.050788 
qwerty 293 272 0 2.0974 -2.47614 -0.676074 20.5 -0.00661854 -0.0169969 0.0983224 
qwerty 293 272 0 0.326291 -3.35766 -1.12581 20 -0.0794831 -0.0405411 -0.0451538 
qwerty 292 272 0 1.25929 -2.3688 -0.668633 20.5 0.0132269 -0.0160546 0.0978126 
qwerty 292 272 0 1.25929 -2.27753 -0.779425 21.175 0.0132269 -0.0160546 0.0978126 
qwerty 292 272 0 1.25929 -2.18625 -0.890217 21.85 0.0132269 -0.0160546 0.0978126 
qwerty 292 272 0 1.25929 -2.09497 -1.00101 22.525 0.0132269 -0.0160546 0.0978126 
qwerty 292 272 0 1.25929 -2.00369 -1.1118 23.2 0.0132269 -0.0160546 0.0978126 
qwerty 292 272 0 1.25929 -1.91241 -1.22259 23.875 0.0132269 -0.0160546 0.0978126 
qwerty 292 272 0 1.25929 -1.82113 -1.33338 24.55 0.0132269 -0.0160546 0.0978126 
qwerty 292 272 0 1.25929 -1.72986 -1.44418 25.225 0.0132269 -0.0160546 0.0978126 
qwerty 292 272 0 1.25929 -1.63858 -1.55497 25.9 0.0132269 -0.0160546 0.0978126 
qwerty 292 272 0 1.25929 -1.5473 -1.66576 26.575 0.0132269 -0.0160546 0.0978126 
qwerty 292 272 0 1.25929 -1.45602 -1.77655 27.25 0.0132269 -0.0160546 0.0978126 
qwerty 292 272 0 1.25929 -1.36474 -1.88734 27.925 0.0132269 -0.0160546 0.0978126 
qwerty 292 272 0 1.25929 -1.27346 -1.99813 28.6 0.0132269 -0.0160546 0.0978126 
qwerty 292 272 0 1.25929 -1.18219 -2.10893 29.275 0.0132269 -0.0160546 0.0978126 
qwerty 292 272 0 1.24508 -1.05783 -2.25998 29.95 0.0191332 -0.023245 0.0953603 
qwerty 292 272 0 1.24508 -0.922396 -2.42452 30.625 0.0191332 -0.023245 0.0953603 
qwerty 292 272 0 1.24508 -0.786963 -2.58906 31.3 0.0191332 -0.023245 0.0953603 
qwerty 292 272 0 1.24508 -0.65153 -2.7536 31.975 0.0191332 -0.023245 0.0953603 
qwerty 292 272 0 1.24508 -0.516098 -2.91814 32.65 0.0191332 -0.023245 0.0953603 
qwerty 292 272 0 1.24508 -0.380665 -3.08267 33.325 0.0191332 -0.023245 0.0953603 
qwerty 292 272 0 1.24508 -0.245232 -3.24721 34 0.0191332 -0.023245 0.0953603 
qwerty 292 272 0 1.24508 -0.109799 -3.41175 34.675 0.0191332 -0.023245 0.0953603 
qwerty 291 275 0 0.510999 -3.48688 -1.25 24.5336 -0.0189585 -0.077931 0.0597272 
qwerty 291 275 0 0.510999 -3.49208 -1.27138 24.55 -0.0189585 -0.077931 0.0597272 
qwerty 290 275 0 0.510999 -3.11912 0.261737 23.375 0.0189585 0.077931 -0.0597272 
qwerty 289 280 0 0.510999 -2.76703 -0.0885801 18.65 -0.0604679 0.0651228 -0.0458547 
qwerty 289 280 0 0.431467 -2.88987 0.85504 17.975 -0.00324957 0.0812415 -0.0582173 
qwerty 288 280 0 0.510999 -2.10769 -0.798679 19.15 0.0604679 -0.0651228 0.0458547 
qwerty 287 284 0 0.510999 -2.63196 -1.62487 19.325 -0.0265443 -0.0784151 -0.0560935 
qwerty 287 284 0 0.45581 -2.80538 -2.13717 18.9585 -0.0642601 -0.0724055 -0.0250617 
qwerty 287 284 0 0.45581 -3.59648 -3.02855 18.65 -0.0642601 -0.0724055 -0.0250617 
qwerty 287 284 0 0.355299 -3.75 -3.16748 18.4623 -0.0412578 -0.0276514 -0.086794 
qwerty 287 284 0 0.355299 -3.98164 -3.32272 17.975 -0.0412578 -0.0276514 -0.086794 
qwerty 287 284 0 0.355299 -4.3025 -3.53777 17.3 -0.0412578 -0.0276514 -0.086794 
qwerty 422 287 0.0551886 0 -2.80353 -2.138 18.9565 0.0644994 -0.0289839 -0.070709 
qwerty 286 284 0 0.510999 -2.07593 0.0177005 20.5 0.0265443 0.0784151 0.0560935 
qwerty 286 284 0 0.510999 -1.74336 0.86874 21.175 0.0295903 0.0744899 0.0597969 
qwerty 286 284 0 0.510999 -1.5919 1.25 21.4811 0.0295903 0.0744899 0.0597969 
qwerty 286 284 0 0.510999 -1.40933 1.7096 21.85 0.0295903 0.0744899 0.0597969 
qwerty 286 284 0 0.510999 -1.25 2.1107 22.172 0.0295903 0.0744899 0.0597969 
qwerty 286 284 0 0.510999 -1.07531 2.55045 22.525 0.0295903 0.0744899 0.0597969 
qwerty 286 284 0 0.510999 -0.74129 3.39131 23.2 0.0295903 0.0744899 0.0597969 
qwerty 286 284 0 0.510999 -0.407268 4.23217 23.875 0.0295903 0.0744899 0.0597969 
qwerty 430 335 0 0.510999 -1.00599 -0.826167 25.225 0.00920565 0.0971791 0.0217133 
qwerty 430 335 0 0.354148 -0.460339 -0.101714 24.725 0.0549937 0.0640854 -0.0535608 
qwerty 429 335 0 0.510999 -1.50415 -6.08494 24.05 -0.00920565 -0.0971791 -0.0217133 
