qwerty 1 0 0 200 0 0 -0.249999 0 0 0.1 
qwerty 3 1 0 285.383 0.0759412 0.00880089 0.25 0.0150138 0.00173996 0.0988512 
qwerty 3 1 0 285.383 0.178462 0.0206821 0.925 0.0150138 0.00173996 0.0988512 
qwerty 2 1 0 49.5932 -0.875351 -0.101445 0.25 -0.0863966 -0.0100126 0.0493496 
qwerty 2 1 0 49.5932 -1.25 -0.144864 0.463999 -0.0863966 -0.0100126 0.0493496 
qwerty 2 1 0 49.5932 -2.05708 -0.238396 0.925 -0.0863966 -0.0100126 0.0493496 
qwerty 2 1 0 49.5932 -3.2388 -0.375347 1.6 -0.0863966 -0.0100126 0.0493496 
qwerty 2 1 0 49.5932 -3.75 -0.434591 1.892 -0.0863966 -0.0100126 0.0493496 
qwerty 2 1 0 49.5932 -4.42053 -0.512299 2.275 -0.0863966 -0.0100126 0.0493496 
qwerty 2 1 0 49.5932 -5.60225 -0.64925 2.95 -0.0863966 -0.0100126 0.0493496 
qwerty 2 1 0 49.5932 -6.25 -0.724318 3.31999 -0.0863966 -0.0100126 0.0493496 
qwerty 2 1 0 49.5932 -6.78398 -0.786201 3.625 -0.0863966 -0.0100126 0.0493496 
qwerty 2 1 0 49.5932 -7.96571 -0.923152 4.3 -0.0863966 -0.0100126 0.0493496 
qwerty 2 1 0 49.5932 -8.75 -1.01404 4.74799 -0.0863966 -0.0100126 0.0493496 
qwerty 2 1 0 49.5932 -9.14743 -1.0601 4.975 -0.0863966 -0.0100126 0.0493496 
qwerty 5 3 0.899384 157.168 0.303303 0.0320932 1.6 0.0193396 0.0015091 0.0981005 
qwerty 5 3 0.434481 150.254 0.417089 0.0282306 2.00475 0.028706 -0.00347192 0.0957283 
qwerty 5 3 0.443553 149.81 0.49813 0.0184289 2.275 0.0284393 -0.00314892 0.0958191 
qwerty 5 3 0.894844 115.303 0.675047 -0.0056079 2.95 0.0253644 -0.00367678 0.0966599 
qwerty 5 3 0.328944 104.783 0.776846 -0.0278131 3.34258 0.0265014 -0.00583883 0.0962475 
qwerty 5 3 0.0947004 104.249 0.796863 -0.0319848 3.41488 0.0260371 -0.00537594 0.0964011 
qwerty 5 3 0.32199 103.927 0.853615 -0.0437024 3.625 0.0263752 -0.0048285 0.0963381 
qwerty 5 3 0.790076 25.5514 1.0175 0.0114684 4.3 0.0352353 0.015231 0.092339 
qwerty 5 3 1.05691 15.5267 1.20828 -0.0517659 4.91244 -0.0281938 -0.0232705 0.0930784 
qwerty 5 3 0.0815025 15.4452 1.18933 -0.0674068 4.975 -0.0258055 -0.0268445 0.0928087 
qwerty 26 5 0.0597878 0.270793 1.18763 -0.0658185 4.91513 -0.0779796 -0.050929 -0.0364063 
qwerty 26 5 0.0826205 0.188172 1.16848 -0.0762794 4.89092 -0.0570456 -0.0644112 -0.0509607 
qwerty 26 5 0.188172 0 1.15519 -0.091276 4.87905 -0.0570456 -0.0644112 -0.0509607 
qwerty 20 5 0.299091 0.139915 0.877139 -0.0193186 3.44247 -0.000760277 -0.0718938 -0.0695032 
qwerty 20 5 0.139915 0 0.877031 -0.0295733 3.43256 -0.000760277 -0.0718938 -0.0695032 
qwerty 18 5 1.04126 3.90401 0.788903 0.182754 3.625 0.0323923 0.0375826 0.0868233 
qwerty 18 5 0.400412 2.67823 0.795635 0.152552 3.39915 0.0108036 -0.0194306 -0.0974974 
qwerty 18 5 0.411975 2.26626 0.826013 0.0979154 3.125 0.0510152 0.00748484 -0.0856821 
qwerty 18 5 0.615575 1.13993 0.630944 0.0679902 3.35843 -0.0737442 -0.0158984 0.0656433 
qwerty 18 5 0.11264 1.01647 0.591144 0.0639005 3.40046 -0.0667837 -0.0171848 0.0724198 
qwerty 18 5 0.381324 0.63515 0.47055 -0.0516421 3.52907 -0.0803494 -0.0556038 0.0212647 
qwerty 18 5 0.30139 0.33376 0.327381 -0.0808712 3.52171 -0.0806253 -0.0591401 -0.00141524 
qwerty 18 5 0.33376 0 0.280926 -0.114947 3.52089 -0.0806253 -0.0591401 -0.00141524 
qwerty 30 18 0.434492 0.0346266 0.837659 0.216402 3.34532 0.0667262 -0.0400676 0.062787 
qwerty 30 18 0.0346266 0 0.838495 0.2159 3.34611 0.0667262 -0.0400676 0.062787 
qwerty 11 5 0.335619 0 0.44071 0.075228 2.02945 0.0406471 0.0808758 0.0425078 
qwerty 6 2 0.208487 15.524 -9.52615 -1.1172 5.22234 -0.081958 -0.00893465 0.0565955 
qwerty 6 2 0.0835514 15.4338 -9.57235 -1.12202 5.25512 -0.0826006 -0.00763658 0.0558465 
qwerty 6 2 0.561829 13.665 -9.74358 -1.14726 5.36562 -0.0906178 -0.012689 0.040341 
qwerty 6 2 0.128929 13.1596 -9.82859 -1.15589 5.40379 -0.0887379 -0.0181649 0.0423747 
qwerty 6 2 0.936237 12.2234 -10.2883 -1.25 5.62332 -0.0876824 -0.0233981 0.0420039 
qwerty 6 2 0.0997644 12.1236 -10.344 -1.26486 5.65 -0.0881468 -0.02489 0.0401327 
qwerty 6 2 0.389517 6.38253 -10.5824 -1.53141 5.98762 0.000918559 -0.0788361 0.0615144 
qwerty 6 2 0.583826 5.70933 -10.5427 -1.87995 6.21562 -0.00102668 -0.0894877 0.0446194 
qwerty 6 2 0.383436 5.32589 -10.5453 -2.09932 6.325 -0.00475397 -0.0892364 0.0448806 
qwerty 6 2 0.335995 3.60826 -10.6657 -2.28855 6.32058 -0.069393 -0.070252 -0.0157879 
qwerty 6 2 0.904553 2.70371 -10.9663 -2.71332 6.24937 -0.0284426 -0.0797391 -0.053223 
qwerty 6 2 0.712054 1.99165 -11.1073 -2.97037 5.94041 -0.0469028 -0.0802859 -0.0368009 
qwerty 6 2 0.586147 1.40551 -11.25 -3.21456 5.82848 -0.0847549 -0.0314839 -0.0427243 
qwerty 6 2 0.00820911 1.3973 -11.2569 -3.21712 5.825 -0.0815934 -0.0356368 -0.0455251 
qwerty 37 6 0.168581 0.207864 -9.87667 -1.14257 5.37462 -0.0429335 0.0235805 -0.0871819 
qwerty 37 6 0.207864 0 -9.88842 -1.13611 5.35077 -0.0429335 0.0235805 -0.0871819 
qwerty 36 6 0.242248 0.96474 -9.79752 -1.04752 5.45473 0.0595603 0.0431211 0.0677727 
qwerty 36 6 0.194121 0.770619 -9.68775 -1.03119 5.52518 0.0657969 -0.00652742 0.0750211 
qwerty 36 6 0.249164 0.521454 -9.61905 -1.01324 5.63116 0.0582932 0.0667527 0.0463247 
qwerty 36 6 0.0809001 0.440554 -9.59535 -0.98609 5.65 0.0852297 0.0498319 -0.0158959 
qwerty 36 6 0.0188888 0.421665 -9.58391 -0.98155 5.64741 0.0839292 0.0347557 -0.0418082 
qwerty 36 6 0.0235207 0.398145 -9.57234 -0.976633 5.645 0.0811602 0.0394766 -0.0430654 
qwerty 36 6 0.0196825 0.378462 -9.56174 -0.972807 5.64231 0.086629 0.0259655 -0.0426756 
qwerty 36 6 0.0182173 0.360245 -9.55383 -0.970395 5.63722 0.057627 0.0274859 -0.0769653 
qwerty 36 6 0.0607692 0.299476 -9.54643 -0.96968 5.62786 0.0506489 -0.00254439 -0.0861871 
qwerty 36 6 0.0237685 0.275707 -9.53811 -0.971813 5.61774 0.0976681 0.0159635 -0.0143562 
qwerty 36 6 0.0579967 0.21771 -9.5209 -0.962032 5.61816 0.0839672 0.0322621 0.0436882 
qwerty 36 6 0.0496216 0.168089 -9.50778 -0.960144 5.6279 0.0563015 -0.0599154 0.0569235 
qwerty 36 6 0.031251 0.136838 -9.50036 -0.96211 5.63456 0.029957 0.0598064 -0.0743356 
qwerty 36 6 0.0399563 0.0968815 -9.49504 -0.957318 5.62878 0.00603793 0.0474056 -0.0878422 
qwerty 36 6 0.0968815 0 -9.49458 -0.953695 5.62207 0.00603793 0.0474056 -0.0878422 
qwerty 34 6 0.112156 0.364623 -9.5464 -1.14754 5.24521 -0.0625428 -0.0585175 0.051615 
qwerty 34 6 0.0963565 0.268266 -9.55917 -1.18873 5.26782 -0.00765472 -0.0836446 0.0542678 
qwerty 34 6 0.134205 0.134062 -9.56415 -1.20383 5.29585 -0.0383994 -0.087468 0.0295775 
qwerty 34 6 0.134062 0 -9.56925 -1.21545 5.29978 -0.0383994 -0.087468 0.0295775 
qwerty 4 3 0.912935 55.3483 0.282636 0.0544096 1.6 0.0156156 0.00645286 0.0985622 
qwerty 4 3 0.428724 46.0319 0.39383 0.191865 1.96452 0.0304772 0.0408974 0.0860148 
qwerty 4 3 0.579586 45.4523 0.503841 0.339488 2.275 0.030324 0.0383272 0.0872438 
qwerty 4 3 1.17927 13.2215 0.670656 1.25 2.65314 0.0276372 0.0924407 0.026285 
qwerty 4 3 1.70911 11.5124 0.98279 2.29402 2.95 0.0197892 0.091974 0.0338993 
qwerty 56 4 0 0.929757 -0.160364 3.40038 3.625 -0.0706219 0.0562266 0.0430246 
qwerty 56 4 0 0.929757 -0.599496 3.75 3.89253 -0.0706219 0.0562266 0.0430246 
qwerty 56 4 0 0.929757 -1.26833 4.2825 4.3 -0.0706219 0.0562266 0.0430246 
qwerty 56 4 0 0.929757 -2.37629 5.16462 4.975 -0.0706219 0.0562266 0.0430246 
qwerty 56 4 0 0.929757 -3.48426 6.04675 5.65 -0.0706219 0.0562266 0.0430246 
qwerty 53 4 0 6.11312 0.8113 0.88584 2.95 0.0338516 0.0597369 0.0727019 
qwerty 53 4 0 6.11312 1.1256 1.44047 3.625 0.0338516 0.0597369 0.0727019 
qwerty 53 4 0 6.11312 1.43989 1.99509 4.3 0.0338516 0.0597369 0.0727019 
qwerty 53 4 0 6.11312 1.75419 2.54972 4.975 0.0338516 0.0597369 0.0727019 
qwerty 53 4 0 6.11312 2.06848 3.10434 5.65 0.0338516 0.0597369 0.0727019 
qwerty 53 4 0 6.11312 2.38278 3.65897 6.325 0.0338516 0.0597369 0.0727019 
qwerty 53 4 0 6.11312 2.69707 4.2136 7 0.0338516 0.0597369 0.0727019 
qwerty 53 4 0 6.11312 3.01136 4.76822 7.675 0.0338516 0.0597369 0.0727019 
qwerty 53 4 0 6.11312 3.32566 5.32285 8.35 0.0338516 0.0597369 0.0727019 
qwerty 53 4 0 6.11312 3.63995 5.87748 9.025 0.0338516 0.0597369 0.0727019 
qwerty 53 4 0 6.11312 3.85106 6.25 9.47838 0.0338516 0.0597369 0.0727019 
qwerty 53 4 0 6.11312 3.95425 6.4321 9.7 0.0338516 0.0597369 0.0727019 
qwerty 53 4 0 6.11312 4.26854 6.98673 10.375 0.0338516 0.0597369 0.0727019 
qwerty 53 4 0 6.11312 4.58284 7.54135 11.05 0.0338516 0.0597369 0.0727019 
qwerty 53 4 0 6.11312 4.89713 8.09598 11.725 0.0338516 0.0597369 0.0727019 
qwerty 53 4 0 6.11312 5.21143 8.65061 12.4 0.0338516 0.0597369 0.0727019 
qwerty 53 4 0 6.11312 5.52572 9.20523 13.075 0.0338516 0.0597369 0.0727019 
qwerty 53 4 0 6.11312 5.84002 9.75986 13.75 0.0338516 0.0597369 0.0727019 
qwerty 53 4 0 6.11312 6.15431 10.3145 14.425 0.0338516 0.0597369 0.0727019 
qwerty 53 4 0 6.11312 6.46861 10.8691 15.1 0.0338516 0.0597369 0.0727019 
qwerty 53 4 0 6.11312 6.7829 11.4237 15.775 0.0338516 0.0597369 0.0727019 
qwerty 53 4 0 6.11312 7.0972 11.9784 16.45 0.0338516 0.0597369 0.0727019 
qwerty 53 4 0 6.11312 7.41149 12.533 17.125 0.0338516 0.0597369 0.0727019 
qwerty 53 4 0 6.11312 7.72579 13.0876 17.8 0.0338516 0.0597369 0.0727019 
qwerty 53 4 0 6.11312 8.04008 13.6422 18.475 0.0338516 0.0597369 0.0727019 
qwerty 53 4 0 6.11312 8.35438 14.1969 19.15 0.0338516 0.0597369 0.0727019 
qwerty 52 4 0 6.6045 0.737064 0.795155 2.95 0.0265634 0.0531986 0.0804009 
qwerty 52 4 0 6.6045 0.960075 1.24178 3.625 0.0265634 0.0531986 0.0804009 
qwerty 52 4 0 6.6045 1.18309 1.6884 4.3 0.0265634 0.0531986 0.0804009 
qwerty 50 4 0 14.962 0.776687 0.615531 2.95 0.0352813 0.0355293 0.0865615 
qwerty 50 4 0 14.962 1.05181 0.892585 3.625 0.0352813 0.0355293 0.0865615 
qwerty 50 4 0 14.962 1.32693 1.16964 4.3 0.0352813 0.0355293 0.0865615 
qwerty 50 4 0 14.962 1.60205 1.44669 4.975 0.0352813 0.0355293 0.0865615 
qwerty 50 4 0 14.962 1.87717 1.72375 5.65 0.0352813 0.0355293 0.0865615 
qwerty 50 4 0 14.962 2.15229 2.0008 6.325 0.0352813 0.0355293 0.0865615 
qwerty 50 4 0 14.962 2.42741 2.27786 7 0.0352813 0.0355293 0.0865615 
qwerty 50 4 0 14.962 2.70253 2.55491 7.675 0.0352813 0.0355293 0.0865615 
qwerty 50 4 0 14.962 2.97765 2.83197 8.35 0.0352813 0.0355293 0.0865615 
qwerty 50 4 0 14.962 3.25278 3.10902 9.025 0.0352813 0.0355293 0.0865615 
qwerty 50 4 0 14.962 3.5279 3.38608 9.7 0.0352813 0.0355293 0.0865615 
qwerty 50 4 0 14.962 3.75 3.60974 10.2449 0.0352813 0.0355293 0.0865615 
qwerty 50 4 0 14.962 3.80302 3.66313 10.375 0.0352813 0.0355293 0.0865615 
qwerty 50 4 0 14.962 3.88928 3.75 10.5866 0.0352813 0.0355293 0.0865615 
qwerty 50 4 0 14.962 4.07814 3.94019 11.05 0.0352813 0.0355293 0.0865615 
qwerty 50 4 0 14.962 4.35326 4.21724 11.725 0.0352813 0.0355293 0.0865615 
qwerty 50 4 0 14.962 4.62838 4.49429 12.4 0.0352813 0.0355293 0.0865615 
qwerty 50 4 0 14.962 4.9035 4.77135 13.075 0.0352813 0.0355293 0.0865615 
qwerty 50 4 0 14.962 5.17862 5.0484 13.75 0.0352813 0.0355293 0.0865615 
qwerty 50 4 0 14.962 5.45374 5.32546 14.425 0.0352813 0.0355293 0.0865615 
qwerty 71 50 0.25159 5.72043 5.56587 5.42923 14.7203 0.0207592 0.0387973 0.0897988 
qwerty 71 50 0.695879 5.02456 5.65365 5.59329 15.1 0.017041 0.0331288 0.0928013 
qwerty 73 71 1.756e-05 0 5.58362 5.46924 14.8121 0.0174473 0.0393261 0.0902721 
qwerty 79 73 0.00485402 0 5.5836 5.46922 14.8121 -0.0488049 -0.0604539 0.0629556 
qwerty 49 4 0 2.54742 0.505377 0.33502 2.275 0.0310173 0.0398063 0.086333 
qwerty 49 4 0 2.54742 0.747888 0.646247 2.95 0.0310173 0.0398063 0.086333 
qwerty 49 4 0 2.54742 0.990399 0.957475 3.625 0.0310173 0.0398063 0.086333 
qwerty 49 4 0 2.54742 1.21834 1.25 4.25944 0.0310173 0.0398063 0.086333 
qwerty 49 4 0 2.54742 1.23291 1.2687 4.3 0.0310173 0.0398063 0.086333 
qwerty 49 4 0 2.54742 1.47542 1.57993 4.975 0.0310173 0.0398063 0.086333 
qwerty 49 4 0 2.54742 1.71793 1.89116 5.65 0.0310173 0.0398063 0.086333 
qwerty 49 4 0 2.54742 1.96044 2.20239 6.325 0.0310173 0.0398063 0.086333 
qwerty 49 4 0 2.54742 2.20295 2.51361 7 0.0310173 0.0398063 0.086333 
qwerty 49 4 0 2.54742 2.44546 2.82484 7.675 0.0310173 0.0398063 0.086333 
qwerty 49 4 0 2.54742 2.68798 3.13607 8.35 0.0310173 0.0398063 0.086333 
qwerty 49 4 0 2.54742 2.93049 3.4473 9.025 0.0310173 0.0398063 0.086333 
qwerty 49 4 0 2.54742 3.16635 3.75 9.68151 0.0310173 0.0398063 0.086333 
qwerty 49 4 0 2.54742 3.173 3.75853 9.7 0.0310173 0.0398063 0.086333 
qwerty 49 4 0 2.54742 3.41551 4.06975 10.375 0.0310173 0.0398063 0.086333 
qwerty 49 4 0 2.54742 3.65802 4.38098 11.05 0.0310173 0.0398063 0.086333 
qwerty 49 4 0 1.01912 3.67605 4.30643 11.725 -0.00703 -0.0270909 0.0960034 
qwerty 49 4 0 1.01912 3.62662 4.11595 12.4 -0.00703 -0.0270909 0.0960034 
qwerty 49 4 0 1.01912 3.57719 3.92548 13.075 -0.00703 -0.0270909 0.0960034 
qwerty 49 4 0 0.685793 3.39176 4.22448 13.75 -0.0245167 0.040057 0.0882857 
qwerty 80 49 0.103128 1.1236 3.75 4.50043 11.2324 0.0351193 0.0849269 0.0394215 
qwerty 80 49 0.240699 0.882898 3.7586 4.59607 11.2767 0.0470656 0.086728 0.01622 
qwerty 80 49 0.21164 0.671258 3.79381 4.70722 11.302 0.00418551 0.0861951 -0.0505261 
qwerty 80 49 0.277936 0.393322 3.82741 4.78084 11.2586 0.0179 0.0717826 -0.0672819 
qwerty 80 49 0.103356 0.289967 3.83635 4.81669 11.225 -0.0559735 0.0617646 -0.0552458 
qwerty 48 4 0 1.95054 0.487576 0.309134 2.275 0.0285744 0.0367584 0.0885004 
qwerty 48 4 0 1.95054 0.705515 0.589493 2.95 0.0285744 0.0367584 0.0885004 
qwerty 48 4 0 1.95054 0.923454 0.869852 3.625 0.0285744 0.0367584 0.0885004 
qwerty 48 4 0 1.95054 1.14139 1.15021 4.3 0.0285744 0.0367584 0.0885004 
qwerty 48 4 0 1.95054 1.25 1.28992 4.63638 0.0285744 0.0367584 0.0885004 
qwerty 48 4 0 1.95054 1.35933 1.43057 4.975 0.0285744 0.0367584 0.0885004 
qwerty 48 4 0 1.95054 1.57727 1.71093 5.65 0.0285744 0.0367584 0.0885004 
qwerty 48 4 0 1.95054 1.79521 1.99129 6.325 0.0285744 0.0367584 0.0885004 
qwerty 48 4 0 1.95054 2.01315 2.27165 7 0.0285744 0.0367584 0.0885004 
qwerty 48 4 0 1.95054 2.23109 2.55201 7.675 0.0285744 0.0367584 0.0885004 
qwerty 48 4 0 1.95054 2.44903 2.83237 8.35 0.0285744 0.0367584 0.0885004 
qwerty 48 4 0 1.95054 2.66697 3.11272 9.025 0.0285744 0.0367584 0.0885004 
qwerty 48 4 0 1.95054 2.8849 3.39308 9.7 0.0285744 0.0367584 0.0885004 
qwerty 48 4 0 1.95054 3.10284 3.67344 10.375 0.0285744 0.0367584 0.0885004 
qwerty 48 4 0 1.95054 3.16236 3.75 10.5593 0.0285744 0.0367584 0.0885004 
qwerty 48 4 0 1.95054 3.32078 3.9538 11.05 0.0285744 0.0367584 0.0885004 
qwerty 48 4 0 1.95054 3.53872 4.23416 11.725 0.0285744 0.0367584 0.0885004 
qwerty 48 4 0 1.95054 3.75666 4.51452 12.4 0.0285744 0.0367584 0.0885004 
qwerty 48 4 0 1.95054 3.9746 4.79488 13.075 0.0285744 0.0367584 0.0885004 
qwerty 48 4 0 1.95054 4.19254 5.07524 13.75 0.0285744 0.0367584 0.0885004 
qwerty 48 4 0 1.95054 4.41048 5.3556 14.425 0.0285744 0.0367584 0.0885004 
qwerty 48 4 0 1.95054 4.62842 5.63596 15.1 0.0285744 0.0367584 0.0885004 
qwerty 48 4 0 1.95054 4.84636 5.91632 15.775 0.0285744 0.0367584 0.0885004 
qwerty 48 4 0 1.72133 5.20857 6.25 16.3519 0.0495739 0.0445937 0.074524 
qwerty 48 4 0 1.72133 5.27383 6.30871 16.45 0.0495739 0.0445937 0.074524 
qwerty 48 4 0 1.68967 5.65949 6.7722 17.125 0.0419051 0.0518338 0.0745468 
qwerty 48 4 0 1.68967 6.03893 7.24154 17.8 0.0419051 0.0518338 0.0745468 
qwerty 48 4 0 1.68967 6.25 7.50262 18.1755 0.0419051 0.0518338 0.0745468 
qwerty 48 4 0 1.68967 6.41837 7.71088 18.475 0.0419051 0.0518338 0.0745468 
qwerty 48 4 0 1.68967 6.79781 8.18022 19.15 0.0419051 0.0518338 0.0745468 
qwerty 48 4 0 1.68967 7.17724 8.64956 19.825 0.0419051 0.0518338 0.0745468 
qwerty 85 48 0.0336032 0.521327 7.28423 8.7787 20.0028 0.0841479 -0.0402639 0.0360271 
qwerty 85 48 0.0285004 0.492827 7.30024 8.76983 20.0071 0.0748529 -0.0660562 0.00579762 
qwerty 85 48 0.0564545 0.436372 7.31754 8.75674 20.0038 0.0997009 0.00636229 -0.00438704 
qwerty 85 48 0.227499 0.208874 7.33566 8.75527 20.0016 0.0963355 -0.0268139 -0.000696407 
qwerty 85 48 0.0737801 0.135093 7.35253 8.75031 20.002 0.0192681 -0.0930951 0.0310168 
qwerty 85 48 0.000736663 0.134357 7.35259 8.75 20.0021 0.0178554 -0.0895787 0.0407044 
qwerty 85 48 0.00409595 0.130261 7.353 8.74871 20.0026 0.0159643 -0.0906284 0.0391361 
qwerty 85 48 0.00375949 0.126501 7.35314 8.74751 20.0032 0.0196104 -0.0847699 0.0492899 
qwerty 85 48 0.00355231 0.122949 7.35323 8.74633 20.0042 0.0185784 -0.0818794 0.0543194 
qwerty 85 48 0.00686674 0.116082 7.35344 8.74446 20.0057 0.0101637 -0.0566273 0.0817928 
qwerty 85 48 0.00950643 0.106576 7.35349 8.74161 20.008 -0.0746468 -0.0518205 0.0417432 
qwerty 85 48 0.0362489 0.070327 7.35156 8.73793 20.0102 -0.0635992 -0.071359 0.0293775 
qwerty 85 48 0.070327 0 7.34878 8.7348 20.0115 -0.0635992 -0.071359 0.0293775 
qwerty 47 4 0 1.96269 0.451511 0.126636 2.275 0.0244607 0.0102342 0.0964206 
qwerty 47 4 0 1.96269 0.62275 0.198282 2.95 0.0244607 0.0102342 0.0964206 
qwerty 47 4 0 1.96269 0.793989 0.269927 3.625 0.0244607 0.0102342 0.0964206 
qwerty 47 4 0 1.96269 0.965228 0.341573 4.3 0.0244607 0.0102342 0.0964206 
qwerty 47 4 0 1.96269 1.13647 0.413219 4.975 0.0244607 0.0102342 0.0964206 
qwerty 47 4 0 1.96269 1.30771 0.484864 5.65 0.0244607 0.0102342 0.0964206 
qwerty 47 4 0 1.96269 1.47895 0.55651 6.325 0.0244607 0.0102342 0.0964206 
qwerty 47 4 0 1.96269 1.65019 0.628155 7 0.0244607 0.0102342 0.0964206 
qwerty 47 4 0 1.96269 1.82142 0.699801 7.675 0.0244607 0.0102342 0.0964206 
qwerty 47 4 0 1.96269 1.99266 0.771447 8.35 0.0244607 0.0102342 0.0964206 
qwerty 47 4 0 0.309714 2.15241 0.838285 8.97971 -0.0335833 -0.0915472 -0.0221645 
qwerty 47 4 0 0.309714 1.46345 -1.03981 8.525 -0.0335833 -0.0915472 -0.0221645 
qwerty 87 47 0.102995 1.54999 2.1659 0.849473 9.025 0.0119457 0.0276059 0.0953688 
qwerty 87 47 0.203444 0.982655 2.14663 0.77894 8.89601 0.0253452 -0.043701 -0.0863009 
qwerty 87 47 0.239948 0.742707 2.18806 0.732001 8.79267 0.004599 -0.077987 -0.062425 
qwerty 87 47 0.333738 0.408969 2.13582 0.635567 8.70614 -0.049249 -0.00450739 -0.086915 
qwerty 87 47 0.356479 0.0524903 2.09746 0.632056 8.63843 0.00409174 -0.0533789 0.0844627 
qwerty 87 47 0.0524903 0 2.09756 0.630656 8.64065 0.00409174 -0.0533789 0.0844627 
qwerty 45 4 0 67.8707 0.283153 0.0293233 1.6 0.0154347 0.00109743 0.0987956 
qwerty 45 4 0 67.8707 0.388607 0.0368212 2.275 0.0154347 0.00109743 0.0987956 
qwerty 45 4 0 67.8707 0.494061 0.0443192 2.95 0.0154347 0.00109743 0.0987956 
qwerty 45 4 0 67.8707 0.599515 0.0518172 3.625 0.0154347 0.00109743 0.0987956 
qwerty 45 4 0 67.8707 0.70497 0.0593152 4.3 0.0154347 0.00109743 0.0987956 
qwerty 45 4 0 67.8707 0.810424 0.0668132 4.975 0.0154347 0.00109743 0.0987956 
qwerty 45 4 0 67.8707 0.915878 0.0743112 5.65 0.0154347 0.00109743 0.0987956 
qwerty 45 4 0 67.8707 1.02133 0.0818092 6.325 0.0154347 0.00109743 0.0987956 
qwerty 90 45 0.915589 1.12406 0.536009 0.104797 6.17202 -0.0883497 0.0157134 -0.0441295 
qwerty 90 45 0.616929 0.507131 0.380392 0.17322 6.03415 -0.0752094 -0.0401666 -0.0522513 
qwerty 90 45 0.375889 0.131242 0.303135 0.13196 5.98048 -0.099684 0.00794308 -7.91672e-05 
qwerty 90 45 0.131242 0 0.290365 0.132978 5.98047 -0.099684 0.00794308 -7.91672e-05 
qwerty 93 90 0 0.418793 0.198606 -0.463425 5.825 -0.0654313 -0.0584505 -0.0479821 
qwerty 93 90 0 0.418793 -0.681909 -1.25 5.1793 -0.0654313 -0.0584505 -0.0479821 
qwerty 93 90 0 0.418793 -0.721865 -1.28569 5.15 -0.0654313 -0.0584505 -0.0479821 
qwerty 93 90 0 0.418793 -1.25 -1.75748 4.76271 -0.0654313 -0.0584505 -0.0479821 
qwerty 93 90 0 0.418793 -1.64234 -2.10796 4.475 -0.0654313 -0.0584505 -0.0479821 
qwerty 44 6 0.00029101 0 -11.201 -2.93838 6.23648 -0.063265 -0.0768033 -0.00993973 
qwerty 96 44 0.00869187 0 -11.2009 -2.93841 6.23654 0.079551 -0.0254719 0.0549802 
qwerty 43 6 0 0.997731 -10.3249 -2.91869 5.825 0.0216666 -0.0824542 -0.0522672 
qwerty 43 6 0 0.997731 -10.1065 -3.75 5.29804 0.0216666 -0.0824542 -0.0522672 
qwerty 43 6 0 0.997731 -10.0451 -3.98354 5.15 0.0216666 -0.0824542 -0.0522672 
qwerty 43 6 0 0.997731 -9.7653 -5.04839 4.475 0.0216666 -0.0824542 -0.0522672 
qwerty 43 6 0 0.997731 -9.48549 -6.11324 3.8 0.0216666 -0.0824542 -0.0522672 
qwerty 43 6 0 0.644084 -8.80825 -8.75 4.25363 0.0242468 -0.094558 0.0216996 
qwerty 43 6 0 0.644084 -8.75644 -8.95204 4.3 0.0242468 -0.094558 0.0216996 
qwerty 42 6 0 0.0893726 -10.5292 -2.10909 6.325 0.00532481 -0.0901175 0.0430173 
qwerty 41 6 0 0.0108557 -10.5482 -1.98703 6.325 0.00601579 -0.08022 0.0594017 
qwerty 40 6 0 0.318607 -11.1453 -1.6337 6.325 -0.0675584 -0.0405156 0.0615982 
qwerty 38 6 0 0.368871 -11.25 -1.43467 6.23188 -0.0831609 -0.0153149 0.0533828 
qwerty 38 6 0 0.368871 -11.3951 -1.46139 6.325 -0.0831609 -0.0153149 0.0533828 
qwerty 38 6 0 0.368871 -12.4466 -1.65504 7 -0.0831609 -0.0153149 0.0533828 
qwerty 38 6 0 0.368871 -13.4981 -1.84869 7.675 -0.0831609 -0.0153149 0.0533828 
qwerty 35 6 0.00029101 0 -9.75068 -1.1403 5.36769 -0.0842445 -0.00863802 0.0531812 
qwerty 104 35 0.00640948 0 -9.75071 -1.14035 5.36767 -0.0487182 -0.0774847 -0.0402823 
qwerty 33 6 0 0.27085 -9.73504 -1.25 5.43346 -0.0704465 -0.0329775 0.0628472 
qwerty 33 6 0 0.27085 -9.97777 -1.36363 5.65 -0.0704465 -0.0329775 0.0628472 
qwerty 33 6 0 0.27085 -10.7344 -1.71782 6.325 -0.0704465 -0.0329775 0.0628472 
qwerty 33 6 0 0.27085 -11.491 -2.07201 7 -0.0704465 -0.0329775 0.0628472 
qwerty 32 6 0 6.43547 -10.98 -1.08757 5.65 -0.0941377 -0.000956331 0.0337222 
qwerty 32 6 0 0.72156 -12.5602 -1.10363 6.21605 -0.0127182 0.0632892 0.0763723 
qwerty 32 6 0 0.72156 -12.5784 -1.01334 6.325 -0.0127182 0.0632892 0.0763723 
qwerty 32 6 0 0.423281 -13.5926 -0.828176 7 -0.088331 0.00517927 0.0465919 
qwerty 106 32 0.688043 5.02586 -12.9617 -1.1385 6.325 -0.0766573 -0.0642157 -8.62384e-07 
qwerty 106 32 1.0687 3.95717 -13.4878 -1.57924 6.325 -0.0705505 -0.0663474 0.0249128 
qwerty 106 32 0 3.95717 -13.4878 -1.57925 6.325 -0.0705524 -0.066315 0.0249938 
qwerty 106 32 1.05499 2.75236 -13.5753 -2.03001 6.01498 -0.00950673 -0.0909695 -0.0404248 
qwerty 106 32 0.758407 1.99395 -13.6084 -2.40001 5.82774 -0.0462637 -0.0464098 -0.0755367 
qwerty 106 32 0.00656808 1.98738 -13.6101 -2.4017 5.825 -0.0467986 -0.0453798 -0.0758325 
qwerty 31 18 0.00029101 0 0.489208 0.0422293 3.49005 -0.0741745 -0.0157692 0.065188 
qwerty 109 31 0.0105293 0 0.489152 0.0423232 3.49015 -0.0378153 0.0630074 0.0678237 
qwerty 29 5 0 0.510999 0.957134 0.0743176 5.65 -0.033932 0.0173899 0.0924457 
qwerty 29 5 0 0.510999 0.709377 0.201291 6.325 -0.033932 0.0173899 0.0924457 
qwerty 29 5 0 0.510999 0.461619 0.328265 7 -0.033932 0.0173899 0.0924457 
qwerty 29 5 0 0.510999 0.213861 0.455239 7.675 -0.033932 0.0173899 0.0924457 
qwerty 29 5 0 0.510999 -0.0338965 0.582213 8.35 -0.033932 0.0173899 0.0924457 
qwerty 29 5 0 0.510999 -0.281654 0.709187 9.025 -0.033932 0.0173899 0.0924457 
qwerty 29 5 0 0.510999 -0.529412 0.836161 9.7 -0.033932 0.0173899 0.0924457 
qwerty 28 5 0 0.510999 1.25 -0.0757738 4.85211 0.033932 -0.0173899 -0.0924457 
qwerty 28 5 0 0.510999 1.38842 -0.146711 4.475 0.033932 -0.0173899 -0.0924457 
qwerty 28 5 0 0.40718 2.52248 -0.380925 3.8 0.0875227 -0.0170924 -0.0452506 
qwerty 28 5 0 0.31282 4.14702 -0.0164128 4.3 0.0919919 0.0225548 0.0320744 
qwerty 27 5 0 13.3342 1.06548 -0.250155 5.65 -0.0174204 -0.0260522 0.0949622 
qwerty 27 5 0 13.3342 0.941656 -0.435337 6.325 -0.0174204 -0.0260522 0.0949622 
qwerty 27 5 0 13.3342 0.81783 -0.620519 7 -0.0174204 -0.0260522 0.0949622 
qwerty 27 5 0 13.3342 0.694004 -0.8057 7.675 -0.0174204 -0.0260522 0.0949622 
qwerty 27 5 0 13.3342 0.570178 -0.990882 8.35 -0.0174204 -0.0260522 0.0949622 
qwerty 27 5 0 13.3342 0.446352 -1.17606 9.025 -0.0174204 -0.0260522 0.0949622 
qwerty 27 5 0 13.3342 0.396913 -1.25 9.2945 -0.0174204 -0.0260522 0.0949622 
qwerty 27 5 0 13.3342 0.322527 -1.36125 9.7 -0.0174204 -0.0260522 0.0949622 
qwerty 27 5 0 5.20699 -0.039415 -1.46509 10.375 -0.0482411 -0.0127281 0.0866648 
qwerty 27 5 0 5.20699 -0.415147 -1.56422 11.05 -0.0482411 -0.0127281 0.0866648 
qwerty 27 5 0 0.33287 -0.540991 -1.59743 11.2761 -0.0460755 -0.0356015 -0.0812993 
qwerty 27 5 0 0.33287 -0.569938 -1.6198 11.225 -0.0460755 -0.0356015 -0.0812993 
qwerty 27 5 0 0.33287 -0.952488 -1.91538 10.55 -0.0460755 -0.0356015 -0.0812993 
qwerty 27 5 0 0.177862 -0.948696 -2.53393 11.05 0.00547836 -0.0714541 0.0697445 
qwerty 116 27 0.927239 3.94688 -0.762346 -1.64851 11.725 -0.0288754 0.0272538 0.0917793 
qwerty 116 27 0.442236 1.09625 -0.713858 -1.71968 11.6595 0.0242768 -0.0650322 -0.0719823 
qwerty 116 27 0.586791 0.50946 -0.591203 -1.87986 11.5606 0.0381888 -0.0888826 -0.025328 
qwerty 116 27 0.318395 0.191065 -0.551765 -1.97165 11.5344 0.0702759 0.049072 0.0515095 
qwerty 116 27 0.191065 0 -0.534991 -1.95994 11.5467 0.0702759 0.049072 0.0515095 
qwerty 120 116 0.0559622 0.467529 -0.682782 -1.72035 11.6386 0.0804774 -0.0311835 -0.0505073 
qwerty 120 116 0.114353 0.353177 -0.645578 -1.75069 11.6175 0.0294914 -0.0576903 -0.0761714 
qwerty 120 116 0.139159 0.214017 -0.632151 -1.81111 11.6011 0.0453672 -0.0750243 -0.0480954 
qwerty 120 116 0.214017 0 -0.619139 -1.83263 11.5874 0.0453672 -0.0750243 -0.0480954 
qwerty 115 27 0.178302 2.7511 0.367203 -1.50129 9.88956 0.0523907 -0.0827282 0.0202794 
qwerty 115 27 0.69329 2.05781 0.585084 -1.86793 9.87875 0.0500963 -0.0825439 0.0260167 
qwerty 115 27 0.689688 1.36812 0.784204 -2.09819 10.0351 0.0820316 -0.0461525 0.0337752 
qwerty 115 27 0.414496 0.953627 1.03955 -2.12964 10.09 0.0774791 -0.0576233 0.0260105 
qwerty 115 27 0.422163 0.531464 1.17988 -2.26589 10.0779 -0.0103026 -0.099078 -0.00879774 
qwerty 115 27 0.305256 0.226209 1.13938 -2.36312 9.9942 0.0576653 0.045157 -0.0680849 
qwerty 115 27 0.226209 0 1.15746 -2.34896 9.97286 0.0576653 0.045157 -0.0680849 
qwerty 124 115 0.587858 1.87481 0.310342 -1.83415 9.875 -0.00245326 -0.0864124 0.050268 
qwerty 124 115 0.609261 1.26555 0.302791 -2.03493 10.1416 0.0111431 -0.0612293 0.0782739 
qwerty 124 115 0.44419 0.821361 0.379396 -2.15883 10.3259 0.0399358 -0.0220309 0.0889931 
qwerty 124 115 0.0862609 0.7351 0.40142 -2.17098 10.375 0.0713566 -0.0521544 0.0467778 
qwerty 124 115 0.0147965 0.404797 0.3977 -2.16628 10.3735 -0.0799262 0.0555527 -0.0229284 
qwerty 124 115 0.0223507 0.382446 0.3893 -2.16125 10.373 -0.0714276 0.0695566 0.00774521 
qwerty 124 115 0.0197331 0.362713 0.381608 -2.15542 10.3732 -0.0670821 0.0505763 -0.0542405 
qwerty 124 115 0.0179921 0.344721 0.376705 -2.15011 10.3675 -0.0515964 0.0592675 -0.061848 
qwerty 124 115 0.0172266 0.327494 0.371518 -2.14529 10.3621 -0.0581455 0.0577607 -0.0572957 
qwerty 124 115 0.0194037 0.308091 0.364987 -2.14108 10.3562 -0.0529082 0.0529754 -0.0662897 
qwerty 124 115 0.0249912 0.283099 0.359928 -2.13397 10.3491 0.0850367 0.0222227 -0.0476959 
qwerty 124 115 0.0406904 0.242409 0.373095 -2.13147 10.3448 0.0903426 -0.023891 -0.0356009 
qwerty 124 115 0.0426925 0.199717 0.388143 -2.13706 10.3452 0.02421 -0.0970249 -0.000206704 
qwerty 124 115 0.0378955 0.161821 0.393278 -2.15076 10.3392 -0.0383561 -0.0608073 -0.0695074 
qwerty 124 115 0.161821 0 0.386309 -2.16181 10.3265 -0.0383561 -0.0608073 -0.0695074 
qwerty 123 115 0 0.37778 0.46101 -1.63553 10.375 0.0232282 -0.041786 0.0878316 
qwerty 123 115 0 0.37778 0.639522 -1.95666 11.05 0.0232282 -0.041786 0.0878316 
qwerty 123 115 0 0.37778 0.818035 -2.2778 11.725 0.0232282 -0.041786 0.0878316 
qwerty 123 115 0 0.37778 0.996547 -2.59893 12.4 0.0232282 -0.041786 0.0878316 
qwerty 123 115 0 0.37778 1.17506 -2.92006 13.075 0.0232282 -0.041786 0.0878316 
qwerty 123 115 0 0.37778 1.35357 -3.24119 13.75 0.0232282 -0.041786 0.0878316 
qwerty 122 115 0 0.49492 0.187286 -1.74167 10.375 -0.0211584 -0.054014 0.0814544 
qwerty 25 5 0 6.07477 1.25 0.0267886 4.61182 0.0611485 0.000205491 0.0791254 
qwerty 25 5 0 6.07477 1.53067 0.0277318 4.975 0.0611485 0.000205491 0.0791254 
qwerty 25 5 0 6.07477 2.05231 0.0294848 5.65 0.0611485 0.000205491 0.0791254 
qwerty 25 5 0 6.07477 2.57396 0.0312378 6.325 0.0611485 0.000205491 0.0791254 
qwerty 25 5 0 6.07477 3.0956 0.0329908 7 0.0611485 0.000205491 0.0791254 
qwerty 25 5 0 6.07477 3.61724 0.0347438 7.675 0.0611485 0.000205491 0.0791254 
qwerty 23 5 0 7.35473 1.05187 -0.0969048 4.3 0.0271416 -0.00932084 0.0957938 
qwerty 23 5 0 7.35473 1.24312 -0.162583 4.975 0.0271416 -0.00932084 0.0957938 
qwerty 23 5 0 7.35473 1.43437 -0.228261 5.65 0.0271416 -0.00932084 0.0957938 
qwerty 23 5 0 7.35473 1.62562 -0.293939 6.325 0.0271416 -0.00932084 0.0957938 
qwerty 23 5 0 0.342062 1.25 -1.11195 6.02686 -0.0409505 -0.081675 -0.0406478 
qwerty 23 5 0 0.342062 1.04664 -1.51755 5.825 -0.0409505 -0.081675 -0.0406478 
qwerty 133 23 0.559412 3.79782 1.99456 -0.394012 6.67423 0.0859423 -0.023996 0.0451454 
qwerty 133 23 1.11608 2.68174 2.42575 -0.508762 6.99032 0.072527 -0.0311595 0.0613916 
qwerty 133 23 0.0238993 2.65784 2.43718 -0.513676 7 0.0799662 -0.0295284 0.0522827 
qwerty 133 23 0 2.18108 2.46369 -0.5168 7 0.042252 -0.0774069 0.0471481 
qwerty 133 23 0.473503 0.98086 2.2833 -0.628768 6.77919 -0.07237 -0.0052456 -0.0688118 
qwerty 133 23 0.529897 0.450963 2.20661 -0.620308 6.58566 -0.0963514 0.0116525 -0.024096 
qwerty 133 23 0.353358 0.0976053 2.12151 -0.573817 6.5795 -0.00887682 0.0979166 0.0182633 
qwerty 133 23 0.0976053 0 2.12082 -0.566237 6.58091 -0.00887682 0.0979166 0.0182633 
qwerty 136 133 0.195565 0.33362 2.06507 -0.35748 6.72211 0.0218901 0.0558155 0.0800341 
qwerty 136 133 0.33362 0 2.07768 -0.32534 6.76819 0.0218901 0.0558155 0.0800341 
qwerty 135 133 0 0.444699 2.14393 -0.562873 7 0.0638482 -0.0330657 0.0694986 
qwerty 135 133 0 0.205604 2.50043 -0.747498 7.38805 -0.0882717 0.0203113 0.0423741 
qwerty 135 133 0 0.205604 1.90266 -0.609953 7.675 -0.0882717 0.0203113 0.0423741 
qwerty 137 135 0.239095 0 2.52945 -0.759272 7.40189 0.0847595 -0.0343837 0.0404176 
qwerty 22 5 0 0.861509 1.02963 -0.0401846 4.3 0.0252262 0.000519806 0.0967645 
qwerty 22 5 0 0.861509 1.2056 -0.0365586 4.975 0.0252262 0.000519806 0.0967645 
qwerty 22 5 0 0.861509 1.38157 -0.0329326 5.65 0.0252262 0.000519806 0.0967645 
qwerty 22 5 0 0.861509 1.55754 -0.0293066 6.325 0.0252262 0.000519806 0.0967645 
qwerty 21 5 0 67.1073 1.04651 -0.0824919 4.3 0.0274376 -0.00551904 0.0960037 
qwerty 21 5 0 67.1073 1.23942 -0.121296 4.975 0.0274376 -0.00551904 0.0960037 
qwerty 21 5 0 67.1073 1.43233 -0.1601 5.65 0.0274376 -0.00551904 0.0960037 
qwerty 21 5 0 67.1073 1.62525 -0.198905 6.325 0.0274376 -0.00551904 0.0960037 
qwerty 21 5 0 67.1073 1.81816 -0.237709 7 0.0274376 -0.00551904 0.0960037 
qwerty 21 5 0 67.1073 2.01107 -0.276513 7.675 0.0274376 -0.00551904 0.0960037 
qwerty 21 5 0 67.1073 2.20399 -0.315317 8.35 0.0274376 -0.00551904 0.0960037 
qwerty 21 5 0 67.1073 2.3969 -0.354122 9.025 0.0274376 -0.00551904 0.0960037 
qwerty 21 5 0 67.1073 2.58981 -0.392926 9.7 0.0274376 -0.00551904 0.0960037 
qwerty 21 5 0 67.1073 2.78273 -0.43173 10.375 0.0274376 -0.00551904 0.0960037 
qwerty 21 5 0 67.1073 2.97564 -0.470534 11.05 0.0274376 -0.00551904 0.0960037 
qwerty 21 5 0 67.1073 3.16855 -0.509339 11.725 0.0274376 -0.00551904 0.0960037 
qwerty 21 5 0 67.1073 3.36147 -0.548143 12.4 0.0274376 -0.00551904 0.0960037 
qwerty 21 5 0 67.1073 3.55438 -0.586947 13.075 0.0274376 -0.00551904 0.0960037 
qwerty 21 5 0 67.1073 3.74729 -0.625752 13.75 0.0274376 -0.00551904 0.0960037 
qwerty 21 5 0 67.1073 3.94021 -0.664556 14.425 0.0274376 -0.00551904 0.0960037 
qwerty 21 5 0 67.1073 4.13312 -0.70336 15.1 0.0274376 -0.00551904 0.0960037 
qwerty 21 5 0 67.1073 4.32603 -0.742164 15.775 0.0274376 -0.00551904 0.0960037 
qwerty 21 5 0 67.1073 4.51895 -0.780969 16.45 0.0274376 -0.00551904 0.0960037 
qwerty 21 5 0 67.1073 4.71186 -0.819773 17.125 0.0274376 -0.00551904 0.0960037 
qwerty 21 5 0 67.1073 4.90477 -0.858577 17.8 0.0274376 -0.00551904 0.0960037 
qwerty 21 5 0 67.1073 5.09769 -0.897381 18.475 0.0274376 -0.00551904 0.0960037 
qwerty 21 5 0 67.1073 5.2906 -0.936186 19.15 0.0274376 -0.00551904 0.0960037 
qwerty 21 5 0 67.1073 5.48351 -0.97499 19.825 0.0274376 -0.00551904 0.0960037 
qwerty 21 5 0 67.1073 5.67643 -1.01379 20.5 0.0274376 -0.00551904 0.0960037 
qwerty 21 5 0 67.1073 5.86934 -1.0526 21.175 0.0274376 -0.00551904 0.0960037 
qwerty 21 5 0 67.1073 6.06226 -1.0914 21.85 0.0274376 -0.00551904 0.0960037 
qwerty 21 5 0 67.1073 6.25 -1.12917 22.5069 0.0274376 -0.00551904 0.0960037 
qwerty 21 5 0 67.1073 6.25517 -1.13021 22.525 0.0274376 -0.00551904 0.0960037 
qwerty 21 5 0 67.1073 6.44808 -1.16901 23.2 0.0274376 -0.00551904 0.0960037 
qwerty 21 5 0 67.1073 6.641 -1.20782 23.875 0.0274376 -0.00551904 0.0960037 
qwerty 21 5 0 67.1073 6.83391 -1.24662 24.55 0.0274376 -0.00551904 0.0960037 
qwerty 143 21 0.504134 19.5902 7.02002 -1.32785 24.9798 0.048746 -0.0159413 0.085847 
qwerty 143 21 0.591436 18.9988 7.15924 -1.37338 25.225 0.0503103 -0.013021 0.0854361 
qwerty 151 143 0 1.04596 8.36135 -1.25 25.5004 0.0969771 0.0151521 0.0191275 
qwerty 151 143 0 1.04596 10.3875 -0.933429 25.9 0.0969771 0.0151521 0.0191275 
qwerty 151 143 0 1.029 11.25 -0.766426 26.1422 0.0932064 0.0198863 0.0302836 
qwerty 151 143 0 1.029 12.5821 -0.482212 26.575 0.0932064 0.0198863 0.0302836 
qwerty 151 143 0 0.52668 13.2992 -0.750518 27.25 0.0425406 -0.0497853 0.0755759 
qwerty 151 143 0 0.52668 13.6791 -1.19517 27.925 0.0425406 -0.0497853 0.0755759 
qwerty 151 143 0 0.52668 14.0591 -1.63982 28.6 0.0425406 -0.0497853 0.0755759 
qwerty 151 143 0 0.52668 14.3693 -2.09153 29.275 0.0335482 -0.0525581 0.0781803 
qwerty 151 143 0 0.522598 14.7732 -2.56076 29.95 0.0447841 -0.0511157 0.0733592 
qwerty 151 143 0 0.522598 15.1852 -3.03109 30.625 0.0447841 -0.0511157 0.0733592 
qwerty 160 158 0 1.19806 7.69375 -2.25059 25.9 0.0399889 -0.0116325 0.0909152 
qwerty 160 158 0 1.19806 7.99064 -2.33696 26.575 0.0399889 -0.0116325 0.0909152 
qwerty 160 158 0 1.19806 8.28754 -2.42332 27.25 0.0399889 -0.0116325 0.0909152 
qwerty 160 158 0 1.13378 8.50666 -2.37816 27.925 0.0301299 0.00758522 0.0950508 
qwerty 160 158 0 1.13378 8.72062 -2.3243 28.6 0.0301299 0.00758522 0.0950508 
qwerty 160 158 0 1.13378 8.93459 -2.27043 29.275 0.0301299 0.00758522 0.0950508 
qwerty 160 158 0 1.13378 9.14856 -2.21657 29.95 0.0301299 0.00758522 0.0950508 
qwerty 160 158 0 1.13378 9.36252 -2.1627 30.625 0.0301299 0.00758522 0.0950508 
qwerty 160 158 0 1.13378 9.57649 -2.10883 31.3 0.0301299 0.00758522 0.0950508 
qwerty 160 158 0 0.686289 9.32623 -2.00648 31.975 -0.0458465 0.0146853 0.0876495 
qwerty 149 143 0 6.52937 7.1659 -1.37774 25.225 0.0503664 -0.0172253 0.0846552 
qwerty 148 143 0 1.19378 7.14668 -1.4275 25.225 0.0435927 -0.026489 0.0860117 
qwerty 148 143 0 1.19378 7.48878 -1.63538 25.9 0.0435927 -0.026489 0.0860117 
qwerty 148 143 0 1.19378 7.83089 -1.84326 26.575 0.0435927 -0.026489 0.0860117 
qwerty 148 143 0 1.19378 8.173 -2.05114 27.25 0.0435927 -0.026489 0.0860117 
qwerty 148 143 0 1.19378 8.5151 -2.25902 27.925 0.0435927 -0.026489 0.0860117 
qwerty 148 143 0 1.19378 8.85721 -2.4669 28.6 0.0435927 -0.026489 0.0860117 
qwerty 168 148 0.147385 0.880259 8.92841 -2.41077 28.5716 0.0309312 -0.025494 -0.091615 
qwerty 168 148 0.158589 0.67878 8.96487 -2.4176 28.5013 0.019786 0.0104765 -0.0974616 
qwerty 168 148 0.180745 0.498035 8.99021 -2.4267 28.4275 0.0935445 -0.0201882 -0.0290147 
qwerty 168 148 0.307171 0.190865 9.06725 -2.39708 28.366 -0.0153396 -0.0163213 -0.0974593 
qwerty 168 148 0.190865 0 9.06359 -2.40097 28.3427 -0.0153396 -0.0163213 -0.0974593 
qwerty 169 168 0 0.0428899 8.99497 -2.35378 28.1 0.00738768 0.0156636 -0.098489 
qwerty 147 143 0 2.12097 7.03499 -1.39053 25.225 0.0271717 -0.0218028 0.0937354 
qwerty 147 143 0 2.12097 7.23066 -1.54754 25.9 0.0271717 -0.0218028 0.0937354 
qwerty 147 143 0 2.12097 7.42632 -1.70454 26.575 0.0271717 -0.0218028 0.0937354 
qwerty 147 143 0 2.12097 7.62199 -1.86155 27.25 0.0271717 -0.0218028 0.0937354 
qwerty 147 143 0 2.12097 7.81766 -2.01855 27.925 0.0271717 -0.0218028 0.0937354 
qwerty 147 143 0 2.12097 8.01332 -2.17556 28.6 0.0271717 -0.0218028 0.0937354 
qwerty 145 143 0 0.145409 8.40814 0.262702 25.1878 -0.00237717 -0.0578048 -0.0815657 
qwerty 145 143 0 0.145409 8.39465 -0.0652749 24.725 -0.00237717 -0.0578048 -0.0815657 
qwerty 178 145 0.120095 0 8.41368 0.270703 25.193 0.0501961 0.0725571 0.0470726 
qwerty 177 145 0.00439324 0.131753 6.89157 -1.27252 24.7252 -0.054126 -0.0840172 0.00338935 
qwerty 177 145 0.00273304 0.12902 6.89075 -1.27342 24.7251 -0.0624267 -0.0777305 0.00780202 
qwerty 177 145 0.00798217 0.121037 6.89017 -1.27447 24.7253 -0.061745 -0.0783447 0.00704765 
qwerty 177 145 0.00268739 0.11835 6.8895 -1.27564 24.7255 -0.0498364 -0.0692466 0.0521656 
qwerty 177 145 0.00457671 0.113773 6.8887 -1.27648 24.7262 -0.0244735 -0.0913177 0.0325904 
qwerty 177 145 0.00368819 0.110085 6.8883 -1.27758 24.7265 -0.0197774 -0.0810603 0.0551189 
qwerty 177 145 0.00877796 0.101307 6.88824 -1.27862 24.7271 -0.0121766 -0.0955162 0.0269887 
qwerty 177 145 0.00603272 0.0952744 6.88781 -1.27978 24.7273 0.00941676 -0.0950816 0.0295095 
qwerty 177 145 0.00478578 0.0904887 6.88814 -1.28091 24.728 0.00596269 -0.0789612 0.0610702 
qwerty 177 145 0.00461193 0.0858767 6.88776 -1.28234 24.7291 -0.00151889 -0.0786466 0.0617446 
qwerty 177 145 0.00977467 0.0761021 6.88801 -1.28477 24.7301 -0.041899 -0.0560776 0.0714128 
qwerty 177 145 0.0157242 0.0603779 6.88623 -1.28597 24.7318 -0.0846142 -0.0270732 -0.0459072 
qwerty 177 145 0.0603779 0 6.88339 -1.28688 24.7302 -0.0846142 -0.0270732 -0.0459072 
qwerty 19 5 0 0.309848 0.854886 -0.0454595 3.625 0.0265866 -0.00601181 0.0962134 
qwerty 19 5 0 0.309848 1.04141 -0.0876364 4.3 0.0265866 -0.00601181 0.0962134 
qwerty 17 5 0 0.493796 0.836386 -0.0503116 3.625 0.0230964 -0.00687418 0.0970531 
qwerty 17 5 0 0.493796 0.997021 -0.0981212 4.3 0.0230964 -0.00687418 0.0970531 
qwerty 17 5 0 0.293173 1.04039 -0.111031 4.48226 -0.0856611 -0.0148904 0.0494009 
qwerty 17 5 0 0.293173 0.185987 -0.259551 4.975 -0.0856611 -0.0148904 0.0494009 
qwerty 181 17 0.00750404 0.193119 1.04283 -0.110724 4.48495 0.0594473 0.0142816 0.0791331 
qwerty 181 17 0.0235583 0.169561 1.0456 -0.110883 4.49014 0.0599362 -0.0782836 0.016713 
qwerty 181 17 0.0275311 0.14203 1.05423 -0.116032 4.49141 0.0499213 -0.0761938 0.0412597 
qwerty 181 17 0.0264211 0.115609 1.05668 -0.12462 4.49302 0.0219598 -0.0964036 -0.0149702 
qwerty 181 17 0.0579049 0.0577041 1.06109 -0.131215 4.48971 0.0841931 -0.0538216 0.00384159 
qwerty 181 17 0.0577041 0 1.0637 -0.132883 4.48982 0.0841931 -0.0538216 0.00384159 
qwerty 16 5 0 1.43901 0.845357 -0.0271168 3.625 0.0244484 -0.00308645 0.0969162 
qwerty 16 5 0 0.402894 1.25 -0.0782361 3.56466 0.0979109 -0.0123693 -0.0161386 
qwerty 16 5 0 0.402894 3.75 -0.394067 3.15259 0.0979109 -0.0123693 -0.0161386 
qwerty 16 5 0 0.402894 3.91739 -0.415213 3.125 0.0979109 -0.0123693 -0.0161386 
qwerty 15 5 0 0.207475 0.676417 -0.00362616 2.95 0.0255127 -0.0032156 0.0966373 
qwerty 14 5 0 0.307111 0.673015 0.00303882 2.95 0.0248364 -0.00205176 0.0968449 
qwerty 13 5 0 3.2743 0.675259 -0.00283787 2.95 0.0251927 -0.0030692 0.0967259 
qwerty 13 5 0 3.2743 0.851066 -0.0242562 3.625 0.0251927 -0.0030692 0.0967259 
qwerty 13 5 0 3.2743 1.02687 -0.0456745 4.3 0.0251927 -0.0030692 0.0967259 
qwerty 13 5 0 3.2743 1.20268 -0.0670929 4.975 0.0251927 -0.0030692 0.0967259 
qwerty 13 5 0 3.2743 1.37849 -0.0885112 5.65 0.0251927 -0.0030692 0.0967259 
qwerty 13 5 0 3.2743 1.55429 -0.10993 6.325 0.0251927 -0.0030692 0.0967259 
qwerty 13 5 0 3.2743 1.7301 -0.131348 7 0.0251927 -0.0030692 0.0967259 
qwerty 13 5 0 3.2743 1.90591 -0.152766 7.675 0.0251927 -0.0030692 0.0967259 
qwerty 13 5 0 3.2743 2.08171 -0.174185 8.35 0.0251927 -0.0030692 0.0967259 
qwerty 13 5 0 3.2743 2.25752 -0.195603 9.025 0.0251927 -0.0030692 0.0967259 
qwerty 13 5 0 3.2743 2.43333 -0.217021 9.7 0.0251927 -0.0030692 0.0967259 
qwerty 13 5 0 3.2743 2.60913 -0.23844 10.375 0.0251927 -0.0030692 0.0967259 
qwerty 13 5 0 3.2743 2.78494 -0.259858 11.05 0.0251927 -0.0030692 0.0967259 
qwerty 13 5 0 3.2743 2.96075 -0.281276 11.725 0.0251927 -0.0030692 0.0967259 
qwerty 13 5 0 3.2743 3.13656 -0.302695 12.4 0.0251927 -0.0030692 0.0967259 
qwerty 13 5 0 3.2743 3.31236 -0.324113 13.075 0.0251927 -0.0030692 0.0967259 
qwerty 13 5 0 3.2743 3.48817 -0.345531 13.75 0.0251927 -0.0030692 0.0967259 
qwerty 13 5 0 3.2743 3.66398 -0.36695 14.425 0.0251927 -0.0030692 0.0967259 
qwerty 13 5 0 3.2743 3.83978 -0.388368 15.1 0.0251927 -0.0030692 0.0967259 
qwerty 13 5 0 3.2743 4.01559 -0.409786 15.775 0.0251927 -0.0030692 0.0967259 
qwerty 13 5 0 3.2743 4.1914 -0.431205 16.45 0.0251927 -0.0030692 0.0967259 
qwerty 13 5 0 3.2743 4.3672 -0.452623 17.125 0.0251927 -0.0030692 0.0967259 
qwerty 13 5 0 3.2743 4.54301 -0.474041 17.8 0.0251927 -0.0030692 0.0967259 
qwerty 13 5 0 3.2743 4.71882 -0.49546 18.475 0.0251927 -0.0030692 0.0967259 
qwerty 13 5 0 3.2743 4.89463 -0.516878 19.15 0.0251927 -0.0030692 0.0967259 
qwerty 12 5 0 27.5389 0.681329 0.00427505 2.95 0.0261276 -0.00199432 0.0965058 
qwerty 12 5 0 27.5389 0.864075 -0.00967402 3.625 0.0261276 -0.00199432 0.0965058 
qwerty 192 12 0.445771 5.56073 0.768385 0.243676 4.02225 -0.0104425 0.0735188 0.0669771 
qwerty 192 12 0.852667 4.70806 0.725081 0.54855 4.3 0.00996909 0.0551885 0.082794 
qwerty 192 12 0.548828 1.03828 0.809641 0.852025 4.57173 0.0451516 0.0873299 -0.018298 
qwerty 192 12 0.369379 0.6689 0.943397 0.994847 4.50824 0.0455595 0.0513395 -0.0727227 
qwerty 192 12 0.0733266 0.595573 0.964219 1.01831 4.475 0.0386202 0.067873 -0.0624639 
qwerty 192 12 0 0.55711 0.96406 1.02158 4.475 0.0379125 0.0900172 -0.0214368 
qwerty 192 12 0.0253733 0.419348 0.974766 1.02858 4.47651 0.0878596 0.0473274 0.00638824 
qwerty 192 12 0.0202405 0.399107 0.984975 1.0319 4.47748 0.080432 0.0239615 0.0543741 
qwerty 192 12 0.029653 0.369454 0.994134 1.03296 4.48663 0.0816812 0.0308519 0.0487477 
qwerty 192 12 0.0193035 0.350151 1.00569 1.03599 4.49046 0.0738655 0.0211389 0.0640081 
qwerty 192 12 0.0272251 0.322926 1.01306 1.04073 4.50114 0.0550442 0.0690903 0.0468686 
qwerty 192 12 0.0337605 0.289165 1.02432 1.05334 4.50533 0.0723745 0.0512692 0.0461888 
qwerty 192 12 0.0367512 0.252414 1.03616 1.0621 4.50961 0.0724899 0.0665025 0.017962 
qwerty 192 12 0.0497216 0.202692 1.05207 1.07045 4.52273 0.027413 0.0674909 0.0685092 
qwerty 192 12 0.110354 0.0923382 1.06084 1.09949 4.524 0.0841465 0.0539511 0.00294028 
qwerty 192 12 0.0923382 0 1.06676 1.10329 4.52421 0.0841465 0.0539511 0.00294028 
qwerty 195 192 0.277976 1.18266 0.679561 0.398589 4.02938 -0.0370325 0.0726208 0.0579208 
qwerty 195 192 0.519399 0.663261 0.490198 0.550041 4.09358 -0.0801786 0.0102618 0.0588736 
qwerty 195 192 0.326962 0.336299 0.39027 0.494564 4.19677 0.0663946 -0.0446871 0.0599568 
qwerty 195 192 0.336299 0 0.428972 0.468516 4.23171 0.0663946 -0.0446871 0.0599568 
qwerty 194 192 0 1.2427 1.13358 0.0415089 4.3 0.0367233 0.00745063 0.092714 
qwerty 194 192 0 1.2427 1.25 0.0651297 4.59393 0.0367233 0.00745063 0.092714 
qwerty 194 192 0 1.2427 1.40094 0.0957529 4.975 0.0367233 0.00745063 0.092714 
qwerty 194 192 0 1.2427 1.6683 0.149997 5.65 0.0367233 0.00745063 0.092714 
qwerty 194 192 0 1.2427 1.93566 0.204241 6.325 0.0367233 0.00745063 0.092714 
qwerty 194 192 0 1.2427 2.20302 0.258485 7 0.0367233 0.00745063 0.092714 
qwerty 194 192 0 1.2427 2.47039 0.312729 7.675 0.0367233 0.00745063 0.092714 
qwerty 194 192 0 1.2427 2.73775 0.366973 8.35 0.0367233 0.00745063 0.092714 
qwerty 194 192 0 1.2427 3.00511 0.421217 9.025 0.0367233 0.00745063 0.092714 
qwerty 194 192 0 1.2427 3.27247 0.475461 9.7 0.0367233 0.00745063 0.092714 
qwerty 194 192 0 1.2427 3.53983 0.529705 10.375 0.0367233 0.00745063 0.092714 
qwerty 194 192 0 1.2427 3.8072 0.583949 11.05 0.0367233 0.00745063 0.092714 
qwerty 10 5 0 3.06032 0.486769 0.0451445 2.275 0.0267638 0.00190526 0.0963331 
qwerty 10 5 0 3.06032 0.674301 0.0584945 2.95 0.0267638 0.00190526 0.0963331 
qwerty 10 5 0 3.06032 0.861833 0.0718446 3.625 0.0267638 0.00190526 0.0963331 
qwerty 10 5 0 3.06032 1.04937 0.0851947 4.3 0.0267638 0.00190526 0.0963331 
qwerty 10 5 0 3.06032 1.2369 0.0985447 4.975 0.0267638 0.00190526 0.0963331 
qwerty 10 5 0 3.06032 1.42443 0.111895 5.65 0.0267638 0.00190526 0.0963331 
qwerty 10 5 0 3.06032 1.61196 0.125245 6.325 0.0267638 0.00190526 0.0963331 
qwerty 10 5 0 3.06032 1.79949 0.138595 7 0.0267638 0.00190526 0.0963331 
qwerty 10 5 0 3.06032 1.98703 0.151945 7.675 0.0267638 0.00190526 0.0963331 
qwerty 10 5 0 3.06032 2.17456 0.165295 8.35 0.0267638 0.00190526 0.0963331 
qwerty 10 5 0 3.06032 2.36209 0.178645 9.025 0.0267638 0.00190526 0.0963331 
qwerty 10 5 0 3.06032 2.54962 0.191995 9.7 0.0267638 0.00190526 0.0963331 
qwerty 10 5 0 3.06032 2.73715 0.205345 10.375 0.0267638 0.00190526 0.0963331 
qwerty 10 5 0 3.06032 2.92469 0.218695 11.05 0.0267638 0.00190526 0.0963331 
qwerty 10 5 0 3.06032 3.11222 0.232045 11.725 0.0267638 0.00190526 0.0963331 
qwerty 10 5 0 3.06032 3.29975 0.245395 12.4 0.0267638 0.00190526 0.0963331 
qwerty 10 5 0 1.4237 3.4745 0.257836 13.029 0.0152717 0.0601036 0.0784495 
qwerty 10 5 0 1.4237 3.48346 0.293076 13.075 0.0152717 0.0601036 0.0784495 
qwerty 10 5 0 1.4237 3.61486 0.810222 13.75 0.0152717 0.0601036 0.0784495 
qwerty 10 5 0 1.4237 3.74626 1.32737 14.425 0.0152717 0.0601036 0.0784495 
qwerty 198 10 0.161952 1.47466 3.48962 0.237807 13.075 0.0309211 -0.0661019 0.0683698 
qwerty 198 10 0.237424 0.978471 3.44137 0.239505 12.9427 -0.0420786 0.0260646 -0.0868909 
qwerty 198 10 0.557776 0.420695 3.38207 0.307426 12.8268 -0.067907 0.0196996 -0.0707146 
qwerty 198 10 0.31214 0.108555 3.32705 0.323388 12.7695 0.0834736 -0.0179689 -0.0520508 
qwerty 198 10 0.108555 0 3.33481 0.321719 12.7647 0.0834736 -0.0179689 -0.0520508 
qwerty 9 7 0 3.38302 -9.78392 -0.910575 5.65 -0.0628127 0.022941 0.0743524 
qwerty 9 7 0 3.38302 -10.3542 -0.702307 6.325 -0.0628127 0.022941 0.0743524 
qwerty 9 7 0 3.38302 -10.9244 -0.49404 7 -0.0628127 0.022941 0.0743524 
qwerty 9 7 0 3.38302 -11.25 -0.375119 7.38543 -0.0628127 0.022941 0.0743524 
qwerty 9 7 0 3.38302 -11.4946 -0.285773 7.675 -0.0628127 0.022941 0.0743524 
qwerty 9 7 0 0.947236 -12.6884 -0.315735 8.25276 -0.0889389 0.0435096 -0.0140282 
qwerty 9 7 0 0.947236 -15.2419 0.933455 7.85 -0.0889389 0.0435096 -0.0140282 
qwerty 9 7 0 0.947236 -18.75 2.64964 7.29667 -0.0889389 0.0435096 -0.0140282 
qwerty 9 7 0 0.947236 -19.5214 3.02702 7.175 -0.0889389 0.0435096 -0.0140282 
qwerty 9 7 0 0.846957 -21.6504 3.60276 6.5 -0.0919982 0.0154902 -0.0360054 
qwerty 203 9 0.119282 0.825479 -12.7414 -0.320214 8.30355 -0.0644204 -0.0416739 0.064135 
qwerty 203 9 0.13239 0.693089 -12.7862 -0.342476 8.34114 -0.0703829 -0.0564027 0.0431854 
qwerty 203 9 0.0490172 0.644072 -12.8007 -0.354052 8.35 -0.0790094 -0.0497818 0.035767 
qwerty 201 9 0.18378 6.70799 -9.45231 -1.25 5.22853 -0.0510443 -0.0628604 0.0586775 
qwerty 201 9 1.01547 5.69252 -9.81895 -1.70151 5.65 -0.0244287 -0.0680038 0.0691283 
qwerty 208 201 0 0.310129 -10.2508 -0.792691 5.56871 0.0301495 0.0890898 -0.0339708 
qwerty 208 201 0 0.310129 -9.87923 0.305403 5.15 0.0301495 0.0890898 -0.0339708 
qwerty 209 208 0.0518379 0 -10.2533 -0.792083 5.56922 -0.0951558 0.0236986 0.0195897 
qwerty 8 7 0 10.6233 -11.2412 -2.09748 5.65 -0.0858078 -0.0438428 0.0267362 
qwerty 8 7 0 10.6233 -13.4075 -3.20437 6.325 -0.0858078 -0.0438428 0.0267362 
qwerty 8 7 0 10.6233 -14.4754 -3.75 6.65774 -0.0858078 -0.0438428 0.0267362 
qwerty 8 7 0 10.6233 -15.5739 -4.31125 7 -0.0858078 -0.0438428 0.0267362 
qwerty 8 7 0 10.6233 -16.25 -4.65671 7.21067 -0.0858078 -0.0438428 0.0267362 
qwerty 8 7 0 10.6233 -17.7402 -5.41814 7.675 -0.0858078 -0.0438428 0.0267362 
qwerty 8 7 0 10.6233 -19.3683 -6.25 8.18229 -0.0858078 -0.0438428 0.0267362 
qwerty 8 7 0 10.6233 -19.9066 -6.52502 8.35 -0.0858078 -0.0438428 0.0267362 
qwerty 8 7 0 10.6233 -21.25 -7.21142 8.76858 -0.0858078 -0.0438428 0.0267362 
qwerty 8 7 0 10.6233 -22.073 -7.63191 9.025 -0.0858078 -0.0438428 0.0267362 
qwerty 8 7 0 10.6233 -24.2393 -8.73879 9.7 -0.0858078 -0.0438428 0.0267362 
qwerty 8 7 0 3.43909 -26.25 -11.1936 10.3594 -0.0585842 -0.0786914 0.0193794 
qwerty 8 7 0 3.43909 -26.297 -11.2568 10.375 -0.0585842 -0.0786914 0.0193794 
qwerty 8 7 0 3.43909 -28.1532 -13.75 10.989 -0.0585842 -0.0786914 0.0193794 
qwerty 8 7 0 3.43909 -28.3376 -13.9977 11.05 -0.0585842 -0.0786914 0.0193794 
qwerty 8 7 0 0.374278 -30.2229 -16.5301 11.6737 0.00210426 0.0476214 0.0879078 
qwerty 8 7 0 0.374278 -30.2216 -16.5023 11.725 0.00210426 0.0476214 0.0879078 
qwerty 193 12 2.27969 8.68768 2.13495 -0.0991445 4.3 0.0643926 -0.0396228 0.0654494 
qwerty 193 12 0.751492 2.03786 2.53476 0.0481921 4.68678 0.067005 0.0249956 0.0698967 
qwerty 193 12 0.580103 1.45776 2.74581 0.0829408 4.94557 0.0762119 0.00616621 0.0644494 
qwerty 193 12 0.117714 1.34004 2.78061 0.0857568 4.975 0.0713062 0.0322059 0.0622753 
qwerty 193 12 0.150783 0.815025 2.75264 0.132805 4.90899 -0.0674493 0.0373003 -0.0637125 
qwerty 193 12 0.212829 0.602196 2.68146 0.138478 4.86233 -0.08155 0.0441408 -0.0374326 
qwerty 193 12 0.132643 0.469553 2.60854 0.172216 4.8704 -0.0738483 -0.0663281 0.012125 
qwerty 193 12 0.12027 0.349283 2.57854 0.113761 4.86295 -0.0597538 -0.0657624 0.0458779 
qwerty 193 12 0.261562 0.0877215 2.55289 0.0574106 4.87998 0.022076 -0.0913818 -0.0340882 
qwerty 193 12 0.0877215 0 2.55428 0.0516612 4.87783 0.022076 -0.0913818 -0.0340882 
qwerty 193 12 0 0 2.55428 0.0516612 4.87783 0.022076 -0.0913818 -0.0340882 
qwerty 144 21 0.0124349 31.9483 6.8826 -1.25683 24.7324 0.014154 -0.000809111 0.0989899 
qwerty 144 21 0.83338 31.1149 6.95303 -1.26085 25.225 0.0208422 -0.00146199 0.097793 
qwerty 144 21 1.08089 12.1356 7.21897 -1.47181 25.9 0.0514136 -0.0441439 0.0735388 
qwerty 144 21 1.0035 3.18941 7.68537 -1.44514 25.4 0.0217667 0.0439913 -0.0871262 
qwerty 131 25 0.935538 2.63996 4.14521 0.227217 8.15939 0.0804402 0.0299849 0.0512862 
qwerty 131 25 0.562932 2.07703 4.44418 0.338661 8.35 0.0606062 0.0539852 0.0584166 
qwerty 131 25 0.377051 0.992486 4.50334 0.371843 8.15901 -0.0052353 0.0243654 -0.0968448 
qwerty 131 25 0.337645 0.654841 4.37689 0.417837 7.97944 -0.0474819 0.0578062 -0.0663619 
qwerty 131 25 0.306933 0.347908 4.29831 0.463548 7.87227 -0.0182092 0.00554367 -0.0981717 
qwerty 131 25 0.0465677 0.30134 4.29418 0.464806 7.85 -0.0369959 0.0202171 -0.0906784 
qwerty 91 45 0.825541 10.5693 0.963656 0.152184 7 -0.0097185 0.00711464 0.099272 
qwerty 91 45 0.865262 3.94983 1.16236 -0.174541 6.60189 0.0501849 -0.084436 -0.0187625 
qwerty 91 45 1.28576 2.66407 1.43491 -0.633093 6.5 0.0376822 -0.069203 -0.061571 
qwerty 72 50 1.12968 6.82001 5.80504 5.66408 15.1 0.0029418 0.0627052 0.0778422 
qwerty 72 50 1.28904 3.01974 5.94725 6.21949 14.7127 0.0210881 0.0497676 -0.0841337 
qwerty 72 50 0.0964812 2.92325 5.96018 6.25 14.6612 0.0243018 0.0450993 -0.0858806 
qwerty 72 50 0.11111 2.81214 5.97749 6.28212 14.6 -0.00412676 0.0102179 -0.099391 
qwerty 212 8 0.0451476 1.76536 -30.2381 -16.5509 11.678 -0.0708696 -0.0658363 -0.0253591 
qwerty 212 8 0.526845 1.23852 -30.4931 -16.7022 11.6243 -0.0912673 -0.00708185 0.0402507 
qwerty 212 8 0.525393 0.713123 -30.6955 -16.7124 11.7226 -0.0635225 0.0539748 0.0552414 
qwerty 212 8 0.00619996 0.706923 -30.6983 -16.71 11.725 -0.0567472 0.0576418 0.0587978 
qwerty 212 8 0.117624 0.560574 -30.6891 -16.727 11.7031 0.0132102 -0.0768706 -0.0625812 
qwerty 212 8 0.0649766 0.495597 -30.6763 -16.7485 11.6847 0.0376724 -0.055797 -0.0739424 
qwerty 212 8 0.0619448 0.433653 -30.6732 -16.7633 11.6582 0.0172968 -0.0327255 -0.0928971 
qwerty 212 8 0.0725449 0.361108 -30.6602 -16.761 11.6224 0.00487713 -0.0354844 -0.0933652 
qwerty 212 8 0.134302 0.226806 -30.6237 -16.7773 11.5759 0.0539254 -0.011162 -0.0834713 
qwerty 212 8 0.226806 0 -30.6067 -16.7808 11.5497 0.0539254 -0.011162 -0.0834713 
qwerty 257 212 0.177715 1.07659 -30.2634 -16.6206 11.725 -0.0249487 -0.074614 0.0617277 
qwerty 257 212 0.106544 0.742857 -30.2682 -16.6111 11.6721 0.0115311 0.0137473 -0.0983771 
qwerty 257 212 0.0950418 0.647815 -30.266 -16.6208 11.6202 0.00439459 0.0279013 -0.0959281 
qwerty 257 212 0.179847 0.467969 -30.2714 -16.6202 11.5651 -0.0692289 0.0141934 -0.0707524 
qwerty 257 212 0.204077 0.263892 -30.3531 -16.6047 11.5434 -0.0657169 -0.070737 0.0260302 
qwerty 257 212 0.263892 0 -30.3794 -16.633 11.5539 -0.0657169 -0.070737 0.0260302 
qwerty 259 211 0 0.693926 -25.1988 -9.04255 9.2 -0.0673919 -0.0154221 -0.0722529 
qwerty 259 211 0 0.693926 -25.8284 -9.18663 8.525 -0.0673919 -0.0154221 -0.0722529 
qwerty 259 211 0 0.693926 -26.458 -9.3307 7.85 -0.0673919 -0.0154221 -0.0722529 
qwerty 259 211 0 0.693926 -27.0876 -9.47478 7.175 -0.0673919 -0.0154221 -0.0722529 
qwerty 259 211 0 0.491123 -27.7938 -10.8391 6.5 -0.0418061 -0.0816082 -0.0399043 
qwerty 258 211 0 0.835756 -26.25 -10.2777 10.3102 -0.0751083 -0.0619406 0.0228495 
qwerty 258 211 0 0.835756 -26.4629 -10.4533 10.375 -0.0751083 -0.0619406 0.0228495 
qwerty 258 211 0 0.835756 -27.429 -11.25 10.6689 -0.0751083 -0.0619406 0.0228495 
qwerty 258 211 0 0.835756 -28.6817 -12.2831 11.05 -0.0751083 -0.0619406 0.0228495 
qwerty 268 256 0.00781506 0.217158 0.781314 2.46612 2.94748 -0.0201171 -0.0454989 -0.0867477 
qwerty 268 256 0.00776415 0.209393 0.780143 2.46426 2.94486 -0.0477487 -0.0381566 -0.0791463 
qwerty 268 256 0.00442183 0.204972 0.779176 2.46339 2.94238 -0.0134723 -0.0559422 -0.0817861 
qwerty 268 256 0.0111188 0.193853 0.779312 2.45974 2.93845 -0.0201573 -0.0702542 -0.0682498 
qwerty 268 256 0.0148666 0.178986 0.776708 2.45558 2.93388 -0.0480456 -0.00958162 -0.0871769 
qwerty 268 256 0.022965 0.156021 0.773724 2.45735 2.92692 -0.0446943 -0.00398932 -0.0893672 
qwerty 268 256 0.0396268 0.116394 0.772606 2.45415 2.91525 0.0712847 -0.0444548 0.0542426 
qwerty 268 256 0.116394 0 0.78006 2.4495 2.92093 0.0712847 -0.0444548 0.0542426 
qwerty 271 255 0.0256042 0.102606 1.03544 2.47906 3.12596 0.0206366 -0.024908 0.0946241 
qwerty 271 255 0.00757933 0.0950265 1.03588 2.47856 3.12704 0.0456081 -0.0297637 0.0838691 
qwerty 271 255 0.00405594 0.0909706 1.03623 2.47822 3.12814 0.0199378 0.00318761 0.0979404 
qwerty 271 255 0.00606823 0.0849024 1.03635 2.47775 3.12982 0.00599134 -0.00222663 0.0997955 
qwerty 271 255 0.0210234 0.063879 1.03647 2.47703 3.1321 0.0134545 0.0285819 0.0948791 
qwerty 271 255 0.0320547 0.0318243 1.03687 2.47947 3.13471 -0.05873 0.0801021 -0.0115948 
qwerty 271 255 0.0318243 0 1.03624 2.48033 3.13458 -0.05873 0.0801021 -0.0115948 
qwerty 254 65 0 0.497988 8.43498 14.6617 18.65 0.00787211 0.051349 -0.0854477 
qwerty 254 65 0 0.497988 8.49716 15.0673 17.975 0.00787211 0.051349 -0.0854477 
qwerty 253 65 0 0.510999 8.50743 13.92 19.825 0.0146605 -0.0541368 0.0827905 
qwerty 252 69 0 1.45946 1.33774 1.29408 4.975 0.00861143 -0.0679138 0.0728942 
qwerty 276 252 0.151278 0.922466 1.45622 1.11744 5.16132 0.0935756 -0.0159337 0.03146 
qwerty 276 252 0.199941 0.722525 1.54575 1.11007 5.23522 0.0663311 -0.0302967 0.0684273 
qwerty 276 252 0.197129 0.525395 1.60382 1.04417 5.29672 -0.0333085 -0.0667398 0.0666059 
qwerty 276 252 0.133061 0.392334 1.56458 0.998667 5.3328 -0.0551455 -0.0431975 0.0713649 
qwerty 276 252 0.308552 0.0837823 1.52409 0.966949 5.38521 -0.0410597 -0.0549809 -0.0727406 
qwerty 276 252 0.0837823 0 1.52165 0.963679 5.38088 -0.0410597 -0.0549809 -0.0727406 
qwerty 251 69 0 0.41488 1.15109 1.62509 3.8 -0.0182442 -0.0199758 -0.0962711 
qwerty 250 69 0 0.587815 1.76748 2.04846 4.975 0.0663002 0.0360934 0.0655862 
qwerty 250 69 0 0.587815 2.44983 2.41993 5.65 0.0663002 0.0360934 0.0655862 
qwerty 250 69 0 0.393264 1.84878 6.21189 6.325 -0.0217914 0.0965599 0.0141886 
qwerty 249 72 0 0.510999 5.97705 6.25 14.6259 -0.0496156 -0.0497157 0.0711804 
qwerty 249 72 0 0.510999 5.64661 5.91889 15.1 -0.0496156 -0.0497157 0.0711804 
qwerty 249 72 0 0.510999 5.1761 5.44744 15.775 -0.0496156 -0.0497157 0.0711804 
qwerty 249 72 0 0.27115 5.83864 3.39558 15.275 0.03191 -0.0913257 -0.0253254 
qwerty 248 72 0 0.510999 6.25 6.5235 14.2343 0.0496156 0.0497157 -0.0711804 
qwerty 248 72 0 0.510999 6.46563 6.73956 13.925 0.0496156 0.0497157 -0.0711804 
qwerty 248 72 0 0.510999 6.93613 7.21102 13.25 0.0496156 0.0497157 -0.0711804 
qwerty 246 91 0 0.510999 1.55496 -0.43128 7 0.0104694 0.0426365 0.0898472 
qwerty 246 91 0 0.510999 1.63361 -0.110962 7.675 0.0104694 0.0426365 0.0898472 
qwerty 244 91 0 0.87383 2.45464 -0.661221 5.825 0.082928 0.00147434 -0.0558639 
qwerty 244 91 0 0.259765 2.71557 -0.656582 5.64922 -0.0560443 0.0818572 -0.0125869 
qwerty 244 91 0 0.259765 1.41021 1.25 5.35605 -0.0560443 0.0818572 -0.0125869 
qwerty 244 91 0 0.259765 0.492737 2.59005 5.15 -0.0560443 0.0818572 -0.0125869 
qwerty 291 244 0.0417573 0.572308 2.73887 -0.665874 5.64049 0.0512172 -0.0692616 -0.0507901 
qwerty 291 244 0.0436459 0.528662 2.7553 -0.683147 5.63275 0.0280466 -0.0959832 0.000778951 
qwerty 291 244 0.0588536 0.469809 2.76116 -0.706681 5.62638 0.0626161 -0.0709915 -0.0322403 
qwerty 291 244 0.0467343 0.423074 2.77657 -0.721058 5.61172 -0.017167 -0.0729269 -0.0662341 
qwerty 291 244 0.0473311 0.375743 2.76654 -0.738913 5.59876 -0.0257954 -0.0806347 -0.0532225 
qwerty 291 244 0.0572284 0.318515 2.75606 -0.754665 5.57591 -0.0559275 -0.0710101 -0.0427747 
qwerty 291 244 0.0977333 0.220781 2.71952 -0.763335 5.55139 -0.0578769 -0.0813647 -0.00548082 
qwerty 291 244 0.220781 0 2.70207 -0.787867 5.54974 -0.0578769 -0.0813647 -0.00548082 
qwerty 242 91 0 3.76927 4.03825 -1.25 6.90196 0.091013 -0.0412465 -0.0039193 
qwerty 242 91 0 3.76927 9.55467 -3.75 6.66441 0.091013 -0.0412465 -0.0039193 
qwerty 242 91 0 3.76927 13.3724 -5.48019 6.5 0.091013 -0.0412465 -0.0039193 
qwerty 241 91 0 0.950664 3.61336 -1.25 6.79188 0.0882337 -0.0463724 -0.00802623 
qwerty 241 91 0 0.950664 6.82201 -2.93635 6.5 0.0882337 -0.0463724 -0.00802623 
qwerty 240 91 0 15.6942 0.960971 0.211606 7 -0.0112226 0.0247543 0.0962355 
qwerty 240 91 0 15.6942 0.882256 0.385233 7.675 -0.0112226 0.0247543 0.0962355 
qwerty 240 91 0 15.6942 0.80354 0.55886 8.35 -0.0112226 0.0247543 0.0962355 
qwerty 240 91 0 15.6942 0.724824 0.732488 9.025 -0.0112226 0.0247543 0.0962355 
qwerty 240 91 0 15.6942 0.646109 0.906115 9.7 -0.0112226 0.0247543 0.0962355 
qwerty 299 240 0.921752 3.2108 0.609896 0.981382 10.375 0.0143512 -0.00601224 0.0987821 
qwerty 299 240 0.606324 1.74171 0.533812 0.612005 10.3178 -0.0349042 -0.0936894 -0.00199616 
qwerty 299 240 0.65448 1.08723 0.373845 0.3612 10.3137 -0.0124066 -0.0973814 -0.0190511 
qwerty 299 240 0.0405775 1.0247 0.373908 0.332541 10.3108 -0.00645916 -0.0997408 0.0031704 
qwerty 299 240 0.413104 0.611597 0.330639 0.138743 10.2683 -0.0254212 -0.0878994 -0.0403417 
qwerty 299 240 0.345194 0.266403 0.225552 0.031126 10.2592 -0.0342036 -0.0696242 0.0631077 
qwerty 299 240 0.266403 0 0.211657 0.00284122 10.2848 -0.0342036 -0.0696242 0.0631077 
qwerty 301 299 0 0.0219513 0.262843 -0.34136 10.375 -0.0161901 -0.0982355 0.00936347 
qwerty 236 131 0 0.181398 4.05269 1.13196 8.35 -0.0277075 0.0766028 0.0580027 
qwerty 235 131 0 0.510999 4.07238 0.610766 8.35 -0.0388398 0.0255727 0.0885297 
qwerty 235 131 0 0.510999 3.77624 0.805746 9.025 -0.0388398 0.0255727 0.0885297 
qwerty 235 131 0 0.510999 3.4801 1.00073 9.7 -0.0388398 0.0255727 0.0885297 
qwerty 235 131 0 0.510999 3.18397 1.19571 10.375 -0.0388398 0.0255727 0.0885297 
qwerty 235 131 0 0.510999 3.10151 1.25 10.563 -0.0388398 0.0255727 0.0885297 
qwerty 235 131 0 0.510999 2.88783 1.39069 11.05 -0.0388398 0.0255727 0.0885297 
qwerty 235 131 0 0.510999 2.59169 1.58567 11.725 -0.0388398 0.0255727 0.0885297 
qwerty 235 131 0 0.510999 2.29556 1.78065 12.4 -0.0388398 0.0255727 0.0885297 
qwerty 234 144 0 0.510999 8.15024 -1.16297 24.725 0.0568504 0.0284 -0.0772106 
qwerty 234 144 0 0.510999 8.64725 -0.914686 24.05 0.0568504 0.0284 -0.0772106 
qwerty 234 144 0 0.510999 9.14425 -0.666404 23.375 0.0568504 0.0284 -0.0772106 
qwerty 234 144 0 0.510999 9.64126 -0.418122 22.7 0.0568504 0.0284 -0.0772106 
qwerty 234 144 0 0.384631 9.93124 -0.27326 22.3062 0.098142 0.0172765 -0.00834716 
qwerty 234 144 0 0.384631 11.25 -0.0411103 22.194 0.098142 0.0172765 -0.00834716 
qwerty 234 144 0 0.25282 13.23 0.307435 22.0256 0.0483381 -0.082361 0.0296665 
qwerty 234 144 0 0.25282 13.75 -0.578623 22.3448 0.0483381 -0.082361 0.0296665 
qwerty 234 144 0 0.25282 14.0437 -1.07901 22.525 0.0483381 -0.082361 0.0296665 
qwerty 311 234 0.00345045 0.12836 13.2308 0.308302 22.025 0.0556675 0.0784982 -0.0271873 
qwerty 311 234 1.80753e-05 0.128342 13.2308 0.308346 22.025 0.0535126 0.0804247 -0.0258508 
qwerty 311 234 0.00233956 0.111235 13.2308 0.308131 22.026 0.0221373 -0.0191298 0.0956242 
qwerty 311 234 0.00274559 0.108489 13.2309 0.308032 22.0268 0.0194717 -0.0111708 0.0974478 
qwerty 311 234 0.00524495 0.103244 13.2314 0.307976 22.0279 0.024023 -0.00632192 0.0968655 
qwerty 311 234 0.00505128 0.098193 13.2319 0.307939 22.0295 0.0125308 0.0113639 0.0985588 
qwerty 311 234 0.00902071 0.0891723 13.2319 0.307702 22.032 0.0200289 -0.0143176 0.0969219 
qwerty 311 234 0.0198608 0.0693115 13.234 0.308321 22.0354 0.00165157 0.0763514 0.064558 
qwerty 311 234 0.0693115 0 13.2341 0.311585 22.0382 0.00165157 0.0763514 0.064558 
qwerty 310 234 0.126368 0 9.92849 -0.270778 22.2947 -0.0228326 0.0206522 -0.0951428 
qwerty 233 144 0 0.510999 7.28509 -1.59516 25.9 -0.0568504 -0.0284 0.0772106 
qwerty 229 144 0 0.809267 7.25366 -1.73979 26.575 0.00297432 -0.0361674 0.093183 
qwerty 229 144 0 0.809267 7.2752 -2.00178 27.25 0.00297432 -0.0361674 0.093183 
qwerty 228 144 0 1.58877 7.42684 -1.67079 26.1881 0.0622277 -0.0447102 0.064255 
qwerty 228 144 0 1.58877 7.80155 -1.94002 26.575 0.0622277 -0.0447102 0.064255 
qwerty 228 144 0 1.58877 8.45526 -2.4097 27.25 0.0622277 -0.0447102 0.064255 
qwerty 228 144 0 1.58877 8.75 -2.62147 27.5543 0.0622277 -0.0447102 0.064255 
qwerty 228 144 0 1.58877 9.10896 -2.87938 27.925 0.0622277 -0.0447102 0.064255 
qwerty 228 144 0 1.58877 9.76266 -3.34906 28.6 0.0622277 -0.0447102 0.064255 
qwerty 228 144 0 1.58877 10.4164 -3.81874 29.275 0.0622277 -0.0447102 0.064255 
qwerty 228 144 0 1.58877 11.0701 -4.28842 29.95 0.0622277 -0.0447102 0.064255 
qwerty 228 144 0 1.58877 11.25 -4.4177 30.1358 0.0622277 -0.0447102 0.064255 
qwerty 228 144 0 0.93191 11.3121 -4.46234 30.1999 0.0234965 -0.000566229 0.0971987 
qwerty 228 144 0 0.93191 11.4149 -4.46482 30.625 0.0234965 -0.000566229 0.0971987 
qwerty 228 144 0 0.93191 11.5781 -4.46875 31.3 0.0234965 -0.000566229 0.0971987 
qwerty 228 144 0 0.93191 11.7412 -4.47268 31.975 0.0234965 -0.000566229 0.0971987 
qwerty 320 228 0.0587509 0.598113 11.3338 -4.48986 30.1961 0.0792469 -0.0602687 0.00935992 
qwerty 320 228 0.0783579 0.519755 11.3627 -4.52302 30.192 0.0179469 -0.0960825 0.0211203 
qwerty 320 228 0.0834805 0.436274 11.3854 -4.56095 30.1962 0.0384344 -0.0883763 0.0266912 
qwerty 320 228 0.0732143 0.36306 11.3989 -4.60252 30.1887 0.0494382 -0.0857964 -0.0139585 
qwerty 320 228 0.292436 0.0706236 11.4247 -4.62216 30.1873 0.0238993 -0.0950659 -0.0197812 
qwerty 320 228 0.0706236 0 11.4257 -4.62636 30.1864 0.0238993 -0.0950659 -0.0197812 
qwerty 319 228 0.0485442 0 7.42528 -1.67173 26.1894 -0.0684695 -0.0415585 0.0598733 
qwerty 227 144 0 3.8915 7.25414 -1.49493 25.9 0.0439116 -0.0375739 0.0816086 
qwerty 227 144 0 3.8915 7.61734 -1.80571 26.575 0.0439116 -0.0375739 0.0816086 
qwerty 227 144 0 3.8915 7.98054 -2.11649 27.25 0.0439116 -0.0375739 0.0816086 
qwerty 227 144 0 3.8915 8.34374 -2.42727 27.925 0.0439116 -0.0375739 0.0816086 
qwerty 227 144 0 3.8915 8.70694 -2.73805 28.6 0.0439116 -0.0375739 0.0816086 
qwerty 227 144 0 3.8915 9.07014 -3.04884 29.275 0.0439116 -0.0375739 0.0816086 
qwerty 227 144 0 3.8915 9.43334 -3.35962 29.95 0.0439116 -0.0375739 0.0816086 
qwerty 227 144 0 3.8915 9.79654 -3.6704 30.625 0.0439116 -0.0375739 0.0816086 
qwerty 227 144 0 3.8915 10.1597 -3.98118 31.3 0.0439116 -0.0375739 0.0816086 
qwerty 227 144 0 3.8915 10.5229 -4.29196 31.975 0.0439116 -0.0375739 0.0816086 
qwerty 227 144 0 3.8915 10.8861 -4.60274 32.65 0.0439116 -0.0375739 0.0816086 
qwerty 227 144 0 1.72275 10.9042 -4.86071 33.325 -0.0122059 -0.0334602 0.0934421 
qwerty 322 227 0.62713 1.07641 11.1504 -4.67091 33.0686 0.0514956 0.0197995 0.0834037 
qwerty 322 227 0.411779 0.664635 11.25 -4.63261 33.23 0.0865572 -0.0045683 0.0498696 
qwerty 322 227 0.0385342 0.6261 11.2733 -4.62842 33.2441 0.0851139 0.0240685 0.0466513 
qwerty 322 227 0.0325095 0.593591 11.2923 -4.62454 33.2582 0.0707102 -0.0634565 0.0311983 
qwerty 322 227 0.040266 0.553325 11.3104 -4.64108 33.2599 0.0830847 -0.0538342 0.0141002 
qwerty 322 227 0.080171 0.473154 11.3386 -4.673 33.2736 0.0352788 -0.0932805 -0.00735958 
qwerty 322 227 0.0466443 0.42651 11.3454 -4.70141 33.2783 -0.0453639 -0.0891152 -0.000776642 
qwerty 322 227 0.0392484 0.387261 11.3385 -4.72553 33.2745 -0.0483395 -0.0811379 -0.0328623 
qwerty 322 227 0.0686296 0.318632 11.3309 -4.75615 33.2727 -0.0432767 -0.0893495 0.0119914 
qwerty 322 227 0.0767671 0.241865 11.3145 -4.78627 33.2632 -0.0655091 -0.0592998 -0.0468198 
qwerty 322 227 0.144637 0.0972281 11.294 -4.79702 33.2387 0.0813918 0.0526734 -0.0245131 
qwerty 322 227 0.0972281 0 11.3002 -4.79297 33.2368 0.0813918 0.0526734 -0.0245131 
qwerty 226 144 0 10.8714 7.09776 -1.25944 25.9 0.020155 0.000832734 0.0979443 
qwerty 226 144 0 10.8714 7.23666 -1.25371 26.575 0.020155 0.000832734 0.0979443 
qwerty 226 144 0 10.8714 7.32634 -1.25 27.0108 0.020155 0.000832734 0.0979443 
qwerty 226 144 0 10.8714 7.37556 -1.24797 27.25 0.020155 0.000832734 0.0979443 
qwerty 226 144 0 10.8714 7.51446 -1.24223 27.925 0.020155 0.000832734 0.0979443 
qwerty 226 144 0 10.8714 7.65336 -1.23649 28.6 0.020155 0.000832734 0.0979443 
qwerty 226 144 0 10.8714 7.79227 -1.23075 29.275 0.020155 0.000832734 0.0979443 
qwerty 226 144 0 10.8714 7.93117 -1.22501 29.95 0.020155 0.000832734 0.0979443 
qwerty 226 144 0 10.8714 8.07007 -1.21927 30.625 0.020155 0.000832734 0.0979443 
qwerty 226 144 0 10.8714 8.20897 -1.21353 31.3 0.020155 0.000832734 0.0979443 
qwerty 226 144 0 10.8714 8.34787 -1.20779 31.975 0.020155 0.000832734 0.0979443 
qwerty 226 144 0 10.8714 8.48677 -1.20205 32.65 0.020155 0.000832734 0.0979443 
qwerty 226 144 0 10.8714 8.62568 -1.19632 33.325 0.020155 0.000832734 0.0979443 
qwerty 226 144 0 10.8714 8.76458 -1.19058 34 0.020155 0.000832734 0.0979443 
qwerty 226 144 0 10.8714 8.90348 -1.18484 34.675 0.020155 0.000832734 0.0979443 
qwerty 226 144 0 10.8714 9.04238 -1.1791 35.35 0.020155 0.000832734 0.0979443 
qwerty 226 144 0 10.8714 9.18128 -1.17336 36.025 0.020155 0.000832734 0.0979443 
qwerty 226 144 0 10.8714 9.32018 -1.16762 36.7 0.020155 0.000832734 0.0979443 
qwerty 226 144 0 10.8714 9.45909 -1.16188 37.375 0.020155 0.000832734 0.0979443 
qwerty 226 144 0 10.8714 9.59799 -1.15614 38.05 0.020155 0.000832734 0.0979443 
qwerty 226 144 0 10.8714 9.73689 -1.1504 38.725 0.020155 0.000832734 0.0979443 
qwerty 226 144 0 10.8714 9.87579 -1.14467 39.4 0.020155 0.000832734 0.0979443 
qwerty 226 144 0 10.8714 10.0147 -1.13893 40.075 0.020155 0.000832734 0.0979443 
qwerty 225 144 0.00029101 0 6.88739 -1.25548 24.7579 0.0184657 0.00517841 0.0981438 
qwerty 327 225 0.00273531 0 6.8874 -1.25549 24.7579 0.0823848 -0.056404 0.0055966 
qwerty 224 159 0 0.510999 8.04523 -3.5097 25.9 0.0309861 -0.0873176 0.0376232 
qwerty 223 159 0 0.510999 7.0574 -0.824336 24.725 -0.0330142 0.0862312 -0.038396 
qwerty 223 159 0 0.510999 6.47701 0.691604 24.05 -0.0330142 0.0862312 -0.038396 
qwerty 223 159 0 0.510999 6.25 1.28455 23.786 -0.0330142 0.0862312 -0.038396 
qwerty 223 159 0 0.345986 6.04465 1.82092 23.5472 0.0288925 0.0314598 -0.0904185 
qwerty 223 159 0 0.345986 6.09966 1.88082 23.375 0.0288925 0.0314598 -0.0904185 
qwerty 223 159 0 0.345986 6.31535 2.11567 22.7 0.0288925 0.0314598 -0.0904185 
qwerty 223 159 0 0.345986 6.53104 2.35053 22.025 0.0288925 0.0314598 -0.0904185 
qwerty 223 159 0 0.345986 6.74673 2.58539 21.35 0.0288925 0.0314598 -0.0904185 
qwerty 223 159 0 0.345986 6.96242 2.82024 20.675 0.0288925 0.0314598 -0.0904185 
qwerty 223 159 0 0.345986 7.17811 3.0551 20 0.0288925 0.0314598 -0.0904185 
qwerty 223 159 0 0.345986 7.3938 3.28996 19.325 0.0288925 0.0314598 -0.0904185 
qwerty 223 159 0 0.345986 7.58042 3.55953 18.65 0.0240558 0.0367971 -0.0898181 
qwerty 223 159 0 0.345986 7.7612 3.83606 17.975 0.0240558 0.0367971 -0.0898181 
qwerty 223 159 0 0.185062 7.92582 4.08788 17.3604 -0.0443425 -0.088131 -0.0163299 
qwerty 223 159 0 0.185062 7.76194 3.76216 17.3 -0.0443425 -0.088131 -0.0163299 
qwerty 330 223 0.160924 0 7.93265 4.09986 17.3488 0.0378844 0.0665615 -0.0642988 
qwerty 329 223 0.165013 0 6.03325 1.83499 23.5521 -0.0607054 0.0749691 0.0263532 
qwerty 222 165 0 0.45464 5.07166 -2.00167 24.725 -0.0845937 -0.0246841 -0.0472715 
qwerty 220 191 0 0.510999 5.22896 -1.77862 19.825 0.0206546 -0.0896879 0.0391085 
qwerty 219 191 0 0.384931 4.68669 0.576073 18.7982 -0.0862557 0.0452243 -0.0226873 
qwerty 219 191 0 0.384931 4.12312 0.871557 18.65 -0.0862557 0.0452243 -0.0226873 
qwerty 339 219 0.126068 0 4.69382 0.585017 18.7947 0.0595311 0.0747087 -0.0295745 
qwerty 218 193 0 0.510999 2.15846 -0.0392927 4.975 -0.094785 -0.0217805 0.0232685 
qwerty 218 193 0 0.262461 1.55619 0.0386959 4.475 -0.0336775 0.0253139 -0.090692 
qwerty 217 193 0 0.510999 3.75 0.326425 4.5843 0.094785 0.0217805 -0.0232685 
qwerty 217 193 0 0.510999 4.19523 0.428734 4.475 0.094785 0.0217805 -0.0232685 
qwerty 216 193 0 2.28533 2.59256 0.520935 4.975 0.043239 0.0701822 0.0566113 
qwerty 216 193 0 2.28533 3.04174 1.25 5.56309 0.043239 0.0701822 0.0566113 
qwerty 216 193 0 2.28533 3.10812 1.35775 5.65 0.043239 0.0701822 0.0566113 
qwerty 215 193 0 0.266028 2.96918 -0.4021 4.975 0.0745463 -0.0253908 0.0616292 
qwerty 305 238 0.873542 28.6034 1.0469 0.0639738 7 0.00729893 -0.00391387 0.0996564 
qwerty 300 240 0.923377 9.42991 0.616502 1.08513 10.375 0.00259962 0.0252253 0.0967312 
qwerty 300 240 1.30785 4.66217 0.37192 1.92092 10.9413 -0.0252374 0.0921818 0.0294209 
qwerty 300 240 0.549687 4.11248 0.278643 2.26162 11.05 -0.0480225 0.0874272 -0.0070942 
qwerty 300 240 1.00823 3.10426 -0.0170602 2.76571 11.046 0.0159174 0.0690739 0.0705367 
qwerty 300 240 0.013948 3.09031 -0.0161633 2.76961 11.05 0.010739 0.0741966 0.0661781 
qwerty 362 295 0 0.510999 14.3325 -6.14861 7 0.0230565 -0.0486128 0.0842923 
qwerty 362 295 0 0.510999 14.5171 -6.53789 7.675 0.0230565 -0.0486128 0.0842923 
qwerty 362 295 0 0.510999 14.7017 -6.92718 8.35 0.0230565 -0.0486128 0.0842923 
qwerty 362 295 0 0.510999 14.8864 -7.31646 9.025 0.0230565 -0.0486128 0.0842923 
qwerty 361 295 0 0.510999 14.0111 -5.47097 5.825 -0.0230565 0.0486128 -0.0842923 
qwerty 361 295 0 0.510999 13.8264 -5.08168 5.15 -0.0230565 0.0486128 -0.0842923 
qwerty 361 295 0 0.510999 13.75 -4.9205 4.87051 -0.0230565 0.0486128 -0.0842923 
qwerty 361 295 0 0.510999 13.6418 -4.6924 4.475 -0.0230565 0.0486128 -0.0842923 
qwerty 361 295 0 0.29869 12.9019 -3.01756 4.975 -0.038885 0.0880517 0.0271081 
qwerty 359 300 0 0.510999 0.716362 2.49814 10.55 0.0776136 -0.0283952 -0.0563014 
qwerty 359 300 0 0.510999 1.25 2.2958 10.1482 0.0763292 -0.0290569 -0.0577022 
qwerty 359 300 0 0.510999 1.61145 2.15821 9.875 0.0763292 -0.0290569 -0.0577022 
qwerty 359 300 0 0.333663 2.19908 1.93451 9.43077 -0.0198859 -0.025641 -0.0945891 
qwerty 359 300 0 0.333663 2.15056 1.87195 9.2 -0.0198859 -0.025641 -0.0945891 
qwerty 359 300 0 0.333663 2.00865 1.68897 8.525 -0.0198859 -0.025641 -0.0945891 
qwerty 373 359 0.177336 0 2.21999 1.93163 9.43172 0.0989625 -0.0136445 0.0044995 
qwerty 358 300 0 0.409181 -0.360531 2.89213 11.3312 -0.0601778 -0.0385904 0.0699244 
qwerty 358 300 0 0.409181 -0.699453 2.67479 11.725 -0.0601778 -0.0385904 0.0699244 
qwerty 358 300 0 0.409181 -1.28037 2.30226 12.4 -0.0601778 -0.0385904 0.0699244 
qwerty 358 300 0 0.409181 -1.86128 1.92974 13.075 -0.0601778 -0.0385904 0.0699244 
qwerty 375 358 0.101818 0 -0.364231 2.89958 11.3312 -0.0444526 0.0895754 0.000467664 
qwerty 354 305 0 0.510999 -1.25 -0.267338 7.43412 -0.098251 -0.0148499 0.0112346 
qwerty 354 305 0 0.510999 -3.35661 -0.585735 7.675 -0.098251 -0.0148499 0.0112346 
qwerty 352 305 0 7.56128 1.25 0.107169 7.24733 0.0892586 0.0101375 0.0439332 
qwerty 352 305 0 7.56128 2.1189 0.205854 7.675 0.0892586 0.0101375 0.0439332 
qwerty 350 305 0 17.25 1.13456 0.0242789 7.675 0.0140436 -0.0058195 0.0988378 
qwerty 350 305 0 17.25 1.23046 -0.0154647 8.35 0.0140436 -0.0058195 0.0988378 
qwerty 350 305 0 17.25 1.32637 -0.0552082 9.025 0.0140436 -0.0058195 0.0988378 
qwerty 350 305 0 17.25 1.42228 -0.0949518 9.7 0.0140436 -0.0058195 0.0988378 
qwerty 350 305 0 17.25 1.51819 -0.134695 10.375 0.0140436 -0.0058195 0.0988378 
qwerty 350 305 0 17.25 1.6141 -0.174439 11.05 0.0140436 -0.0058195 0.0988378 
qwerty 350 305 0 17.25 1.71001 -0.214182 11.725 0.0140436 -0.0058195 0.0988378 
qwerty 350 305 0 17.25 1.80592 -0.253926 12.4 0.0140436 -0.0058195 0.0988378 
qwerty 350 305 0 17.25 1.90183 -0.293669 13.075 0.0140436 -0.0058195 0.0988378 
qwerty 350 305 0 17.25 1.99774 -0.333413 13.75 0.0140436 -0.0058195 0.0988378 
qwerty 350 305 0 17.25 2.09365 -0.373157 14.425 0.0140436 -0.0058195 0.0988378 
qwerty 350 305 0 17.25 2.18956 -0.4129 15.1 0.0140436 -0.0058195 0.0988378 
qwerty 348 345 0 0.510999 5.55223 3.75 5.15135 0.0706245 0.0691618 -0.0151272 
qwerty 348 345 0 0.510999 5.55852 3.75617 5.15 0.0706245 0.0691618 -0.0151272 
qwerty 387 350 1.16045 9.59164 1.8407 -0.219054 15.775 -0.0464251 0.0135026 0.0875351 
qwerty 387 350 1.3736 4.05049 1.68592 0.496137 16.4154 -0.0347388 0.0412009 0.084236 
qwerty 387 350 0.0645497 3.98594 1.67164 0.513073 16.45 -0.0268467 0.0289224 0.0918844 
qwerty 386 350 0.742891 2.29971 2.39897 -0.793789 15.2772 0.00363267 -0.0986151 -0.0161821 
qwerty 386 350 0.0152193 2.28449 2.39946 -0.807011 15.275 -0.00692361 -0.0995526 0.0064292 
qwerty 386 350 0.62187 1.66262 2.35426 -1.1618 15.3081 0.0465758 -0.0872269 0.0149048 
qwerty 386 350 0.515087 1.14754 2.53371 -1.37312 15.3947 0.0891653 -0.045208 -0.00240517 
qwerty 386 350 0.38089 0.766647 2.75508 -1.40796 15.4261 0.0852823 -0.0211757 0.0477338 
qwerty 386 350 0.335562 0.431085 2.89078 -1.53779 15.4486 -0.0857516 -0.0491272 -0.0152701 
qwerty 386 350 0.417283 0.013802 2.81895 -1.57893 15.4358 -0.0896269 0.00865447 0.0434986 
qwerty 386 350 0.013802 0 2.81874 -1.57891 15.4359 -0.0896269 0.00865447 0.0434986 
qwerty 397 384 0 0.510999 6.02581 -0.138325 8.35 0.0985113 -0.00788662 0.0152747 
qwerty 397 384 0 0.285328 6.61336 0.288285 7.85 0.0370662 0.0590688 -0.0716727 
qwerty 396 384 0 0.510999 1.25 0.244017 7.60949 -0.0985113 0.00788662 -0.0152747 
qwerty 396 384 0 0.24729 0.495583 0.304414 7.49251 0.00323767 -0.0962078 -0.0270847 
qwerty 396 384 0 0.130831 0.533075 -0.809682 7.17887 -0.0454346 0.0885237 -0.00996269 
qwerty 396 384 0 0.130831 0.515441 -0.775324 7.175 -0.0454346 0.0885237 -0.00996269 
qwerty 401 396 0.0127315 0.103727 0.533878 -0.811544 7.17848 -0.00140854 -0.0982517 -0.0185639 
qwerty 401 396 0.00769094 0.096036 0.533779 -0.81378 7.17847 -0.0330349 -0.0924335 0.0190983 
qwerty 401 396 0.00758204 0.088454 0.533426 -0.815496 7.17866 -0.0444488 -0.0895536 0.00211022 
qwerty 401 396 0.00641865 0.0820353 0.533092 -0.817662 7.17901 -0.0438375 -0.0881049 -0.0177706 
qwerty 401 396 0.00977154 0.0722638 0.531914 -0.819729 7.17887 -0.00361103 -0.0982338 0.0183597 
qwerty 401 396 0.0103883 0.0618755 0.531156 -0.822084 7.17879 -0.0147713 -0.0981488 0.0121913 
qwerty 401 396 0.0532401 0.00863538 0.531344 -0.824128 7.17844 0.058383 -0.0808074 -0.00784813 
qwerty 401 396 0.00863538 0 0.531405 -0.824213 7.17843 0.058383 -0.0808074 -0.00784813 
qwerty 400 396 0.263709 0 0.460468 0.323517 7.49175 -0.0878265 0.0477796 -0.00190215 
qwerty 394 384 0 1.14188 2.21422 0.0784969 8.35 -0.0153387 -0.0208915 0.096583 
qwerty 394 384 0 1.14188 2.10702 -0.0675101 9.025 -0.0153387 -0.0208915 0.096583 
qwerty 394 384 0 1.14188 1.99982 -0.213517 9.7 -0.0153387 -0.0208915 0.096583 
qwerty 394 384 0 1.14188 1.89262 -0.359524 10.375 -0.0153387 -0.0208915 0.096583 
qwerty 394 384 0 1.14188 1.78542 -0.505531 11.05 -0.0153387 -0.0208915 0.096583 
qwerty 394 384 0 1.14188 1.67822 -0.651538 11.725 -0.0153387 -0.0208915 0.096583 
qwerty 394 384 0 1.14188 1.57102 -0.797545 12.4 -0.0153387 -0.0208915 0.096583 
qwerty 394 384 0 1.14188 1.46382 -0.943552 13.075 -0.0153387 -0.0208915 0.096583 
qwerty 394 384 0 1.14188 1.35662 -1.08956 13.75 -0.0153387 -0.0208915 0.096583 
qwerty 394 384 0 1.14188 1.25 -1.23478 14.4214 -0.0153387 -0.0208915 0.096583 
qwerty 394 384 0 1.14188 1.24943 -1.23557 14.425 -0.0153387 -0.0208915 0.096583 
qwerty 394 384 0 1.14188 1.14223 -1.38157 15.1 -0.0153387 -0.0208915 0.096583 
qwerty 394 384 0 1.14188 1.03503 -1.52758 15.775 -0.0153387 -0.0208915 0.096583 
qwerty 394 384 0 1.14188 0.927827 -1.67359 16.45 -0.0153387 -0.0208915 0.096583 
qwerty 394 384 0 1.13389 0.777831 -1.82255 17.125 -0.0231125 -0.0210995 0.094977 
qwerty 394 384 0 1.13389 0.613571 -1.97251 17.8 -0.0231125 -0.0210995 0.094977 
qwerty 394 384 0 1.13389 0.449311 -2.12246 18.475 -0.0231125 -0.0210995 0.094977 
qwerty 394 384 0 1.13389 0.285051 -2.27242 19.15 -0.0231125 -0.0210995 0.094977 
qwerty 394 384 0 1.13389 0.12079 -2.42237 19.825 -0.0231125 -0.0210995 0.094977 
qwerty 394 384 0 1.13389 -0.0434698 -2.57232 20.5 -0.0231125 -0.0210995 0.094977 
qwerty 392 387 0 0.510999 1.27675 1.25 16.2777 -0.0538742 0.0800547 -0.0262452 
qwerty 392 387 0 0.510999 0.60414 2.24947 15.95 -0.0538742 0.0800547 -0.0262452 
qwerty 409 408 0 0.14264 0.694029 1.91458 16.45 0.0187155 -0.0585508 0.0788767 
qwerty 391 387 0 0.33347 1.53133 0.291746 16.45 -0.0395871 0.054557 0.0738674 
qwerty 391 387 0 0.33347 1.25 0.679461 16.9749 -0.0395871 0.054557 0.0738674 
qwerty 391 387 0 0.33347 1.16958 0.790288 17.125 -0.0395871 0.054557 0.0738674 
qwerty 391 387 0 0.33347 0.836012 1.25 17.7474 -0.0395871 0.054557 0.0738674 
qwerty 391 387 0 0.33347 0.807836 1.28883 17.8 -0.0395871 0.054557 0.0738674 
