qwerty 1 0 0 200 0 0 -0.249992 0 0 0.1 
qwerty 3 1 0 153.045 0.188422 0.155501 0.25 0.0338593 0.0279434 0.0898483 
qwerty 3 1 0 153.045 0.442796 0.365431 0.925 0.0338593 0.0279434 0.0898483 
qwerty 3 1 0 153.045 0.697169 0.57536 1.6 0.0338593 0.0279434 0.0898483 
qwerty 3 1 0 153.045 0.951543 0.78529 2.275 0.0338593 0.0279434 0.0898483 
qwerty 3 1 0 153.045 1.20592 0.99522 2.95 0.0338593 0.0279434 0.0898483 
qwerty 3 1 0 153.045 1.46029 1.20515 3.625 0.0338593 0.0279434 0.0898483 
qwerty 3 1 0 153.045 1.71466 1.41508 4.3 0.0338593 0.0279434 0.0898483 
qwerty 3 1 0 0 1.84365 1.52153 4.64228 0.0338593 0.0279434 0.0898483 
qwerty 4 3 0.0800919 50.7823 1.86311 1.53766 4.69414 0.0329976 0.0282383 0.0900764 
qwerty 4 3 0.0211253 40.374 1.86723 1.54114 4.70542 0.0337882 0.0208814 0.0917732 
qwerty 4 3 0.419576 39.9545 1.96648 1.60248 4.975 0.0335357 0.0226098 0.0914557 
qwerty 4 3 1.03158 17.5844 2.26142 1.85944 5.65 0.0494624 0.0371906 0.0785514 
qwerty 7 4 0.471814 9.91536 1.96881 1.71841 4.975 0.0376815 0.0567608 0.0732005 
qwerty 7 4 0.416101 4.93259 2.18753 1.55701 4.80202 0.0415388 -0.0502856 -0.0758016 
qwerty 7 4 0.833892 4.09869 2.36674 1.34008 4.475 0.0271825 -0.0962246 0.00139018 
qwerty 7 4 1.00269 3.096 2.52727 0.786426 4.48988 0.0181947 -0.0982972 0.00257307 
qwerty 7 4 0.965606 2.1304 2.59037 0.334084 4.5185 0.0191502 -0.0785024 0.0589121 
qwerty 7 4 0.602283 1.52811 2.53825 0.00692367 4.67575 -0.0304411 -0.0668564 0.0678495 
qwerty 7 4 0.533778 0.994336 2.52868 -0.207604 4.84844 0.0673053 -0.0147775 0.0724681 
qwerty 7 4 0.372025 0.622311 2.64622 -0.233412 4.975 0.0858187 -0.0147488 0.0491692 
qwerty 7 4 0.109949 0.409334 2.65907 -0.246869 4.96384 0.0683854 -0.0565413 -0.0461142 
qwerty 7 4 0.0313577 0.377977 2.66812 -0.253849 4.95513 0.0395159 -0.0513669 -0.0761573 
qwerty 7 4 0.0271661 0.350811 2.67634 -0.262322 4.94382 0.041843 -0.0522506 -0.0742902 
qwerty 7 4 0.0405388 0.310272 2.68612 -0.266885 4.92733 0.0267985 -0.0174689 -0.0947453 
qwerty 7 4 0.0754642 0.234808 2.69408 -0.289246 4.90228 0.0453003 -0.0533293 -0.0714414 
qwerty 7 4 0.234808 0 2.70915 -0.306989 4.87851 0.0453003 -0.0533293 -0.0714414 
qwerty 24 20 0 0.19427 2.37912 2.27401 4.475 0.0454408 0.0609188 -0.0649926 
qwerty 23 20 0 0.487522 1.93539 2.42377 4.475 -0.00752557 0.0772462 -0.0630586 
qwerty 23 20 0 0.487522 1.85483 3.25064 3.8 -0.00752557 0.0772462 -0.0630586 
qwerty 22 7 0.00029101 0 2.1888 1.55533 4.79922 0.0363173 -0.0480375 -0.0798339 
qwerty 27 22 0.00207977 0 2.1888 1.55533 4.79923 -0.0688056 -0.0631022 0.0358316 
qwerty 21 7 0 0.247775 3.19238 0.769749 4.475 0.0733592 -0.0594238 -0.0329733 
qwerty 14 4 0 0.600557 3.64841 0.748076 6.325 0.0726741 -0.0603834 0.0327463 
qwerty 14 4 0 0.196112 4.27142 0.230431 6.60572 -0.0247187 0.0503509 -0.0827875 
qwerty 14 4 0 0.196112 4.23985 0.294731 6.5 -0.0247187 0.0503509 -0.0827875 
qwerty 35 14 0.120127 0.284318 4.28612 0.192692 6.65208 -0.00296339 0.0515806 0.0856193 
qwerty 35 14 0.284318 0 4.28479 0.215893 6.69059 -0.00296339 0.0515806 0.0856193 
qwerty 13 4 0 4.88658 2.76973 2.20242 6.325 0.0562509 0.0377987 0.073533 
qwerty 13 4 0 4.88658 3.28608 2.54939 7 0.0562509 0.0377987 0.073533 
qwerty 13 4 0 4.88658 3.75 2.86113 7.60645 0.0562509 0.0377987 0.073533 
qwerty 13 4 0 4.88658 3.80244 2.89637 7.675 0.0562509 0.0377987 0.073533 
qwerty 13 4 0 4.88658 4.3188 3.24334 8.35 0.0562509 0.0377987 0.073533 
qwerty 13 4 0 4.88658 4.83516 3.59032 9.025 0.0562509 0.0377987 0.073533 
qwerty 13 4 0 4.88658 5.07279 3.75 9.33564 0.0562509 0.0377987 0.073533 
qwerty 13 4 0 4.88658 5.35152 3.9373 9.7 0.0562509 0.0377987 0.073533 
qwerty 13 4 0 4.88658 5.86787 4.28427 10.375 0.0562509 0.0377987 0.073533 
qwerty 37 13 0.0696328 0.750371 5.8995 4.2583 10.3375 0.0526493 -0.0433961 -0.0731084 
qwerty 37 13 0.0631529 0.687218 5.93145 4.23784 10.314 0.039967 -0.0505336 -0.0764787 
qwerty 37 13 0.0898253 0.597392 5.94939 4.22007 10.2675 -0.0843644 0.0515664 0.0149519 
qwerty 37 13 0.164663 0.432729 5.89454 4.24409 10.2642 -0.0914715 0.0335658 0.0225011 
qwerty 37 13 0.166343 0.266386 5.84762 4.2557 10.3137 -0.0941801 0.0335932 0.00126543 
qwerty 37 13 0.178072 0.0883149 5.80771 4.25066 10.2997 -0.0455412 -0.0859919 0.0230521 
qwerty 37 13 0.0883149 0 5.80474 4.24505 10.3012 -0.0455412 -0.0859919 0.0230521 
qwerty 11 4 0 2.67323 2.76078 2.20038 6.325 0.0551078 0.0376217 0.0744831 
qwerty 11 4 0 2.67323 3.26019 2.54132 7 0.0551078 0.0376217 0.0744831 
qwerty 11 4 0 2.67323 3.75 2.87571 7.66202 0.0551078 0.0376217 0.0744831 
qwerty 11 4 0 2.67323 3.75961 2.88227 7.675 0.0551078 0.0376217 0.0744831 
qwerty 11 4 0 2.67323 4.25902 3.22321 8.35 0.0551078 0.0376217 0.0744831 
qwerty 11 4 0 2.67323 4.75843 3.56416 9.025 0.0551078 0.0376217 0.0744831 
qwerty 11 4 0 2.67323 5.03065 3.75 9.39293 0.0551078 0.0376217 0.0744831 
qwerty 11 4 0 2.67323 5.25784 3.9051 9.7 0.0551078 0.0376217 0.0744831 
qwerty 11 4 0 2.67323 5.75726 4.24605 10.375 0.0551078 0.0376217 0.0744831 
qwerty 11 4 0 1.97958 6.50202 4.3268 11.05 0.0741576 0.00735825 0.0666821 
qwerty 11 4 0 1.97958 7.25269 4.40128 11.725 0.0741576 0.00735825 0.0666821 
qwerty 11 4 0 1.97958 8.00337 4.47577 12.4 0.0741576 0.00735825 0.0666821 
qwerty 11 4 0 1.97958 8.75 4.54985 13.0714 0.0741576 0.00735825 0.0666821 
qwerty 11 4 0 1.97958 8.75404 4.55025 13.075 0.0741576 0.00735825 0.0666821 
qwerty 11 4 0 1.28414 10.1756 4.06946 13.75 0.0866393 -0.034166 0.0364188 
qwerty 10 4 0 17.8597 2.03068 1.64167 5.65 0.0116633 0.00167786 0.0993033 
qwerty 43 10 1.3129 7.6595 2.45424 2.17991 6.325 0.0480418 0.0479466 0.0734378 
qwerty 47 43 0 0.118969 1.92049 2.24268 5.825 -0.0710641 0.00542658 -0.0701459 
qwerty 46 43 0 5.12289 2.9799 2.72068 7 0.0520191 0.0535938 0.066496 
qwerty 46 43 0 5.12289 3.50794 3.26471 7.675 0.0520191 0.0535938 0.066496 
qwerty 46 43 0 5.12289 3.97898 3.75 8.27712 0.0520191 0.0535938 0.066496 
qwerty 46 43 0 5.12289 4.03599 3.80874 8.35 0.0520191 0.0535938 0.066496 
qwerty 46 43 0 5.12289 4.56404 4.35277 9.025 0.0520191 0.0535938 0.066496 
qwerty 46 43 0 0.490535 5.02957 4.83239 9.62009 -0.0305189 0.0873914 -0.0378331 
qwerty 46 43 0 0.429326 4.79341 5.50863 9.32733 -0.0160507 0.0569178 -0.0806395 
qwerty 46 43 0 0.429326 4.76807 5.59851 9.2 -0.0160507 0.0569178 -0.0806395 
qwerty 46 43 0 0.429326 4.63371 6.07494 8.525 -0.0160507 0.0569178 -0.0806395 
qwerty 50 46 0.0612092 0 4.79233 5.51109 9.32948 -0.0313781 0.0715837 0.0623794 
qwerty 49 46 0.358531 4.27382 5.09218 4.88394 9.7 0.0591901 0.0229822 0.0772551 
qwerty 49 46 0.672267 1.73216 5.13495 5.28125 9.53247 0.0138611 0.0296783 0.0944832 
qwerty 49 46 0.324293 1.40787 5.15953 5.33388 9.7 0.0274454 0.00941715 0.0956978 
qwerty 49 46 0.0810591 0.765067 5.15005 5.26461 9.69043 -0.0438304 -0.0891774 -0.0112381 
qwerty 49 46 0.0985098 0.666557 5.12937 5.21976 9.67497 -0.042127 -0.0709855 -0.0564481 
qwerty 49 46 0.119409 0.547148 5.11578 5.18021 9.63455 -0.00741744 -0.0288987 -0.0954455 
qwerty 49 46 0.107316 0.439832 5.11077 5.14728 9.59615 -0.0626651 -0.0477253 -0.0616066 
qwerty 49 46 0.145622 0.29421 5.08247 5.10545 9.58149 -0.0864892 -0.0498547 0.00584191 
qwerty 49 46 0.29421 0 5.04144 5.0818 9.58427 -0.0864892 -0.0498547 0.00584191 
qwerty 9 4 0 1.20559 1.9727 1.78602 5.65 -0.000494992 0.0268508 0.0963265 
qwerty 9 4 0 1.20559 1.96923 1.97417 6.325 -0.000494992 0.0268508 0.0963265 
qwerty 9 4 0 0.793541 2.50885 2.30692 7 0.0602414 0.035995 0.0712414 
qwerty 9 4 0 0.351521 3.44658 2.04715 6.5 0.0712028 -0.0268369 -0.064884 
qwerty 6 4 0 5.00837 1.97626 1.61782 4.975 0.0361217 0.025594 0.089667 
qwerty 6 4 0 5.00837 2.24817 1.81049 5.65 0.0361217 0.025594 0.089667 
qwerty 6 4 0 5.00837 2.52009 2.00316 6.325 0.0361217 0.025594 0.089667 
qwerty 6 4 0 5.00837 2.79201 2.19583 7 0.0361217 0.025594 0.089667 
qwerty 6 4 0 5.00837 3.06393 2.3885 7.675 0.0361217 0.025594 0.089667 
qwerty 6 4 0 5.00837 3.33585 2.58116 8.35 0.0361217 0.025594 0.089667 
qwerty 6 4 0 5.00837 3.60777 2.77383 9.025 0.0361217 0.025594 0.089667 
qwerty 61 58 0 0.498997 4.69887 3.89843 8.525 0.0653074 0.0646801 -0.0393882 
qwerty 61 58 0 0.498997 5.81805 5.00686 7.85 0.0653074 0.0646801 -0.0393882 
qwerty 61 58 0 0.498997 6.25 5.43466 7.58948 0.0653074 0.0646801 -0.0393882 
qwerty 61 58 0 0.498997 6.93723 6.11529 7.175 0.0653074 0.0646801 -0.0393882 
qwerty 61 58 0 0.498997 8.05641 7.22372 6.5 0.0653074 0.0646801 -0.0393882 
qwerty 2 1 0 181.932 -0.153247 -0.126472 0.25 -0.0284832 -0.0235066 0.0929309 
qwerty 2 1 0 181.932 -0.360133 -0.297211 0.925 -0.0284832 -0.0235066 0.0929309 
qwerty 2 1 0 181.932 -0.56702 -0.46795 1.6 -0.0284832 -0.0235066 0.0929309 
qwerty 2 1 0 181.932 -0.773906 -0.63869 2.275 -0.0284832 -0.0235066 0.0929309 
qwerty 2 1 0 181.932 -0.980792 -0.809429 2.95 -0.0284832 -0.0235066 0.0929309 
qwerty 2 1 0 181.932 -1.18768 -0.980169 3.625 -0.0284832 -0.0235066 0.0929309 
qwerty 2 1 0 181.932 -1.39457 -1.15091 4.3 -0.0284832 -0.0235066 0.0929309 
qwerty 2 1 0 181.932 -1.60145 -1.32165 4.975 -0.0284832 -0.0235066 0.0929309 
qwerty 2 1 0 181.932 -1.80834 -1.49239 5.65 -0.0284832 -0.0235066 0.0929309 
qwerty 2 1 0 181.932 -2.01522 -1.66313 6.325 -0.0284832 -0.0235066 0.0929309 
qwerty 2 1 0 181.932 -2.22211 -1.83387 7 -0.0284832 -0.0235066 0.0929309 
qwerty 2 1 0 181.932 -2.429 -2.00461 7.675 -0.0284832 -0.0235066 0.0929309 
qwerty 2 1 0 181.932 -2.63588 -2.17534 8.35 -0.0284832 -0.0235066 0.0929309 
qwerty 2 1 0 181.932 -2.84277 -2.34608 9.025 -0.0284832 -0.0235066 0.0929309 
qwerty 2 1 0 181.932 -3.04966 -2.51682 9.7 -0.0284832 -0.0235066 0.0929309 
qwerty 2 1 0 181.932 -3.25654 -2.68756 10.375 -0.0284832 -0.0235066 0.0929309 
qwerty 2 1 0 181.932 -3.46343 -2.8583 11.05 -0.0284832 -0.0235066 0.0929309 
qwerty 2 1 0 0 -3.55052 -2.93018 11.3342 -0.0284832 -0.0235066 0.0929309 
qwerty 66 2 0.606918 87.1996 -3.67506 -3.02009 11.725 -0.0297374 -0.0222237 0.0928536 
qwerty 66 2 0.928496 14.1239 -3.86059 -3.11369 12.4 -0.0388545 0.00714157 0.0918658 
qwerty 66 2 0.954414 7.5205 -4.35302 -3.08437 13.075 -0.0369167 -0.0108206 0.0923042 
qwerty 66 2 1.04602 3.65372 -4.44254 -2.95869 13.75 -0.0205364 0.0187573 0.0960542 
qwerty 44 10 0.262121 3.91545 1.93794 1.59589 5.94598 -0.0626986 -0.028375 0.0725517 
qwerty 44 10 0.84103 3.07442 1.61039 1.44766 6.325 -0.076376 -0.0526328 0.0373697 
qwerty 78 44 0.0938992 0.834631 1.93319 1.60324 6.00974 -0.00742566 0.0618105 0.078258 
qwerty 78 44 0.210418 0.624213 1.9028 1.67176 6.08523 -0.0231423 0.0437692 0.0868832 
qwerty 78 44 0.28621 0.338002 1.93148 1.77234 6.17654 -0.00756983 0.0772921 -0.0629971 
qwerty 78 44 0.338002 0 1.92703 1.81775 6.13954 -0.00756983 0.0772921 -0.0629971 
qwerty 65 2 0.664596 91.6275 -3.66257 -3.033 11.7047 -0.0293446 -0.0276106 0.0915235 
qwerty 65 2 0.0666071 91.5608 -3.66907 -3.03912 11.725 -0.0293832 -0.0272176 0.0916288 
qwerty 65 2 0.746909 81.0205 -3.81637 -3.13847 12.4 -0.0184384 -0.01415 0.0972615 
qwerty 65 2 0.833653 77.3166 -3.98734 -3.27746 13.075 -0.0282871 -0.0212167 0.0935398 
qwerty 65 2 0.886637 28.3587 -4.14122 -3.34667 13.75 -0.0176185 -0.0105695 0.0978666 
qwerty 65 2 0.901898 17.9133 -4.50202 -3.0366 14.3039 -0.0539841 0.0542337 0.0643772 
qwerty 65 2 0.262263 17.651 -4.6036 -2.93455 14.425 -0.0551355 0.0554582 0.0623254 
qwerty 65 2 0.0960715 4.72608 -4.83461 -2.74055 14.6483 -0.0578204 0.0279483 0.0766531 
qwerty 65 2 0.79362 3.34763 -5.03287 -2.59308 15.0448 -0.027739 -0.00458858 0.0959661 
qwerty 65 2 0.289236 3.0584 -5.04882 -2.59572 15.1 -0.0338824 -0.00468385 0.0939683 
qwerty 103 65 0.0579191 0.526911 -5.04579 -2.56288 15.0537 0.00627853 0.0980467 0.0186392 
qwerty 103 65 0.0456994 0.481212 -5.04702 -2.53742 15.0561 -0.0119985 0.086416 -0.0488704 
qwerty 103 65 0.0438038 0.437408 -5.0562 -2.51903 15.0411 -0.0607022 0.0785444 -0.012084 
qwerty 103 65 0.0578015 0.379606 -5.07127 -2.48809 15.0266 0.0312277 0.0949761 -0.00208813 
qwerty 103 65 0.103527 0.27608 -5.05462 -2.45366 15.0142 0.0445542 0.0882932 -0.0148066 
qwerty 103 65 0.27608 0 -5.03548 -2.41573 15.0078 0.0445542 0.0882932 -0.0148066 
qwerty 102 65 0.0874106 0.262336 -4.83571 -2.71542 14.654 0.02953 0.0937935 0.0181869 
qwerty 102 65 0.0680596 0.194276 -4.81869 -2.69479 14.67 0.0995339 0.00739425 -0.00619165 
qwerty 102 65 0.194276 0 -4.79428 -2.69298 14.6685 0.0995339 0.00739425 -0.00619165 
qwerty 94 65 0.311014 0.0413986 -4.47664 -3.01919 14.3584 0.0420048 0.0535412 -0.073273 
qwerty 94 65 0.0413986 0 -4.47592 -3.01827 14.3571 0.0420048 0.0535412 -0.073273 
qwerty 81 65 0.0356405 0.775519 -3.66391 -3.02096 11.725 -0.0214789 0.0765191 0.0606917 
qwerty 81 65 0.0342364 0.479542 -3.68546 -3.02015 11.7249 -0.0891281 0.00173134 -0.0453121 
qwerty 81 65 0.0219299 0.457612 -3.69897 -3.01842 11.7141 -0.0880352 0.0219994 -0.0420217 
qwerty 81 65 0.0239409 0.433671 -3.7099 -3.01314 11.7102 -0.0669212 0.0507993 -0.0542308 
qwerty 81 65 0.15873 0.274941 -3.72253 -3.00578 11.7037 -0.0903353 0.0186628 -0.0386165 
qwerty 81 65 0.0927951 0.182146 -3.7361 -3.00005 11.702 -0.0949965 0.00797455 -0.0302006 
qwerty 81 65 0.0373702 0.144776 -3.74751 -2.99673 11.6994 -0.0716535 0.0555082 -0.0422446 
qwerty 81 65 0.0102351 0.134541 -3.75 -2.9948 11.6979 0.00893534 0.0563085 -0.0821554 
qwerty 81 65 0 0.134541 -3.75 -2.9948 11.6979 0.00893534 0.0563085 -0.0821554 
qwerty 81 65 0.00317181 0.131369 -3.74985 -2.99399 11.6969 0.0353157 0.0615088 -0.0704944 
qwerty 81 65 0.00317682 0.128192 -3.74955 -2.99307 11.696 0.0271793 0.072778 -0.0629655 
qwerty 81 65 0.00385961 0.124333 -3.74936 -2.99205 11.6953 3.19391e-05 0.0775267 -0.0631634 
qwerty 81 65 0.00293582 0.121397 -3.74944 -2.99092 11.6945 -0.00770982 0.082254 -0.0563458 
qwerty 81 65 0.00416135 0.117235 -3.74935 -2.98976 11.6937 0.0185014 0.0919687 -0.0346332 
qwerty 81 65 0.00379424 0.113441 -3.74895 -2.98879 11.6933 -0.0119852 0.00476753 -0.0991646 
qwerty 81 65 0.00882039 0.104621 -3.74926 -2.98857 11.692 -0.0285911 0.026876 -0.0919795 
qwerty 81 65 0.00419852 0.100422 -3.74941 -2.98816 11.691 0.0132142 0.0110669 -0.0985033 
qwerty 81 65 0.00405621 0.096366 -3.74911 -2.98825 11.6898 0.0180767 0.00699375 -0.0981036 
qwerty 81 65 0.0132395 0.0831264 -3.74899 -2.98795 11.6887 0.0313453 0.0428208 -0.0847576 
qwerty 81 65 0.00414242 0.078984 -3.74828 -2.98736 11.6877 0.0678933 -0.0232973 -0.0696257 
qwerty 81 65 0.00315781 0.0758262 -3.74764 -2.98748 11.6868 0.0544287 -0.0302589 -0.0782427 
qwerty 81 65 0.00682613 0.0690001 -3.74731 -2.98805 11.6855 0.025476 -0.0206905 -0.094461 
qwerty 81 65 0.00999204 0.059008 -3.74639 -2.9886 11.6841 0.0677121 -0.0190051 -0.0710906 
qwerty 81 65 0.00940526 0.0496028 -3.7445 -2.98829 11.6832 0.067338 0.0433079 -0.0599168 
qwerty 81 65 0.0496028 0 -3.7429 -2.98726 11.6818 0.067338 0.0433079 -0.0599168 
qwerty 101 65 0 0.196269 -4.95202 -2.81778 15.1 -0.032159 -0.00860118 0.0942964 
qwerty 98 65 0 6.10322 -4.81059 -2.16737 15.1 -0.0170706 0.075529 0.0632769 
qwerty 98 65 0 6.10322 -4.99268 -1.36167 15.775 -0.0170706 0.075529 0.0632769 
qwerty 98 65 0 6.10322 -5.17478 -0.555973 16.45 -0.0170706 0.075529 0.0632769 
qwerty 98 65 0 6.10322 -5.35688 0.249725 17.125 -0.0170706 0.075529 0.0632769 
qwerty 111 109 0 1.43001 -6.25 0.613797 16.828 -0.0894371 0.0223164 -0.0387683 
qwerty 111 109 0 1.43001 -6.71823 0.73063 16.625 -0.0894371 0.0223164 -0.0387683 
qwerty 111 109 0 1.36079 -7.82546 1.09062 15.95 -0.0793934 0.0281661 -0.0538828 
qwerty 111 109 0 1.36079 -8.75 1.41862 15.3225 -0.0793934 0.0281661 -0.0538828 
qwerty 111 109 0 1.36079 -8.82004 1.44346 15.275 -0.0793934 0.0281661 -0.0538828 
qwerty 111 109 0 1.36079 -9.81461 1.79631 14.6 -0.0793934 0.0281661 -0.0538828 
qwerty 111 109 0 1.36079 -10.8092 2.14915 13.925 -0.0793934 0.0281661 -0.0538828 
qwerty 111 109 0 1.36079 -11.8038 2.50199 13.25 -0.0793934 0.0281661 -0.0538828 
qwerty 111 109 0 1.36079 -12.7983 2.85483 12.575 -0.0793934 0.0281661 -0.0538828 
qwerty 111 109 0 1.36079 -13.7929 3.20767 11.9 -0.0793934 0.0281661 -0.0538828 
qwerty 111 109 0 1.36079 -14.7875 3.56051 11.225 -0.0793934 0.0281661 -0.0538828 
qwerty 111 109 0 1.36079 -15.3216 3.75 10.8625 -0.0793934 0.0281661 -0.0538828 
qwerty 111 109 0 1.36079 -15.7821 3.91336 10.55 -0.0793934 0.0281661 -0.0538828 
qwerty 111 109 0 1.36079 -16.25 4.07936 10.2324 -0.0793934 0.0281661 -0.0538828 
qwerty 111 109 0 1.36079 -16.7766 4.2662 9.875 -0.0793934 0.0281661 -0.0538828 
qwerty 111 109 0 1.36079 -17.7712 4.61904 9.2 -0.0793934 0.0281661 -0.0538828 
qwerty 111 109 0 1.36079 -18.75 4.96628 8.53572 -0.0793934 0.0281661 -0.0538828 
qwerty 111 109 0 1.36079 -18.7658 4.97188 8.525 -0.0793934 0.0281661 -0.0538828 
qwerty 111 109 0 1.36079 -19.7604 5.32472 7.85 -0.0793934 0.0281661 -0.0538828 
qwerty 111 109 0 1.36079 -20.7549 5.67756 7.175 -0.0793934 0.0281661 -0.0538828 
qwerty 111 109 0 1.36079 -21.7495 6.03041 6.5 -0.0793934 0.0281661 -0.0538828 
qwerty 111 109 0 1.36079 -22.7441 6.38325 5.825 -0.0793934 0.0281661 -0.0538828 
qwerty 111 109 0 0.299128 -23.2706 6.57003 5.46768 -0.00519717 0.0412163 0.0909627 
qwerty 111 109 0 0.299128 -23.281 6.65265 5.65 -0.00519717 0.0412163 0.0909627 
qwerty 113 111 0.337696 0.723968 -23.3536 6.57344 5.4132 -0.0848123 0.030465 -0.0433446 
qwerty 113 111 0.419574 0.304394 -23.4985 6.59023 5.4107 -0.0729622 0.0515834 0.0448963 
qwerty 113 111 0.304394 0 -23.535 6.61602 5.43315 -0.0729622 0.0515834 0.0448963 
qwerty 95 65 0 1.67247 -5.44358 -2.21951 15.1 -0.0653457 0.0553703 0.0516146 
qwerty 95 65 0 1.67247 -6.25 -1.5362 15.737 -0.0653457 0.0553703 0.0516146 
qwerty 95 65 0 1.67247 -6.29816 -1.4954 15.775 -0.0653457 0.0553703 0.0516146 
qwerty 95 65 0 1.67247 -6.58776 -1.25 16.0038 -0.0653457 0.0553703 0.0516146 
qwerty 95 65 0 1.67247 -7.15273 -0.771283 16.45 -0.0653457 0.0553703 0.0516146 
qwerty 95 65 0 1.67247 -8.0073 -0.0471677 17.125 -0.0653457 0.0553703 0.0516146 
qwerty 95 65 0 1.67247 -8.86187 0.676948 17.8 -0.0653457 0.0553703 0.0516146 
qwerty 95 65 0 1.03314 -9.4405 0.74189 18.475 -0.0639956 0.00220391 0.0768096 
qwerty 95 65 0 1.03314 -10.0029 0.761258 19.15 -0.0639956 0.00220391 0.0768096 
qwerty 95 65 0 1.03314 -10.5653 0.780625 19.825 -0.0639956 0.00220391 0.0768096 
qwerty 95 65 0 1.03314 -11.1277 0.799993 20.5 -0.0639956 0.00220391 0.0768096 
qwerty 95 65 0 1.03314 -11.6901 0.819361 21.175 -0.0639956 0.00220391 0.0768096 
qwerty 95 65 0 1.03314 -12.2525 0.838729 21.85 -0.0639956 0.00220391 0.0768096 
qwerty 95 65 0 1.03314 -12.8148 0.858097 22.525 -0.0639956 0.00220391 0.0768096 
qwerty 95 65 0 1.03314 -13.3772 0.877465 23.2 -0.0639956 0.00220391 0.0768096 
qwerty 95 65 0 1.03314 -13.75 0.890302 23.6474 -0.0639956 0.00220391 0.0768096 
qwerty 95 65 0 1.03314 -13.9396 0.896833 23.875 -0.0639956 0.00220391 0.0768096 
qwerty 95 65 0 1.03314 -14.502 0.9162 24.55 -0.0639956 0.00220391 0.0768096 
qwerty 93 65 0 1.29859 -4.24175 -3.27512 14.0091 -0.066308 0.0381829 0.0643841 
qwerty 93 65 0 1.29859 -4.67012 -3.02845 14.425 -0.066308 0.0381829 0.0643841 
qwerty 93 65 0 1.29859 -5.36529 -2.62814 15.1 -0.066308 0.0381829 0.0643841 
qwerty 93 65 0 0.255501 -5.73167 -2.38593 14.6 -0.0285959 0.0474225 -0.083267 
qwerty 93 65 0 0.255501 -5.96349 -2.00151 13.925 -0.0285959 0.0474225 -0.083267 
qwerty 93 65 0 0.255501 -6.1953 -1.61708 13.25 -0.0285959 0.0474225 -0.083267 
qwerty 121 93 0.174003 0 -4.23046 -3.27115 14.0257 0.0550939 0.0193924 0.0811702 
qwerty 92 65 0 5.65007 -4.2938 -3.25786 14.425 -0.0196972 0.0140624 0.0970272 
qwerty 92 65 0 5.65007 -4.43083 -3.16003 15.1 -0.0196972 0.0140624 0.0970272 
qwerty 92 65 0 5.65007 -4.56786 -3.06221 15.775 -0.0196972 0.0140624 0.0970272 
qwerty 92 65 0 5.65007 -4.70489 -2.96438 16.45 -0.0196972 0.0140624 0.0970272 
qwerty 92 65 0 5.65007 -4.84192 -2.86655 17.125 -0.0196972 0.0140624 0.0970272 
qwerty 92 65 0 5.65007 -4.97895 -2.76872 17.8 -0.0196972 0.0140624 0.0970272 
qwerty 92 65 0 5.65007 -5.11598 -2.67089 18.475 -0.0196972 0.0140624 0.0970272 
qwerty 92 65 0 5.65007 -5.25301 -2.57306 19.15 -0.0196972 0.0140624 0.0970272 
qwerty 125 92 0.0540933 0.657754 -5.29729 -2.57715 19.1403 -0.0974134 0.0110349 -0.0197194 
qwerty 125 92 0.135584 0.522171 -5.33427 -2.56915 19.1358 -0.0893712 -0.0252741 -0.0370677 
qwerty 125 92 0.0467874 0.475384 -5.36584 -2.57303 19.131 -0.0894516 -0.0145321 -0.0422756 
qwerty 125 92 0.0914681 0.383915 -5.39439 -2.57576 19.1067 -0.0568387 0.0514033 -0.0642422 
qwerty 125 92 0.0612316 0.322684 -5.41147 -2.54751 19.0955 -0.0791777 0.0593445 -0.0144608 
qwerty 125 92 0.0875997 0.235084 -5.44136 -2.5327 19.1018 -0.0855405 0.0334527 -0.0395442 
qwerty 125 92 0.11118 0.123904 -5.46948 -2.52236 19.1023 -0.0749131 0.0571569 -0.033483 
qwerty 125 92 0.123904 0 -5.47819 -2.51571 19.0984 -0.0749131 0.0571569 -0.033483 
qwerty 127 125 0 0.518226 -4.74668 -2.67581 18.65 0.0712598 -0.0129382 -0.0689539 
qwerty 127 125 0 0.518226 -4.0491 -2.80247 17.975 0.0712598 -0.0129382 -0.0689539 
qwerty 91 65 0 0.237968 -4.1366 -3.23518 13.5421 -0.0136498 -0.0989474 -0.00480675 
qwerty 91 65 0 0.228301 -4.17696 -3.52774 13.5279 0.0212916 -0.0934216 -0.0286195 
qwerty 91 65 0 0.228301 -4.12631 -3.75 13.4598 0.0212916 -0.0934216 -0.0286195 
qwerty 91 65 0 0.228301 -3.97023 -4.43482 13.25 0.0212916 -0.0934216 -0.0286195 
qwerty 130 91 0.00966684 0 -4.17707 -3.52777 13.528 -0.0812009 -0.0222105 0.0539732 
qwerty 129 91 0.305649 0 -4.1462 -3.20786 13.5833 -0.0190601 0.0542927 0.0817864 
qwerty 89 65 0 6.80351 -4.15749 -3.39629 13.75 -0.0229852 -0.0171372 0.0958019 
qwerty 89 65 0 6.80351 -4.31944 -3.51704 14.425 -0.0229852 -0.0171372 0.0958019 
qwerty 89 65 0 6.80351 -4.48139 -3.63778 15.1 -0.0229852 -0.0171372 0.0958019 
qwerty 89 65 0 6.80351 -4.64334 -3.75853 15.775 -0.0229852 -0.0171372 0.0958019 
qwerty 89 65 0 6.80351 -4.80529 -3.87927 16.45 -0.0229852 -0.0171372 0.0958019 
qwerty 89 65 0 6.80351 -4.96724 -4.00002 17.125 -0.0229852 -0.0171372 0.0958019 
qwerty 89 65 0 6.80351 -5.12919 -4.12076 17.8 -0.0229852 -0.0171372 0.0958019 
qwerty 89 65 0 6.80351 -5.29114 -4.24151 18.475 -0.0229852 -0.0171372 0.0958019 
qwerty 89 65 0 6.80351 -5.45309 -4.36225 19.15 -0.0229852 -0.0171372 0.0958019 
qwerty 89 65 0 6.80351 -5.61504 -4.483 19.825 -0.0229852 -0.0171372 0.0958019 
qwerty 89 65 0 6.80351 -5.77698 -4.60374 20.5 -0.0229852 -0.0171372 0.0958019 
qwerty 89 65 0 6.80351 -5.93893 -4.72449 21.175 -0.0229852 -0.0171372 0.0958019 
qwerty 89 65 0 6.80351 -6.10088 -4.84523 21.85 -0.0229852 -0.0171372 0.0958019 
qwerty 89 65 0 6.80351 -6.25 -4.95641 22.4715 -0.0229852 -0.0171372 0.0958019 
qwerty 89 65 0 6.80351 -6.26283 -4.96598 22.525 -0.0229852 -0.0171372 0.0958019 
qwerty 89 65 0 6.80351 -6.42478 -5.08672 23.2 -0.0229852 -0.0171372 0.0958019 
qwerty 89 65 0 6.80351 -6.58673 -5.20747 23.875 -0.0229852 -0.0171372 0.0958019 
qwerty 89 65 0 6.80351 -6.74868 -5.32821 24.55 -0.0229852 -0.0171372 0.0958019 
qwerty 89 65 0 6.80351 -6.91063 -5.44896 25.225 -0.0229852 -0.0171372 0.0958019 
qwerty 89 65 0 6.80351 -7.07258 -5.5697 25.9 -0.0229852 -0.0171372 0.0958019 
qwerty 89 65 0 6.80351 -7.23453 -5.69045 26.575 -0.0229852 -0.0171372 0.0958019 
qwerty 89 65 0 6.80351 -7.39648 -5.81119 27.25 -0.0229852 -0.0171372 0.0958019 
qwerty 89 65 0 6.80351 -7.55843 -5.93194 27.925 -0.0229852 -0.0171372 0.0958019 
qwerty 89 65 0 6.80351 -7.72037 -6.05268 28.6 -0.0229852 -0.0171372 0.0958019 
qwerty 89 65 0 6.80351 -7.88232 -6.17343 29.275 -0.0229852 -0.0171372 0.0958019 
qwerty 89 65 0 6.80351 -7.98503 -6.25 29.7031 -0.0229852 -0.0171372 0.0958019 
qwerty 89 65 0 6.80351 -8.04427 -6.29417 29.95 -0.0229852 -0.0171372 0.0958019 
qwerty 89 65 0 6.80351 -8.20622 -6.41492 30.625 -0.0229852 -0.0171372 0.0958019 
qwerty 89 65 0 6.80351 -8.36817 -6.53566 31.3 -0.0229852 -0.0171372 0.0958019 
qwerty 89 65 0 6.80351 -8.53012 -6.65641 31.975 -0.0229852 -0.0171372 0.0958019 
qwerty 89 65 0 6.80351 -8.69207 -6.77715 32.65 -0.0229852 -0.0171372 0.0958019 
qwerty 89 65 0 6.80351 -8.75 -6.82034 32.8915 -0.0229852 -0.0171372 0.0958019 
qwerty 89 65 0 6.80351 -8.85402 -6.8979 33.325 -0.0229852 -0.0171372 0.0958019 
qwerty 89 65 0 6.80351 -9.01597 -7.01864 34 -0.0229852 -0.0171372 0.0958019 
qwerty 89 65 0 6.80351 -9.17792 -7.13939 34.675 -0.0229852 -0.0171372 0.0958019 
qwerty 89 65 0 4.44438 -9.48513 -7.36479 35.35 -0.0438209 -0.0320777 0.0839688 
qwerty 89 65 0 4.44438 -9.83739 -7.62265 36.025 -0.0438209 -0.0320777 0.0839688 
qwerty 89 65 0 4.44438 -10.1897 -7.88051 36.7 -0.0438209 -0.0320777 0.0839688 
qwerty 89 65 0 4.44438 -10.5419 -8.13838 37.375 -0.0438209 -0.0320777 0.0839688 
qwerty 133 89 0.64367 1.49162 -9.08182 -6.88656 35.0154 0.00641241 0.0867627 0.0493063 
qwerty 133 89 0.456875 1.03474 -9.04765 -6.67062 35.1557 0.0438823 0.0795961 0.0416989 
qwerty 133 89 0.425274 0.609466 -8.90707 -6.49468 35.1425 0.0548664 0.0835852 -0.00178716 
qwerty 133 89 0.332822 0.276645 -8.88964 -6.35523 35.2285 -0.0890715 0.0436153 -0.012805 
qwerty 133 89 0.276645 0 -8.92803 -6.33644 35.223 -0.0890715 0.0436153 -0.012805 
qwerty 136 134 0 1.36695 -11.0473 -8.73393 38.05 -0.0478583 -0.0617206 0.0624512 
qwerty 136 134 0 1.36695 -11.25 -8.99534 38.3145 -0.0478583 -0.0617206 0.0624512 
qwerty 136 134 0 1.36695 -11.5646 -9.40104 38.725 -0.0478583 -0.0617206 0.0624512 
qwerty 88 65 0 14.0317 -4.18148 -3.36679 13.75 -0.0271719 -0.0123746 0.0954388 
qwerty 86 65 0 7.60719 -4.1991 -3.37009 13.75 -0.0296507 -0.0127735 0.094645 
qwerty 86 65 0 7.60719 -4.41057 -3.46119 14.425 -0.0296507 -0.0127735 0.094645 
qwerty 86 65 0 7.60719 -4.62204 -3.55229 15.1 -0.0296507 -0.0127735 0.094645 
qwerty 85 65 0 4.0568 -4.28229 -3.37999 13.75 -0.0401878 -0.0134958 0.0905693 
qwerty 85 65 0 4.0568 -4.58181 -3.48057 14.425 -0.0401878 -0.0134958 0.0905693 
qwerty 85 65 0 4.0568 -4.88132 -3.58115 15.1 -0.0401878 -0.0134958 0.0905693 
qwerty 85 65 0 4.0568 -5.18083 -3.68173 15.775 -0.0401878 -0.0134958 0.0905693 
qwerty 85 65 0 4.0568 -5.38412 -3.75 16.2331 -0.0401878 -0.0134958 0.0905693 
qwerty 85 65 0 4.0568 -5.48035 -3.78231 16.45 -0.0401878 -0.0134958 0.0905693 
qwerty 85 65 0 4.0568 -5.77986 -3.8829 17.125 -0.0401878 -0.0134958 0.0905693 
qwerty 85 65 0 4.0568 -6.07938 -3.98348 17.8 -0.0401878 -0.0134958 0.0905693 
qwerty 85 65 0 4.0568 -6.25 -4.04078 18.1845 -0.0401878 -0.0134958 0.0905693 
qwerty 85 65 0 4.0568 -6.37889 -4.08406 18.475 -0.0401878 -0.0134958 0.0905693 
qwerty 85 65 0 4.0568 -6.6784 -4.18464 19.15 -0.0401878 -0.0134958 0.0905693 
qwerty 85 65 0 4.0568 -6.97792 -4.28523 19.825 -0.0401878 -0.0134958 0.0905693 
qwerty 85 65 0 4.0568 -7.27743 -4.38581 20.5 -0.0401878 -0.0134958 0.0905693 
qwerty 85 65 0 4.0568 -7.57694 -4.48639 21.175 -0.0401878 -0.0134958 0.0905693 
qwerty 85 65 0 4.0568 -7.87646 -4.58697 21.85 -0.0401878 -0.0134958 0.0905693 
qwerty 85 65 0 4.0568 -8.17597 -4.68755 22.525 -0.0401878 -0.0134958 0.0905693 
qwerty 85 65 0 4.0568 -8.47548 -4.78814 23.2 -0.0401878 -0.0134958 0.0905693 
qwerty 85 65 0 4.0568 -8.75 -4.88032 23.8187 -0.0401878 -0.0134958 0.0905693 
qwerty 85 65 0 4.0568 -8.775 -4.88872 23.875 -0.0401878 -0.0134958 0.0905693 
qwerty 85 65 0 4.0568 -9.07451 -4.9893 24.55 -0.0401878 -0.0134958 0.0905693 
qwerty 85 65 0 1.53558 -8.94073 -5.12289 25.225 0.0237009 -0.0192156 0.0952314 
qwerty 85 65 0 1.53558 -8.77274 -5.25909 25.9 0.0237009 -0.0192156 0.0952314 
qwerty 85 65 0 1.53558 -8.60475 -5.39529 26.575 0.0237009 -0.0192156 0.0952314 
qwerty 85 65 0 1.53558 -8.43676 -5.53149 27.25 0.0237009 -0.0192156 0.0952314 
qwerty 85 65 0 1.53558 -8.26877 -5.66769 27.925 0.0237009 -0.0192156 0.0952314 
qwerty 85 65 0 0.653503 -8.12435 -5.78478 28.5053 -0.063895 0.0114894 0.0760619 
qwerty 85 65 0 0.653503 -8.20394 -5.77047 28.6 -0.063895 0.0114894 0.0760619 
qwerty 146 85 0.086776 0.795303 -8.09238 -5.8085 28.5381 0.061606 -0.0111518 0.0779765 
qwerty 146 85 0.0988662 0.696437 -8.06676 -5.82263 28.5907 0.0421858 0.00307872 0.0906139 
qwerty 146 85 0.013086 0.683351 -8.06241 -5.82232 28.6 0.025615 0.0223507 0.0940442 
qwerty 84 65 0 11.4728 -4.2274 -3.43083 13.75 -0.0329317 -0.0209592 0.0920664 
qwerty 84 65 0 11.4728 -4.46884 -3.58449 14.425 -0.0329317 -0.0209592 0.0920664 
qwerty 84 65 0 11.4728 -4.71028 -3.73816 15.1 -0.0329317 -0.0209592 0.0920664 
qwerty 84 65 0 11.4728 -4.95173 -3.89182 15.775 -0.0329317 -0.0209592 0.0920664 
qwerty 84 65 0 11.4728 -5.19317 -4.04549 16.45 -0.0329317 -0.0209592 0.0920664 
qwerty 84 65 0 11.4728 -5.43462 -4.19916 17.125 -0.0329317 -0.0209592 0.0920664 
qwerty 84 65 0 11.4728 -5.67606 -4.35282 17.8 -0.0329317 -0.0209592 0.0920664 
qwerty 84 65 0 11.4728 -5.91751 -4.50649 18.475 -0.0329317 -0.0209592 0.0920664 
qwerty 84 65 0 11.4728 -6.15895 -4.66015 19.15 -0.0329317 -0.0209592 0.0920664 
qwerty 84 65 0 11.4728 -6.25 -4.7181 19.4045 -0.0329317 -0.0209592 0.0920664 
qwerty 84 65 0 11.4728 -6.40039 -4.81382 19.825 -0.0329317 -0.0209592 0.0920664 
qwerty 150 84 1.25915 6.03391 -6.16922 -4.97812 20.5 0.0363527 -0.024213 0.0899567 
qwerty 150 84 0.229356 0.981193 -6.07679 -5.03426 20.7916 0.0377973 -0.0324528 0.0867074 
qwerty 150 84 0.294693 0.686501 -5.99013 -5.07867 20.8954 0.0481354 -0.0343438 0.0806442 
qwerty 150 84 0.361288 0.325212 -5.88298 -5.10443 20.9613 0.0715251 0.0495147 0.0493199 
qwerty 150 84 0.325212 0 -5.84338 -5.07701 20.9887 0.0715251 0.0495147 0.0493199 
qwerty 152 150 0 0.741228 -5.51231 -5.84082 21.175 0.0491146 -0.0754356 0.0435571 
qwerty 152 150 0 0.741228 -5.2459 -6.25 21.4113 0.0491146 -0.0754356 0.0435571 
qwerty 152 150 0 0.741228 -4.75118 -7.00984 21.85 0.0491146 -0.0754356 0.0435571 
qwerty 152 150 0 0.379765 -4.26666 -6.96305 22.525 0.050719 0.0333332 0.0794763 
qwerty 152 150 0 0.325757 -4.13681 -6.87771 22.7285 0.0118424 -0.0178423 0.0976802 
qwerty 152 150 0 0.325757 -4.07964 -6.96384 23.2 0.0118424 -0.0178423 0.0976802 
qwerty 152 150 0 0.325757 -3.99781 -7.08714 23.875 0.0118424 -0.0178423 0.0976802 
qwerty 152 150 0 0.325757 -3.91597 -7.21043 24.55 0.0118424 -0.0178423 0.0976802 
qwerty 152 150 0 0.325757 -3.83414 -7.33373 25.225 0.0118424 -0.0178423 0.0976802 
qwerty 152 150 0 0.186035 -3.76566 -7.43691 25.7899 0.020053 0.0979293 -0.00277985 
qwerty 152 150 0 0.186035 -3.52261 -6.25 25.7562 0.020053 0.0979293 -0.00277985 
qwerty 152 150 0 0.186035 -3.01069 -3.75 25.6852 0.020053 0.0979293 -0.00277985 
qwerty 152 150 0 0.130777 -2.94515 -3.42992 25.6761 -0.0330515 -0.00696261 0.0941229 
qwerty 152 150 0 0.130777 -3.02376 -3.44649 25.9 -0.0330515 -0.00696261 0.0941229 
qwerty 156 152 0.0552584 0 -2.9442 -3.42767 25.6746 0.0330062 0.0784025 -0.0525703 
qwerty 155 152 0.139722 0 -3.76561 -7.4454 25.8013 0.000315636 -0.059646 0.0802637 
qwerty 154 152 0.0540081 0 -4.13505 -6.8756 22.7283 0.0638976 0.0766221 -0.00679346 
qwerty 83 65 0 0.286119 -3.87361 -3.18838 12.7274 -0.0705748 -0.0274694 0.0653041 
qwerty 83 65 0 0.286119 -4.24926 -3.33459 13.075 -0.0705748 -0.0274694 0.0653041 
qwerty 158 83 0.0362751 0 -3.87258 -3.1882 12.7283 0.0752523 0.0130793 0.0645447 
qwerty 82 65 0 7.05034 -3.90272 -3.20225 12.4 -0.0320399 -0.0221663 0.0920983 
qwerty 82 65 0 7.05034 -4.13754 -3.36471 13.075 -0.0320399 -0.0221663 0.0920983 
qwerty 82 65 0 7.05034 -4.37236 -3.52717 13.75 -0.0320399 -0.0221663 0.0920983 
qwerty 82 65 0 7.05034 -4.60719 -3.68963 14.425 -0.0320399 -0.0221663 0.0920983 
qwerty 82 65 0 7.05034 -4.69445 -3.75 14.6758 -0.0320399 -0.0221663 0.0920983 
qwerty 82 65 0 7.05034 -4.84201 -3.85209 15.1 -0.0320399 -0.0221663 0.0920983 
qwerty 82 65 0 7.05034 -5.07684 -4.01455 15.775 -0.0320399 -0.0221663 0.0920983 
qwerty 82 65 0 7.05034 -5.31166 -4.17701 16.45 -0.0320399 -0.0221663 0.0920983 
qwerty 82 65 0 7.05034 -5.54649 -4.33947 17.125 -0.0320399 -0.0221663 0.0920983 
qwerty 82 65 0 6.21948 -5.7733 -4.60187 17.8 -0.0297125 -0.0354482 0.08866 
qwerty 82 65 0 6.21948 -5.99951 -4.87175 18.475 -0.0297125 -0.0354482 0.08866 
qwerty 82 65 0 6.21948 -6.22572 -5.14163 19.15 -0.0297125 -0.0354482 0.08866 
qwerty 82 65 0 6.21948 -6.45193 -5.41151 19.825 -0.0297125 -0.0354482 0.08866 
qwerty 82 65 0 6.21948 -6.67814 -5.68139 20.5 -0.0297125 -0.0354482 0.08866 
qwerty 82 65 0 6.21948 -6.90436 -5.95127 21.175 -0.0297125 -0.0354482 0.08866 
qwerty 82 65 0 6.21948 -7.13057 -6.22115 21.85 -0.0297125 -0.0354482 0.08866 
qwerty 82 65 0 6.21948 -7.35678 -6.49103 22.525 -0.0297125 -0.0354482 0.08866 
qwerty 82 65 0 6.21948 -7.58299 -6.76091 23.2 -0.0297125 -0.0354482 0.08866 
qwerty 82 65 0 6.21948 -7.8092 -7.03079 23.875 -0.0297125 -0.0354482 0.08866 
qwerty 82 65 0 6.21948 -8.03542 -7.30067 24.55 -0.0297125 -0.0354482 0.08866 
qwerty 82 65 0 6.21948 -8.26163 -7.57055 25.225 -0.0297125 -0.0354482 0.08866 
qwerty 82 65 0 6.21948 -8.48784 -7.84043 25.9 -0.0297125 -0.0354482 0.08866 
qwerty 82 65 0 6.21948 -8.71405 -8.11031 26.575 -0.0297125 -0.0354482 0.08866 
qwerty 82 65 0 6.21948 -8.94026 -8.38019 27.25 -0.0297125 -0.0354482 0.08866 
qwerty 82 65 0 6.21948 -9.16647 -8.65007 27.925 -0.0297125 -0.0354482 0.08866 
qwerty 82 65 0 6.21948 -9.25024 -8.75 28.1749 -0.0297125 -0.0354482 0.08866 
qwerty 82 65 0 6.21948 -9.39269 -8.91995 28.6 -0.0297125 -0.0354482 0.08866 
qwerty 82 65 0 6.21948 -9.6189 -9.18983 29.275 -0.0297125 -0.0354482 0.08866 
qwerty 82 65 0 6.21948 -9.84511 -9.45971 29.95 -0.0297125 -0.0354482 0.08866 
qwerty 82 65 0 6.21948 -10.0713 -9.72959 30.625 -0.0297125 -0.0354482 0.08866 
qwerty 82 65 0 6.21948 -10.2975 -9.99947 31.3 -0.0297125 -0.0354482 0.08866 
qwerty 82 65 0 6.21948 -10.5237 -10.2693 31.975 -0.0297125 -0.0354482 0.08866 
qwerty 82 65 0 6.21948 -10.75 -10.5392 32.65 -0.0297125 -0.0354482 0.08866 
qwerty 82 65 0 6.21948 -10.9762 -10.8091 33.325 -0.0297125 -0.0354482 0.08866 
qwerty 82 65 0 6.21948 -11.2024 -11.079 34 -0.0297125 -0.0354482 0.08866 
qwerty 82 65 0 0.248001 -11.1838 -10.8803 33.5 0.00929148 0.0368037 -0.0925157 
qwerty 82 65 0 0.248001 -11.116 -10.6118 32.825 0.00929148 0.0368037 -0.0925157 
qwerty 161 82 0.769025 4.75188 -11.0668 -11.1367 34.675 0.0317322 0.00779049 0.0945113 
qwerty 79 44 0 2.08472 2.31235 -0.547064 5.825 0.0329746 -0.0914786 -0.023331 
qwerty 79 44 0 0.651052 3.2688 -2.15521 5.98815 -0.0112913 -0.0991072 -0.00708973 
qwerty 79 44 0 0.469835 3.04426 -4.12609 5.84716 0.0541432 -0.0786491 0.0297126 
qwerty 79 44 0 0.469835 3.75 -5.15125 6.23446 0.0541432 -0.0786491 0.0297126 
qwerty 79 44 0 0.469835 3.91499 -5.39092 6.325 0.0541432 -0.0786491 0.0297126 
qwerty 79 44 0 0.445302 4.33756 -6.25 6.57557 0.0294888 -0.093429 0.0200356 
qwerty 79 44 0 0.445302 4.96225 -8.22917 7 0.0294888 -0.093429 0.0200356 
qwerty 174 79 0.0433033 0.137913 3.03841 -4.13689 5.84128 0.0927169 0.0340789 -0.0155627 
qwerty 174 79 0.0386205 0.0992929 3.04684 -4.13599 5.83563 0.0501028 0.0401385 -0.0766721 
qwerty 174 79 0.0351738 0.0641191 3.04757 -4.13156 5.83151 0.0756973 0.0132357 -0.0639901 
qwerty 174 79 0.0267344 0.0373846 3.05118 -4.132 5.83085 0.0511542 0.0485933 0.0708656 
qwerty 174 79 0.0373846 0 3.05191 -4.1313 5.83186 0.0511542 0.0485933 0.0708656 
qwerty 173 79 0.207402 0.485821 3.34771 -2.1678 6.03617 0.0921886 0.0382389 0.00624937 
qwerty 173 79 0.450958 0.0348629 3.4377 -2.13047 6.04227 0.0528012 -0.0605486 -0.0595474 
qwerty 173 79 0.0348629 0 3.43836 -2.13124 6.04152 0.0528012 -0.0605486 -0.0595474 
qwerty 76 59 0 0.510999 6.25 1.91473 8.83519 0.0947002 -0.0312293 -0.00752374 
qwerty 76 59 0 0.205085 6.32825 1.88893 8.82897 -0.057048 -0.0336154 0.0749369 
qwerty 76 59 0 0.205085 6.25 1.84282 8.93176 -0.057048 -0.0336154 0.0749369 
qwerty 76 59 0 0.205085 6.17902 1.80099 9.025 -0.057048 -0.0336154 0.0749369 
qwerty 180 76 0.107084 0.19883 6.36339 1.90736 8.80533 0.0492239 0.00629184 -0.0868183 
qwerty 180 76 0.19883 0 6.37593 1.90896 8.78322 0.0492239 0.00629184 -0.0868183 
qwerty 75 66 0 0.327517 -5.17026 -2.54129 13.25 -0.0538185 0.0202856 -0.081805 
qwerty 75 66 0 0.327517 -5.61433 -2.37391 12.575 -0.0538185 0.0202856 -0.081805 
qwerty 75 66 0 0.19622 -6.06945 -1.45289 13.075 -0.0363646 0.0792531 0.0489547 
qwerty 72 66 0 0.403719 -4.49386 -2.99633 13.75 -0.0231544 0.0125106 0.0964747 
qwerty 72 66 0 0.403719 -4.65586 -2.9088 14.425 -0.0231544 0.0125106 0.0964747 
qwerty 72 66 0 0.403719 -4.89438 -2.96919 15.1 -0.0345079 -0.0114071 0.0931616 
qwerty 72 66 0 0.403719 -5.1444 -3.05184 15.775 -0.0345079 -0.0114071 0.0931616 
qwerty 71 66 0 0.348783 -4.32995 -3.06858 13.075 -0.0547591 0.00699175 0.083382 
qwerty 71 66 0 0.341212 -4.7405 -2.8232 13.75 -0.0489981 0.0317345 0.0811918 
qwerty 70 66 0 1.99546 -4.13986 -3.06511 13.075 -0.0380426 0.0067239 0.0922364 
qwerty 70 66 0 1.99546 -4.41826 -3.0159 13.75 -0.0380426 0.0067239 0.0922364 
qwerty 70 66 0 1.99546 -4.69667 -2.96669 14.425 -0.0380426 0.0067239 0.0922364 
qwerty 70 66 0 1.99546 -4.97507 -2.91749 15.1 -0.0380426 0.0067239 0.0922364 
qwerty 70 66 0 1.99546 -5.25347 -2.86828 15.775 -0.0380426 0.0067239 0.0922364 
qwerty 70 66 0 1.99546 -5.53187 -2.81907 16.45 -0.0380426 0.0067239 0.0922364 
qwerty 70 66 0 1.99546 -5.81027 -2.76987 17.125 -0.0380426 0.0067239 0.0922364 
qwerty 70 66 0 1.99546 -6.08868 -2.72066 17.8 -0.0380426 0.0067239 0.0922364 
qwerty 70 66 0 0.301678 -5.66757 -1.49878 17.3 0.0318655 0.0856686 -0.0405646 
qwerty 69 66 0 14.4004 -3.86108 -2.98358 12.4 -0.0270072 0.00931314 0.0958325 
qwerty 69 66 0 14.4004 -4.05131 -2.91798 13.075 -0.0270072 0.00931314 0.0958325 
qwerty 69 66 0 14.4004 -4.24154 -2.85238 13.75 -0.0270072 0.00931314 0.0958325 
qwerty 69 66 0 14.4004 -4.43176 -2.78679 14.425 -0.0270072 0.00931314 0.0958325 
qwerty 69 66 0 14.4004 -4.62199 -2.72119 15.1 -0.0270072 0.00931314 0.0958325 
qwerty 200 195 0 0.658012 -7.23209 -3.75 14.6634 -0.087919 -0.0441487 -0.0179205 
qwerty 200 195 0 0.658012 -7.54289 -3.90607 14.6 -0.087919 -0.0441487 -0.0179205 
qwerty 68 66 0 1.46672 -3.74437 -3.22953 12.4 -0.00637626 -0.031753 0.0946102 
qwerty 68 66 0 1.46672 -3.78986 -3.45607 13.075 -0.00637626 -0.031753 0.0946102 
qwerty 68 66 0 1.46672 -3.83536 -3.68261 13.75 -0.00637626 -0.031753 0.0946102 
qwerty 68 66 0 1.46672 -3.88085 -3.90916 14.425 -0.00637626 -0.031753 0.0946102 
qwerty 68 66 0 1.46672 -3.92634 -4.1357 15.1 -0.00637626 -0.031753 0.0946102 
qwerty 68 66 0 1.46672 -3.97183 -4.36224 15.775 -0.00637626 -0.031753 0.0946102 
qwerty 68 66 0 1.46672 -4.01732 -4.58878 16.45 -0.00637626 -0.031753 0.0946102 
qwerty 68 66 0 1.46672 -4.06281 -4.81533 17.125 -0.00637626 -0.031753 0.0946102 
qwerty 68 66 0 1.46672 -4.10831 -5.04187 17.8 -0.00637626 -0.031753 0.0946102 
qwerty 68 66 0 1.46672 -4.1538 -5.26841 18.475 -0.00637626 -0.031753 0.0946102 
qwerty 68 66 0 1.46672 -4.19929 -5.49496 19.15 -0.00637626 -0.031753 0.0946102 
qwerty 68 66 0 1.46672 -4.24478 -5.7215 19.825 -0.00637626 -0.031753 0.0946102 
qwerty 68 66 0 1.46672 -4.29027 -5.94804 20.5 -0.00637626 -0.031753 0.0946102 
qwerty 68 66 0 1.46672 -4.33576 -6.17458 21.175 -0.00637626 -0.031753 0.0946102 
qwerty 68 66 0 1.46672 -4.35091 -6.25 21.3997 -0.00637626 -0.031753 0.0946102 
qwerty 68 66 0 1.46672 -4.38126 -6.40113 21.85 -0.00637626 -0.031753 0.0946102 
qwerty 68 66 0 1.46672 -4.42675 -6.62767 22.525 -0.00637626 -0.031753 0.0946102 
qwerty 68 66 0 1.46672 -4.47224 -6.85421 23.2 -0.00637626 -0.031753 0.0946102 
qwerty 68 66 0 1.46672 -4.51773 -7.08076 23.875 -0.00637626 -0.031753 0.0946102 
qwerty 68 66 0 1.46672 -4.56322 -7.3073 24.55 -0.00637626 -0.031753 0.0946102 
qwerty 68 66 0 1.46672 -4.60871 -7.53384 25.225 -0.00637626 -0.031753 0.0946102 
qwerty 68 66 0 1.46672 -4.65421 -7.76038 25.9 -0.00637626 -0.031753 0.0946102 
qwerty 68 66 0 1.46672 -4.6997 -7.98693 26.575 -0.00637626 -0.031753 0.0946102 
qwerty 68 66 0 1.46672 -4.74519 -8.21347 27.25 -0.00637626 -0.031753 0.0946102 
qwerty 68 66 0 1.46672 -4.79068 -8.44001 27.925 -0.00637626 -0.031753 0.0946102 
qwerty 68 66 0 1.46672 -4.83617 -8.66655 28.6 -0.00637626 -0.031753 0.0946102 
qwerty 68 66 0 1.46672 -4.88166 -8.8931 29.275 -0.00637626 -0.031753 0.0946102 
qwerty 68 66 0 1.46672 -4.92716 -9.11964 29.95 -0.00637626 -0.031753 0.0946102 
qwerty 68 66 0 0.833047 -4.71165 -9.20701 30.625 0.0385183 -0.0126479 0.0914132 
qwerty 68 66 0 0.833047 -4.42723 -9.3004 31.3 0.0385183 -0.0126479 0.0914132 
qwerty 67 66 0 53.9181 -3.90909 -3.12543 12.4 -0.0326114 -0.0143688 0.0934347 
qwerty 213 67 0.886727 43.1346 -4.12605 -3.24861 13.075 -0.0350444 -0.0194596 0.0916145 
qwerty 213 67 1.14596 23.666 -4.51884 -3.65766 13.75 -0.0392532 -0.0468998 0.0791176 
qwerty 213 67 1.02959 12.5672 -4.7357 -3.92638 14.425 -0.0243987 -0.0516961 0.0820501 
qwerty 213 67 0.183981 2.23165 -4.87126 -3.93303 14.336 -0.045215 0.0618914 -0.0642267 
qwerty 213 67 0.620271 1.61138 -5.13645 -3.72828 14.1671 -0.0789148 -0.00320135 -0.0613369 
qwerty 213 67 0.516776 1.09461 -5.39525 -3.76264 14.0506 -0.0100755 -0.0970964 0.0216974 
qwerty 213 67 0.119376 0.969541 -5.39257 -3.83984 14.0757 0.0491914 -0.084571 0.0206872 
qwerty 213 67 0.356795 0.612747 -5.24016 -3.97843 14.0567 0.0631682 -0.077434 -0.00370879 
qwerty 213 67 0.279881 0.332866 -5.15444 -4.06628 13.9417 0.0893062 0.0245433 -0.0377098 
qwerty 213 67 0.150865 0.182001 -5.11492 -4.05542 13.925 0.0248848 0.0615751 -0.0747613 
qwerty 213 67 0.00258732 0.156747 -5.11549 -4.05605 13.9261 0.0244347 -0.0426412 0.08709 
qwerty 213 67 0.00450285 0.152244 -5.11535 -4.05684 13.9277 0.0286922 -0.0304273 0.0908347 
qwerty 213 67 0.00382126 0.148423 -5.11498 -4.05749 13.9291 0.0234173 -0.0405866 0.0883423 
qwerty 213 67 0.00689833 0.141525 -5.11491 -4.05857 13.9313 0.0266364 -0.0209349 0.0940863 
qwerty 213 67 0.0170963 0.124428 -5.11364 -4.05919 13.9345 0.0177196 -0.072069 0.0670229 
qwerty 213 67 0.0222263 0.102202 -5.11455 -4.06296 13.9387 -0.0284218 -0.0526878 0.0801012 
qwerty 213 67 0.0337692 0.0684327 -5.1123 -4.06681 13.9443 0.0163659 -0.049102 0.0855637 
qwerty 213 67 0.0684327 0 -5.11163 -4.06881 13.9478 0.0163659 -0.049102 0.0855637 
qwerty 213 67 0 0 -5.11163 -4.06881 13.9478 0.0163659 -0.049102 0.0855637 
qwerty 151 84 0 1.62661 -6.42385 -4.88717 20 0.0410003 -0.0742084 -0.053029 
qwerty 151 84 0.28266 1.07427 -6.3479 -4.8857 20.1759 0.0400051 0.0182554 0.0898127 
qwerty 151 84 0.279394 0.794879 -6.22257 -4.81753 20.2853 0.0606132 0.0416267 0.0677736 
qwerty 151 84 0.342177 0.452702 -6.14416 -4.83057 20.4596 0.0380579 -0.0883567 -0.0272891 
qwerty 151 84 0.418037 0.0346647 -6.14443 -4.92925 20.4497 0.000268767 0.0999065 0.00431408 
qwerty 151 84 0.0346647 0 -6.14442 -4.92803 20.4497 0.000268767 0.0999065 0.00431408 
qwerty 151 84 0 0 -6.14442 -4.92803 20.4497 0.000268767 0.0999065 0.00431408 
qwerty 212 67 0.954956 5.71436 -4.01287 -3.15896 13.075 -0.0205837 -0.00469297 0.097746 
qwerty 237 212 0 0.640346 -3.97769 -3.06836 13.75 0.0051927 0.0141308 0.0988603 
qwerty 237 212 0 0.640346 -3.94223 -2.97187 14.425 0.0051927 0.0141308 0.0988603 
qwerty 237 212 0 0.640346 -3.90678 -2.87539 15.1 0.0051927 0.0141308 0.0988603 
qwerty 237 212 0 0.640346 -3.87132 -2.77891 15.775 0.0051927 0.0141308 0.0988603 
qwerty 237 212 0 0.493902 -3.45439 -2.38207 16.45 0.0547037 0.0498988 0.0672132 
qwerty 237 212 0 0.493902 -2.90502 -1.88096 17.125 0.0547037 0.0498988 0.0672132 
qwerty 236 144 0 0.250223 -4.79683 -2.92005 14.679 0.0201884 0.0503329 0.084018 
qwerty 236 144 0 0.160599 -4.71767 -2.72268 15.0085 -0.0638414 0.0654553 -0.0404954 
qwerty 236 144 0 0.160599 -5.36164 -2.06242 14.6 -0.0638414 0.0654553 -0.0404954 
qwerty 243 236 0.0896242 0 -4.71443 -2.72224 15.0143 0.0484871 0.00659744 0.0872094 
qwerty 242 236 0.132009 0.0480915 -4.80153 -2.90227 14.6505 -0.0171277 0.0536573 -0.0826289 
qwerty 242 236 0.0480915 0 -4.80192 -2.90106 14.6487 -0.0171277 0.0536573 -0.0826289 
qwerty 245 242 0 0.0806754 -7.09051 -1.25 14.9956 -0.0804839 0.0580962 0.0121315 
qwerty 245 242 0 0.0806754 -7.78342 -0.749831 15.1 -0.0804839 0.0580962 0.0121315 
qwerty 235 144 0 0.510999 -4.6789 -4.62657 15.775 0.00580509 -0.084 0.0539472 
qwerty 235 144 0 0.510999 -4.60626 -5.6776 16.45 0.00580509 -0.084 0.0539472 
qwerty 235 144 0 0.510999 -4.53363 -6.72863 17.125 0.00580509 -0.084 0.0539472 
qwerty 231 151 0 0.510999 -6.17326 -4.72366 20 -0.0058265 0.0412999 -0.0908866 
qwerty 231 151 0 0.510999 -6.21653 -4.41694 19.325 -0.0058265 0.0412999 -0.0908866 
qwerty 231 151 0 0.510999 -6.2598 -4.11021 18.65 -0.0058265 0.0412999 -0.0908866 
qwerty 231 151 0 0.510999 -6.30307 -3.80348 17.975 -0.0058265 0.0412999 -0.0908866 
qwerty 230 151 0 0.510999 -6.1412 -4.95087 20.5 0.0058265 -0.0412999 0.0908866 
qwerty 229 196 0 1.47734 -4.43037 -3.18519 15.775 0.0174677 -0.0659402 0.0731216 
qwerty 229 196 0 1.47734 -4.28075 -3.75 16.4013 0.0174677 -0.0659402 0.0731216 
qwerty 229 196 0 1.47734 -4.26912 -3.7939 16.45 0.0174677 -0.0659402 0.0731216 
qwerty 229 196 0 1.47734 -4.10787 -4.40261 17.125 0.0174677 -0.0659402 0.0731216 
qwerty 229 196 0 1.47734 -3.94662 -5.01131 17.8 0.0174677 -0.0659402 0.0731216 
qwerty 229 196 0 1.47734 -3.78537 -5.62002 18.475 0.0174677 -0.0659402 0.0731216 
qwerty 229 196 0 1.47734 -3.62413 -6.22873 19.15 0.0174677 -0.0659402 0.0731216 
qwerty 229 196 0 1.47734 -3.46288 -6.83744 19.825 0.0174677 -0.0659402 0.0731216 
qwerty 229 196 0 1.47734 -3.30163 -7.44614 20.5 0.0174677 -0.0659402 0.0731216 
qwerty 229 196 0 1.47734 -3.14038 -8.05485 21.175 0.0174677 -0.0659402 0.0731216 
qwerty 229 196 0 1.47734 -2.97913 -8.66356 21.85 0.0174677 -0.0659402 0.0731216 
qwerty 229 196 0 1.47734 -2.81788 -9.27227 22.525 0.0174677 -0.0659402 0.0731216 
qwerty 229 196 0 1.47734 -2.65664 -9.88097 23.2 0.0174677 -0.0659402 0.0731216 
qwerty 229 196 0 1.47734 -2.49539 -10.4897 23.875 0.0174677 -0.0659402 0.0731216 
qwerty 229 196 0 1.47734 -2.33414 -11.0984 24.55 0.0174677 -0.0659402 0.0731216 
qwerty 229 196 0 1.47734 -2.17289 -11.7071 25.225 0.0174677 -0.0659402 0.0731216 
qwerty 229 196 0 1.47734 -2.01164 -12.3158 25.9 0.0174677 -0.0659402 0.0731216 
qwerty 229 196 0 0.942753 -1.25 -13.3862 26.3446 0.0580793 -0.0768961 0.0267168 
qwerty 229 196 0 0.942753 -0.749231 -14.0492 26.575 0.0580793 -0.0768961 0.0267168 
qwerty 228 196 0 0.354095 -4.60888 -1.25 14.8974 -0.00228384 0.098188 -0.0188125 
qwerty 228 196 0 0.336002 -4.64275 0.206033 14.6184 0.0255074 0.0860904 -0.0440206 
qwerty 228 196 0 0.336002 -4.63206 0.242109 14.6 0.0255074 0.0860904 -0.0440206 
qwerty 257 228 0.0180928 0 -4.64302 0.2062 14.6187 -0.0683721 0.0425815 0.0592627 
qwerty 227 196 0 0.891559 -5.47644 -1.25 14.793 -0.0529493 0.082144 -0.0211832 
qwerty 227 196 0 0.891559 -5.95897 -0.50142 14.6 -0.0529493 0.082144 -0.0211832 
qwerty 227 196 0 0.608513 -7.20052 1.42469 14.1033 -0.0520029 0.0357582 -0.0775697 
qwerty 227 196 0 0.608513 -7.32006 1.50688 13.925 -0.0520029 0.0357582 -0.0775697 
qwerty 227 196 0 0.608513 -7.77258 1.81805 13.25 -0.0520029 0.0357582 -0.0775697 
qwerty 227 196 0 0.57653 -8.15048 2.40901 12.575 -0.0382325 0.06158 -0.0688926 
qwerty 227 196 0 0.49178 -8.06439 3.51251 11.9 0.00830534 0.0855345 -0.0511358 
qwerty 227 196 0 0.49178 -7.95476 4.64158 11.225 0.00830534 0.0855345 -0.0511358 
qwerty 227 196 0 0.49178 -7.84513 5.77065 10.55 0.00830534 0.0855345 -0.0511358 
qwerty 227 196 0 0.49178 -7.7355 6.89972 9.875 0.00830534 0.0855345 -0.0511358 
qwerty 259 227 0.283047 0 -7.21196 1.46252 14.1241 -0.0256066 0.0846976 0.0465898 
qwerty 225 213 0 0.510999 -6.25 -6.36714 14.0985 -0.0443079 -0.0894562 0.00586566 
qwerty 225 213 0 0.497073 -8.21723 -10.3389 14.359 -0.0505303 -0.0847071 -0.0164739 
qwerty 225 213 0 0.497073 -8.75 -11.232 14.1853 -0.0505303 -0.0847071 -0.0164739 
qwerty 225 213 0 0.497073 -9.54832 -12.5703 13.925 -0.0505303 -0.0847071 -0.0164739 
qwerty 225 213 0 0.497073 -10.252 -13.75 13.6956 -0.0505303 -0.0847071 -0.0164739 
qwerty 225 213 0 0.497073 -11.6187 -16.0411 13.25 -0.0505303 -0.0847071 -0.0164739 
qwerty 266 225 0.0139262 0 -8.21718 -10.339 14.3592 0.0206141 -0.0300258 0.0931317 
qwerty 224 213 0 0.510999 -4.93918 -3.72063 13.925 0.0443079 0.0894562 -0.00586566 
qwerty 223 213 0.00029101 0 -5.36904 -3.89854 14.0911 0.0361579 -0.090185 0.0236488 
qwerty 269 223 0.0053984 0 -5.36901 -3.8985 14.0911 0.0554028 0.0816641 0.016171 
qwerty 222 213 0.00029101 0 -4.90789 -3.84459 14.2714 -0.0317164 0.0765791 -0.0559438 
qwerty 270 222 0.004035 0 -4.90788 -3.84458 14.2714 0.0401286 0.0500219 0.0767301 
qwerty 271 221 1.02445 6.04261 -5.02391 -4.25985 15.1 -0.0374184 -0.0126903 0.091863 
qwerty 219 213 0 6.00017 -4.84655 -3.97971 14.425 -0.0396221 -0.0366278 0.0841932 
qwerty 219 213 0 1.48337 -4.75765 -4.05348 15.1 0.0236511 -0.004727 0.0970478 
qwerty 219 213 0 1.48337 -4.59315 -4.08636 15.775 0.0236511 -0.004727 0.0970478 
qwerty 219 213 0 1.48337 -4.42865 -4.11924 16.45 0.0236511 -0.004727 0.0970478 
qwerty 219 213 0 1.48337 -4.26415 -4.15212 17.125 0.0236511 -0.004727 0.0970478 
qwerty 219 213 0 1.48337 -4.09965 -4.18499 17.8 0.0236511 -0.004727 0.0970478 
qwerty 219 213 0 1.48337 -3.93514 -4.21787 18.475 0.0236511 -0.004727 0.0970478 
qwerty 219 213 0 1.48337 -3.77064 -4.25075 19.15 0.0236511 -0.004727 0.0970478 
qwerty 219 213 0 1.48337 -3.60614 -4.28363 19.825 0.0236511 -0.004727 0.0970478 
qwerty 219 213 0 1.48337 -3.44164 -4.3165 20.5 0.0236511 -0.004727 0.0970478 
qwerty 219 213 0 1.48337 -3.27714 -4.34938 21.175 0.0236511 -0.004727 0.0970478 
qwerty 219 213 0 1.48337 -3.11264 -4.38226 21.85 0.0236511 -0.004727 0.0970478 
qwerty 219 213 0 1.48337 -2.94814 -4.41514 22.525 0.0236511 -0.004727 0.0970478 
qwerty 219 213 0 1.48337 -2.78892 -4.44452 23.2 0.0226947 -0.00406548 0.0973058 
qwerty 219 213 0 1.48337 -2.63149 -4.47272 23.875 0.0226947 -0.00406548 0.0973058 
qwerty 219 213 0 1.48337 -2.47406 -4.50092 24.55 0.0226947 -0.00406548 0.0973058 
qwerty 219 213 0 1.48337 -2.31663 -4.52912 25.225 0.0226947 -0.00406548 0.0973058 
qwerty 219 213 0 1.48337 -2.1592 -4.55733 25.9 0.0226947 -0.00406548 0.0973058 
qwerty 219 213 0 1.48337 -2.00177 -4.58553 26.575 0.0226947 -0.00406548 0.0973058 
qwerty 219 213 0 1.48337 -1.84434 -4.61373 27.25 0.0226947 -0.00406548 0.0973058 
qwerty 219 213 0 1.48337 -1.68691 -4.64193 27.925 0.0226947 -0.00406548 0.0973058 
qwerty 219 213 0 1.48337 -1.52948 -4.67013 28.6 0.0226947 -0.00406548 0.0973058 
qwerty 219 213 0 1.48337 -1.37205 -4.69833 29.275 0.0226947 -0.00406548 0.0973058 
qwerty 219 213 0 1.48337 -1.21461 -4.72654 29.95 0.0226947 -0.00406548 0.0973058 
qwerty 219 213 0 1.48337 -1.05718 -4.75474 30.625 0.0226947 -0.00406548 0.0973058 
qwerty 219 213 0 1.48337 -0.899752 -4.78294 31.3 0.0226947 -0.00406548 0.0973058 
qwerty 219 213 0 1.48337 -0.742321 -4.81114 31.975 0.0226947 -0.00406548 0.0973058 
qwerty 219 213 0 1.48337 -0.584891 -4.83934 32.65 0.0226947 -0.00406548 0.0973058 
qwerty 219 213 0 1.48337 -0.42746 -4.86755 33.325 0.0226947 -0.00406548 0.0973058 
qwerty 219 213 0 1.48337 -0.270029 -4.89575 34 0.0226947 -0.00406548 0.0973058 
qwerty 219 213 0 1.48337 -0.112598 -4.92395 34.675 0.0226947 -0.00406548 0.0973058 
qwerty 219 213 0 1.48337 0.0448332 -4.95215 35.35 0.0226947 -0.00406548 0.0973058 
qwerty 219 213 0 1.48337 0.202264 -4.98035 36.025 0.0226947 -0.00406548 0.0973058 
qwerty 219 213 0 1.48337 0.359695 -5.00855 36.7 0.0226947 -0.00406548 0.0973058 
qwerty 219 213 0 1.48337 0.517126 -5.03676 37.375 0.0226947 -0.00406548 0.0973058 
qwerty 219 213 0 1.48337 0.674557 -5.06496 38.05 0.0226947 -0.00406548 0.0973058 
qwerty 219 213 0 1.48337 0.831988 -5.09316 38.725 0.0226947 -0.00406548 0.0973058 
qwerty 219 213 0 1.48337 0.989419 -5.12136 39.4 0.0226947 -0.00406548 0.0973058 
qwerty 219 213 0 1.48337 1.14685 -5.14956 40.075 0.0226947 -0.00406548 0.0973058 
qwerty 277 219 0.751894 2.48262 -4.98351 -4.32662 15.0009 -0.0406056 -0.0592077 0.0696106 
qwerty 277 219 0.244555 2.23806 -5.04129 -4.41088 15.1 -0.064059 -0.0311073 0.0702053 
qwerty 279 277 0 0.393792 -5.6403 -4.7403 15.775 -0.0622522 -0.0343267 0.0703302 
qwerty 279 277 0 0.393792 -6.23777 -5.06975 16.45 -0.0622522 -0.0343267 0.0703302 
qwerty 278 277 0 0.015263 -5.04716 -4.36506 15.1 -0.0513894 -0.0310329 0.0799756 
qwerty 218 213 0 1.26099 -4.78121 -4.12443 14.425 -0.0289625 -0.053275 0.0795169 
qwerty 218 213 0 0.659294 -4.94475 -4.42526 14.874 -0.0511468 -0.0858748 0.00308533 
qwerty 218 213 0 0.659294 -6.03156 -6.25 14.9396 -0.0511468 -0.0858748 0.00308533 
qwerty 218 213 0 0.2435 -6.70838 -7.38637 14.9804 0.00552123 0.0377028 0.0924555 
qwerty 218 213 0 0.2435 -6.70124 -7.3376 15.1 0.00552123 0.0377028 0.0924555 
qwerty 218 213 0 0.2435 -6.66093 -7.06234 15.775 0.00552123 0.0377028 0.0924555 
qwerty 218 213 0 0.2435 -6.62062 -6.78708 16.45 0.00552123 0.0377028 0.0924555 
qwerty 218 213 0 0.2435 -6.58031 -6.51182 17.125 0.00552123 0.0377028 0.0924555 
qwerty 288 218 0.165399 0.250395 -6.74551 -7.43143 14.9705 -0.0134572 -0.07942 0.0592568 
qwerty 288 218 0.250395 0 -6.75047 -7.46069 14.9923 -0.0134572 -0.07942 0.0592568 
qwerty 287 218 0.270438 0.33126 -4.91466 -4.47674 14.9838 0.0186555 -0.0620174 0.0761959 
qwerty 287 218 0.33126 0 -4.90404 -4.51206 15.0272 0.0186555 -0.0620174 0.0761959 
qwerty 216 213 0 15.2121 -4.42053 -3.61674 13.75 -0.0358833 -0.0455313 0.0814818 
qwerty 216 213 0 15.2121 -4.71779 -3.99392 14.425 -0.0358833 -0.0455313 0.0814818 
qwerty 216 213 0 15.2121 -5.01505 -4.37111 15.1 -0.0358833 -0.0455313 0.0814818 
qwerty 216 213 0 15.2121 -5.31231 -4.74829 15.775 -0.0358833 -0.0455313 0.0814818 
qwerty 216 213 0 15.2121 -5.60957 -5.12547 16.45 -0.0358833 -0.0455313 0.0814818 
qwerty 216 213 0 15.2121 -5.90683 -5.50266 17.125 -0.0358833 -0.0455313 0.0814818 
qwerty 216 213 0 15.2121 -6.20408 -5.87984 17.8 -0.0358833 -0.0455313 0.0814818 
qwerty 216 213 0 15.2121 -6.50134 -6.25703 18.475 -0.0358833 -0.0455313 0.0814818 
qwerty 216 213 0 15.2121 -6.7986 -6.63421 19.15 -0.0358833 -0.0455313 0.0814818 
qwerty 216 213 0 15.2121 -7.09586 -7.01139 19.825 -0.0358833 -0.0455313 0.0814818 
qwerty 216 213 0 15.2121 -7.39312 -7.38858 20.5 -0.0358833 -0.0455313 0.0814818 
qwerty 216 213 0 15.2121 -7.69038 -7.76576 21.175 -0.0358833 -0.0455313 0.0814818 
qwerty 214 213 0 0.145814 -4.11802 -3.25885 13.075 -0.0285163 -0.0199554 0.0937475 
qwerty 142 88 0.819355 7.76741 -4.33867 -3.47081 14.425 -0.0359309 0.00297906 0.0932743 
qwerty 142 88 0.112165 3.21693 -4.29826 -3.41415 14.6446 0.0612141 -0.0235545 0.0754852 
qwerty 142 88 1.00731 2.20962 -3.93169 -3.51148 14.9468 0.0682564 -0.0699592 0.0211372 
qwerty 142 88 0.633241 1.57638 -3.69897 -3.75 15.0189 0.0234598 -0.0789777 0.0566759 
qwerty 142 88 0.225399 1.35098 -3.6654 -3.86303 15.1 0.00158304 -0.0931332 0.0363826 
qwerty 142 88 0.303211 0.959079 -3.79381 -3.82898 14.9825 -0.0938157 0.0344198 0.00372643 
qwerty 142 88 0.277778 0.6813 -3.92464 -3.7703 14.9598 -0.0674373 0.0714204 0.0187441 
qwerty 142 88 0.0761853 0.605115 -3.94381 -3.75 14.9651 -0.0604468 0.0795732 -0.0037806 
qwerty 142 88 0.0393041 0.565811 -3.95637 -3.72439 14.9592 -0.0351266 0.0930104 -0.0107326 
qwerty 142 88 0.112993 0.452818 -3.96449 -3.70395 14.9606 -0.0945203 -0.023886 0.0222568 
qwerty 142 88 0.0424159 0.410403 -3.98708 -3.71632 14.974 -0.0770465 -0.0581465 0.0261309 
qwerty 142 88 0.0405196 0.369883 -4.00096 -3.73422 14.9837 -0.0444009 -0.0377227 0.0812746 
qwerty 142 88 0.0422964 0.327587 -4.00607 -3.74193 15.0067 -0.0248625 0.0436768 0.0864534 
qwerty 142 88 0.0611275 0.266459 -4.02126 -3.73271 15.024 -0.0567309 0.00748054 0.08201 
qwerty 142 88 0.0517305 0.214729 -4.04301 -3.72717 15.0357 0.014974 -0.0103396 -0.0983304 
qwerty 142 88 0.0716085 0.14312 -4.05228 -3.73113 15.0152 -0.0313403 0.00606897 -0.0947679 
qwerty 142 88 0.14312 0 -4.05685 -3.73025 15.0013 -0.0313403 0.00606897 -0.0947679 
qwerty 142 88 0 0 -4.05685 -3.73025 15.0013 -0.0313403 0.00606897 -0.0947679 
qwerty 305 142 0.0601595 0.309595 -4.27401 -3.40764 14.6355 0.0944668 0.0327946 0.000727965 
qwerty 305 142 0.0489318 0.260664 -4.25288 -3.403 14.6376 0.0884515 0.0414361 0.0214331 
qwerty 305 142 0.0550486 0.205615 -4.23164 -3.3955 14.636 0.0727656 0.0400014 0.0557231 
qwerty 305 142 0.0786604 0.126954 -4.22603 -3.38438 14.6571 0.0815735 0.0481678 0.0320254 
qwerty 305 142 0.126954 0 -4.21614 -3.37855 14.661 0.0815735 0.0481678 0.0320254 
qwerty 291 216 1.19304 11.8513 -8.03813 -7.89986 21.85 -0.0491842 0.00118333 0.0870604 
qwerty 291 216 1.11397 4.44637 -8.68979 -7.7443 21.35 -0.0895897 0.0336912 -0.0289583 
qwerty 309 291 0 1.25489 -8.30257 -7.47213 22.525 -0.0309392 0.0520196 0.0796035 
qwerty 309 291 0 1.25489 -8.56492 -7.03103 23.2 -0.0309392 0.0520196 0.0796035 
qwerty 309 291 0 0.673124 -8.63577 -6.91191 23.3823 -0.0162458 0.0980542 0.0110202 
qwerty 309 291 0 0.673124 -8.75 -6.22247 23.4598 -0.0162458 0.0980542 0.0110202 
qwerty 309 291 0 0.673124 -9.36212 -2.52792 23.875 -0.0162458 0.0980542 0.0110202 
qwerty 315 309 0.0345067 0.547256 -8.64253 -6.90992 23.4024 -0.0577721 0.00696149 0.081326 
qwerty 315 309 0.0422362 0.50502 -8.65333 -6.90237 23.4237 -0.0577184 0.00997114 0.0810504 
qwerty 315 309 0.1388 0.36622 -8.67257 -6.89885 23.4447 0.0751269 -0.0493935 -0.0437747 
qwerty 315 309 0.126368 0.239852 -8.63809 -6.92541 23.4439 0.0844274 -0.0154811 -0.0513064 
qwerty 315 309 0.239852 0 -8.60904 -6.93074 23.4263 0.0844274 -0.0154811 -0.0513064 
qwerty 308 291 0 0.879201 -8.22375 -7.66818 22.525 -0.0248171 0.0323085 0.0913251 
qwerty 308 291 0 0.879201 -8.40718 -7.42939 23.2 -0.0248171 0.0323085 0.0913251 
qwerty 308 291 0 0.879201 -8.59061 -7.19059 23.875 -0.0248171 0.0323085 0.0913251 
qwerty 308 291 0 0.342287 -8.70723 -7.03876 24.3042 -0.0981629 -0.0151003 -0.0116632 
qwerty 308 291 0 0.342287 -10.8463 -7.36782 24.05 -0.0981629 -0.0151003 -0.0116632 
qwerty 320 308 0.312082 0.224832 -8.69318 -6.99873 24.4047 -0.00306839 0.090325 0.0428017 
qwerty 320 308 0.224832 0 -8.69414 -6.97069 24.4179 -0.00306839 0.090325 0.0428017 
qwerty 307 142 0 0.510999 -3.0129 -2.5301 14.6 0.0636358 0.0731574 -0.0244639 
qwerty 306 142 0 0.510999 -4.07403 -3.75 15.0079 -0.0636358 -0.0731574 0.0244639 
qwerty 306 142 0 0.510999 -4.31351 -4.02531 15.1 -0.0636358 -0.0731574 0.0244639 
qwerty 306 142 0 0.510999 -6.06933 -6.04384 15.775 -0.0636358 -0.0731574 0.0244639 
qwerty 306 142 0 0.510999 -7.82514 -8.06238 16.45 -0.0636358 -0.0731574 0.0244639 
qwerty 304 142 0 0.948618 -3.91265 -3.71526 15.1 0.0585921 -0.0434641 0.0683948 
qwerty 304 142 0 0.948618 -3.75 -3.83592 15.2899 0.0585921 -0.0434641 0.0683948 
qwerty 304 142 0 0.948618 -3.33439 -4.14422 15.775 0.0585921 -0.0434641 0.0683948 
qwerty 304 142 0 0.852675 -2.06675 -5.01735 16.45 0.0757483 -0.052092 0.0393524 
qwerty 302 142 0 0.333087 -4.18861 -2.97711 15.1 0.0236798 0.0541119 0.0806918 
qwerty 302 142 0 0.333087 -3.99053 -2.52446 15.775 0.0236798 0.0541119 0.0806918 
qwerty 299 272 0 0.172383 -4.7018 -4.46141 14.6902 -0.0253478 0.0966398 0.00426996 
qwerty 299 272 0 0.172383 -4.8884 -3.75 14.7216 -0.0253478 0.0966398 0.00426996 
qwerty 299 272 0 0.115672 -5.38187 -1.86861 14.8048 -0.0613114 -0.0607618 -0.0504867 
qwerty 299 272 0 0.115672 -5.63054 -2.11505 14.6 -0.0613114 -0.0607618 -0.0504867 
qwerty 332 299 0.0567115 0 -5.38154 -1.86573 14.8056 0.0110071 0.0957704 0.0265871 
qwerty 331 299 0.338616 0 -4.71195 -4.51626 14.6969 -0.0251159 -0.0960939 -0.011626 
qwerty 298 272 0 0.181982 -4.97581 -4.57263 15.1 -0.0133753 -0.0758349 0.0637979 
qwerty 296 292 0 0.510999 -10.9095 -6.25 21.5002 -0.0887623 0.0458391 0.0044765 
qwerty 296 292 0 0.362157 -11.8389 -5.77003 21.547 -0.0207315 0.0833502 0.0512147 
qwerty 296 292 0 0.362157 -11.9615 -5.27698 21.85 -0.0207315 0.0833502 0.0512147 
qwerty 126 92 0.144992 0.91125 -5.32771 -2.65711 19.0817 0.0345205 0.0442629 -0.0827595 
qwerty 126 92 0.137654 0.773596 -5.32563 -2.62535 18.9929 -0.00474947 0.0544086 -0.0837684 
qwerty 126 92 0.193119 0.580477 -5.36087 -2.57286 18.9329 -0.022795 0.0867328 -0.0442472 
qwerty 126 92 0.305227 0.27525 -5.41045 -2.45079 18.9463 -0.0924439 0.0352039 0.0146561 
qwerty 126 92 0.27525 0 -5.44979 -2.4358 18.9525 -0.0924439 0.0352039 0.0146561 
qwerty 126 92 0 0 -5.44979 -2.4358 18.9525 -0.0924439 0.0352039 0.0146561 
qwerty 5 3 0.535521 95.6165 1.96892 1.62372 4.975 0.0328164 0.0280302 0.0902075 
qwerty 5 3 0.828742 1.43773 2.29468 1.71438 5.45168 0.0928352 -0.0289678 0.0232914 
qwerty 5 3 0.414728 1.023 2.49924 1.54559 5.51684 0.0804873 -0.0491427 0.0332686 
qwerty 5 3 0.506686 0.516318 2.68386 1.45102 5.5205 0.0948604 -0.0297481 0.0107956 
qwerty 5 3 0.327107 0.189212 2.75809 1.32602 5.49895 0.0255255 -0.0758519 0.0599578 
qwerty 5 3 0.189212 0 2.76402 1.30839 5.51288 0.0255255 -0.0758519 0.0599578 
qwerty 5 3 0 0 2.76402 1.30839 5.51288 0.0255255 -0.0758519 0.0599578 
qwerty 337 296 0.148842 0 -11.8533 -5.77259 21.5409 -0.0906666 -0.0161985 -0.0389509 
qwerty 351 5 0 0.510999 2.65276 1.25 5.55303 -0.084345 -0.0442644 0.0304398 
qwerty 351 5 0 0.510999 2.38408 1.109 5.65 -0.084345 -0.0442644 0.0304398 
qwerty 350 5 0 0.510999 3.76952 1.83608 5.15 0.084345 0.0442644 -0.0304398 
qwerty 349 5 0 0.710136 2.69311 1.60313 5.65 0.0766152 -0.0182186 0.0616295 
qwerty 349 5 0 0.710136 3.53224 1.40359 6.325 0.0766152 -0.0182186 0.0616295 
qwerty 349 5 0 0.710136 4.17812 1.25 6.84455 0.0766152 -0.0182186 0.0616295 
qwerty 349 5 0 0.710136 4.37137 1.20405 7 0.0766152 -0.0182186 0.0616295 
qwerty 346 5 0 6.78357 2.1049 1.97653 5.65 0.0156031 0.04743 0.0866426 
qwerty 346 5 0 6.78357 2.22646 2.34604 6.325 0.0156031 0.04743 0.0866426 
qwerty 346 5 0 6.78357 2.34802 2.71555 7 0.0156031 0.04743 0.0866426 
qwerty 346 5 0 6.78357 2.46958 3.08506 7.675 0.0156031 0.04743 0.0866426 
qwerty 344 38 0 0.510999 5.79179 4.5171 9.875 0.00255832 0.0355197 -0.0934441 
qwerty 344 38 0 0.510999 5.81027 4.77368 9.2 0.00255832 0.0355197 -0.0934441 
qwerty 344 38 0 0.423477 6.25 4.89899 8.56513 0.060985 0.0135183 -0.0780902 
qwerty 344 38 0 0.423477 6.28134 4.90594 8.525 0.060985 0.0135183 -0.0780902 
qwerty 342 110 0 0.510999 -4.47723 0.375355 16.625 0.0835938 0.00135112 -0.0548658 
qwerty 341 110 0 0.510999 -6.26746 0.34642 17.8 -0.0835938 -0.00135112 0.0548658 
qwerty 340 126 0 0.510999 -6.00288 -2.28011 18.65 -0.0851761 0.0239764 -0.046585 
qwerty 340 126 0 0.387617 -7.57765 -1.55857 17.975 -0.0842405 0.040529 -0.0355097 
qwerty 339 126 0 0.510999 -5.08868 -2.53745 19.15 0.0851761 -0.0239764 0.046585 
qwerty 365 345 0.625097 25.0015 2.05948 1.83668 5.54558 0.0133102 0.0374636 0.0917568 
qwerty 365 345 0.230314 24.7711 2.07462 1.87931 5.65 0.0141244 0.0359036 0.0922574 
qwerty 365 345 0.492022 17.1211 2.09236 1.99388 6.04824 -0.00350613 0.0334976 0.0941574 
qwerty 365 345 0.431819 16.6893 2.08206 2.09234 6.325 0.0131586 0.0343045 0.0930057 
qwerty 365 345 1.04833 10.6289 2.21075 2.11369 7 0.0308096 0.00741052 0.0948465 
qwerty 364 345 0.70168 37.1395 2.081 1.85704 5.44606 0.0198009 0.0463049 0.0863931 
qwerty 364 345 0.400557 36.739 2.12774 1.96634 5.65 0.0188324 0.0466605 0.0864184 
qwerty 364 345 0.794085 25.7285 2.26701 2.02923 6.14498 0.026123 0.00403083 0.0964435 
qwerty 364 345 0.282436 25.4461 2.31577 2.03675 6.325 0.0269084 0.00153972 0.0962994 
qwerty 364 345 0.838652 17.5647 2.45448 1.72832 7 0.0309936 -0.0434401 0.0845716 
qwerty 364 345 0.927818 12.081 2.41472 1.50418 7.675 -0.0138179 -0.00857071 0.0986692 
qwerty 390 364 0.21074 0.358042 2.24339 2.12465 6.16941 -0.048903 0.0717649 0.0495813 
qwerty 390 364 0.224755 0.0878179 2.21272 2.16965 6.2005 -0.0847493 -0.0263299 0.04609 
qwerty 390 364 0.0878179 0 2.20725 2.16795 6.20347 -0.0847493 -0.0263299 0.04609 
qwerty 402 387 0 0.290745 2.53506 0.464625 6.325 0.0230361 -0.0914889 0.0331529 
qwerty 401 390 0 0.0408826 2.11024 2.1594 6.24226 0.0613914 -0.0214465 0.0759681 
qwerty 401 390 0 0.0408826 2.1771 2.13604 6.325 0.0613914 -0.0214465 0.0759681 
qwerty 407 401 0.00458658 0 2.1102 2.1594 6.24226 -0.0976783 0.00666395 -0.0203602 
qwerty 400 364 0 0.237164 2.33887 2.12063 7.175 0.0101254 0.0687466 -0.0719123 
qwerty 399 364 0 0.694187 3.54546 3.75 8.30591 0.0503741 0.0842231 0.0192073 
qwerty 399 364 0 0.694187 3.66109 3.94333 8.35 0.0503741 0.0842231 0.0192073 
qwerty 414 411 0 0.185219 3.69118 2.68583 7.175 0.0801848 0.0548924 -0.0236058 
qwerty 397 364 0 0.39803 1.5356 1.26294 8.35 -0.0790569 -0.0216676 0.0572758 
qwerty 395 364 0 0.320355 2.57858 1.09095 7.675 0.00519282 -0.0687974 0.0723876 
qwerty 392 364 0 2.22574 2.4417 1.69062 7 0.013623 -0.0495909 0.0857622 
qwerty 392 364 0 2.22574 2.54892 1.30031 7.675 0.013623 -0.0495909 0.0857622 
qwerty 392 364 0 2.22574 2.65614 0.910004 8.35 0.013623 -0.0495909 0.0857622 
qwerty 392 364 0 0.348219 2.70181 0.306882 7.85 0.00459184 -0.0714695 -0.0697927 
qwerty 392 364 0 0.348219 2.74622 -0.384335 7.175 0.00459184 -0.0714695 -0.0697927 
qwerty 392 364 0 0.348219 2.79063 -1.07555 6.5 0.00459184 -0.0714695 -0.0697927 
qwerty 392 364 0 0.348219 2.83504 -1.76677 5.825 0.00459184 -0.0714695 -0.0697927 
qwerty 391 364 0 2.41737 2.57146 2.00746 7 0.0365302 -0.00397219 0.0930041 
qwerty 391 364 0 0.546818 3.75 3.69574 7.35199 0.055262 0.0825334 0.011591 
qwerty 391 364 0 0.546818 5.29001 5.99572 7.675 0.055262 0.0825334 0.011591 
qwerty 389 364 0 1.64787 2.34879 2.05001 6.325 0.0306213 0.00441675 0.0950938 
qwerty 389 364 0 1.28555 2.3982 2.07629 6.64377 0.0368969 0.0355681 0.0858693 
qwerty 389 364 0 1.28555 2.55127 2.22384 7 0.0368969 0.0355681 0.0858693 
qwerty 389 364 0 1.28555 2.84131 2.50344 7.675 0.0368969 0.0355681 0.0858693 
qwerty 389 364 0 1.28555 3.13135 2.78303 8.35 0.0368969 0.0355681 0.0858693 
qwerty 389 364 0 1.28555 3.42138 3.06262 9.025 0.0368969 0.0355681 0.0858693 
qwerty 389 364 0 1.28555 3.71142 3.34222 9.7 0.0368969 0.0355681 0.0858693 
qwerty 389 364 0 0.911212 4.1077 3.20094 10.375 0.0500508 -0.0200216 0.0842262 
qwerty 389 364 0 0.911212 4.50881 3.04048 11.05 0.0500508 -0.0200216 0.0842262 
qwerty 389 364 0 0.911212 4.90992 2.88003 11.725 0.0500508 -0.0200216 0.0842262 
qwerty 389 364 0 0.911212 5.31104 2.71957 12.4 0.0500508 -0.0200216 0.0842262 
qwerty 389 364 0 0.911212 5.71215 2.55911 13.075 0.0500508 -0.0200216 0.0842262 
qwerty 389 364 0 0.911212 6.11326 2.39866 13.75 0.0500508 -0.0200216 0.0842262 
qwerty 389 364 0 0.911212 6.25 2.34396 13.9801 0.0500508 -0.0200216 0.0842262 
qwerty 389 364 0 0.911212 6.51438 2.2382 14.425 0.0500508 -0.0200216 0.0842262 
qwerty 389 364 0 0.911212 6.91549 2.07775 15.1 0.0500508 -0.0200216 0.0842262 
qwerty 389 364 0 0.911212 7.3166 1.91729 15.775 0.0500508 -0.0200216 0.0842262 
qwerty 389 364 0 0.848761 7.89695 1.55889 16.45 0.0619189 -0.0401321 0.0674942 
qwerty 389 364 0 0.606825 8.34787 1.26663 16.9415 -0.00353222 -0.058283 0.0811826 
qwerty 389 364 0 0.606825 8.33989 1.13491 17.125 -0.00353222 -0.058283 0.0811826 
qwerty 389 364 0 0.606825 8.31052 0.650308 17.8 -0.00353222 -0.058283 0.0811826 
qwerty 389 364 0 0.606825 8.28115 0.165708 18.475 -0.00353222 -0.058283 0.0811826 
qwerty 430 389 0.241937 0 8.38238 1.26746 16.9466 0.0989138 0.00235993 0.0145083 
qwerty 427 389 0.282976 0 2.3792 2.05245 6.67639 -0.0425467 -0.0533902 0.0730703 
qwerty 388 364 0 0.455269 2.33537 2.17319 6.325 0.0267702 0.0257158 0.092855 
qwerty 386 364 0 0.0263672 2.12803 1.96 5.65 0.020163 0.0441453 0.0874337 
qwerty 385 361 0 0.504651 3.75 2.23205 7.60761 0.0816283 -0.0573349 -0.00703768 
qwerty 385 361 0 0.504651 6.25 0.476074 7.39207 0.0816283 -0.0573349 -0.00703768 
qwerty 385 361 0 0.504651 8.75 -1.2799 7.17653 0.0816283 -0.0573349 -0.00703768 
qwerty 385 361 0 0.504651 8.76769 -1.29233 7.175 0.0816283 -0.0573349 -0.00703768 
qwerty 384 361 0 0.510999 1.68485 3.75 7.98648 -0.0772807 0.0594767 0.0221407 
qwerty 384 361 0 0.510999 0.416012 4.72653 8.35 -0.0772807 0.0594767 0.0221407 
qwerty 381 365 0 8.59991 2.80552 2.4867 7.675 0.0637305 0.0399484 0.065898 
qwerty 381 365 0 8.59991 3.45831 2.8959 8.35 0.0637305 0.0399484 0.065898 
qwerty 381 365 0 8.59991 3.75 3.07874 8.65161 0.0637305 0.0399484 0.065898 
qwerty 381 365 0 8.59991 4.11111 3.30509 9.025 0.0637305 0.0399484 0.065898 
qwerty 381 365 0 8.59991 4.76391 3.71429 9.7 0.0637305 0.0399484 0.065898 
qwerty 381 365 0 8.59991 5.41671 4.12349 10.375 0.0637305 0.0399484 0.065898 
qwerty 380 365 0 2.0083 2.20773 2.07302 7 0.0213024 -0.0025847 0.0976705 
qwerty 380 365 0 0.541541 1.25 2.18583 7.6042 -0.08557 0.0100821 0.0507556 
qwerty 380 365 0 0.541541 1.13064 2.1999 7.675 -0.08557 0.0100821 0.0507556 
qwerty 380 365 0 0.439983 -0.332128 1.25 8.26646 -0.078909 -0.052709 0.0315456 
qwerty 380 365 0 0.439983 -0.541087 1.11042 8.35 -0.078909 -0.052709 0.0315456 
qwerty 380 365 0 0.190559 -0.219898 1.03969 9.025 0.0772895 0.0191786 0.0604857 
qwerty 378 365 0 4.70443 2.08146 2.07809 6.325 -0.00376518 0.029088 0.0956018 
qwerty 378 365 0 4.70443 2.05488 2.28346 7 -0.00376518 0.029088 0.0956018 
qwerty 378 365 0 4.70443 2.02829 2.48884 7.675 -0.00376518 0.029088 0.0956018 
qwerty 378 365 0 4.70443 2.00171 2.69422 8.35 -0.00376518 0.029088 0.0956018 
qwerty 378 365 0 4.70443 1.97513 2.89959 9.025 -0.00376518 0.029088 0.0956018 
qwerty 378 365 0 4.70443 1.94854 3.10497 9.7 -0.00376518 0.029088 0.0956018 
qwerty 378 365 0 4.70443 1.92196 3.31035 10.375 -0.00376518 0.029088 0.0956018 
qwerty 378 365 0 4.70443 1.89537 3.51572 11.05 -0.00376518 0.029088 0.0956018 
qwerty 378 365 0 4.70443 1.86879 3.7211 11.725 -0.00376518 0.029088 0.0956018 
qwerty 378 365 0 4.70443 1.84221 3.92648 12.4 -0.00376518 0.029088 0.0956018 
qwerty 378 365 0 4.70443 1.81562 4.13185 13.075 -0.00376518 0.029088 0.0956018 
qwerty 378 365 0 4.70443 1.78904 4.33723 13.75 -0.00376518 0.029088 0.0956018 
qwerty 378 365 0 4.70443 1.76245 4.54261 14.425 -0.00376518 0.029088 0.0956018 
qwerty 378 365 0 4.70443 1.73587 4.74798 15.1 -0.00376518 0.029088 0.0956018 
qwerty 378 365 0 4.70443 1.70928 4.95336 15.775 -0.00376518 0.029088 0.0956018 
qwerty 378 365 0 4.70443 1.6827 5.15874 16.45 -0.00376518 0.029088 0.0956018 
qwerty 378 365 0 4.70443 1.65612 5.36411 17.125 -0.00376518 0.029088 0.0956018 
qwerty 378 365 0 4.70443 1.62953 5.56949 17.8 -0.00376518 0.029088 0.0956018 
qwerty 378 365 0 4.70443 1.60295 5.77487 18.475 -0.00376518 0.029088 0.0956018 
qwerty 378 365 0 4.70443 1.57636 5.98024 19.15 -0.00376518 0.029088 0.0956018 
qwerty 378 365 0 4.70443 1.54978 6.18562 19.825 -0.00376518 0.029088 0.0956018 
qwerty 378 365 0 4.70443 1.54145 6.25 20.0366 -0.00376518 0.029088 0.0956018 
qwerty 378 365 0 4.70443 1.52319 6.391 20.5 -0.00376518 0.029088 0.0956018 
qwerty 378 365 0 4.70443 1.49661 6.59637 21.175 -0.00376518 0.029088 0.0956018 
qwerty 378 365 0 4.70443 1.47003 6.80175 21.85 -0.00376518 0.029088 0.0956018 
qwerty 378 365 0 4.70443 1.44344 7.00713 22.525 -0.00376518 0.029088 0.0956018 
qwerty 378 365 0 4.70443 1.41686 7.2125 23.2 -0.00376518 0.029088 0.0956018 
qwerty 378 365 0 4.70443 1.39027 7.41788 23.875 -0.00376518 0.029088 0.0956018 
qwerty 378 365 0 4.70443 1.36369 7.62326 24.55 -0.00376518 0.029088 0.0956018 
qwerty 378 365 0 4.70443 1.33711 7.82863 25.225 -0.00376518 0.029088 0.0956018 
qwerty 378 365 0 4.70443 1.31052 8.03401 25.9 -0.00376518 0.029088 0.0956018 
qwerty 378 365 0 4.70443 1.28394 8.23939 26.575 -0.00376518 0.029088 0.0956018 
qwerty 378 365 0 4.70443 1.25735 8.44476 27.25 -0.00376518 0.029088 0.0956018 
qwerty 376 365 0 17.089 2.06975 1.88383 5.65 0.00893063 0.0409867 0.0907763 
qwerty 376 365 0 17.089 2.13616 2.1886 6.325 0.00893063 0.0409867 0.0907763 
qwerty 376 365 0 17.089 2.20256 2.49337 7 0.00893063 0.0409867 0.0907763 
qwerty 376 365 0 17.089 2.26897 2.79814 7.675 0.00893063 0.0409867 0.0907763 
qwerty 376 365 0 17.089 2.33538 3.10291 8.35 0.00893063 0.0409867 0.0907763 
qwerty 376 365 0 17.089 2.40178 3.40768 9.025 0.00893063 0.0409867 0.0907763 
qwerty 376 365 0 17.089 2.46819 3.71245 9.7 0.00893063 0.0409867 0.0907763 
qwerty 376 365 0 17.089 2.5346 4.01722 10.375 0.00893063 0.0409867 0.0907763 
qwerty 376 365 0 17.089 2.601 4.322 11.05 0.00893063 0.0409867 0.0907763 
qwerty 376 365 0 17.089 2.66741 4.62677 11.725 0.00893063 0.0409867 0.0907763 
qwerty 376 365 0 17.089 2.73382 4.93154 12.4 0.00893063 0.0409867 0.0907763 
qwerty 376 365 0 17.089 2.80022 5.23631 13.075 0.00893063 0.0409867 0.0907763 
qwerty 376 365 0 17.089 2.86663 5.54108 13.75 0.00893063 0.0409867 0.0907763 
qwerty 376 365 0 17.089 2.93304 5.84585 14.425 0.00893063 0.0409867 0.0907763 
qwerty 376 365 0 17.089 2.99945 6.15062 15.1 0.00893063 0.0409867 0.0907763 
qwerty 376 365 0 17.089 3.06585 6.4554 15.775 0.00893063 0.0409867 0.0907763 
qwerty 376 365 0 17.089 3.13226 6.76017 16.45 0.00893063 0.0409867 0.0907763 
qwerty 376 365 0 17.089 3.19867 7.06494 17.125 0.00893063 0.0409867 0.0907763 
qwerty 376 365 0 17.089 3.26507 7.36971 17.8 0.00893063 0.0409867 0.0907763 
qwerty 376 365 0 17.089 3.33148 7.67448 18.475 0.00893063 0.0409867 0.0907763 
qwerty 376 365 0 17.089 3.39789 7.97925 19.15 0.00893063 0.0409867 0.0907763 
qwerty 376 365 0 17.089 3.46429 8.28402 19.825 0.00893063 0.0409867 0.0907763 
qwerty 376 365 0 17.089 3.5307 8.5888 20.5 0.00893063 0.0409867 0.0907763 
qwerty 376 365 0 17.089 3.59711 8.89357 21.175 0.00893063 0.0409867 0.0907763 
qwerty 376 365 0 17.089 3.66352 9.19834 21.85 0.00893063 0.0409867 0.0907763 
qwerty 376 365 0 17.089 3.72992 9.50311 22.525 0.00893063 0.0409867 0.0907763 
qwerty 376 365 0 17.089 3.79633 9.80788 23.2 0.00893063 0.0409867 0.0907763 
qwerty 376 365 0 17.089 3.86274 10.1127 23.875 0.00893063 0.0409867 0.0907763 
qwerty 376 365 0 17.089 3.92914 10.4174 24.55 0.00893063 0.0409867 0.0907763 
qwerty 376 365 0 17.089 3.99555 10.7222 25.225 0.00893063 0.0409867 0.0907763 
qwerty 376 365 0 17.089 4.06196 11.027 25.9 0.00893063 0.0409867 0.0907763 
qwerty 376 365 0 17.089 4.12836 11.3317 26.575 0.00893063 0.0409867 0.0907763 
qwerty 376 365 0 17.089 4.19477 11.6365 27.25 0.00893063 0.0409867 0.0907763 
qwerty 376 365 0 17.089 4.26118 11.9413 27.925 0.00893063 0.0409867 0.0907763 
qwerty 376 365 0 17.089 4.32758 12.2461 28.6 0.00893063 0.0409867 0.0907763 
qwerty 376 365 0 17.089 4.39399 12.5508 29.275 0.00893063 0.0409867 0.0907763 
qwerty 376 365 0 17.089 4.4604 12.8556 29.95 0.00893063 0.0409867 0.0907763 
qwerty 376 365 0 4.31088 4.3545 13.47 30.625 -0.0141633 0.0696531 0.0703409 
qwerty 376 365 0 4.31088 4.29758 13.75 30.9077 -0.0141633 0.0696531 0.0703409 
qwerty 376 365 0 4.31088 4.21859 14.1384 31.3 -0.0141633 0.0696531 0.0703409 
qwerty 376 365 0 4.31088 4.08268 14.8068 31.975 -0.0141633 0.0696531 0.0703409 
qwerty 376 365 0 4.31088 3.94677 15.4752 32.65 -0.0141633 0.0696531 0.0703409 
qwerty 376 365 0 4.31088 3.81085 16.1436 33.325 -0.0141633 0.0696531 0.0703409 
qwerty 376 365 0 4.31088 3.67494 16.812 34 -0.0141633 0.0696531 0.0703409 
qwerty 376 365 0 4.31088 3.53903 17.4804 34.675 -0.0141633 0.0696531 0.0703409 
qwerty 376 365 0 4.31088 3.40312 18.1488 35.35 -0.0141633 0.0696531 0.0703409 
qwerty 376 365 0 4.31088 3.2672 18.8172 36.025 -0.0141633 0.0696531 0.0703409 
qwerty 376 365 0 4.31088 3.13129 19.4856 36.7 -0.0141633 0.0696531 0.0703409 
qwerty 376 365 0 4.31088 2.99538 20.154 37.375 -0.0141633 0.0696531 0.0703409 
qwerty 376 365 0 4.31088 2.85947 20.8224 38.05 -0.0141633 0.0696531 0.0703409 
qwerty 376 365 0 4.31088 2.72355 21.4908 38.725 -0.0141633 0.0696531 0.0703409 
qwerty 376 365 0 4.31088 2.58764 22.1592 39.4 -0.0141633 0.0696531 0.0703409 
qwerty 376 365 0 4.31088 2.45173 22.8276 40.075 -0.0141633 0.0696531 0.0703409 
qwerty 441 381 0.113437 4.80589 5.49994 4.30749 10.5823 -0.0648047 0.0699587 0.0301019 
qwerty 441 381 1.16359 3.6423 5.10774 4.73704 10.9508 -0.0626174 0.067323 0.0393279 
qwerty 441 381 0.660877 2.98142 4.94977 4.90689 11.05 -0.0538661 0.0826901 0.016149 
qwerty 441 381 0.0656182 2.59343 4.9279 4.96174 11.0364 -0.0221548 0.0777891 -0.0588049 
qwerty 441 381 0.749529 1.8439 4.70942 5.22155 10.7827 -0.0522843 0.0631467 -0.0572611 
qwerty 441 381 0.59978 1.24412 4.57915 5.39895 10.562 -0.0080699 0.0659394 -0.0747454 
qwerty 441 381 0.0214848 1.22264 4.57786 5.40951 10.55 -0.0212733 0.0561712 -0.0799515 
qwerty 441 381 0.317883 0.809738 4.483 5.4131 10.6562 -0.030153 0.00115727 0.0953387 
qwerty 441 381 0.268688 0.54105 4.429 5.3632 10.7626 -0.0755344 -0.0255234 0.0603582 
qwerty 441 381 0.222567 0.318483 4.37257 5.32252 10.8406 -0.038212 0.0474173 0.0793186 
qwerty 441 381 0.318483 0 4.35212 5.34789 10.883 -0.038212 0.0474173 0.0793186 
qwerty 441 381 0 0 4.35212 5.34789 10.883 -0.038212 0.0474173 0.0793186 
qwerty 456 441 0.026521 0.355857 5.49784 4.30541 10.5979 0.015557 -0.0193204 0.0968747 
qwerty 456 441 0.0569912 0.298865 5.49763 4.2894 10.624 0.0351552 -0.0280632 0.0893116 
qwerty 456 441 0.125622 0.173243 5.53476 4.28944 10.6515 0.0157488 -0.00811304 0.0984183 
qwerty 456 441 0.173243 0 5.53796 4.28779 10.6715 0.0157488 -0.00811304 0.0984183 
qwerty 452 376 0.773325 8.95583 4.69 13.2593 30.5449 0.0200947 0.0349898 0.0914982 
qwerty 452 376 0.142388 8.81344 4.70759 13.29 30.625 0.0219335 0.0391171 0.0893799 
qwerty 452 376 0.457957 1.31706 5.18087 13.2129 30.8406 0.0815054 -0.0578603 0.00301025 
qwerty 452 376 0.417646 0.899416 5.34646 13.0388 30.8379 0.0242551 -0.0946847 0.0211306 
qwerty 452 376 0.484888 0.414528 5.46029 12.8873 30.8601 -0.040153 0.0906621 0.0129664 
qwerty 452 376 0.351604 0.0629233 5.36542 12.9304 30.8774 -0.0424852 0.0162607 0.0890539 
qwerty 452 376 0.0629233 0 5.36389 12.931 30.8806 -0.0424852 0.0162607 0.0890539 
qwerty 467 452 0 0.396492 4.48962 12.0607 30.125 -0.0390586 -0.0837173 -0.0382863 
qwerty 467 452 0 0.396492 4.11137 11.25 29.7542 -0.0390586 -0.0837173 -0.0382863 
qwerty 467 452 0 0.396492 3.80101 10.5848 29.45 -0.0390586 -0.0837173 -0.0382863 
qwerty 466 452 0 0.558064 5.17263 13.6714 31.3 0.0554293 0.0405295 0.0726977 
qwerty 466 452 0 0.558064 5.68729 14.0477 31.975 0.0554293 0.0405295 0.0726977 
qwerty 466 452 0 0.555448 6.28413 14.4056 32.65 0.062732 0.0361704 0.0689666 
qwerty 464 452 0 0.0261092 4.70757 13.2807 30.625 0.0207319 0.0251802 0.0945312 
qwerty 460 441 0 0.510999 4.32079 5.16167 11.05 -0.0124276 -0.0738751 0.0662421 
qwerty 460 441 0 0.510999 4.19416 4.4089 11.725 -0.0124276 -0.0738751 0.0662421 
qwerty 460 441 0 0.510999 4.08331 3.75 12.3158 -0.0124276 -0.0738751 0.0662421 
qwerty 460 441 0 0.510999 4.06752 3.65612 12.4 -0.0124276 -0.0738751 0.0662421 
qwerty 459 441 0 0.510999 4.4146 5.71929 10.55 0.0124276 0.0738751 -0.0662421 
qwerty 459 441 0 0.212643 4.52288 6.363 9.9728 0.0614424 -0.0776129 -0.0141797 
qwerty 459 441 0 0.212643 4.94667 5.82768 9.875 0.0614424 -0.0776129 -0.0141797 
qwerty 483 459 0.298356 0 4.5177 6.4049 9.94898 -0.0106985 0.0864409 -0.0491274 
qwerty 458 441 0.00029101 0 4.92029 4.9876 11.0187 -0.0235843 0.0801584 -0.0549401 
qwerty 485 458 0.00319116 0 4.92027 4.98759 11.0187 -0.0873402 -0.0158818 -0.0460376 
qwerty 455 441 0 0.390941 5.87963 5.11759 11.05 0.0299266 0.0825565 0.0478417 
qwerty 454 450 0 0.240948 1.25 8.333 27.4884 0.055326 0.0178536 0.0813651 
qwerty 454 450 0 0.240948 1.54688 8.4288 27.925 0.055326 0.0178536 0.0813651 
qwerty 453 450 0 0.510999 1.93595 11.0635 26.75 0.0251321 0.0940471 -0.0228807 
