qwerty 1 0 0 200 0 0 -0.24999 0 0 0.1 
qwerty 3 1 0 151.514 0.148543 -0.197419 0.25 0.0266349 -0.0353987 0.0896522 
qwerty 3 1 0 151.514 0.34908 -0.463939 0.925 0.0266349 -0.0353987 0.0896522 
qwerty 3 1 0 151.514 0.549617 -0.73046 1.6 0.0266349 -0.0353987 0.0896522 
qwerty 3 1 0 151.514 0.750154 -0.99698 2.275 0.0266349 -0.0353987 0.0896522 
qwerty 3 1 0 151.514 0.940533 -1.25 2.91581 0.0266349 -0.0353987 0.0896522 
qwerty 3 1 0 151.514 0.950691 -1.2635 2.95 0.0266349 -0.0353987 0.0896522 
qwerty 3 1 0 151.514 1.15123 -1.53002 3.625 0.0266349 -0.0353987 0.0896522 
qwerty 4 3 0.815568 98.6262 1.34955 -1.76982 4.3 0.0251433 -0.0316099 0.0914802 
qwerty 4 3 1.13885 93.7252 1.51884 -2.06907 4.975 0.0220299 -0.0367549 0.0903535 
qwerty 4 3 1.0869 82.5155 1.69103 -2.2785 5.65 0.0242054 -0.0292875 0.0925005 
qwerty 4 3 1.00996 79.1241 1.89015 -2.62556 6.325 0.0224534 -0.0430584 0.0874175 
qwerty 4 3 0.899826 52.9837 2.06306 -2.85361 7 0.0271121 -0.0280125 0.0920882 
qwerty 4 3 0.948238 44.5278 2.36632 -3.0401 7.675 0.0429486 -0.0275882 0.0859901 
qwerty 4 3 1.05426 32.3981 2.53985 -3.27549 8.274 0.0133831 -0.0340905 0.0930523 
qwerty 4 3 0.102174 32.2959 2.55078 -3.30333 8.35 0.012456 -0.0350877 0.09281 
qwerty 4 3 0.495133 21.9878 2.75937 -3.17219 8.59775 0.075497 0.0642578 0.0130817 
qwerty 4 3 2.09825 19.8895 3.75 -2.32903 8.7694 0.0672743 0.0710387 0.0206803 
qwerty 4 3 0.911538 14.4368 4.10602 -1.91648 8.90043 0.0614483 0.0750495 0.0243243 
qwerty 4 3 0.854654 13.5821 4.4207 -1.53215 9.025 0.0721418 0.0671215 0.0170372 
qwerty 21 4 0.0711129 0.575652 2.56177 -3.30865 8.29336 0.0602718 -0.0419783 0.0678611 
qwerty 21 4 0.0746987 0.500954 2.57271 -3.32695 8.32069 0.0377391 -0.0702357 0.0603549 
qwerty 21 4 0.0561757 0.444778 2.58317 -3.34887 8.33741 0.00178266 -0.0894944 0.0445823 
qwerty 21 4 0.0841737 0.360604 2.58368 -3.37415 8.35 0.0401168 -0.0424532 0.0811687 
qwerty 21 4 0.0177356 0.290841 2.58632 -3.36808 8.3473 0.0160972 0.0863035 -0.0478809 
qwerty 21 4 0.00822635 0.282615 2.58806 -3.36394 8.34455 0.0434409 0.0851007 -0.0295087 
qwerty 21 4 0.0101274 0.272487 2.5907 -3.35973 8.3427 0.0323431 0.0901243 -0.0288362 
qwerty 21 4 0.0119389 0.260548 2.5932 -3.35545 8.34032 0.0460816 0.0839463 -0.0288011 
qwerty 21 4 0.0124075 0.248141 2.59622 -3.35147 8.33846 0.0270792 0.0916241 -0.0295252 
qwerty 21 4 0.0723676 0.175773 2.59886 -3.34595 8.33704 0.0594069 0.0781159 -0.0192023 
qwerty 21 4 0.0225741 0.153199 2.60488 -3.34034 8.33817 0.0953575 0.0297104 -0.00492388 
qwerty 21 4 0.0189967 0.134203 2.61006 -3.33718 8.33602 0.0833706 0.0395261 -0.038562 
qwerty 21 4 0.025899 0.108304 2.61718 -3.33792 8.33265 0.0930388 0.0282576 -0.0233516 
qwerty 21 4 0.0327662 0.0755374 2.62418 -3.33506 8.33561 0.0177726 0.0961283 0.021059 
qwerty 21 4 0.0755374 0 2.62507 -3.33028 8.33666 0.0177726 0.0961283 0.021059 
qwerty 29 4 0 2.19263 2.14558 -3.75 9.43358 -0.0742198 -0.0663263 0.00960421 
qwerty 29 4 0 2.19263 0.0867209 -5.58989 9.7 -0.0742198 -0.0663263 0.00960421 
qwerty 28 4 0 0.495322 6.25 -1.34361 8.81493 0.0985387 0.00914538 -0.0143697 
qwerty 28 4 0 0.495322 8.23814 -1.15909 8.525 0.0985387 0.00914538 -0.0143697 
qwerty 25 4 0 4.54121 4.42624 -1.52471 9.025 0.0614514 0.0751816 0.0239049 
qwerty 25 4 0 4.54121 6.16143 0.598178 9.7 0.0614514 0.0751816 0.0239049 
qwerty 24 4 0.00029101 0 3.22742 -2.76264 8.69611 0.0743338 0.0650422 0.0156205 
qwerty 42 24 0.00856462 0 3.22739 -2.76255 8.69616 -0.031564 0.0818437 0.0480138 
qwerty 23 4 0 2.21362 2.50582 -3.55972 9.025 -0.00781156 -0.0350654 0.0933242 
qwerty 23 4 0 2.21362 2.46343 -3.75 9.53142 -0.00781156 -0.0350654 0.0933242 
qwerty 23 4 0 2.21362 2.44932 -3.81334 9.7 -0.00781156 -0.0350654 0.0933242 
qwerty 23 4 0 2.21362 2.39282 -4.06696 10.375 -0.00781156 -0.0350654 0.0933242 
qwerty 22 4 0 4.8045 2.55118 -3.61268 9.025 -0.000418937 -0.0414863 0.0909874 
qwerty 22 4 0 4.8045 2.54979 -3.75 9.32617 -0.000418937 -0.0414863 0.0909874 
qwerty 22 4 0 4.8045 2.54807 -3.92045 9.7 -0.000418937 -0.0414863 0.0909874 
qwerty 22 4 0 4.8045 2.54497 -4.22822 10.375 -0.000418937 -0.0414863 0.0909874 
qwerty 22 4 0 0.357799 1.89286 -4.29326 10.2308 -0.0937141 0.0326031 -0.0124381 
qwerty 22 4 0 0.357799 1.25 -4.06961 10.1455 -0.0937141 0.0326031 -0.0124381 
qwerty 22 4 0 0.357799 -0.787813 -3.36065 9.875 -0.0937141 0.0326031 -0.0124381 
qwerty 48 22 0.0235556 0 1.89274 -4.29382 10.2305 -0.0185445 -0.0889491 -0.0417631 
qwerty 20 4 0 7.87526 2.70828 -3.21397 8.35 0.0441965 -0.0226405 0.0867991 
qwerty 20 4 0 7.87526 3.05198 -3.39003 9.025 0.0441965 -0.0226405 0.0867991 
qwerty 20 4 0 7.87526 3.39568 -3.5661 9.7 0.0441965 -0.0226405 0.0867991 
qwerty 20 4 0 7.87526 3.73938 -3.74216 10.375 0.0441965 -0.0226405 0.0867991 
qwerty 20 4 0 7.87526 4.08307 -3.91823 11.05 0.0441965 -0.0226405 0.0867991 
qwerty 20 4 0 7.87526 4.42677 -4.0943 11.725 0.0441965 -0.0226405 0.0867991 
qwerty 20 4 0 7.87526 4.77047 -4.27036 12.4 0.0441965 -0.0226405 0.0867991 
qwerty 20 4 0 7.87526 5.11417 -4.44643 13.075 0.0441965 -0.0226405 0.0867991 
qwerty 20 4 0 7.87526 5.45787 -4.62249 13.75 0.0441965 -0.0226405 0.0867991 
qwerty 20 4 0 7.87526 5.80156 -4.79856 14.425 0.0441965 -0.0226405 0.0867991 
qwerty 20 4 0 7.87526 6.14526 -4.97462 15.1 0.0441965 -0.0226405 0.0867991 
qwerty 20 4 0 7.87526 6.25 -5.02828 15.3057 0.0441965 -0.0226405 0.0867991 
qwerty 20 4 0 7.87526 6.48896 -5.15069 15.775 0.0441965 -0.0226405 0.0867991 
qwerty 20 4 0 7.87526 6.83266 -5.32675 16.45 0.0441965 -0.0226405 0.0867991 
qwerty 20 4 0 7.87526 7.17636 -5.50282 17.125 0.0441965 -0.0226405 0.0867991 
qwerty 20 4 0 7.87526 7.52005 -5.67889 17.8 0.0441965 -0.0226405 0.0867991 
qwerty 20 4 0 0.583987 7.56536 -4.45486 18.475 0.00116814 0.0894853 0.0446208 
qwerty 57 20 0.2949 4.96191 7.60522 -5.68375 18.1977 -0.000556722 0.0143542 0.0989629 
qwerty 57 20 0.0511727 4.90719 7.6053 -5.67947 18.2252 -0.00527515 0.00727906 0.0995951 
qwerty 57 20 0.427209 4.47998 7.59207 -5.66122 18.475 0.0246097 -0.00828232 0.09657 
qwerty 62 57 0.00029101 0 7.60669 -5.67711 18.2497 0.00565651 0.00961394 0.0993759 
qwerty 63 62 0.00325762 0 7.60667 -5.67712 18.2497 -0.0890704 -0.0445413 0.009085 
qwerty 61 57 0 0.164101 7.61233 -5.62763 18.475 0.00251105 0.0198283 0.0979823 
qwerty 19 4 0 3.83999 2.22166 -3.07627 7.675 0.0191475 -0.0327486 0.0925252 
qwerty 18 4 0 1.13985 2.26446 -3.03242 7.675 0.0269135 -0.0245755 0.093122 
qwerty 18 4 0 1.13985 2.45955 -3.21056 8.35 0.0269135 -0.0245755 0.093122 
qwerty 18 4 0 1.13985 2.65463 -3.38869 9.025 0.0269135 -0.0245755 0.093122 
qwerty 18 4 0 1.13985 2.84972 -3.56683 9.7 0.0269135 -0.0245755 0.093122 
qwerty 18 4 0 1.13985 3.0448 -3.74497 10.375 0.0269135 -0.0245755 0.093122 
qwerty 18 4 0 1.13985 3.23988 -3.9231 11.05 0.0269135 -0.0245755 0.093122 
qwerty 18 4 0 1.13985 3.43497 -4.10124 11.725 0.0269135 -0.0245755 0.093122 
qwerty 18 4 0 1.13985 3.63005 -4.27938 12.4 0.0269135 -0.0245755 0.093122 
qwerty 18 4 0 1.13985 3.75 -4.38891 12.815 0.0269135 -0.0245755 0.093122 
qwerty 18 4 0 1.13985 3.82514 -4.45751 13.075 0.0269135 -0.0245755 0.093122 
qwerty 18 4 0 1.13985 4.02022 -4.63565 13.75 0.0269135 -0.0245755 0.093122 
qwerty 18 4 0 1.13985 4.2153 -4.81379 14.425 0.0269135 -0.0245755 0.093122 
qwerty 18 4 0 1.13985 4.41039 -4.99192 15.1 0.0269135 -0.0245755 0.093122 
qwerty 18 4 0 1.13985 4.60547 -5.17006 15.775 0.0269135 -0.0245755 0.093122 
qwerty 18 4 0 1.13985 4.80055 -5.3482 16.45 0.0269135 -0.0245755 0.093122 
qwerty 18 4 0 1.13985 4.99564 -5.52633 17.125 0.0269135 -0.0245755 0.093122 
qwerty 18 4 0 0.623192 5.20628 -5.57291 17.3264 0.0693498 -0.0450535 0.0562209 
qwerty 18 4 0 0.623192 5.79054 -5.95247 17.8 0.0693498 -0.0450535 0.0562209 
qwerty 18 4 0 0.241574 6.31882 -5.10814 17.3 0.0446826 0.0765474 -0.0463029 
qwerty 69 18 0.0683317 0 5.20886 -5.56964 17.3261 0.0618556 0.0783834 -0.00547022 
qwerty 16 4 0 1.79328 2.01938 -2.89194 7 0.0156489 -0.0348342 0.0924213 
qwerty 16 4 0 1.79328 2.13368 -3.14635 7.675 0.0156489 -0.0348342 0.0924213 
qwerty 16 4 0 1.79328 2.24797 -3.40076 8.35 0.0156489 -0.0348342 0.0924213 
qwerty 16 4 0 1.79328 2.36226 -3.65518 9.025 0.0156489 -0.0348342 0.0924213 
qwerty 16 4 0 1.79328 2.40486 -3.75 9.27659 0.0156489 -0.0348342 0.0924213 
qwerty 16 4 0 1.79328 2.47655 -3.90959 9.7 0.0156489 -0.0348342 0.0924213 
qwerty 16 4 0 1.79328 2.59084 -4.164 10.375 0.0156489 -0.0348342 0.0924213 
qwerty 16 4 0 1.79328 2.70514 -4.41841 11.05 0.0156489 -0.0348342 0.0924213 
qwerty 16 4 0 1.79328 2.81943 -4.67282 11.725 0.0156489 -0.0348342 0.0924213 
qwerty 16 4 0 1.79328 2.93372 -4.92724 12.4 0.0156489 -0.0348342 0.0924213 
qwerty 16 4 0 1.79328 3.04801 -5.18165 13.075 0.0156489 -0.0348342 0.0924213 
qwerty 16 4 0 1.79328 3.16231 -5.43606 13.75 0.0156489 -0.0348342 0.0924213 
qwerty 73 16 0.144818 0.973665 3.23665 -5.55841 14.0023 -0.0134723 -0.0127393 0.098266 
qwerty 73 16 0.253496 0.720169 3.24182 -5.58977 14.1116 0.0197646 -0.0664414 0.0720756 
qwerty 73 16 0.221551 0.498617 3.24833 -5.63642 14.1973 -0.0650528 -0.0153474 0.0743814 
qwerty 73 16 0.347572 0.151046 3.18282 -5.65187 14.2722 8.87571e-05 -0.0827721 -0.0561139 
qwerty 73 16 0.151046 0 3.18284 -5.66529 14.2631 8.87571e-05 -0.0827721 -0.0561139 
qwerty 15 4 0 21.1822 2.01891 -2.96262 7 0.0147692 -0.0444721 0.0883408 
qwerty 15 4 0 21.1822 2.13176 -3.30243 7.675 0.0147692 -0.0444721 0.0883408 
qwerty 15 4 0 21.1822 2.24461 -3.64223 8.35 0.0147692 -0.0444721 0.0883408 
qwerty 15 4 0 1.63039 2.26795 -3.46751 9.025 0.00232385 0.030246 0.0952879 
qwerty 15 4 0 1.63039 2.28441 -3.25326 9.7 0.00232385 0.030246 0.0952879 
qwerty 15 4 0 0.274929 2.23861 -3.75 9.63033 -0.00878548 -0.0960159 -0.0265284 
qwerty 15 4 0 0.274929 2.0961 -5.30752 9.2 -0.00878548 -0.0960159 -0.0265284 
qwerty 78 75 0 15.5581 2.4138 -4.03149 9.025 0.022119 -0.0484606 0.0846305 
qwerty 78 75 0 15.5581 2.59022 -4.418 9.7 0.022119 -0.0484606 0.0846305 
qwerty 78 75 0 15.5581 2.76664 -4.80451 10.375 0.022119 -0.0484606 0.0846305 
qwerty 78 75 0 15.5581 2.94306 -5.19103 11.05 0.022119 -0.0484606 0.0846305 
qwerty 78 75 0 15.5581 3.11947 -5.57754 11.725 0.022119 -0.0484606 0.0846305 
qwerty 78 75 0 15.5581 3.29589 -5.96406 12.4 0.022119 -0.0484606 0.0846305 
qwerty 78 75 0 15.5581 3.47231 -6.35057 13.075 0.022119 -0.0484606 0.0846305 
qwerty 78 75 0 15.5581 3.64873 -6.73708 13.75 0.022119 -0.0484606 0.0846305 
qwerty 78 75 0 15.5581 3.75 -6.95896 14.1375 0.022119 -0.0484606 0.0846305 
qwerty 78 75 0 15.5581 3.82514 -7.1236 14.425 0.022119 -0.0484606 0.0846305 
qwerty 78 75 0 15.5581 4.00156 -7.51011 15.1 0.022119 -0.0484606 0.0846305 
qwerty 78 75 0 15.5581 4.17798 -7.89663 15.775 0.022119 -0.0484606 0.0846305 
qwerty 78 75 0 15.5581 4.3544 -8.28314 16.45 0.022119 -0.0484606 0.0846305 
qwerty 78 75 0 15.5581 4.53081 -8.66965 17.125 0.022119 -0.0484606 0.0846305 
qwerty 78 75 0 15.5581 4.70723 -9.05617 17.8 0.022119 -0.0484606 0.0846305 
qwerty 14 4 0 0.107181 1.86783 -2.60123 6.325 0.0209834 -0.043763 0.0874328 
qwerty 13 4 0 7.83698 1.69957 -2.28599 5.65 0.0241215 -0.0293303 0.0925088 
qwerty 13 4 0 7.83698 1.87558 -2.50001 6.325 0.0241215 -0.0293303 0.0925088 
qwerty 13 4 0 7.83698 2.05158 -2.71402 7 0.0241215 -0.0293303 0.0925088 
qwerty 13 4 0 7.83698 2.22759 -2.92803 7.675 0.0241215 -0.0293303 0.0925088 
qwerty 13 4 0 7.83698 2.40359 -3.14204 8.35 0.0241215 -0.0293303 0.0925088 
qwerty 84 82 0 0.621057 1.67725 -2.78887 9.025 -0.0745987 0.0400011 0.0532442 
qwerty 12 4 0 0.433204 1.52808 -2.07661 4.975 0.0219006 -0.0411434 0.0884736 
qwerty 12 4 0 0.433204 1.69517 -2.39051 5.65 0.0219006 -0.0411434 0.0884736 
qwerty 12 4 0 0.433204 1.86226 -2.70441 6.325 0.0219006 -0.0411434 0.0884736 
qwerty 12 4 0 0.433204 2.02935 -3.01831 7 0.0219006 -0.0411434 0.0884736 
qwerty 12 4 0 0.433204 2.19643 -3.33221 7.675 0.0219006 -0.0411434 0.0884736 
qwerty 11 4 0 0.458306 1.52334 -2.07883 4.975 0.0211388 -0.0415151 0.0884853 
qwerty 11 4 0 0.314243 0.901836 -2.48088 5.65 -0.074509 -0.0359468 0.0561804 
qwerty 88 11 0.00327574 0.137278 1.56629 -2.16065 5.15104 0.0596287 0.0386215 0.0703761 
qwerty 88 11 0.00316698 0.134111 1.56694 -2.16014 5.15195 0.0685826 0.0414265 0.0598354 
qwerty 88 11 0.00607832 0.128033 1.56795 -2.15938 5.15291 0.0669252 0.0312037 0.067434 
qwerty 88 11 0.00769193 0.120341 1.56918 -2.15924 5.15432 -0.032274 0.0175153 0.093014 
qwerty 88 11 0.00722437 0.113116 1.5685 -2.15844 5.15647 -0.0349078 -0.0260674 0.0900108 
qwerty 88 11 0.0204657 0.0926507 1.56855 -2.15953 5.16006 0.0253516 0.074065 0.0622228 
qwerty 88 11 0.0239391 0.0687115 1.56992 -2.15536 5.16198 -0.0374094 0.0742336 0.055587 
qwerty 88 11 0.0687115 0 1.56834 -2.15223 5.16432 -0.0374094 0.0742336 0.055587 
qwerty 9 4 0 21.3258 1.36224 -1.78214 4.3 0.0284453 -0.0332658 0.0899124 
qwerty 9 4 0 21.3258 1.57579 -2.03187 4.975 0.0284453 -0.0332658 0.0899124 
qwerty 9 4 0 0.823292 1.01052 -2.23904 5.65 -0.0761292 -0.0178265 0.0623423 
qwerty 9 4 0 0.823292 0.186244 -2.43205 6.325 -0.0761292 -0.0178265 0.0623423 
qwerty 9 4 0 0.823292 -0.638031 -2.62507 7 -0.0761292 -0.0178265 0.0623423 
qwerty 9 4 0 0.823292 -1.25 -2.76837 7.50114 -0.0761292 -0.0178265 0.0623423 
qwerty 9 4 0 0.823292 -1.46231 -2.81808 7.675 -0.0761292 -0.0178265 0.0623423 
qwerty 9 4 0 0.823292 -2.28658 -3.01109 8.35 -0.0761292 -0.0178265 0.0623423 
qwerty 9 4 0 0.823292 -3.11086 -3.20411 9.025 -0.0761292 -0.0178265 0.0623423 
qwerty 92 9 0.985261 19.4545 1.78695 -2.32839 5.65 0.0433135 -0.0466565 0.0771176 
qwerty 92 9 0.95922 2.74565 2.22086 -2.85007 5.21536 0.0442489 -0.0184931 -0.0877499 
qwerty 92 9 0.109136 2.63651 2.25382 -2.86384 5.15 0.0416827 -0.0104299 -0.0902982 
qwerty 100 92 0 0.60995 1.84406 -2.8602 5.65 -0.0644116 -0.000946838 0.0764869 
qwerty 100 92 0 0.60995 1.27562 -2.86856 6.325 -0.0644116 -0.000946838 0.0764869 
qwerty 100 92 0 0.60995 0.707185 -2.87691 7 -0.0644116 -0.000946838 0.0764869 
qwerty 98 92 0 2.35253 1.57319 -3.75 5.34596 -0.0333028 -0.0896597 -0.02919 
qwerty 98 92 0 2.35253 1.34962 -4.35191 5.15 -0.0333028 -0.0896597 -0.02919 
qwerty 98 92 0 2.35253 0.579513 -6.42523 4.475 -0.0333028 -0.0896597 -0.02919 
qwerty 8 4 0 1.69061 1.35343 -1.78 4.3 0.0271523 -0.0330887 0.0903764 
qwerty 8 4 0 1.69061 1.55623 -2.02714 4.975 0.0271523 -0.0330887 0.0903764 
qwerty 8 4 0 1.2568 1.45942 -2.22562 5.65 -0.0179381 -0.0270984 0.0945722 
qwerty 8 4 0 1.2568 1.33139 -2.41903 6.325 -0.0179381 -0.0270984 0.0945722 
qwerty 8 4 0 1.2568 1.20336 -2.61244 7 -0.0179381 -0.0270984 0.0945722 
qwerty 113 111 0 0.208992 2.8443 -3.75 6.81698 0.0817923 -0.0566615 -0.00997412 
qwerty 113 111 0 0.128684 5.10774 -5.318 6.54097 -0.00250468 0.078245 0.0622209 
qwerty 113 111 0 0.128684 5.08926 -4.74075 7 -0.00250468 0.078245 0.0622209 
qwerty 115 113 0.080308 0 5.11098 -5.32207 6.5391 0.0585362 -0.073642 -0.0339171 
qwerty 7 4 0 1.06711 1.34872 -1.79271 4.3 0.0262731 -0.0349462 0.089936 
qwerty 7 4 0 1.06711 1.54591 -2.05499 4.975 0.0262731 -0.0349462 0.089936 
qwerty 7 4 0 0.762848 1.75114 -1.87073 5.65 0.0280535 0.0267931 0.0921691 
qwerty 2 1 0 183.462 -0.118175 0.157058 0.25 -0.0219968 0.0292344 0.0930671 
qwerty 2 1 0 183.462 -0.277713 0.369091 0.925 -0.0219968 0.0292344 0.0930671 
qwerty 121 2 0.504357 174.298 -0.379725 0.521339 1.35107 -0.0214391 0.033991 0.0915695 
qwerty 121 2 0.0195607 161.265 -0.38392 0.52797 1.36893 -0.0227663 0.0323167 0.0918549 
qwerty 121 2 0.359273 160.906 -0.44119 0.609265 1.6 -0.0230728 0.0322374 0.0918063 
qwerty 121 2 0.432173 151.787 -0.542395 0.774523 2.00139 -0.0218227 0.0393418 0.0893084 
qwerty 121 2 0.454378 151.333 -0.609252 0.895052 2.275 -0.0214927 0.038847 0.0896046 
qwerty 121 2 0.966491 92.4199 -0.672754 1.1427 2.95 -0.00687759 0.0351884 0.0933514 
qwerty 121 2 1.2148 39.6235 -0.740009 1.44539 3.625 -0.00626509 0.0423486 0.0903734 
qwerty 121 2 1.06086 13.9252 -1.02655 1.94184 4.3 -0.0585011 0.0535272 0.06093 
qwerty 121 2 0.645198 9.22218 -1.16617 2.31235 4.75766 -0.0205595 0.0683425 0.0700472 
qwerty 121 2 0.582607 8.63957 -1.22996 2.5244 4.975 -0.0146472 0.0630686 0.076209 
qwerty 121 2 0.629903 3.82187 -1.77491 2.38218 4.96735 -0.0869845 -0.0441442 0.0220225 
qwerty 121 2 0.0429759 3.77889 -1.80514 2.36684 4.975 -0.0889719 -0.0418038 0.0183424 
qwerty 121 2 0.948941 1.72431 -1.95709 2.47297 4.58111 0.0103323 0.0238227 -0.0965698 
qwerty 121 2 0.182234 1.54208 -1.94574 2.49915 4.475 0.0256175 -0.00362074 -0.0965952 
qwerty 148 121 0.0462792 0.707592 -1.78343 2.35605 4.94445 -0.0193883 -0.0263643 -0.0944935 
qwerty 148 121 0.0790735 0.628519 -1.79059 2.3513 4.90093 0.0880531 0.0254464 -0.0399892 
qwerty 148 121 0.0653679 0.563151 -1.75425 2.36146 4.89388 0.0977559 0.0209483 -0.00222508 
qwerty 148 121 0.0739067 0.489244 -1.71953 2.38341 4.89668 0.0370496 0.0571189 -0.0732445 
qwerty 148 121 0.0927642 0.39648 -1.68713 2.40571 4.87291 0.0534642 0.06763 -0.0506731 
qwerty 148 121 0.190697 0.205783 -1.65522 2.4188 4.81987 0.0834922 0.00826367 -0.0544129 
qwerty 148 121 0.205783 0 -1.63274 2.42103 4.80522 0.0834922 0.00826367 -0.0544129 
qwerty 147 121 0.235505 0.865252 -1.47779 2.63515 4.95138 -0.0916591 0.0399153 0.0023195 
qwerty 147 121 0.270637 0.594615 -1.56998 2.68883 4.93694 -0.0995742 0.00828055 0.00405116 
qwerty 147 121 0.161697 0.432918 -1.65377 2.69618 4.90596 -0.0889105 0.0298376 0.0347078 
qwerty 147 121 0.198213 0.234706 -1.73212 2.72095 4.88967 -0.074599 -0.0560794 -0.0359178 
qwerty 147 121 0.234706 0 -1.75693 2.7023 4.87772 -0.074599 -0.0560794 -0.0359178 
qwerty 124 121 0.653304 12.3595 -0.400145 0.67556 1.6 -0.00087199 0.0516311 0.0856357 
qwerty 124 121 1.17525 3.93637 -0.377992 1.38816 2.1132 0.0474723 0.0878568 -0.0052509 
qwerty 124 121 1.34047 2.5959 -0.175776 1.91894 2.20884 0.039796 0.0873679 0.0279846 
qwerty 124 121 0.429346 2.16656 -0.0816938 2.12548 2.275 0.0555657 0.0763095 0.0330048 
qwerty 124 121 0.478978 1.49825 0.0212822 1.96209 2.00365 0.0414797 0.021536 -0.0884061 
qwerty 124 121 0.445066 1.05319 0.128563 2.01779 1.775 0.0563237 -0.00896373 0.0821419 
qwerty 124 121 0.118669 0.934517 0.183111 2.02693 1.83652 0.0361293 0.045196 0.0815597 
qwerty 124 121 0.176698 0.757819 0.21868 2.041 1.93365 0.0447578 0.0157274 0.0880306 
qwerty 124 121 0.249631 0.508188 0.253839 2.02189 2.02722 0.024423 -0.0301786 0.0921562 
qwerty 124 121 0.42235 0.0816747 0.275896 1.99464 2.11044 0.0173914 -0.0271814 0.0946505 
qwerty 124 121 0.0816747 0 0.276885 1.99309 2.11583 0.0173914 -0.0271814 0.0946505 
qwerty 157 124 0.00029101 0 0.246754 1.942 2.08332 -0.0441534 -0.0797581 -0.0410989 
qwerty 158 157 0.00387238 0 0.246768 1.94198 2.08332 0.0574478 -0.0766121 0.0288156 
qwerty 155 124 0 2.07899 -0.763697 1.25608 2.275 -0.0441277 0.0597295 0.0669711 
qwerty 155 124 0 2.07899 -1.20846 1.85809 2.95 -0.0441277 0.0597295 0.0669711 
qwerty 155 124 0 2.07899 -1.65322 2.4601 3.625 -0.0441277 0.0597295 0.0669711 
qwerty 155 124 0 2.07899 -2.09798 3.06211 4.3 -0.0441277 0.0597295 0.0669711 
qwerty 155 124 0 0.467593 -3.37368 3.22376 3.8 -0.090207 0.00675948 -0.0426263 
qwerty 153 124 0 0.478124 -0.278736 1.17009 2.01676 0.0379119 0.0745978 0.0547527 
qwerty 153 124 0 0.478124 -0.0999281 1.52193 2.275 0.0379119 0.0745978 0.0547527 
qwerty 153 124 0 0.478124 0.367455 2.44158 2.95 0.0379119 0.0745978 0.0547527 
qwerty 153 124 0 0.478124 0.834839 3.36124 3.625 0.0379119 0.0745978 0.0547527 
qwerty 153 124 0 0.478124 1.03242 3.75 3.91034 0.0379119 0.0745978 0.0547527 
qwerty 153 124 0 0.478124 1.30222 4.28089 4.3 0.0379119 0.0745978 0.0547527 
qwerty 163 153 0.0101616 0 -0.27886 1.17011 2.01683 -0.0887156 0.0113404 0.0447318 
qwerty 152 124 0 0.287495 -0.404879 1.11436 2.275 -0.000588048 0.0545026 0.0838398 
qwerty 152 124 0 0.287495 -0.406343 1.25 2.48365 -0.000588048 0.0545026 0.0838398 
qwerty 152 124 0 0.287495 -0.409614 1.55317 2.95 -0.000588048 0.0545026 0.0838398 
qwerty 151 121 0 0.510999 -2.84824 3.02429 3.8 -0.0751152 0.0393621 -0.0529937 
qwerty 151 121 0 0.510999 -3.75 3.49684 3.16381 -0.0751152 0.0393621 -0.0529937 
qwerty 151 121 0 0.510999 -3.80501 3.52566 3.125 -0.0751152 0.0393621 -0.0529937 
qwerty 151 121 0 0.510999 -4.23312 3.75 2.82297 -0.0751152 0.0393621 -0.0529937 
qwerty 151 121 0 0.510999 -4.76178 4.02703 2.45 -0.0751152 0.0393621 -0.0529937 
qwerty 151 121 0 0.510999 -5.71855 4.5284 1.775 -0.0751152 0.0393621 -0.0529937 
qwerty 151 121 0 0.173277 -6.08282 4.71929 1.51801 0.0541212 -0.0347072 0.0765918 
qwerty 151 121 0 0.173277 -6.02488 4.68213 1.6 0.0541212 -0.0347072 0.0765918 
qwerty 166 151 0.0870231 0.250699 -6.09464 4.7491 1.49173 -0.0250754 0.0469812 -0.0846404 
qwerty 166 151 0.250699 0 -6.1039 4.76645 1.46049 -0.0250754 0.0469812 -0.0846404 
qwerty 150 121 0 0.510999 -1.25 2.18678 4.92756 0.0751152 -0.0393621 0.0529937 
qwerty 150 121 0 0.510999 -1.18275 2.15154 4.975 0.0751152 -0.0393621 0.0529937 
qwerty 150 121 0 0.510999 -0.225985 1.65017 5.65 0.0751152 -0.0393621 0.0529937 
qwerty 150 121 0 0.510999 0.730784 1.1488 6.325 0.0751152 -0.0393621 0.0529937 
qwerty 146 121 0 0.14918 -1.22443 2.51112 4.975 -0.0194064 0.0662053 0.0723896 
qwerty 145 121 0 0.340322 -1.20983 2.55462 4.975 -0.016017 0.0728051 0.0666548 
qwerty 140 121 0 18.7512 -0.992478 1.95548 4.3 -0.0304983 0.0598466 0.0740826 
qwerty 140 121 0 18.7512 -1.25 2.46082 4.92554 -0.0304983 0.0598466 0.0740826 
qwerty 140 121 0 18.7512 -1.27036 2.50077 4.975 -0.0304983 0.0598466 0.0740826 
qwerty 140 121 0 18.7512 -1.54825 3.04606 5.65 -0.0304983 0.0598466 0.0740826 
qwerty 140 121 0 18.7512 -1.82613 3.59135 6.325 -0.0304983 0.0598466 0.0740826 
qwerty 140 121 0 18.7512 -1.90698 3.75 6.52139 -0.0304983 0.0598466 0.0740826 
qwerty 140 121 0 18.7512 -2.10401 4.13664 7 -0.0304983 0.0598466 0.0740826 
qwerty 140 121 0 18.7512 -2.3819 4.68193 7.675 -0.0304983 0.0598466 0.0740826 
qwerty 140 121 0 18.7512 -2.65978 5.22722 8.35 -0.0304983 0.0598466 0.0740826 
qwerty 140 121 0 18.7512 -2.93767 5.77251 9.025 -0.0304983 0.0598466 0.0740826 
qwerty 140 121 0 18.7512 -3.181 6.25 9.61607 -0.0304983 0.0598466 0.0740826 
qwerty 140 121 0 18.7512 -3.21555 6.3178 9.7 -0.0304983 0.0598466 0.0740826 
qwerty 140 121 0 18.7512 -3.49343 6.86309 10.375 -0.0304983 0.0598466 0.0740826 
qwerty 140 121 0 18.7512 -3.77132 7.40838 11.05 -0.0304983 0.0598466 0.0740826 
qwerty 140 121 0 18.7512 -4.0492 7.95367 11.725 -0.0304983 0.0598466 0.0740826 
qwerty 140 121 0 18.7512 -4.32709 8.49896 12.4 -0.0304983 0.0598466 0.0740826 
qwerty 140 121 0 18.7512 -4.60497 9.04425 13.075 -0.0304983 0.0598466 0.0740826 
qwerty 140 121 0 6.69121 -5.20607 9.84668 13.75 -0.052317 0.0669495 0.0527322 
qwerty 140 121 0 6.69121 -5.87576 10.7037 14.425 -0.052317 0.0669495 0.0527322 
qwerty 140 121 0 6.69121 -6.30269 11.25 14.8553 -0.052317 0.0669495 0.0527322 
qwerty 140 121 0 6.69121 -6.54544 11.5607 15.1 -0.052317 0.0669495 0.0527322 
qwerty 140 121 0 6.69121 -7.21513 12.4176 15.775 -0.052317 0.0669495 0.0527322 
qwerty 178 140 0.808605 1.81204 -7.01705 12.2039 15.5858 0.080289 -0.0532059 -0.0268852 
qwerty 178 140 0.606865 1.20517 -6.78509 11.9941 15.5787 0.0726155 -0.0607151 0.0322592 
qwerty 178 140 0.590384 0.614788 -6.65274 11.8818 15.7527 0.0951885 -0.0284194 0.0114671 
qwerty 178 140 0.334858 0.27993 -6.53511 11.8387 15.7653 0.0641294 -0.0562128 -0.0522259 
qwerty 178 140 0.27993 0 -6.50695 11.8141 15.7424 0.0641294 -0.0562128 -0.0522259 
qwerty 177 140 0.885574 10.036 -4.71663 9.12257 13.75 -0.0218343 -0.00502913 0.0974575 
qwerty 182 177 0 1.85437 -5.09291 8.93846 13.25 -0.0458757 -0.027568 -0.0844715 
qwerty 182 177 0 1.85437 -5.4595 8.71817 12.575 -0.0458757 -0.027568 -0.0844715 
qwerty 182 177 0 1.85437 -5.82608 8.49787 11.9 -0.0458757 -0.027568 -0.0844715 
qwerty 182 177 0 1.85437 -6.19267 8.27758 11.225 -0.0458757 -0.027568 -0.0844715 
qwerty 182 177 0 1.85437 -6.55926 8.05729 10.55 -0.0458757 -0.027568 -0.0844715 
qwerty 182 177 0 1.85437 -6.92584 7.837 9.875 -0.0458757 -0.027568 -0.0844715 
qwerty 182 177 0 1.85437 -7.29243 7.6167 9.2 -0.0458757 -0.027568 -0.0844715 
qwerty 182 177 0 1.85437 -7.65902 7.39641 8.525 -0.0458757 -0.027568 -0.0844715 
qwerty 182 177 0 1.85437 -8.0256 7.17612 7.85 -0.0458757 -0.027568 -0.0844715 
qwerty 182 177 0 1.85437 -8.39219 6.95583 7.175 -0.0458757 -0.027568 -0.0844715 
qwerty 182 177 0 1.85437 -8.75878 6.73553 6.5 -0.0458757 -0.027568 -0.0844715 
qwerty 182 177 0 1.85437 -9.12536 6.51524 5.825 -0.0458757 -0.027568 -0.0844715 
qwerty 182 177 0 1.85437 -9.49195 6.29495 5.15 -0.0458757 -0.027568 -0.0844715 
qwerty 182 177 0 1.85437 -9.85853 6.07466 4.475 -0.0458757 -0.027568 -0.0844715 
qwerty 182 177 0 1.85437 -10.2251 5.85436 3.8 -0.0458757 -0.027568 -0.0844715 
qwerty 182 177 0 1.85437 -10.5917 5.63407 3.125 -0.0458757 -0.027568 -0.0844715 
qwerty 182 177 0 1.85437 -10.9583 5.41378 2.45 -0.0458757 -0.027568 -0.0844715 
qwerty 182 177 0 1.85437 -11.25 5.23848 1.91288 -0.0458757 -0.027568 -0.0844715 
qwerty 182 177 0 1.85437 -11.3249 5.19349 1.775 -0.0458757 -0.027568 -0.0844715 
qwerty 182 177 0 1.85437 -11.6915 4.97319 1.1 -0.0458757 -0.027568 -0.0844715 
qwerty 182 177 0 1.85437 -12.0581 4.7529 0.425 -0.0458757 -0.027568 -0.0844715 
qwerty 182 177 0 1.85437 -12.4246 4.53261 -0.25 -0.0458757 -0.027568 -0.0844715 
qwerty 181 177 0 0 -5.04033 9.16397 14.0726 -0.0785662 0.00292618 0.0617964 
qwerty 183 181 0.716817 2.19356 -5.3831 9.17845 14.3434 -0.0624936 0.0280536 0.0728529 
qwerty 183 181 0.270025 1.92354 -5.4531 9.20987 14.425 -0.0619109 0.0250176 0.074439 
qwerty 180 177 0 0.444663 -4.5442 9.37572 14.425 0.0247317 0.0349313 0.0903778 
qwerty 180 177 0 0.444663 -4.35949 9.63661 15.1 0.0247317 0.0349313 0.0903778 
qwerty 180 177 0 0.444663 -4.17478 9.8975 15.775 0.0247317 0.0349313 0.0903778 
qwerty 180 177 0 0.444663 -3.99006 10.1584 16.45 0.0247317 0.0349313 0.0903778 
qwerty 139 121 0 3.63682 -0.938241 1.89288 4.3 -0.0249142 0.0550004 0.0797135 
qwerty 139 121 0 3.63682 -1.14921 2.35862 4.975 -0.0249142 0.0550004 0.0797135 
qwerty 139 121 0 3.63682 -1.36018 2.82435 5.65 -0.0249142 0.0550004 0.0797135 
qwerty 139 121 0 3.63682 -1.57115 3.29008 6.325 -0.0249142 0.0550004 0.0797135 
qwerty 139 121 0 3.63682 -1.77948 3.75 6.99157 -0.0249142 0.0550004 0.0797135 
qwerty 139 121 0 3.63682 -1.78212 3.75582 7 -0.0249142 0.0550004 0.0797135 
qwerty 139 121 0 3.63682 -1.99309 4.22155 7.675 -0.0249142 0.0550004 0.0797135 
qwerty 139 121 0 0.580312 -2.11784 4.49696 8.07416 0.0674859 0.0737406 0.00282361 
qwerty 139 121 0 0.580312 -0.513499 6.25 8.14129 0.0674859 0.0737406 0.00282361 
qwerty 139 121 0 0.580312 1.77445 8.75 8.23702 0.0674859 0.0737406 0.00282361 
qwerty 139 121 0 0.414435 2.19948 9.21442 8.2548 -0.00368509 0.0894847 0.044485 
qwerty 139 121 0 0.414435 2.19159 9.40592 8.35 -0.00368509 0.0894847 0.044485 
qwerty 189 139 0.165877 0 2.21683 9.21685 8.24764 0.0916664 0.0128567 -0.0378414 
qwerty 188 139 0.512484 2.54403 -2.24202 4.64742 8.35 -0.0460058 0.0071151 0.0885034 
qwerty 192 188 0 1.66247 -2.48781 4.16309 9.025 -0.0287543 -0.0564053 0.0774057 
qwerty 192 188 0 1.66247 -2.69839 3.75 9.59189 -0.0287543 -0.0564053 0.0774057 
qwerty 192 188 0 1.66247 -2.73855 3.67122 9.7 -0.0287543 -0.0564053 0.0774057 
qwerty 192 188 0 1.66247 -2.9893 3.17935 10.375 -0.0287543 -0.0564053 0.0774057 
qwerty 192 188 0 1.66247 -3.24005 2.68748 11.05 -0.0287543 -0.0564053 0.0774057 
qwerty 192 188 0 1.66247 -3.49079 2.19561 11.725 -0.0287543 -0.0564053 0.0774057 
qwerty 192 188 0 1.66247 -3.74154 1.70374 12.4 -0.0287543 -0.0564053 0.0774057 
qwerty 192 188 0 1.66247 -3.99229 1.21187 13.075 -0.0287543 -0.0564053 0.0774057 
qwerty 192 188 0 1.66247 -4.24303 0.719996 13.75 -0.0287543 -0.0564053 0.0774057 
qwerty 192 188 0 1.66247 -4.49378 0.228126 14.425 -0.0287543 -0.0564053 0.0774057 
qwerty 192 188 0 1.66247 -4.74452 -0.263745 15.1 -0.0287543 -0.0564053 0.0774057 
qwerty 192 188 0 1.66247 -4.99527 -0.755615 15.775 -0.0287543 -0.0564053 0.0774057 
qwerty 192 188 0 1.66247 -5.24602 -1.24749 16.45 -0.0287543 -0.0564053 0.0774057 
qwerty 192 188 0 1.66247 -5.49676 -1.73936 17.125 -0.0287543 -0.0564053 0.0774057 
qwerty 138 121 0 1.61763 -0.756221 1.45126 3.625 -0.0111719 0.043508 0.0893434 
qwerty 138 121 0 1.61763 -0.840626 1.77997 4.3 -0.0111719 0.043508 0.0893434 
qwerty 138 121 0 1.61763 -0.925031 2.10867 4.975 -0.0111719 0.043508 0.0893434 
qwerty 138 121 0 1.61763 -1.00944 2.43738 5.65 -0.0111719 0.043508 0.0893434 
qwerty 138 121 0 1.39793 -1.15658 2.59101 6.325 -0.023318 0.0152154 0.0960456 
qwerty 138 121 0 1.39793 -1.32045 2.69794 7 -0.023318 0.0152154 0.0960456 
qwerty 138 121 0 1.39793 -1.48433 2.80488 7.675 -0.023318 0.0152154 0.0960456 
qwerty 138 121 0 1.39793 -1.64821 2.91181 8.35 -0.023318 0.0152154 0.0960456 
qwerty 138 121 0 1.09782 -1.61418 3.28591 9.025 0.0047842 0.0488232 0.0871402 
qwerty 138 121 0 1.09782 -1.57712 3.6641 9.7 0.0047842 0.0488232 0.0871402 
qwerty 138 121 0 1.09782 -1.54006 4.04229 10.375 0.0047842 0.0488232 0.0871402 
qwerty 138 121 0 1.09782 -1.503 4.42048 11.05 0.0047842 0.0488232 0.0871402 
qwerty 138 121 0 1.09782 -1.46594 4.79867 11.725 0.0047842 0.0488232 0.0871402 
qwerty 138 121 0 1.09782 -1.42888 5.17686 12.4 0.0047842 0.0488232 0.0871402 
qwerty 138 121 0 1.09782 -1.39182 5.55506 13.075 0.0047842 0.0488232 0.0871402 
qwerty 138 121 0 1.09782 -1.35477 5.93325 13.75 0.0047842 0.0488232 0.0871402 
qwerty 138 121 0 1.09782 -1.31771 6.31144 14.425 0.0047842 0.0488232 0.0871402 
qwerty 138 121 0 1.09782 -1.28065 6.68963 15.1 0.0047842 0.0488232 0.0871402 
qwerty 138 121 0 1.09782 -1.25 7.00239 15.6582 0.0047842 0.0488232 0.0871402 
qwerty 138 121 0 1.09782 -1.24359 7.06782 15.775 0.0047842 0.0488232 0.0871402 
qwerty 138 121 0 1.09782 -1.20653 7.44601 16.45 0.0047842 0.0488232 0.0871402 
qwerty 138 121 0 1.09782 -1.16947 7.8242 17.125 0.0047842 0.0488232 0.0871402 
qwerty 138 121 0 1.09782 -1.13241 8.20239 17.8 0.0047842 0.0488232 0.0871402 
qwerty 138 121 0 1.09782 -1.09535 8.58058 18.475 0.0047842 0.0488232 0.0871402 
qwerty 138 121 0 0.606158 -1.15423 8.4399 19.15 -0.0112344 -0.0364185 0.0924526 
qwerty 138 121 0 0.606158 -1.23625 8.17401 19.825 -0.0112344 -0.0364185 0.0924526 
qwerty 138 121 0 0.606158 -1.31827 7.90812 20.5 -0.0112344 -0.0364185 0.0924526 
qwerty 138 121 0 0.606158 -1.40029 7.64222 21.175 -0.0112344 -0.0364185 0.0924526 
qwerty 138 121 0 0.606158 -1.48232 7.37633 21.85 -0.0112344 -0.0364185 0.0924526 
qwerty 138 121 0 0.606158 -1.56434 7.11044 22.525 -0.0112344 -0.0364185 0.0924526 
qwerty 138 121 0 0.606158 -1.64636 6.84455 23.2 -0.0112344 -0.0364185 0.0924526 
qwerty 138 121 0 0.606158 -1.72839 6.57865 23.875 -0.0112344 -0.0364185 0.0924526 
qwerty 137 121 0 11.0626 -0.759631 1.41181 3.625 -0.0122524 0.0373886 0.0919346 
qwerty 137 121 0 11.0626 -0.849591 1.68632 4.3 -0.0122524 0.0373886 0.0919346 
qwerty 204 200 0 1.34177 -0.859973 2.2222 4.975 0.00580627 0.0591743 0.0804033 
qwerty 204 200 0 1.34177 -0.811229 2.71898 5.65 0.00580627 0.0591743 0.0804033 
qwerty 204 200 0 1.34177 -0.762484 3.21576 6.325 0.00580627 0.0591743 0.0804033 
qwerty 204 200 0 0.298378 -0.716472 3.68469 6.96216 -0.0312407 0.0535833 -0.0784401 
qwerty 204 200 0 0.298378 -0.754551 3.75 6.86655 -0.0312407 0.0535833 -0.0784401 
qwerty 204 200 0 0.298378 -0.900537 4.00039 6.5 -0.0312407 0.0535833 -0.0784401 
qwerty 204 200 0 0.298378 -1.16937 4.46149 5.825 -0.0312407 0.0535833 -0.0784401 
qwerty 204 200 0 0.298378 -1.43821 4.92259 5.15 -0.0312407 0.0535833 -0.0784401 
qwerty 205 204 0.0767532 0.966635 -0.711539 3.70297 7 -0.0238715 0.0736884 0.0632469 
qwerty 203 200 0 0.734442 -0.6292 2.06346 3.8 0.0362409 0.0471381 -0.0804027 
qwerty 203 200 0 0.734442 -0.324949 2.4592 3.125 0.0362409 0.0471381 -0.0804027 
qwerty 203 200 0 0.734442 -0.0206979 2.85493 2.45 0.0362409 0.0471381 -0.0804027 
qwerty 203 200 0 0.669199 0.256882 3.21598 1.83417 0.0506652 0.0676612 -0.0534322 
qwerty 203 200 0 0.669199 0.31299 3.29091 1.775 0.0506652 0.0676612 -0.0534322 
qwerty 203 200 0 0.669199 0.656762 3.75 1.41245 0.0506652 0.0676612 -0.0534322 
qwerty 203 200 0 0.669199 0.953035 4.14566 1.1 0.0506652 0.0676612 -0.0534322 
qwerty 203 200 0 0.669199 1.25 4.54224 0.786817 0.0506652 0.0676612 -0.0534322 
qwerty 203 200 0 0.669199 1.59308 5.00041 0.425 0.0506652 0.0676612 -0.0534322 
qwerty 203 200 0 0.669199 2.23313 5.85517 -0.25 0.0506652 0.0676612 -0.0534322 
qwerty 208 203 0.0652434 0 0.25583 3.21444 1.83081 -0.0273648 -0.0400192 -0.0874622 
qwerty 202 200 0 5.00327 -0.880865 1.96406 4.975 -0.00376008 0.0380615 0.0923969 
qwerty 202 200 0 5.00327 -0.908334 2.24211 5.65 -0.00376008 0.0380615 0.0923969 
qwerty 202 200 0 5.00327 -0.935803 2.52017 6.325 -0.00376008 0.0380615 0.0923969 
qwerty 202 200 0 5.00327 -0.963272 2.79823 7 -0.00376008 0.0380615 0.0923969 
qwerty 202 200 0 5.00327 -0.990741 3.07628 7.675 -0.00376008 0.0380615 0.0923969 
qwerty 202 200 0 5.00327 -1.01821 3.35434 8.35 -0.00376008 0.0380615 0.0923969 
qwerty 202 200 0 5.00327 -1.04568 3.6324 9.025 -0.00376008 0.0380615 0.0923969 
qwerty 202 200 0 5.00327 -1.0573 3.75 9.31049 -0.00376008 0.0380615 0.0923969 
qwerty 202 200 0 5.00327 -1.07315 3.91045 9.7 -0.00376008 0.0380615 0.0923969 
qwerty 202 200 0 5.00327 -1.10062 4.18851 10.375 -0.00376008 0.0380615 0.0923969 
qwerty 202 200 0 5.00327 -1.12809 4.46657 11.05 -0.00376008 0.0380615 0.0923969 
qwerty 202 200 0 5.00327 -1.15556 4.74462 11.725 -0.00376008 0.0380615 0.0923969 
qwerty 202 200 0 5.00327 -1.18302 5.02268 12.4 -0.00376008 0.0380615 0.0923969 
qwerty 202 200 0 1.48292 -1.19161 5.10962 12.6111 -0.0680807 0.027854 0.0677435 
qwerty 202 200 0 1.48292 -1.25 5.13351 12.6692 -0.0680807 0.027854 0.0677435 
qwerty 202 200 0 1.48292 -1.65786 5.30038 13.075 -0.0680807 0.027854 0.0677435 
qwerty 202 200 0 1.48292 -2.33622 5.57792 13.75 -0.0680807 0.027854 0.0677435 
qwerty 202 200 0 1.48292 -3.01458 5.85546 14.425 -0.0680807 0.027854 0.0677435 
qwerty 202 200 0 1.48292 -3.69294 6.133 15.1 -0.0680807 0.027854 0.0677435 
qwerty 202 200 0 1.48292 -4.3713 6.41053 15.775 -0.0680807 0.027854 0.0677435 
qwerty 202 200 0 1.13679 -5.68347 6.33844 16.45 -0.089155 -0.00581088 0.0449179 
qwerty 202 200 0 1.13679 -6.25 6.30151 16.7354 -0.089155 -0.00581088 0.0449179 
qwerty 202 200 0 1.13679 -7.02324 6.25112 17.125 -0.089155 -0.00581088 0.0449179 
qwerty 209 202 0.982918 2.53743 -1.09029 5.29612 13.0723 -0.0404898 0.0433703 0.0804959 
qwerty 209 202 0.00367313 2.53375 -1.09165 5.29758 13.075 -0.0403571 0.041896 0.081339 
qwerty 209 202 0.591963 1.64237 -1.23692 5.51908 12.8241 -0.0889567 -0.0397879 -0.0224417 
qwerty 209 202 0.0180973 1.62427 -1.25 5.51323 12.8208 -0.0894179 -0.0377372 -0.0240902 
qwerty 209 202 0.523639 1.10063 -1.55443 5.52309 12.79 -0.0224363 0.0560877 -0.0796918 
qwerty 209 202 0.424165 0.676468 -1.63782 5.66057 12.652 -0.00303771 0.0997249 -0.00676151 
qwerty 209 202 0.581514 0.0949535 -1.70695 5.79702 12.6593 -0.0291792 0.0553715 0.0779908 
qwerty 209 202 0.0949535 0 -1.7091 5.80111 12.6651 -0.0291792 0.0553715 0.0779908 
qwerty 136 121 0 36.2059 -0.77668 1.40783 3.625 -0.0148963 0.0367312 0.0918092 
qwerty 213 136 0 0.961186 -0.732094 1.46217 3.625 0.0721972 0.0209675 0.0659388 
qwerty 216 213 0 0.582993 0.851697 2.03155 4.3 0.0911323 0.0273394 0.030781 
qwerty 216 213 0 0.582993 2.85015 2.63108 4.975 0.0911323 0.0273394 0.030781 
qwerty 135 121 0 0.337694 -0.727313 1.40718 3.625 -0.00743177 0.0367635 0.0926996 
qwerty 135 121 0 0.337694 -0.781428 1.67488 4.3 -0.00743177 0.0367635 0.0926996 
qwerty 135 121 0 0.337694 -0.835543 1.94257 4.975 -0.00743177 0.0367635 0.0926996 
qwerty 134 121 0 0.247466 -0.674801 1.17253 2.95 -0.00623296 0.0383532 0.0921422 
qwerty 131 121 0 27.9537 -0.767063 1.14826 2.95 -0.0213457 0.0342026 0.0915125 
qwerty 131 121 0 27.9537 -0.92451 1.40054 3.625 -0.0213457 0.0342026 0.0915125 
qwerty 131 121 0 27.9537 -1.08196 1.65282 4.3 -0.0213457 0.0342026 0.0915125 
qwerty 131 121 0 27.9537 -1.2394 1.9051 4.975 -0.0213457 0.0342026 0.0915125 
qwerty 131 121 0 27.9537 -1.39685 2.15738 5.65 -0.0213457 0.0342026 0.0915125 
qwerty 131 121 0 27.9537 -1.5543 2.40966 6.325 -0.0213457 0.0342026 0.0915125 
qwerty 131 121 0 27.9537 -1.71175 2.66194 7 -0.0213457 0.0342026 0.0915125 
qwerty 131 121 0 27.9537 -1.86919 2.91422 7.675 -0.0213457 0.0342026 0.0915125 
qwerty 131 121 0 27.9537 -2.02664 3.1665 8.35 -0.0213457 0.0342026 0.0915125 
qwerty 131 121 0 27.9537 -2.18409 3.41878 9.025 -0.0213457 0.0342026 0.0915125 
qwerty 131 121 0 27.9537 -2.34153 3.67106 9.7 -0.0213457 0.0342026 0.0915125 
qwerty 131 121 0 27.9537 -2.49898 3.92334 10.375 -0.0213457 0.0342026 0.0915125 
qwerty 131 121 0 27.9537 -2.65643 4.17562 11.05 -0.0213457 0.0342026 0.0915125 
qwerty 131 121 0 27.9537 -2.81387 4.4279 11.725 -0.0213457 0.0342026 0.0915125 
qwerty 131 121 0 27.9537 -2.97132 4.68018 12.4 -0.0213457 0.0342026 0.0915125 
qwerty 225 131 1.26299 3.75017 -3.43865 5.00644 13.06 -0.0749081 0.000225541 0.0662475 
qwerty 225 131 0.0249031 3.72526 -3.45562 5.00649 13.075 -0.0758996 -0.00430926 0.0649667 
qwerty 227 225 0 14.1658 -3.21111 4.85614 13.075 -0.0362402 0.0154453 0.0919135 
qwerty 227 225 0 14.1658 -3.47726 4.96957 13.75 -0.0362402 0.0154453 0.0919135 
qwerty 229 227 0.485466 5.132 -3.54667 4.71698 14.1998 -0.0357122 -0.0632828 0.0687017 
qwerty 229 227 0.586301 4.5457 -3.66371 4.50958 14.425 -0.0217134 -0.0514343 0.0829641 
qwerty 229 227 0.00421166 0.140208 -3.66244 4.45083 14.4246 -0.0976814 0.0184958 -0.010782 
qwerty 229 227 0.00296995 0.137238 -3.66383 4.45108 14.4245 -0.099381 0.00172885 -0.0109737 
qwerty 229 227 0.00333489 0.133903 -3.66527 4.45132 14.4243 -0.0975918 0.0213983 -0.00423655 
qwerty 229 227 0.00877551 0.125128 -3.66664 4.45173 14.4243 -0.0981125 0.00417604 -0.0188812 
qwerty 229 227 0.00399813 0.121129 -3.66786 4.45201 14.4241 -0.0850034 0.0284552 -0.0443251 
qwerty 229 227 0.00345117 0.117678 -3.6689 4.45233 14.4232 -0.0821015 -0.0201766 -0.0534065 
qwerty 229 227 0.00519784 0.11248 -3.66995 4.45195 14.4222 -0.0809035 -0.0261166 -0.052655 
qwerty 229 227 0.0056777 0.106803 -3.67122 4.45124 14.4212 -0.0761585 0.00805524 -0.0643039 
qwerty 229 227 0.00983572 0.0969671 -3.67264 4.45181 14.4196 -0.0755385 0.00413195 -0.0653978 
qwerty 229 227 0.0368568 0.0601103 -3.67454 4.4525 14.4179 -0.075867 0.0640183 0.0120772 
qwerty 229 227 0.0601103 0 -3.67707 4.45463 14.4183 -0.075867 0.0640183 0.0120772 
qwerty 235 229 0 1.72069 -2.62741 4.16597 15.1 0.0818286 -0.0252015 0.051662 
qwerty 234 229 0 0.0321437 -3.63861 4.53166 14.425 -0.0300711 -0.0606079 0.0736371 
qwerty 233 229 0 0.336236 -3.36798 4.96029 14.425 0.026642 0.0020247 0.0963644 
qwerty 233 229 0 0.336236 -3.18137 4.97447 15.1 0.026642 0.0020247 0.0963644 
qwerty 232 229 0 0.0991959 -3.45179 4.78213 14.425 0.0101188 -0.0309183 0.0945604 
qwerty 231 229 0 1.4627 -3.75 4.95708 14.1389 -0.0607014 -0.00532376 0.0792906 
qwerty 231 229 0 1.4627 -3.96899 4.93787 14.425 -0.0607014 -0.00532376 0.0792906 
qwerty 231 229 0 1.4627 -4.48574 4.89255 15.1 -0.0607014 -0.00532376 0.0792906 
qwerty 231 229 0 1.4627 -5.00249 4.84723 15.775 -0.0607014 -0.00532376 0.0792906 
qwerty 231 229 0 1.4627 -5.51924 4.80191 16.45 -0.0607014 -0.00532376 0.0792906 
qwerty 231 229 0 1.4627 -6.03599 4.75658 17.125 -0.0607014 -0.00532376 0.0792906 
qwerty 231 229 0 1.44509 -6.61494 4.66807 17.8 -0.065877 -0.0111909 0.0743975 
qwerty 231 229 0 1.44509 -7.21263 4.56654 18.475 -0.065877 -0.0111909 0.0743975 
qwerty 231 229 0 1.44509 -7.81032 4.46501 19.15 -0.065877 -0.0111909 0.0743975 
qwerty 231 229 0 1.44509 -8.40802 4.36347 19.825 -0.065877 -0.0111909 0.0743975 
qwerty 130 121 0 24.7463 -0.772857 1.1801 2.95 -0.0217938 0.037965 0.0899093 
qwerty 130 121 0 24.7463 -0.936476 1.46512 3.625 -0.0217938 0.037965 0.0899093 
qwerty 130 121 0 24.7463 -1.10009 1.75015 4.3 -0.0217938 0.037965 0.0899093 
qwerty 130 121 0 24.7463 -1.25 2.01129 4.91843 -0.0217938 0.037965 0.0899093 
qwerty 130 121 0 24.7463 -1.26371 2.03517 4.975 -0.0217938 0.037965 0.0899093 
qwerty 130 121 0 24.7463 -1.42733 2.3202 5.65 -0.0217938 0.037965 0.0899093 
qwerty 130 121 0 24.7463 -1.59095 2.60522 6.325 -0.0217938 0.037965 0.0899093 
qwerty 130 121 0 24.7463 -1.75457 2.89025 7 -0.0217938 0.037965 0.0899093 
qwerty 130 121 0 24.7463 -1.91819 3.17527 7.675 -0.0217938 0.037965 0.0899093 
qwerty 130 121 0 24.7463 -2.08181 3.4603 8.35 -0.0217938 0.037965 0.0899093 
qwerty 129 121 0 0.427452 -0.609579 0.893531 2.275 -0.0219672 0.0389119 0.0894612 
qwerty 128 121 0 3.65703 -0.625799 0.881156 2.275 -0.0247267 0.0368715 0.0896051 
qwerty 128 121 0 3.65703 -0.812067 1.15891 2.95 -0.0247267 0.0368715 0.0896051 
qwerty 128 121 0 3.65703 -0.998334 1.43667 3.625 -0.0247267 0.0368715 0.0896051 
qwerty 128 121 0 3.65703 -1.1846 1.71442 4.3 -0.0247267 0.0368715 0.0896051 
qwerty 128 121 0 3.65703 -1.25 1.81194 4.53699 -0.0247267 0.0368715 0.0896051 
qwerty 128 121 0 3.65703 -1.37087 1.99218 4.975 -0.0247267 0.0368715 0.0896051 
qwerty 128 121 0 3.65703 -1.55714 2.26993 5.65 -0.0247267 0.0368715 0.0896051 
qwerty 128 121 0 3.65703 -1.7434 2.54769 6.325 -0.0247267 0.0368715 0.0896051 
qwerty 128 121 0 3.65703 -1.92967 2.82544 7 -0.0247267 0.0368715 0.0896051 
qwerty 128 121 0 3.65703 -2.11594 3.1032 7.675 -0.0247267 0.0368715 0.0896051 
qwerty 128 121 0 3.65703 -2.30221 3.38095 8.35 -0.0247267 0.0368715 0.0896051 
qwerty 128 121 0 3.65703 -2.48847 3.65871 9.025 -0.0247267 0.0368715 0.0896051 
qwerty 128 121 0 3.65703 -2.5497 3.75 9.24686 -0.0247267 0.0368715 0.0896051 
qwerty 128 121 0 3.65703 -2.67474 3.93646 9.7 -0.0247267 0.0368715 0.0896051 
qwerty 128 121 0 3.65703 -2.86101 4.21422 10.375 -0.0247267 0.0368715 0.0896051 
qwerty 128 121 0 3.65703 -3.04728 4.49197 11.05 -0.0247267 0.0368715 0.0896051 
qwerty 128 121 0 3.65703 -3.23354 4.76973 11.725 -0.0247267 0.0368715 0.0896051 
qwerty 128 121 0 3.65703 -3.41981 5.04748 12.4 -0.0247267 0.0368715 0.0896051 
qwerty 128 121 0 3.65703 -3.60608 5.32524 13.075 -0.0247267 0.0368715 0.0896051 
qwerty 128 121 0 3.65703 -3.79235 5.60299 13.75 -0.0247267 0.0368715 0.0896051 
qwerty 128 121 0 3.65703 -3.97861 5.88075 14.425 -0.0247267 0.0368715 0.0896051 
qwerty 128 121 0 3.65703 -4.16488 6.1585 15.1 -0.0247267 0.0368715 0.0896051 
qwerty 128 121 0 3.65703 -4.35115 6.43626 15.775 -0.0247267 0.0368715 0.0896051 
qwerty 128 121 0 3.65703 -4.53742 6.71401 16.45 -0.0247267 0.0368715 0.0896051 
qwerty 128 121 0 3.65703 -4.72368 6.99177 17.125 -0.0247267 0.0368715 0.0896051 
qwerty 128 121 0 3.65703 -4.90995 7.26952 17.8 -0.0247267 0.0368715 0.0896051 
qwerty 128 121 0 3.65703 -5.09622 7.54728 18.475 -0.0247267 0.0368715 0.0896051 
qwerty 128 121 0 3.65703 -5.28249 7.82503 19.15 -0.0247267 0.0368715 0.0896051 
qwerty 128 121 0 3.65703 -5.46875 8.10279 19.825 -0.0247267 0.0368715 0.0896051 
qwerty 128 121 0 3.65703 -5.65502 8.38054 20.5 -0.0247267 0.0368715 0.0896051 
qwerty 128 121 0 3.65703 -5.84129 8.6583 21.175 -0.0247267 0.0368715 0.0896051 
qwerty 128 121 0 3.65703 -5.90279 8.75 21.3979 -0.0247267 0.0368715 0.0896051 
qwerty 128 121 0 3.65703 -6.02756 8.93605 21.85 -0.0247267 0.0368715 0.0896051 
qwerty 126 121 0 0.630907 -0.612083 0.850008 2.275 -0.0231863 0.0326869 0.0916186 
qwerty 126 121 0 0.630907 -0.782908 1.09083 2.95 -0.0231863 0.0326869 0.0916186 
qwerty 126 121 0 0.630907 -0.953732 1.33165 3.625 -0.0231863 0.0326869 0.0916186 
qwerty 126 121 0 0.630907 -1.12456 1.57247 4.3 -0.0231863 0.0326869 0.0916186 
qwerty 125 121 0 1.17444 -0.610019 0.842481 2.275 -0.0229857 0.0317266 0.0920059 
qwerty 125 121 0 1.17444 -0.778653 1.07524 2.95 -0.0229857 0.0317266 0.0920059 
qwerty 123 121 0 2.01494 -0.438289 0.613574 1.6 -0.0215423 0.0339279 0.0915687 
qwerty 123 121 0 2.01494 -0.597088 0.863674 2.275 -0.0215423 0.0339279 0.0915687 
qwerty 123 121 0 2.01494 -0.755888 1.11377 2.95 -0.0215423 0.0339279 0.0915687 
qwerty 123 121 0 2.01494 -0.914687 1.36387 3.625 -0.0215423 0.0339279 0.0915687 
qwerty 123 121 0 2.01494 -1.07349 1.61397 4.3 -0.0215423 0.0339279 0.0915687 
qwerty 123 121 0 2.01494 -1.23229 1.86407 4.975 -0.0215423 0.0339279 0.0915687 
qwerty 123 121 0 2.01494 -1.39109 2.11417 5.65 -0.0215423 0.0339279 0.0915687 
qwerty 123 121 0 2.01494 -1.54988 2.36427 6.325 -0.0215423 0.0339279 0.0915687 
qwerty 123 121 0 2.01494 -1.70868 2.61437 7 -0.0215423 0.0339279 0.0915687 
qwerty 123 121 0 2.01494 -1.86748 2.86447 7.675 -0.0215423 0.0339279 0.0915687 
qwerty 123 121 0 2.01494 -2.02628 3.11457 8.35 -0.0215423 0.0339279 0.0915687 
qwerty 123 121 0 2.01494 -2.18508 3.36467 9.025 -0.0215423 0.0339279 0.0915687 
qwerty 123 121 0 2.01494 -2.34388 3.61477 9.7 -0.0215423 0.0339279 0.0915687 
qwerty 123 121 0 2.01494 -2.50268 3.86487 10.375 -0.0215423 0.0339279 0.0915687 
qwerty 123 121 0 1.92783 -2.61607 4.03025 11.05 -0.0149349 0.0212571 0.0965665 
qwerty 123 121 0 1.92783 -2.72047 4.17884 11.725 -0.0149349 0.0212571 0.0965665 
qwerty 123 121 0 1.92783 -2.82486 4.32742 12.4 -0.0149349 0.0212571 0.0965665 
qwerty 123 121 0 1.92783 -2.92926 4.47601 13.075 -0.0149349 0.0212571 0.0965665 
qwerty 123 121 0 1.92783 -3.03365 4.6246 13.75 -0.0149349 0.0212571 0.0965665 
qwerty 123 121 0 1.92783 -3.13805 4.77319 14.425 -0.0149349 0.0212571 0.0965665 
qwerty 123 121 0 1.92783 -3.24244 4.92177 15.1 -0.0149349 0.0212571 0.0965665 
qwerty 123 121 0 1.92783 -3.34684 5.07036 15.775 -0.0149349 0.0212571 0.0965665 
qwerty 123 121 0 1.92783 -3.45123 5.21895 16.45 -0.0149349 0.0212571 0.0965665 
qwerty 123 121 0 1.92783 -3.55563 5.36753 17.125 -0.0149349 0.0212571 0.0965665 
qwerty 123 121 0 1.92783 -3.66002 5.51612 17.8 -0.0149349 0.0212571 0.0965665 
qwerty 123 121 0 1.92783 -3.75 5.64419 18.3818 -0.0149349 0.0212571 0.0965665 
qwerty 123 121 0 1.92783 -3.76442 5.66471 18.475 -0.0149349 0.0212571 0.0965665 
qwerty 123 121 0 1.92783 -3.86881 5.8133 19.15 -0.0149349 0.0212571 0.0965665 
qwerty 123 121 0 1.92783 -3.97321 5.96188 19.825 -0.0149349 0.0212571 0.0965665 
qwerty 123 121 0 1.92783 -4.0776 6.11047 20.5 -0.0149349 0.0212571 0.0965665 
qwerty 123 121 0 1.92783 -4.182 6.25906 21.175 -0.0149349 0.0212571 0.0965665 
qwerty 123 121 0 1.92783 -4.28639 6.40765 21.85 -0.0149349 0.0212571 0.0965665 
qwerty 123 121 0 1.92783 -4.39079 6.55623 22.525 -0.0149349 0.0212571 0.0965665 
qwerty 123 121 0 1.92783 -4.49518 6.70482 23.2 -0.0149349 0.0212571 0.0965665 
qwerty 123 121 0 1.92783 -4.59958 6.85341 23.875 -0.0149349 0.0212571 0.0965665 
qwerty 123 121 0 1.92783 -4.70397 7.00199 24.55 -0.0149349 0.0212571 0.0965665 
qwerty 123 121 0 1.92783 -4.80837 7.15058 25.225 -0.0149349 0.0212571 0.0965665 
qwerty 122 121 0 2.46881 -0.425121 0.628068 1.6 -0.019677 0.035628 0.0913426 
qwerty 122 121 0 2.46881 -0.570529 0.89135 2.275 -0.019677 0.035628 0.0913426 
qwerty 122 121 0 2.46881 -0.715937 1.15463 2.95 -0.019677 0.035628 0.0913426 
qwerty 214 136 0.79181 25.797 -0.86292 1.62897 4.3 -0.00860862 0.0353327 0.093153 
qwerty 214 136 1.0168 18.6897 -0.871007 1.8639 4.975 -0.0158746 0.0277741 0.0947449 
qwerty 214 136 0.903325 12.7505 -0.607099 2.0632 5.65 0.043531 0.0130048 0.0890838 
qwerty 273 214 0.157858 0.988294 -0.852114 1.95905 5.2057 0.00392917 0.078244 0.0621485 
qwerty 273 214 0.261641 0.726653 -0.890714 2.04674 5.2956 0.013381 0.0863839 0.0485672 
qwerty 273 214 0.207943 0.51871 -0.820296 2.13162 5.34024 0.0502651 0.086101 0.0077487 
qwerty 273 214 0.349086 0.169624 -0.744072 2.1852 5.34339 0.0199027 0.0966687 0.016095 
qwerty 273 214 0.169624 0 -0.740163 2.20419 5.34655 0.0199027 0.0966687 0.016095 
qwerty 244 130 0.971331 2.62638 -2.04313 3.69664 8.99043 0.0440917 0.0309097 0.0842645 
qwerty 244 130 0.0804901 2.54589 -2.02505 3.70932 9.025 0.0412586 0.021841 0.0884347 
qwerty 243 130 0.77868 6.30812 -1.98866 3.79733 9.025 0.00196497 0.0198741 0.0979855 
qwerty 289 243 0 1.1317 -2.32756 3.71986 9.7 -0.0443337 0.00245698 0.0896018 
qwerty 289 243 0 1.1317 -2.66154 3.73837 10.375 -0.0443337 0.00245698 0.0896018 
qwerty 289 243 0 1.1317 -2.87148 3.75 10.7993 -0.0443337 0.00245698 0.0896018 
qwerty 289 243 0 1.1317 -2.99552 3.75687 11.05 -0.0443337 0.00245698 0.0896018 
qwerty 289 243 0 1.1317 -3.3295 3.77538 11.725 -0.0443337 0.00245698 0.0896018 
qwerty 289 243 0 1.1317 -3.66348 3.79389 12.4 -0.0443337 0.00245698 0.0896018 
qwerty 289 243 0 1.1317 -3.99746 3.8124 13.075 -0.0443337 0.00245698 0.0896018 
qwerty 289 243 0 1.1317 -4.33144 3.83091 13.75 -0.0443337 0.00245698 0.0896018 
qwerty 289 243 0 0.35184 -3.75 3.68024 14.2108 0.0874745 -0.0208165 0.0437594 
qwerty 289 243 0 0.35184 -3.32174 3.57833 14.425 0.0874745 -0.0208165 0.0437594 
qwerty 287 243 0 7.32749 -1.89594 4.39991 9.025 0.0213615 0.0789481 0.0575403 
qwerty 287 243 0 7.32749 -1.64535 5.32605 9.7 0.0213615 0.0789481 0.0575403 
qwerty 287 243 0 7.32749 -1.39476 6.25218 10.375 0.0213615 0.0789481 0.0575403 
qwerty 287 243 0 7.32749 -1.14417 7.17831 11.05 0.0213615 0.0789481 0.0575403 
qwerty 287 243 0 7.32749 -0.893577 8.10445 11.725 0.0213615 0.0789481 0.0575403 
qwerty 287 243 0 7.32749 -0.718905 8.75 12.1955 0.0213615 0.0789481 0.0575403 
qwerty 287 243 0 7.32749 -0.642987 9.03058 12.4 0.0213615 0.0789481 0.0575403 
qwerty 287 243 0 7.32749 -0.392397 9.95671 13.075 0.0213615 0.0789481 0.0575403 
qwerty 287 243 0 7.32749 -0.141806 10.8828 13.75 0.0213615 0.0789481 0.0575403 
qwerty 287 243 0 7.32749 0.108784 11.809 14.425 0.0213615 0.0789481 0.0575403 
qwerty 287 243 0 7.32749 0.359375 12.7351 15.1 0.0213615 0.0789481 0.0575403 
qwerty 287 243 0 7.32749 0.609965 13.6612 15.775 0.0213615 0.0789481 0.0575403 
qwerty 287 243 0 7.32749 0.860556 14.5874 16.45 0.0213615 0.0789481 0.0575403 
qwerty 292 287 0.124464 0.987365 0.813859 14.7996 16.703 -0.0283048 -0.0405927 0.0868969 
qwerty 292 287 0.192709 0.794656 0.810164 14.7801 16.7933 0.0348271 -0.0553878 0.0756258 
qwerty 292 287 0.218213 0.576443 0.881278 14.7389 16.8498 0.0610649 -0.0536647 0.0582338 
qwerty 292 287 0.172242 0.400542 0.921619 14.7106 16.8889 -0.0943008 -0.0039243 0.0330447 
qwerty 292 287 0.326334 0.0742076 0.850287 14.7077 16.9139 -0.0156467 0.0641674 0.0750848 
qwerty 292 287 0.0742076 0 0.849534 14.7107 16.9175 -0.0156467 0.0641674 0.0750848 
qwerty 295 292 0.00029101 0 0.914298 14.7065 16.8912 -0.0842219 -0.0471253 0.0261893 
qwerty 296 295 0.00336791 0 0.914304 14.7065 16.8912 0.0278468 -0.0860658 -0.042629 
qwerty 286 243 0 1.35702 -1.65911 9.4448 9.025 0.00770109 0.0992141 0.00986175 
qwerty 286 243 0 0.551503 -1.76079 10.1932 8.525 -0.0206136 0.0371197 -0.0905384 
qwerty 286 243 0 0.551503 -1.91447 10.47 7.85 -0.0206136 0.0371197 -0.0905384 
qwerty 284 244 0 0.627781 -4.57678 4.48574 9.7 -0.0936104 0.0267024 0.0228926 
qwerty 284 244 0 0.627781 -6.25 4.96302 10.1092 -0.0936104 0.0267024 0.0228926 
qwerty 284 244 0 0.627781 -7.33693 5.27307 10.375 -0.0936104 0.0267024 0.0228926 
qwerty 284 244 0 0.244904 -7.27272 5.167 11.05 0.0432714 -0.0247041 0.0867023 
qwerty 284 244 0 0.244904 -6.93584 4.97467 11.725 0.0432714 -0.0247041 0.0867023 
qwerty 283 247 0 0.608412 -5.11463 9.61847 22.525 0.0726055 0.0508528 0.0462865 
qwerty 283 247 0 0.608412 -4.05582 10.3601 23.2 0.0726055 0.0508528 0.0462865 
qwerty 283 247 0 0.608412 -3.75 10.5743 23.395 0.0726055 0.0508528 0.0462865 
qwerty 283 247 0 0.608412 -2.99701 11.1017 23.875 0.0726055 0.0508528 0.0462865 
qwerty 283 247 0 0.608412 -1.9382 11.8432 24.55 0.0726055 0.0508528 0.0462865 
qwerty 283 247 0 0.303244 -1.9349 11.7702 25.225 -0.0203867 -0.0262912 0.0943035 
qwerty 283 247 0 0.303244 -1.9224 11.758 25.9 0.00198265 -0.0016711 0.0999664 
qwerty 279 273 0 0.284603 -2.03508 1.6179 5.65 -0.0889324 -0.0214155 0.040403 
qwerty 277 214 0 0.245241 -0.30311 1.25 5.27353 0.0056386 -0.0109391 -0.0992398 
qwerty 277 214 0 0.245241 -0.296092 1.23638 5.15 0.0056386 -0.0109391 -0.0992398 
qwerty 275 214 0 7.47877 -0.262744 2.19036 6.325 0.0452807 0.0171449 0.0874969 
qwerty 275 214 0 7.47877 0.0865769 2.32263 7 0.0452807 0.0171449 0.0874969 
qwerty 275 214 0 7.47877 0.435898 2.45489 7.675 0.0452807 0.0171449 0.0874969 
qwerty 275 214 0 7.47877 0.785218 2.58716 8.35 0.0452807 0.0171449 0.0874969 
qwerty 275 214 0 7.47877 1.13454 2.71942 9.025 0.0452807 0.0171449 0.0874969 
qwerty 275 214 0 7.47877 1.48386 2.85169 9.7 0.0452807 0.0171449 0.0874969 
qwerty 275 214 0 7.47877 1.83318 2.98395 10.375 0.0452807 0.0171449 0.0874969 
qwerty 275 214 0 7.47877 2.1825 3.11622 11.05 0.0452807 0.0171449 0.0874969 
qwerty 275 214 0 7.47877 2.53182 3.24848 11.725 0.0452807 0.0171449 0.0874969 
qwerty 315 275 0.784437 1.98493 2.55561 3.34094 12.3219 0.00602827 0.00931782 -0.0993823 
qwerty 315 275 0.603414 1.38151 2.5561 3.40838 12.0048 -0.0242812 0.0481888 -0.0841918 
qwerty 315 275 0.193412 1.1881 2.52589 3.46835 11.9 -0.01911 -0.020335 -0.0960276 
qwerty 272 214 0 0.122107 -0.916037 1.98536 4.975 -0.00678918 0.0487647 0.0870397 
qwerty 271 214 0 2.39503 -0.972806 1.94475 4.975 -0.0164961 0.043058 0.0887349 
qwerty 271 214 0 2.39503 -1.09829 2.27228 5.65 -0.0164961 0.043058 0.0887349 
qwerty 271 214 0 2.39503 -1.22378 2.59982 6.325 -0.0164961 0.043058 0.0887349 
qwerty 271 214 0 2.39503 -1.34926 2.92736 7 -0.0164961 0.043058 0.0887349 
qwerty 271 214 0 2.39503 -1.47474 3.2549 7.675 -0.0164961 0.043058 0.0887349 
qwerty 271 214 0 2.39503 -1.60023 3.58244 8.35 -0.0164961 0.043058 0.0887349 
qwerty 271 214 0 2.39503 -1.72571 3.90998 9.025 -0.0164961 0.043058 0.0887349 
qwerty 271 214 0 2.39503 -1.8512 4.23752 9.7 -0.0164961 0.043058 0.0887349 
qwerty 270 214 0 0.625045 -0.967901 1.81231 4.975 -0.0154331 0.0256809 0.095406 
qwerty 270 214 0 0.625045 -1.07709 1.994 5.65 -0.0154331 0.0256809 0.095406 
qwerty 270 214 0 0.625045 -1.18628 2.1757 6.325 -0.0154331 0.0256809 0.095406 
qwerty 267 226 0 0.510999 -3.14374 4.30686 13.075 -0.0361514 -0.0383165 0.0849996 
qwerty 267 226 0 0.510999 -3.43082 4.00258 13.75 -0.0361514 -0.0383165 0.0849996 
qwerty 267 226 0 0.510999 -3.71791 3.6983 14.425 -0.0361514 -0.0383165 0.0849996 
qwerty 267 226 0 0.510999 -4.00499 3.39402 15.1 -0.0361514 -0.0383165 0.0849996 
qwerty 267 226 0 0.441671 -4.91497 3.2286 15.775 -0.07955 -0.0143826 0.0588637 
qwerty 267 226 0 0.441671 -5.82719 3.06367 16.45 -0.07955 -0.0143826 0.0588637 
qwerty 265 230 0 0.311218 -4.35159 4.72535 13.25 -0.0509942 0.0114771 -0.0852518 
qwerty 264 230 0 0.398103 -3.02984 5.74988 14.425 0.039413 0.0699647 0.059595 
qwerty 262 245 0 0.510999 -3.75 1.68497 8.60971 -0.0674632 -0.073714 0.00386811 
qwerty 262 245 0 0.510999 -6.25 -1.04667 8.75305 -0.0674632 -0.073714 0.00386811 
qwerty 262 245 0 0.361336 -7.56126 -2.47943 8.82824 0.00246245 -0.0845249 -0.0533806 
qwerty 262 245 0 0.361336 -7.54728 -2.95959 8.525 0.00246245 -0.0845249 -0.0533806 
qwerty 262 245 0 0.361336 -7.52425 -3.75 8.02582 0.00246245 -0.0845249 -0.0533806 
qwerty 262 245 0 0.361336 -7.51614 -4.02841 7.85 0.00246245 -0.0845249 -0.0533806 
qwerty 261 245 0 0.283181 -1.36581 3.83716 7.85 0.0217876 -0.0302599 -0.0927881 
qwerty 261 245 0 0.283181 -1.25 3.67632 7.35681 0.0217876 -0.0302599 -0.0927881 
qwerty 261 245 0 0.283181 -1.20731 3.61703 7.175 0.0217876 -0.0302599 -0.0927881 
qwerty 293 287 0.271552 0.957594 1.00796 14.6404 16.6545 0.0678385 -0.0549404 0.04878 
qwerty 293 287 0.228043 0.729551 1.06024 14.5718 16.7685 0.0559139 -0.0716803 0.0416602 
qwerty 293 287 0.319727 0.409823 1.11947 14.4663 16.8296 -0.00399129 -0.0999093 -0.00148194 
qwerty 293 287 0.0667471 0.337378 1.11863 14.4387 16.8183 -0.0522503 -0.0781059 -0.0341961 
qwerty 293 287 0.337378 0 1.08806 14.3929 16.7983 -0.0522503 -0.0781059 -0.0341961 
qwerty 293 287 0 0 1.08806 14.3929 16.7983 -0.0522503 -0.0781059 -0.0341961 
qwerty 184 181 0.546945 1.52186 -5.33653 9.07011 14.2342 -0.0693997 -0.0267878 0.0668289 
qwerty 184 181 0.483975 1.03788 -5.52699 8.99211 14.4018 -0.0748888 0.00436289 0.0661258 
qwerty 184 181 0.0620684 0.975812 -5.55328 8.99364 14.425 -0.0580709 -0.0144962 0.0801101 
qwerty 80 78 0.661241 12.398 4.82102 -9.37764 18.3428 0.0169456 -0.0605965 0.0777233 
qwerty 80 78 0.27829 12.1197 4.84983 -9.48068 18.475 0.0216572 -0.0642643 0.073492 
qwerty 80 78 0.92665 3.08812 4.54296 -9.16822 18.2189 0.000807279 0.0999428 -0.00328441 
qwerty 80 78 0.735339 2.35278 4.5325 -8.71284 18.0709 0.0672663 0.0596996 -0.0437173 
qwerty 80 78 0.375496 1.97728 4.68003 -8.58191 17.975 0.0687673 0.0372047 -0.0623448 
qwerty 362 80 0.319775 0 4.79636 -9.42563 18.3434 -0.0457041 -0.088939 0.000995283 
qwerty 335 262 0.149663 0 -7.57474 -2.48215 8.83634 -0.0844492 -0.017017 0.0507815 
qwerty 367 80 0 0.500898 4.56986 -8.54461 18.1775 -0.0460022 -0.019867 0.0865396 
qwerty 367 80 0 0.500898 4.41174 -8.6129 18.475 -0.0460022 -0.019867 0.0865396 
qwerty 367 80 0 0.500898 4.09428 -8.75 19.0722 -0.0460022 -0.019867 0.0865396 
qwerty 367 80 0 0.500898 4.05293 -8.76786 19.15 -0.0460022 -0.019867 0.0865396 
qwerty 367 80 0 0.353594 4.20818 -8.53904 19.825 0.0276211 0.0355577 0.0892901 
qwerty 368 367 0.0101012 0 4.5698 -8.54448 18.1775 -0.0416832 0.0908856 -0.00152352 
qwerty 365 80 0 2.46997 4.61927 -10.0469 17.975 -0.0119999 -0.0558831 -0.0820553 
qwerty 365 80 0 2.46997 4.52056 -10.5066 17.3 -0.0119999 -0.0558831 -0.0820553 
qwerty 365 80 0 2.46997 4.42185 -10.9663 16.625 -0.0119999 -0.0558831 -0.0820553 
qwerty 365 80 0 2.46997 4.36093 -11.25 16.2085 -0.0119999 -0.0558831 -0.0820553 
qwerty 365 80 0 2.46997 4.32313 -11.426 15.95 -0.0119999 -0.0558831 -0.0820553 
qwerty 365 80 0 2.46997 4.22442 -11.8857 15.275 -0.0119999 -0.0558831 -0.0820553 
qwerty 365 80 0 2.46997 4.12571 -12.3454 14.6 -0.0119999 -0.0558831 -0.0820553 
qwerty 365 80 0 2.46997 4.02699 -12.8051 13.925 -0.0119999 -0.0558831 -0.0820553 
qwerty 365 80 0 2.46997 3.92828 -13.2649 13.25 -0.0119999 -0.0558831 -0.0820553 
qwerty 365 80 0 0.496875 3.87282 -12.8278 12.575 -0.00446436 0.0714879 -0.0697821 
qwerty 365 80 0 0.496875 3.82964 -12.1363 11.9 -0.00446436 0.0714879 -0.0697821 
qwerty 365 80 0 0.496875 3.78645 -11.4448 11.225 -0.00446436 0.0714879 -0.0697821 
qwerty 365 80 0 0.496875 3.77428 -11.25 11.0348 -0.00446436 0.0714879 -0.0697821 
qwerty 365 80 0 0.496875 3.74327 -10.7533 10.55 -0.00446436 0.0714879 -0.0697821 
qwerty 365 80 0 0.421221 4.44859 -9.60874 9.875 0.0497857 0.0755029 -0.0426696 
qwerty 377 374 0 0.742118 3.3036 -12.4117 13.75 -0.0467709 0.0741839 0.0480545 
qwerty 377 374 0 0.742118 2.64663 -11.3696 14.425 -0.0467709 0.0741839 0.0480545 
qwerty 377 374 0 0.398624 2.59486 -10.4361 13.925 -0.00251958 0.0861167 -0.0507698 
qwerty 377 374 0 0.398624 2.56136 -9.29119 13.25 -0.00251958 0.0861167 -0.0507698 
qwerty 364 80 0 1.29555 1.89005 -10.0385 19.15 -0.0963551 -0.0158396 0.0215595 
qwerty 364 80 0 1.29555 -1.12671 -10.5344 19.825 -0.0963551 -0.0158396 0.0215595 
qwerty 364 80 0 0.358088 -1.51344 -11.0191 20.5 0.0298769 -0.0554545 0.077667 
qwerty 364 80 0 0.351831 -1.32863 -11.355 21.175 0.0214014 -0.0384626 0.0897921 
qwerty 364 80 0 0.222113 -1.12978 -11.492 21.5657 -0.00918222 0.0807049 0.0583302 
qwerty 364 80 0 0.222113 -1.15731 -11.25 21.7406 -0.00918222 0.0807049 0.0583302 
qwerty 364 80 0 0.222113 -1.17453 -11.0987 21.85 -0.00918222 0.0807049 0.0583302 
qwerty 383 364 0.113327 0 -1.12409 -11.4992 21.5696 0.0569631 -0.0724653 0.0387813 
qwerty 361 83 0 1.17219 3.60291 -2.38845 7.85 0.0751852 0.0531138 -0.0390654 
qwerty 361 83 0 0.322474 4.5989 -2.91699 8.35 0.0601214 -0.0596894 0.0531281 
qwerty 359 104 0 0.510999 0.76551 -6.71649 3.8 0.0284687 -0.030824 -0.0907712 
qwerty 359 104 0 0.510999 0.977211 -6.9457 3.125 0.0284687 -0.030824 -0.0907712 
qwerty 358 104 0 0.510999 0.396994 -6.31748 4.975 -0.0284687 0.030824 0.0907712 
qwerty 358 104 0 0.510999 0.334668 -6.25 5.17372 -0.0284687 0.030824 0.0907712 
qwerty 358 104 0 0.510999 0.185293 -6.08827 5.65 -0.0284687 0.030824 0.0907712 
qwerty 358 104 0 0.510999 -0.0264084 -5.85905 6.325 -0.0284687 0.030824 0.0907712 
qwerty 358 104 0 0.510999 -0.224288 -5.64024 7 -0.0265879 0.0295111 0.0917724 
qwerty 358 104 0 0.510999 -0.419846 -5.42318 7.675 -0.0265879 0.0295111 0.0917724 
qwerty 358 104 0 0.510999 -0.615404 -5.20613 8.35 -0.0265879 0.0295111 0.0917724 
qwerty 354 179 0 0.367566 -6.61844 12.0104 16.2944 0.0801549 -0.0500936 -0.032647 
qwerty 354 179 0 0.367566 -5.77297 11.4821 15.95 0.0801549 -0.0500936 -0.032647 
qwerty 396 354 0.143433 0 -6.61655 12.008 16.3089 0.0126815 -0.0161618 0.0978671 
qwerty 398 353 0.0133492 0.403223 -7.26627 12.4806 15.7718 0.0548589 0.0825518 -0.0132556 
qwerty 398 353 0.0243225 0.378901 -7.26071 12.4883 15.7694 0.0670411 0.0706218 -0.0227609 
qwerty 398 353 0.0159159 0.362985 -7.25489 12.4956 15.7664 0.057877 0.0796579 -0.0174605 
qwerty 398 353 0.0160265 0.346958 -7.24891 12.5027 15.7666 0.069918 0.0714852 0.00115966 
qwerty 398 353 0.0152985 0.33166 -7.24113 12.5077 15.766 0.0781591 0.0584937 -0.0216713 
qwerty 398 353 0.0160864 0.315573 -7.23352 12.5132 15.7662 0.0451823 0.0890294 0.00568551 
qwerty 398 353 0.0179106 0.297663 -7.23019 12.5211 15.7651 0.0316726 0.0929771 -0.0187645 
qwerty 398 353 0.0153408 0.282322 -7.22864 12.5305 15.765 0.0421107 0.0887142 -0.0188809 
qwerty 398 353 0.0160226 0.266299 -7.22262 12.5381 15.7612 0.0306614 0.0891761 -0.033279 
qwerty 398 353 0.0224294 0.24387 -7.21969 12.5472 15.7552 0.0272197 0.0938789 -0.021115 
qwerty 398 353 0.0231361 0.220734 -7.2201 12.5583 15.7523 -0.0366279 0.0552322 0.0748852 
qwerty 398 353 0.0389729 0.181761 -7.22842 12.5635 15.7601 -0.038162 0.0443252 -0.0811107 
qwerty 398 353 0.0498746 0.131886 -7.23455 12.5645 15.7525 -0.0301959 -0.00781049 -0.0950116 
qwerty 398 353 0.0350753 0.0968111 -7.238 12.557 15.7443 -0.0644631 0.0043668 -0.0763245 
qwerty 398 353 0.0968111 0 -7.24292 12.5573 15.7385 -0.0644631 0.0043668 -0.0763245 
qwerty 352 184 0 0.510999 -5.74722 8.75 14.6386 -0.0503925 -0.0666817 0.0549012 
qwerty 352 184 0 0.510999 -6.17075 8.18957 15.1 -0.0503925 -0.0666817 0.0549012 
qwerty 352 184 0 0.510999 -6.79031 7.36973 15.775 -0.0503925 -0.0666817 0.0549012 
qwerty 351 184 0 0.510999 -5.09224 9.61669 13.925 0.0503925 0.0666817 -0.0549012 
qwerty 350 201 0 0.462167 0.404617 2.5934 4.80481 0.0566975 0.0470172 0.0676371 
qwerty 350 201 0 0.462167 0.547279 2.7117 4.975 0.0566975 0.0470172 0.0676371 
qwerty 350 201 0 0.462167 1.11311 3.18092 5.65 0.0566975 0.0470172 0.0676371 
qwerty 401 350 0.0488323 0 0.406015 2.59407 4.8031 0.0605485 0.0288744 -0.074163 
qwerty 349 201 0 0.510999 -1.50552 1.25 4.07247 -0.0776372 -0.0542334 -0.0321123 
qwerty 349 201 0 0.510999 -2.16427 0.78983 3.8 -0.0776372 -0.0542334 -0.0321123 
qwerty 348 293 0 0.510999 1.06357 14.3384 16.625 -0.0133581 -0.0297384 -0.0945367 
qwerty 348 293 0 0.510999 0.96819 14.1261 15.95 -0.0133581 -0.0297384 -0.0945367 
qwerty 348 293 0 0.510999 0.872812 13.9138 15.275 -0.0133581 -0.0297384 -0.0945367 
qwerty 348 293 0 0.510999 0.799257 13.75 14.7544 -0.0133581 -0.0297384 -0.0945367 
qwerty 348 293 0 0.510999 0.777435 13.7014 14.6 -0.0133581 -0.0297384 -0.0945367 
qwerty 348 293 0 0.510999 0.682057 13.4891 13.925 -0.0133581 -0.0297384 -0.0945367 
qwerty 347 293 0 0.510999 1.13422 14.4957 17.125 0.0133581 0.0297384 0.0945367 
qwerty 347 293 0 0.510999 1.2296 14.708 17.8 0.0133581 0.0297384 0.0945367 
qwerty 347 293 0 0.510999 1.32497 14.9204 18.475 0.0133581 0.0297384 0.0945367 
qwerty 346 293 0.00029101 0 1.11876 14.4372 16.8152 0.00354191 -0.0417527 -0.0907974 
qwerty 407 346 0.00540732 0 1.11873 14.4372 16.8152 -0.0667187 0.0495671 -0.0556032 
qwerty 345 316 0 0.510999 2.47173 3.35248 12.4 -0.023962 0.0178078 0.0954395 
qwerty 345 316 0 0.510999 2.30226 3.47842 13.075 -0.023962 0.0178078 0.0954395 
qwerty 345 316 0 0.510999 2.13278 3.60437 13.75 -0.023962 0.0178078 0.0954395 
qwerty 345 316 0 0.510999 1.96331 3.73032 14.425 -0.023962 0.0178078 0.0954395 
qwerty 345 316 0 0.510999 1.79384 3.85626 15.1 -0.023962 0.0178078 0.0954395 
qwerty 343 320 0 0.510999 -1.70351 3.75 9.69304 0.0288589 -0.0938023 -0.0191911 
qwerty 343 320 0 0.364337 -1.63283 3.52024 9.64603 0.0213183 -0.0387882 -0.0896717 
qwerty 343 320 0 0.364337 -1.52679 3.3273 9.2 0.0213183 -0.0387882 -0.0896717 
qwerty 343 320 0 0.364337 -1.36632 3.03533 8.525 0.0213183 -0.0387882 -0.0896717 
qwerty 342 320 0 0.510999 -2.72902 7.08328 10.375 -0.0288589 0.0938023 0.0191911 
qwerty 5 3 0.77129 20.7522 1.37592 -1.62992 4.3 0.0341534 -0.00168039 0.0939719 
qwerty 5 3 0.0038065 17.2841 1.46366 -1.58809 4.47691 0.0665198 -0.00310322 0.0746022 
qwerty 5 3 0.10153 13.2386 1.50727 -1.58928 4.52394 0.0692853 -0.00514959 0.0719238 
qwerty 5 3 1.06837 12.1702 1.94178 -1.62157 4.975 0.0848221 -0.0109918 0.0518112 
qwerty 413 343 0.146662 0 -1.63023 3.50764 9.65455 0.0168593 -0.0816442 0.0552268 
qwerty 436 5 0 1.65051 0.701099 -2.31454 5.65 -0.0792865 -0.0471048 0.0386625 
qwerty 436 5 0 1.65051 -0.683147 -3.13693 6.325 -0.0792865 -0.0471048 0.0386625 
qwerty 436 5 0 1.65051 -1.71507 -3.75 6.82819 -0.0792865 -0.0471048 0.0386625 
qwerty 436 5 0 1.65051 -2.06739 -3.95932 7 -0.0792865 -0.0471048 0.0386625 
qwerty 436 5 0 1.65051 -3.45164 -4.78171 7.675 -0.0792865 -0.0471048 0.0386625 
qwerty 436 5 0 1.65051 -4.83589 -5.6041 8.35 -0.0792865 -0.0471048 0.0386625 
qwerty 436 5 0 1.65051 -6.22013 -6.4265 9.025 -0.0792865 -0.0471048 0.0386625 
qwerty 435 5 0 0.978183 1.44877 -1.18547 4.475 -0.0718403 0.0368072 -0.0590272 
qwerty 435 5 0 0.353567 0.896168 -0.902343 4.02096 0.0399394 0.0915635 -0.00458003 
qwerty 435 5 0 0.353567 1.83501 1.25 3.9133 0.0399394 0.0915635 -0.00458003 
qwerty 435 5 0 0.353567 2.82302 3.51508 3.8 0.0399394 0.0915635 -0.00458003 
qwerty 439 435 0.246103 0.378513 0.803196 -0.847102 3.97936 -0.0896437 0.0366092 0.0249757 
qwerty 439 435 0.291133 0.0873802 0.740734 -0.821593 3.99677 -0.0624219 0.0339516 -0.0703619 
qwerty 439 435 0.0873802 0 0.736741 -0.819422 3.99227 -0.0624219 0.0339516 -0.0703619 
qwerty 434 5 0 0.889874 2.22927 -1.28842 4.475 0.0262432 0.0378568 -0.088759 
qwerty 434 5 0 0.889874 2.42884 -1.00053 3.8 0.0262432 0.0378568 -0.088759 
qwerty 434 5 0 0.889874 2.62842 -0.712631 3.125 0.0262432 0.0378568 -0.088759 
qwerty 434 5 0 0.889874 2.82799 -0.424735 2.45 0.0262432 0.0378568 -0.088759 
qwerty 434 5 0 0.889874 3.02757 -0.136838 1.775 0.0262432 0.0378568 -0.088759 
qwerty 434 5 0 0.889874 3.22715 0.151058 1.1 0.0262432 0.0378568 -0.088759 
qwerty 434 5 0 0.889874 3.42672 0.438954 0.425 0.0262432 0.0378568 -0.088759 
qwerty 434 5 0 0.889874 3.6263 0.72685 -0.25 0.0262432 0.0378568 -0.088759 
qwerty 433 5 0 5.87388 2.25185 -1.23222 4.475 0.0286292 0.0450889 -0.0845421 
qwerty 433 5 0 3.38526 2.56978 -1.13653 3.8 0.042347 0.0124701 -0.0897286 
qwerty 433 5 0 3.38526 2.88834 -1.04272 3.125 0.042347 0.0124701 -0.0897286 
qwerty 433 5 0 3.38526 3.2069 -0.948915 2.45 0.042347 0.0124701 -0.0897286 
qwerty 433 5 0 3.38526 3.52547 -0.855106 1.775 0.042347 0.0124701 -0.0897286 
qwerty 433 5 0 3.38526 3.84403 -0.761297 1.1 0.042347 0.0124701 -0.0897286 
qwerty 433 5 0 3.38526 4.16259 -0.667488 0.425 0.042347 0.0124701 -0.0897286 
qwerty 433 5 0 1.1919 3.99741 -0.700342 -0.25 -0.0295758 -0.00627598 -0.0953199 
qwerty 431 5 0 3.94402 1.97633 -1.62595 4.975 0.0719664 -0.00562688 0.0692039 
qwerty 431 5 0 3.94402 2.67827 -1.68084 5.65 0.0719664 -0.00562688 0.0692039 
qwerty 431 5 0 3.94402 3.38022 -1.73572 6.325 0.0719664 -0.00562688 0.0692039 
qwerty 431 5 0 3.94402 4.08216 -1.7906 7 0.0719664 -0.00562688 0.0692039 
qwerty 431 5 0 3.94402 4.78411 -1.84549 7.675 0.0719664 -0.00562688 0.0692039 
qwerty 431 5 0 3.94402 5.48605 -1.90037 8.35 0.0719664 -0.00562688 0.0692039 
qwerty 431 5 0 3.94402 6.188 -1.95525 9.025 0.0719664 -0.00562688 0.0692039 
qwerty 431 5 0 3.94402 6.88995 -2.01014 9.7 0.0719664 -0.00562688 0.0692039 
qwerty 431 5 0 2.63259 7.73734 -2.40931 10.375 0.0729534 -0.039078 0.0561312 
qwerty 431 5 0 2.63259 8.61464 -2.87924 11.05 0.0729534 -0.039078 0.0561312 
qwerty 431 5 0 2.63259 9.49193 -3.34916 11.725 0.0729534 -0.039078 0.0561312 
qwerty 431 5 0 2.63259 10.2402 -3.75 12.3008 0.0729534 -0.039078 0.0561312 
qwerty 431 5 0 2.63259 10.3692 -3.81909 12.4 0.0729534 -0.039078 0.0561312 
qwerty 431 5 0 2.63259 11.2465 -4.28902 13.075 0.0729534 -0.039078 0.0561312 
qwerty 431 5 0 2.63259 12.1238 -4.75895 13.75 0.0729534 -0.039078 0.0561312 
qwerty 431 5 0 2.63259 13.0011 -5.22888 14.425 0.0729534 -0.039078 0.0561312 
qwerty 431 5 0 2.63259 13.8784 -5.69881 15.1 0.0729534 -0.039078 0.0561312 
qwerty 430 5 0 0.316411 1.90277 -1.60895 4.975 0.0660972 -0.00313961 0.0749754 
qwerty 428 5 0 1.67287 1.28009 -1.71885 4.3 0.0173301 -0.0247307 0.0953313 
qwerty 428 5 0 0.968544 1.86233 -2.29538 4.975 0.0596448 -0.0577143 0.0557814 
qwerty 428 5 0 0.968544 2.58408 -2.99377 5.65 0.0596448 -0.0577143 0.0557814 
qwerty 426 33 0 0.510999 -0.834684 -6.71408 10.375 -0.00578818 -0.05121 0.0856973 
qwerty 426 33 0 0.510999 -0.880274 -7.11744 11.05 -0.00578818 -0.05121 0.0856973 
qwerty 425 33 0 0.510999 -0.78223 -6.25 9.59839 0.00578818 0.05121 -0.0856973 
qwerty 425 33 0 0.510999 -0.755322 -6.01193 9.2 0.00578818 0.05121 -0.0856973 
qwerty 424 39 0 0.510999 4.27486 -3.21444 9.7 -0.0143015 -0.093788 0.0316115 
qwerty 424 39 0 0.510999 3.96948 -5.2171 10.375 -0.0143015 -0.093788 0.0316115 
qwerty 423 39 0 0.510999 5.14421 0.144435 8.525 0.030879 0.0894857 -0.0322304 
qwerty 423 39 0 0.510999 5.52571 1.25 8.1268 0.030879 0.0894857 -0.0322304 
qwerty 423 39 0 0.510999 5.79091 2.01853 7.85 0.030879 0.0894857 -0.0322304 
qwerty 421 41 0 0.510999 6.25 1.43664 10.2581 -0.0470343 0.0553923 0.0686984 
qwerty 421 41 0 0.510999 6.17 1.53086 10.375 -0.0470343 0.0553923 0.0686984 
qwerty 421 41 0 0.457433 6.02749 2.3587 11.05 -0.00604881 0.0796621 0.0601445 
qwerty 420 41 0 0.510999 6.97446 0.583444 9.2 0.0470343 -0.0553923 -0.0686984 
qwerty 420 41 0 0.435591 7.52825 0.454033 8.525 0.0653365 8.96772e-05 -0.0757043 
qwerty 420 41 0 0.435591 8.11081 0.454832 7.85 0.0653365 8.96772e-05 -0.0757043 
qwerty 420 41 0 0.435591 8.69337 0.455632 7.175 0.0653365 8.96772e-05 -0.0757043 
qwerty 420 41 0 0.435591 9.27592 0.456431 6.5 0.0653365 8.96772e-05 -0.0757043 
qwerty 420 41 0 0.389262 10.4167 -0.0488038 5.825 0.0809585 -0.0390528 -0.0438248 
qwerty 418 44 0 0.510999 1.02662 -1.25 10.9655 -0.0424841 0.0892072 0.0154007 
qwerty 418 44 0 0.510999 0.793448 -0.760399 11.05 -0.0424841 0.0892072 0.0154007 
qwerty 418 44 0 0.44768 0.895681 1.02656 11.725 0.00652851 0.0931959 0.0356636 
qwerty 418 44 0 0.44768 1.01925 2.79047 12.4 0.00652851 0.0931959 0.0356636 
qwerty 418 44 0 0.44768 1.14281 4.55437 13.075 0.00652851 0.0931959 0.0356636 
qwerty 417 67 0 2.58737 1.6589 -6.02695 7.175 -0.0188119 -0.0964347 -0.0186135 
qwerty 416 67 0 0.283554 2.59391 -1.25 8.15123 0.0188636 0.095866 0.0213044 
qwerty 416 67 0 0.283554 2.7699 -0.355574 8.35 0.0188636 0.095866 0.0213044 
qwerty 485 438 0 0.510999 -6.42968 -6.25 9.22409 0.0349095 0.0935029 0.00620831 
qwerty 485 438 0 0.510999 -5.4963 -3.75 9.39008 0.0349095 0.0935029 0.00620831 
qwerty 485 438 0 0.510999 -4.56292 -1.25 9.55608 0.0349095 0.0935029 0.00620831 
qwerty 485 438 0 0.510999 -3.75364 0.917611 9.7 0.0349095 0.0935029 0.00620831 
qwerty 485 438 0 0.335581 -3.6571 2.12957 9.2 -0.0231736 0.0645289 -0.0727943 
qwerty 485 438 0 0.335581 -3.75 2.38824 8.90819 -0.0231736 0.0645289 -0.0727943 
qwerty 485 438 0 0.335581 -3.87199 2.72792 8.525 -0.0231736 0.0645289 -0.0727943 
qwerty 485 438 0 0.259116 -6.25 4.96887 8.77892 -0.0726146 0.0682864 0.00800545 
qwerty 485 438 0 0.259116 -8.48207 7.0679 9.025 -0.0726146 0.0682864 0.00800545 
qwerty 483 480 0 0.510999 1.25 -6.10776 7.52798 -0.0687701 0.0177017 0.0704082 
qwerty 483 480 0 0.510999 1.1064 -6.07079 7.675 -0.0687701 0.0177017 0.0704082 
qwerty 483 480 0 0.510999 0.447101 -5.90109 8.35 -0.0687701 0.0177017 0.0704082 
qwerty 482 480 0 0.510999 1.8026 -6.25 6.96222 0.0687701 -0.0177017 -0.0704082 
qwerty 482 480 0 0.510999 2.25406 -6.36621 6.5 0.0687701 -0.0177017 -0.0704082 
qwerty 482 480 0 0.510999 2.91336 -6.53591 5.825 0.0687701 -0.0177017 -0.0704082 
qwerty 482 480 0 0.510999 3.57265 -6.70562 5.15 0.0687701 -0.0177017 -0.0704082 
qwerty 482 480 0 0.510999 3.75 -6.75127 4.96843 0.0687701 -0.0177017 -0.0704082 
qwerty 482 480 0 0.510999 4.23195 -6.87533 4.475 0.0687701 -0.0177017 -0.0704082 
