qwerty 1 0 0 200 0 0 -0.249999 0 0 0.1 
qwerty 3 1 0 21.6515 -2.50501e-06 1.0111e-06 -0.25 -0.0890301 0.0359353 -0.0279697 
qwerty 2 1 0 0 0.00426948 -0.00172329 -0.180754 0.00615219 -0.00248321 0.0997797 
qwerty 5 2 0.142627 217.465 0.00941879 -0.00322131 -0.101055 0.00634749 -0.00172425 0.0997834 
qwerty 5 2 0.592289 216.873 0.0317504 -0.00928751 0.25 0.00743099 0.00064214 0.0997215 
qwerty 5 2 0.247601 50.7444 0.0862583 -0.00228155 0.575945 0.0227703 0.00288689 0.0973303 
qwerty 5 2 0.210326 50.0771 0.117108 5.40317e-05 0.709265 0.0220943 0.00154406 0.0975164 
qwerty 5 2 0.481647 49.5954 0.165988 0.00346994 0.925 0.0248624 0.00250764 0.0968275 
qwerty 5 2 0.841716 37.2344 0.269836 -0.287237 1.6 0.0101972 -0.0393811 0.0913518 
qwerty 5 2 0.207281 20.3182 0.34859 -0.381645 1.9066 0.0218132 -0.0297487 0.0929473 
qwerty 5 2 0.0623674 18.0194 0.35131 -0.385499 1.91854 0.0219006 -0.030515 0.0926779 
qwerty 5 2 0.729354 17.29 0.435545 -0.502868 2.275 0.0234441 -0.0284321 0.0929623 
qwerty 5 2 1.39254 9.52575 0.827248 -1.03679 2.95 0.0355857 -0.0296284 0.0886331 
qwerty 5 2 1.18199 4.75968 0.313124 -1.36957 3.625 -0.02607 0.0270081 0.0926872 
qwerty 4 2 0.751875 88.7086 0.0255144 -0.0186938 0.25 0.0045846 -0.00501449 0.0997689 
qwerty 4 2 0.897938 53.5602 0.037 0.0451839 0.925 -0.00313001 0.0139695 0.09897 
qwerty 4 2 0.830598 50.6516 -0.0730846 0.140396 1.6 -0.0229287 0.0150243 0.0961694 
qwerty 4 2 1.0607 2.89815 0.0924555 0.419248 2.26897 0.0439068 -0.00844753 0.0894474 
qwerty 4 2 0.00796293 2.89019 0.0954161 0.418679 2.275 0.0410513 -0.00651805 0.0909522 
qwerty 41 4 0 0.748841 0.322049 0.342418 2.275 0.0529795 0.026214 0.0806598 
qwerty 41 4 0 0.748841 0.765407 0.56179 2.95 0.0529795 0.026214 0.0806598 
qwerty 40 4 0 0.495351 0.312003 0.776604 2.275 0.0412356 0.067334 0.0613657 
qwerty 40 4 0 0.495351 0.601913 1.25 2.70644 0.0412356 0.067334 0.0613657 
qwerty 40 4 0 0.495351 0.76558 1.51725 2.95 0.0412356 0.067334 0.0613657 
qwerty 40 4 0 0.495351 1.21916 2.2579 3.625 0.0412356 0.067334 0.0613657 
qwerty 39 4 0 42.8278 -0.208789 0.269933 2.275 -0.018686 0.0191648 0.0963512 
qwerty 39 4 0 42.8278 -0.339696 0.404194 2.95 -0.018686 0.0191648 0.0963512 
qwerty 39 4 0 42.8278 -0.470603 0.538455 3.625 -0.018686 0.0191648 0.0963512 
qwerty 39 4 0 42.8278 -0.60151 0.672717 4.3 -0.018686 0.0191648 0.0963512 
qwerty 39 4 0 42.8278 -0.732417 0.806978 4.975 -0.018686 0.0191648 0.0963512 
qwerty 39 4 0 42.8278 -0.863324 0.94124 5.65 -0.018686 0.0191648 0.0963512 
qwerty 46 39 0.472954 4.23546 -0.965295 0.9115 6.04056 -0.0212785 -0.0307019 0.0927611 
qwerty 46 39 0.00065641 2.26946 -0.965387 0.91137 6.04096 0.00185114 -0.0585437 0.0810506 
qwerty 46 39 0.0471848 1.30698 -0.967606 0.889486 6.06941 0.00684416 -0.0579981 0.081175 
qwerty 46 39 0.387589 0.919395 -0.993165 0.711635 6.23313 -0.0688179 -0.0462258 0.055922 
qwerty 46 39 0.308949 0.610447 -1.10622 0.635695 6.325 -0.0225025 -0.0809908 0.0541677 
qwerty 49 46 0.543147 1.4222 -1.10197 0.936551 6.325 -0.0803571 0.0383129 0.0455506 
qwerty 49 46 0.0135329 0.881081 -1.10856 0.929342 6.31784 -0.00147448 -0.0741078 -0.0671257 
qwerty 49 46 0.440046 0.441036 -1.071 0.843737 6.19421 0.0837647 0.044067 0.0322735 
qwerty 49 46 0.357941 0.0830945 -0.991305 0.913116 6.16018 0.0407792 0.090915 -0.00845746 
qwerty 49 46 0.0830945 0 -0.988914 0.918446 6.15969 0.0407792 0.090915 -0.00845746 
qwerty 51 49 0.0205031 0.418286 -1.11516 0.932745 6.30865 0.0488933 0.00292523 -0.0871831 
qwerty 51 49 0.0209117 0.397374 -1.10754 0.935464 6.2985 0.0612719 -0.00853759 -0.0785676 
qwerty 51 49 0.0362056 0.361169 -1.10049 0.933209 6.28471 0.0854011 -0.00638254 -0.0516326 
qwerty 51 49 0.0480424 0.313126 -1.08047 0.935882 6.2769 0.0915375 0.00495944 -0.0399536 
qwerty 51 49 0.100442 0.212685 -1.06086 0.946271 6.26103 0.0535772 0.0134686 -0.0833552 
qwerty 51 49 0.212685 0 -1.04565 0.950096 6.23736 0.0535772 0.0134686 -0.0833552 
qwerty 48 46 0.514673 1.13963 -0.825298 0.878711 6.28364 0.053214 0.0091261 0.0841723 
qwerty 48 46 0.0801907 1.05944 -0.799147 0.883196 6.325 0.0535821 0.0514451 0.0669504 
qwerty 48 46 0.160123 0.858124 -0.745263 0.838954 6.26438 0.0586351 -0.0552065 -0.0592804 
qwerty 48 46 0.156202 0.701922 -0.704954 0.773731 6.22566 0.0665868 -0.0732365 0.0142341 
qwerty 48 46 0.132966 0.568956 -0.638998 0.735003 6.26191 0.0499011 -0.072306 0.0477674 
qwerty 48 46 0.16457 0.404386 -0.610285 0.685676 6.32132 0.0373011 -0.0478111 0.0795156 
qwerty 48 46 0.00816246 0.396223 -0.60856 0.683465 6.325 0.0400167 -0.0525751 0.0750634 
qwerty 50 46 0 0.915286 -0.950933 0.734095 6.325 0.00556547 -0.0518687 0.0853151 
qwerty 37 4 0 0.812236 0.0929791 -0.00980874 0.925 0.0103021 0.00159179 0.0994552 
qwerty 37 4 0 0.812236 0.162899 0.000994702 1.6 0.0103021 0.00159179 0.0994552 
qwerty 37 4 0 0.812236 0.23282 0.0117981 2.275 0.0103021 0.00159179 0.0994552 
qwerty 37 4 0 0.812236 0.30274 0.0226016 2.95 0.0103021 0.00159179 0.0994552 
qwerty 37 4 0 0.812236 0.372661 0.033405 3.625 0.0103021 0.00159179 0.0994552 
qwerty 37 4 0 0.812236 0.442581 0.0442085 4.3 0.0103021 0.00159179 0.0994552 
qwerty 37 4 0 0.812236 0.512501 0.0550119 4.975 0.0103021 0.00159179 0.0994552 
qwerty 37 4 0 0.269151 0.564865 0.0631027 5.48052 -0.0707751 0.0675024 -0.0208402 
qwerty 37 4 0 0.193424 -0.0554328 0.654718 5.29786 -0.081584 -0.0539439 -0.0208353 
qwerty 37 4 0 0.193424 -0.634421 0.271888 5.15 -0.081584 -0.0539439 -0.0208353 
qwerty 55 37 0.0757269 0 -0.0559984 0.659667 5.29759 -0.0113377 0.0992041 -0.005477 
qwerty 54 37 0.230752 0.312334 0.634821 0.0659435 5.54439 0.0763121 -0.0603941 0.0230003 
qwerty 54 37 0.312334 0 0.674531 0.0345167 5.55636 0.0763121 -0.0603941 0.0230003 
qwerty 36 4 0 6.07945 0.0767426 -0.0436613 0.925 0.00758149 -0.00386224 0.0996374 
qwerty 36 4 0 6.07945 0.128104 -0.0698263 1.6 0.00758149 -0.00386224 0.0996374 
qwerty 36 4 0 6.07945 0.179465 -0.0959913 2.275 0.00758149 -0.00386224 0.0996374 
qwerty 36 4 0 6.07945 0.230827 -0.122156 2.95 0.00758149 -0.00386224 0.0996374 
qwerty 36 4 0 6.07945 0.282188 -0.148321 3.625 0.00758149 -0.00386224 0.0996374 
qwerty 36 4 0 6.07945 0.333549 -0.174486 4.3 0.00758149 -0.00386224 0.0996374 
qwerty 36 4 0 6.07945 0.384911 -0.200651 4.975 0.00758149 -0.00386224 0.0996374 
qwerty 36 4 0 6.07945 0.436272 -0.226816 5.65 0.00758149 -0.00386224 0.0996374 
qwerty 36 4 0 6.07945 0.487633 -0.252981 6.325 0.00758149 -0.00386224 0.0996374 
qwerty 36 4 0 6.07945 0.538994 -0.279146 7 0.00758149 -0.00386224 0.0996374 
qwerty 36 4 0 6.07945 0.590356 -0.305311 7.675 0.00758149 -0.00386224 0.0996374 
qwerty 36 4 0 6.07945 0.641717 -0.331476 8.35 0.00758149 -0.00386224 0.0996374 
qwerty 36 4 0 6.07945 0.693078 -0.357641 9.025 0.00758149 -0.00386224 0.0996374 
qwerty 36 4 0 6.07945 0.74444 -0.383806 9.7 0.00758149 -0.00386224 0.0996374 
qwerty 36 4 0 5.35693 0.720691 -0.382116 10.375 -0.00653659 0.00137206 0.0997767 
qwerty 36 4 0 5.35693 0.67647 -0.372834 11.05 -0.00653659 0.00137206 0.0997767 
qwerty 35 4 0 25.3153 0.0513717 -0.0629197 0.925 0.00382331 -0.00656028 0.0997113 
qwerty 35 4 0 25.3153 0.0772537 -0.10733 1.6 0.00382331 -0.00656028 0.0997113 
qwerty 35 4 0 25.3153 0.103136 -0.15174 2.275 0.00382331 -0.00656028 0.0997113 
qwerty 35 4 0 25.3153 0.129018 -0.19615 2.95 0.00382331 -0.00656028 0.0997113 
qwerty 61 35 1.00592 1.79936 0.790181 -0.240906 3.30109 0.027341 -0.0616703 0.073819 
qwerty 61 35 0.530924 1.26844 0.938282 -0.35438 3.55538 0.0360597 -0.0386602 0.0848828 
qwerty 61 35 0.146993 1.12144 0.967858 -0.386089 3.625 0.0398617 -0.0668466 0.0627899 
qwerty 61 35 0.0904141 0.716488 0.941558 -0.436581 3.61486 -0.0291734 -0.0859825 -0.0419038 
qwerty 61 35 0.100305 0.616183 0.923127 -0.487291 3.60799 -0.0645331 -0.0757083 -0.010185 
qwerty 61 35 0.080981 0.535202 0.89802 -0.524841 3.59615 -0.040936 -0.0370873 -0.0833593 
qwerty 61 35 0.11976 0.415442 0.873491 -0.541969 3.57327 -0.0802224 0.00557393 -0.0594415 
qwerty 61 35 0.0864755 0.328966 0.845114 -0.522136 3.53883 -0.0976134 -0.00133952 -0.0216755 
qwerty 61 35 0.162164 0.166803 0.797463 -0.527546 3.55587 -0.0444613 -0.0851717 0.0277304 
qwerty 61 35 0.133042 0.015554 0.789187 -0.5434 3.56103 0.0248486 -0.0964876 -0.00852654 
qwerty 61 35 0.015554 0 0.789261 -0.543689 3.561 0.0248486 -0.0964876 -0.00852654 
qwerty 65 61 0.00029101 0 0.588412 -0.932669 3.46378 -0.0447495 -0.0867619 -0.0216759 
qwerty 68 65 0.017916 0 0.588103 -0.932449 3.46385 -0.079926 0.0570747 0.0188232 
qwerty 64 61 0 4.62562 1.25 -0.111166 3.3041 0.0962405 0.0271546 0.00063015 
qwerty 64 61 0 4.62562 3.75 0.594218 3.32047 0.0962405 0.0271546 0.00063015 
qwerty 64 61 0 4.62562 6.25 1.2996 3.33683 0.0962405 0.0271546 0.00063015 
qwerty 64 61 0 4.62562 8.75 2.00499 3.3532 0.0962405 0.0271546 0.00063015 
qwerty 64 61 0 4.62562 11.25 2.71037 3.36957 0.0962405 0.0271546 0.00063015 
qwerty 64 61 0 0.26571 12.2259 2.98571 3.37596 -0.0784247 -0.0199622 -0.0587459 
qwerty 64 61 0 0.26571 11.8908 2.90044 3.125 -0.0784247 -0.0199622 -0.0587459 
qwerty 64 61 0 0.26571 11.0012 2.65608 2.45 -0.0776244 -0.0218306 -0.0591428 
qwerty 64 61 0 0.23081 10.7358 2.40566 1.775 -0.0106059 -0.0346333 -0.0932097 
qwerty 69 64 1.08547 3.27444 12.7935 3.2307 3.25322 0.0679557 0.0733533 0.00114599 
qwerty 69 64 0.987216 2.28723 13.1543 3.54991 3.16238 0.075589 0.0638971 0.014264 
qwerty 69 64 0.582856 1.66834 13.3288 3.79158 3.23701 0.0698037 0.070703 0.0113375 
qwerty 69 64 0.553807 1.11454 13.4947 4.01182 3.32525 0.0998181 0.00273155 -0.00537422 
qwerty 69 64 0.381545 0.732992 13.7003 3.99843 3.27067 0.0946756 -0.00492179 0.0318167 
qwerty 69 64 0.089433 0.643559 13.75 3.99585 3.28739 0.0961574 0.0271927 -0.00378281 
qwerty 69 64 0.0360752 0.607484 13.7732 4.00119 3.28656 0.0860331 0.0438537 -0.0259839 
qwerty 69 64 0.161541 0.445942 13.7933 4.01981 3.27958 0.0606577 0.058544 -0.0537888 
qwerty 69 64 0.0502411 0.395701 13.8173 4.03316 3.26825 0.0844273 0.00848936 -0.0529147 
qwerty 69 64 0.0908196 0.304882 13.8527 4.03126 3.25527 0.0973105 0.0224289 -0.00525393 
qwerty 69 64 0.304882 0 13.9015 4.0425 3.25264 0.0973105 0.0224289 -0.00525393 
qwerty 72 69 0 0.0360261 13.75 4.1454 3.24559 0.0765622 0.0643101 0.00155851 
qwerty 72 69 0 0.0360261 16.25 6.24533 3.29648 0.0765622 0.0643101 0.00155851 
qwerty 72 69 0 0.0347889 17.1994 7.04281 3.3158 0.00968677 0.0672991 -0.0733281 
qwerty 72 69 0 0.0347889 17.2246 7.21793 3.125 0.00968677 0.0672991 -0.0733281 
qwerty 73 72 0.00123728 0 17.1994 7.04281 3.3158 0.0680485 -0.000686064 0.073273 
qwerty 34 5 0 0.431983 0.0422085 -0.244094 3.125 -0.012406 0.0874281 -0.04693 
qwerty 34 5 0 0.372366 -0.0471471 0.202706 2.8797 0.0382012 0.0770743 -0.0509924 
qwerty 34 5 0 0.372366 0.274761 0.852184 2.45 0.0382012 0.0770743 -0.0509924 
qwerty 34 5 0 0.372366 0.78044 1.87244 1.775 0.0382012 0.0770743 -0.0509924 
qwerty 77 34 0.0578537 0 -0.0500942 0.203691 2.8795 -0.0946639 0.0316238 -0.00621955 
qwerty 33 5 0 0.377935 0.482734 -1.46966 3.88602 0.0386043 -0.089919 -0.0205983 
qwerty 33 5 0 0.377935 0.643951 -1.84517 3.8 0.0386043 -0.089919 -0.0205983 
qwerty 33 5 0 0.204166 0.647984 -1.84023 3.19997 -0.061417 0.0179269 -0.0768543 
qwerty 33 5 0 0.204166 0.588071 -1.82274 3.125 -0.061417 0.0179269 -0.0768543 
qwerty 81 33 0.0153417 0 0.648243 -1.84022 3.19984 0.0884237 0.000791808 -0.0466971 
qwerty 79 33 0.133064 0 0.48881 -1.46794 3.89751 0.0463405 0.0131087 0.0876397 
qwerty 32 5 0 0.745274 -0.140205 -1.99133 4.3 -0.0446775 -0.0617999 0.0646892 
qwerty 31 5 0 0.367584 0.191749 -1.19948 3.625 -0.0709278 -0.0170514 0.0683996 
qwerty 31 5 0 0.367584 -0.74336 -1.06269 4.3 -0.0807627 0.0130885 0.0574985 
qwerty 29 5 0 2.85776 0.676744 -0.727178 2.95 0.0303475 -0.0300146 0.0904331 
qwerty 29 5 0 2.85776 0.90326 -0.95121 3.625 0.0303475 -0.0300146 0.0904331 
qwerty 29 5 0 2.85776 1.12978 -1.17524 4.3 0.0303475 -0.0300146 0.0904331 
qwerty 29 5 0 2.85776 1.25 -1.29415 4.65826 0.0303475 -0.0300146 0.0904331 
qwerty 29 5 0 2.85776 1.35629 -1.39927 4.975 0.0303475 -0.0300146 0.0904331 
qwerty 29 5 0 2.85776 1.58281 -1.6233 5.65 0.0303475 -0.0300146 0.0904331 
qwerty 29 5 0 2.85776 1.80932 -1.84734 6.325 0.0303475 -0.0300146 0.0904331 
qwerty 29 5 0 2.85776 2.03584 -2.07137 7 0.0303475 -0.0300146 0.0904331 
qwerty 29 5 0 2.85776 2.26236 -2.2954 7.675 0.0303475 -0.0300146 0.0904331 
qwerty 29 5 0 2.85776 2.48887 -2.51943 8.35 0.0303475 -0.0300146 0.0904331 
qwerty 29 5 0 2.85776 2.71539 -2.74346 9.025 0.0303475 -0.0300146 0.0904331 
qwerty 29 5 0 2.85776 2.9419 -2.96749 9.7 0.0303475 -0.0300146 0.0904331 
qwerty 29 5 0 2.85776 3.16842 -3.19153 10.375 0.0303475 -0.0300146 0.0904331 
qwerty 29 5 0 2.85776 3.39494 -3.41556 11.05 0.0303475 -0.0300146 0.0904331 
qwerty 29 5 0 2.85776 3.62145 -3.63959 11.725 0.0303475 -0.0300146 0.0904331 
qwerty 29 5 0 2.85776 3.73309 -3.75 12.0577 0.0303475 -0.0300146 0.0904331 
qwerty 29 5 0 2.85776 3.84797 -3.86362 12.4 0.0303475 -0.0300146 0.0904331 
qwerty 29 5 0 2.85776 4.07448 -4.08765 13.075 0.0303475 -0.0300146 0.0904331 
qwerty 29 5 0 2.85776 4.301 -4.31168 13.75 0.0303475 -0.0300146 0.0904331 
qwerty 29 5 0 2.85776 4.52752 -4.53572 14.425 0.0303475 -0.0300146 0.0904331 
qwerty 29 5 0 2.85776 4.75403 -4.75975 15.1 0.0303475 -0.0300146 0.0904331 
qwerty 29 5 0 2.85776 4.98055 -4.98378 15.775 0.0303475 -0.0300146 0.0904331 
qwerty 29 5 0 2.85776 5.20706 -5.20781 16.45 0.0303475 -0.0300146 0.0904331 
qwerty 29 5 0 0.349013 5.92455 -5.45125 15.95 0.0721448 -0.015045 -0.0675927 
qwerty 29 5 0 0.349013 6.25 -5.51912 15.6451 0.0721448 -0.015045 -0.0675927 
qwerty 29 5 0 0.349013 6.64501 -5.60149 15.275 0.0721448 -0.015045 -0.0675927 
qwerty 29 5 0 0.349013 7.36546 -5.75173 14.6 0.0721448 -0.015045 -0.0675927 
qwerty 29 5 0 0.209603 7.94641 -5.87289 14.0557 -0.0590056 0.0322239 -0.0740268 
qwerty 29 5 0 0.209603 7.84223 -5.81599 13.925 -0.0590056 0.0322239 -0.0740268 
qwerty 89 29 0.13941 0 7.95964 -5.87712 14.0529 0.0933123 -0.0298352 -0.0200667 
qwerty 91 88 0 0.685467 4.39972 -5.96658 15.95 -0.0677137 -0.0524616 -0.0516007 
qwerty 91 88 0 0.685467 3.75 -6.46995 15.4549 -0.0677137 -0.0524616 -0.0516007 
qwerty 91 88 0 0.685467 3.51394 -6.65284 15.275 -0.0677137 -0.0524616 -0.0516007 
qwerty 91 88 0 0.205961 3.83467 -6.25 14.9958 0.0667596 0.0721423 -0.0184024 
qwerty 91 88 0 0.205961 5.27042 -4.69849 14.6 0.0667596 0.0721423 -0.0184024 
qwerty 28 5 0 1.13092 0.750662 -0.619138 2.95 0.0404922 -0.0132544 0.0904693 
qwerty 28 5 0 1.13092 1.05278 -0.71803 3.625 0.0404922 -0.0132544 0.0904693 
qwerty 28 5 0 1.13092 1.35489 -0.816922 4.3 0.0404922 -0.0132544 0.0904693 
qwerty 28 5 0 1.13092 1.65701 -0.915815 4.975 0.0404922 -0.0132544 0.0904693 
qwerty 28 5 0 1.13092 1.95913 -1.01471 5.65 0.0404922 -0.0132544 0.0904693 
qwerty 28 5 0 1.13092 2.26124 -1.1136 6.325 0.0404922 -0.0132544 0.0904693 
qwerty 28 5 0 0.750675 2.07959 -1.25 6.98307 -0.0267544 -0.0196137 0.0943372 
qwerty 28 5 0 0.750675 2.07479 -1.25352 7 -0.0267544 -0.0196137 0.0943372 
qwerty 27 5 0 2.23649 0.429854 -0.502739 2.275 0.0204872 -0.0305807 0.092979 
qwerty 27 5 0 2.23649 0.578585 -0.724746 2.95 0.0204872 -0.0305807 0.092979 
qwerty 27 5 0 2.23649 0.727316 -0.946752 3.625 0.0204872 -0.0305807 0.092979 
qwerty 27 5 0 2.23649 0.876047 -1.16876 4.3 0.0204872 -0.0305807 0.092979 
qwerty 27 5 0 2.23649 1.02478 -1.39077 4.975 0.0204872 -0.0305807 0.092979 
qwerty 27 5 0 2.23649 1.17351 -1.61277 5.65 0.0204872 -0.0305807 0.092979 
qwerty 27 5 0 2.23649 1.25 -1.72695 5.99714 0.0204872 -0.0305807 0.092979 
qwerty 27 5 0 2.23649 1.32224 -1.83478 6.325 0.0204872 -0.0305807 0.092979 
qwerty 27 5 0 2.23649 1.47097 -2.05678 7 0.0204872 -0.0305807 0.092979 
qwerty 27 5 0 2.23649 1.6197 -2.27879 7.675 0.0204872 -0.0305807 0.092979 
qwerty 27 5 0 2.23649 1.76843 -2.5008 8.35 0.0204872 -0.0305807 0.092979 
qwerty 27 5 0 2.23649 1.91716 -2.7228 9.025 0.0204872 -0.0305807 0.092979 
qwerty 27 5 0 2.23649 2.0659 -2.94481 9.7 0.0204872 -0.0305807 0.092979 
qwerty 27 5 0 2.23649 2.21463 -3.16682 10.375 0.0204872 -0.0305807 0.092979 
qwerty 27 5 0 2.23649 2.36336 -3.38882 11.05 0.0204872 -0.0305807 0.092979 
qwerty 27 5 0 2.23649 2.51209 -3.61083 11.725 0.0204872 -0.0305807 0.092979 
qwerty 27 5 0 2.23649 2.60532 -3.75 12.1481 0.0204872 -0.0305807 0.092979 
qwerty 27 5 0 2.23649 2.66082 -3.83284 12.4 0.0204872 -0.0305807 0.092979 
qwerty 27 5 0 2.23649 2.80955 -4.05484 13.075 0.0204872 -0.0305807 0.092979 
qwerty 27 5 0 2.23649 2.95828 -4.27685 13.75 0.0204872 -0.0305807 0.092979 
qwerty 27 5 0 2.23649 3.10701 -4.49886 14.425 0.0204872 -0.0305807 0.092979 
qwerty 27 5 0 2.23649 3.25574 -4.72086 15.1 0.0204872 -0.0305807 0.092979 
qwerty 27 5 0 2.23649 3.40448 -4.94287 15.775 0.0204872 -0.0305807 0.092979 
qwerty 27 5 0 2.23649 3.55321 -5.16488 16.45 0.0204872 -0.0305807 0.092979 
qwerty 27 5 0 2.23649 3.70194 -5.38688 17.125 0.0204872 -0.0305807 0.092979 
qwerty 27 5 0 2.23649 3.85067 -5.60889 17.8 0.0204872 -0.0305807 0.092979 
qwerty 27 5 0 2.23649 3.9994 -5.8309 18.475 0.0204872 -0.0305807 0.092979 
qwerty 27 5 0 2.23649 4.14813 -6.0529 19.15 0.0204872 -0.0305807 0.092979 
qwerty 27 5 0 2.23649 4.29686 -6.27491 19.825 0.0204872 -0.0305807 0.092979 
qwerty 27 5 0 2.23649 4.44559 -6.49692 20.5 0.0204872 -0.0305807 0.092979 
qwerty 27 5 0 2.23649 4.59432 -6.71892 21.175 0.0204872 -0.0305807 0.092979 
qwerty 26 5 0 0.022054 0.440254 -0.497513 2.275 0.0230938 -0.0291916 0.0928145 
qwerty 25 5 0 8.16774 0.475752 -0.430335 2.275 0.0309831 -0.0181939 0.0933222 
qwerty 108 101 0 4.27841 1.64005 -0.367793 2.95 0.0898272 0.00465208 0.0436971 
qwerty 108 101 0 4.27841 3.02763 -0.295931 3.625 0.0898272 0.00465208 0.0436971 
qwerty 108 101 0 4.27841 4.41522 -0.224069 4.3 0.0898272 0.00465208 0.0436971 
qwerty 108 101 0 4.27841 5.8028 -0.152207 4.975 0.0898272 0.00465208 0.0436971 
qwerty 108 101 0 4.27841 7.19038 -0.0803454 5.65 0.0898272 0.00465208 0.0436971 
qwerty 108 101 0 1.14622 8.38956 -1.22517 6.325 0.0613929 -0.0705223 0.0354617 
qwerty 108 101 0 1.14622 9.55815 -2.56753 7 0.0613929 -0.0705223 0.0354617 
qwerty 108 101 0 1.14622 10.7267 -3.9099 7.675 0.0613929 -0.0705223 0.0354617 
qwerty 106 101 0 1.10246 2.45754 1.25 2.84813 0.0741322 0.0651848 0.0159801 
qwerty 106 101 0 1.10246 2.93014 1.66556 2.95 0.0741322 0.0651848 0.0159801 
qwerty 106 101 0 0.238866 3.04986 1.36485 2.45 -0.0164016 -0.0673457 -0.0720801 
qwerty 106 101 0 0.238866 2.81017 0.784512 1.775 -0.0285927 -0.0616166 -0.0733884 
qwerty 23 5 0 0.88021 0.395879 -0.517338 2.275 0.0169098 -0.0328686 0.0929178 
qwerty 22 5 0 0.566154 0.340242 -0.3699 1.90182 -0.0269099 -0.0041934 0.0962199 
qwerty 22 5 0 0.566154 0.235874 -0.386164 2.275 -0.0269099 -0.0041934 0.0962199 
qwerty 22 5 0 0.566154 0.0470965 -0.415582 2.95 -0.0269099 -0.0041934 0.0962199 
qwerty 123 22 0.107529 0 0.348324 -0.373429 1.90421 0.0884507 -0.0386158 0.026178 
qwerty 20 5 0 4.12055 0.450945 -0.59121 2.275 0.0240059 -0.039983 0.0884595 
qwerty 20 5 0 4.12055 0.634124 -0.896304 2.95 0.0240059 -0.039983 0.0884595 
qwerty 20 5 0 4.12055 0.817304 -1.2014 3.625 0.0240059 -0.039983 0.0884595 
qwerty 20 5 0 4.12055 1.00048 -1.50649 4.3 0.0240059 -0.039983 0.0884595 
qwerty 20 5 0 4.12055 1.18366 -1.81159 4.975 0.0240059 -0.039983 0.0884595 
qwerty 20 5 0 4.12055 1.36684 -2.11668 5.65 0.0240059 -0.039983 0.0884595 
qwerty 20 5 0 4.12055 1.55002 -2.42178 6.325 0.0240059 -0.039983 0.0884595 
qwerty 20 5 0 4.12055 1.7332 -2.72687 7 0.0240059 -0.039983 0.0884595 
qwerty 20 5 0 4.12055 1.91638 -3.03197 7.675 0.0240059 -0.039983 0.0884595 
qwerty 20 5 0 4.12055 2.09956 -3.33706 8.35 0.0240059 -0.039983 0.0884595 
qwerty 126 20 0.79522 2.52093 2.12408 -3.79973 8.83471 -0.00597477 -0.0581547 0.0811316 
qwerty 126 20 0.133369 1.97974 2.11926 -3.83718 8.90291 -0.00996849 -0.0394603 0.0913428 
qwerty 126 20 0.207216 1.77252 2.10593 -3.88992 9.025 0.00301051 -0.0639523 0.0768182 
qwerty 127 126 0.169231 0.238591 2.05119 -3.81037 8.92684 -0.0951968 -0.0305761 0.00163221 
qwerty 127 126 0.238591 0 2.0187 -3.8208 8.9274 -0.0951968 -0.0305761 0.00163221 
qwerty 19 5 0 2.38179 0.289581 -0.309331 1.6 0.0135321 -0.0462759 0.0876095 
qwerty 19 5 0 2.38179 0.393841 -0.665871 2.275 0.0135321 -0.0462759 0.0876095 
qwerty 19 5 0 2.38179 0.498101 -1.02241 2.95 0.0135321 -0.0462759 0.0876095 
qwerty 19 5 0 2.38179 0.60236 -1.37895 3.625 0.0135321 -0.0462759 0.0876095 
qwerty 19 5 0 2.38179 0.70662 -1.73549 4.3 0.0135321 -0.0462759 0.0876095 
qwerty 19 5 0 2.38179 0.81088 -2.09203 4.975 0.0135321 -0.0462759 0.0876095 
qwerty 19 5 0 2.38179 0.915139 -2.44857 5.65 0.0135321 -0.0462759 0.0876095 
qwerty 19 5 0 2.38179 1.0194 -2.80511 6.325 0.0135321 -0.0462759 0.0876095 
qwerty 19 5 0 2.38179 1.12366 -3.16165 7 0.0135321 -0.0462759 0.0876095 
qwerty 19 5 0 2.38179 1.22792 -3.51819 7.675 0.0135321 -0.0462759 0.0876095 
qwerty 19 5 0 2.38179 1.29571 -3.75 8.11387 0.0135321 -0.0462759 0.0876095 
qwerty 19 5 0 2.38179 1.33218 -3.87473 8.35 0.0135321 -0.0462759 0.0876095 
qwerty 19 5 0 2.38179 1.43644 -4.23127 9.025 0.0135321 -0.0462759 0.0876095 
qwerty 19 5 0 2.38179 1.5407 -4.58781 9.7 0.0135321 -0.0462759 0.0876095 
qwerty 19 5 0 2.38179 1.64496 -4.94435 10.375 0.0135321 -0.0462759 0.0876095 
qwerty 19 5 0 2.38179 1.74922 -5.30089 11.05 0.0135321 -0.0462759 0.0876095 
qwerty 19 5 0 0.475704 2.23566 -6.25 10.7756 0.0436371 -0.0830607 -0.0345937 
qwerty 19 5 0 0.475704 2.52021 -6.79163 10.55 0.0436371 -0.0830607 -0.0345937 
qwerty 19 5 0 0.196606 1.29705 -7.85034 10.7413 -0.0501436 -0.00495372 -0.0863776 
qwerty 19 5 0 0.196606 1.18597 -7.86131 10.55 -0.0501436 -0.00495372 -0.0863776 
qwerty 132 19 0.0714793 0 1.29538 -7.85298 10.7446 -0.0369309 -0.0585926 0.0721319 
qwerty 17 5 0 0.338582 0.313832 -0.194356 1.6 0.0204961 -0.0300275 0.0931572 
qwerty 16 5 0 1.4141 0.309093 -0.20234 1.6 0.0197229 -0.0311947 0.0929403 
qwerty 16 5 0 1.4141 0.452334 -0.428899 2.275 0.0197229 -0.0311947 0.0929403 
qwerty 16 5 0 1.4141 0.595576 -0.655457 2.95 0.0197229 -0.0311947 0.0929403 
qwerty 16 5 0 1.4141 0.738818 -0.882015 3.625 0.0197229 -0.0311947 0.0929403 
qwerty 16 5 0 1.4141 0.88206 -1.10857 4.3 0.0197229 -0.0311947 0.0929403 
qwerty 16 5 0 1.4141 1.0253 -1.33513 4.975 0.0197229 -0.0311947 0.0929403 
qwerty 16 5 0 1.4141 1.16854 -1.56169 5.65 0.0197229 -0.0311947 0.0929403 
qwerty 16 5 0 0.973428 1.19393 -2.22405 6.325 -0.00106664 -0.0763232 0.0646036 
qwerty 16 5 0 0.973428 1.18279 -3.0215 7 -0.00106664 -0.0763232 0.0646036 
qwerty 15 5 0 0.525963 0.320952 -0.168545 1.6 0.0217439 -0.0263361 0.0939873 
qwerty 15 5 0 0.525963 0.477112 -0.357686 2.275 0.0217439 -0.0263361 0.0939873 
qwerty 14 5 0 3.40312 0.308489 0.00437306 1.6 0.0204963 8.25121e-05 0.0978769 
qwerty 14 5 0 3.40312 0.44984 0.0049421 2.275 0.0204963 8.25121e-05 0.0978769 
qwerty 14 5 0 3.40312 0.591191 0.00551114 2.95 0.0204963 8.25121e-05 0.0978769 
qwerty 14 5 0 3.40312 0.732542 0.00608018 3.625 0.0204963 8.25121e-05 0.0978769 
qwerty 14 5 0 3.40312 0.873893 0.00664921 4.3 0.0204963 8.25121e-05 0.0978769 
qwerty 13 5 0 0.854106 0.342007 -0.000997703 1.6 0.0252536 -0.000745225 0.0967559 
qwerty 13 5 0 0.854106 0.518184 -0.00619663 2.275 0.0252536 -0.000745225 0.0967559 
qwerty 13 5 0 0.854106 0.69436 -0.0113956 2.95 0.0252536 -0.000745225 0.0967559 
qwerty 13 5 0 0.854106 0.870537 -0.0165945 3.625 0.0252536 -0.000745225 0.0967559 
qwerty 13 5 0 0.854106 1.04671 -0.0217934 4.3 0.0252536 -0.000745225 0.0967559 
qwerty 13 5 0 0.854106 1.22289 -0.0269924 4.975 0.0252536 -0.000745225 0.0967559 
qwerty 13 5 0 0.854106 1.39907 -0.0321913 5.65 0.0252536 -0.000745225 0.0967559 
qwerty 13 5 0 0.854106 1.57524 -0.0373902 6.325 0.0252536 -0.000745225 0.0967559 
qwerty 13 5 0 0.854106 1.75142 -0.0425891 7 0.0252536 -0.000745225 0.0967559 
qwerty 13 5 0 0.854106 1.9276 -0.0477881 7.675 0.0252536 -0.000745225 0.0967559 
qwerty 13 5 0 0.854106 2.10377 -0.052987 8.35 0.0252536 -0.000745225 0.0967559 
qwerty 13 5 0 0.854106 2.27995 -0.0581859 9.025 0.0252536 -0.000745225 0.0967559 
qwerty 13 5 0 0.854106 2.45613 -0.0633849 9.7 0.0252536 -0.000745225 0.0967559 
qwerty 13 5 0 0.854106 2.63231 -0.0685838 10.375 0.0252536 -0.000745225 0.0967559 
qwerty 13 5 0 0.854106 2.80848 -0.0737827 11.05 0.0252536 -0.000745225 0.0967559 
qwerty 13 5 0 0.768087 3.2695 -0.176787 11.725 0.0563759 -0.0126721 0.081616 
qwerty 13 5 0 0.768087 3.73575 -0.281591 12.4 0.0563759 -0.0126721 0.081616 
qwerty 12 5 0 0.456998 0.167307 0.00402064 0.925 0.0226596 0.00179052 0.0973824 
qwerty 12 5 0 0.456998 0.324371 0.0164315 1.6 0.0226596 0.00179052 0.0973824 
qwerty 11 5 0.00029101 0 0.0866085 -0.00225467 0.577512 0.0217995 0.00167351 0.0975806 
qwerty 146 11 0.0053921 0 0.086654 -0.00225195 0.577511 0.0998019 0.00596157 -0.00200885 
qwerty 10 5 0 0.155421 0.132115 0.0226197 0.925 0.0162671 0.00634441 0.0984639 
qwerty 9 5 0 153.019 0.101385 -0.0191317 0.925 0.0104299 -0.00152505 0.0994429 
qwerty 9 5 0 153.019 0.172182 -0.0294835 1.6 0.0104299 -0.00152505 0.0994429 
qwerty 9 5 0 153.019 0.242978 -0.0398352 2.275 0.0104299 -0.00152505 0.0994429 
qwerty 9 5 0 153.019 0.313775 -0.0501869 2.95 0.0104299 -0.00152505 0.0994429 
qwerty 9 5 0 153.019 0.384571 -0.0605387 3.625 0.0104299 -0.00152505 0.0994429 
qwerty 9 5 0 153.019 0.455367 -0.0708904 4.3 0.0104299 -0.00152505 0.0994429 
qwerty 9 5 0 153.019 0.526164 -0.0812422 4.975 0.0104299 -0.00152505 0.0994429 
qwerty 9 5 0 153.019 0.59696 -0.0915939 5.65 0.0104299 -0.00152505 0.0994429 
qwerty 9 5 0 153.019 0.667757 -0.101946 6.325 0.0104299 -0.00152505 0.0994429 
qwerty 9 5 0 153.019 0.738553 -0.112297 7 0.0104299 -0.00152505 0.0994429 
qwerty 9 5 0 153.019 0.80935 -0.122649 7.675 0.0104299 -0.00152505 0.0994429 
qwerty 9 5 0 153.019 0.880146 -0.133001 8.35 0.0104299 -0.00152505 0.0994429 
qwerty 9 5 0 153.019 0.950942 -0.143353 9.025 0.0104299 -0.00152505 0.0994429 
qwerty 9 5 0 153.019 1.02174 -0.153704 9.7 0.0104299 -0.00152505 0.0994429 
qwerty 9 5 0 0 1.05301 -0.158276 9.99811 0.0104299 -0.00152505 0.0994429 
qwerty 8 5 0 0.276156 0.060402 -0.0120732 0.512959 -0.023258 -0.0943821 0.0234754 
qwerty 8 5 0 0.276156 -0.347823 -1.66867 0.925 -0.023258 -0.0943821 0.0234754 
qwerty 7 5 0 10.3393 0.0884375 -0.0107826 0.925 0.00836882 -0.00026757 0.0996488 
qwerty 7 5 0 10.3393 0.145126 -0.012595 1.6 0.00836882 -0.00026757 0.0996488 
qwerty 7 5 0 10.3393 0.201815 -0.0144075 2.275 0.00836882 -0.00026757 0.0996488 
qwerty 7 5 0 10.3393 0.258503 -0.0162199 2.95 0.00836882 -0.00026757 0.0996488 
qwerty 7 5 0 10.3393 0.315192 -0.0180324 3.625 0.00836882 -0.00026757 0.0996488 
qwerty 7 5 0 10.3393 0.371881 -0.0198449 4.3 0.00836882 -0.00026757 0.0996488 
qwerty 7 5 0 10.3393 0.428569 -0.0216573 4.975 0.00836882 -0.00026757 0.0996488 
qwerty 7 5 0 10.3393 0.485258 -0.0234698 5.65 0.00836882 -0.00026757 0.0996488 
qwerty 6 5 0 5.2347 0.0321146 -0.00959914 0.25 0.00645049 -0.00181268 0.0997753 
qwerty 6 5 0 5.2347 0.0757535 -0.0218623 0.925 0.00645049 -0.00181268 0.0997753 
qwerty 6 5 0 5.2347 0.119392 -0.0341254 1.6 0.00645049 -0.00181268 0.0997753 
qwerty 6 5 0 5.2347 0.163031 -0.0463885 2.275 0.00645049 -0.00181268 0.0997753 
qwerty 6 5 0 5.2347 0.20667 -0.0586517 2.95 0.00645049 -0.00181268 0.0997753 
qwerty 6 5 0 5.2347 0.250309 -0.0709148 3.625 0.00645049 -0.00181268 0.0997753 
qwerty 6 5 0 5.2347 0.293948 -0.0831779 4.3 0.00645049 -0.00181268 0.0997753 
qwerty 6 5 0 5.2347 0.337587 -0.095441 4.975 0.00645049 -0.00181268 0.0997753 
qwerty 6 5 0 5.2347 0.381226 -0.107704 5.65 0.00645049 -0.00181268 0.0997753 
qwerty 6 5 0 5.2347 0.424865 -0.119967 6.325 0.00645049 -0.00181268 0.0997753 
qwerty 6 5 0 5.2347 0.468504 -0.13223 7 0.00645049 -0.00181268 0.0997753 
qwerty 6 5 0 5.2347 0.512143 -0.144494 7.675 0.00645049 -0.00181268 0.0997753 
qwerty 6 5 0 3.28599 0.613788 0.0691144 8.35 0.0144208 0.0307682 0.0940498 
qwerty 6 5 0 3.28599 0.717286 0.289939 9.025 0.0144208 0.0307682 0.0940498 
qwerty 6 5 0 3.28599 0.820785 0.510764 9.7 0.0144208 0.0307682 0.0940498 
qwerty 6 5 0 3.28599 0.924283 0.731588 10.375 0.0144208 0.0307682 0.0940498 
qwerty 6 5 0 3.28599 1.02778 0.952413 11.05 0.0144208 0.0307682 0.0940498 
qwerty 6 5 0 3.28599 1.13128 1.17324 11.725 0.0144208 0.0307682 0.0940498 
qwerty 6 5 0 3.28599 1.16726 1.25 11.9596 0.0144208 0.0307682 0.0940498 
qwerty 6 5 0 3.28599 1.23478 1.39406 12.4 0.0144208 0.0307682 0.0940498 
qwerty 6 5 0 3.28599 1.33828 1.61489 13.075 0.0144208 0.0307682 0.0940498 
qwerty 6 5 0 3.28599 1.44178 1.83571 13.75 0.0144208 0.0307682 0.0940498 
qwerty 6 5 0 3.28599 1.54527 2.05654 14.425 0.0144208 0.0307682 0.0940498 
qwerty 6 5 0 3.28599 1.64877 2.27736 15.1 0.0144208 0.0307682 0.0940498 
qwerty 6 5 0 3.28599 1.75227 2.49819 15.775 0.0144208 0.0307682 0.0940498 
qwerty 6 5 0 3.28599 1.85577 2.71901 16.45 0.0144208 0.0307682 0.0940498 
qwerty 6 5 0 3.28599 1.95927 2.93983 17.125 0.0144208 0.0307682 0.0940498 
qwerty 6 5 0 3.28599 2.06277 3.16066 17.8 0.0144208 0.0307682 0.0940498 
qwerty 6 5 0 3.28599 2.16627 3.38148 18.475 0.0144208 0.0307682 0.0940498 
qwerty 6 5 0 3.28599 2.26976 3.60231 19.15 0.0144208 0.0307682 0.0940498 
qwerty 6 5 0 3.28599 2.37326 3.82313 19.825 0.0144208 0.0307682 0.0940498 
qwerty 6 5 0 3.28599 2.47676 4.04396 20.5 0.0144208 0.0307682 0.0940498 
qwerty 6 5 0 3.28599 2.58026 4.26478 21.175 0.0144208 0.0307682 0.0940498 
qwerty 6 5 0 3.28599 2.68376 4.48561 21.85 0.0144208 0.0307682 0.0940498 
qwerty 6 5 0 3.28599 2.78726 4.70643 22.525 0.0144208 0.0307682 0.0940498 
qwerty 6 5 0 3.28599 2.89075 4.92726 23.2 0.0144208 0.0307682 0.0940498 
qwerty 6 5 0 3.28599 2.99425 5.14808 23.875 0.0144208 0.0307682 0.0940498 
qwerty 6 5 0 3.28599 3.09775 5.36891 24.55 0.0144208 0.0307682 0.0940498 
qwerty 6 5 0 3.28599 3.20125 5.58973 25.225 0.0144208 0.0307682 0.0940498 
qwerty 6 5 0 3.28599 3.30475 5.81055 25.9 0.0144208 0.0307682 0.0940498 
qwerty 149 9 0.240729 49.5229 1.07002 -0.163199 10.1733 0.00928322 -0.00180298 0.0995519 
qwerty 149 9 0.26565 49.2572 1.08883 -0.166852 10.375 0.0108779 -0.00317848 0.0993558 
qwerty 149 9 0.0173631 42.2549 1.1024 -0.157114 10.5621 0.00783997 0.0173936 0.0981631 
qwerty 149 9 0.072993 41.1254 1.10553 -0.149184 10.6054 0.00796455 0.0170962 0.0982053 
qwerty 149 9 0.593016 40.5324 1.14158 -0.0717903 11.05 0.0095087 0.0221415 0.0970533 
qwerty 149 9 0.465963 36.9327 1.25 -0.0857403 11.4939 0.028936 -0.011807 0.0949911 
qwerty 149 9 0.351951 36.5807 1.32039 -0.114462 11.725 0.0289045 -0.0146365 0.094606 
qwerty 149 9 0.734485 22.5072 1.31343 -0.159245 12.4 -0.00920228 0.000731479 0.099573 
qwerty 149 9 0.242269 19.8181 1.34167 -0.147924 12.7393 0.0256496 0.0045631 0.0965468 
qwerty 149 9 0.534714 19.1681 1.40573 -0.132528 13.0456 0.0201845 -0.00868681 0.0975558 
qwerty 149 9 0.0673245 19.1008 1.4118 -0.135143 13.075 0.0183061 -0.00662564 0.0980866 
qwerty 149 9 1.02541 14.4191 1.64786 -0.0978889 13.75 0.0172917 0.0312143 0.0934166 
qwerty 62 35 0.767739 4.17399 0.0255692 -0.19879 3.625 -0.0337243 -0.00431145 0.094043 
qwerty 62 35 0.856347 2.70423 0.0408985 0.287349 3.38616 0.028854 0.0881535 -0.0373686 
qwerty 62 35 0.687533 2.01669 0.246341 0.640322 3.27164 0.0640088 0.0731914 -0.0233643 
qwerty 62 35 0.230173 1.70412 0.326897 0.767147 3.26365 0.0736329 0.0644943 0.0204614 
qwerty 62 35 0.544819 1.1593 0.461469 1.05631 3.27891 0.0897877 0.0420278 0.0131086 
qwerty 62 35 0.467548 0.691755 0.632637 1.21453 3.2468 0.0632803 0.0324932 -0.0702837 
qwerty 62 35 0.36517 0.326585 0.730262 1.27553 3.16098 0.00284945 0.00110772 -0.0999533 
qwerty 62 35 0.103324 0.223261 0.731288 1.27593 3.125 -0.0236635 -0.0387513 -0.0890976 
qwerty 60 36 0.531156 1.21403 0.848404 -0.349997 11.4758 0.0354386 0.0098642 0.0929882 
qwerty 60 36 0.366009 0.848019 0.946015 -0.293111 11.6731 -0.00193478 0.0705926 0.0708021 
qwerty 60 36 0.126607 0.721412 0.944597 -0.24137 11.725 0.00404332 0.0420275 0.0906495 
qwerty 60 36 0.00998503 0.337355 0.954737 -0.241549 11.7224 0.0830919 0.00228731 -0.0555923 
qwerty 60 36 0.0168821 0.320473 0.961114 -0.241174 11.7194 0.0845462 -0.00971689 -0.0525122 
qwerty 60 36 0.0653313 0.255142 0.967337 -0.243589 11.7155 0.0561531 -0.0292256 -0.0774125 
qwerty 60 36 0.0227874 0.232354 0.97145 -0.248012 11.7102 0.094746 -0.0296658 0.0119637 
qwerty 60 36 0.0187569 0.213597 0.980553 -0.249786 11.7097 0.0972957 0.000765483 0.0230858 
qwerty 60 36 0.0269728 0.186625 0.990059 -0.245919 11.7116 0.0392206 0.0393609 0.0831412 
qwerty 60 36 0.0169125 0.169712 0.991932 -0.242976 11.7166 0.0549749 0.00619834 0.0833027 
qwerty 60 36 0.0123697 0.157342 0.99544 -0.244525 11.722 0.0236112 -0.0130291 0.0962951 
qwerty 60 36 0.0173406 0.140002 0.996173 -0.244929 11.725 0.053146 0.0223795 0.0816986 
qwerty 60 36 0.00402772 0.112672 0.997289 -0.246524 11.7241 0.0409675 -0.0609575 -0.0678664 
qwerty 60 36 0.00366415 0.109008 0.997574 -0.24733 11.7232 0.0295639 -0.0521339 -0.0800502 
qwerty 60 36 0.0027678 0.10624 0.997953 -0.24768 11.7223 0.0199297 -0.0318595 -0.0926703 
qwerty 60 36 0.00616371 0.100077 0.99828 -0.247808 11.7207 0.0117502 -0.0371507 -0.0920965 
qwerty 60 36 0.00926241 0.0908141 0.997857 -0.249169 11.7185 -0.0386187 -0.0198333 -0.0900846 
qwerty 60 36 0.0222748 0.0685393 0.996654 -0.248703 11.7153 -0.0135366 0.0195914 -0.0971233 
qwerty 60 36 0.0685393 0 0.996101 -0.247903 11.7113 -0.0135366 0.0195914 -0.0971233 
qwerty 60 36 0 0 0.996101 -0.247903 11.7113 -0.0135366 0.0195914 -0.0971233 
qwerty 47 39 0.927129 33.5741 -0.952803 1.08625 6.325 -0.0135737 0.0162386 0.0977347 
qwerty 47 39 0.921523 28.9144 -1.15774 1.23916 7 -0.0373341 0.0290431 0.088106 
qwerty 47 39 0.680875 5.33705 -1.25 1.43724 7.57916 -0.0107072 -0.000381816 0.0994244 
qwerty 47 39 0.134435 5.20261 -1.26032 1.43687 7.675 -3.68498e-05 -0.00257993 0.0999667 
qwerty 169 149 0.169231 0.372988 1.37605 -0.17375 12.7553 0.07621 -0.0647286 0.00149375 
qwerty 169 149 0.180109 0.192879 1.44456 -0.183625 12.7542 0.0661855 0.0282868 0.0694214 
qwerty 169 149 0.192879 0 1.4606 -0.176768 12.771 0.0661855 0.0282868 0.0694214 
qwerty 163 149 0.315084 1.10695 1.22434 -0.172616 10.7167 0.0752117 0.0150015 0.0641729 
qwerty 163 149 0.334459 0.772491 1.38378 -0.214656 10.8308 0.051798 -0.0492325 0.0699509 
qwerty 163 149 0.371007 0.401484 1.4537 -0.383673 10.8816 -0.0278493 -0.0819817 0.0500342 
qwerty 163 149 0.321882 0.0796023 1.43256 -0.445894 10.9196 -0.0806849 0.0559973 -0.0188218 
qwerty 163 149 0.0796023 0 1.42817 -0.442847 10.9185 -0.0806849 0.0559973 -0.0188218 
qwerty 150 8 0.203731 0 0.0669028 0.00148057 0.53477 0.0245408 0.0511662 0.0823393 
qwerty 148 9 0.638002 99.0116 1.09275 -0.160307 10.375 0.00949958 0.00209838 0.0995256 
qwerty 148 9 0.0300966 77.1283 1.10055 -0.164762 10.5739 -0.00102171 0.000947028 0.0999903 
qwerty 148 9 0.533262 76.5526 1.09972 -0.163829 10.9569 -0.000188356 0.000367603 0.0999991 
qwerty 148 9 0.06867 76.0996 1.09983 -0.163701 10.9949 -0.000796097 0.000745425 0.0999941 
qwerty 148 9 0.0937268 76.0058 1.09939 -0.16329 11.05 -0.00196985 0.000969514 0.0999759 
qwerty 148 9 0.780393 72.0832 1.21761 -0.137325 11.725 0.0218021 -0.00298712 0.0975487 
qwerty 148 9 1.06556 14.1193 0.794462 -0.123671 12.4 -0.0730118 0.000432519 0.0683308 
qwerty 209 148 0.0685611 0.315796 1.10201 -0.192825 11.014 0.0162286 -0.088284 0.0440745 
qwerty 209 148 0.0335466 0.28225 1.1009 -0.209569 11.0176 -0.0178982 -0.0930465 0.0319689 
qwerty 209 148 0.0716342 0.210616 1.09652 -0.224237 11.0257 -0.0129521 -0.0559379 0.081873 
qwerty 209 148 0.0546725 0.155943 1.09663 -0.229346 11.0382 0.0629106 0.0745393 -0.0220488 
qwerty 209 148 0.0246448 0.131298 1.1018 -0.225336 11.0336 0.0582803 0.059209 -0.0556571 
qwerty 209 148 0.0244833 0.106815 1.10873 -0.222223 11.0314 0.0711848 0.067223 0.0203419 
qwerty 209 148 0.106815 0 1.11516 -0.21615 11.0332 0.0711848 0.067223 0.0203419 
qwerty 207 148 0.0813801 0.633447 1.09891 -0.183576 10.5989 -0.00151508 -0.0753332 0.0657466 
qwerty 207 148 0.0716342 0.561813 1.09327 -0.20446 10.6299 0.0169018 -0.0403341 0.0899305 
qwerty 207 148 0.0915466 0.470266 1.0979 -0.210618 10.6798 0.0377108 0.015397 0.0913281 
qwerty 207 148 0.252452 0.217815 1.162 -0.180917 10.7233 0.0501152 0.0634969 0.058793 
qwerty 207 148 0.217815 0 1.17678 -0.162184 10.7407 0.0501152 0.0634969 0.058793 
qwerty 215 148 0 0.268896 0.851169 -0.477582 13.075 0.0372362 -0.0622194 0.0688637 
qwerty 215 148 0 0.268896 1.21616 -1.08746 13.75 0.0372362 -0.0622194 0.0688637 
qwerty 214 148 0 7.24659 0.629909 0.864154 13.075 0.005826 0.086124 0.0504847 
qwerty 214 148 0 7.24659 0.65601 1.25 13.3012 0.005826 0.086124 0.0504847 
qwerty 214 148 0 7.24659 0.707805 2.01567 13.75 0.005826 0.086124 0.0504847 
qwerty 214 148 0 7.24659 0.785701 3.16718 14.425 0.005826 0.086124 0.0504847 
qwerty 214 148 0 0.64573 0.210359 3.4283 15.1 -0.0753813 -0.000999643 0.0657013 
qwerty 214 148 0 0.64573 -0.564091 3.41803 15.775 -0.0753813 -0.000999643 0.0657013 
qwerty 217 214 0.0899158 6.1725 0.812828 3.50606 14.6377 0.0067809 0.0781712 0.0619942 
qwerty 217 214 0.44628 5.72622 0.833989 3.75 14.8312 0.0179767 0.0746493 0.064065 
qwerty 217 214 0.730519 4.9957 0.909416 4.06322 15.1 0.0210313 0.069925 0.068324 
qwerty 222 217 0 0.664756 0.714908 4.33167 15.775 -0.0286229 0.0316534 0.0904367 
qwerty 222 217 0 0.664756 0.501272 4.56793 16.45 -0.0286229 0.0316534 0.0904367 
qwerty 222 217 0 0.664756 0.287637 4.80418 17.125 -0.0286229 0.0316534 0.0904367 
qwerty 222 217 0 0.664756 0.0740019 5.04044 17.8 -0.0286229 0.0316534 0.0904367 
qwerty 222 217 0 0.664756 -0.139633 5.27669 18.475 -0.0286229 0.0316534 0.0904367 
qwerty 222 217 0 0.664756 -0.353269 5.51294 19.15 -0.0286229 0.0316534 0.0904367 
qwerty 222 217 0 0.664756 -0.566904 5.7492 19.825 -0.0286229 0.0316534 0.0904367 
qwerty 222 217 0 0.664756 -0.780539 5.98545 20.5 -0.0286229 0.0316534 0.0904367 
qwerty 220 217 0 0.0208166 0.798542 3.75 14.8034 -0.00483906 0.0826309 0.0561134 
qwerty 220 217 0 0.0208166 0.772964 4.18678 15.1 -0.00483906 0.0826309 0.0561134 
qwerty 213 148 0 1.24801 -0.152609 0.0901704 13.075 -0.0787341 0.0206305 0.0580976 
qwerty 213 148 0 1.24801 -1.06737 0.329864 13.75 -0.0787341 0.0206305 0.0580976 
qwerty 213 148 0 1.24801 -1.98214 0.569557 14.425 -0.0787341 0.0206305 0.0580976 
qwerty 213 148 0 1.02073 -2.46852 0.63823 15.1 -0.0508399 0.00430541 0.0860045 
qwerty 213 148 0 1.02073 -2.86753 0.67202 15.775 -0.0508399 0.00430541 0.0860045 
qwerty 213 148 0 0.405246 -2.4342 1.25 16.3149 0.0521066 0.0649132 0.0554182 
qwerty 213 148 0 0.405246 -2.30714 1.40829 16.45 0.0521066 0.0649132 0.0554182 
qwerty 213 148 0 0.405246 -1.67247 2.19894 17.125 0.0521066 0.0649132 0.0554182 
qwerty 213 148 0 0.304752 -1.32753 2.19978 17.8 0.0392453 -0.0184369 0.0901104 
qwerty 213 148 0 0.304752 -1.25 2.16336 17.978 0.0392453 -0.0184369 0.0901104 
qwerty 213 148 0 0.304752 -1.03355 2.06167 18.475 0.0392453 -0.0184369 0.0901104 
qwerty 213 148 0 0.304752 -0.739567 1.92357 19.15 0.0392453 -0.0184369 0.0901104 
qwerty 212 148 0 54.4646 1.33237 -0.158428 12.4 0.016555 -0.00305207 0.0985729 
qwerty 212 148 0 54.4646 1.44574 -0.179328 13.075 0.016555 -0.00305207 0.0985729 
qwerty 212 148 0 54.4646 1.5591 -0.200228 13.75 0.016555 -0.00305207 0.0985729 
qwerty 212 148 0 54.4646 1.67246 -0.221127 14.425 0.016555 -0.00305207 0.0985729 
qwerty 212 148 0 54.4646 1.78583 -0.242027 15.1 0.016555 -0.00305207 0.0985729 
qwerty 212 148 0 54.4646 1.89919 -0.262927 15.775 0.016555 -0.00305207 0.0985729 
qwerty 212 148 0 54.4646 2.01256 -0.283826 16.45 0.016555 -0.00305207 0.0985729 
qwerty 232 212 0.724579 1.78919 2.26634 -0.454509 16.8986 0.0142424 -0.0893636 0.0425595 
qwerty 232 212 0.510208 1.27898 2.32333 -0.76004 16.9356 0.0201914 -0.0898343 0.0390141 
qwerty 232 212 0.393502 0.88548 2.46632 -0.948561 17.0184 0.0614704 -0.0787587 -0.00429738 
qwerty 232 212 0.483512 0.401968 2.51114 -1.13099 16.9648 -0.0312659 0.0903922 -0.0291836 
qwerty 232 212 0.311613 0.0903546 2.48737 -1.06227 16.9426 -0.0274944 0.0948389 0.0158 
qwerty 232 212 0.0903546 0 2.4855 -1.05584 16.9437 -0.0274944 0.0948389 0.0158 
qwerty 234 232 0 13.8595 2.14678 -0.308477 17.125 0.0213728 -0.00497393 0.0975626 
qwerty 234 232 0 13.8595 2.29465 -0.34289 17.8 0.0213728 -0.00497393 0.0975626 
qwerty 234 232 0 13.8595 2.44252 -0.377303 18.475 0.0213728 -0.00497393 0.0975626 
qwerty 234 232 0 13.8595 2.59039 -0.411716 19.15 0.0213728 -0.00497393 0.0975626 
qwerty 234 232 0 13.8595 2.73826 -0.446128 19.825 0.0213728 -0.00497393 0.0975626 
qwerty 234 232 0 13.8595 2.88613 -0.480541 20.5 0.0213728 -0.00497393 0.0975626 
qwerty 237 235 0 0.197466 2.81596 -0.446825 21.175 -0.0128723 0.00808918 0.0988376 
qwerty 210 148 0 0.368598 1.18129 0.0132836 11.725 0.0128298 0.0265532 0.0955527 
qwerty 210 148 0 0.368598 1.27192 0.20086 12.4 0.0128298 0.0265532 0.0955527 
qwerty 208 148 0 0.0424762 1.10116 -0.163988 11.05 0.00154232 -0.000170625 0.099988 
qwerty 206 148 0 8.61755 1.09764 -0.180526 11.05 -0.000595646 -0.00313992 0.0999489 
qwerty 206 148 0 8.61755 1.09362 -0.201731 11.725 -0.000595646 -0.00313992 0.0999489 
qwerty 242 206 1.02785 3.66066 1.33096 -0.128103 12.4 0.0664836 -0.040518 0.0627552 
qwerty 244 242 0 1.13531 0.622652 -0.499722 11.9 -0.0714817 -0.039063 -0.0580038 
qwerty 244 242 0 1.13531 -0.209193 -0.954304 11.225 -0.0714817 -0.039063 -0.0580038 
qwerty 244 242 0 1.13531 -0.750289 -1.25 10.7859 -0.0714817 -0.039063 -0.0580038 
qwerty 244 242 0 1.13531 -1.04104 -1.40889 10.55 -0.0714817 -0.039063 -0.0580038 
qwerty 244 242 0 1.13531 -1.87288 -1.86347 9.875 -0.0714817 -0.039063 -0.0580038 
qwerty 244 242 0 1.13531 -2.70473 -2.31805 9.2 -0.0714817 -0.039063 -0.0580038 
qwerty 244 242 0 1.06986 -3.34687 -2.52254 8.525 -0.0669681 -0.0203468 -0.0714232 
qwerty 244 242 0 1.06986 -3.97977 -2.71483 7.85 -0.0669681 -0.0203468 -0.0714232 
qwerty 244 242 0 1.06986 -4.61266 -2.90712 7.175 -0.0669681 -0.0203468 -0.0714232 
qwerty 244 242 0 1.06986 -5.24556 -3.09941 6.5 -0.0669681 -0.0203468 -0.0714232 
qwerty 244 242 0 1.06986 -5.87846 -3.2917 5.825 -0.0669681 -0.0203468 -0.0714232 
qwerty 244 242 0 0.745416 -6.01569 -3.75 5.2118 -0.016317 -0.059594 -0.0786277 
qwerty 244 242 0 0.745416 -6.02851 -3.79684 5.15 -0.016317 -0.059594 -0.0786277 
qwerty 244 242 0 0.745416 -6.16859 -4.30844 4.475 -0.016317 -0.059594 -0.0786277 
qwerty 244 242 0 0.745416 -6.30867 -4.82004 3.8 -0.016317 -0.059594 -0.0786277 
qwerty 244 242 0 0.745416 -6.44875 -5.33164 3.125 -0.016317 -0.059594 -0.0786277 
qwerty 205 148 0 6.6931 1.10097 -0.182866 11.05 0.000491174 -0.00366221 0.0999317 
qwerty 205 148 0 6.6931 1.10429 -0.207602 11.725 0.000491174 -0.00366221 0.0999317 
qwerty 205 148 0 6.6931 1.1076 -0.232339 12.4 0.000491174 -0.00366221 0.0999317 
qwerty 205 148 0 6.6931 1.11092 -0.257076 13.075 0.000491174 -0.00366221 0.0999317 
qwerty 205 148 0 6.6931 1.11424 -0.281813 13.75 0.000491174 -0.00366221 0.0999317 
qwerty 205 148 0 6.6931 1.11756 -0.30655 14.425 0.000491174 -0.00366221 0.0999317 
qwerty 205 148 0 6.6931 1.12087 -0.331286 15.1 0.000491174 -0.00366221 0.0999317 
qwerty 205 148 0 6.6931 1.12419 -0.356023 15.775 0.000491174 -0.00366221 0.0999317 
qwerty 205 148 0 6.6931 1.12751 -0.38076 16.45 0.000491174 -0.00366221 0.0999317 
qwerty 205 148 0 6.6931 1.13083 -0.405497 17.125 0.000491174 -0.00366221 0.0999317 
qwerty 205 148 0 6.6931 1.13415 -0.430233 17.8 0.000491174 -0.00366221 0.0999317 
qwerty 205 148 0 6.6931 1.13746 -0.45497 18.475 0.000491174 -0.00366221 0.0999317 
qwerty 205 148 0 6.6931 1.14078 -0.479707 19.15 0.000491174 -0.00366221 0.0999317 
qwerty 205 148 0 6.6931 1.1441 -0.504444 19.825 0.000491174 -0.00366221 0.0999317 
qwerty 205 148 0 6.6931 1.14742 -0.529181 20.5 0.000491174 -0.00366221 0.0999317 
qwerty 205 148 0 6.6931 1.15073 -0.553917 21.175 0.000491174 -0.00366221 0.0999317 
qwerty 205 148 0 1.61736 1.08613 -1.15759 21.85 -0.00721018 -0.0672439 0.0736633 
qwerty 205 148 0 1.61736 1.02006 -1.77376 22.525 -0.00721018 -0.0672439 0.0736633 
qwerty 205 148 0 1.61736 0.953994 -2.38994 23.2 -0.00721018 -0.0672439 0.0736633 
qwerty 205 148 0 1.61736 0.887924 -3.00612 23.875 -0.00721018 -0.0672439 0.0736633 
qwerty 205 148 0 1.61736 0.821855 -3.6223 24.55 -0.00721018 -0.0672439 0.0736633 
qwerty 205 148 0 1.61736 0.755786 -4.23847 25.225 -0.00721018 -0.0672439 0.0736633 
qwerty 205 148 0 1.61736 0.689717 -4.85465 25.9 -0.00721018 -0.0672439 0.0736633 
qwerty 205 148 0 1.61736 0.623648 -5.47083 26.575 -0.00721018 -0.0672439 0.0736633 
qwerty 205 148 0 1.61736 0.557579 -6.087 27.25 -0.00721018 -0.0672439 0.0736633 
qwerty 205 148 0 1.61736 0.491509 -6.70318 27.925 -0.00721018 -0.0672439 0.0736633 
qwerty 205 148 0 1.61736 0.42544 -7.31936 28.6 -0.00721018 -0.0672439 0.0736633 
qwerty 252 250 0 1.36902 0.82568 -0.892743 21.85 -0.0408448 -0.042166 0.0809551 
qwerty 252 250 0 1.36902 0.485118 -1.24432 22.525 -0.0408448 -0.042166 0.0809551 
qwerty 252 250 0 1.36902 0.144556 -1.5959 23.2 -0.0408448 -0.042166 0.0809551 
qwerty 252 250 0 1.36902 -0.196006 -1.94748 23.875 -0.0408448 -0.042166 0.0809551 
qwerty 252 250 0 1.36902 -0.536568 -2.29906 24.55 -0.0408448 -0.042166 0.0809551 
qwerty 252 250 0 1.36902 -0.87713 -2.65064 25.225 -0.0408448 -0.042166 0.0809551 
qwerty 252 250 0 1.36902 -1.21769 -3.00222 25.9 -0.0408448 -0.042166 0.0809551 
qwerty 252 250 0 1.36902 -1.55825 -3.35379 26.575 -0.0408448 -0.042166 0.0809551 
qwerty 252 250 0 0.942312 -2.38505 -3.3636 27.25 -0.0775541 -0.000753413 0.0631252 
qwerty 252 250 0 0.942312 -3.21434 -3.37166 27.925 -0.0775541 -0.000753413 0.0631252 
qwerty 204 148 0 0.659969 1.1322 -0.170695 11.05 0.00559685 -0.00159896 0.0998304 
qwerty 203 148 0 0.951113 1.13528 -0.172994 11.05 0.00607863 -0.00195573 0.0997959 
qwerty 203 148 0 0.951113 1.1764 -0.186223 11.725 0.00607863 -0.00195573 0.0997959 
qwerty 203 148 0 0.951113 1.21751 -0.199451 12.4 0.00607863 -0.00195573 0.0997959 
qwerty 203 148 0 0.951113 1.25 -0.209903 12.9333 0.00607863 -0.00195573 0.0997959 
qwerty 203 148 0 0.951113 1.25863 -0.212679 13.075 0.00607863 -0.00195573 0.0997959 
qwerty 203 148 0 0.951113 1.29974 -0.225907 13.75 0.00607863 -0.00195573 0.0997959 
qwerty 203 148 0 0.941157 1.39061 -0.207174 14.425 0.0149823 0.00382331 0.0987973 
qwerty 203 148 0 0.941157 1.49297 -0.181052 15.1 0.0149823 0.00382331 0.0987973 
qwerty 203 148 0 0.941157 1.59533 -0.154931 15.775 0.0149823 0.00382331 0.0987973 
qwerty 203 148 0 0.304285 1.63498 -0.144813 16.0365 -0.0562428 -0.0826585 -0.00207755 
qwerty 203 148 0 0.304285 0.882983 -1.25 16.0087 -0.0562428 -0.0826585 -0.00207755 
qwerty 203 148 0 0.304285 -0.705692 -3.58484 15.95 -0.0562428 -0.0826585 -0.00207755 
qwerty 261 203 0.0954028 0.541468 1.6474 -0.121079 16.0768 -0.0530769 0.0558229 0.0637702 
qwerty 261 203 0.126683 0.414786 1.63034 -0.0616989 16.1095 -0.00425972 0.0763687 0.0644179 
qwerty 261 203 0.28873 0.126056 1.62695 -0.00101894 16.1607 0.0342094 -0.0143438 0.0928653 
qwerty 261 203 0.126056 0 1.63105 -0.00273576 16.1718 0.0342094 -0.0143438 0.0928653 
qwerty 202 148 0 1.98722 1.14345 -0.157579 11.05 0.00737371 0.00046053 0.0997267 
qwerty 202 148 0 1.98722 1.19336 -0.154461 11.725 0.00737371 0.00046053 0.0997267 
qwerty 202 148 0 1.98722 1.24327 -0.151344 12.4 0.00737371 0.00046053 0.0997267 
qwerty 202 148 0 1.98722 1.29318 -0.148227 13.075 0.00737371 0.00046053 0.0997267 
qwerty 202 148 0 1.98722 1.34308 -0.14511 13.75 0.00737371 0.00046053 0.0997267 
qwerty 202 148 0 1.98722 1.39299 -0.141993 14.425 0.00737371 0.00046053 0.0997267 
qwerty 202 148 0 1.03064 1.42371 -0.140075 14.8404 0.0602964 0.0349314 0.0717227 
qwerty 202 148 0 1.03064 1.64194 -0.013644 15.1 0.0602964 0.0349314 0.0717227 
qwerty 202 148 0 1.03064 2.20941 0.315104 15.775 0.0602964 0.0349314 0.0717227 
qwerty 202 148 0 1.03064 2.77687 0.643853 16.45 0.0602964 0.0349314 0.0717227 
qwerty 202 148 0 1.03064 3.34434 0.972601 17.125 0.0602964 0.0349314 0.0717227 
qwerty 202 148 0 1.03064 3.82317 1.25 17.6946 0.0602964 0.0349314 0.0717227 
qwerty 202 148 0 1.03064 3.9118 1.30135 17.8 0.0602964 0.0349314 0.0717227 
qwerty 202 148 0 1.03064 4.47927 1.6301 18.475 0.0602964 0.0349314 0.0717227 
qwerty 202 148 0 1.03064 5.04673 1.95885 19.15 0.0602964 0.0349314 0.0717227 
qwerty 202 148 0 1.03064 5.6142 2.2876 19.825 0.0602964 0.0349314 0.0717227 
qwerty 202 148 0 1.03064 6.18166 2.61634 20.5 0.0602964 0.0349314 0.0717227 
qwerty 202 148 0 1.03064 6.74913 2.94509 21.175 0.0602964 0.0349314 0.0717227 
qwerty 202 148 0 1.03064 7.31659 3.27384 21.85 0.0602964 0.0349314 0.0717227 
qwerty 202 148 0 1.03064 7.88405 3.60259 22.525 0.0602964 0.0349314 0.0717227 
qwerty 202 148 0 1.03064 8.13851 3.75 22.8277 0.0602964 0.0349314 0.0717227 
qwerty 202 148 0 1.03064 8.45152 3.93134 23.2 0.0602964 0.0349314 0.0717227 
qwerty 202 148 0 1.03064 8.75 4.10426 23.555 0.0602964 0.0349314 0.0717227 
qwerty 202 148 0 1.03064 9.01898 4.26009 23.875 0.0602964 0.0349314 0.0717227 
qwerty 202 148 0 1.03064 9.58645 4.58883 24.55 0.0602964 0.0349314 0.0717227 
qwerty 202 148 0 0.997796 10.0223 4.98032 25.225 0.0462911 0.0454782 0.0760846 
qwerty 202 148 0 0.32849 10.9079 5.51295 25.9 0.0215984 0.0543841 0.0810918 
qwerty 202 148 0 0.32849 11.0877 5.96564 26.575 0.0215984 0.0543841 0.0810918 
qwerty 202 148 0 0.32849 11.2007 6.25 26.999 0.0215984 0.0543841 0.0810918 
qwerty 202 148 0 0.32849 11.2675 6.41832 27.25 0.0215984 0.0543841 0.0810918 
qwerty 264 202 0.272768 0.683808 1.36768 -0.11337 14.9658 -0.0181648 -0.0514475 0.0838045 
qwerty 264 202 0.169905 0.513903 1.37625 -0.17514 15.0232 0.00704627 -0.0796377 0.0600682 
qwerty 264 202 0.208504 0.305399 1.41143 -0.236877 15.0437 -0.0184263 -0.0647314 0.0739616 
qwerty 264 202 0.186632 0.118767 1.39398 -0.253248 15.0904 0.0540992 0.030122 -0.0785235 
qwerty 264 202 0.118767 0 1.39984 -0.249988 15.0819 0.0540992 0.030122 -0.0785235 
qwerty 199 152 0 1.48467 0.569254 0.403782 6.325 0.0102312 0.0560427 0.082186 
qwerty 199 152 0 1.48467 0.653283 0.864065 7 0.0102312 0.0560427 0.082186 
qwerty 199 152 0 1.48467 0.737312 1.32435 7.675 0.0102312 0.0560427 0.082186 
qwerty 199 152 0 1.48467 0.821342 1.78463 8.35 0.0102312 0.0560427 0.082186 
qwerty 199 152 0 1.48467 0.905371 2.24491 9.025 0.0102312 0.0560427 0.082186 
qwerty 199 152 0 0.856169 0.952267 2.50179 9.40171 0.00840703 0.0967311 0.0239251 
qwerty 199 152 0 0.856169 1.05708 3.7078 9.7 0.00840703 0.0967311 0.0239251 
qwerty 271 199 0.224214 0.40429 0.947111 2.49157 9.49283 0.0127892 -0.0991183 -0.0034653 
qwerty 271 199 0.40429 0 0.956914 2.4156 9.49017 -0.0465358 -0.0526526 0.0711486 
qwerty 196 47 0 1.70259 -1.80606 1.59944 8.35 -0.07099 0.00680226 0.070101 
qwerty 196 47 0 1.70259 -2.48962 1.66494 9.025 -0.07099 0.00680226 0.070101 
qwerty 196 47 0 1.70259 -3.17318 1.73044 9.7 -0.07099 0.00680226 0.070101 
qwerty 196 47 0 1.70259 -3.75 1.84255 10.2709 -0.0701402 0.0159565 0.0694676 
qwerty 196 47 0 1.70259 -3.85514 1.86647 10.375 -0.0701402 0.0159565 0.0694676 
qwerty 196 47 0 1.70259 -4.53668 2.02151 11.05 -0.0701402 0.0159565 0.0694676 
qwerty 196 47 0 1.31937 -4.88045 2.08817 11.725 -0.0368153 0.00643124 0.0927538 
qwerty 196 47 0 1.31937 -5.14837 2.13497 12.4 -0.0368153 0.00643124 0.0927538 
qwerty 196 47 0 1.31937 -5.41629 2.18177 13.075 -0.0368153 0.00643124 0.0927538 
qwerty 196 47 0 0.485627 -5.54681 3.75 13.6153 -0.00564224 0.0960574 0.0272237 
qwerty 196 47 0 0.485627 -5.57473 4.22524 13.75 -0.00564224 0.0960574 0.0272237 
qwerty 195 47 0 1.11462 -1.25274 3.75 8.30445 -0.00147587 0.097185 0.0235137 
qwerty 195 47 0 1.11462 -1.2556 3.93825 8.35 -0.00147587 0.097185 0.0235137 
qwerty 195 47 0 1.11462 -1.29797 6.72811 9.025 -0.00147587 0.097185 0.0235137 
qwerty 195 47 0 0.652669 -1.20115 7.16976 9.7 0.0128369 0.0488167 0.0863258 
qwerty 190 47 0 0.274532 -1.25 1.33355 7.57359 -0.00943295 0.00942721 0.0991067 
qwerty 190 47 0 0.274532 -1.25965 1.3432 7.675 -0.00943295 0.00942721 0.0991067 
qwerty 189 47 0 4.29447 -1.25 1.32475 7.21767 -0.0382607 0.0237675 0.0892817 
qwerty 189 47 0 4.29447 -1.44598 1.4465 7.675 -0.0382607 0.0237675 0.0892817 
qwerty 189 47 0 4.29447 -1.73525 1.62619 8.35 -0.0382607 0.0237675 0.0892817 
qwerty 189 47 0 4.29447 -2.02451 1.80588 9.025 -0.0382607 0.0237675 0.0892817 
qwerty 189 47 0 3.05424 -2.23217 2.18837 9.7 -0.023999 0.0506257 0.0828317 
qwerty 189 47 0 3.05424 -2.42774 2.60092 10.375 -0.023999 0.0506257 0.0828317 
qwerty 189 47 0 1.71527 -2.51012 2.7747 10.6593 -0.0447525 0.0774946 0.0446295 
qwerty 189 47 0 1.71527 -2.90187 3.45305 11.05 -0.0447525 0.0774946 0.0446295 
qwerty 189 47 0 1.71527 -3.57873 4.62512 11.725 -0.0447525 0.0774946 0.0446295 
qwerty 189 47 0 0.734243 -3.98153 5.32262 12.1267 0.00072457 0.0219057 0.0975685 
qwerty 189 47 0 0.734243 -3.9795 5.38398 12.4 0.00072457 0.0219057 0.0975685 
qwerty 189 47 0 0.563529 -3.75 5.32705 12.7839 0.0528747 -0.0142068 0.0836806 
qwerty 189 47 0 0.563529 -3.56604 5.27762 13.075 0.0528747 -0.0142068 0.0836806 
qwerty 189 47 0 0.563529 -3.13953 5.16302 13.75 0.0528747 -0.0142068 0.0836806 
qwerty 189 47 0 0.563529 -2.71302 5.04843 14.425 0.0528747 -0.0142068 0.0836806 
qwerty 291 189 0.373749 0.607281 -4.04746 5.42641 12.0924 -0.00894082 0.0891401 -0.0444308 
qwerty 291 189 0.204934 0.402347 -4.0894 5.50801 12.0472 0.0725356 -0.0674397 0.0138015 
qwerty 291 189 0.402347 0 -4.03418 5.45667 12.0577 0.0856381 -0.0512891 -0.00596165 
qwerty 290 189 0.431211 0.907753 -2.47701 2.81604 10.8382 0.0501384 0.0475781 0.0722666 
qwerty 290 189 0.264491 0.643262 -2.37082 2.94166 10.8891 0.0114607 0.0521468 0.0845539 
qwerty 290 189 0.341158 0.302104 -2.30722 3.001 10.9992 0.0581337 0.0547022 0.0602341 
qwerty 290 189 0.302104 0 -2.27849 3.02804 11.0289 0.0581337 0.0547022 0.0602341 
qwerty 187 47 0 14.8647 -1.25 1.32722 7.18453 -0.0486412 0.0332528 0.0807978 
qwerty 187 47 0 14.8647 -1.54527 1.52908 7.675 -0.0486412 0.0332528 0.0807978 
qwerty 187 47 0 14.8647 -1.95163 1.80688 8.35 -0.0486412 0.0332528 0.0807978 
qwerty 187 47 0 14.8647 -2.35799 2.08468 9.025 -0.0486412 0.0332528 0.0807978 
qwerty 187 47 0 14.8647 -2.76434 2.36248 9.7 -0.0486412 0.0332528 0.0807978 
qwerty 187 47 0 14.8647 -3.1707 2.64028 10.375 -0.0486412 0.0332528 0.0807978 
qwerty 187 47 0 14.8647 -3.57706 2.91808 11.05 -0.0486412 0.0332528 0.0807978 
qwerty 187 47 0 14.8647 -3.75 3.03631 11.3373 -0.0486412 0.0332528 0.0807978 
qwerty 187 47 0 14.8647 -3.98341 3.19588 11.725 -0.0486412 0.0332528 0.0807978 
qwerty 187 47 0 14.8647 -4.38977 3.47368 12.4 -0.0486412 0.0332528 0.0807978 
qwerty 187 47 0 14.8647 -4.79613 3.75148 13.075 -0.0486412 0.0332528 0.0807978 
qwerty 187 47 0 14.8647 -5.20249 4.02927 13.75 -0.0486412 0.0332528 0.0807978 
qwerty 187 47 0 14.8647 -5.60884 4.30707 14.425 -0.0486412 0.0332528 0.0807978 
qwerty 296 187 1.08697 7.76298 -5.42148 4.77062 15.1 0.0205442 0.0371207 0.0905538 
qwerty 296 187 1.18293 3.77331 -5.92252 4.39122 14.8154 -0.0352427 -0.0836685 -0.041923 
qwerty 296 187 0.91315 2.86016 -6.10357 3.9614 14.6 -0.0463201 -0.0825916 -0.0321414 
qwerty 296 187 0.645639 1.60563 -6.09175 4.21685 14.8672 -0.00545205 0.0792019 0.0608057 
qwerty 296 187 0.501295 1.10433 -6.16934 4.44279 15.0158 -0.0516384 0.0617679 0.0593145 
qwerty 296 187 0.217648 0.886683 -6.24265 4.53048 15.1 -0.0930655 -0.00280203 0.0364825 
qwerty 185 60 0 0.510999 1.01868 -0.259998 11.725 0.0777663 -0.0416543 0.0470884 
qwerty 185 60 0 0.510999 2.13344 -0.857102 12.4 0.0777663 -0.0416543 0.0470884 
qwerty 184 60 0 0.510999 0.192932 0.182302 11.225 -0.0777663 0.0416543 -0.0470884 
qwerty 183 62 0 0.325001 1.11639 2.66873 2.45 0.0330324 0.0863082 -0.0382068 
qwerty 183 62 0 0.161957 1.58057 3.88154 1.91312 0.00170631 -0.0886531 -0.0462354 
qwerty 183 62 0 0.161957 1.58566 3.61671 1.775 0.00170631 -0.0886531 -0.0462354 
qwerty 303 183 0.163045 0 1.58495 3.89929 1.91105 0.0237947 0.0964783 -0.0112137 
qwerty 182 62 0 0.510999 1.25 0.970359 3.59434 0.0678934 -0.0398149 0.0616868 
qwerty 182 62 0 0.510999 1.28375 0.950569 3.625 0.0678934 -0.0398149 0.0616868 
qwerty 182 62 0 0.510999 2.02666 0.514901 4.3 0.0678934 -0.0398149 0.0616868 
qwerty 182 62 0 0.510999 2.76957 0.0792318 4.975 0.0678934 -0.0398149 0.0616868 
qwerty 181 62 0 0.0823979 1.25 1.28009 3.36588 0.0870048 0.0483458 0.00963567 
qwerty 181 62 0 0.0659269 1.42874 1.37941 3.38568 -0.0371851 -0.0291537 -0.0881324 
qwerty 181 62 0 0.0659269 1.31875 1.29317 3.125 -0.0371851 -0.0291537 -0.0881324 
qwerty 306 181 0.016471 0 1.42898 1.37956 3.38585 0.0735599 0.0451551 0.0504971 
qwerty 180 62 0 4.63475 -0.068761 0.0275719 3.625 -0.0326411 0.0335576 0.0883654 
qwerty 180 62 0 4.63475 -0.318098 0.283909 4.3 -0.0326411 0.0335576 0.0883654 
qwerty 180 62 0 4.63475 -0.567435 0.540247 4.975 -0.0326411 0.0335576 0.0883654 
qwerty 180 62 0 4.63475 -0.816772 0.796584 5.65 -0.0326411 0.0335576 0.0883654 
qwerty 180 62 0 4.63475 -1.06611 1.05292 6.325 -0.0326411 0.0335576 0.0883654 
qwerty 180 62 0 4.63475 -1.25781 1.25 6.84396 -0.0326411 0.0335576 0.0883654 
qwerty 180 62 0 4.63475 -1.31545 1.30926 7 -0.0326411 0.0335576 0.0883654 
qwerty 180 62 0 4.63475 -1.56478 1.5656 7.675 -0.0326411 0.0335576 0.0883654 
qwerty 180 62 0 4.63475 -1.81412 1.82193 8.35 -0.0326411 0.0335576 0.0883654 
qwerty 180 62 0 4.63475 -2.06346 2.07827 9.025 -0.0326411 0.0335576 0.0883654 
qwerty 180 62 0 4.63475 -2.31279 2.33461 9.7 -0.0326411 0.0335576 0.0883654 
qwerty 180 62 0 4.63475 -2.56213 2.59095 10.375 -0.0326411 0.0335576 0.0883654 
qwerty 180 62 0 4.63475 -2.81147 2.84728 11.05 -0.0326411 0.0335576 0.0883654 
qwerty 180 62 0 4.63475 -3.0608 3.10362 11.725 -0.0326411 0.0335576 0.0883654 
qwerty 180 62 0 4.63475 -3.31014 3.35996 12.4 -0.0326411 0.0335576 0.0883654 
qwerty 180 62 0 4.63475 -3.55948 3.6163 13.075 -0.0326411 0.0335576 0.0883654 
qwerty 180 62 0 4.63475 -3.68953 3.75 13.4271 -0.0326411 0.0335576 0.0883654 
qwerty 180 62 0 4.63475 -3.80882 3.87263 13.75 -0.0326411 0.0335576 0.0883654 
qwerty 180 62 0 0.835307 -4.82161 8.71942 14.425 -0.01989 0.0972476 0.0121361 
qwerty 180 62 0 0.835307 -5.33919 11.25 14.7408 -0.01989 0.0972476 0.0121361 
qwerty 180 62 0 0.835307 -5.85051 13.75 15.0528 -0.01989 0.0972476 0.0121361 
qwerty 180 62 0 0.835307 -5.92788 14.1283 15.1 -0.01989 0.0972476 0.0121361 
qwerty 180 62 0 0.835307 -6.15316 18.4574 15.775 -0.00292705 0.0986942 0.0158392 
qwerty 180 62 0 0.835307 -6.23599 21.25 16.2232 -0.00292705 0.0986942 0.0158392 
qwerty 180 62 0 0.835307 -6.2779 22.6634 16.45 -0.00292705 0.0986942 0.0158392 
qwerty 180 62 0 0.809439 -6.3888 24.8482 17.125 -0.00558101 0.0935981 0.0347599 
qwerty 180 62 0 0.809439 -6.47238 26.25 17.6456 -0.00558101 0.0935981 0.0347599 
qwerty 180 62 0 0.809439 -6.49717 26.6658 17.8 -0.00558101 0.0935981 0.0347599 
qwerty 180 62 0 0.247452 -6.60423 28.4612 18.4668 0.0715478 -0.0168995 -0.0677888 
qwerty 180 62 0 0.247452 -6.25 28.3776 18.1312 0.0715478 -0.0168995 -0.0677888 
qwerty 180 62 0 0.247452 -6.08518 28.3386 17.975 0.0715478 -0.0168995 -0.0677888 
qwerty 310 180 0.0331759 0.52881 -6.6083 28.4759 18.475 -0.0644142 0.0376607 0.066577 
qwerty 310 180 0.0213806 0.474009 -6.62194 28.4819 18.4679 -0.0783643 0.0543759 -0.0300384 
qwerty 310 180 0.0251923 0.448817 -6.63171 28.491 18.4623 -0.042691 0.0899656 -0.00914725 
qwerty 310 180 0.0211995 0.427617 -6.63694 28.5056 18.4616 -0.029329 0.0956004 -0.000612577 
qwerty 310 180 0.02568 0.401937 -6.6423 28.5193 18.4577 -0.0254023 0.0934102 -0.0250848 
qwerty 310 180 0.0314819 0.370456 -6.6484 28.5308 18.4521 -0.0191632 0.0765592 -0.0614122 
qwerty 310 180 0.0250419 0.345414 -6.65431 28.543 18.4447 -0.00172798 0.0914409 -0.0404423 
qwerty 310 180 0.0274953 0.317918 -6.66064 28.5583 18.4369 -0.0366554 0.0930101 0.00234719 
qwerty 310 180 0.0457 0.272218 -6.67058 28.5766 18.4325 -0.0600839 0.0790885 -0.0116163 
qwerty 310 180 0.0832366 0.188982 -6.69315 28.5896 18.4384 -0.0293901 0.0655102 0.0696034 
qwerty 310 180 0.0772208 0.111761 -6.70532 28.5934 18.4569 0.0517932 -0.0744584 -0.0421118 
qwerty 310 180 0.0698509 0.0419101 -6.70156 28.5851 18.4534 0.00776488 -0.0967539 -0.0240498 
qwerty 310 180 0.0419101 0 -6.70143 28.5834 18.453 0.00776488 -0.0967539 -0.0240498 
qwerty 313 308 0 0.276609 -4.39653 5.07565 14.425 -0.0321493 0.0826541 0.0462032 
qwerty 312 308 0 0.0925738 -3.80131 3.88853 13.9544 -0.0404287 -0.0422003 0.0811459 
qwerty 312 308 0 0.0925738 -4.03576 3.6438 14.425 -0.0404287 -0.0422003 0.0811459 
qwerty 316 312 0.00293023 0 -3.8013 3.88854 13.9544 0.0676072 0.0637031 0.0370296 
qwerty 179 62 0 2.14559 0.017664 -0.0419622 3.625 -0.0206527 0.0242844 0.0947826 
qwerty 179 62 0 2.14559 -0.129415 0.130981 4.3 -0.0206527 0.0242844 0.0947826 
qwerty 179 62 0 2.14559 -0.276495 0.303924 4.975 -0.0206527 0.0242844 0.0947826 
qwerty 179 62 0 2.14559 -0.423574 0.476867 5.65 -0.0206527 0.0242844 0.0947826 
qwerty 179 62 0 2.14559 -0.570654 0.649809 6.325 -0.0206527 0.0242844 0.0947826 
qwerty 179 62 0 2.14559 -0.717733 0.822752 7 -0.0206527 0.0242844 0.0947826 
qwerty 179 62 0 2.14559 -0.864813 0.995695 7.675 -0.0206527 0.0242844 0.0947826 
qwerty 179 62 0 2.14559 -1.01189 1.16864 8.35 -0.0206527 0.0242844 0.0947826 
qwerty 179 62 0 2.14559 -1.15897 1.34158 9.025 -0.0206527 0.0242844 0.0947826 
qwerty 179 62 0 2.14559 -1.30605 1.51452 9.7 -0.0206527 0.0242844 0.0947826 
qwerty 179 62 0 2.14559 -1.45313 1.68747 10.375 -0.0206527 0.0242844 0.0947826 
qwerty 179 62 0 2.14559 -1.60021 1.86041 11.05 -0.0206527 0.0242844 0.0947826 
qwerty 179 62 0 0.531187 -3.75 2.19602 11.2737 -0.0985979 0.0145797 0.00811703 
qwerty 179 62 0 0.357316 -5.60087 2.46971 11.4261 -0.0383134 0.0802954 0.0456589 
qwerty 179 62 0 0.177333 -5.61764 2.50484 11.4461 0.0996776 -0.00518021 -0.00612703 
qwerty 179 62 0 0.177333 -3.75 2.40778 11.3313 0.0996776 -0.00518021 -0.00612703 
qwerty 179 62 0 0.177333 -2.02084 2.31792 11.225 0.0996776 -0.00518021 -0.00612703 
qwerty 322 179 0.00233192 0.0803692 -2.01906 2.31823 11.2256 0.0328726 0.0278299 0.0902491 
qwerty 322 179 0.00127099 0.0790982 -2.01885 2.31835 11.2261 0.0435817 0.0107733 0.0893564 
qwerty 322 179 0.0031156 0.0759826 -2.0186 2.31839 11.2268 0.0326649 0.00567612 0.094344 
qwerty 322 179 0.00477277 0.0712098 -2.01825 2.3187 11.2277 0.0288524 -0.0159357 0.0944118 
qwerty 322 179 0.00720719 0.0640026 -2.01731 2.31812 11.2291 -0.0205381 -0.0975971 -0.00727938 
qwerty 322 179 0.0242164 0.0397862 -2.01742 2.31586 11.2283 -0.00020849 0.00692142 -0.09976 
qwerty 322 179 0.0397862 0 -2.01743 2.31597 11.2267 -0.00020849 0.00692142 -0.09976 
qwerty 321 179 0.179983 0 -5.63223 2.51862 11.4542 -0.0674368 0.06366 0.0374124 
qwerty 320 179 0.173871 0 -5.61823 2.46031 11.4207 -0.0848351 -0.0459359 -0.026323 
qwerty 178 149 0 0.510999 1.06627 -0.859716 13.25 -0.053422 -0.0665023 -0.0521875 
qwerty 178 149 0 0.438597 0.808379 -1.18075 12.9981 -0.0807134 -0.0161481 -0.0567855 
qwerty 178 149 0 0.438597 0.207039 -1.30106 12.575 -0.0807134 -0.0161481 -0.0567855 
qwerty 178 149 0 0.438597 -0.752388 -1.49301 11.9 -0.0807134 -0.0161481 -0.0567855 
qwerty 323 178 0.0724016 0 0.809707 -1.18516 12.9978 0.0287829 -0.0955634 -0.0062588 
qwerty 177 149 0 0.230257 1.8822 0.156 14.0471 -0.0299362 0.0532234 -0.0791903 
qwerty 177 149 0 0.230257 1.83605 0.23805 13.925 -0.0299362 0.0532234 -0.0791903 
qwerty 326 177 0.280742 0 1.90714 0.171845 14.0798 0.0565376 0.0359276 0.0742476 
qwerty 174 149 0 11.0341 1.93546 0.160583 14.425 0.0370391 0.0335534 0.0866156 
qwerty 174 149 0 11.0341 2.2241 0.422067 15.1 0.0370391 0.0335534 0.0866156 
qwerty 174 149 0 11.0341 2.51275 0.68355 15.775 0.0370391 0.0335534 0.0866156 
qwerty 174 149 0 11.0341 2.8014 0.945034 16.45 0.0370391 0.0335534 0.0866156 
qwerty 174 149 0 11.0341 3.09005 1.20652 17.125 0.0370391 0.0335534 0.0866156 
qwerty 174 149 0 11.0341 3.37869 1.468 17.8 0.0370391 0.0335534 0.0866156 
qwerty 174 149 0 11.0341 3.66734 1.72948 18.475 0.0370391 0.0335534 0.0866156 
qwerty 174 149 0 11.0341 3.95599 1.99097 19.15 0.0370391 0.0335534 0.0866156 
qwerty 333 174 0 0.401575 3.75 2.02069 19.5952 -0.0567772 -0.00123583 0.0823093 
qwerty 333 174 0 0.401575 3.59148 2.01724 19.825 -0.0567772 -0.00123583 0.0823093 
qwerty 332 174 0 0.974093 4.41596 1.5761 19.825 0.0495942 -0.0529656 0.0688118 
qwerty 332 174 0 0.974093 4.72131 1.25 20.2487 0.0495942 -0.0529656 0.0688118 
qwerty 332 174 0 0.974093 4.90245 1.05654 20.5 0.0495942 -0.0529656 0.0688118 
qwerty 332 174 0 0.95435 5.12301 0.820987 20.806 0.0537046 -0.0616142 0.0576152 
qwerty 332 174 0 0.95435 5.46694 0.426409 21.175 0.0537046 -0.0616142 0.0576152 
qwerty 332 174 0 0.95435 6.09612 -0.295442 21.85 0.0537046 -0.0616142 0.0576152 
qwerty 332 174 0 0.95435 6.7253 -1.01729 22.525 0.0537046 -0.0616142 0.0576152 
qwerty 338 332 0.0197439 0 5.12292 0.821217 20.8064 -0.0205242 0.0502601 0.0839802 
qwerty 331 174 0 9.53211 4.82575 2.13616 18.65 0.0810472 0.0107408 -0.0575846 
qwerty 331 174 0 9.53211 5.77578 2.26206 17.975 0.0810472 0.0107408 -0.0575846 
qwerty 331 174 0 9.53211 6.7258 2.38796 17.3 0.0810472 0.0107408 -0.0575846 
qwerty 331 174 0 9.53211 7.67583 2.51386 16.625 0.0810472 0.0107408 -0.0575846 
qwerty 331 174 0 9.53211 8.62586 2.63977 15.95 0.0810472 0.0107408 -0.0575846 
qwerty 331 174 0 9.53211 9.57589 2.76567 15.275 0.0810472 0.0107408 -0.0575846 
qwerty 331 174 0 9.53211 10.5259 2.89157 14.6 0.0810472 0.0107408 -0.0575846 
qwerty 343 341 0 0.795746 10.0262 3.40521 13.925 -0.0584773 0.0512471 -0.062882 
qwerty 343 341 0 0.795746 9.63275 3.75 13.5019 -0.0584773 0.0512471 -0.062882 
qwerty 343 341 0 0.795746 9.39847 3.95532 13.25 -0.0584773 0.0512471 -0.062882 
qwerty 343 341 0 0.795746 8.77075 4.50542 12.575 -0.0584773 0.0512471 -0.062882 
qwerty 343 341 0 0.795746 8.14303 5.05553 11.9 -0.0584773 0.0512471 -0.062882 
qwerty 343 341 0 0.795746 7.51531 5.60564 11.225 -0.0584773 0.0512471 -0.062882 
qwerty 343 341 0 0.795746 6.88759 6.15574 10.55 -0.0584773 0.0512471 -0.062882 
qwerty 343 341 0 0.795746 6.25988 6.70585 9.875 -0.0584773 0.0512471 -0.062882 
qwerty 343 341 0 0.795746 5.63216 7.25596 9.2 -0.0584773 0.0512471 -0.062882 
qwerty 343 341 0 0.795746 5.00444 7.80606 8.525 -0.0584773 0.0512471 -0.062882 
qwerty 343 341 0 0.795746 4.37672 8.35617 7.85 -0.0584773 0.0512471 -0.062882 
qwerty 343 341 0 0.795746 3.75 8.9054 7.17608 -0.0584773 0.0512471 -0.062882 
qwerty 343 341 0 0.795746 3.749 8.90628 7.175 -0.0584773 0.0512471 -0.062882 
qwerty 343 341 0 0.795746 3.12128 9.45638 6.5 -0.0584773 0.0512471 -0.062882 
qwerty 343 341 0 0.795746 2.49356 10.0065 5.825 -0.0584773 0.0512471 -0.062882 
qwerty 343 341 0 0.795746 1.86584 10.5566 5.15 -0.0584773 0.0512471 -0.062882 
qwerty 343 341 0 0.795746 1.25 11.0963 4.48777 -0.0584773 0.0512471 -0.062882 
qwerty 343 341 0 0.795746 1.23812 11.1067 4.475 -0.0584773 0.0512471 -0.062882 
qwerty 343 341 0 0.795746 1.07461 11.25 4.29917 -0.0584773 0.0512471 -0.062882 
qwerty 343 341 0 0.795746 0.610406 11.6568 3.8 -0.0584773 0.0512471 -0.062882 
qwerty 343 341 0 0.795746 -0.0173131 12.2069 3.125 -0.0584773 0.0512471 -0.062882 
qwerty 343 341 0 0.795746 -0.645032 12.757 2.45 -0.0584773 0.0512471 -0.062882 
qwerty 343 341 0 0.795746 -1.25 13.2872 1.79946 -0.0584773 0.0512471 -0.062882 
qwerty 343 341 0 0.795746 -1.27275 13.3071 1.775 -0.0584773 0.0512471 -0.062882 
qwerty 343 341 0 0.795746 -1.7781 13.75 1.23158 -0.0584773 0.0512471 -0.062882 
qwerty 343 341 0 0.795746 -1.90047 13.8572 1.1 -0.0584773 0.0512471 -0.062882 
qwerty 343 341 0 0.795746 -2.52819 14.4073 0.425 -0.0584773 0.0512471 -0.062882 
qwerty 343 341 0 0.728581 -2.75276 14.6041 0.183516 -0.0789532 0.0502399 -0.0352469 
qwerty 343 341 0 0.728581 -3.72384 15.2221 -0.25 -0.0789532 0.0502399 -0.0352469 
qwerty 344 343 0.0671653 0 -2.75111 14.6048 0.179872 0.0406356 0.0154393 -0.0900576 
qwerty 173 149 0 0.255457 1.47923 -0.115408 13.75 0.00322864 0.0079099 0.0996344 
qwerty 172 149 0 0.50746 1.47971 -0.0168192 13.75 0.00345251 0.0257667 0.0965617 
qwerty 172 149 0 0.50746 1.50385 0.163299 14.425 0.00345251 0.0257667 0.0965617 
qwerty 171 149 0 0.542023 1.52338 -0.235248 13.75 0.0143646 -0.0146995 0.0978651 
qwerty 171 149 0 0.542023 1.62245 -0.336635 14.425 0.0143646 -0.0146995 0.0978651 
qwerty 171 149 0 0.542023 1.72153 -0.438021 15.1 0.0143646 -0.0146995 0.0978651 
qwerty 171 149 0 0.542023 1.82061 -0.539408 15.775 0.0143646 -0.0146995 0.0978651 
qwerty 171 149 0 0.542023 1.91968 -0.640794 16.45 0.0143646 -0.0146995 0.0978651 
qwerty 171 149 0 0.542023 2.01876 -0.742181 17.125 0.0143646 -0.0146995 0.0978651 
qwerty 171 149 0 0.542023 2.11783 -0.843567 17.8 0.0143646 -0.0146995 0.0978651 
qwerty 171 149 0 0.542023 2.21691 -0.944953 18.475 0.0143646 -0.0146995 0.0978651 
qwerty 171 149 0 0.542023 2.31599 -1.04634 19.15 0.0143646 -0.0146995 0.0978651 
qwerty 171 149 0 0.542023 2.41506 -1.14773 19.825 0.0143646 -0.0146995 0.0978651 
qwerty 171 149 0 0.532983 2.58666 -1.17618 20.5 0.0267016 -0.00184234 0.0963516 
qwerty 171 149 0 0.532983 2.77372 -1.18909 21.175 0.0267016 -0.00184234 0.0963516 
qwerty 171 149 0 0.532983 2.96078 -1.202 21.85 0.0267016 -0.00184234 0.0963516 
qwerty 171 149 0 0.532983 3.14784 -1.2149 22.525 0.0267016 -0.00184234 0.0963516 
qwerty 171 149 0 0.167308 3.18815 -1.09887 22.7726 0.0183722 -0.00788357 -0.0979812 
qwerty 171 149 0 0.167308 3.20176 -1.10471 22.7 0.0183722 -0.00788357 -0.0979812 
qwerty 350 171 0.200371 0 3.18618 -1.08302 22.7928 -0.00762098 0.0614673 0.0785092 
qwerty 170 149 0 0.11531 1.4129 -0.135974 13.075 0.0235971 -0.0113255 0.0965138 
qwerty 168 149 0 10.9595 1.45249 -0.136907 12.4 0.0199041 -0.00252805 0.0979665 
qwerty 168 149 0 10.9595 1.58963 -0.154326 13.075 0.0199041 -0.00252805 0.0979665 
qwerty 168 149 0 10.9595 1.72678 -0.171744 13.75 0.0199041 -0.00252805 0.0979665 
qwerty 168 149 0 10.9595 1.86392 -0.189163 14.425 0.0199041 -0.00252805 0.0979665 
qwerty 168 149 0 10.9595 2.00106 -0.206581 15.1 0.0199041 -0.00252805 0.0979665 
qwerty 168 149 0 10.9595 2.1382 -0.224 15.775 0.0199041 -0.00252805 0.0979665 
qwerty 168 149 0 10.9595 2.27534 -0.241419 16.45 0.0199041 -0.00252805 0.0979665 
qwerty 168 149 0 10.9595 2.41249 -0.258837 17.125 0.0199041 -0.00252805 0.0979665 
qwerty 168 149 0 10.9595 2.54963 -0.276256 17.8 0.0199041 -0.00252805 0.0979665 
qwerty 168 149 0 10.9595 2.68677 -0.293674 18.475 0.0199041 -0.00252805 0.0979665 
qwerty 356 354 0 1.42533 2.60582 -0.213688 19.15 -0.0169789 0.0136768 0.0975944 
qwerty 356 354 0 1.42533 2.48838 -0.119094 19.825 -0.0169789 0.0136768 0.0975944 
qwerty 356 354 0 1.42533 2.37095 -0.0245002 20.5 -0.0169789 0.0136768 0.0975944 
qwerty 356 354 0 1.42533 2.25352 0.0700938 21.175 -0.0169789 0.0136768 0.0975944 
qwerty 356 354 0 1.42533 2.13608 0.164688 21.85 -0.0169789 0.0136768 0.0975944 
qwerty 356 354 0 1.42533 2.01865 0.259282 22.525 -0.0169789 0.0136768 0.0975944 
qwerty 356 354 0 1.42533 1.90122 0.353876 23.2 -0.0169789 0.0136768 0.0975944 
qwerty 356 354 0 1.42533 1.78379 0.44847 23.875 -0.0169789 0.0136768 0.0975944 
qwerty 356 354 0 1.42533 1.66635 0.543064 24.55 -0.0169789 0.0136768 0.0975944 
qwerty 356 354 0 1.42533 1.54892 0.637658 25.225 -0.0169789 0.0136768 0.0975944 
qwerty 356 354 0 1.42533 1.43149 0.732252 25.9 -0.0169789 0.0136768 0.0975944 
qwerty 356 354 0 1.42533 1.31405 0.826846 26.575 -0.0169789 0.0136768 0.0975944 
qwerty 356 354 0 1.42533 1.19662 0.92144 27.25 -0.0169789 0.0136768 0.0975944 
qwerty 356 354 0 1.42533 1.07919 1.01603 27.925 -0.0169789 0.0136768 0.0975944 
qwerty 356 354 0 1.42533 0.961756 1.11063 28.6 -0.0169789 0.0136768 0.0975944 
qwerty 356 354 0 1.42533 0.844323 1.20522 29.275 -0.0169789 0.0136768 0.0975944 
qwerty 356 354 0 1.42533 0.788734 1.25 29.5945 -0.0169789 0.0136768 0.0975944 
qwerty 356 354 0 1.42533 0.72689 1.29982 29.95 -0.0169789 0.0136768 0.0975944 
qwerty 356 354 0 1.42533 0.609457 1.39441 30.625 -0.0169789 0.0136768 0.0975944 
qwerty 356 354 0 1.42533 0.492025 1.489 31.3 -0.0169789 0.0136768 0.0975944 
qwerty 356 354 0 1.42533 0.374592 1.5836 31.975 -0.0169789 0.0136768 0.0975944 
qwerty 356 354 0 1.42533 0.257159 1.67819 32.65 -0.0169789 0.0136768 0.0975944 
qwerty 356 354 0 1.00506 -0.172091 1.59427 33.325 -0.0595702 -0.015196 0.0788699 
qwerty 356 354 0 1.00506 -0.681917 1.46422 34 -0.0595702 -0.015196 0.0788699 
qwerty 356 354 0 1.00506 -1.19174 1.33416 34.675 -0.0595702 -0.015196 0.0788699 
qwerty 356 354 0 1.00506 -1.52167 1.25 35.1118 -0.0595702 -0.015196 0.0788699 
qwerty 356 354 0 1.00506 -1.70157 1.20411 35.35 -0.0595702 -0.015196 0.0788699 
qwerty 356 354 0 1.00506 -2.21139 1.07405 36.025 -0.0595702 -0.015196 0.0788699 
qwerty 356 354 0 1.00506 -2.72122 0.944001 36.7 -0.0595702 -0.015196 0.0788699 
qwerty 356 354 0 1.00506 -3.23105 0.813948 37.375 -0.0595702 -0.015196 0.0788699 
qwerty 356 354 0 1.00506 -3.74087 0.683894 38.05 -0.0595702 -0.015196 0.0788699 
qwerty 356 354 0 0.376768 -4.16716 0.213408 38.4756 -0.0790581 0.0407967 0.0456667 
qwerty 356 354 0 0.376768 -4.59898 0.436245 38.725 -0.0790581 0.0407967 0.0456667 
qwerty 359 356 0.339838 0.005249 -4.17448 0.155253 38.4911 -0.0743143 -0.0448096 -0.0496938 
qwerty 359 356 0.005249 0 -4.17452 0.155233 38.491 -0.0743143 -0.0448096 -0.0496938 
qwerty 166 149 0 0.262943 1.25 -0.00825363 11.5119 0.0237948 0.0122957 0.0963464 
qwerty 166 149 0 0.262943 1.30263 0.0189409 11.725 0.0237948 0.0122957 0.0963464 
qwerty 164 149 0 1.0565 1.15053 -0.0716891 11.05 0.00992417 0.0170876 0.0980282 
qwerty 164 149 0 1.0565 1.21887 0.0459726 11.725 0.00992417 0.0170876 0.0980282 
qwerty 164 149 0 1.0565 1.2872 0.163634 12.4 0.00992417 0.0170876 0.0980282 
qwerty 164 149 0 1.0565 1.35554 0.281296 13.075 0.00992417 0.0170876 0.0980282 
qwerty 164 149 0 1.0565 1.42387 0.398958 13.75 0.00992417 0.0170876 0.0980282 
qwerty 164 149 0 1.0565 1.49221 0.51662 14.425 0.00992417 0.0170876 0.0980282 
qwerty 164 149 0 1.0565 1.56055 0.634281 15.1 0.00992417 0.0170876 0.0980282 
qwerty 164 149 0 1.0565 1.62888 0.751943 15.775 0.00992417 0.0170876 0.0980282 
qwerty 164 149 0 1.0565 1.69722 0.869605 16.45 0.00992417 0.0170876 0.0980282 
qwerty 164 149 0 1.0565 1.76555 0.987266 17.125 0.00992417 0.0170876 0.0980282 
qwerty 164 149 0 1.0565 1.83624 1.10484 17.8 0.0102641 0.0170693 0.0979964 
qwerty 164 149 0 1.0565 1.90693 1.22241 18.475 0.0102641 0.0170693 0.0979964 
qwerty 164 149 0 1.0565 1.97763 1.33999 19.15 0.0102641 0.0170693 0.0979964 
qwerty 164 149 0 1.0565 2.04833 1.45756 19.825 0.0102641 0.0170693 0.0979964 
qwerty 164 149 0 1.0565 2.11903 1.57514 20.5 0.0102641 0.0170693 0.0979964 
qwerty 164 149 0 1.0565 2.18973 1.69271 21.175 0.0102641 0.0170693 0.0979964 
qwerty 164 149 0 1.0565 2.26043 1.81028 21.85 0.0102641 0.0170693 0.0979964 
qwerty 164 149 0 1.0565 2.33113 1.92786 22.525 0.0102641 0.0170693 0.0979964 
qwerty 164 149 0 1.0565 2.40183 2.04543 23.2 0.0102641 0.0170693 0.0979964 
qwerty 164 149 0 1.0565 2.47253 2.16301 23.875 0.0102641 0.0170693 0.0979964 
qwerty 164 149 0 1.0565 2.54323 2.28058 24.55 0.0102641 0.0170693 0.0979964 
qwerty 164 149 0 1.0565 2.61393 2.39815 25.225 0.0102641 0.0170693 0.0979964 
qwerty 164 149 0 0.95917 2.88747 2.42497 25.9 0.0379377 0.00346389 0.0924594 
qwerty 164 149 0 0.95917 3.16444 2.45026 26.575 0.0379377 0.00346389 0.0924594 
qwerty 164 149 0 0.95917 3.4414 2.47555 27.25 0.0379377 0.00346389 0.0924594 
qwerty 164 149 0 0.95917 3.71837 2.50084 27.925 0.0379377 0.00346389 0.0924594 
qwerty 164 149 0 0.95917 3.99533 2.52612 28.6 0.0379377 0.00346389 0.0924594 
qwerty 164 149 0 0.95917 4.27229 2.55141 29.275 0.0379377 0.00346389 0.0924594 
qwerty 164 149 0 0.840901 4.82906 2.67178 29.95 0.068063 0.015835 0.0715309 
qwerty 164 149 0 0.840901 5.47134 2.82121 30.625 0.068063 0.015835 0.0715309 
qwerty 164 149 0 0.840901 6.11361 2.97064 31.3 0.068063 0.015835 0.0715309 
qwerty 162 149 0 0.37296 1.08742 -0.117641 11.05 -0.00276749 0.00814752 0.0996291 
qwerty 162 149 0 0.37296 1.06867 -0.0624404 11.725 -0.00276749 0.00814752 0.0996291 
qwerty 162 149 0 0.37296 1.04992 -0.00723985 12.4 -0.00276749 0.00814752 0.0996291 
qwerty 161 149 0 2.78359 1.13459 -0.124754 11.05 0.00642585 0.00640856 0.0995873 
qwerty 161 149 0 2.78359 1.17815 -0.0813169 11.725 0.00642585 0.00640856 0.0995873 
qwerty 161 149 0 2.78359 1.2217 -0.0378799 12.4 0.00642585 0.00640856 0.0995873 
qwerty 161 149 0 2.78359 1.25 -0.00965653 12.8386 0.00642585 0.00640856 0.0995873 
qwerty 161 149 0 2.78359 1.26525 0.00555715 13.075 0.00642585 0.00640856 0.0995873 
qwerty 161 149 0 2.78359 1.30881 0.0489942 13.75 0.00642585 0.00640856 0.0995873 
qwerty 161 149 0 2.78359 1.35236 0.0924312 14.425 0.00642585 0.00640856 0.0995873 
qwerty 161 149 0 2.78359 1.39592 0.135868 15.1 0.00642585 0.00640856 0.0995873 
qwerty 161 149 0 2.78359 1.43947 0.179305 15.775 0.00642585 0.00640856 0.0995873 
qwerty 160 149 0 2.58399 1.08482 -0.16349 10.375 0.00731869 -0.000143878 0.0997317 
qwerty 160 149 0 2.58399 1.13435 -0.164464 11.05 0.00731869 -0.000143878 0.0997317 
qwerty 160 149 0 0.657655 2.47535 -0.923272 11.725 0.0810559 -0.0460584 0.036174 
qwerty 160 149 0 0.657655 3.05034 -1.25 11.9816 0.0810559 -0.0460584 0.036174 
qwerty 160 149 0 0.657655 3.98784 -1.78271 12.4 0.0810559 -0.0460584 0.036174 
qwerty 160 149 0 0.657655 5.50033 -2.64215 13.075 0.0810559 -0.0460584 0.036174 
qwerty 160 149 0 0.657655 7.01281 -3.5016 13.75 0.0810559 -0.0460584 0.036174 
qwerty 158 153 0 0.510999 -1.01987 -5.66565 6.325 -0.0256909 -0.0960936 0.0102956 
qwerty 157 153 0 2.50734 0.513923 0.0290715 6.325 0.00341732 0.00723332 0.0996795 
qwerty 157 153 0 2.50734 0.537064 0.0780534 7 0.00341732 0.00723332 0.0996795 
qwerty 157 153 0 2.50734 0.560205 0.127035 7.675 0.00341732 0.00723332 0.0996795 
qwerty 157 153 0 2.50734 0.583346 0.176017 8.35 0.00341732 0.00723332 0.0996795 
qwerty 157 153 0 2.50734 0.606487 0.224999 9.025 0.00341732 0.00723332 0.0996795 
qwerty 157 153 0 2.50734 0.629628 0.273981 9.7 0.00341732 0.00723332 0.0996795 
qwerty 157 153 0 2.50734 0.652769 0.322963 10.375 0.00341732 0.00723332 0.0996795 
qwerty 243 206 0.61305 1.54033 0.878489 -0.409223 12.135 -0.0271954 -0.053268 0.0801432 
qwerty 243 206 0.453543 1.08678 0.824369 -0.577797 12.3383 0.0179136 -0.00587133 0.0982071 
qwerty 243 206 0.107878 0.978905 0.835619 -0.581484 12.4 0.0678813 -0.0367337 0.0635827 
qwerty 243 206 0 0.421367 0.859472 -0.598797 12.4 0.0477807 0.0186494 0.0858441 
qwerty 236 234 0.974077 8.35421 3.34356 -0.363675 21.175 0.0583322 -0.00068231 0.0812213 
qwerty 233 212 0.842604 34.9529 2.15307 -0.326707 17.125 0.0204262 -0.00950313 0.0974293 
qwerty 233 212 0.514103 29.3626 2.23036 -0.178415 17.5336 0.0108642 0.0582101 0.0805826 
qwerty 233 212 0.690513 28.6721 2.26627 0.0140013 17.8 0.0146942 0.0559848 0.0815462 
qwerty 233 212 0.914012 16.6457 2.29249 0.799606 18.241 0.00443101 0.0893015 0.0447841 
qwerty 233 212 1.10052 14.7768 2.31044 1.25031 18.457 -0.00411632 0.0915817 0.0399482 
qwerty 233 212 0.065564 14.7112 2.30859 1.29164 18.475 -0.00411487 0.0907133 0.0418827 
qwerty 233 212 0.43653 4.12157 2.31627 1.66474 18.9191 0.0411985 0.0407754 0.0814865 
qwerty 233 212 0.417918 3.70365 2.43303 1.7803 19.15 0.0656888 0.0527707 0.0538539 
qwerty 409 233 0.289926 0.134283 2.23777 0.858519 18.2252 0.0966159 -0.00395063 0.0254903 
qwerty 409 233 0.134283 0 2.25063 0.857993 18.2286 0.0966159 -0.00395063 0.0254903 
qwerty 419 233 0 0.510999 2.15684 2.14953 18.65 -0.0481827 0.0381374 -0.0788921 
qwerty 419 233 0 0.510999 1.72361 2.46806 17.975 -0.0504869 0.0367318 -0.0781143 
qwerty 419 233 0 0.3269 1.41584 2.69198 17.4988 -0.0574949 -0.0652048 -0.0494234 
qwerty 419 233 0 0.3269 1.18456 2.42969 17.3 -0.0574949 -0.0652048 -0.0494234 
qwerty 419 233 0 0.217519 0.987953 2.63975 16.625 -0.0150264 0.0465486 -0.0872206 
qwerty 424 419 0.184099 0 1.4125 2.71109 17.4875 -0.0148631 0.0850684 -0.0504228 
qwerty 418 233 0 0.510999 2.87446 1.58152 19.825 0.0481827 -0.0381374 0.0788921 
qwerty 415 233 0 0.261809 2.42353 1.85825 19.15 0.0335381 0.0605069 0.0722088 
qwerty 414 233 0 0.344966 2.54694 1.80151 19.15 0.0515569 0.0383577 0.0766197 
qwerty 414 233 0 0.344966 3.00114 2.13944 19.825 0.0515569 0.0383577 0.0766197 
qwerty 413 233 0 1.09576 1.57406 1.86362 17.975 -0.0715142 0.0423115 -0.0556368 
qwerty 413 233 0 1.09576 0.70643 2.37696 17.3 -0.0715142 0.0423115 -0.0556368 
qwerty 410 233 0 0.768389 2.30734 1.29283 18.475 -0.0067144 0.0918571 0.0389512 
qwerty 410 233 0 0.222336 2.25932 1.94971 18.7535 0.0311645 -0.0281868 -0.0907429 
qwerty 410 233 0 0.222336 2.29488 1.91755 18.65 0.0311645 -0.0281868 -0.0907429 
qwerty 410 233 0 0.222336 2.5267 1.70788 17.975 0.0311645 -0.0281868 -0.0907429 
qwerty 437 410 0.123464 0.422589 2.26508 2.00604 18.7744 0.0247141 0.0943733 0.021975 
qwerty 437 410 0.237388 0.185202 2.26256 2.06529 18.8027 0.0279929 0.0775426 0.0565999 
qwerty 437 410 0.185202 0 2.26891 2.08288 18.8156 0.0279929 0.0775426 0.0565999 
qwerty 408 233 0 0.129312 2.28188 1.24794 18.475 -0.00241587 0.0873553 0.048613 
qwerty 406 233 0 2.76481 2.41599 1.64698 18.475 0.00876759 0.0928241 0.0361499 
qwerty 406 233 0 2.76481 2.5797 3.38021 19.15 0.00876759 0.0928241 0.0361499 
qwerty 406 233 0 2.76481 2.74341 5.11345 19.825 0.00876759 0.0928241 0.0361499 
qwerty 406 233 0 2.76481 2.85076 6.25 20.2676 0.00876759 0.0928241 0.0361499 
qwerty 406 233 0 2.76481 2.90712 6.84668 20.5 0.00876759 0.0928241 0.0361499 
qwerty 406 233 0 2.76481 3.07083 8.57991 21.175 0.00876759 0.0928241 0.0361499 
qwerty 406 233 0 2.76481 3.23454 10.3131 21.85 0.00876759 0.0928241 0.0361499 
qwerty 406 233 0 2.76481 3.39825 12.0464 22.525 0.00876759 0.0928241 0.0361499 
qwerty 406 233 0 2.76481 3.55917 13.75 23.1885 0.00876759 0.0928241 0.0361499 
qwerty 406 233 0 2.76481 3.56196 13.7796 23.2 0.00876759 0.0928241 0.0361499 
qwerty 406 233 0 0.378631 5.01779 13.3895 23.875 0.0729081 -0.0592977 0.0341789 
qwerty 405 233 0 2.12484 2.20681 1.7562 18.475 -0.00348635 0.0943068 0.0330767 
qwerty 405 233 0 0.438871 2.15026 3.28581 19.0115 0.0956178 0.0193235 -0.0219965 
qwerty 405 233 0 0.438871 3.72164 3.60337 18.65 0.0956178 0.0193235 -0.0219965 
qwerty 445 405 0.556303 1.12966 2.10632 3.55431 19.0984 -0.029355 0.0941194 -0.016728 
qwerty 445 405 0.434127 0.695533 2.04528 3.75 19.0636 -0.0303555 0.0937548 0.0169876 
qwerty 445 405 0.0887961 0.606737 2.0288 3.77554 19.0699 -0.026232 0.0947595 0.0182349 
qwerty 445 405 0.0650701 0.541667 2.01325 3.80725 19.0682 -0.0283391 0.0945699 -0.0159195 
qwerty 445 405 0.0551283 0.486539 2.00641 3.83424 19.061 0.0277624 0.082793 0.0487296 
qwerty 445 405 0.0935551 0.392983 2.00476 3.86896 19.0921 0.00409437 0.0977942 0.0204823 
qwerty 445 405 0.067943 0.325041 2.01702 3.89859 19.0944 -0.0227313 0.0913283 0.0337998 
qwerty 445 405 0.0775434 0.247497 2.02586 3.92808 19.1145 -0.0449106 0.0892662 0.00381951 
qwerty 445 405 0.0758907 0.171606 2.01587 3.95104 19.1281 -0.053742 -0.0511826 0.0670234 
qwerty 445 405 0.171606 0 2.00511 3.94079 19.1415 -0.053742 -0.0511826 0.0670234 
qwerty 404 233 0 0.617541 2.38826 1.0406 18.475 0.0106619 0.0845612 0.0523042 
qwerty 404 233 0 0.617541 2.52585 2.13189 19.15 0.0106619 0.0845612 0.0523042 
qwerty 404 233 0 0.617541 2.66345 3.22317 19.825 0.0106619 0.0845612 0.0523042 
qwerty 404 233 0 0.617541 2.72987 3.75 20.1509 0.0106619 0.0845612 0.0523042 
qwerty 404 233 0 0.617541 2.80104 4.31446 20.5 0.0106619 0.0845612 0.0523042 
qwerty 404 233 0 0.185004 2.89638 5.07054 20.9677 -0.0296913 -0.0617065 -0.0728747 
qwerty 404 233 0 0.12408 2.84907 4.97223 20.8516 0.060959 -0.046997 0.0638379 
qwerty 404 233 0 0.12408 3.15792 4.73412 21.175 0.060959 -0.046997 0.0638379 
qwerty 448 404 0.0609243 0 2.84734 4.97149 20.8487 -0.0508327 -0.0217419 -0.0833266 
qwerty 447 404 0.284608 0.147929 2.90919 5.13804 21.0162 0.0333946 -0.0272143 0.0902451 
qwerty 447 404 0.147929 0 2.91441 5.13378 21.0304 0.0333946 -0.0272143 0.0902451 
qwerty 403 233 0 0.772798 2.25471 0.0235565 17.8 0.00726753 0.0602595 0.0794731 
qwerty 403 233 0 0.772798 2.31644 0.535367 18.475 0.00726753 0.0602595 0.0794731 
qwerty 403 233 0 0.772798 2.37817 1.04718 19.15 0.00726753 0.0602595 0.0794731 
qwerty 403 233 0 0.772798 2.43989 1.55899 19.825 0.00726753 0.0602595 0.0794731 
qwerty 403 233 0 0.772798 2.50162 2.0708 20.5 0.00726753 0.0602595 0.0794731 
qwerty 403 233 0 0.772798 2.56335 2.58261 21.175 0.00726753 0.0602595 0.0794731 
qwerty 403 233 0 0.772798 2.62507 3.09442 21.85 0.00726753 0.0602595 0.0794731 
qwerty 403 233 0 0.772798 2.6868 3.60623 22.525 0.00726753 0.0602595 0.0794731 
qwerty 403 233 0 0.772798 2.70414 3.75 22.7146 0.00726753 0.0602595 0.0794731 
qwerty 403 233 0 0.772798 2.74852 4.11804 23.2 0.00726753 0.0602595 0.0794731 
qwerty 403 233 0 0.772798 2.81025 4.62985 23.875 0.00726753 0.0602595 0.0794731 
qwerty 403 233 0 0.762878 2.96551 5.08419 24.55 0.0189796 0.0547267 0.0815154 
qwerty 403 233 0 0.762878 3.12267 5.53736 25.225 0.0189796 0.0547267 0.0815154 
qwerty 403 233 0 0.762878 3.27983 5.99054 25.9 0.0189796 0.0547267 0.0815154 
qwerty 403 233 0 0.762878 3.437 6.44371 26.575 0.0189796 0.0547267 0.0815154 
qwerty 403 233 0 0.762878 3.59416 6.89688 27.25 0.0189796 0.0547267 0.0815154 
qwerty 403 233 0 0.762878 3.75 7.34624 27.9193 0.0189796 0.0547267 0.0815154 
qwerty 403 233 0 0.762878 3.75132 7.35005 27.925 0.0189796 0.0547267 0.0815154 
qwerty 451 403 0.0317216 0.436109 3.76404 7.35786 27.9203 0.0913532 -0.0382208 -0.0139196 
qwerty 451 403 0.0221389 0.413971 3.77502 7.35114 27.9208 0.0897669 -0.0293577 -0.0328637 
qwerty 451 403 0.0220898 0.391881 3.78567 7.3493 27.9153 0.0937471 0.0344775 -0.00477293 
qwerty 451 403 0.034519 0.357362 3.79799 7.35483 27.9115 0.0820779 0.0565754 -0.00790268 
qwerty 451 403 0.0300435 0.327318 3.80648 7.36427 27.9103 0.0730383 0.0683021 0.000486909 
qwerty 451 403 0.0324592 0.294859 3.81339 7.37417 27.912 0.0141939 0.0923004 -0.0357653 
qwerty 451 403 0.0264084 0.268451 3.81315 7.38573 27.9052 0.0461601 0.0848882 -0.0257534 
qwerty 451 403 0.0316667 0.236784 3.82136 7.39595 27.9032 0.0700653 0.0661324 -0.0267834 
qwerty 451 403 0.0214312 0.215353 3.83038 7.40292 27.9032 0.0428158 0.0847007 0.0315057 
qwerty 451 403 0.0262074 0.189145 3.83568 7.41068 27.9115 0.0819901 0.0355947 0.0448401 
qwerty 451 403 0.0314397 0.157706 3.84837 7.41386 27.9128 0.0562051 0.0703817 -0.0434442 
qwerty 451 403 0.0473389 0.110367 3.85254 7.42551 27.9103 -0.0511958 0.0806909 -0.0294613 
qwerty 451 403 0.0793317 0.0310351 3.84886 7.43459 27.9099 0.0200935 -0.0366381 -0.090851 
qwerty 451 403 0.0310351 0 3.84907 7.43422 27.9089 0.0200935 -0.0366381 -0.090851 
qwerty 399 236 0 0.510999 1.25 -10.0016 20.7578 -0.0212155 -0.0976292 -0.00429366 
qwerty 399 236 0 0.510999 0.841077 -11.8834 20.675 -0.0212155 -0.0976292 -0.00429366 
qwerty 396 236 0 4.6886 4.18403 0.734417 21.85 0.054744 0.0720324 0.0425961 
qwerty 396 236 0 4.6886 5.05153 1.87588 22.525 0.054744 0.0720324 0.0425961 
qwerty 396 236 0 4.6886 5.91904 3.01734 23.2 0.054744 0.0720324 0.0425961 
qwerty 396 236 0 4.6886 6.25 3.45283 23.4575 0.054744 0.0720324 0.0425961 
qwerty 396 236 0 1.60793 6.70143 4.04682 23.8088 -0.00763889 0.0886126 0.0457106 
qwerty 396 236 0 1.60793 6.69036 4.1752 23.875 -0.00763889 0.0886126 0.0457106 
qwerty 396 236 0 1.60793 6.57756 5.48372 24.55 -0.00763889 0.0886126 0.0457106 
qwerty 396 236 0 1.60793 6.46476 6.79225 25.225 -0.00763889 0.0886126 0.0457106 
qwerty 396 236 0 1.60793 6.35195 8.10077 25.9 -0.00763889 0.0886126 0.0457106 
qwerty 396 236 0 1.00406 6.36134 8.75 25.8816 0.0035413 0.0989207 -0.0142179 
qwerty 396 236 0 1.00406 6.45083 11.25 25.5223 0.0035413 0.0989207 -0.0142179 
qwerty 396 236 0 1.00406 6.48129 12.1008 25.4 0.0035413 0.0989207 -0.0142179 
qwerty 396 236 0 1.00406 6.64942 16.7971 24.725 0.0035413 0.0989207 -0.0142179 
qwerty 396 236 0 0.889019 7.02778 18.75 24.3968 0.0272345 0.0947902 -0.0165254 
qwerty 396 236 0 0.889019 7.59937 20.7395 24.05 0.0272345 0.0947902 -0.0165254 
qwerty 458 396 0.279196 2.80148 6.84255 4.14926 23.875 0.0729915 0.0391875 0.0560052 
qwerty 458 396 0.710243 1.55836 6.95785 4.35249 23.5735 0.0277221 0.0244104 -0.092928 
qwerty 458 396 0.350791 1.20757 7.01706 4.40463 23.375 0.0331857 0.0264068 -0.0905615 
qwerty 395 243 0 0.510999 0.505537 -1.25 12.1405 -0.044973 -0.08288 -0.0332916 
qwerty 395 243 0 0.510999 0.180697 -1.84864 11.9 -0.044973 -0.08288 -0.0332916 
qwerty 395 243 0 0.510999 -0.731149 -3.52907 11.225 -0.044973 -0.08288 -0.0332916 
qwerty 394 243 0 0.510999 1.25 0.187728 12.747 0.0390317 0.0835484 0.0386806 
qwerty 394 243 0 0.510999 1.58101 0.896267 13.075 0.0390317 0.0835484 0.0386806 
qwerty 394 243 0 0.510999 2.26214 2.35424 13.75 0.0390317 0.0835484 0.0386806 
qwerty 394 243 0 0.510999 2.94327 3.81221 14.425 0.0390317 0.0835484 0.0386806 
qwerty 393 297 0 0.510999 -6.33383 4.45011 15.1 -0.0779154 0.00821485 0.0621426 
qwerty 393 297 0 0.510999 -7.18015 4.53934 15.775 -0.0779154 0.00821485 0.0621426 
qwerty 393 297 0 0.510999 -8.02648 4.62857 16.45 -0.0779154 0.00821485 0.0621426 
qwerty 390 342 0 1.33732 10.1405 1.25 14.9254 -0.0209632 -0.0937612 0.0277376 
qwerty 390 342 0 1.33732 10.0085 0.659753 15.1 -0.0209632 -0.0937612 0.0277376 
qwerty 390 342 0 1.33732 9.49836 -1.62194 15.775 -0.0209632 -0.0937612 0.0277376 
qwerty 390 342 0 1.33732 9.02257 -3.75 16.4045 -0.0209632 -0.0937612 0.0277376 
qwerty 390 342 0 1.33732 8.98822 -3.90364 16.45 -0.0209632 -0.0937612 0.0277376 
qwerty 390 342 0 0.978388 8.23455 -6.25 16.0892 -0.031638 -0.0917548 -0.0240851 
qwerty 390 342 0 0.978388 8.05175 -6.78016 15.95 -0.031638 -0.0917548 -0.0240851 
qwerty 390 342 0 0.978388 7.16507 -9.35164 15.275 -0.031638 -0.0917548 -0.0240851 
qwerty 390 342 0 0.295409 6.25 -8.98555 15.4202 -0.0861266 0.0477537 0.0173719 
qwerty 390 342 0 0.140034 5.02335 -8.30542 15.6676 0.0989998 -0.0105452 -0.00937268 
qwerty 390 342 0 0.140034 6.25 -8.43608 15.5515 0.0989998 -0.0105452 -0.00937268 
qwerty 390 342 0 0.140034 8.75 -8.70237 15.3148 0.0989998 -0.0105452 -0.00937268 
qwerty 390 342 0 0.140034 9.17031 -8.74714 15.275 0.0989998 -0.0105452 -0.00937268 
qwerty 474 390 0.155374 0 5.00774 -8.29923 15.6702 -0.0918992 0.0364351 0.0150671 
qwerty 389 342 0 1.33276 10.942 2.75015 15.1 0.0558201 -0.0132583 0.0819044 
qwerty 389 342 0 1.33276 11.25 2.67701 15.5519 0.0558201 -0.0132583 0.0819044 
qwerty 389 342 0 1.33276 11.4021 2.64089 15.775 0.0558201 -0.0132583 0.0819044 
qwerty 389 342 0 1.33276 11.8621 2.53162 16.45 0.0558201 -0.0132583 0.0819044 
qwerty 389 342 0 1.33276 12.3221 2.42235 17.125 0.0558201 -0.0132583 0.0819044 
qwerty 389 342 0 1.20317 12.6242 2.18518 17.8 0.0358543 -0.0332306 0.0872364 
qwerty 389 342 0 1.20317 12.9016 1.92805 18.475 0.0358543 -0.0332306 0.0872364 
qwerty 389 342 0 1.20317 13.179 1.67093 19.15 0.0358543 -0.0332306 0.0872364 
qwerty 389 342 0 1.20317 13.4565 1.4138 19.825 0.0358543 -0.0332306 0.0872364 
qwerty 389 342 0 1.20317 13.6332 1.25 20.255 0.0358543 -0.0332306 0.0872364 
qwerty 389 342 0 1.20317 13.7339 1.15668 20.5 0.0358543 -0.0332306 0.0872364 
qwerty 389 342 0 1.20317 14.0113 0.899552 21.175 0.0358543 -0.0332306 0.0872364 
qwerty 389 342 0 1.20317 14.2887 0.642426 21.85 0.0358543 -0.0332306 0.0872364 
qwerty 389 342 0 1.20317 14.5662 0.385301 22.525 0.0358543 -0.0332306 0.0872364 
qwerty 389 342 0 0.470533 14.8215 0.148686 23.1462 -0.0751569 -0.0328565 0.0572004 
qwerty 389 342 0 0.470533 14.7507 0.117759 23.2 -0.0751569 -0.0328565 0.0572004 
qwerty 389 342 0 0.470533 13.8638 -0.269969 23.875 -0.0751569 -0.0328565 0.0572004 
qwerty 389 342 0 0.470533 12.9769 -0.657696 24.55 -0.0751569 -0.0328565 0.0572004 
qwerty 477 389 0.076366 0.656267 14.8559 0.145695 23.1746 0.0587422 -0.0383813 0.0712476 
qwerty 477 389 0.0552008 0.601067 14.8769 0.132009 23.2 0.0520471 -0.0348175 0.0779669 
qwerty 477 389 0.141387 0.433002 14.885 0.121454 23.1821 0.0460556 -0.0525255 -0.0715538 
qwerty 477 389 0.0348801 0.398122 14.8906 0.113082 23.1637 0.0553701 -0.0525839 -0.0645685 
qwerty 477 389 0.0366363 0.361486 14.8988 0.100999 23.151 0.0131035 -0.0789893 -0.0599081 
qwerty 477 389 0.0854051 0.27608 14.8917 0.0818621 23.1299 -0.00990176 -0.0878518 -0.0467335 
qwerty 477 389 0.104898 0.171182 14.9024 0.0540478 23.1066 -0.0447558 -0.0894143 -0.0014136 
qwerty 477 389 0.171182 0 14.8935 0.0362203 23.1063 -0.0447558 -0.0894143 -0.0014136 
qwerty 385 355 0 0.510999 3.10877 -0.607978 17.975 0.0494134 -0.0378582 -0.0782628 
qwerty 385 355 0 0.510999 3.53495 -0.934497 17.3 0.0494134 -0.0378582 -0.0782628 
qwerty 385 355 0 0.510999 3.75 -1.09926 16.9594 0.0494134 -0.0378582 -0.0782628 
qwerty 385 355 0 0.510999 3.96113 -1.26102 16.625 0.0494134 -0.0378582 -0.0782628 
qwerty 384 355 0 0.510999 2.36894 -0.0469036 19.15 -0.0493912 0.0371533 0.0786139 
qwerty 384 355 0 0.510999 1.94485 0.272104 19.825 -0.0493912 0.0371533 0.0786139 
qwerty 384 355 0 0.510999 1.52077 0.591112 20.5 -0.0493912 0.0371533 0.0786139 
qwerty 383 355 0 1.23053 3.18231 -0.677265 17.975 0.0510553 -0.0458617 -0.0727328 
qwerty 383 355 0 1.05125 4.04553 -1.25 17.3745 0.0758411 -0.0476505 -0.0444698 
qwerty 383 355 0 1.05125 4.17263 -1.32986 17.3 0.0758411 -0.0476505 -0.0444698 
qwerty 383 355 0 1.05125 5.32381 -2.05314 16.625 0.0758411 -0.0476505 -0.0444698 
qwerty 383 355 0 1.05125 6.47499 -2.77642 15.95 0.0758411 -0.0476505 -0.0444698 
qwerty 382 355 0 0.4436 2.73207 -0.230155 19.15 0.00138789 0.0122948 0.0992316 
qwerty 381 355 0 1.50932 2.64232 -0.290865 19.15 -0.0151933 0.00103284 0.0988337 
qwerty 381 355 0 1.50932 2.53856 -0.283811 19.825 -0.0151933 0.00103284 0.0988337 
qwerty 381 355 0 1.50932 2.43479 -0.276757 20.5 -0.0151933 0.00103284 0.0988337 
qwerty 381 355 0 1.50932 2.33103 -0.269703 21.175 -0.0151933 0.00103284 0.0988337 
qwerty 381 355 0 1.50932 2.22726 -0.262649 21.85 -0.0151933 0.00103284 0.0988337 
qwerty 381 355 0 1.38805 2.11878 -0.416388 22.525 -0.0154735 -0.0231288 0.0960501 
qwerty 381 355 0 1.38805 2.01004 -0.578927 23.2 -0.0154735 -0.0231288 0.0960501 
qwerty 381 355 0 1.38805 1.9013 -0.741466 23.875 -0.0154735 -0.0231288 0.0960501 
qwerty 381 355 0 1.38805 1.79256 -0.904006 24.55 -0.0154735 -0.0231288 0.0960501 
qwerty 381 355 0 1.38805 1.68381 -1.06655 25.225 -0.0154735 -0.0231288 0.0960501 
qwerty 381 355 0 1.38805 1.57507 -1.22908 25.9 -0.0154735 -0.0231288 0.0960501 
qwerty 381 355 0 1.38805 1.46633 -1.39162 26.575 -0.0154735 -0.0231288 0.0960501 
qwerty 381 355 0 1.38805 1.35759 -1.55416 27.25 -0.0154735 -0.0231288 0.0960501 
qwerty 381 355 0 1.38805 1.25 -1.71498 27.9178 -0.0154735 -0.0231288 0.0960501 
qwerty 381 355 0 1.38805 1.24885 -1.7167 27.925 -0.0154735 -0.0231288 0.0960501 
qwerty 380 370 0 0.626364 1.74175 0.0178398 16.1618 0.095875 0.028271 0.00295601 
qwerty 380 370 0 0.626364 5.92036 1.25 16.2906 0.095875 0.028271 0.00295601 
qwerty 380 370 0 0.626364 11.089 2.7741 16.45 0.095875 0.028271 0.00295601 
qwerty 379 370 0 0.515869 1.67929 0.123879 15.275 0.0371152 -0.0096145 -0.0923581 
qwerty 379 370 0 0.515869 1.95055 0.0536111 14.6 0.0371152 -0.0096145 -0.0923581 
qwerty 379 370 0 0.515869 2.22181 -0.0166565 13.925 0.0371152 -0.0096145 -0.0923581 
qwerty 379 370 0 0.515869 2.49306 -0.0869241 13.25 0.0371152 -0.0096145 -0.0923581 
qwerty 379 370 0 0.515869 2.76432 -0.157192 12.575 0.0371152 -0.0096145 -0.0923581 
qwerty 491 380 0.291986 0.5293 1.77769 -0.0172407 16.2631 -0.018158 -0.0674797 0.0715317 
qwerty 491 380 0.246595 0.282705 1.69387 -0.0843454 16.3092 0.00893187 -0.0674783 0.0732592 
qwerty 491 380 0.282705 0 1.69786 -0.114429 16.3418 0.00893187 -0.0674783 0.0732592 
