qwerty 1 0 0 200 0 0 -0.249992 0 0 0.1 
qwerty 3 1 0 218.502 0.0174424 0.151226 0.25 0.00333729 0.0289344 0.0956643 
qwerty 3 1 0 218.502 0.04099 0.355385 0.925 0.00333729 0.0289344 0.0956643 
qwerty 3 1 0 218.502 0.0645377 0.559543 1.6 0.00333729 0.0289344 0.0956643 
qwerty 3 1 0 218.502 0.0880853 0.763702 2.275 0.00333729 0.0289344 0.0956643 
qwerty 3 1 0 218.502 0.111633 0.96786 2.95 0.00333729 0.0289344 0.0956643 
qwerty 3 1 0 0 0.129443 1.12227 3.46053 0.00333729 0.0289344 0.0956643 
qwerty 4 3 0.58884 65.5508 0.134283 1.17138 3.625 0.0032676 0.0286583 0.0957498 
qwerty 4 3 0.0263154 43.2277 0.155844 1.25 3.8206 0.0277906 0.0420561 0.0863653 
qwerty 4 3 0.260424 42.1533 0.207317 1.32846 3.97661 0.0307665 0.043609 0.0845676 
qwerty 4 3 0.0449997 41.771 0.216521 1.34118 4.00141 0.031555 0.0420735 0.0850536 
qwerty 4 3 0.55483 41.2162 0.327299 1.48888 4.3 0.0290404 0.0422423 0.0858618 
qwerty 4 3 0.21521 34.1655 0.476698 1.60193 4.59258 0.0501975 0.0165981 0.0848806 
qwerty 4 3 0.518865 33.2657 0.628917 1.65891 4.86344 0.0437326 0.011283 0.0892197 
qwerty 4 3 0.193603 33.0721 0.683598 1.67302 4.975 0.0455555 0.0120358 0.0882034 
qwerty 4 3 0.960978 22.9031 1.06416 1.5483 5.65 0.0376025 -0.00881074 0.0922411 
qwerty 4 3 1.20416 17.5608 0.996953 1.40563 6.325 -0.00915381 -0.0223779 0.0970332 
qwerty 4 3 0.115232 3.93134 1.00684 1.25 6.51831 0.0484865 -0.084635 0.0220446 
qwerty 4 3 0.994961 2.93638 1.1731 0.704624 6.58411 0.00743678 -0.0951726 0.0297804 
qwerty 4 3 0.766209 2.17017 1.27478 0.314671 6.78207 0.0129266 -0.0897848 0.0420904 
qwerty 4 3 0.523108 1.64706 1.25639 -0.0166314 6.89924 -0.00642586 -0.093253 0.0355329 
qwerty 4 3 0.56127 1.08579 1.24013 -0.27678 6.99829 -0.0375033 -0.0889695 0.0260372 
qwerty 4 3 0.011709 1.07408 1.23767 -0.282632 7 -0.0349017 -0.0921111 0.0172457 
qwerty 16 4 0.762213 1.69449 0.769037 1.91121 5.42801 -0.0821107 0.0570197 -0.00256617 
qwerty 16 4 0.486192 1.2083 0.55076 2.10214 5.55275 -0.0569964 0.0777735 0.0265084 
qwerty 16 4 0.511342 0.69696 0.448159 2.28085 5.64093 -0.00711921 0.0885485 0.0459183 
qwerty 16 4 0.0398664 0.657093 0.446752 2.29834 5.65 -0.0263684 0.075401 0.0601614 
qwerty 13 4 0.158686 0.222273 0.64873 1.70854 4.91393 -0.0995609 0.00459767 0.00815345 
qwerty 13 4 0.222273 0 0.618386 1.70994 4.91641 -0.0995609 0.00459767 0.00815345 
qwerty 9 4 0.12678 0.210547 0.213935 1.38042 4.03204 0.0511733 0.0679872 0.0525265 
qwerty 9 4 0.210547 0 0.22823 1.39941 4.04672 0.0511733 0.0679872 0.0525265 
qwerty 8 4 0.102158 0.711741 0.17714 1.32064 4.02136 -0.00619184 -0.0113021 0.0991661 
qwerty 8 4 0.0738584 0.637883 0.164874 1.32427 4.07052 -0.0446999 0.00206386 0.0894296 
qwerty 8 4 0.120957 0.516926 0.144933 1.3211 4.11526 -0.0369703 0.0412467 0.0832581 
qwerty 8 4 0.333518 0.183407 0.122212 1.33786 4.15172 -0.086399 0.0164939 0.0475727 
qwerty 8 4 0.183407 0 0.102921 1.34154 4.16234 -0.086399 0.0164939 0.0475727 
qwerty 21 4 0 2.64766 0.873718 1.25 6.7601 -0.0362759 -0.0227321 0.0903732 
qwerty 21 4 0 2.64766 0.777422 1.18966 7 -0.0362759 -0.0227321 0.0903732 
qwerty 21 4 0 2.64766 0.506476 1.01987 7.675 -0.0362759 -0.0227321 0.0903732 
qwerty 21 4 0 2.64766 0.23553 0.850083 8.35 -0.0362759 -0.0227321 0.0903732 
qwerty 21 4 0 2.64766 -0.0354155 0.680296 9.025 -0.0362759 -0.0227321 0.0903732 
qwerty 21 4 0 2.64766 -0.306361 0.51051 9.7 -0.0362759 -0.0227321 0.0903732 
qwerty 21 4 0 2.64766 -0.577307 0.340723 10.375 -0.0362759 -0.0227321 0.0903732 
qwerty 21 4 0 2.64766 -0.848253 0.170936 11.05 -0.0362759 -0.0227321 0.0903732 
qwerty 21 4 0 2.64766 -1.1192 0.00114896 11.725 -0.0362759 -0.0227321 0.0903732 
qwerty 21 4 0 2.64766 -1.39015 -0.168638 12.4 -0.0362759 -0.0227321 0.0903732 
qwerty 21 4 0 2.64766 -1.66109 -0.338425 13.075 -0.0362759 -0.0227321 0.0903732 
qwerty 21 4 0 2.64766 -1.93204 -0.508212 13.75 -0.0362759 -0.0227321 0.0903732 
qwerty 21 4 0 2.64766 -2.20298 -0.677999 14.425 -0.0362759 -0.0227321 0.0903732 
qwerty 21 4 0 2.64766 -2.47393 -0.847785 15.1 -0.0362759 -0.0227321 0.0903732 
qwerty 21 4 0 2.64766 -2.74488 -1.01757 15.775 -0.0362759 -0.0227321 0.0903732 
qwerty 21 4 0 2.64766 -3.01582 -1.18736 16.45 -0.0362759 -0.0227321 0.0903732 
qwerty 21 4 0 2.64766 -3.28677 -1.35715 17.125 -0.0362759 -0.0227321 0.0903732 
qwerty 21 4 0 2.64766 -3.55771 -1.52693 17.8 -0.0362759 -0.0227321 0.0903732 
qwerty 21 4 0 2.64766 -3.75 -1.64743 18.279 -0.0362759 -0.0227321 0.0903732 
qwerty 21 4 0 2.64766 -3.82866 -1.69672 18.475 -0.0362759 -0.0227321 0.0903732 
qwerty 21 4 0 2.64766 -4.0996 -1.86651 19.15 -0.0362759 -0.0227321 0.0903732 
qwerty 21 4 0 2.64766 -4.37055 -2.03629 19.825 -0.0362759 -0.0227321 0.0903732 
qwerty 21 4 0 2.64766 -4.6415 -2.20608 20.5 -0.0362759 -0.0227321 0.0903732 
qwerty 21 4 0 2.64766 -4.91244 -2.37587 21.175 -0.0362759 -0.0227321 0.0903732 
qwerty 21 4 0 2.64766 -5.18339 -2.54565 21.85 -0.0362759 -0.0227321 0.0903732 
qwerty 21 4 0 2.64766 -5.45433 -2.71544 22.525 -0.0362759 -0.0227321 0.0903732 
qwerty 21 4 0 2.64766 -5.72528 -2.88523 23.2 -0.0362759 -0.0227321 0.0903732 
qwerty 21 4 0 2.64766 -5.99623 -3.05501 23.875 -0.0362759 -0.0227321 0.0903732 
qwerty 21 4 0 2.64766 -6.26717 -3.2248 24.55 -0.0362759 -0.0227321 0.0903732 
qwerty 21 4 0 2.64766 -6.53812 -3.39459 25.225 -0.0362759 -0.0227321 0.0903732 
qwerty 21 4 0 2.64766 -6.80906 -3.56438 25.9 -0.0362759 -0.0227321 0.0903732 
qwerty 21 4 0 2.64766 -7.08001 -3.73416 26.575 -0.0362759 -0.0227321 0.0903732 
qwerty 21 4 0 2.64766 -7.35096 -3.90395 27.25 -0.0362759 -0.0227321 0.0903732 
qwerty 21 4 0 2.64766 -7.6219 -4.07374 27.925 -0.0362759 -0.0227321 0.0903732 
qwerty 21 4 0 2.64766 -7.89285 -4.24352 28.6 -0.0362759 -0.0227321 0.0903732 
qwerty 21 4 0 2.64766 -8.16379 -4.41331 29.275 -0.0362759 -0.0227321 0.0903732 
qwerty 19 4 0 0.705512 1.41218 1.37476 7 0.0695585 -0.00458449 0.0716979 
qwerty 19 4 0 0.705512 2.06704 1.3316 7.675 0.0695585 -0.00458449 0.0716979 
qwerty 19 4 0 0.705512 2.7219 1.28844 8.35 0.0695585 -0.00458449 0.0716979 
qwerty 19 4 0 0.705512 3.37676 1.24528 9.025 0.0695585 -0.00458449 0.0716979 
qwerty 19 4 0 0.705512 4.03162 1.20212 9.7 0.0695585 -0.00458449 0.0716979 
qwerty 19 4 0 0.705512 4.68648 1.15896 10.375 0.0695585 -0.00458449 0.0716979 
qwerty 19 4 0 0.705512 5.34134 1.1158 11.05 0.0695585 -0.00458449 0.0716979 
qwerty 19 4 0 0.705512 5.99619 1.07264 11.725 0.0695585 -0.00458449 0.0716979 
qwerty 19 4 0 0.705512 6.65105 1.02948 12.4 0.0695585 -0.00458449 0.0716979 
qwerty 19 4 0 0.705512 7.30591 0.986315 13.075 0.0695585 -0.00458449 0.0716979 
qwerty 19 4 0 0.705512 7.96077 0.943154 13.75 0.0695585 -0.00458449 0.0716979 
qwerty 19 4 0 0.705512 8.61563 0.899993 14.425 0.0695585 -0.00458449 0.0716979 
qwerty 19 4 0 0.705512 9.27049 0.856833 15.1 0.0695585 -0.00458449 0.0716979 
qwerty 19 4 0 0.705512 9.92535 0.813672 15.775 0.0695585 -0.00458449 0.0716979 
qwerty 19 4 0 0.705512 10.5802 0.770511 16.45 0.0695585 -0.00458449 0.0716979 
qwerty 19 4 0 0.705512 11.2351 0.727351 17.125 0.0695585 -0.00458449 0.0716979 
qwerty 19 4 0 0.705512 11.8899 0.68419 17.8 0.0695585 -0.00458449 0.0716979 
qwerty 19 4 0 0.705512 12.5448 0.64103 18.475 0.0695585 -0.00458449 0.0716979 
qwerty 19 4 0 0.705512 13.1996 0.597869 19.15 0.0695585 -0.00458449 0.0716979 
qwerty 19 4 0 0.705512 13.75 0.561596 19.7173 0.0695585 -0.00458449 0.0716979 
qwerty 19 4 0 0.705512 13.8545 0.554708 19.825 0.0695585 -0.00458449 0.0716979 
qwerty 19 4 0 0.618116 14.0882 0.442404 20.5 0.0315416 -0.015712 0.0935856 
qwerty 19 4 0 0.618116 14.3157 0.329079 21.175 0.0315416 -0.015712 0.0935856 
qwerty 19 4 0 0.618116 14.5432 0.215753 21.85 0.0315416 -0.015712 0.0935856 
qwerty 25 19 1.25972 4.15364 0.311315 1.66918 6.82384 -0.0821613 0.0270943 0.0501539 
qwerty 25 19 0.909759 3.24388 0.0227375 1.76435 7 -0.0920753 0.0162282 0.0354794 
qwerty 25 19 0.843648 2.25702 -0.232378 1.46734 6.73501 -0.0786886 -0.0612967 -0.00712863 
qwerty 25 19 0.639802 1.61721 -0.511391 1.25 6.70973 -0.0656392 -0.0527823 -0.0539029 
qwerty 25 19 0.483693 1.13352 -0.681307 1.14072 6.51346 -0.070904 -0.0641161 -0.0293556 
qwerty 25 19 0.068057 1.06546 -0.713822 1.11131 6.5 -0.0793347 -0.0544968 -0.0271314 
qwerty 29 25 0 0.116164 0.468996 0.913882 7 0.09105 -0.0138606 0.0389586 
qwerty 18 4 0 1.82286 1.03347 1.39673 6.325 -0.0137946 -0.0289431 0.0947207 
qwerty 18 4 0 1.82286 0.963538 1.25 6.80519 -0.0137946 -0.0289431 0.0947207 
qwerty 18 4 0 1.82286 0.935167 1.19047 7 -0.0137946 -0.0289431 0.0947207 
qwerty 18 4 0 1.82286 0.836863 0.984219 7.675 -0.0137946 -0.0289431 0.0947207 
qwerty 18 4 0 1.82286 0.73856 0.777964 8.35 -0.0137946 -0.0289431 0.0947207 
qwerty 18 4 0 1.82286 0.640256 0.57171 9.025 -0.0137946 -0.0289431 0.0947207 
qwerty 18 4 0 1.82286 0.541953 0.365455 9.7 -0.0137946 -0.0289431 0.0947207 
qwerty 18 4 0 1.82286 0.443649 0.159201 10.375 -0.0137946 -0.0289431 0.0947207 
qwerty 18 4 0 1.82286 0.345346 -0.0470537 11.05 -0.0137946 -0.0289431 0.0947207 
qwerty 15 4 0 0.464807 1.1587 1.48327 5.65 0.0562422 -0.0238465 0.0791717 
qwerty 14 4 0 3.53617 1.15458 1.48858 5.65 0.0568608 -0.023829 0.0787339 
qwerty 14 4 0 3.53617 1.64206 1.28429 6.325 0.0568608 -0.023829 0.0787339 
qwerty 14 4 0 3.53617 2.12954 1.08 7 0.0568608 -0.023829 0.0787339 
qwerty 14 4 0 3.53617 2.61702 0.875711 7.675 0.0568608 -0.023829 0.0787339 
qwerty 14 4 0 3.53617 3.1045 0.671421 8.35 0.0568608 -0.023829 0.0787339 
qwerty 14 4 0 3.53617 3.59198 0.46713 9.025 0.0568608 -0.023829 0.0787339 
qwerty 14 4 0 3.53617 4.07945 0.26284 9.7 0.0568608 -0.023829 0.0787339 
qwerty 14 4 0 3.53617 4.56693 0.0585493 10.375 0.0568608 -0.023829 0.0787339 
qwerty 14 4 0 3.53617 5.05441 -0.145741 11.05 0.0568608 -0.023829 0.0787339 
qwerty 14 4 0 3.53617 5.54189 -0.350032 11.725 0.0568608 -0.023829 0.0787339 
qwerty 14 4 0 3.53617 6.02937 -0.554322 12.4 0.0568608 -0.023829 0.0787339 
qwerty 14 4 0 3.53617 6.25 -0.646783 12.7055 0.0568608 -0.023829 0.0787339 
qwerty 14 4 0 3.53617 6.51685 -0.758612 13.075 0.0568608 -0.023829 0.0787339 
qwerty 14 4 0 3.53617 7.00433 -0.962903 13.75 0.0568608 -0.023829 0.0787339 
qwerty 14 4 0 3.53617 7.4918 -1.16719 14.425 0.0568608 -0.023829 0.0787339 
qwerty 14 4 0 3.53617 7.6894 -1.25 14.6986 0.0568608 -0.023829 0.0787339 
qwerty 14 4 0 3.53617 7.97928 -1.37148 15.1 0.0568608 -0.023829 0.0787339 
qwerty 14 4 0 3.53617 8.46676 -1.57577 15.775 0.0568608 -0.023829 0.0787339 
qwerty 14 4 0 3.53617 8.95424 -1.78006 16.45 0.0568608 -0.023829 0.0787339 
qwerty 14 4 0 3.53617 9.44172 -1.98436 17.125 0.0568608 -0.023829 0.0787339 
qwerty 14 4 0 3.53617 9.9292 -2.18865 17.8 0.0568608 -0.023829 0.0787339 
qwerty 14 4 0 3.53617 10.4167 -2.39294 18.475 0.0568608 -0.023829 0.0787339 
qwerty 14 4 0 3.53617 10.9042 -2.59723 19.15 0.0568608 -0.023829 0.0787339 
qwerty 14 4 0 3.53617 11.25 -2.74216 19.6289 0.0568608 -0.023829 0.0787339 
qwerty 14 4 0 3.53617 11.3916 -2.80152 19.825 0.0568608 -0.023829 0.0787339 
qwerty 14 4 0 3.53617 11.8791 -3.00581 20.5 0.0568608 -0.023829 0.0787339 
qwerty 14 4 0 3.53617 12.3666 -3.2101 21.175 0.0568608 -0.023829 0.0787339 
qwerty 14 4 0 3.53617 12.8541 -3.41439 21.85 0.0568608 -0.023829 0.0787339 
qwerty 14 4 0 3.53617 13.3415 -3.61868 22.525 0.0568608 -0.023829 0.0787339 
qwerty 14 4 0 3.53617 13.6549 -3.75 22.9589 0.0568608 -0.023829 0.0787339 
qwerty 14 4 0 3.53617 13.829 -3.82297 23.2 0.0568608 -0.023829 0.0787339 
qwerty 14 4 0 3.53617 14.3165 -4.02726 23.875 0.0568608 -0.023829 0.0787339 
qwerty 14 4 0 3.53617 14.804 -4.23155 24.55 0.0568608 -0.023829 0.0787339 
qwerty 14 4 0 3.53617 15.2915 -4.43584 25.225 0.0568608 -0.023829 0.0787339 
qwerty 14 4 0 3.53617 15.7789 -4.64013 25.9 0.0568608 -0.023829 0.0787339 
qwerty 14 4 0 3.53617 16.25 -4.83754 26.5523 0.0568608 -0.023829 0.0787339 
qwerty 14 4 0 3.53617 16.2664 -4.84442 26.575 0.0568608 -0.023829 0.0787339 
qwerty 14 4 0 3.53617 16.7539 -5.04871 27.25 0.0568608 -0.023829 0.0787339 
qwerty 14 4 0 3.53617 17.2414 -5.253 27.925 0.0568608 -0.023829 0.0787339 
qwerty 14 4 0 3.53617 17.7288 -5.45729 28.6 0.0568608 -0.023829 0.0787339 
qwerty 14 4 0 3.53617 18.2163 -5.66158 29.275 0.0568608 -0.023829 0.0787339 
qwerty 14 4 0 3.53617 18.7038 -5.86587 29.95 0.0568608 -0.023829 0.0787339 
qwerty 12 4 0 0.0539179 0.701226 1.66237 4.975 0.0501669 0.0135046 0.0854453 
qwerty 11 4 0 0.387125 0.643546 1.61829 4.975 0.0430204 0.00775986 0.0899391 
qwerty 11 4 0 0.387125 0.966417 1.67653 5.65 0.0430204 0.00775986 0.0899391 
qwerty 11 4 0 0.387125 1.25 1.72768 6.24286 0.0430204 0.00775986 0.0899391 
qwerty 11 4 0 0.387125 1.28929 1.73477 6.325 0.0430204 0.00775986 0.0899391 
qwerty 10 4 0 3.78133 0.642462 1.91482 4.975 0.0368449 0.0498994 0.0784379 
qwerty 10 4 0 3.78133 0.959532 2.34423 5.65 0.0368449 0.0498994 0.0784379 
qwerty 10 4 0 3.78133 1.25 2.73762 6.26837 0.0368449 0.0498994 0.0784379 
qwerty 10 4 0 3.78133 1.2766 2.77364 6.325 0.0368449 0.0498994 0.0784379 
qwerty 10 4 0 3.78133 1.59367 3.20305 7 0.0368449 0.0498994 0.0784379 
qwerty 10 4 0 3.78133 1.91074 3.63246 7.675 0.0368449 0.0498994 0.0784379 
qwerty 10 4 0 3.78133 1.99753 3.75 7.85976 0.0368449 0.0498994 0.0784379 
qwerty 10 4 0 3.78133 2.22781 4.06187 8.35 0.0368449 0.0498994 0.0784379 
qwerty 10 4 0 3.78133 2.54488 4.49129 9.025 0.0368449 0.0498994 0.0784379 
qwerty 10 4 0 3.78133 2.86195 4.9207 9.7 0.0368449 0.0498994 0.0784379 
qwerty 10 4 0 3.78133 3.17902 5.35011 10.375 0.0368449 0.0498994 0.0784379 
qwerty 10 4 0 0.337703 3.10865 5.7937 9.875 -0.0136222 0.0591844 -0.0794459 
qwerty 10 4 0 0.337703 3.02454 6.25 9.2167 -0.00931492 0.0557335 -0.0825046 
qwerty 10 4 0 0.337703 3.02265 6.26128 9.2 -0.00931492 0.0557335 -0.0825046 
qwerty 41 39 0 1.23252 2.9421 5.18314 11.05 -0.0400003 -0.0279393 0.087289 
qwerty 41 39 0 1.23252 2.63278 4.96709 11.725 -0.0400003 -0.0279393 0.087289 
qwerty 41 39 0 1.23252 2.32346 4.75104 12.4 -0.0400003 -0.0279393 0.087289 
qwerty 7 4 0 5.78433 0.152195 1.25 3.82369 0.0123815 0.040299 0.0906791 
qwerty 7 4 0 5.78433 0.217232 1.46168 4.3 0.0123815 0.040299 0.0906791 
qwerty 7 4 0 5.78433 0.309398 1.76166 4.975 0.0123815 0.040299 0.0906791 
qwerty 7 4 0 5.78433 0.401564 2.06164 5.65 0.0123815 0.040299 0.0906791 
qwerty 7 4 0 5.78433 0.49373 2.36162 6.325 0.0123815 0.040299 0.0906791 
qwerty 7 4 0 5.78433 0.585895 2.6616 7 0.0123815 0.040299 0.0906791 
qwerty 7 4 0 5.78433 0.678061 2.96157 7.675 0.0123815 0.040299 0.0906791 
qwerty 7 4 0 5.78433 0.770227 3.26155 8.35 0.0123815 0.040299 0.0906791 
qwerty 7 4 0 5.78433 0.862393 3.56153 9.025 0.0123815 0.040299 0.0906791 
qwerty 7 4 0 5.78433 0.920298 3.75 9.44908 0.0123815 0.040299 0.0906791 
qwerty 7 4 0 5.78433 0.954559 3.86151 9.7 0.0123815 0.040299 0.0906791 
qwerty 7 4 0 5.78433 1.04672 4.16149 10.375 0.0123815 0.040299 0.0906791 
qwerty 7 4 0 5.78433 1.13889 4.46147 11.05 0.0123815 0.040299 0.0906791 
qwerty 7 4 0 5.78433 1.23106 4.76145 11.725 0.0123815 0.040299 0.0906791 
qwerty 7 4 0 5.78433 1.32322 5.06143 12.4 0.0123815 0.040299 0.0906791 
qwerty 7 4 0 5.78433 1.41539 5.36141 13.075 0.0123815 0.040299 0.0906791 
qwerty 7 4 0 5.78433 1.50755 5.66138 13.75 0.0123815 0.040299 0.0906791 
qwerty 7 4 0 5.78433 1.59972 5.96136 14.425 0.0123815 0.040299 0.0906791 
qwerty 7 4 0 5.78433 1.6884 6.25 15.0745 0.0123815 0.040299 0.0906791 
qwerty 7 4 0 5.78433 1.69189 6.26134 15.1 0.0123815 0.040299 0.0906791 
qwerty 7 4 0 5.78433 1.78405 6.56132 15.775 0.0123815 0.040299 0.0906791 
qwerty 7 4 0 5.78433 1.87622 6.8613 16.45 0.0123815 0.040299 0.0906791 
qwerty 7 4 0 5.78433 1.96838 7.16128 17.125 0.0123815 0.040299 0.0906791 
qwerty 7 4 0 5.78433 2.06055 7.46126 17.8 0.0123815 0.040299 0.0906791 
qwerty 7 4 0 5.78433 2.15271 7.76124 18.475 0.0123815 0.040299 0.0906791 
qwerty 7 4 0 5.78433 2.24488 8.06122 19.15 0.0123815 0.040299 0.0906791 
qwerty 7 4 0 5.78433 2.33705 8.36119 19.825 0.0123815 0.040299 0.0906791 
qwerty 7 4 0 5.78433 2.42921 8.66117 20.5 0.0123815 0.040299 0.0906791 
qwerty 7 4 0 5.78433 2.52138 8.96115 21.175 0.0123815 0.040299 0.0906791 
qwerty 7 4 0 5.78433 2.61354 9.26113 21.85 0.0123815 0.040299 0.0906791 
qwerty 7 4 0 5.78433 2.70571 9.56111 22.525 0.0123815 0.040299 0.0906791 
qwerty 7 4 0 1.27487 2.70562 9.40226 23.2 -0.00310189 -0.0371966 0.0927728 
qwerty 7 4 0 1.27487 2.68305 9.13162 23.875 -0.00310189 -0.0371966 0.0927728 
qwerty 7 4 0 1.27487 2.66048 8.86099 24.55 -0.00310189 -0.0371966 0.0927728 
qwerty 7 4 0 1.27487 2.63791 8.59035 25.225 -0.00310189 -0.0371966 0.0927728 
qwerty 7 4 0 0.567316 1.49933 8.12094 25.9 -0.0869417 -0.0307584 0.0386662 
qwerty 47 7 0 0.107298 2.62723 8.51898 25.4 -0.0326315 -0.039658 -0.0858046 
qwerty 47 7 0.00692704 0.0952732 2.62811 8.5187 25.4001 0.0959503 0.0212727 0.0184664 
qwerty 47 7 0.00174876 0.0935244 2.6288 8.51879 25.4004 0.0971026 0.0205851 0.0121386 
qwerty 47 7 0.00255833 0.0909661 2.6296 8.51901 25.4006 0.0827248 0.0495501 0.0264838 
qwerty 47 7 0.00348705 0.087479 2.6302 8.51948 25.4009 0.0191756 0.0977091 -0.0092321 
qwerty 47 7 0.00201322 0.0854658 2.6304 8.52011 25.4007 0.0263613 0.0957092 -0.0120344 
qwerty 47 7 0.00391393 0.0815519 2.63072 8.5208 25.4006 0.0260225 0.0963584 -0.00615522 
qwerty 47 7 0.00755985 0.0739921 2.6309 8.52151 25.4007 -0.0130867 0.0985729 0.0105884 
qwerty 47 7 0.00279813 0.0711939 2.63076 8.52235 25.4007 -0.0590682 0.0806422 0.00279067 
qwerty 47 7 0.00469429 0.0664996 2.63016 8.5229 25.4006 -0.0530932 0.081207 0.0242184 
qwerty 47 7 0.00286776 0.0636319 2.62961 8.5235 25.4008 -0.0875919 0.0472325 0.00983656 
qwerty 47 7 0.00388075 0.0597511 2.62884 8.52383 25.4006 -0.0982163 0.0171049 -0.00780895 
qwerty 47 7 0.00394368 0.0558074 2.6281 8.52383 25.4008 -0.0948019 0.0318212 0.000111354 
qwerty 47 7 0.00355007 0.0522574 2.62744 8.52417 25.4006 -0.089276 0.0445832 -0.00649109 
qwerty 47 7 0.00504478 0.0472126 2.62666 8.52427 25.4006 -0.0819372 0.0572705 0.00252636 
qwerty 47 7 0.00519097 0.0420216 2.62609 8.52455 25.4009 -0.0673573 0.0627861 0.0389988 
qwerty 47 7 0.00759707 0.0344246 2.62559 8.52496 25.4012 -0.0811377 0.047228 -0.0344411 
qwerty 47 7 0.0115447 0.0228799 2.6252 8.52532 25.4007 -0.0259107 0.0825749 -0.0501002 
qwerty 47 7 0.0158932 0.00698673 2.62499 8.52552 25.4001 -0.0802073 0.0242217 -0.0545903 
qwerty 47 7 0.00698673 0 2.62494 8.52554 25.4 -0.0802073 0.0242217 -0.0545903 
qwerty 46 7 0.858764 3.21342 2.76508 9.74544 23.2 -0.0168572 0.00306563 0.0985212 
qwerty 46 7 0 1.55242 2.71487 9.78929 23.2 0.0230294 0.0790855 0.0567022 
qwerty 49 47 0 0.156791 1.80877 8.31682 25.6534 -0.0986227 -0.0148568 0.00726868 
qwerty 49 47 0 0.141668 1.42287 8.25869 25.6818 -0.0548843 -0.0382124 0.0743473 
qwerty 49 47 0 0.141668 1.2618 8.14655 25.9 -0.0548843 -0.0382124 0.0743473 
qwerty 59 49 0.0151228 0 1.4227 8.25876 25.6816 -0.0613862 0.024626 -0.075002 
qwerty 6 4 0 14.3029 0.151092 1.25 3.88822 0.00643461 0.0273936 0.0959593 
qwerty 6 4 0 14.3029 0.178704 1.36755 4.3 0.00643461 0.0273936 0.0959593 
qwerty 6 4 0 14.3029 0.223966 1.56024 4.975 0.00643461 0.0273936 0.0959593 
qwerty 6 4 0 14.3029 0.269229 1.75294 5.65 0.00643461 0.0273936 0.0959593 
qwerty 6 4 0 14.3029 0.314491 1.94563 6.325 0.00643461 0.0273936 0.0959593 
qwerty 6 4 0 14.3029 0.359754 2.13832 7 0.00643461 0.0273936 0.0959593 
qwerty 6 4 0 14.3029 0.405016 2.33102 7.675 0.00643461 0.0273936 0.0959593 
qwerty 6 4 0 14.3029 0.450279 2.52371 8.35 0.00643461 0.0273936 0.0959593 
qwerty 6 4 0 14.3029 0.495542 2.7164 9.025 0.00643461 0.0273936 0.0959593 
qwerty 6 4 0 14.3029 0.540804 2.9091 9.7 0.00643461 0.0273936 0.0959593 
qwerty 6 4 0 14.3029 0.586067 3.10179 10.375 0.00643461 0.0273936 0.0959593 
qwerty 6 4 0 14.3029 0.631329 3.29448 11.05 0.00643461 0.0273936 0.0959593 
qwerty 6 4 0 14.3029 0.676592 3.48718 11.725 0.00643461 0.0273936 0.0959593 
qwerty 6 4 0 14.3029 0.721854 3.67987 12.4 0.00643461 0.0273936 0.0959593 
qwerty 6 4 0 14.3029 0.767117 3.87256 13.075 0.00643461 0.0273936 0.0959593 
qwerty 6 4 0 14.3029 0.81238 4.06525 13.75 0.00643461 0.0273936 0.0959593 
qwerty 6 4 0 14.3029 0.857642 4.25795 14.425 0.00643461 0.0273936 0.0959593 
qwerty 6 4 0 14.3029 0.902905 4.45064 15.1 0.00643461 0.0273936 0.0959593 
qwerty 6 4 0 14.3029 0.948167 4.64333 15.775 0.00643461 0.0273936 0.0959593 
qwerty 6 4 0 14.3029 0.99343 4.83603 16.45 0.00643461 0.0273936 0.0959593 
qwerty 6 4 0 14.3029 1.03869 5.02872 17.125 0.00643461 0.0273936 0.0959593 
qwerty 6 4 0 14.3029 1.08395 5.22141 17.8 0.00643461 0.0273936 0.0959593 
qwerty 6 4 0 14.3029 1.12922 5.41411 18.475 0.00643461 0.0273936 0.0959593 
qwerty 6 4 0 14.3029 1.17448 5.6068 19.15 0.00643461 0.0273936 0.0959593 
qwerty 6 4 0 14.3029 1.21974 5.79949 19.825 0.00643461 0.0273936 0.0959593 
qwerty 6 4 0 14.3029 1.26501 5.99219 20.5 0.00643461 0.0273936 0.0959593 
qwerty 6 4 0 14.3029 1.31027 6.18488 21.175 0.00643461 0.0273936 0.0959593 
qwerty 61 6 0.0105467 9.47985 1.32251 6.268 21.3557 -0.0168063 0.0551802 0.0816866 
qwerty 61 6 0.976585 8.50326 1.22082 6.60188 21.85 -0.0156881 0.0560899 0.0812884 
qwerty 61 6 0.688925 1.5595 0.885185 6.71927 21.5138 -0.074011 -0.0388691 -0.0548778 
qwerty 61 6 0.762677 0.79682 0.690784 6.62595 21.3545 -0.0319297 -0.0283663 -0.0904204 
qwerty 61 6 0.014331 0.782489 0.689188 6.62454 21.35 -0.0364972 -0.0355944 -0.086029 
qwerty 65 61 0 0.407332 0.907782 6.72402 21.35 -0.0215474 -0.0090767 -0.0972282 
qwerty 65 61 0 0.407332 0.75819 6.66101 20.675 -0.0215474 -0.0090767 -0.0972282 
qwerty 63 61 0 0.0152617 1.22093 6.4362 21.85 -0.0190967 0.0316245 0.0929258 
qwerty 2 1 0 116.474 -0.0373754 -0.324045 0.25 -0.00626065 -0.05428 0.0837525 
qwerty 2 1 0 116.474 -0.0878329 -0.761513 0.925 -0.00626065 -0.05428 0.0837525 
qwerty 2 1 0 116.474 -0.13829 -1.19898 1.6 -0.00626065 -0.05428 0.0837525 
qwerty 2 1 0 116.474 -0.188748 -1.63645 2.275 -0.00626065 -0.05428 0.0837525 
qwerty 2 1 0 116.474 -0.239205 -2.07392 2.95 -0.00626065 -0.05428 0.0837525 
qwerty 2 1 0 116.474 -0.289663 -2.51138 3.625 -0.00626065 -0.05428 0.0837525 
qwerty 2 1 0 116.474 -0.34012 -2.94885 4.3 -0.00626065 -0.05428 0.0837525 
qwerty 2 1 0 116.474 -0.390578 -3.38632 4.975 -0.00626065 -0.05428 0.0837525 
qwerty 2 1 0 116.474 -0.432525 -3.75 5.53615 -0.00626065 -0.05428 0.0837525 
qwerty 2 1 0 116.474 -0.441035 -3.82379 5.65 -0.00626065 -0.05428 0.0837525 
qwerty 2 1 0 116.474 -0.491493 -4.26126 6.325 -0.00626065 -0.05428 0.0837525 
qwerty 2 1 0 116.474 -0.54195 -4.69872 7 -0.00626065 -0.05428 0.0837525 
qwerty 2 1 0 116.474 -0.592408 -5.13619 7.675 -0.00626065 -0.05428 0.0837525 
qwerty 2 1 0 116.474 -0.642865 -5.57366 8.35 -0.00626065 -0.05428 0.0837525 
qwerty 2 1 0 116.474 -0.693323 -6.01113 9.025 -0.00626065 -0.05428 0.0837525 
qwerty 2 1 0 116.474 -0.720874 -6.25 9.39357 -0.00626065 -0.05428 0.0837525 
qwerty 2 1 0 116.474 -0.74378 -6.4486 9.7 -0.00626065 -0.05428 0.0837525 
qwerty 2 1 0 116.474 -0.794238 -6.88606 10.375 -0.00626065 -0.05428 0.0837525 
qwerty 70 2 0.852984 13.8882 -0.798476 -7.27762 11.05 -0.00614938 -0.0394819 0.0916699 
qwerty 70 2 1.21019 9.86985 -1.07868 -7.56853 11.725 -0.0501531 -0.017925 0.0846367 
qwerty 70 2 0 5.16811 -1.24923 -7.60062 11.725 -0.0868469 -0.049275 0.0054395 
qwerty 70 2 0.932318 4.06269 -1.44365 -7.55379 11.225 0.0565893 -0.0121101 -0.0815536 
qwerty 5 3 0.263491 151.077 0.135575 1.1723 3.625 0.00300786 0.0295977 0.0954721 
qwerty 5 3 0.00382931 21.0626 0.136772 1.25 3.80263 -0.0146669 0.0502984 0.085176 
qwerty 5 3 1.28978 19.7728 0.0511274 1.54371 4.3 -0.0111134 0.0511304 0.0852184 
qwerty 69 2 1.12467 28.8003 -0.674375 -7.42325 11.05 0.0277329 -0.0641899 0.071488 
qwerty 69 2 0.775968 14.9409 -0.111781 -7.58868 10.9198 0.0937277 -0.00890836 -0.0337011 
qwerty 69 2 1.3102 13.0807 0.614023 -7.7133 10.5938 0.088564 -0.0268568 -0.037883 
qwerty 69 2 0.0553905 12.446 0.642152 -7.72241 10.5821 0.0867803 -0.0278171 -0.0411752 
qwerty 69 2 0.168405 12.2776 0.709842 -7.7441 10.55 0.0881504 -0.0302838 -0.036227 
qwerty 69 2 0.6064 4.672 0.66327 -7.5168 10.3213 -0.0253346 0.0881601 -0.0398241 
qwerty 69 2 0.610923 3.02788 0.550209 -7.15945 10.1819 -0.0287051 0.0851283 -0.0439225 
qwerty 69 2 1.02378 2.0041 0.368173 -6.74885 10.0752 -0.0251186 0.0821537 -0.0511842 
qwerty 69 2 0.56542 1.43868 0.2731 -6.46945 9.93758 -0.00262412 0.0999628 0.000744155 
qwerty 69 2 0.620581 0.727646 0.292708 -6.22601 9.88118 0.0945352 0.0315145 -0.00836236 
qwerty 69 2 0.149789 0.577858 0.362624 -6.2027 9.875 0.0850317 0.0084845 0.0519386 
qwerty 69 2 0.0605953 0.517262 0.38499 -6.20295 9.88204 0.089043 0.0444561 0.00974658 
qwerty 69 2 0.0753261 0.441936 0.407522 -6.19846 9.88219 0.0906338 0.0312551 -0.0284367 
qwerty 69 2 0.031378 0.410558 0.424571 -6.19097 9.87609 0.0881384 0.0472007 -0.00192672 
qwerty 69 2 0.0358761 0.374682 0.442553 -6.18144 9.87501 0.0759303 0.0564103 -0.0324417 
qwerty 69 2 0 0.374682 0.442581 -6.18142 9.875 0.0759874 0.0564226 -0.0322864 
qwerty 115 69 0.137678 0.895514 0.498517 -7.14235 10.1054 -0.0556762 -0.0178869 -0.0811186 
qwerty 115 69 0.320002 0.575511 0.417265 -7.10231 9.99744 -0.052645 -0.00110597 -0.0850134 
qwerty 115 69 0.146426 0.429085 0.401217 -7.08245 9.92129 -0.0525652 -0.008006 -0.0846924 
qwerty 115 69 0.133116 0.29597 0.372486 -7.08682 9.875 -0.0934874 -0.0348632 0.00668344 
qwerty 115 69 0.0111844 0.284785 0.368064 -7.08878 9.87547 -0.0920538 -0.0389543 -0.00294154 
qwerty 115 69 0.0109491 0.273836 0.363604 -7.0906 9.87501 -0.0940736 -0.0311916 -0.0133134 
qwerty 115 69 7.22344e-05 0.273764 0.363542 -7.09062 9.875 -0.0929928 -0.0346389 -0.0123484 
qwerty 115 69 0.00717924 0.261415 0.359876 -7.09107 9.87685 -0.0965272 -0.000557191 0.0261189 
qwerty 115 69 0.00585008 0.255565 0.356152 -7.09131 9.87746 -0.097131 -0.0089347 0.0220394 
qwerty 115 69 0.0145527 0.241012 0.352369 -7.0913 9.87895 -0.0926577 0.00426379 0.0373681 
qwerty 115 69 0.00806841 0.232944 0.349136 -7.09093 9.8807 -0.0981589 -0.00840551 0.0171514 
qwerty 115 69 0.00744436 0.225499 0.345382 -7.09061 9.88148 -0.0988077 -0.0119272 0.00973565 
qwerty 115 69 0.00900579 0.216494 0.341936 -7.09056 9.88196 -0.0987772 -0.0142722 0.00627381 
qwerty 115 69 0.0103438 0.20615 0.338057 -7.09175 9.88178 -0.0999689 -0.00224215 -0.00108918 
qwerty 115 69 0.00782582 0.198324 0.334368 -7.09253 9.88149 -0.098798 0.00221831 -0.015298 
qwerty 115 69 0.00705499 0.191269 0.330884 -7.09304 9.88068 -0.0941187 -0.00850037 -0.0327018 
qwerty 115 69 0.00811963 0.183149 0.327131 -7.09318 9.88024 -0.0993313 0.00384073 -0.0108881 
qwerty 115 69 0.0149445 0.168205 0.323094 -7.09291 9.87867 -0.0572065 0.0782016 -0.0247371 
qwerty 115 69 0.0356509 0.132554 0.320736 -7.09056 9.87745 -0.0535707 0.0803692 -0.0259031 
qwerty 115 69 0.0100642 0.12249 0.317956 -7.08785 9.87745 -0.035917 0.0805017 -0.0472169 
qwerty 115 69 0.0143949 0.108095 0.316443 -7.08514 9.87514 -0.059077 0.0704605 -0.0393093 
qwerty 115 69 0.00118027 0.106915 0.316236 -7.08489 9.875 -0.062068 0.0689384 -0.0373505 
qwerty 115 69 0.00280126 0.0854224 0.316573 -7.08553 9.87501 -0.00382218 -0.0985666 0.0164322 
qwerty 115 69 0.00367833 0.081744 0.316529 -7.08614 9.87522 -0.0565763 -0.0797158 0.0210835 
qwerty 115 69 0.00140216 0.0803419 0.316208 -7.08675 9.87531 -0.0484724 -0.0853761 0.0190092 
qwerty 115 69 0.00221611 0.0781258 0.315747 -7.08727 9.87539 -0.0663471 -0.0711342 0.0231944 
qwerty 115 69 0.00186465 0.0762611 0.315427 -7.08777 9.87555 -0.046321 -0.087876 0.0114962 
qwerty 115 69 0.00163433 0.0746268 0.315126 -7.0883 9.87549 -0.054806 -0.0835846 -0.00315007 
qwerty 115 69 0.00191196 0.0727148 0.314884 -7.08879 9.87552 -0.0463002 -0.0821122 0.0333748 
qwerty 115 69 0.0034508 0.069264 0.314579 -7.08932 9.87561 -0.0146946 -0.098767 0.00539936 
qwerty 115 69 0.0312253 0.0380387 0.314564 -7.08992 9.87574 0.00416159 -0.0994272 -0.00984469 
qwerty 115 69 0.00508875 0.03295 0.314753 -7.09053 9.8758 0.0186257 -0.0870411 -0.0455733 
qwerty 115 69 0.00324192 0.0297081 0.314849 -7.09102 9.87568 -0.032166 -0.0867147 0.038025 
qwerty 115 69 0.004609 0.0250991 0.314853 -7.09144 9.87598 0.00279422 -0.098494 0.0170625 
qwerty 115 69 0.0153958 0.00970327 0.314601 -7.092 9.87591 -0.0192498 -0.0773331 -0.0604072 
qwerty 115 69 0.00970327 0 0.314576 -7.0921 9.87583 -0.0192498 -0.0773331 -0.0604072 
qwerty 109 69 0.0385364 0.540789 0.661546 -7.71457 10.593 0.0672902 0.0227375 0.070392 
qwerty 109 69 0.0687424 0.472046 0.675124 -7.70219 10.6145 0.0605 0.0582438 0.0542901 
qwerty 109 69 0.128248 0.343799 0.694464 -7.68649 10.6374 0.0210302 0.0105922 0.0971881 
qwerty 109 69 0.162095 0.181704 0.708525 -7.70694 10.6821 0.0565005 -0.0484326 -0.066798 
qwerty 109 69 0.181704 0 0.720949 -7.71759 10.6674 0.0565005 -0.0484326 -0.066798 
qwerty 108 69 0.041512 0.508443 0.6333 -7.70338 10.6006 0.0962011 0.0247599 -0.011502 
qwerty 108 69 0.0475956 0.460847 0.659151 -7.70167 10.5915 0.097187 0.0097341 -0.0214463 
qwerty 108 69 0.0529444 0.407903 0.684439 -7.70549 10.5905 -0.0479086 -0.0769159 -0.0422932 
qwerty 108 69 0.0469481 0.360955 0.674878 -7.723 10.5752 -0.0322038 -0.0646603 -0.0691518 
qwerty 108 69 0.0328929 0.328062 0.668205 -7.73559 10.5668 -0.035716 -0.0688944 -0.0630708 
qwerty 108 69 0.0257373 0.302325 0.663763 -7.7461 10.5592 -0.00750884 -0.0921657 -0.038067 
qwerty 108 69 0.0351747 0.26715 0.660045 -7.76192 10.5521 -0.0720676 -0.0600452 -0.0346531 
qwerty 108 69 0.0152691 0.251881 0.65566 -7.76557 10.55 -0.04983 -0.0681739 -0.0535658 
qwerty 108 69 0.0060222 0.229268 0.653954 -7.76408 10.552 -0.0476296 0.0507127 0.0718306 
qwerty 108 69 0.00488516 0.224383 0.65214 -7.76279 10.5539 -0.0446154 0.0609868 0.0654987 
qwerty 108 69 0.00558167 0.218801 0.650117 -7.76105 10.556 -0.0665566 0.0573127 0.0478067 
qwerty 108 69 0.0101367 0.208664 0.647657 -7.7591 10.557 -0.0891092 0.0303172 0.03377 
qwerty 108 69 0.0106494 0.198015 0.643492 -7.75795 10.5576 -0.0822195 0.056919 0.000429267 
qwerty 108 69 0.0101741 0.187841 0.639321 -7.75628 10.557 -0.071693 0.0521699 -0.046243 
qwerty 108 69 0.0108825 0.176958 0.637234 -7.75425 10.5545 -0.069281 0.0512281 -0.0507525 
qwerty 108 69 0.00729294 0.169665 0.635417 -7.75246 10.5522 -0.0402698 0.0726094 -0.0557334 
qwerty 108 69 0.00692444 0.162741 0.63459 -7.7501 10.5509 -0.0459977 0.079914 -0.0387036 
qwerty 108 69 0.00559864 0.157142 0.633517 -7.74824 10.55 -0.0449467 0.0707182 -0.0545778 
qwerty 108 69 0.0045656 0.147 0.632171 -7.74713 10.5506 -0.0678355 0.0623931 0.0388002 
qwerty 108 69 0.00423948 0.14276 0.63136 -7.74604 10.5511 -0.0776671 0.0489176 0.0396849 
qwerty 108 69 0.00418843 0.138572 0.630029 -7.74519 10.552 -0.0731045 0.0647125 0.021634 
qwerty 108 69 0.00482492 0.133747 0.628842 -7.74426 10.5523 -0.0961864 -0.0098921 0.0255016 
qwerty 108 69 0.00505788 0.128689 0.627304 -7.74456 10.5525 -0.0920602 -0.00419228 0.0388246 
qwerty 108 69 0.00461278 0.124076 0.625818 -7.74491 10.5532 -0.0939858 -0.0324385 0.0106961 
qwerty 108 69 0.00506971 0.119006 0.623988 -7.7458 10.5538 -0.09665 -0.024546 -0.00750182 
qwerty 108 69 0.0139316 0.105075 0.621642 -7.74647 10.5533 -0.084733 -0.039034 -0.0360094 
qwerty 108 69 0.00598916 0.0990857 0.619885 -7.74723 10.5531 -0.0995663 -0.00108526 -0.00923929 
qwerty 108 69 0.00704716 0.0920386 0.618135 -7.74767 10.5532 -0.0975914 -0.0215018 -0.00368574 
qwerty 108 69 0.0053853 0.0866533 0.616311 -7.74775 10.5534 -0.0898436 -0.0353021 -0.0261129 
qwerty 108 69 0.00835917 0.0782941 0.614431 -7.74813 10.5525 -0.0845599 0.0511669 -0.0152171 
qwerty 108 69 0.00532842 0.0729657 0.613179 -7.74779 10.5523 -0.0861121 0.0429464 -0.0272086 
qwerty 108 69 0.00671323 0.0662524 0.611932 -7.7473 10.5517 -0.087749 0.0359806 -0.0317099 
qwerty 108 69 0.0129383 0.0533142 0.610559 -7.74643 10.5515 -0.0872539 0.0394876 0.0287662 
qwerty 108 69 0.0101408 0.0431733 0.609511 -7.74556 10.5526 -0.0987972 0.0151331 0.00317679 
qwerty 108 69 0.0110166 0.0321567 0.608248 -7.74592 10.553 -0.0943394 0.0327584 -0.0051938 
qwerty 108 69 0.0321567 0 0.607212 -7.74556 10.5529 -0.0943394 0.0327584 -0.0051938 
qwerty 116 69 0 0.0904538 -0.19834 -6.43689 10.375 -0.0674857 -0.0289807 0.0678661 
qwerty 114 69 0 0.0791883 0.548811 -6.99998 10.0702 0.0527139 -0.0698088 0.0484559 
qwerty 114 69 0 0.0791883 0.880424 -7.43914 10.375 0.0527139 -0.0698088 0.0484559 
qwerty 120 114 0.0337025 0 0.548407 -6.999 10.0696 -0.0338221 0.0820994 -0.0459973 
qwerty 112 69 0 1.92168 0.79637 -8.96296 9.875 0.00404326 -0.0875564 -0.0481407 
qwerty 112 69 0 1.92168 0.853062 -10.1906 9.2 0.00404326 -0.0875564 -0.0481407 
qwerty 112 69 0 1.92168 0.909755 -11.4183 8.525 0.00404326 -0.0875564 -0.0481407 
qwerty 112 69 0 1.92168 0.966447 -12.646 7.85 0.00404326 -0.0875564 -0.0481407 
qwerty 112 69 0 1.92168 1.02314 -13.8736 7.175 0.00404326 -0.0875564 -0.0481407 
qwerty 112 69 0 1.92168 1.07983 -15.1013 6.5 0.00404326 -0.0875564 -0.0481407 
qwerty 112 69 0 1.92168 1.13652 -16.3289 5.825 0.00404326 -0.0875564 -0.0481407 
qwerty 112 69 0 1.92168 1.19322 -17.5566 5.15 0.00404326 -0.0875564 -0.0481407 
qwerty 112 69 0 1.92168 1.24991 -18.7843 4.475 0.00404326 -0.0875564 -0.0481407 
qwerty 112 69 0 1.92168 1.3066 -20.0119 3.8 0.00404326 -0.0875564 -0.0481407 
qwerty 112 69 0 1.92168 1.36329 -21.2396 3.125 0.00404326 -0.0875564 -0.0481407 
qwerty 112 69 0 1.92168 1.41998 -22.4673 2.45 0.00404326 -0.0875564 -0.0481407 
qwerty 112 69 0 0.848258 1.25 -22.8511 2.0402 -0.0526146 -0.0357974 -0.0771379 
qwerty 112 69 0 0.848258 1.06911 -22.9742 1.775 -0.0526146 -0.0357974 -0.0771379 
qwerty 107 69 0 0.0426069 2.2597 -8.03726 10.55 0.097124 -0.0183717 -0.0151461 
qwerty 106 69 0 0.512445 0.389626 -8.37246 10.55 0.0700062 -0.0611048 -0.0369504 
qwerty 106 69 0 0.512445 1.25 -9.12344 10.0959 0.0700062 -0.0611048 -0.0369504 
qwerty 106 69 0 0.512445 1.66848 -9.48871 9.875 0.0700062 -0.0611048 -0.0369504 
qwerty 106 69 0 0.512445 2.7464 -10.3776 9.2 0.0693046 -0.0564369 -0.0448525 
qwerty 105 69 0 1.63451 0.311568 -8.37396 10.55 0.0673299 -0.0635014 -0.0378717 
qwerty 105 69 0 1.63451 1.25 -9.25904 10.0222 0.0673299 -0.0635014 -0.0378717 
qwerty 105 69 0 1.63451 1.51161 -9.50577 9.875 0.0673299 -0.0635014 -0.0378717 
qwerty 104 69 0 5.29183 0.40319 -8.73693 10.55 0.0604814 -0.0732713 -0.0311981 
qwerty 104 69 0 5.29183 1.25 -9.76281 10.1132 0.0604814 -0.0732713 -0.0311981 
qwerty 104 69 0 5.29183 1.71176 -10.3222 9.875 0.0604814 -0.0732713 -0.0311981 
qwerty 103 69 0 2.62601 -0.44498 -7.91209 11.725 0.0264267 -0.0563294 0.0782856 
qwerty 103 69 0 2.62601 -0.217122 -8.39778 12.4 0.0264267 -0.0563294 0.0782856 
qwerty 103 69 0 2.62601 0.0107373 -8.88346 13.075 0.0264267 -0.0563294 0.0782856 
qwerty 137 134 0 0.226488 -0.379607 -8.917 12.575 -0.0595108 0.00174462 -0.0803457 
qwerty 102 69 0 0.654908 -0.806303 -7.37391 11.05 -0.000378325 -0.0569531 0.0821961 
qwerty 102 69 0 0.654908 -0.80941 -7.84162 11.725 -0.000378325 -0.0569531 0.0821961 
qwerty 102 69 0 0.654908 -0.812516 -8.30932 12.4 -0.000378325 -0.0569531 0.0821961 
qwerty 102 69 0 0.654908 -0.815623 -8.77702 13.075 -0.000378325 -0.0569531 0.0821961 
qwerty 102 69 0 0.654908 -0.81873 -9.24472 13.75 -0.000378325 -0.0569531 0.0821961 
qwerty 102 69 0 0.654908 -0.821837 -9.71243 14.425 -0.000378325 -0.0569531 0.0821961 
qwerty 101 69 0 0.758225 -0.819075 -7.49094 11.05 -0.00202388 -0.0672617 0.0739714 
qwerty 101 69 0 0.758225 -0.837543 -8.10471 11.725 -0.00202388 -0.0672617 0.0739714 
qwerty 100 69 0 2.69641 -0.949265 -7.44057 11.05 -0.0200348 -0.0621529 0.0757339 
qwerty 100 69 0 2.69641 -1.12783 -7.99452 11.725 -0.0200348 -0.0621529 0.0757339 
qwerty 100 69 0 0.354557 -1.23096 -7.13903 12.3352 -0.0383426 0.0840577 0.0382641 
qwerty 100 69 0 0.354557 -1.29594 -6.99657 12.4 -0.0383426 0.0840577 0.0382641 
qwerty 142 100 0.0138492 0 -1.23073 -7.13897 12.3352 0.0933894 0.0248092 0.0257474 
qwerty 98 5 0 0.510999 0.241877 2.27117 3.8 0.0228386 0.0662007 -0.0713853 
qwerty 98 5 0 0.510999 0.457833 2.89714 3.125 0.0228386 0.0662007 -0.0713853 
qwerty 98 5 0 0.510999 0.673789 3.52312 2.45 0.0228386 0.0662007 -0.0713853 
qwerty 98 5 0 0.509944 0.825708 3.96348 1.97515 0.01805 0.0698978 -0.0691989 
qwerty 98 5 0 0.509944 0.877917 4.16565 1.775 0.01805 0.0698978 -0.0691989 
qwerty 147 98 0.00105505 0 0.825711 3.96347 1.97515 0.0750597 -0.0552588 -0.0362285 
qwerty 97 5 0 0.510999 -0.134046 1.1815 4.975 -0.0228386 -0.0662007 0.0713853 
qwerty 95 5 0 7.15683 -0.830169 2.76584 4.975 -0.0555261 0.0735241 0.0388723 
qwerty 95 5 0 7.15683 -1.57342 3.75 5.49533 -0.0555261 0.0735241 0.0388723 
qwerty 95 5 0 7.15683 -1.79435 4.04255 5.65 -0.0555261 0.0735241 0.0388723 
qwerty 151 95 0.984789 2.45786 -2.18528 4.62187 6.15283 -0.0460477 0.0500415 0.0733175 
qwerty 151 95 0.361355 2.0965 -2.29342 4.73938 6.325 -0.0484826 0.0558675 0.0672924 
qwerty 151 95 0.34028 0.953993 -2.40485 4.56746 6.31345 -0.0270444 -0.0943051 0.0193689 
qwerty 151 95 0.0943823 0.859611 -2.42098 4.51121 6.325 -0.0472242 -0.08356 0.0280643 
qwerty 94 5 0 5.02522 -0.451025 2.54529 4.975 -0.0406021 0.0764652 0.0500453 
qwerty 94 5 0 2.92537 -1.09325 3.06877 5.65 -0.0609952 0.0471705 0.0636752 
qwerty 94 5 0 2.92537 -1.73984 3.56881 6.325 -0.0609952 0.0471705 0.0636752 
qwerty 94 5 0 2.92537 -1.97413 3.75 6.56959 -0.0609952 0.0471705 0.0636752 
qwerty 94 5 0 2.92537 -2.38643 4.06885 7 -0.0609952 0.0471705 0.0636752 
qwerty 94 5 0 2.92537 -3.03302 4.56889 7.675 -0.0609952 0.0471705 0.0636752 
qwerty 94 5 0 2.35943 -3.5636 5.32713 8.35 -0.0433031 0.0692799 0.057664 
qwerty 94 5 0 2.35943 -3.75 5.62535 8.59822 -0.0433031 0.0692799 0.057664 
qwerty 94 5 0 2.35943 -4.07049 6.1381 9.025 -0.0433031 0.0692799 0.057664 
qwerty 94 5 0 2.35943 -4.57739 6.94908 9.7 -0.0433031 0.0692799 0.057664 
qwerty 94 5 0 2.35943 -5.08428 7.76005 10.375 -0.0433031 0.0692799 0.057664 
qwerty 94 5 0 2.35943 -5.59118 8.57102 11.05 -0.0433031 0.0692799 0.057664 
qwerty 94 5 0 2.35943 -6.09807 9.38199 11.725 -0.0433031 0.0692799 0.057664 
qwerty 94 5 0 2.35943 -6.60497 10.193 12.4 -0.0433031 0.0692799 0.057664 
qwerty 94 5 0 2.35943 -7.11186 11.0039 13.075 -0.0433031 0.0692799 0.057664 
qwerty 94 5 0 2.35943 -7.26566 11.25 13.2798 -0.0433031 0.0692799 0.057664 
qwerty 94 5 0 2.35943 -7.61875 11.8149 13.75 -0.0433031 0.0692799 0.057664 
qwerty 94 5 0 2.35943 -8.12565 12.6259 14.425 -0.0433031 0.0692799 0.057664 
qwerty 94 5 0 2.35943 -8.63254 13.4369 15.1 -0.0433031 0.0692799 0.057664 
qwerty 94 5 0 2.35943 -9.13944 14.2478 15.775 -0.0433031 0.0692799 0.057664 
qwerty 94 5 0 2.35943 -9.64633 15.0588 16.45 -0.0433031 0.0692799 0.057664 
qwerty 94 5 0 2.35943 -10.1532 15.8698 17.125 -0.0433031 0.0692799 0.057664 
qwerty 94 5 0 2.35943 -10.3909 16.25 17.4415 -0.0433031 0.0692799 0.057664 
qwerty 94 5 0 2.35943 -10.6601 16.6807 17.8 -0.0433031 0.0692799 0.057664 
qwerty 94 5 0 2.35943 -11.167 17.4917 18.475 -0.0433031 0.0692799 0.057664 
qwerty 94 5 0 2.09173 -11.911 18.75 19.1044 -0.047044 0.0800757 0.0370774 
qwerty 94 5 0 2.09173 -11.9688 18.8484 19.15 -0.047044 0.0800757 0.0370774 
qwerty 94 5 0 2.09173 -12.8253 20.3062 19.825 -0.047044 0.0800757 0.0370774 
qwerty 94 5 0 2.09173 -13.3797 21.25 20.262 -0.047044 0.0800757 0.0370774 
qwerty 94 5 0 2.09173 -13.6817 21.764 20.5 -0.047044 0.0800757 0.0370774 
qwerty 94 5 0 0.353498 -14.2403 22.7148 20.9402 0.0855075 0.0402417 -0.0326966 
qwerty 94 5 0 0.353498 -13.75 22.9455 20.7528 0.0855075 0.0402417 -0.0326966 
qwerty 94 5 0 0.353498 -13.5466 23.0412 20.675 0.0855075 0.0402417 -0.0326966 
qwerty 94 5 0 0.353498 -12.0406 23.75 20.0991 0.0855075 0.0402417 -0.0326966 
qwerty 94 5 0 0.353498 -11.7814 23.872 20 0.0855075 0.0402417 -0.0326966 
qwerty 156 94 0.517714 1.22052 -14.4177 22.9715 20.9564 -0.010057 0.0992435 0.00704159 
qwerty 156 94 0.5456 0.674919 -14.549 23.1782 21.0163 -0.0631505 0.0754627 -0.0178158 
qwerty 156 94 0.338344 0.336575 -14.5833 23.3351 21.0315 0.0500398 0.0765771 -0.0403976 
qwerty 156 94 0.336575 0 -14.5541 23.3798 21.0079 0.0500398 0.0765771 -0.0403976 
qwerty 159 153 0 0.581203 -1.25 4.33584 4.89898 -0.040488 0.0912662 -0.00558552 
qwerty 159 153 0 0.473781 -1.50658 4.91421 4.86358 -0.0871871 0.0489431 -0.00172982 
qwerty 159 153 0 0.473781 -3.75 6.17357 4.81907 -0.0871871 0.0489431 -0.00172982 
qwerty 159 153 0 0.473781 -6.25 7.57696 4.76947 -0.0871871 0.0489431 -0.00172982 
qwerty 159 153 0 0.473781 -8.75 8.98035 4.71987 -0.0871871 0.0489431 -0.00172982 
qwerty 159 153 0 0.404316 -10.7564 10.1066 4.68006 -0.0442543 0.0868318 -0.0224006 
qwerty 159 153 0 0.404316 -11.1615 10.9015 4.475 -0.0442543 0.0868318 -0.0224006 
qwerty 161 159 0.0694643 0 -10.76 10.1048 4.68135 -0.0850365 -0.0432877 0.029916 
qwerty 160 159 0.107422 0 -1.50192 4.92203 4.86295 0.0510336 0.0857148 -0.00696712 
qwerty 93 5 0 47.7157 0.138002 1.25 3.80114 -0.00271125 0.0498298 0.0866582 
qwerty 93 5 0 47.7157 0.122395 1.53685 4.3 -0.00271125 0.0498298 0.0866582 
qwerty 93 5 0 47.7157 0.101276 1.92499 4.975 -0.00271125 0.0498298 0.0866582 
qwerty 164 93 0.929922 30.1342 0.107853 2.39628 5.65 0.00184413 0.0586779 0.0809537 
qwerty 164 93 1.46617 23.0533 0.228176 3.39587 6.325 0.00287993 0.0832958 0.0552586 
qwerty 164 93 0.0587575 14.8739 0.0259369 3.75 6.51998 -0.0586216 0.0692863 0.0419871 
qwerty 164 93 2.17322 12.7006 -0.644263 4.54213 7 -0.0628206 0.0674526 0.0387777 
qwerty 164 93 0.808181 9.12433 -0.684673 4.40609 6.5 0.0329481 -0.0102473 -0.0938585 
qwerty 164 93 0.947488 4.95133 -0.308645 4.30428 5.825 0.0633495 0.0228846 -0.0739131 
qwerty 164 93 0.846201 2.00966 0.0296534 4.40977 6.15053 -0.0313749 0.056252 0.076494 
qwerty 164 93 0.361841 1.64782 -0.0419078 4.53807 6.325 -0.0694735 0.0718628 0.00302888 
qwerty 164 93 0.671005 0.940071 -0.216064 4.74361 6.24113 0.00564517 0.099512 -0.00809264 
qwerty 164 93 0.493442 0.446629 -0.120593 4.92081 6.23719 0.0652434 0.0751713 -0.00962135 
qwerty 164 93 0.317465 0.129164 -0.107535 5.02321 6.21332 -0.0345561 0.0224765 -0.0911081 
qwerty 164 93 0.129164 0 -0.111845 5.02601 6.20195 -0.0345561 0.0224765 -0.0911081 
qwerty 174 164 0 0.24067 -0.597763 4.24062 5.825 0.0172136 -0.0250084 -0.09528 
qwerty 171 164 0 2.48371 0.00683677 3.75 6.53087 -0.0702372 0.0514192 0.049222 
qwerty 171 164 0 2.48371 -0.662592 4.24007 7 -0.0702372 0.0514192 0.049222 
qwerty 171 164 0 2.21626 -1.25 4.87594 7.51576 -0.0540289 0.0665387 0.0515119 
qwerty 171 164 0 2.21626 -1.41702 5.08163 7.675 -0.0540289 0.0665387 0.0515119 
qwerty 171 164 0 2.21626 -2.125 5.95354 8.35 -0.0540289 0.0665387 0.0515119 
qwerty 171 164 0 2.21626 -2.83298 6.82544 9.025 -0.0540289 0.0665387 0.0515119 
qwerty 171 164 0 2.21626 -3.54097 7.69735 9.7 -0.0540289 0.0665387 0.0515119 
qwerty 171 164 0 2.21626 -3.75 7.95478 9.8993 -0.0540289 0.0665387 0.0515119 
qwerty 171 164 0 2.21626 -4.24895 8.56926 10.375 -0.0540289 0.0665387 0.0515119 
qwerty 171 164 0 0.237535 -4.76802 9.20851 10.8699 0.0261409 -0.089859 -0.0352423 
qwerty 171 164 0 0.182483 -4.68661 8.92867 10.7601 0.0965491 -0.000764934 -0.0260323 
qwerty 171 164 0 0.182483 -3.90725 8.9225 10.55 0.0965491 -0.000764934 -0.0260323 
qwerty 180 171 0.055052 0 -4.68795 8.92619 10.7597 -0.0468546 -0.0870835 -0.0148698 
qwerty 179 171 0.311121 1.66388 -4.85157 9.31553 10.9848 -0.0149656 0.0563111 0.0812717 
qwerty 179 171 0.142422 1.52146 -4.86358 9.36074 11.05 -0.00683271 0.0463315 0.0883555 
qwerty 179 171 0.243363 1.04744 -4.91705 9.36381 10.9047 -0.0221674 0.00424971 -0.0974194 
qwerty 179 171 0.285007 0.762431 -4.91318 9.34914 10.7535 -0.018556 0.0551796 -0.0813074 
qwerty 179 171 0.277927 0.484504 -4.96248 9.3963 10.6293 -0.0434384 -0.0480434 0.0761901 
qwerty 179 171 0.328037 0.156466 -4.93579 9.38268 10.7636 0.0686465 -0.0670733 0.0280862 
qwerty 179 171 0.156466 0 -4.924 9.37115 10.7685 0.0686465 -0.0670733 0.0280862 
qwerty 182 179 0.00029101 0 -4.85185 9.3163 10.9859 -0.0203545 0.0541126 0.0815936 
qwerty 183 182 0.00343337 0 -4.85187 9.31631 10.9859 -0.0733923 0.0437765 -0.0519344 
qwerty 170 164 0 0.227326 -0.542834 4.4903 6.71027 0.0458095 0.0588415 -0.066627 
qwerty 170 164 0 0.227326 -0.398259 4.676 6.5 0.0458095 0.0588415 -0.066627 
qwerty 184 170 0.171946 0 -0.557864 4.49808 6.72109 -0.0748343 0.0387439 0.05384 
qwerty 167 164 0 1.66848 0.279599 2.77285 6.0102 0.0491075 0.075513 0.0434309 
qwerty 167 164 0 1.66848 0.635545 3.32019 6.325 0.0491075 0.075513 0.0434309 
qwerty 167 164 0 1.66848 0.915056 3.75 6.5722 0.0491075 0.075513 0.0434309 
qwerty 167 164 0 1.66848 1.39877 4.49381 7 0.0491075 0.075513 0.0434309 
qwerty 167 164 0 1.66848 2.16199 5.66743 7.675 0.0491075 0.075513 0.0434309 
qwerty 167 164 0 1.66848 2.54085 6.25 8.01006 0.0491075 0.075513 0.0434309 
qwerty 167 164 0 1.66848 2.92522 6.84104 8.35 0.0491075 0.075513 0.0434309 
qwerty 188 167 0.132969 0 0.274579 2.77325 6.02229 -0.0383326 0.00300719 0.0923123 
qwerty 166 164 0 0.627444 0.212482 2.86731 6.325 0.0123603 0.0552555 0.082426 
qwerty 92 5 0 3.47595 0.113645 1.54819 4.3 -0.00404342 0.0511561 0.0858295 
qwerty 92 5 0 3.47595 0.0818459 1.9505 4.975 -0.00404342 0.0511561 0.0858295 
qwerty 92 5 0 3.47595 0.0500467 2.35282 5.65 -0.00404342 0.0511561 0.0858295 
qwerty 92 5 0 3.47595 0.0182475 2.75513 6.325 -0.00404342 0.0511561 0.0858295 
qwerty 92 5 0 3.47595 -0.0135516 3.15744 7 -0.00404342 0.0511561 0.0858295 
qwerty 192 92 0.309385 1.08637 0.0562322 3.00949 6.9108 -0.0574242 -0.0812356 -0.0101603 
qwerty 192 92 0.310758 0.775615 -0.118251 2.91859 6.86137 -0.0444047 -0.0360045 -0.0820482 
qwerty 192 92 0.394864 0.380751 -0.261517 2.92856 6.74505 -0.00693483 -0.0496717 -0.0865138 
qwerty 192 92 0.380751 0 -0.266391 2.89365 6.68424 0.0306977 -0.0935081 0.0177167 
qwerty 91 5 0 2.70785 0.13598 1.25 3.80218 -0.00577158 0.0492974 0.0868128 
qwerty 91 5 0 2.70785 0.102883 1.53269 4.3 -0.00577158 0.0492974 0.0868128 
qwerty 91 5 0 2.70785 0.0580074 1.91599 4.975 -0.00577158 0.0492974 0.0868128 
qwerty 91 5 0 2.70785 0.0131314 2.2993 5.65 -0.00577158 0.0492974 0.0868128 
qwerty 91 5 0 2.70785 -0.0317447 2.6826 6.325 -0.00577158 0.0492974 0.0868128 
qwerty 91 5 0 2.70785 -0.0766207 3.06591 7 -0.00577158 0.0492974 0.0868128 
qwerty 91 5 0 2.70785 -0.121497 3.44921 7.675 -0.00577158 0.0492974 0.0868128 
qwerty 91 5 0 2.70785 -0.156712 3.75 8.20468 -0.00577158 0.0492974 0.0868128 
qwerty 91 5 0 2.70785 -0.166373 3.83252 8.35 -0.00577158 0.0492974 0.0868128 
qwerty 91 5 0 2.70785 -0.211249 4.21582 9.025 -0.00577158 0.0492974 0.0868128 
qwerty 91 5 0 2.70785 -0.256125 4.59913 9.7 -0.00577158 0.0492974 0.0868128 
qwerty 91 5 0 2.70785 -0.301001 4.98243 10.375 -0.00577158 0.0492974 0.0868128 
qwerty 91 5 0 2.70785 -0.345877 5.36574 11.05 -0.00577158 0.0492974 0.0868128 
qwerty 91 5 0 2.70785 -0.390753 5.74904 11.725 -0.00577158 0.0492974 0.0868128 
qwerty 91 5 0 2.70785 -0.435629 6.13235 12.4 -0.00577158 0.0492974 0.0868128 
qwerty 91 5 0 2.70785 -0.480505 6.51565 13.075 -0.00577158 0.0492974 0.0868128 
qwerty 91 5 0 2.70785 -0.525381 6.89896 13.75 -0.00577158 0.0492974 0.0868128 
qwerty 91 5 0 2.70785 -0.570257 7.28226 14.425 -0.00577158 0.0492974 0.0868128 
qwerty 91 5 0 2.70785 -0.615133 7.66557 15.1 -0.00577158 0.0492974 0.0868128 
qwerty 91 5 0 2.70785 -0.660009 8.04887 15.775 -0.00577158 0.0492974 0.0868128 
qwerty 91 5 0 2.70785 -0.704885 8.43218 16.45 -0.00577158 0.0492974 0.0868128 
qwerty 91 5 0 2.70785 -0.749761 8.81548 17.125 -0.00577158 0.0492974 0.0868128 
qwerty 91 5 0 2.70785 -0.794638 9.19879 17.8 -0.00577158 0.0492974 0.0868128 
qwerty 91 5 0 1.00143 -0.101218 9.57358 18.475 0.0694239 0.0348971 0.0629485 
qwerty 91 5 0 1.00143 0.643218 9.94778 19.15 0.0694239 0.0348971 0.0629485 
qwerty 91 5 0 1.00143 1.25 10.2528 19.7002 0.0694239 0.0348971 0.0629485 
qwerty 91 5 0 1.00143 1.38765 10.322 19.825 0.0694239 0.0348971 0.0629485 
qwerty 91 5 0 0.763913 4.28495 10.5867 20.5 0.0972407 0.00835132 0.0217831 
qwerty 90 5 0 9.62384 0.138738 1.25 3.83136 0.00044223 0.0366291 0.093049 
qwerty 90 5 0 9.62384 0.140965 1.43448 4.3 0.00044223 0.0366291 0.093049 
qwerty 90 5 0 9.62384 0.144173 1.7002 4.975 0.00044223 0.0366291 0.093049 
qwerty 90 5 0 9.62384 0.147381 1.96591 5.65 0.00044223 0.0366291 0.093049 
qwerty 90 5 0 9.62384 0.15059 2.23163 6.325 0.00044223 0.0366291 0.093049 
qwerty 90 5 0 9.62384 0.153798 2.49735 7 0.00044223 0.0366291 0.093049 
qwerty 90 5 0 9.62384 0.157006 2.76306 7.675 0.00044223 0.0366291 0.093049 
qwerty 90 5 0 9.62384 0.160214 3.02878 8.35 0.00044223 0.0366291 0.093049 
qwerty 90 5 0 9.62384 0.163422 3.2945 9.025 0.00044223 0.0366291 0.093049 
qwerty 90 5 0 9.62384 0.16663 3.56021 9.7 0.00044223 0.0366291 0.093049 
qwerty 90 5 0 9.62384 0.169838 3.82593 10.375 0.00044223 0.0366291 0.093049 
qwerty 90 5 0 9.62384 0.173046 4.09164 11.05 0.00044223 0.0366291 0.093049 
qwerty 90 5 0 9.62384 0.176254 4.35736 11.725 0.00044223 0.0366291 0.093049 
qwerty 90 5 0 9.62384 0.179462 4.62308 12.4 0.00044223 0.0366291 0.093049 
qwerty 90 5 0 9.62384 0.18267 4.88879 13.075 0.00044223 0.0366291 0.093049 
qwerty 90 5 0 9.62384 0.185878 5.15451 13.75 0.00044223 0.0366291 0.093049 
qwerty 90 5 0 9.62384 0.189086 5.42023 14.425 0.00044223 0.0366291 0.093049 
qwerty 90 5 0 9.62384 0.192294 5.68594 15.1 0.00044223 0.0366291 0.093049 
qwerty 90 5 0 9.62384 0.195502 5.95166 15.775 0.00044223 0.0366291 0.093049 
qwerty 90 5 0 9.62384 0.19871 6.21737 16.45 0.00044223 0.0366291 0.093049 
qwerty 90 5 0 9.62384 0.201918 6.48309 17.125 0.00044223 0.0366291 0.093049 
qwerty 198 90 0.782773 5.29635 0.20424 6.69359 17.8 -0.0177599 0.0381917 0.0906972 
qwerty 198 90 0.790833 3.024 -0.174995 6.98591 17.402 -0.022926 0.0470218 -0.0852253 
qwerty 198 90 0.161038 2.86296 -0.202437 7.04219 17.3 -0.0242331 0.0712995 -0.0657961 
qwerty 202 198 0 0.344937 0.238762 8.44431 17.8 0.0285847 0.0900645 0.0327308 
qwerty 201 198 0 0.532272 0.107494 6.86139 17.8 -0.0156642 0.0505447 0.0848521 
qwerty 201 198 0 0.532272 -0.0171152 7.26347 18.475 -0.0156642 0.0505447 0.0848521 
qwerty 201 198 0 0.532272 -0.141724 7.66556 19.15 -0.0156642 0.0505447 0.0848521 
qwerty 201 198 0 0.532272 -0.266333 8.06764 19.825 -0.0156642 0.0505447 0.0848521 
qwerty 201 198 0 0.532272 -0.390942 8.46973 20.5 -0.0156642 0.0505447 0.0848521 
qwerty 201 198 0 0.532272 -0.515551 8.87181 21.175 -0.0156642 0.0505447 0.0848521 
qwerty 205 204 0 0.180502 -1.13861 10.3602 21.85 -0.0375556 0.0870831 0.0317192 
qwerty 89 5 0 0.273896 0.141128 1.25 3.87288 0.00212757 0.0299306 0.095392 
qwerty 89 5 0 0.273896 0.150654 1.38401 4.3 0.00212757 0.0299306 0.095392 
qwerty 89 5 0 0.273896 0.165709 1.5958 4.975 0.00212757 0.0299306 0.095392 
qwerty 89 5 0 0.273896 0.180764 1.8076 5.65 0.00212757 0.0299306 0.095392 
qwerty 89 5 0 0.273896 0.195819 2.01939 6.325 0.00212757 0.0299306 0.095392 
qwerty 89 5 0 0.273896 0.211144 2.25512 7 0.0021459 0.0335988 0.0941622 
qwerty 88 5 0 63.6568 0.143682 1.25 3.86535 0.00322201 0.0307889 0.0950877 
qwerty 88 5 0 63.6568 0.15841 1.39074 4.3 0.00322201 0.0307889 0.0950877 
qwerty 88 5 0 63.6568 0.181282 1.6093 4.975 0.00322201 0.0307889 0.0950877 
qwerty 88 5 0 63.6568 0.204154 1.82786 5.65 0.00322201 0.0307889 0.0950877 
qwerty 88 5 0 63.6568 0.227026 2.04642 6.325 0.00322201 0.0307889 0.0950877 
qwerty 88 5 0 63.6568 0.249898 2.26498 7 0.00322201 0.0307889 0.0950877 
qwerty 88 5 0 63.6568 0.272771 2.48355 7.675 0.00322201 0.0307889 0.0950877 
qwerty 88 5 0 63.6568 0.295643 2.70211 8.35 0.00322201 0.0307889 0.0950877 
qwerty 88 5 0 63.6568 0.318515 2.92067 9.025 0.00322201 0.0307889 0.0950877 
qwerty 88 5 0 63.6568 0.341387 3.13923 9.7 0.00322201 0.0307889 0.0950877 
qwerty 88 5 0 63.6568 0.364259 3.35779 10.375 0.00322201 0.0307889 0.0950877 
qwerty 208 88 0.683755 1.14392 0.520218 3.39331 10.8036 0.0895577 0.0392175 0.0210096 
qwerty 208 88 0.170591 0.529239 0.604807 3.4436 10.8448 0.0915824 0.0392682 -0.00840628 
qwerty 208 88 0.391566 0.137673 0.738088 3.39645 10.7994 0.0925801 0.0300165 0.022977 
qwerty 208 88 0.137673 0 0.750941 3.40062 10.8025 0.0925801 0.0300165 0.022977 
qwerty 211 208 0.444088 0 0.630371 3.47207 10.923 0.0726172 -0.0652532 0.0216509 
qwerty 210 208 0 0.881678 0.452343 3.75 10.6546 0.0225739 0.085462 0.0467618 
qwerty 210 208 0 0.881678 0.643226 4.47266 11.05 0.0225739 0.085462 0.0467618 
qwerty 87 36 0 0.234272 18.6165 -5.4444 29.7946 0.0626957 -0.038349 -0.067813 
qwerty 87 36 0 0.234272 18.9351 -5.63926 29.45 0.0626957 -0.038349 -0.067813 
qwerty 214 87 0.276727 0 18.5986 -5.40536 29.7906 -0.0414814 0.0905302 -0.0091419 
qwerty 86 36 0 0.510999 19.0121 -7.2045 30.625 0.0199216 -0.0886266 0.0418146 
qwerty 86 36 0 0.269835 27.7609 -6.43303 31.3 0.0989883 0.0129729 0.00574603 
qwerty 85 36 0 0.395145 18.3381 -5.31262 30.625 -0.0269216 0.0514267 0.081428 
qwerty 85 36 0 0.395145 18.1149 -4.88631 31.3 -0.0269216 0.0514267 0.081428 
qwerty 85 36 0 0.395145 17.8917 -4.46001 31.975 -0.0269216 0.0514267 0.081428 
qwerty 83 62 0 0.446275 2.61397 7.14943 20.675 0.0770016 0.0491535 -0.0406779 
qwerty 83 62 0 0.250356 2.49611 7.5993 20 -0.05196 0.0401126 -0.0754396 
qwerty 82 70 0 0.209402 -1.25 -7.60614 11.4223 0.0681237 -0.0386553 0.0621686 
qwerty 82 70 0 0.209402 -0.91835 -7.79432 11.725 0.0681237 -0.0386553 0.0621686 
qwerty 79 70 0 0.438033 -1.25 -7.6004 11.7249 -0.0932059 -0.0348565 -0.00988393 
qwerty 79 70 0 0.438033 -3.75 -8.53533 11.4598 -0.0932059 -0.0348565 -0.00988393 
qwerty 79 70 0 0.438033 -5.9639 -9.36327 11.225 -0.0932059 -0.0348565 -0.00988393 
qwerty 79 70 0 0.371379 -6.99889 -10.6636 10.55 -0.0524784 -0.0751704 -0.0399428 
qwerty 79 70 0 0.253998 -7.41296 -11.2567 10.2348 0.0197008 -0.0103921 -0.0974879 
qwerty 79 70 0 0.253998 -7.34025 -11.2951 9.875 0.0197008 -0.0103921 -0.0974879 
qwerty 233 79 0.117381 0 -7.42007 -11.2641 10.2377 -0.0669752 -0.0691185 0.0271468 
qwerty 76 70 0 1.12487 -3.75 -9.51273 11.3514 -0.08025 -0.0584362 -0.012048 
qwerty 76 70 0 1.12487 -4.59218 -10.126 11.225 -0.08025 -0.0584362 -0.012048 
qwerty 76 70 0 1.12487 -6.13578 -11.25 10.9933 -0.08025 -0.0584362 -0.012048 
qwerty 76 70 0 1.12487 -9.08826 -13.3999 10.55 -0.08025 -0.0584362 -0.012048 
qwerty 76 70 0 1.12487 -11.25 -14.9741 10.2255 -0.08025 -0.0584362 -0.012048 
qwerty 76 70 0 1.12487 -13.5843 -16.6739 9.875 -0.08025 -0.0584362 -0.012048 
qwerty 76 70 0 1.12487 -16.4355 -18.75 9.44696 -0.08025 -0.0584362 -0.012048 
qwerty 76 70 0 1.12487 -18.0804 -19.9478 9.2 -0.08025 -0.0584362 -0.012048 
qwerty 76 70 0 0.505751 -19.3864 -20.8988 9.00394 -0.0151931 -0.0361307 -0.0919986 
qwerty 76 70 0 0.505751 -19.4655 -21.0869 8.525 -0.0151931 -0.0361307 -0.0919986 
qwerty 237 76 0.0446812 0.574433 -19.4108 -20.9139 9.00728 -0.0695519 -0.0716385 0.00551889 
qwerty 237 76 0.0368002 0.537633 -19.4313 -20.9269 9.01162 -0.0660472 -0.0604703 0.0445097 
qwerty 237 76 0.0404199 0.497213 -19.4495 -20.941 9.02233 -0.0736171 -0.0569429 0.0365791 
qwerty 237 76 0.012675 0.484538 -19.4549 -20.9451 9.025 -0.0590289 -0.0670721 0.0449102 
qwerty 237 76 0.0127848 0.351657 -19.4489 -20.9542 9.02015 0.0577097 -0.0551874 -0.0601992 
qwerty 237 76 0.0150989 0.336558 -19.4449 -20.959 9.01574 0.0437789 -0.0385066 -0.0812444 
qwerty 237 76 0.016378 0.32018 -19.442 -20.9636 9.00966 0.0364016 -0.0339422 -0.0867344 
qwerty 237 76 0.0351553 0.285024 -19.4397 -20.9648 9.00086 0.00252182 -0.0288239 -0.0957226 
qwerty 237 76 0.0416406 0.243384 -19.4399 -20.9702 8.98973 -0.0453907 -0.0676183 -0.0580298 
qwerty 237 76 0.079981 0.163403 -19.443 -20.988 8.98281 -0.0388355 -0.0562059 -0.0730253 
qwerty 237 76 0.163403 0 -19.4501 -20.9984 8.96933 -0.0388355 -0.0562059 -0.0730253 
qwerty 74 70 0 0.421652 -0.807012 -7.66585 11.725 -0.00116119 -0.0497215 0.086755 
qwerty 73 70 0 10.775 -0.808089 -7.30662 11.05 0.000985057 -0.0517684 0.0855515 
qwerty 73 70 0 10.775 -0.800317 -7.71507 11.725 0.000985057 -0.0517684 0.0855515 
qwerty 73 70 0 10.775 -0.792545 -8.12352 12.4 0.000985057 -0.0517684 0.0855515 
qwerty 73 70 0 10.775 -0.784773 -8.53197 13.075 0.000985057 -0.0517684 0.0855515 
qwerty 73 70 0 10.775 -0.780624 -8.75 13.4353 0.000985057 -0.0517684 0.0855515 
qwerty 73 70 0 10.775 -0.777001 -8.94042 13.75 0.000985057 -0.0517684 0.0855515 
qwerty 73 70 0 10.775 -0.769229 -9.34887 14.425 0.000985057 -0.0517684 0.0855515 
qwerty 73 70 0 10.775 -0.761457 -9.75732 15.1 0.000985057 -0.0517684 0.0855515 
qwerty 242 73 0.917756 5.12293 -1.03405 -9.99652 14.6 -0.028098 -0.0117748 -0.0952463 
qwerty 242 73 0.567372 1.18684 -1.30314 -10.0208 14.6941 -0.0829988 -0.0460063 0.0315376 
qwerty 242 73 0.492704 0.694137 -1.50325 -10.1516 14.6675 -0.0496864 -0.0629163 0.0597729 
qwerty 242 73 0.343549 0.350588 -1.56736 -10.2093 14.7893 -0.0743285 -0.059227 0.0311036 
qwerty 242 73 0.350588 0 -1.61352 -10.2461 14.8087 0.0343942 -0.0937001 0.00610947 
qwerty 244 242 0 0.552046 -0.755268 -10.3514 14.6 0.00198152 -0.0698689 -0.0715151 
qwerty 244 242 0 0.552046 -0.736565 -11.0108 13.925 0.00198152 -0.0698689 -0.0715151 
qwerty 244 242 0 0.552046 -0.729783 -11.25 13.6802 0.00198152 -0.0698689 -0.0715151 
qwerty 244 242 0 0.552046 -0.717862 -11.6703 13.25 0.00198152 -0.0698689 -0.0715151 
qwerty 244 242 0 0.552046 -0.69916 -12.3298 12.575 0.00198152 -0.0698689 -0.0715151 
qwerty 71 70 0 50.2184 -0.869733 -7.31296 11.05 -0.00976123 -0.053129 0.0841548 
qwerty 71 70 0 50.2184 -0.948027 -7.7391 11.725 -0.00976123 -0.053129 0.0841548 
qwerty 71 70 0 50.2184 -1.02632 -8.16525 12.4 -0.00976123 -0.053129 0.0841548 
qwerty 71 70 0 50.2184 -1.10462 -8.59139 13.075 -0.00976123 -0.053129 0.0841548 
qwerty 165 93 0.0920451 13.9316 0.12156 2.02466 5.19125 0.0279309 0.0147336 0.094883 
qwerty 165 93 0.687571 13.2441 0.256602 2.09589 5.65 0.0224977 0.0258076 0.0939565 
qwerty 274 165 0.571798 1.5163 0.143983 2.42192 6.0576 -0.0106582 0.0330329 0.0937829 
qwerty 274 165 0.447224 1.06908 0.0957427 2.50144 6.30345 -0.0490615 -0.000842089 0.0871336 
qwerty 274 165 0.0517121 1.01737 0.0836079 2.50124 6.325 -0.0594151 -0.00897352 0.0799332 
qwerty 285 251 0 0.502841 -1.09144 -8.75 13.3691 0.00675591 -0.0489459 0.0869405 
qwerty 285 251 0 0.502841 -1.06184 -8.96445 13.75 0.00675591 -0.0489459 0.0869405 
qwerty 285 251 0 0.502841 -1.00939 -9.34446 14.425 0.00675591 -0.0489459 0.0869405 
qwerty 285 251 0 0.502841 -0.956939 -9.72448 15.1 0.00675591 -0.0489459 0.0869405 
qwerty 285 251 0 0.502841 -0.904486 -10.1045 15.775 0.00675591 -0.0489459 0.0869405 
qwerty 284 133 0 0.229558 1.59147 -11.0468 10.1339 -0.0390156 0.0919057 0.00557857 
qwerty 284 133 0 0.229558 1.25 -10.2425 10.1827 -0.0390156 0.0919057 0.00557857 
qwerty 284 133 0 0.229558 -0.094993 -7.07418 10.375 -0.0390156 0.0919057 0.00557857 
qwerty 289 284 0.281441 0 1.57386 -11.0829 10.1526 -0.0397719 -0.0814362 0.0422652 
qwerty 282 133 0 0.516086 2.4906 -11.25 9.21127 0.0539204 -0.0637351 -0.0550492 
qwerty 282 133 0 0.516086 2.50165 -11.2631 9.2 0.0539204 -0.0637351 -0.0550492 
qwerty 280 152 0 0.510999 1.25 2.46559 5.9839 0.0867377 -0.0494 0.00601765 
qwerty 280 152 0 0.510999 3.75 1.04176 6.15734 0.0867377 -0.0494 0.00601765 
qwerty 280 152 0 0.510999 6.16662 -0.334591 6.325 0.0867377 -0.0494 0.00601765 
qwerty 279 165 0 0.510999 -1.25 1.36076 6.13559 -0.086361 -0.0457261 0.0212344 
qwerty 279 165 0 0.510999 -2.02033 0.952891 6.325 -0.086361 -0.0457261 0.0212344 
qwerty 278 165 0 0.510999 2.75842 3.48313 5.15 0.086361 0.0457261 -0.0212344 
qwerty 276 165 0 0.612322 -0.385555 2.62395 5.15 -0.069207 0.0353337 -0.0629437 
qwerty 276 165 0 0.612322 -1.11917 2.93158 4.475 -0.070472 0.0285291 -0.0649599 
qwerty 276 165 0 0.226829 -1.7931 3.20441 3.85379 -0.0312439 -0.0083206 0.0946287 
qwerty 276 165 0 0.226829 -1.94042 3.16517 4.3 -0.0312439 -0.0083206 0.0946287 
qwerty 304 276 0.0778555 0.307637 -1.80184 3.22664 3.82784 -0.0174199 0.0490943 -0.0853598 
qwerty 304 276 0.0344329 0.273204 -1.8083 3.23225 3.81555 -0.0621633 0.0685586 -0.0378871 
qwerty 304 276 0.018972 0.254232 -1.81317 3.23805 3.81082 -0.0730992 0.0619422 -0.0286299 
qwerty 304 276 0.023661 0.230571 -1.82005 3.24443 3.81094 -0.0637894 0.0769341 -0.00347228 
qwerty 304 276 0.0318545 0.198716 -1.82512 3.25086 3.81267 -0.0751459 0.0649033 -0.0118602 
qwerty 304 276 0.0270732 0.171643 -1.83084 3.25768 3.81327 -0.0959614 0.0278184 -0.00418876 
qwerty 304 276 0.0208464 0.150797 -1.83954 3.25665 3.81311 -0.0874769 -0.0150598 -0.0460542 
qwerty 304 276 0.0498459 0.100951 -1.84959 3.25795 3.81219 -0.082372 -0.0440759 -0.0356676 
qwerty 304 276 0.0473237 0.0536271 -1.85434 3.25765 3.80611 -0.0887862 -0.0453823 -0.00757996 
qwerty 304 276 0.0536271 0 -1.85675 3.25642 3.80591 -0.0887862 -0.0453823 -0.00757996 
qwerty 273 165 0 1.55124 0.566007 2.35322 6.325 0.0422083 0.0314854 0.0850125 
qwerty 273 165 0 1.55124 0.901141 2.60321 7 0.0422083 0.0314854 0.0850125 
qwerty 273 165 0 1.55124 1.23627 2.85321 7.675 0.0422083 0.0314854 0.0850125 
qwerty 273 165 0 1.55124 1.57141 3.1032 8.35 0.0422083 0.0314854 0.0850125 
qwerty 273 165 0 1.55124 1.90654 3.3532 9.025 0.0422083 0.0314854 0.0850125 
qwerty 273 165 0 1.55124 2.24168 3.60319 9.7 0.0422083 0.0314854 0.0850125 
qwerty 273 165 0 1.55124 2.57681 3.85319 10.375 0.0422083 0.0314854 0.0850125 
qwerty 273 165 0 1.55124 2.91195 4.10318 11.05 0.0422083 0.0314854 0.0850125 
qwerty 273 165 0 1.55124 3.24708 4.35318 11.725 0.0422083 0.0314854 0.0850125 
qwerty 273 165 0 1.55124 3.58221 4.60317 12.4 0.0422083 0.0314854 0.0850125 
qwerty 273 165 0 1.55124 3.75 4.72833 12.7379 0.0422083 0.0314854 0.0850125 
qwerty 273 165 0 1.55124 3.91735 4.85316 13.075 0.0422083 0.0314854 0.0850125 
qwerty 273 165 0 1.55124 4.25248 5.10316 13.75 0.0422083 0.0314854 0.0850125 
qwerty 273 165 0 1.55124 4.58762 5.35315 14.425 0.0422083 0.0314854 0.0850125 
qwerty 273 165 0 1.55124 4.92275 5.60315 15.1 0.0422083 0.0314854 0.0850125 
qwerty 273 165 0 1.55124 5.25788 5.85314 15.775 0.0422083 0.0314854 0.0850125 
qwerty 272 165 0.00029101 0 0.172594 2.06793 5.41025 0.0222867 0.0188963 0.0956359 
qwerty 308 272 0.00670599 0 0.17265 2.06796 5.41025 0.0829426 0.0557841 0.00294273 
qwerty 271 165 0 0.164688 0.258715 2.14045 5.65 0.0272388 0.0227382 0.0934934 
qwerty 270 190 0 0.510999 3.52152 6.97514 9.025 0.0653827 0.00941131 0.0750768 
qwerty 270 190 0 0.510999 4.10937 7.05976 9.7 0.0653827 0.00941131 0.0750768 
qwerty 270 190 0 0.510999 4.69721 7.14437 10.375 0.0653827 0.00941131 0.0750768 
qwerty 269 190 0 0.510999 2.49824 6.82785 7.85 -0.0653827 -0.00941131 -0.0750768 
qwerty 268 193 0 0.510999 0.283337 3.44651 6.5 0.0443639 0.0427336 -0.0787761 
qwerty 268 193 0 0.510999 0.663473 3.81267 5.825 0.0443639 0.0427336 -0.0787761 
qwerty 267 193 0 0.510999 -0.378382 2.80911 7.675 -0.0443639 -0.0427336 0.0787761 
qwerty 265 209 0 56.1831 0.362424 3.54758 11.05 -0.000661686 0.0266353 0.0963853 
qwerty 318 265 0.966666 20.7715 0.360271 3.75612 11.725 -0.000478318 0.0292136 0.0956365 
qwerty 318 265 0.977892 16.9728 0.476684 3.91978 12.4 0.0236128 0.0267116 0.0934287 
qwerty 318 265 0.188744 7.19769 0.478221 4.06896 12.6279 -0.0200334 0.0878806 0.043309 
qwerty 318 265 1.60307 5.59462 0.323901 4.91019 13.0236 -0.0360878 0.0869539 0.0337149 
qwerty 318 265 0.280319 5.3143 0.268841 5.04286 13.075 -0.0247616 0.0930728 0.026913 
qwerty 318 265 0.875427 2.67965 0.49277 5.48856 12.7802 0.0596311 0.0260655 -0.0759258 
qwerty 318 265 0.43638 2.24327 0.653916 5.559 12.575 0.0424747 -0.0315236 -0.0848655 
qwerty 327 321 0 0.399379 0.513958 3.97678 12.3731 -0.0172661 -0.0951632 -0.0254134 
qwerty 327 321 0 0.399379 0.472811 3.75 12.3126 -0.0172661 -0.0951632 -0.0254134 
qwerty 327 321 0 0.399379 0.192503 2.20506 11.9 -0.0172661 -0.0951632 -0.0254134 
qwerty 332 327 0.0330804 0.337837 0.512049 3.97973 12.355 0.0644384 -0.0693707 -0.0321778 
qwerty 332 327 0.100974 0.236864 0.529221 3.96649 12.3339 0.0626808 -0.072617 -0.028247 
qwerty 332 327 0.236864 0 0.550366 3.94199 12.3243 0.0626808 -0.072617 -0.028247 
qwerty 326 321 0 1.9585 0.423966 5.07364 11.9 -0.00563588 0.088276 -0.0466432 
qwerty 326 321 0 1.9585 0.342406 6.35113 11.225 -0.00563588 0.088276 -0.0466432 
qwerty 326 321 0 1.6299 0.922593 8.75 10.6019 0.026907 0.0938937 -0.0214474 
qwerty 326 321 0 1.6299 0.987705 8.97721 10.55 0.026907 0.0938937 -0.0214474 
qwerty 324 318 0 0.0524185 0.26029 4.9805 13.075 -0.0209871 0.087783 0.0430544 
qwerty 322 318 0 0.570622 0.645334 4.32756 13.075 0.0198444 0.0531126 0.0823726 
qwerty 322 318 0 0.570622 0.807948 4.76279 13.75 0.0198444 0.0531126 0.0823726 
qwerty 322 318 0 0.570622 0.970562 5.19802 14.425 0.0198444 0.0531126 0.0823726 
qwerty 322 318 0 0.570622 1.13318 5.63325 15.1 0.0198444 0.0531126 0.0823726 
qwerty 322 318 0 0.570622 1.25 5.94592 15.5849 0.0198444 0.0531126 0.0823726 
qwerty 322 318 0 0.570622 1.29579 6.06848 15.775 0.0198444 0.0531126 0.0823726 
qwerty 320 318 0 0.28858 0.592316 4.05167 13.075 0.0156989 0.0192931 0.0968572 
qwerty 264 209 0 2.79192 0.535628 3.75 10.7909 0.0316141 0.0691843 0.064916 
qwerty 264 209 0 2.79192 0.661801 4.02612 11.05 0.0316141 0.0691843 0.064916 
qwerty 264 209 0 2.79192 0.990527 4.7455 11.725 0.0316141 0.0691843 0.064916 
qwerty 264 209 0 2.22635 1.36217 5.20728 12.4 0.0442641 0.0446042 0.0777892 
qwerty 264 209 0 2.22635 1.74626 5.59433 13.075 0.0442641 0.0446042 0.0777892 
qwerty 264 209 0 2.22635 2.13035 5.98137 13.75 0.0442641 0.0446042 0.0777892 
qwerty 264 209 0 2.22635 2.51445 6.36842 14.425 0.0442641 0.0446042 0.0777892 
qwerty 264 209 0 2.22635 2.89854 6.75546 15.1 0.0442641 0.0446042 0.0777892 
qwerty 344 264 0.693538 1.36454 2.91005 6.78766 15.6029 -0.0646567 -0.0142798 0.0749373 
qwerty 344 264 0.361132 1.00341 2.76156 6.75486 15.775 -0.0722978 -0.0330116 0.0606898 
qwerty 263 243 0 0.510999 -0.359388 -9.77575 14.6 0.0619484 0.001567 -0.0784853 
qwerty 262 243 0 0.510999 -1.25 -9.79828 15.7284 -0.0619484 -0.001567 0.0784853 
qwerty 262 243 0 0.510999 -1.28681 -9.79921 15.775 -0.0619484 -0.001567 0.0784853 
qwerty 262 243 0 0.510999 -1.81959 -9.81269 16.45 -0.0619484 -0.001567 0.0784853 
qwerty 262 243 0 0.510999 -2.35237 -9.82616 17.125 -0.0619484 -0.001567 0.0784853 
qwerty 262 243 0 0.510999 -2.88515 -9.83964 17.8 -0.0619484 -0.001567 0.0784853 
qwerty 262 243 0 0.510999 -3.41792 -9.85312 18.475 -0.0619484 -0.001567 0.0784853 
qwerty 347 261 0.00295479 0.105242 -1.83653 -8.50611 13.2505 -0.00525367 -0.0880545 0.0471042 
qwerty 347 261 0.00432035 0.100921 -1.8365 -8.50688 13.2508 0.00929446 -0.0936535 0.0338029 
qwerty 347 261 0.00454024 0.0963812 -1.83641 -8.5078 13.2509 -0.00620152 -0.0986616 0.0150808 
qwerty 347 261 0.0023102 0.094071 -1.83658 -8.50854 13.251 -0.00145279 -0.0997757 0.00653373 
qwerty 347 261 0.00504718 0.0890239 -1.83659 -8.50947 13.2509 0.0534439 -0.0827429 -0.0172441 
qwerty 347 261 0.00492215 0.0841017 -1.83631 -8.51026 13.2507 0.0332356 -0.0943154 -4.11248e-05 
qwerty 347 261 0.00489462 0.0792071 -1.8361 -8.51111 13.2506 0.0485628 -0.0866646 0.0114415 
qwerty 347 261 0.00662306 0.072584 -1.83577 -8.51182 13.2506 -0.00746 -0.0997118 0.00137745 
qwerty 347 261 0.0037074 0.0688766 -1.83565 -8.51272 13.2507 -0.0329807 0.0056446 0.0942359 
qwerty 347 261 0.00477573 0.0641009 -1.83616 -8.5127 13.2515 -0.033612 -0.00200389 0.0941606 
qwerty 347 261 0.00466963 0.0594313 -1.83659 -8.51288 13.2522 -0.0459396 -0.0301961 0.0835329 
qwerty 347 261 0.00763394 0.0517973 -1.83717 -8.51279 13.2534 -0.0066782 0.00464133 0.0996687 
qwerty 347 261 0.0134201 0.0383772 -1.83778 -8.51367 13.2551 -0.0600712 -0.0222036 -0.0768014 
qwerty 347 261 0.0383772 0 -1.83868 -8.51401 13.2539 -0.0600712 -0.0222036 -0.0768014 
qwerty 260 252 0 0.505805 2.7682 -11.25 13.6725 0.0839912 -0.05313 0.0110761 
qwerty 260 252 0 0.292385 3.05795 -11.4333 13.7107 0.0580419 0.0548776 0.060163 
qwerty 260 252 0 0.292385 3.09583 -11.3975 13.75 0.0580419 0.0548776 0.060163 
qwerty 350 260 0.00388468 0.192791 3.09661 -11.3969 13.7481 0.00584159 0.0133156 -0.0989372 
qwerty 350 260 0.00428122 0.18851 3.09637 -11.3962 13.7454 0.0229505 0.0158609 -0.0960297 
qwerty 350 260 0.00950182 0.179008 3.09666 -11.3954 13.7425 0.00573792 0.0369054 -0.0927635 
qwerty 350 260 0.0256361 0.153372 3.09634 -11.3936 13.7391 -0.00720254 0.0439111 -0.0895541 
qwerty 350 260 0.0339426 0.119429 3.09362 -11.3898 13.7343 -0.00909716 0.01477 -0.0984839 
qwerty 350 260 0.0376345 0.0817946 3.09107 -11.3938 13.7252 -0.00976033 -0.0419336 -0.0902569 
qwerty 350 260 0.0817946 0 3.09051 -11.3962 13.7201 -0.00976033 -0.0419336 -0.0902569 
qwerty 349 260 0.0628184 0.150602 3.06603 -11.4507 13.7061 0.078417 -0.0594539 0.0177767 
qwerty 349 260 0.150602 0 3.07868 -11.4603 13.7089 0.078417 -0.0594539 0.0177767 
qwerty 257 252 0 1.36822 -0.0862088 -13.8841 12.575 0.0184908 -0.0975775 -0.0116925 
qwerty 359 357 0 0.153877 -0.70538 -8.40336 12.7318 -0.0298591 0.0584155 0.0754723 
qwerty 359 357 0 0.153877 -0.841166 -8.13771 13.075 -0.0298591 0.0584155 0.0754723 
qwerty 360 359 0.109709 0 -0.701202 -8.40209 12.7234 0.0441799 0.0134741 -0.0886938 
qwerty 254 252 0 0.218004 -1.06152 -8.75 13.2553 0.025524 -0.0670684 0.0696445 
qwerty 254 252 0 0.218004 -0.880234 -9.22636 13.75 0.025524 -0.0670684 0.0696445 
qwerty 365 253 0.105885 22.1143 -1.09764 -8.75 13.2953 0.0247408 -0.0583608 0.0773428 
qwerty 365 253 0.833886 21.2804 -0.952174 -9.09314 13.75 0.0184408 -0.0587644 0.0787825 
qwerty 365 253 0.976018 15.0894 -1.12532 -9.41978 14.425 -0.0285038 -0.0509856 0.0811665 
qwerty 319 265 0.914479 32.4043 0.383134 3.70693 11.725 0.00398115 0.0230686 0.0972213 
qwerty 319 265 0.0411953 28.3985 0.435779 3.75 11.9283 0.0457096 0.0276338 0.0845399 
qwerty 319 265 0.0706474 27.8799 0.455558 3.76246 11.966 0.0432851 0.0298484 0.0850616 
qwerty 319 265 0.715271 27.1646 0.676411 3.91475 12.4 0.0383059 0.0372341 0.0845357 
qwerty 319 265 0.902851 3.43726 0.421166 4.30244 13.075 -0.000735458 -0.0226855 0.0973901 
qwerty 378 319 0.0196722 0.428296 0.466272 3.75545 11.97 0.0862436 -0.031933 0.0392725 
qwerty 378 319 0.0254193 0.402877 0.47703 3.75305 11.9752 0.0932174 0.00860008 0.0351647 
qwerty 378 319 0.0168757 0.386001 0.487652 3.75345 11.9813 0.0821806 0.0291431 0.0489594 
qwerty 378 319 0.0183284 0.367673 0.495972 3.75475 11.9868 0.0783155 0.00443917 0.062024 
qwerty 378 319 0.0285063 0.339167 0.505282 3.75403 11.9949 0.0979967 0.00532738 0.0191902 
qwerty 378 319 0.0247259 0.314441 0.516327 3.75165 11.9983 0.0611643 0.00453989 0.078983 
qwerty 378 319 0.0162193 0.298221 0.523458 3.75432 12.0073 0.0433002 0.0305725 0.0847963 
qwerty 378 319 0.0195619 0.27866 0.525384 3.75962 12.0181 0.0280409 0.0768547 0.057507 
qwerty 378 319 0.0244916 0.254168 0.5277 3.76576 12.0266 -0.0108815 0.0652634 0.0749819 
qwerty 378 319 0.0286011 0.225567 0.523438 3.7739 12.0334 0.00921827 0.0930239 -0.0355188 
qwerty 378 319 0.0390088 0.186558 0.526262 3.78592 12.0286 -0.0188624 0.0938263 -0.0289973 
qwerty 378 319 0.0608644 0.125694 0.529466 3.80162 12.0186 -0.0485734 0.0871387 -0.00688948 
qwerty 378 319 0.125694 0 0.52368 3.812 12.0178 -0.0485734 0.0871387 -0.00688948 
qwerty 364 253 0.0568412 6.39208 -1.12645 -8.75 13.2767 -0.0197156 -0.066911 0.0716535 
qwerty 364 253 0.791981 4.97194 -1.14216 -9.0162 13.5842 0.00645197 -0.0673774 0.0736115 
qwerty 364 253 0.342375 4.62957 -1.12763 -9.16793 13.75 0.0203899 -0.0556134 0.0805692 
qwerty 387 364 0.187198 0.440964 -1.18312 -9.08769 13.5426 -0.0682276 -0.0628534 -0.0373422 
qwerty 387 364 0.344575 0.0963884 -1.24202 -9.14195 13.5103 0.00781524 -0.006051 -0.0995103 
qwerty 387 364 0.0963884 0 -1.24143 -9.14241 13.5028 0.00781524 -0.006051 -0.0995103 
qwerty 385 319 0 0.510999 0.221192 3.21324 12.575 -0.019771 -0.0864487 -0.0462139 
qwerty 385 319 0 0.510999 -0.0675833 1.95057 11.9 -0.019771 -0.0864487 -0.0462139 
qwerty 385 319 0 0.510999 -0.356359 0.687899 11.225 -0.019771 -0.0864487 -0.0462139 
qwerty 384 319 0 0.510999 0.723876 5.41122 13.75 0.019771 0.0864487 0.0462139 
qwerty 384 319 0 0.183572 0.899512 6.17919 14.1605 0.0362505 -0.0923895 -0.0122509 
qwerty 384 319 0 0.183572 1.25 5.28592 14.0421 0.0362505 -0.0923895 -0.0122509 
qwerty 384 319 0 0.133394 1.28247 5.20317 14.0311 -0.0613754 -0.0287339 0.0735352 
qwerty 384 319 0 0.133394 1.25 5.18796 14.07 -0.0613754 -0.0287339 0.0735352 
qwerty 384 319 0 0.133394 0.953723 5.04926 14.425 -0.0613754 -0.0287339 0.0735352 
qwerty 393 384 0.050178 0 1.28402 5.20179 14.0299 0.0639873 -0.0565956 -0.0519863 
qwerty 392 384 0.327427 0 0.902414 6.23065 14.1823 0.00518782 0.0919731 0.0389105 
qwerty 382 319 0 0.377111 0.645146 5.19004 13.075 0.00242355 0.0846088 0.0532492 
qwerty 381 319 0 7.34247 0.811053 9.09818 13.075 0.0031337 0.0992585 0.011744 
qwerty 379 319 0 1.34515 0.787258 4.12523 12.6888 0.0870629 0.0201386 0.044883 
qwerty 379 319 0 1.34515 1.25 4.23227 12.9273 0.0870629 0.0201386 0.044883 
qwerty 379 319 0 1.34515 1.53641 4.29852 13.075 0.0870629 0.0201386 0.044883 
qwerty 379 319 0 0.326286 2.39406 4.4969 13.5171 -0.0613005 -0.00338142 0.0789355 
qwerty 379 319 0 0.326286 2.21322 4.48693 13.75 -0.0613005 -0.00338142 0.0789355 
qwerty 401 379 0.1841 0.834761 2.50407 4.49497 13.5607 0.0868547 0.0421411 0.0260843 
qwerty 401 379 0.200423 0.634339 2.58667 4.53131 13.6067 0.0346332 0.0844057 0.0409417 
qwerty 401 379 0.144466 0.489873 2.6244 4.57974 13.6558 -0.00649205 0.0249727 0.0966138 
qwerty 401 379 0.212726 0.277148 2.63076 4.58076 13.7335 0.079267 0.0158728 0.0588625 
qwerty 401 379 0.0826007 0.194547 2.65299 4.58521 13.75 0.0838991 -0.0293081 0.0458473 
qwerty 401 379 0.00429489 0.184783 2.65367 4.58639 13.7484 0.0296147 0.0715744 -0.0632461 
qwerty 401 379 0.00463737 0.180145 2.65428 4.58785 13.7465 0.0213433 0.0599449 -0.0771432 
qwerty 401 379 0.00382028 0.176325 2.65492 4.58896 13.7448 0.0267111 0.0554413 -0.0788212 
qwerty 401 379 0.00742209 0.168903 2.65599 4.59088 13.7428 0.0097213 0.0683532 -0.0723418 
qwerty 401 379 0.0131818 0.155721 2.65679 4.59381 13.7397 0.0192421 0.0323784 -0.0926358 
qwerty 401 379 0.0180384 0.137683 2.65715 4.59726 13.7344 -0.0132985 0.00895257 -0.0987066 
qwerty 401 379 0.0294645 0.108218 2.65334 4.59852 13.7266 -0.0872677 -0.046207 -0.0157879 
qwerty 401 379 0.108218 0 2.64528 4.59425 13.7251 -0.0872677 -0.046207 -0.0157879 
qwerty 400 379 0.810754 3.3703 0.835335 4.44229 13.075 -0.00885539 0.0721318 -0.068692 
qwerty 400 379 0.715973 2.65432 0.684778 4.84989 12.8094 -0.0231795 0.089372 -0.0384103 
qwerty 400 379 0.100998 2.19387 0.661341 4.91338 12.789 -0.0358899 0.088184 -0.0305859 
qwerty 400 379 0.556306 1.63756 0.576095 5.23468 12.6799 -0.0340641 0.0873781 -0.0347088 
qwerty 400 379 0.486459 1.1511 0.485688 5.4813 12.5896 0.0164604 0.0985991 -0.00269577 
qwerty 400 379 0.406274 0.744828 0.513323 5.69257 12.5884 -0.0111619 0.0923997 0.0365747 
qwerty 400 379 0.310471 0.434357 0.563563 5.84028 12.641 0.0405174 0.0738866 -0.0538434 
qwerty 400 379 0.403186 0.0311706 0.579352 5.90893 12.5899 -0.0104149 0.0577199 -0.0809935 
qwerty 400 379 0.0311706 0 0.579244 5.90953 12.5891 -0.0104149 0.0577199 -0.0809935 
qwerty 403 400 0.359459 0 0.692005 4.96492 12.8128 -0.0648955 0.0377899 -0.0660341 
qwerty 377 319 0 1.01483 0.433924 3.75 11.9538 0.0271919 0.0200437 0.0941215 
qwerty 377 319 0 1.01483 0.562841 3.84503 12.4 0.0271919 0.0200437 0.0941215 
qwerty 377 319 0 1.01483 0.75785 3.98877 13.075 0.0271919 0.0200437 0.0941215 
qwerty 377 319 0 1.01483 0.952859 4.13252 13.75 0.0271919 0.0200437 0.0941215 
qwerty 377 319 0 1.01483 1.14787 4.27626 14.425 0.0271919 0.0200437 0.0941215 
qwerty 377 319 0 1.01483 1.34288 4.42001 15.1 0.0271919 0.0200437 0.0941215 
qwerty 377 319 0 1.01483 1.53789 4.56375 15.775 0.0271919 0.0200437 0.0941215 
qwerty 377 319 0 1.01483 1.73289 4.7075 16.45 0.0271919 0.0200437 0.0941215 
qwerty 377 319 0 1.01483 1.9279 4.85124 17.125 0.0271919 0.0200437 0.0941215 
qwerty 377 319 0 1.01483 2.12291 4.99499 17.8 0.0271919 0.0200437 0.0941215 
qwerty 377 319 0 1.01483 2.31792 5.13873 18.475 0.0271919 0.0200437 0.0941215 
qwerty 377 319 0 1.01483 2.51293 5.28248 19.15 0.0271919 0.0200437 0.0941215 
qwerty 377 319 0 1.01483 2.70794 5.42622 19.825 0.0271919 0.0200437 0.0941215 
qwerty 377 319 0 1.01483 2.90295 5.56997 20.5 0.0271919 0.0200437 0.0941215 
qwerty 377 319 0 1.01483 3.09796 5.71371 21.175 0.0271919 0.0200437 0.0941215 
qwerty 377 319 0 1.01483 3.29297 5.85745 21.85 0.0271919 0.0200437 0.0941215 
qwerty 377 319 0 1.01483 3.48797 6.0012 22.525 0.0271919 0.0200437 0.0941215 
qwerty 377 319 0 1.01483 3.68298 6.14494 23.2 0.0271919 0.0200437 0.0941215 
qwerty 377 319 0 0.261895 1.07235 6.16505 22.7 -0.0981083 0.000628234 -0.0193488 
qwerty 374 365 0 0.510999 -1.74296 -9.64109 13.925 -0.0583263 -0.0189914 -0.078977 
qwerty 374 365 0 0.510999 -2.24147 -9.8034 13.25 -0.0583263 -0.0189914 -0.078977 
qwerty 374 365 0 0.510999 -2.75553 -9.99427 12.575 -0.0592511 -0.0225024 -0.0773495 
qwerty 374 365 0 0.510999 -3.27259 -10.1906 11.9 -0.0592511 -0.0225024 -0.0773495 
qwerty 374 365 0 0.510999 -3.75 -10.3719 11.2768 -0.0592511 -0.0225024 -0.0773495 
qwerty 374 365 0 0.510999 -3.78966 -10.387 11.225 -0.0592511 -0.0225024 -0.0773495 
qwerty 374 365 0 0.510999 -4.30672 -10.5834 10.55 -0.0592511 -0.0225024 -0.0773495 
qwerty 374 365 0 0.510999 -4.82378 -10.7798 9.875 -0.0592511 -0.0225024 -0.0773495 
qwerty 374 365 0 0.510999 -5.34084 -10.9761 9.2 -0.0592511 -0.0225024 -0.0773495 
qwerty 374 365 0 0.428065 -5.80392 -11.8733 8.525 -0.036782 -0.0756712 -0.0540459 
qwerty 374 365 0 0.428065 -6.2633 -12.8184 7.85 -0.036782 -0.0756712 -0.0540459 
qwerty 374 365 0 0.336015 -6.25 -13.0426 7.48118 0.0221574 -0.0345859 -0.0911749 
qwerty 374 365 0 0.336015 -6.17559 -13.1588 7.175 0.0221574 -0.0345859 -0.0911749 
qwerty 373 365 0 0.510999 -0.8752 -9.35854 15.1 0.0583263 0.0189914 0.078977 
qwerty 373 365 0 0.510999 -0.376697 -9.19622 15.775 0.0583263 0.0189914 0.078977 
qwerty 373 365 0 0.510999 0.0842585 -9.01696 16.45 0.0540273 0.0221912 0.0811702 
qwerty 373 365 0 0.510999 0.533542 -8.83242 17.125 0.0540273 0.0221912 0.0811702 
qwerty 373 365 0 0.510999 0.734197 -8.75 17.4265 0.0540273 0.0221912 0.0811702 
qwerty 373 365 0 0.291389 0.749173 -8.74385 17.449 -0.0596257 -0.0240196 0.0766018 
qwerty 373 365 0 0.291389 0.733903 -8.75 17.4686 -0.0596257 -0.0240196 0.0766018 
qwerty 373 365 0 0.291389 0.475931 -8.85392 17.8 -0.0596257 -0.0240196 0.0766018 
qwerty 414 373 0.00704073 0.212569 0.752527 -8.74329 17.4507 0.0767858 0.0224037 0.0600168 
qwerty 414 373 0.00867904 0.20389 0.75556 -8.74324 17.453 0.0834248 0.02076 0.0510815 
qwerty 414 373 0.0102086 0.193681 0.758837 -8.74277 17.4556 0.081492 0.0201326 0.0543482 
qwerty 414 373 0.00791903 0.185762 0.761799 -8.74208 17.4573 0.0416873 0.0387242 0.0822351 
qwerty 414 373 0.00849373 0.177269 0.763485 -8.74125 17.4611 0.0374376 0.0271008 0.088679 
qwerty 414 373 0.0121756 0.165093 0.765842 -8.74054 17.4655 0.0253663 0.0164316 0.0953234 
qwerty 414 373 0.0154399 0.149653 0.766724 -8.73931 17.4705 0.0377627 0.0559155 0.0738068 
qwerty 414 373 0.0147177 0.134936 0.770095 -8.73721 17.4741 0.058007 0.0118699 0.0805872 
qwerty 414 373 0.0273199 0.107616 0.775926 -8.7344 17.4777 0.0955165 -0.0296074 -2.99763e-05 
qwerty 414 373 0.0363539 0.0712618 0.78175 -8.73824 17.4813 0.0590109 0.0185988 0.0785608 
qwerty 414 373 0.0712618 0 0.784398 -8.73741 17.4848 0.0590109 0.0185988 0.0785608 
qwerty 372 365 0 1.28222 -2.85778 -9.45719 15.1 -0.0935506 0.00361267 0.0351458 
qwerty 372 365 0 1.28222 -3.75 -9.42274 15.4352 -0.0935506 0.00361267 0.0351458 
qwerty 372 365 0 1.28222 -4.65449 -9.38781 15.775 -0.0935506 0.00361267 0.0351458 
qwerty 371 365 0 2.83237 -4.68805 -9.79188 15.1 -0.0981338 -0.00925582 0.0168551 
qwerty 371 365 0 1.52089 -6.25 -10.6374 15.4029 -0.0775407 -0.0610885 0.0159885 
qwerty 371 365 0 0.97708 -7.56006 -11.6695 15.6731 -0.0695084 -0.0564947 -0.0444628 
qwerty 371 365 0 0.97708 -8.18236 -12.1753 15.275 -0.0695084 -0.0564947 -0.0444628 
qwerty 371 365 0 0.97708 -9.23758 -13.0329 14.6 -0.0695084 -0.0564947 -0.0444628 
qwerty 371 365 0 0.97708 -10.2928 -13.8906 13.925 -0.0695084 -0.0564947 -0.0444628 
qwerty 371 365 0 0.97708 -11.348 -14.7483 13.25 -0.0695084 -0.0564947 -0.0444628 
qwerty 371 365 0 0.97708 -12.4033 -15.6059 12.575 -0.0695084 -0.0564947 -0.0444628 
qwerty 371 365 0 0.97708 -13.1957 -16.25 12.0681 -0.0695084 -0.0564947 -0.0444628 
qwerty 371 365 0 0.97708 -13.4585 -16.4636 11.9 -0.0695084 -0.0564947 -0.0444628 
qwerty 371 365 0 0.97708 -13.75 -16.7005 11.7135 -0.0695084 -0.0564947 -0.0444628 
qwerty 371 365 0 0.97708 -14.5137 -17.3212 11.225 -0.0695084 -0.0564947 -0.0444628 
qwerty 371 365 0 0.842266 -15.0639 -18.1336 10.55 -0.0349938 -0.0715248 -0.060495 
qwerty 371 365 0 0.842266 -15.4543 -18.9317 9.875 -0.0349938 -0.0715248 -0.060495 
qwerty 371 365 0 0.418156 -15.7421 -19.5198 9.37756 0.0171183 0.0195225 -0.0965704 
qwerty 371 365 0 0.418156 -15.7106 -19.4839 9.2 0.0171183 0.0195225 -0.0965704 
qwerty 371 365 0 0.329452 -16.1313 -19.6499 8.525 -0.0520421 -0.0205982 -0.0828694 
qwerty 421 371 0.402835 0.0212756 -15.7804 -19.5914 9.3665 -0.025993 0.0238428 0.0935729 
qwerty 421 371 0.0212756 0 -15.7806 -19.5913 9.36699 -0.025993 0.0238428 0.0935729 
qwerty 419 371 0.151721 0.39209 -7.57579 -11.6996 15.72 0.0027435 -0.0940562 0.0338513 
qwerty 419 371 0.0858364 0.306254 -7.56751 -11.7223 15.7365 -0.0248519 -0.0940303 0.0232527 
qwerty 419 371 0.0565516 0.249702 -7.57227 -11.7387 15.7485 0.0266687 -0.0781448 0.0564107 
qwerty 419 371 0.0595294 0.190173 -7.56515 -11.7551 15.7521 -0.0479539 -0.0843259 -0.0242808 
qwerty 419 371 0.0376663 0.152507 -7.57556 -11.7644 15.7495 -0.00793226 -0.0935742 -0.0343648 
qwerty 419 371 0.0618704 0.0906363 -7.58291 -11.7733 15.7369 -0.0800365 -0.0564735 -0.0201223 
qwerty 419 371 0.0906363 0 -7.58837 -11.7771 15.7356 -0.0800365 -0.0564735 -0.0201223 
qwerty 370 365 0 5.10756 -1.36377 -9.68212 15.1 -0.0325465 -0.0332821 0.0885044 
qwerty 370 365 0 5.10756 -1.612 -9.93595 15.775 -0.0325465 -0.0332821 0.0885044 
qwerty 370 365 0 5.10756 -1.86022 -10.1898 16.45 -0.0325465 -0.0332821 0.0885044 
qwerty 370 365 0 5.10756 -2.10844 -10.4436 17.125 -0.0325465 -0.0332821 0.0885044 
qwerty 370 365 0 5.10756 -2.35667 -10.6975 17.8 -0.0325465 -0.0332821 0.0885044 
qwerty 370 365 0 1.00082 -2.49749 -10.8415 18.1829 -0.0953824 -0.0156284 0.0256504 
qwerty 370 365 0 1.00082 -3.58352 -11.0194 18.475 -0.0953824 -0.0156284 0.0256504 
qwerty 370 365 0 0.418427 -4.10067 -11.1355 19.15 -0.00248521 -0.00621139 0.099776 
qwerty 368 365 0 0.401057 -0.968943 -9.34721 14.425 0.000763763 -0.0318081 0.0948033 
qwerty 368 365 0 0.401057 -0.963505 -9.57368 15.1 0.000763763 -0.0318081 0.0948033 
qwerty 368 365 0 0.401057 -0.958067 -9.80015 15.775 0.000763763 -0.0318081 0.0948033 
qwerty 367 365 0 1.0578 -1.1403 -9.24665 14.425 -0.0282961 -0.0147912 0.0947658 
qwerty 367 365 0 1.0578 -1.34185 -9.35201 15.1 -0.0282961 -0.0147912 0.0947658 
qwerty 367 365 0 1.0578 -1.54339 -9.45736 15.775 -0.0282961 -0.0147912 0.0947658 
qwerty 367 365 0 1.0578 -1.74494 -9.56272 16.45 -0.0282961 -0.0147912 0.0947658 
qwerty 367 365 0 1.0578 -1.94649 -9.66807 17.125 -0.0282961 -0.0147912 0.0947658 
qwerty 367 365 0 1.0578 -2.14804 -9.77343 17.8 -0.0282961 -0.0147912 0.0947658 
qwerty 367 365 0 1.0578 -2.34959 -9.87878 18.475 -0.0282961 -0.0147912 0.0947658 
qwerty 367 365 0 1.0578 -2.55114 -9.98414 19.15 -0.0282961 -0.0147912 0.0947658 
qwerty 367 365 0 1.0578 -2.75268 -10.0895 19.825 -0.0282961 -0.0147912 0.0947658 
qwerty 367 365 0 1.0578 -2.95423 -10.1948 20.5 -0.0282961 -0.0147912 0.0947658 
qwerty 367 365 0 1.0578 -3.15578 -10.3002 21.175 -0.0282961 -0.0147912 0.0947658 
qwerty 367 365 0 1.0578 -3.35733 -10.4056 21.85 -0.0282961 -0.0147912 0.0947658 
qwerty 367 365 0 1.0578 -3.55888 -10.5109 22.525 -0.0282961 -0.0147912 0.0947658 
qwerty 367 365 0 1.0578 -3.76043 -10.6163 23.2 -0.0282961 -0.0147912 0.0947658 
qwerty 367 365 0 1.0578 -3.96197 -10.7216 23.875 -0.0282961 -0.0147912 0.0947658 
qwerty 367 365 0 1.0578 -4.16352 -10.827 24.55 -0.0282961 -0.0147912 0.0947658 
qwerty 367 365 0 1.0578 -4.36507 -10.9323 25.225 -0.0282961 -0.0147912 0.0947658 
qwerty 367 365 0 0.691567 -4.45803 -11.25 25.4463 -0.016604 -0.0889543 0.042561 
qwerty 367 365 0 0.691567 -4.63504 -12.1983 25.9 -0.016604 -0.0889543 0.042561 
qwerty 424 370 0.831 3.27574 -2.54597 -10.9472 18.475 -0.0222342 -0.0167382 0.0960493 
qwerty 424 370 0.744134 1.79393 -2.9178 -11.0011 18.4321 -0.0848808 -0.0490099 -0.0198312 
qwerty 424 370 0.478676 1.31525 -3.15659 -11.1429 18.3044 -0.0771077 -0.0409456 -0.0487633 
qwerty 424 370 0.376307 0.938947 -3.32979 -11.2654 18.1984 -0.0608663 0.0488271 -0.0625396 
qwerty 424 370 0.377671 0.561276 -3.42653 -11.2004 18.0524 0.0125865 0.070904 -0.0693844 
qwerty 424 370 0.416755 0.14452 -3.41248 -11.1213 17.975 -0.0884191 -0.0459799 0.00824064 
qwerty 424 370 0.00342175 0.141099 -3.41379 -11.1219 17.975 -0.0936673 -0.0346103 0.00534372 
qwerty 424 370 0.00553345 0.135565 -3.4151 -11.1223 17.9751 -0.0957667 -0.0276393 -0.00805 
qwerty 424 370 0.00295482 0.13261 -3.41641 -11.1226 17.9751 -0.0864181 -0.0421077 0.0275473 
qwerty 424 370 0.00340618 0.129204 -3.41753 -11.1232 17.9756 -0.0878918 -0.031082 0.0361793 
qwerty 424 370 0.00420255 0.125002 -3.41895 -11.1239 17.9759 -0.091869 -0.0347928 0.018696 
qwerty 424 370 0.00726511 0.117737 -3.42029 -11.1242 17.9761 -0.0987136 -0.0103672 -0.0121713 
qwerty 424 370 0.00280023 0.114936 -3.42165 -11.1243 17.9761 -0.0932824 -0.0162107 -0.0321809 
qwerty 424 370 0.0054266 0.10951 -3.42286 -11.1247 17.9758 -0.0984116 -0.00754275 -0.0160706 
qwerty 424 370 0.00639956 0.10311 -3.42416 -11.125 17.9757 -0.0987891 -0.00404066 0.0149793 
qwerty 424 370 0.00472887 0.0983813 -3.42568 -11.1253 17.976 -0.0995537 0.00659988 -0.00674489 
qwerty 424 370 0.0051249 0.0932564 -3.42726 -11.1255 17.9757 -0.0957972 -0.0285049 -0.0032181 
qwerty 424 370 0.00846778 0.0847887 -3.42858 -11.1258 17.9755 -0.0959213 0.0235834 -0.0155859 
qwerty 424 370 0.00568849 0.0791002 -3.42999 -11.1257 17.9752 -0.0983441 -0.00578636 -0.0171742 
qwerty 424 370 0.00249342 0.0766068 -3.43085 -11.1258 17.975 -0.0989247 0.000789143 -0.0146044 
qwerty 424 370 0.00164798 0.0727485 -3.43113 -11.1261 17.9752 -0.0655106 -0.0253335 0.0711799 
qwerty 424 370 0.00560597 0.0671425 -3.4315 -11.1262 17.9755 -0.0618895 0.0156221 0.0769781 
qwerty 424 370 0.00687296 0.0602696 -3.43183 -11.1262 17.9758 -0.0636743 -0.00878212 0.0766059 
qwerty 424 370 0.00464083 0.0556287 -3.43216 -11.1264 17.9762 -0.0647096 -0.021454 0.0731601 
qwerty 424 370 0.0050028 0.0506259 -3.43257 -11.1264 17.9769 -0.080773 0.0521506 0.0274961 
qwerty 424 370 0.0153906 0.0352354 -3.43341 -11.1257 17.9769 -0.051904 0.0420389 0.0744224 
qwerty 424 370 0.0108119 0.0244235 -3.43374 -11.1248 17.9774 -0.013692 0.0375684 0.0916577 
qwerty 424 370 0.0244235 0 -3.43383 -11.1246 17.978 -0.013692 0.0375684 0.0916577 
qwerty 436 398 0 0.510999 0.263872 9.11513 13.75 -0.0503298 -0.0596016 0.0625665 
qwerty 435 398 0 0.510999 1.20907 10.2345 12.575 0.0503298 0.0596016 -0.0625665 
qwerty 435 398 0 0.510999 1.75205 10.8775 11.9 0.0503298 0.0596016 -0.0625665 
qwerty 435 398 0 0.510999 2.29503 11.5205 11.225 0.0503298 0.0596016 -0.0625665 
qwerty 435 398 0 0.510999 2.83802 12.1635 10.55 0.0503298 0.0596016 -0.0625665 
qwerty 435 398 0 0.510999 3.381 12.8065 9.875 0.0503298 0.0596016 -0.0625665 
qwerty 435 398 0 0.510999 3.92398 13.4495 9.2 0.0503298 0.0596016 -0.0625665 
qwerty 435 398 0 0.510999 4.46697 14.0925 8.525 0.0503298 0.0596016 -0.0625665 
qwerty 435 398 0 0.510999 5.00995 14.7355 7.85 0.0503298 0.0596016 -0.0625665 
qwerty 435 398 0 0.510999 5.55294 15.3786 7.175 0.0503298 0.0596016 -0.0625665 
qwerty 435 398 0 0.424941 5.97833 15.4746 6.5 0.05148 0.000335759 -0.0857303 
qwerty 433 398 0 1.21018 -0.000215746 10.5254 13.75 -0.0625961 0.0628232 0.0462057 
qwerty 433 398 0 1.21018 -0.914656 11.4432 14.425 -0.0625961 0.0628232 0.0462057 
