qwerty 1 0 0 200 0 0 -0.249992 0 0 0.1 
qwerty 3 1 0 290.47 -0.050179 0.04884 0.25 -0.00993895 0.00967374 0.0990335 
qwerty 3 1 0 290.47 -0.117922 0.114775 0.925 -0.00993895 0.00967374 0.0990335 
qwerty 3 1 0 290.47 -0.185664 0.18071 1.6 -0.00993895 0.00967374 0.0990335 
qwerty 3 1 0 290.47 -0.253407 0.246645 2.275 -0.00993895 0.00967374 0.0990335 
qwerty 2 1 0 44.5069 0.763065 -0.742704 0.25 0.0648655 -0.0631347 0.0425026 
qwerty 2 1 0 44.5069 1.25 -1.21665 0.56906 0.0648655 -0.0631347 0.0425026 
qwerty 2 1 0 44.5069 1.79322 -1.74537 0.925 0.0648655 -0.0631347 0.0425026 
qwerty 2 1 0 44.5069 2.82337 -2.74804 1.6 0.0648655 -0.0631347 0.0425026 
qwerty 2 1 0 44.5069 3.75 -3.64994 2.20716 0.0648655 -0.0631347 0.0425026 
qwerty 2 1 0 44.5069 3.85353 -3.7507 2.275 0.0648655 -0.0631347 0.0425026 
qwerty 2 1 0 44.5069 4.88368 -4.75337 2.95 0.0648655 -0.0631347 0.0425026 
qwerty 2 1 0 44.5069 5.91384 -5.75603 3.625 0.0648655 -0.0631347 0.0425026 
qwerty 2 1 0 44.5069 6.42134 -6.25 3.95754 0.0648655 -0.0631347 0.0425026 
qwerty 2 1 0 44.5069 6.94399 -6.7587 4.3 0.0648655 -0.0631347 0.0425026 
qwerty 2 1 0 44.5069 7.97414 -7.76137 4.975 0.0648655 -0.0631347 0.0425026 
qwerty 2 1 0 44.5069 8.98988 -8.75 5.64055 0.0648655 -0.0631347 0.0425026 
qwerty 2 1 0 44.5069 9.0043 -8.76403 5.65 0.0648655 -0.0631347 0.0425026 
qwerty 2 1 0 44.5069 10.0345 -9.7667 6.325 0.0648655 -0.0631347 0.0425026 
qwerty 2 1 0 44.5069 11.0646 -10.7694 7 0.0648655 -0.0631347 0.0425026 
qwerty 5 3 1.23439 4.72635 -0.548729 0.734859 2.95 -0.0118037 0.0693768 0.071046 
qwerty 6 2 1.50708 10.8103 11.5999 -11.5675 7.675 0.0329247 -0.0817581 0.0472396 
qwerty 6 2 1.06253 3.87309 11.3152 -11.7902 8.35 -0.0222566 -0.0108289 0.0968885 
qwerty 4 3 0.179066 234.568 -0.281635 0.274269 2.57025 -0.00890006 0.00912123 0.0991846 
qwerty 4 3 0.63989 233.928 -0.315711 0.309192 2.95 -0.00862459 0.00890144 0.0992289 
qwerty 4 3 0.971145 214.967 -0.355295 0.346988 3.625 -0.005514 0.00666348 0.0996253 
qwerty 4 3 0.968985 210.147 -0.363963 0.382509 4.26165 -0.00129185 0.00613569 0.0998032 
qwerty 4 3 0.0627342 210.084 -0.364459 0.384867 4.3 -0.00136094 0.00619032 0.0997989 
qwerty 4 3 0.872423 206.664 -0.336439 0.413414 4.975 0.00362232 0.00413023 0.099849 
qwerty 4 3 0.758222 198.093 -0.325712 0.425246 5.65 0.000922155 0.0023953 0.0999671 
qwerty 4 3 0 3.47649 -0.282387 0.409981 5.825 -0.00412643 0.0561934 -0.0826152 
qwerty 33 4 0.0507348 0.232619 -0.356905 0.404617 4.26997 0.0373803 0.0793683 -0.0479935 
qwerty 33 4 0.052123 0.180496 -0.350338 0.413196 4.25588 0.0840137 0.0171413 -0.0514575 
qwerty 33 4 0.180496 0 -0.332065 0.416924 4.24469 0.0840137 0.0171413 -0.0514575 
qwerty 27 4 0.108417 0.301491 -0.290893 0.224376 2.59635 -0.0130038 -0.0985177 -0.0111873 
qwerty 27 4 0.301491 0 -0.2973 0.175835 2.59084 -0.0130038 -0.0985177 -0.0111873 
qwerty 42 4 0 0.570174 0.0444081 0.379009 6.325 0.0546283 -0.00525399 0.0835951 
qwerty 42 4 0 0.570174 0.485511 0.336585 7 0.0546283 -0.00525399 0.0835951 
qwerty 42 4 0 0.197449 0.611283 0.324489 7.19246 -0.0884405 -0.0378272 -0.0273383 
qwerty 42 4 0 0.197449 0.55479 0.300326 7.175 -0.0884405 -0.0378272 -0.0273383 
qwerty 43 42 0.016286 0.35644 0.618842 0.324253 7.19957 0.0878383 0.025053 0.0407037 
qwerty 43 42 0.0223613 0.334078 0.62821 0.329019 7.20611 0.0673716 0.0330605 0.0660913 
qwerty 43 42 0.0410466 0.293032 0.643383 0.328292 7.21979 0.0493232 0.0309955 0.0812804 
qwerty 43 42 0.0505615 0.24247 0.658174 0.325634 7.24156 0.0617885 0.0581358 0.0529378 
qwerty 43 42 0.136488 0.105983 0.664374 0.370744 7.2463 0.0320795 0.0554552 0.0767829 
qwerty 43 42 0.105983 0 0.667234 0.375687 7.25314 0.0320795 0.0554552 0.0767829 
qwerty 41 4 0 0.770217 0.124542 0.251317 6.325 0.0606912 -0.0224978 0.0762261 
qwerty 41 4 0 0.770217 0.661977 0.0520935 7 0.0606912 -0.0224978 0.0762261 
qwerty 41 4 0 0.770217 0.00382204 1.25 6.92433 -0.0494668 0.0864941 -0.00847455 
qwerty 41 4 0 0.770217 -1.42595 3.75 6.67938 -0.0494668 0.0864941 -0.00847455 
qwerty 41 4 0 0.770217 -2.47301 5.58082 6.5 -0.0494668 0.0864941 -0.00847455 
qwerty 40 4 0 34.0485 -0.342698 0.352334 6.325 -0.00290182 -0.0126991 0.0991479 
qwerty 40 4 0 34.0485 -0.362454 0.265879 7 -0.00290182 -0.0126991 0.0991479 
qwerty 40 4 0 34.0485 -0.38221 0.179423 7.675 -0.00290182 -0.0126991 0.0991479 
qwerty 40 4 0 34.0485 -0.401965 0.0929674 8.35 -0.00290182 -0.0126991 0.0991479 
qwerty 40 4 0 34.0485 -0.421721 0.00651176 9.025 -0.00290182 -0.0126991 0.0991479 
qwerty 40 4 0 34.0485 -0.441477 -0.0799439 9.7 -0.00290182 -0.0126991 0.0991479 
qwerty 46 40 0.687969 1.84065 -0.371076 -0.481859 9.59575 0.00796713 -0.0958481 -0.02738 
qwerty 46 40 0.487945 1.3527 -0.47171 -0.774281 9.48206 -0.0148822 -0.0311719 -0.0938447 
qwerty 46 40 0.430055 0.922649 -0.462149 -0.881652 9.26 0.0211956 -0.0679571 -0.0702323 
qwerty 46 40 0.198041 0.724608 -0.444041 -0.939709 9.2 0.00519078 -0.0635065 -0.0770712 
qwerty 39 4 0 124.293 -0.320739 0.491876 6.325 0.000792833 0.0106969 0.0994231 
qwerty 39 4 0 124.293 -0.315356 0.564499 7 0.000792833 0.0106969 0.0994231 
qwerty 48 39 0.690695 2.12397 -0.525112 0.748966 7.52701 -0.0336276 0.0257738 0.0905809 
qwerty 48 39 0.240564 1.88341 -0.580052 0.791075 7.675 -0.0295 0.0453961 0.084077 
qwerty 51 48 0 7.34701 -0.47253 0.573094 7.675 -0.0287969 -0.000606456 0.0957621 
qwerty 51 48 0 7.34701 -0.675511 0.568819 8.35 -0.0287969 -0.000606456 0.0957621 
qwerty 51 48 0 7.34701 -0.878493 0.564545 9.025 -0.0287969 -0.000606456 0.0957621 
qwerty 51 48 0 7.34701 -1.08147 0.56027 9.7 -0.0287969 -0.000606456 0.0957621 
qwerty 51 48 0 7.34701 -1.25 0.556721 10.2604 -0.0287969 -0.000606456 0.0957621 
qwerty 51 48 0 7.34701 -1.28446 0.555995 10.375 -0.0287969 -0.000606456 0.0957621 
qwerty 51 48 0 7.34701 -1.48744 0.551721 11.05 -0.0287969 -0.000606456 0.0957621 
qwerty 51 48 0 7.34701 -1.69042 0.547446 11.725 -0.0287969 -0.000606456 0.0957621 
qwerty 51 48 0 7.34701 -1.8934 0.543171 12.4 -0.0287969 -0.000606456 0.0957621 
qwerty 51 48 0 7.34701 -2.09638 0.538896 13.075 -0.0287969 -0.000606456 0.0957621 
qwerty 51 48 0 7.34701 -2.29936 0.534622 13.75 -0.0287969 -0.000606456 0.0957621 
qwerty 51 48 0 7.34701 -2.50234 0.530347 14.425 -0.0287969 -0.000606456 0.0957621 
qwerty 51 48 0 7.34701 -2.70532 0.526072 15.1 -0.0287969 -0.000606456 0.0957621 
qwerty 51 48 0 7.34701 -2.90831 0.521797 15.775 -0.0287969 -0.000606456 0.0957621 
qwerty 54 51 0.693878 1.53003 -2.80693 0.627531 16.2714 0.0935065 -0.0189707 0.029944 
qwerty 54 51 0.448349 1.08168 -2.53109 0.572933 16.2562 0.0794131 -0.0377442 0.0476333 
qwerty 54 51 0.52561 0.556072 -2.39247 0.465 16.3658 0.0867489 -0.0471154 0.0159618 
qwerty 54 51 0.339993 0.216079 -2.31385 0.395781 16.4443 -0.0106926 -0.0978636 0.0175607 
qwerty 54 51 0.216079 0 -2.31697 0.367277 16.4494 -0.0106926 -0.0978636 0.0175607 
qwerty 50 48 0 0.610895 -0.445257 0.51565 7.675 -0.0238594 -0.0114154 0.0964387 
qwerty 50 48 0 0.608733 -0.562492 0.436855 8.35 -0.0163116 -0.0114238 0.0979971 
qwerty 50 48 0 0.608733 -0.674846 0.358169 9.025 -0.0163116 -0.0114238 0.0979971 
qwerty 50 48 0 0.608733 -0.787199 0.279482 9.7 -0.0163116 -0.0114238 0.0979971 
qwerty 38 4 0 32.0223 -0.329593 0.440309 6.325 -0.000643986 0.00226182 0.0999723 
qwerty 38 4 0 32.0223 -0.333941 0.455581 7 -0.000643986 0.00226182 0.0999723 
qwerty 38 4 0 32.0223 -0.338289 0.470852 7.675 -0.000643986 0.00226182 0.0999723 
qwerty 38 4 0 32.0223 -0.342637 0.486124 8.35 -0.000643986 0.00226182 0.0999723 
qwerty 38 4 0 32.0223 -0.346985 0.501396 9.025 -0.000643986 0.00226182 0.0999723 
qwerty 38 4 0 32.0223 -0.351333 0.516667 9.7 -0.000643986 0.00226182 0.0999723 
qwerty 38 4 0 23.4864 -0.355372 0.530851 10.3269 -0.0108781 0.00553866 0.0992522 
qwerty 38 4 0 23.4864 -0.360639 0.533533 10.375 -0.0108781 0.00553866 0.0992522 
qwerty 38 4 0 23.4864 -0.434619 0.571201 11.05 -0.0108781 0.00553866 0.0992522 
qwerty 38 4 0 23.4864 -0.508599 0.608868 11.725 -0.0108781 0.00553866 0.0992522 
qwerty 38 4 0 23.4864 -0.58258 0.646536 12.4 -0.0108781 0.00553866 0.0992522 
qwerty 38 4 0 23.4864 -0.65656 0.684204 13.075 -0.0108781 0.00553866 0.0992522 
qwerty 38 4 0 23.4864 -0.730541 0.721872 13.75 -0.0108781 0.00553866 0.0992522 
qwerty 38 4 0 23.4864 -0.804521 0.759539 14.425 -0.0108781 0.00553866 0.0992522 
qwerty 38 4 0 23.4864 -0.878501 0.797207 15.1 -0.0108781 0.00553866 0.0992522 
qwerty 60 38 0.825745 14.4708 -0.843427 0.850541 15.775 0.0106746 0.0159265 0.0981448 
qwerty 60 38 1.05632 10.335 -0.513598 1.23331 16.45 0.0282442 0.0458362 0.0842693 
qwerty 60 38 0.754045 5.26413 -0.300245 1.25 16.2688 0.0530349 -0.0554323 -0.0641449 
qwerty 60 38 0.834803 4.42933 -0.0366737 0.974514 15.95 0.0516382 -0.0301426 -0.0801556 
qwerty 59 38 0.0845956 8.45134 -0.342402 0.527668 10.375 0.0267374 -0.0118752 0.0956247 
qwerty 59 38 0.985073 3.36443 0.236934 0.122332 10.7271 0.0869736 -0.0309674 0.0384266 
qwerty 59 38 0.220061 2.75047 0.28317 0.101694 10.7451 0.0839689 -0.0211422 0.0500222 
qwerty 59 38 0.708302 2.04217 0.57967 -0.0112596 11.0297 0.065238 -0.0172385 0.0738027 
qwerty 59 38 0.0438134 1.99835 0.597644 -0.016009 11.05 0.0546718 -0.0181854 0.081733 
qwerty 59 38 0.48252 1.07069 0.869195 0.0922404 11.0288 0.0628966 0.0763791 0.0145002 
qwerty 59 38 0.245441 0.825249 0.961014 0.203742 11.05 0.0402397 0.0900013 -0.016749 
qwerty 59 38 0.0674428 0.757806 0.983949 0.241898 11.0475 0.0251242 0.0965474 -0.00688281 
qwerty 59 38 0.085569 0.672237 0.991501 0.290855 11.0471 0.00568052 0.0464131 0.0883943 
qwerty 59 38 0.0052104 0.667026 0.99169 0.292399 11.05 0.00626037 0.0462283 0.088452 
qwerty 59 38 0.0139499 0.336707 0.979923 0.295091 11.0466 -0.0737473 0.0331157 -0.0588616 
qwerty 59 38 0.0126466 0.324061 0.974492 0.297398 11.0434 -0.0837623 0.0333495 -0.043263 
qwerty 59 38 0.0191847 0.304876 0.969882 0.299695 11.04 -0.0916589 0.0235825 -0.032288 
qwerty 59 38 0.0318987 0.272977 0.963522 0.301593 11.0358 -0.0798971 0.0306007 -0.0517692 
qwerty 59 38 0.0154927 0.257485 0.958663 0.305512 11.0314 -0.0807416 0.043784 -0.0395444 
qwerty 59 38 0.0214889 0.235996 0.95146 0.313332 11.0275 -0.0479285 0.0493203 0.0725973 
qwerty 59 38 0.0294981 0.18999 0.947285 0.318022 11.0363 0.0124835 -0.00365254 0.0991505 
qwerty 59 38 0.0173769 0.172613 0.9467 0.318552 11.043 0.0102745 0.00212495 0.0994481 
qwerty 59 38 0.0294631 0.14315 0.947231 0.318486 11.0498 -0.0325096 -0.00935737 0.094104 
qwerty 59 38 0.000719155 0.14243 0.947146 0.318462 11.05 -0.0215513 -0.0100529 0.0971313 
qwerty 59 38 0.00367178 0.0924303 0.947629 0.31798 11.0496 0.0834695 -0.0395715 -0.0383007 
qwerty 59 38 0.00209384 0.0903365 0.94819 0.317568 11.0493 0.0773247 -0.0425228 -0.0470393 
qwerty 59 38 0.00181111 0.0885254 0.948817 0.317301 11.0491 0.0816538 -0.03763 -0.0437794 
qwerty 59 38 0.00218966 0.0863357 0.949427 0.316989 11.0489 0.0989668 -0.00249838 -0.0141181 
qwerty 59 38 0.00269271 0.083643 0.950074 0.317054 11.0488 0.0998169 0.00349059 -0.00494054 
qwerty 59 38 0.00422778 0.0794152 0.950814 0.317205 11.0489 0.0994542 0.00855003 0.00598048 
qwerty 59 38 0.00154466 0.0778706 0.951451 0.317354 11.0489 0.0975566 -0.00643866 0.021006 
qwerty 59 38 0.00497644 0.0728941 0.952208 0.317257 11.0491 0.0995486 0.00361273 -0.00877614 
qwerty 59 38 0.00250648 0.0703876 0.952916 0.317385 11.0491 0.0970293 -0.0192561 -0.0146463 
qwerty 59 38 0.00349254 0.0668951 0.953601 0.317255 11.0488 0.0986965 -0.00178118 -0.0159945 
qwerty 59 38 0.00369618 0.0631989 0.954364 0.317443 11.0487 0.0997045 -0.00649576 -0.00410176 
qwerty 59 38 0.00641667 0.0567823 0.955197 0.317555 11.0489 0.079459 0.0570458 -0.0207855 
qwerty 59 38 0.00539089 0.0513914 0.955851 0.317763 11.0488 0.0794013 0.0453487 -0.0404837 
qwerty 59 38 0.00307188 0.0483195 0.95636 0.317991 11.0484 0.0611151 0.0748815 -0.0256457 
qwerty 59 38 0.00810041 0.0402191 0.956878 0.318531 11.048 -0.0632967 0.0460276 -0.0622494 
qwerty 59 38 0.00919156 0.0310275 0.956121 0.319464 11.0477 -0.00733316 0.0938484 -0.0337446 
qwerty 59 38 0.0310275 0 0.956046 0.320431 11.0474 -0.00733316 0.0938484 -0.0337446 
qwerty 70 59 0.308091 0.0858028 0.329957 0.0543878 10.7131 0.0302644 -0.0804615 0.0510882 
qwerty 70 59 0.0858028 0 0.331833 0.049401 10.7162 0.0302644 -0.0804615 0.0510882 
qwerty 71 59 0 0.016508 0.93171 0.326279 11.05 -0.0696836 0.0369454 0.0614755 
qwerty 68 60 0 1.79641 0.567405 1.25 16.2593 0.0780368 0.0422128 0.0461339 
qwerty 68 60 0 1.79641 0.890026 1.42452 16.45 0.0780368 0.0422128 0.0461339 
qwerty 68 60 0 1.79641 1.25 1.61924 16.6628 0.0780368 0.0422128 0.0461339 
qwerty 68 60 0 1.79641 2.03181 2.04215 17.125 0.0780368 0.0422128 0.0461339 
qwerty 68 60 0 1.38256 2.48083 2.28504 17.3905 0.0539899 0.0748636 0.0384777 
qwerty 68 60 0 1.38256 3.05549 3.08187 17.8 0.0539899 0.0748636 0.0384777 
qwerty 68 60 0 0.315784 3.42322 3.07204 17.3 0.0440621 -0.020003 -0.0875124 
qwerty 74 68 0.097953 0.315895 2.52883 2.28745 17.4116 0.0457106 0.0310773 0.0833351 
qwerty 74 68 0.315895 0 2.55304 2.30391 17.4558 0.0457106 0.0310773 0.0833351 
qwerty 66 60 0 0.512288 -0.182735 4.28161 17.125 0.00960593 0.0974656 0.0202037 
qwerty 64 60 0 0.17626 -0.864531 0.855205 15.775 0.00543919 0.0113831 0.099201 
qwerty 37 4 0 4.46455 -0.316353 0.426549 5.65 0.00294962 0.00186467 0.0999391 
qwerty 37 4 0 4.46455 -0.296431 0.439143 6.325 0.00294962 0.00186467 0.0999391 
qwerty 37 4 0 4.46455 -0.276509 0.451737 7 0.00294962 0.00186467 0.0999391 
qwerty 37 4 0 4.46455 -0.256586 0.464332 7.675 0.00294962 0.00186467 0.0999391 
qwerty 37 4 0 4.46455 -0.236664 0.476926 8.35 0.00294962 0.00186467 0.0999391 
qwerty 37 4 0 2.70268 -0.0186095 0.395332 9.025 0.0369463 -0.0145635 0.0917762 
qwerty 37 4 0 2.70268 0.253125 0.28822 9.7 0.0369463 -0.0145635 0.0917762 
qwerty 37 4 0 2.70268 0.524859 0.181107 10.375 0.0369463 -0.0145635 0.0917762 
qwerty 37 4 0 2.70268 0.796593 0.0739954 11.05 0.0369463 -0.0145635 0.0917762 
qwerty 37 4 0 2.70268 1.06833 -0.0331167 11.725 0.0369463 -0.0145635 0.0917762 
qwerty 37 4 0 2.70268 1.34006 -0.140229 12.4 0.0369463 -0.0145635 0.0917762 
qwerty 37 4 0 2.70268 1.6118 -0.247341 13.075 0.0369463 -0.0145635 0.0917762 
qwerty 37 4 0 0.523487 0.593326 -0.881325 13.75 -0.0757458 -0.0459245 0.046406 
qwerty 87 84 0 0.47927 1.25 -0.125757 12.7239 -0.0716729 0.0197539 -0.0668788 
qwerty 87 84 0 0.47927 1.09045 -0.0817819 12.575 -0.0716729 0.0197539 -0.0668788 
qwerty 36 4 0 0.734034 -0.756382 0.608422 5.65 -0.0597745 0.0269652 0.0754976 
qwerty 36 4 0 0.734034 -1.25 0.831101 6.27346 -0.0597745 0.0269652 0.0754976 
qwerty 36 4 0 0.734034 -1.29081 0.849509 6.325 -0.0597745 0.0269652 0.0754976 
qwerty 36 4 0 0.734034 -1.82523 1.0906 7 -0.0597745 0.0269652 0.0754976 
qwerty 36 4 0 0.476834 -3.75 0.382848 7.55646 -0.0904932 -0.0353478 0.0236962 
qwerty 36 4 0 0.476834 -4.20271 0.206014 7.675 -0.0904932 -0.0353478 0.0236962 
qwerty 35 4 0 0.282389 -0.332652 0.41093 4.975 0.00544442 0.0037024 0.099783 
qwerty 35 4 0 0.282389 -0.295823 0.435976 5.65 0.00544442 0.0037024 0.099783 
qwerty 32 4 0 0.306368 -0.363839 0.381944 4.3 -0.00103964 0.00548322 0.0998441 
qwerty 32 4 0 0.306368 -0.370868 0.419014 4.975 -0.00103964 0.00548322 0.0998441 
qwerty 31 4 0 0.818731 -0.370131 0.371144 4.3 -0.00212455 0.00335631 0.0999211 
qwerty 31 4 0 0.818731 -0.384483 0.393817 4.975 -0.00212455 0.00335631 0.0999211 
qwerty 31 4 0 0.818731 -0.398835 0.41649 5.65 -0.00212455 0.00335631 0.0999211 
qwerty 31 4 0 0.818731 -0.413187 0.439163 6.325 -0.00212455 0.00335631 0.0999211 
qwerty 31 4 0 0.544446 -0.8012 0.0603168 7 -0.0510706 -0.0509706 0.0692372 
qwerty 31 4 0 0.47921 -1.19026 -0.327979 7.52745 -0.0532611 -0.00285668 0.0845878 
qwerty 31 4 0 0.47921 -1.25 -0.331183 7.62233 -0.0532611 -0.00285668 0.0845878 
qwerty 31 4 0 0.47921 -1.28316 -0.332962 7.675 -0.0532611 -0.00285668 0.0845878 
qwerty 31 4 0 0.47921 -1.70818 -0.355758 8.35 -0.0532611 -0.00285668 0.0845878 
qwerty 31 4 0 0.47921 -2.1332 -0.378554 9.025 -0.0532611 -0.00285668 0.0845878 
qwerty 31 4 0 0.47921 -2.55821 -0.40135 9.7 -0.0532611 -0.00285668 0.0845878 
qwerty 31 4 0 0.47921 -2.98323 -0.424146 10.375 -0.0532611 -0.00285668 0.0845878 
qwerty 100 31 0.0652361 0 -1.19059 -0.331787 7.52704 -0.00856844 -0.0990601 -0.0106616 
qwerty 30 4 0 0.243336 -0.369459 0.371517 4.3 -0.00200963 0.00342824 0.099921 
qwerty 29 4 0 15.1785 -0.359171 0.343384 3.625 -0.00624479 0.00484816 0.099687 
qwerty 29 4 0 15.1785 -0.401455 0.376212 4.3 -0.00624479 0.00484816 0.099687 
qwerty 29 4 0 15.1785 -0.44374 0.40904 4.975 -0.00624479 0.00484816 0.099687 
qwerty 29 4 0 15.1785 -0.486025 0.441868 5.65 -0.00624479 0.00484816 0.099687 
qwerty 29 4 0 15.1785 -0.52831 0.474696 6.325 -0.00624479 0.00484816 0.099687 
qwerty 29 4 0 15.1785 -0.570594 0.507524 7 -0.00624479 0.00484816 0.099687 
qwerty 29 4 0 15.1785 -0.612879 0.540351 7.675 -0.00624479 0.00484816 0.099687 
qwerty 29 4 0 15.1785 -0.655164 0.573179 8.35 -0.00624479 0.00484816 0.099687 
qwerty 29 4 0 15.1785 -0.697448 0.606007 9.025 -0.00624479 0.00484816 0.099687 
qwerty 29 4 0 15.1785 -0.739733 0.638835 9.7 -0.00624479 0.00484816 0.099687 
qwerty 29 4 0 15.1785 -0.782018 0.671663 10.375 -0.00624479 0.00484816 0.099687 
qwerty 103 29 1.03722 6.74316 -0.897995 1.04978 11.05 -0.0100254 0.062567 0.0773619 
qwerty 108 103 0 0.406547 -1.26824 1.25 10.7577 -0.0598841 0.0473794 -0.0645685 
qwerty 108 103 0 0.406547 -1.46088 1.40241 10.55 -0.0598841 0.0473794 -0.0645685 
qwerty 108 103 0 0.331272 -3.10421 4.38245 10.2612 -0.0554034 0.0831952 -0.00300308 
qwerty 108 103 0 0.331272 -3.75 5.35219 10.2262 -0.0554034 0.0831952 -0.00300308 
qwerty 108 103 0 0.331272 -6.25 9.10626 10.0907 -0.0554034 0.0831952 -0.00300308 
qwerty 108 103 0 0.15111 -7.05071 10.3086 10.0473 0.0252384 -0.0856761 -0.0449737 
qwerty 108 103 0 0.15111 -6.95403 9.98044 9.875 0.0252384 -0.0856761 -0.0449737 
qwerty 113 108 0.180163 0 -7.06104 10.3275 10.05 -0.0476322 0.087039 0.0124652 
qwerty 112 108 0.00125158 0 -3.10421 4.38245 10.2612 0.0841934 0.0535476 -0.00664277 
qwerty 106 103 0 1.39453 -0.914526 1.56594 11.725 -0.00100547 0.0605584 0.0795718 
qwerty 106 103 0 1.39453 -0.923056 2.07965 12.4 -0.00100547 0.0605584 0.0795718 
qwerty 106 103 0 1.39453 -0.931585 2.59337 13.075 -0.00100547 0.0605584 0.0795718 
qwerty 106 103 0 1.39453 -0.940114 3.10708 13.75 -0.00100547 0.0605584 0.0795718 
qwerty 106 103 0 1.39453 -0.948644 3.62079 14.425 -0.00100547 0.0605584 0.0795718 
qwerty 106 103 0 1.39453 -0.957173 4.1345 15.1 -0.00100547 0.0605584 0.0795718 
qwerty 106 103 0 1.39453 -0.965702 4.64821 15.775 -0.00100547 0.0605584 0.0795718 
qwerty 106 103 0 1.39453 -0.974232 5.16192 16.45 -0.00100547 0.0605584 0.0795718 
qwerty 106 103 0 1.39453 -0.982761 5.67563 17.125 -0.00100547 0.0605584 0.0795718 
qwerty 106 103 0 1.39453 -0.99129 6.18934 17.8 -0.00100547 0.0605584 0.0795718 
qwerty 106 103 0 1.39453 -0.99982 6.70305 18.475 -0.00100547 0.0605584 0.0795718 
qwerty 106 103 0 1.39453 -1.00835 7.21677 19.15 -0.00100547 0.0605584 0.0795718 
qwerty 106 103 0 1.39453 -1.01688 7.73048 19.825 -0.00100547 0.0605584 0.0795718 
qwerty 106 103 0 1.39453 -1.02541 8.24419 20.5 -0.00100547 0.0605584 0.0795718 
qwerty 106 103 0 1.39453 -1.03394 8.7579 21.175 -0.00100547 0.0605584 0.0795718 
qwerty 106 103 0 1.39453 -1.04247 9.27161 21.85 -0.00100547 0.0605584 0.0795718 
qwerty 106 103 0 1.39453 -1.051 9.78532 22.525 -0.00100547 0.0605584 0.0795718 
qwerty 106 103 0 1.39453 -1.05953 10.299 23.2 -0.00100547 0.0605584 0.0795718 
qwerty 106 103 0 1.39453 -1.06805 10.8127 23.875 -0.00100547 0.0605584 0.0795718 
qwerty 106 103 0 1.39453 -1.07531 11.25 24.4495 -0.00100547 0.0605584 0.0795718 
qwerty 106 103 0 1.39453 -1.07658 11.3265 24.55 -0.00100547 0.0605584 0.0795718 
qwerty 106 103 0 1.39453 -1.08511 11.8402 25.225 -0.00100547 0.0605584 0.0795718 
qwerty 106 103 0 1.39453 -1.09364 12.3539 25.9 -0.00100547 0.0605584 0.0795718 
qwerty 106 103 0 0.522983 -1.99057 12.2506 26.575 -0.0810824 -0.0122543 0.0572318 
qwerty 105 103 0 0.542949 -0.948276 0.954653 11.05 -0.0239317 0.0443603 0.086368 
qwerty 105 103 0 0.542949 -1.13531 1.30135 11.725 -0.0239317 0.0443603 0.086368 
qwerty 105 103 0 0.542949 -1.32235 1.64804 12.4 -0.0239317 0.0443603 0.086368 
qwerty 28 4 0 0.609356 -0.361118 0.336162 3.625 -0.0066376 0.00358144 0.0997152 
qwerty 28 4 0 0.609356 -0.40605 0.360406 4.3 -0.0066376 0.00358144 0.0997152 
qwerty 28 4 0 0.609356 -0.450982 0.38465 4.975 -0.0066376 0.00358144 0.0997152 
qwerty 28 4 0 0.609356 -0.495914 0.408893 5.65 -0.0066376 0.00358144 0.0997152 
qwerty 28 4 0 0.609356 -0.540846 0.433137 6.325 -0.0066376 0.00358144 0.0997152 
qwerty 28 4 0 0.609356 -0.585777 0.457381 7 -0.0066376 0.00358144 0.0997152 
qwerty 28 4 0 0.609356 -0.630709 0.481625 7.675 -0.0066376 0.00358144 0.0997152 
qwerty 28 4 0 0.609356 -0.675641 0.505869 8.35 -0.0066376 0.00358144 0.0997152 
qwerty 26 4 0 7.04548 -0.312491 0.304754 2.95 -0.00835718 0.00821256 0.0993112 
qwerty 26 4 0 7.04548 -0.369293 0.360574 3.625 -0.00835718 0.00821256 0.0993112 
qwerty 26 4 0 7.04548 -0.426095 0.416393 4.3 -0.00835718 0.00821256 0.0993112 
qwerty 26 4 0 7.04548 -0.482897 0.472212 4.975 -0.00835718 0.00821256 0.0993112 
qwerty 26 4 0 7.04548 -0.5397 0.528032 5.65 -0.00835718 0.00821256 0.0993112 
qwerty 26 4 0 7.04548 -0.596502 0.583851 6.325 -0.00835718 0.00821256 0.0993112 
qwerty 26 4 0 7.04548 -0.653304 0.63967 7 -0.00835718 0.00821256 0.0993112 
qwerty 26 4 0 7.04548 -0.710106 0.695489 7.675 -0.00835718 0.00821256 0.0993112 
qwerty 26 4 0 7.04548 -0.766909 0.751309 8.35 -0.00835718 0.00821256 0.0993112 
qwerty 26 4 0 7.04548 -0.823711 0.807128 9.025 -0.00835718 0.00821256 0.0993112 
qwerty 26 4 0 7.04548 -0.880513 0.862947 9.7 -0.00835718 0.00821256 0.0993112 
qwerty 26 4 0 7.04548 -0.937315 0.918767 10.375 -0.00835718 0.00821256 0.0993112 
qwerty 26 4 0 7.04548 -0.994118 0.974586 11.05 -0.00835718 0.00821256 0.0993112 
qwerty 26 4 0 7.04548 -1.05092 1.03041 11.725 -0.00835718 0.00821256 0.0993112 
qwerty 26 4 0 7.04548 -1.10772 1.08622 12.4 -0.00835718 0.00821256 0.0993112 
qwerty 120 26 0 1.98059 -1.10683 1.09151 12.575 0.0588903 -0.0797434 -0.01315 
qwerty 120 26 0.0319659 0.456361 -1.10048 1.08252 12.5871 0.0221582 -0.0331317 0.0917132 
qwerty 120 26 0.0182807 0.438081 -1.09756 1.08039 12.5971 0.0395678 -0.0181272 0.0900322 
qwerty 120 26 0.0193622 0.418718 -1.09468 1.07616 12.6101 0.0303623 -0.0511422 0.0803904 
qwerty 120 26 0.038959 0.379759 -1.08598 1.07048 12.6262 0.0501327 -0.0567508 0.065315 
qwerty 120 26 0.0894211 0.290338 -1.0704 1.04498 12.6408 0.0608814 -0.0676494 0.041437 
qwerty 120 26 0.114442 0.175896 -1.04165 1.02765 12.6425 0.0866828 -0.0460842 0.019035 
qwerty 120 26 0.175896 0 -1.02358 1.01804 12.6465 0.0866828 -0.0460842 0.019035 
qwerty 123 120 0 1.45138 0.354645 0.430418 13.075 0.0870175 -0.0392286 0.0298172 
qwerty 123 120 0 1.45138 2.32454 -0.457636 13.75 0.0870175 -0.0392286 0.0298172 
qwerty 123 120 0 1.45138 3.75 -1.10025 14.2384 0.0870175 -0.0392286 0.0298172 
qwerty 123 120 0 1.45138 4.29444 -1.34569 14.425 0.0870175 -0.0392286 0.0298172 
qwerty 123 120 0 1.45138 6.26433 -2.23374 15.1 0.0870175 -0.0392286 0.0298172 
qwerty 123 120 0 1.45138 8.23423 -3.1218 15.775 0.0870175 -0.0392286 0.0298172 
qwerty 25 4 0 38.4268 -0.318892 0.3176 2.95 -0.00955568 0.0105573 0.098981 
qwerty 25 4 0 38.4268 -0.384057 0.389595 3.625 -0.00955568 0.0105573 0.098981 
qwerty 25 4 0 38.4268 -0.449222 0.46159 4.3 -0.00955568 0.0105573 0.098981 
qwerty 25 4 0 38.4268 -0.514387 0.533586 4.975 -0.00955568 0.0105573 0.098981 
qwerty 25 4 0 38.4268 -0.579552 0.605581 5.65 -0.00955568 0.0105573 0.098981 
qwerty 25 4 0 38.4268 -0.644717 0.677577 6.325 -0.00955568 0.0105573 0.098981 
qwerty 25 4 0 38.4268 -0.709882 0.749572 7 -0.00955568 0.0105573 0.098981 
qwerty 25 4 0 38.4268 -0.775046 0.821568 7.675 -0.00955568 0.0105573 0.098981 
qwerty 25 4 0 38.4268 -0.840211 0.893563 8.35 -0.00955568 0.0105573 0.098981 
qwerty 25 4 0 38.4268 -0.905376 0.965559 9.025 -0.00955568 0.0105573 0.098981 
qwerty 25 4 0 38.4268 -0.970541 1.03755 9.7 -0.00955568 0.0105573 0.098981 
qwerty 25 4 0 38.4268 -1.03571 1.10955 10.375 -0.00955568 0.0105573 0.098981 
qwerty 125 25 0.859562 10.5045 -1.28877 1.25 11.0007 -0.0543743 0.0244276 0.0802915 
qwerty 125 25 0.150117 10.3544 -1.32214 1.26499 11.05 -0.0576963 0.0236775 0.0781697 
qwerty 125 25 0.688481 2.31561 -1.25627 0.905035 11.3832 -0.00167778 0.0671497 0.0740817 
qwerty 125 25 0.566649 1.74897 -1.26075 1.1573 11.6434 -0.070229 0.0695673 0.015109 
qwerty 125 25 0.640115 1.10885 -1.46846 1.3498 11.723 -0.0360908 0.0921459 0.0143733 
qwerty 125 25 0.0186272 1.09022 -1.47348 1.36263 11.725 -0.0447063 0.0878601 0.016791 
qwerty 125 25 0.117748 0.890999 -1.4924 1.37852 11.6441 0.00233222 0.00501029 -0.0998472 
qwerty 125 25 0.111063 0.779937 -1.51294 1.37228 11.564 -0.00293506 -0.0744347 -0.0667147 
qwerty 125 25 0.170572 0.609365 -1.52164 1.31849 11.4973 0.0760945 -0.0608942 -0.0223948 
qwerty 125 25 0.179235 0.430129 -1.43545 1.29891 11.4313 0.00718205 -0.0459005 -0.0885526 
qwerty 125 25 0.316955 0.113174 -1.42945 1.26057 11.3574 -0.0591158 0.00433027 0.0805393 
qwerty 125 25 0.113174 0 -1.43535 1.26101 11.3654 -0.0591158 0.00433027 0.0805393 
qwerty 129 125 0 2.57716 -1.93607 1.50723 11.725 -0.0651792 0.0243115 0.0718375 
qwerty 129 125 0 2.57716 -2.54851 1.73566 12.4 -0.0651792 0.0243115 0.0718375 
qwerty 129 125 0 2.57716 -3.16095 1.9641 13.075 -0.0651792 0.0243115 0.0718375 
qwerty 129 125 0 2.57716 -3.77339 2.19253 13.75 -0.0651792 0.0243115 0.0718375 
qwerty 129 125 0 2.57716 -4.38582 2.42097 14.425 -0.0651792 0.0243115 0.0718375 
qwerty 129 125 0 2.57716 -4.99826 2.64941 15.1 -0.0651792 0.0243115 0.0718375 
qwerty 129 125 0 2.57716 -5.6107 2.87784 15.775 -0.0651792 0.0243115 0.0718375 
qwerty 129 125 0 2.57716 -6.22314 3.10628 16.45 -0.0651792 0.0243115 0.0718375 
qwerty 129 125 0 2.57716 -6.83557 3.33471 17.125 -0.0651792 0.0243115 0.0718375 
qwerty 129 125 0 2.57716 -7.44801 3.56315 17.8 -0.0651792 0.0243115 0.0718375 
qwerty 129 125 0 2.57716 -8.06045 3.79158 18.475 -0.0651792 0.0243115 0.0718375 
qwerty 129 125 0 2.57716 -8.67288 4.02002 19.15 -0.0651792 0.0243115 0.0718375 
qwerty 129 125 0 2.57716 -9.28532 4.24845 19.825 -0.0651792 0.0243115 0.0718375 
qwerty 128 125 0 0.796516 -1.08644 1.25 10.7912 -0.00768844 0.042038 0.0904085 
qwerty 128 125 0 0.796516 -1.10845 1.37036 11.05 -0.00768844 0.042038 0.0904085 
qwerty 128 125 0 0.222329 -0.506194 1.46067 10.55 0.0718907 0.00585741 -0.0692634 
qwerty 127 125 0 0.52325 -1.3119 1.25 10.9908 -0.046151 0.0229663 0.0856892 
qwerty 127 125 0 0.52325 -1.34381 1.26588 11.05 -0.046151 0.0229663 0.0856892 
qwerty 127 125 0 0.321272 -1.68185 1.4341 11.6776 0.0246797 -0.0615593 0.0748423 
qwerty 127 125 0 0.321272 -1.66624 1.39515 11.725 0.0246797 -0.0615593 0.0748423 
qwerty 136 127 0.167527 0.0344508 -1.69328 1.44231 11.703 -0.0286166 0.0872956 0.0395041 
qwerty 136 127 0.0344508 0 -1.69364 1.44339 11.7035 -0.0286166 0.0872956 0.0395041 
qwerty 24 4 0 0.197628 -0.317978 0.311371 2.95 -0.00940563 0.00946037 0.0991062 
qwerty 24 4 0 0.197628 -0.382038 0.375805 3.625 -0.00940563 0.00946037 0.0991062 
qwerty 23 6 0 0.459234 11.6514 -12.0883 9.025 0.0439963 -0.0375627 0.0815682 
qwerty 23 6 0 0.459234 12.0155 -12.3991 9.7 0.0439963 -0.0375627 0.0815682 
qwerty 23 6 0 0.459234 12.3795 -12.7099 10.375 0.0439963 -0.0375627 0.0815682 
qwerty 22 6 0 0.6388 11.3907 -11.7019 8.35 -0.0219678 -0.0158006 0.0962692 
qwerty 22 6 0 0.6388 11.25 -11.8031 8.96639 -0.0219678 -0.0158006 0.0962692 
qwerty 22 6 0 0.6388 11.2366 -11.8127 9.025 -0.0219678 -0.0158006 0.0962692 
qwerty 22 6 0 0.6388 11.0826 -11.9235 9.7 -0.0219678 -0.0158006 0.0962692 
qwerty 21 6 0 0.314259 10.7416 -11.4388 8.35 -0.0802529 0.0171651 0.0571388 
qwerty 21 6 0 0.214404 10.7268 -10.1442 9.025 0.0159361 0.0913585 0.0374121 
qwerty 19 6 0 0.256648 11.7476 -11.7336 7.675 0.044431 -0.073418 0.0513389 
qwerty 18 6 0 0.505144 12.2117 -11.9061 7.675 0.06565 -0.0655031 0.0374087 
qwerty 17 6 0 25.0261 12.4097 -12.1049 7.675 0.0671393 -0.0670477 0.0315741 
qwerty 17 6 0 25.0261 13.845 -13.5382 8.35 0.0671393 -0.0670477 0.0315741 
qwerty 15 5 0 0.510999 -0.561063 -1.25 2.83365 -0.00120986 -0.0996311 -0.00849628 
qwerty 15 5 0 0.510999 -0.591421 -3.75 2.62045 -0.00120986 -0.0996311 -0.00849628 
qwerty 15 5 0 0.510999 -0.615693 -5.7488 2.45 -0.00120986 -0.0996311 -0.00849628 
qwerty 15 5 0 0.348186 -0.340833 -6.25 2.82647 0.0465439 -0.0595832 0.0654485 
qwerty 15 5 0 0.348186 -0.252984 -6.36246 2.95 0.0465439 -0.0595832 0.0654485 
qwerty 15 5 0 0.348186 0.227044 -6.97697 3.625 0.0465439 -0.0595832 0.0654485 
qwerty 13 5 0 1.51971 -0.558274 1.89385 3.625 -0.000731556 0.0862304 0.0506338 
qwerty 13 5 0 1.51971 -0.568026 3.0434 4.3 -0.000731556 0.0862304 0.0506338 
qwerty 13 5 0 1.51971 -0.577779 4.19294 4.975 -0.000731556 0.0862304 0.0506338 
qwerty 13 5 0 1.51971 -0.587531 5.34248 5.65 -0.000731556 0.0862304 0.0506338 
qwerty 13 5 0 1.51971 -0.597284 6.49202 6.325 -0.000731556 0.0862304 0.0506338 
qwerty 13 5 0 1.51971 -0.607036 7.64156 7 -0.000731556 0.0862304 0.0506338 
qwerty 13 5 0 0.977966 -0.609874 7.97607 7.19642 -0.0572583 0.0632588 0.0521518 
qwerty 13 5 0 0.977966 -1.13531 8.55657 7.675 -0.0572583 0.0632588 0.0521518 
qwerty 13 5 0 0.977966 -1.8764 9.37533 8.35 -0.0572583 0.0632588 0.0521518 
qwerty 13 5 0 0.977966 -2.6175 10.1941 9.025 -0.0572583 0.0632588 0.0521518 
qwerty 13 5 0 0.977966 -3.35859 11.0128 9.7 -0.0572583 0.0632588 0.0521518 
qwerty 12 5 0 0.629817 -1.11372 2.21343 3.625 -0.0329954 0.0859177 0.0391082 
qwerty 11 7 0 0.391829 11.3614 -11.0882 7.30982 -0.0520594 -0.0581689 0.0624995 
qwerty 11 7 0 0.391829 11.25 -11.2126 7.4435 -0.0520594 -0.0581689 0.0624995 
qwerty 11 7 0 0.391829 11.0572 -11.4281 7.675 -0.0520594 -0.0581689 0.0624995 
qwerty 9 7 0 0.631927 11.6586 -11.25 6.90452 0.0775213 -0.0537573 -0.0331754 
qwerty 9 7 0 0.631927 12.6039 -11.9055 6.5 0.0775213 -0.0537573 -0.0331754 
qwerty 9 7 0 0.631927 13.75 -12.7003 6.00951 0.0775213 -0.0537573 -0.0331754 
qwerty 9 7 0 0.631927 14.1812 -12.9992 5.825 0.0775213 -0.0537573 -0.0331754 
qwerty 149 17 0.645584 3.1386 14.5216 -13.9944 8.02742 0.0361292 -0.059435 -0.0718482 
qwerty 149 17 0.438225 2.70037 14.6108 -14.1412 7.85 -0.0159444 -0.0682374 -0.0713403 
qwerty 172 149 0.267969 0.0747421 14.5793 -14.0097 8.03279 -0.0385119 0.0384797 0.0838817 
qwerty 172 149 0.0747421 0 14.5775 -14.0078 8.03688 -0.0385119 0.0384797 0.0838817 
qwerty 162 11 0.11917 0 11.371 -11.09 7.31451 0.0887627 -0.0162353 0.0430998 
qwerty 156 13 0.0327741 0.508966 -0.59731 7.98765 7.20294 0.079034 0.050568 0.0345905 
qwerty 156 13 0.0294876 0.479478 -0.584483 7.99859 7.20888 0.0404285 0.0788146 0.046409 
qwerty 156 13 0.0337225 0.445756 -0.571084 8.01151 7.2187 0.0471203 0.0471826 0.0745216 
qwerty 156 13 0.0371295 0.408626 -0.553035 8.02402 7.23193 0.0772061 0.0184521 0.0608173 
qwerty 156 13 0.0826743 0.325952 -0.526769 8.04068 7.25173 0.0604122 0.0553487 0.0573313 
qwerty 156 13 0.0820455 0.243907 -0.496344 8.04461 7.27944 0.0996661 -0.00751065 0.00320147 
qwerty 156 13 0.243907 0 -0.461119 8.04195 7.28058 0.0996661 -0.00751065 0.00320147 
qwerty 148 17 0.825348 2.71449 13.75 -13.739 8.75689 -0.0679353 0.0360012 0.063943 
qwerty 148 17 0.646661 2.06783 13.4733 -13.5937 9.02362 -0.0786182 0.0256814 0.0562107 
qwerty 148 17 0.00415192 2.06368 13.4714 -13.593 9.025 -0.0794896 0.0278444 0.0539082 
qwerty 176 148 0 0.781426 14.7403 -13.9732 9.00283 0.0459924 -0.0371136 0.0806677 
qwerty 176 148 0 0.781426 14.7529 -13.9834 9.025 0.0459924 -0.0371136 0.0806677 
qwerty 176 148 0 0.781426 15.1378 -14.294 9.7 0.0459924 -0.0371136 0.0806677 
qwerty 177 176 0.121433 0 14.7501 -13.9679 9.00128 0.0869701 0.0473888 -0.0138024 
qwerty 173 149 0 0.510999 13.5793 -13.8779 8.35 -0.0845473 0.0272302 0.0459377 
qwerty 173 149 0 0.510999 12.5757 -13.5049 9.025 -0.0780201 0.0299401 0.0549222 
qwerty 173 149 0 0.462077 12.1054 -13.0963 9.7 -0.0419194 0.0477378 0.0772261 
qwerty 171 149 0 1.94649 14.7848 -13.3145 7.85 0.0546643 0.0528881 -0.0649204 
qwerty 171 149 0 1.94649 15.3532 -12.7646 7.175 0.0546643 0.0528881 -0.0649204 
qwerty 171 149 0 1.94649 15.9216 -12.2147 6.5 0.0546643 0.0528881 -0.0649204 
qwerty 171 149 0 1.94649 16.25 -11.8969 6.10994 0.0546643 0.0528881 -0.0649204 
qwerty 171 149 0 1.94649 16.4899 -11.6648 5.825 0.0546643 0.0528881 -0.0649204 
qwerty 171 149 0 1.94649 16.9186 -11.25 5.31587 0.0546643 0.0528881 -0.0649204 
qwerty 171 149 0 1.94649 17.0583 -11.1149 5.15 0.0546643 0.0528881 -0.0649204 
qwerty 171 149 0 1.94649 17.6267 -10.565 4.475 0.0546643 0.0528881 -0.0649204 
qwerty 171 149 0 1.94649 18.195 -10.0151 3.8 0.0546643 0.0528881 -0.0649204 
qwerty 171 149 0 1.94649 18.75 -9.47813 3.14089 0.0546643 0.0528881 -0.0649204 
qwerty 171 149 0 1.94649 18.7634 -9.46518 3.125 0.0546643 0.0528881 -0.0649204 
qwerty 171 149 0 1.94649 19.3317 -8.91529 2.45 0.0546643 0.0528881 -0.0649204 
qwerty 171 149 0 1.94649 19.9001 -8.36539 1.775 0.0546643 0.0528881 -0.0649204 
qwerty 171 149 0 1.94649 20.4685 -7.8155 1.1 0.0546643 0.0528881 -0.0649204 
qwerty 171 149 0 1.94649 21.0368 -7.2656 0.425 0.0546643 0.0528881 -0.0649204 
qwerty 171 149 0 1.94649 21.6052 -6.7157 -0.25 0.0546643 0.0528881 -0.0649204 
qwerty 170 149 0 2.76127 14.5529 -13.75 8.33916 0.0856482 0.026982 -0.0440041 
qwerty 170 149 0 2.76127 15.5049 -13.4501 7.85 0.0856482 0.026982 -0.0440041 
qwerty 170 149 0 2.76127 16.25 -13.2153 7.46721 0.0856482 0.026982 -0.0440041 
qwerty 170 149 0 2.76127 16.8187 -13.0362 7.175 0.0856482 0.026982 -0.0440041 
qwerty 170 149 0 0.994116 22.0847 -9.67731 6.90671 0.0712039 0.0307944 -0.0631008 
qwerty 170 149 0 0.994116 22.5436 -9.47882 6.5 0.0712039 0.0307944 -0.0631008 
qwerty 170 149 0 0.994116 23.3053 -9.14941 5.825 0.0712039 0.0307944 -0.0631008 
qwerty 170 149 0 0.994116 24.067 -8.82 5.15 0.0712039 0.0307944 -0.0631008 
qwerty 170 149 0 0.994116 24.8287 -8.49058 4.475 0.0712039 0.0307944 -0.0631008 
qwerty 170 149 0 0.994116 25.5903 -8.16117 3.8 0.0712039 0.0307944 -0.0631008 
qwerty 170 149 0 0.994116 26.25 -7.87588 3.21541 0.0712039 0.0307944 -0.0631008 
qwerty 170 149 0 0.994116 26.352 -7.83176 3.125 0.0712039 0.0307944 -0.0631008 
qwerty 170 149 0 0.994116 27.1137 -7.50234 2.45 0.0712039 0.0307944 -0.0631008 
qwerty 170 149 0 0.830485 28.0052 -6.56896 1.775 0.0585511 0.0688849 -0.0427392 
qwerty 170 149 0 0.428 28.1767 -6.25 1.57364 -0.0487983 0.0723999 -0.0487543 
qwerty 170 149 0 0.428 27.7027 -5.54664 1.1 -0.0487983 0.0723999 -0.0487543 
qwerty 126 25 1.01862 21.3694 -1.02842 1.21315 11.05 0.00462158 0.0174555 0.0983562 
qwerty 126 25 0.778075 17.8598 -0.951528 1.38418 11.725 0.0189823 0.036173 0.0912753 
qwerty 126 25 0 13.1811 -0.876789 1.3999 11.9 0.0269203 0.0963061 -0.000661361 
qwerty 126 25 0.298464 12.1624 -0.848372 1.61291 11.9496 0.00423568 0.0971076 0.0234985 
qwerty 126 25 2.80138 9.36102 -0.860464 3.11015 12.2625 0.00250424 0.0969257 -0.0244772 
qwerty 126 25 0.93449 8.42653 -0.843932 3.75 12.1009 -0.0104107 0.0956848 -0.0271299 
qwerty 126 25 1.08056 7.34597 -0.921027 4.45858 11.9 0.0242777 0.089508 -0.0374021 
qwerty 122 26 0.525986 2.47585 -1.10108 1.31025 12.734 0.00455296 0.0755052 0.0654082 
qwerty 122 26 0.763845 1.712 -1.06325 1.58727 13.0006 0.0264852 0.0408045 0.08737 
qwerty 122 26 0.119473 1.59253 -1.04068 1.62203 13.075 0.0261337 0.05622 0.0784623 
qwerty 122 26 0.152075 0.942213 -1.11178 1.61656 12.9984 -0.043368 0.0536967 -0.0723594 
qwerty 122 26 0.317862 0.624351 -1.15668 1.70149 12.9407 -0.0856988 0.0498787 0.0129552 
qwerty 122 26 0.255636 0.368715 -1.24581 1.74917 12.958 -0.0690441 -0.0707875 -0.0149014 
qwerty 122 26 0.013526 0.355188 -1.25 1.74487 12.9571 -0.057119 -0.0562805 -0.0597488 
qwerty 122 26 0.0123977 0.342791 -1.25371 1.74003 12.9538 -0.0299014 -0.0751755 -0.0587754 
qwerty 122 26 0.0101569 0.332634 -1.25605 1.73573 12.9493 -0.0134479 -0.0829937 -0.0541406 
qwerty 122 26 0.0110523 0.321582 -1.25537 1.72851 12.9454 0.0224827 -0.0583482 -0.0780385 
qwerty 122 26 0.0136852 0.307896 -1.25223 1.72502 12.9396 0.0368772 -0.0437309 -0.0820225 
qwerty 122 26 0.0109504 0.296946 -1.25 1.72237 12.9346 0.0475824 -0.0236155 -0.0847244 
qwerty 122 26 0.00851155 0.288434 -1.24699 1.72195 12.9302 0.0317818 0.0108171 -0.0941961 
qwerty 122 26 0.0122655 0.276169 -1.24597 1.72273 12.9249 0.00803761 0.0390907 -0.0916914 
qwerty 122 26 0.0103738 0.265795 -1.24461 1.72562 12.9203 0.0100587 0.0607144 -0.0788199 
qwerty 122 26 0.0152526 0.250542 -1.2451 1.72848 12.9153 0.0122007 0.026579 -0.0956279 
qwerty 122 26 0.00813181 0.242411 -1.24495 1.73021 12.9108 -0.00411659 0.00737474 -0.0996427 
qwerty 122 26 0.00806971 0.234341 -1.24492 1.73031 12.9061 -0.000245627 0.015189 -0.0988394 
qwerty 122 26 0.0114672 0.222874 -1.24425 1.7304 12.9014 0.02942 0.01054 -0.0949914 
qwerty 122 26 0.00942728 0.213446 -1.24348 1.73012 12.8968 2.60518e-05 0.00350236 -0.0999386 
qwerty 122 26 0.0356332 0.177813 -1.24244 1.72948 12.8915 0.0514416 0.0258464 -0.0817663 
qwerty 122 26 0.0141317 0.163682 -1.24026 1.73016 12.887 0.0437941 0.000591856 -0.0898984 
qwerty 122 26 0.0154321 0.148249 -1.2387 1.72854 12.882 0.0480777 -0.00735598 -0.0873752 
qwerty 122 26 0.0206052 0.127644 -1.23704 1.72713 12.8768 0.0338306 0.0195399 -0.0920526 
qwerty 122 26 0.0587525 0.0688917 -1.23602 1.72473 12.8686 0.0393777 -0.00974478 -0.0914026 
qwerty 122 26 0.0688917 0 -1.23439 1.72433 12.8648 0.0393777 -0.00974478 -0.0914026 
qwerty 122 26 0 0 -1.23439 1.72433 12.8648 0.0393777 -0.00974478 -0.0914026 
qwerty 104 29 1.11823 3.01067 -1.05405 0.746532 11.05 -0.0266439 0.0432999 0.0861117 
qwerty 104 29 0.735337 1.79716 -0.722082 0.776157 10.7802 0.0560455 0.0234956 0.0794157 
qwerty 104 29 0.596063 1.20109 -0.546345 0.873699 11.0058 0.0328826 0.0113873 0.09375 
qwerty 104 29 0.0805437 1.12055 -0.530843 0.879067 11.05 0.0212819 0.0179435 0.0960475 
qwerty 55 51 0.187648 3.51778 -2.99066 0.51786 16.0432 -0.0202129 -0.00488635 0.0978139 
qwerty 55 51 0.772224 2.74556 -3.07472 0.497539 16.45 -0.0638945 -0.0504337 0.0580856 
qwerty 209 55 0.181979 0.146523 -3.0418 0.520107 16.0439 -0.0624012 -0.0713878 -0.0317785 
qwerty 209 55 0.146523 0 -3.05142 0.509108 16.039 -0.0624012 -0.0713878 -0.0317785 
qwerty 185 170 0.0972768 0.59678 22.1082 -9.63164 6.94002 0.0306147 0.0667599 0.0678664 
qwerty 185 170 0.0537938 0.542986 22.1213 -9.61503 6.96556 0.0375151 0.0517768 0.0768881 
qwerty 185 170 0.0536155 0.48937 22.1365 -9.60574 6.99338 0.0453391 0.06064 0.0653235 
qwerty 185 170 0.0161095 0.473261 22.1411 -9.59959 7 0.0665879 0.0591135 0.0455153 
qwerty 185 170 0.0174797 0.445261 22.1332 -9.59638 6.99118 -0.0598894 0.0133501 -0.0789622 
qwerty 185 170 0.0396234 0.405638 22.1269 -9.59594 6.97998 -0.0567071 -0.0384777 -0.072827 
qwerty 185 170 0.0202594 0.385379 22.1198 -9.60289 6.97231 -0.0823114 -0.0452046 -0.0343713 
qwerty 185 170 0.0270376 0.358341 22.106 -9.60576 6.96671 -0.079429 -0.0539122 -0.0280089 
qwerty 185 170 0.0326708 0.32567 22.0875 -9.61092 6.96293 -0.0895307 -0.0282942 -0.0344049 
qwerty 185 170 0.0409535 0.284717 22.0722 -9.62157 6.95373 -0.0518649 -0.0844884 0.0131053 
qwerty 185 170 0.0566486 0.228068 22.0655 -9.64339 6.96085 -0.038425 -0.0922682 0.00317826 
qwerty 185 170 0.0474943 0.180574 22.0649 -9.66252 6.95668 0.0150753 -0.0986543 -0.00632929 
qwerty 185 170 0.180574 0 22.0682 -9.68399 6.9553 0.0150753 -0.0986543 -0.00632929 
qwerty 214 55 0 0.191271 -3.13592 0.700927 16.8381 0.0836933 -0.0360237 -0.0412034 
qwerty 214 55 0 0.172422 -3.03444 0.657246 16.7881 0.0919147 -0.0210561 0.0332916 
qwerty 214 55 0 0.172422 -2.10429 0.444163 17.125 0.0919147 -0.0210561 0.0332916 
qwerty 216 214 0.018849 0 -3.03444 0.657147 16.7877 0.00114222 -0.0232727 -0.0972475 
qwerty 215 214 0.319728 0 -3.15645 0.726328 16.881 -0.0380455 0.0470869 0.079595 
qwerty 210 55 0 0.267623 -2.02139 1.25 16.2587 -0.031474 0.0101988 -0.0943683 
qwerty 210 55 0 0.267623 -2.12434 1.28336 15.95 -0.031474 0.0101988 -0.0943683 
qwerty 208 61 0 0.510999 -1.04892 -0.0601158 15.775 -0.00170043 -0.08275 0.0561208 
qwerty 208 61 0 0.510999 -1.06938 -1.0554 16.45 -0.00170043 -0.08275 0.0561208 
qwerty 208 61 0 0.510999 -1.08983 -2.05069 17.125 -0.00170043 -0.08275 0.0561208 
qwerty 208 61 0 0.510999 -1.11028 -3.04598 17.8 -0.00170043 -0.08275 0.0561208 
qwerty 208 61 0 0.510999 -1.13073 -4.04126 18.475 -0.00170043 -0.08275 0.0561208 
qwerty 207 61 0 0.510999 -1.022 1.25 14.8865 0.00170043 0.08275 -0.0561208 
qwerty 207 61 0 0.510999 -1.01332 1.67242 14.6 0.00170043 0.08275 -0.0561208 
qwerty 205 104 0 1.28038 -0.640205 1.4843 11.725 -0.0131808 0.066481 0.0735292 
qwerty 205 104 0 1.28038 -0.761204 2.09459 12.4 -0.0131808 0.066481 0.0735292 
qwerty 205 104 0 0.65732 -0.652317 2.09542 13.075 0.0196951 -0.0104028 0.0974879 
qwerty 205 104 0 0.561905 -0.393049 1.6549 13.75 0.0314185 -0.0559164 0.0767218 
qwerty 205 104 0 0.561905 -0.116629 1.16294 14.425 0.0314185 -0.0559164 0.0767218 
qwerty 205 104 0 0.561905 0.159792 0.670989 15.1 0.0314185 -0.0559164 0.0767218 
qwerty 205 104 0 0.561905 0.436212 0.179036 15.775 0.0314185 -0.0559164 0.0767218 
qwerty 205 104 0 0.561905 0.712632 -0.312918 16.45 0.0314185 -0.0559164 0.0767218 
qwerty 205 104 0 0.561905 0.989053 -0.804871 17.125 0.0314185 -0.0559164 0.0767218 
qwerty 205 104 0 0.561905 1.23916 -1.25 17.7358 0.0314185 -0.0559164 0.0767218 
qwerty 205 104 0 0.561905 1.26547 -1.29682 17.8 0.0314185 -0.0559164 0.0767218 
qwerty 204 104 0 0.680677 1.25 0.0554587 11.7122 0.0859401 -0.0403004 0.0314672 
qwerty 204 104 0 0.680677 1.28489 0.0390987 11.725 0.0859401 -0.0403004 0.0314672 
qwerty 204 104 0 0.680677 3.12838 -0.825382 12.4 0.0859401 -0.0403004 0.0314672 
qwerty 203 104 0 0.243402 -1.61681 0.65806 11.05 -0.0840393 -0.00147158 0.0541777 
qwerty 202 122 0 0.510999 -1.15316 1.8248 12.575 0.0256015 0.0316626 -0.0913348 
qwerty 202 122 0 0.510999 -0.963954 2.0588 11.9 0.0256015 0.0316626 -0.0913348 
qwerty 202 122 0 0.510999 -0.774749 2.2928 11.225 0.0256015 0.0316626 -0.0913348 
qwerty 202 122 0 0.510999 -0.585543 2.52679 10.55 0.0256015 0.0316626 -0.0913348 
qwerty 202 122 0 0.510999 -0.347154 2.81939 9.875 0.0318156 0.0390034 -0.086409 
qwerty 202 122 0 0.510999 -0.0986211 3.12407 9.2 0.0318156 0.0390034 -0.086409 
qwerty 202 122 0 0.510999 0.149912 3.42876 8.525 0.0318156 0.0390034 -0.086409 
qwerty 202 122 0 0.342656 1.46384 3.00612 7.85 0.0861801 -0.0301848 -0.0407659 
qwerty 202 122 0 0.293869 1.91088 2.85695 7.62612 0.0444589 0.006853 -0.089311 
qwerty 202 122 0 0.293869 2.13545 2.89156 7.175 0.0444589 0.006853 -0.089311 
qwerty 234 202 0.0487861 0 1.91252 2.85578 7.62725 0.070926 -0.0506001 0.0490829 
qwerty 201 122 0 0.510999 -1.25 1.70503 12.9205 -0.0256015 -0.0316626 0.0913348 
qwerty 201 122 0 0.510999 -1.29331 1.65147 13.075 -0.0256015 -0.0316626 0.0913348 
qwerty 200 122 0 0.0150491 -1.01716 1.73553 13.075 0.015215 0.077105 0.061833 
qwerty 199 126 0 0.510999 -1.08025 4.84743 12.4 -0.0239203 0.0492427 0.0836838 
qwerty 198 126 0 0.510999 -0.744388 4.15601 11.225 0.0239203 -0.0492427 -0.0836838 
qwerty 197 126 0 2.10967 -1.24448 5.22327 11.225 -0.0322396 0.0669972 -0.0668729 
qwerty 197 126 0 2.10967 -1.5699 5.89953 10.55 -0.0322396 0.0669972 -0.0668729 
qwerty 197 126 0 2.10967 -1.89532 6.57578 9.875 -0.0322396 0.0669972 -0.0668729 
qwerty 196 126 0 2.1482 -0.631427 5.4727 11.225 0.0236516 0.0804507 -0.0544819 
qwerty 196 126 0 2.1482 -0.402908 6.25 10.6986 0.0236516 0.0804507 -0.0544819 
qwerty 196 126 0 2.1482 -0.338397 6.46943 10.55 0.0236516 0.0804507 -0.0544819 
qwerty 196 126 0 2.1482 -0.0453662 7.46617 9.875 0.0236516 0.0804507 -0.0544819 
qwerty 196 126 0 2.1482 0.247664 8.46291 9.2 0.0236516 0.0804507 -0.0544819 
qwerty 196 126 0 2.1482 0.540694 9.45965 8.525 0.0236516 0.0804507 -0.0544819 
qwerty 196 126 0 2.1482 0.856449 10.418 7.85 0.0263595 0.0787121 -0.0557636 
qwerty 196 126 0 2.1482 1.17552 11.3708 7.175 0.0263595 0.0787121 -0.0557636 
qwerty 196 126 0 2.1482 1.4946 12.3236 6.5 0.0263595 0.0787121 -0.0557636 
qwerty 196 126 0 2.1482 1.81367 13.2764 5.825 0.0263595 0.0787121 -0.0557636 
qwerty 196 126 0 2.1482 1.97228 13.75 5.48947 0.0263595 0.0787121 -0.0557636 
qwerty 196 126 0 2.1482 2.13274 14.2292 5.15 0.0263595 0.0787121 -0.0557636 
qwerty 196 126 0 0.250557 2.38628 14.9862 4.61365 -0.0644239 -0.0306056 0.0700918 
qwerty 196 126 0 0.250557 2.05414 14.8285 4.975 -0.0644239 -0.0306056 0.0700918 
qwerty 196 126 0 0.250557 1.43373 14.5337 5.65 -0.0644239 -0.0306056 0.0700918 
qwerty 195 126 0 0.0477299 -0.516123 3.31696 12.4 0.0185242 0.0950073 0.0251093 
qwerty 194 126 0 0.0975162 -0.555181 3.75 12.2292 0.0133009 0.0981258 0.0139433 
qwerty 194 126 0 0.0975162 -0.392285 4.95174 12.4 0.0133009 0.0981258 0.0139433 
qwerty 192 126 0 1.22194 -0.664882 1.43418 12.4 0.0405169 0.00534306 0.0912679 
qwerty 192 126 0 1.22194 -0.365227 1.4737 13.075 0.0405169 0.00534306 0.0912679 
qwerty 192 126 0 1.22194 -0.0655711 1.51321 13.75 0.0405169 0.00534306 0.0912679 
qwerty 190 126 0 0.197443 -0.879545 1.37162 11.6853 -0.0541407 -0.0259357 0.0799758 
qwerty 190 126 0 0.197443 -0.906444 1.35874 11.725 -0.0541407 -0.0259357 0.0799758 
qwerty 189 126 0 0.335767 -1.10495 1.25 10.9162 -0.0126206 0.028806 0.0949259 
qwerty 189 126 0 0.335767 -1.12274 1.29061 11.05 -0.0126206 0.028806 0.0949259 
qwerty 49 39 0.339898 110.391 -0.311818 0.598187 7.35993 0.000766304 0.00830651 0.0996515 
qwerty 49 39 0.0145704 109.32 -0.311731 0.599212 7.37238 0.000804432 0.00908391 0.0995833 
qwerty 49 39 0.492308 108.828 -0.309287 0.626816 7.675 0.00110071 0.00899874 0.0995882 
qwerty 49 39 0.844583 105.894 -0.359007 0.734107 8.35 -0.00992977 0.0164842 0.0981309 
qwerty 49 39 0.860835 103.067 -0.488878 0.848313 9.025 -0.0219182 0.0154473 0.0963378 
qwerty 49 39 0.875991 89.8599 -0.589463 0.919691 9.7 -0.0137369 0.00801175 0.0987275 
qwerty 49 39 0.99141 7.24885 -0.449608 0.918142 10.375 6.55062e-05 0.00449746 0.0998988 
qwerty 255 49 0.172204 0.883676 -0.306544 0.544106 7.45834 0.00831536 -0.0362931 0.0928098 
qwerty 255 49 0.198568 0.685108 -0.28835 0.540186 7.56819 0.0268433 -0.0358717 0.0894017 
qwerty 255 49 0.209102 0.476007 -0.241276 0.506044 7.63928 0.0682341 -0.0730541 -0.0026841 
qwerty 255 49 0.158156 0.317851 -0.220582 0.431366 7.62753 -0.0290195 0.00634652 -0.0954861 
qwerty 255 49 0.317851 0 -0.236095 0.434758 7.57648 -0.0290195 0.00634652 -0.0954861 
qwerty 254 49 0.340737 0 -0.267277 0.574315 7.39128 0.074896 -0.040142 0.0527182 
qwerty 249 190 0.0387335 0 -0.878342 1.37243 11.6858 0.0786639 0.0525819 0.0323596 
qwerty 246 193 0.00629446 0.232596 -0.85672 1.50478 11.9002 0.0664568 0.0736316 0.0127227 
qwerty 246 193 0.0076787 0.224917 -0.85493 1.50726 11.9007 0.0713984 0.0630161 0.0305163 
qwerty 246 193 0.00549883 0.219419 -0.852442 1.50895 11.9021 0.0569821 0.0578609 0.0583537 
qwerty 246 193 0.00667215 0.212746 -0.851209 1.51096 11.9037 0.0529559 0.0767351 0.036158 
qwerty 246 193 0.015588 0.197158 -0.850085 1.51353 11.9048 0.0289022 0.074799 0.0597476 
qwerty 246 193 0.00530142 0.191857 -0.84889 1.51566 11.9061 0.0367474 0.0760923 0.0534751 
qwerty 246 193 0.010566 0.181291 -0.848065 1.5183 11.9087 0.0307928 0.0845201 0.0436823 
qwerty 246 193 0.0143963 0.166895 -0.847659 1.52409 11.9103 -0.0124272 0.0860603 0.0493881 
qwerty 246 193 0.0130495 0.153845 -0.84946 1.52835 11.913 -0.037549 0.0635498 0.0674648 
qwerty 246 193 0.0299407 0.123904 -0.85423 1.53205 11.9173 0.00634068 0.0761687 0.0644835 
qwerty 246 193 0.0374977 0.0864068 -0.851881 1.54151 11.919 -0.0442089 0.0871931 -0.0210462 
qwerty 246 193 0.0864068 0 -0.854654 1.54698 11.9177 -0.0442089 0.0871931 -0.0210462 
qwerty 242 196 0.390157 1.50749 2.45973 15.1647 4.475 0.0155315 0.0568275 -0.0808048 
qwerty 264 49 0 0.510999 -0.343669 0.632021 9.875 0.0280628 -0.0463249 -0.0840624 
qwerty 264 49 0 0.510999 -0.118332 0.260044 9.2 0.0280628 -0.0463249 -0.0840624 
qwerty 264 49 0 0.510999 0.107005 -0.111933 8.525 0.0280628 -0.0463249 -0.0840624 
qwerty 264 49 0 0.411606 1.25537 -0.854129 7.85 0.0795979 -0.0475521 -0.0374563 
qwerty 264 49 0 0.411606 2.6898 -1.71107 7.175 0.0795979 -0.0475521 -0.0374563 
qwerty 263 49 0 0.510999 -0.718029 1.25 10.9964 -0.0280628 0.0463249 0.0840624 
qwerty 263 49 0 0.510999 -0.735922 1.27954 11.05 -0.0280628 0.0463249 0.0840624 
qwerty 262 49 0 0.775871 -1.79848 1.25 10.996 -0.0900582 0.0211575 0.0379721 
qwerty 262 49 0 0.775871 -1.92652 1.28008 11.05 -0.0900582 0.0211575 0.0379721 
qwerty 262 49 0 0.775871 -3.52742 1.65618 11.725 -0.0900582 0.0211575 0.0379721 
qwerty 262 49 0 0.775871 -5.12831 2.03228 12.4 -0.0900582 0.0211575 0.0379721 
qwerty 262 49 0 0.552085 -5.57548 2.21889 13.075 -0.0385217 0.0213773 0.0897724 
qwerty 261 49 0 3.37248 -0.717735 1.25 10.6252 -0.0535538 0.073408 0.0417523 
qwerty 261 49 0 3.37248 -1.26264 1.99692 11.05 -0.0535538 0.073408 0.0417523 
qwerty 261 49 0 3.37248 -2.12843 3.18369 11.725 -0.0535538 0.073408 0.0417523 
qwerty 261 49 0 3.37248 -2.54157 3.75 12.0471 -0.0535538 0.073408 0.0417523 
qwerty 261 49 0 3.37248 -2.99422 4.37046 12.4 -0.0535538 0.073408 0.0417523 
qwerty 261 49 0 3.37248 -3.75 5.40643 12.9892 -0.0535538 0.073408 0.0417523 
qwerty 261 49 0 3.37248 -3.86001 5.55723 13.075 -0.0535538 0.073408 0.0417523 
qwerty 261 49 0 3.37248 -4.36541 6.25 13.469 -0.0535538 0.073408 0.0417523 
qwerty 261 49 0 3.37248 -4.72581 6.744 13.75 -0.0535538 0.073408 0.0417523 
qwerty 261 49 0 3.37248 -5.5916 7.93077 14.425 -0.0535538 0.073408 0.0417523 
qwerty 261 49 0 3.37248 -6.18925 8.75 14.891 -0.0535538 0.073408 0.0417523 
qwerty 261 49 0 3.37248 -6.45739 9.11754 15.1 -0.0535538 0.073408 0.0417523 
qwerty 261 49 0 2.17094 -8.75 11.2831 15.4248 -0.0737755 0.0671747 0.00668884 
qwerty 261 49 0 2.17094 -11.25 13.5594 15.6514 -0.0737755 0.0671747 0.00668884 
qwerty 261 49 0 2.17094 -12.613 14.8005 15.775 -0.0737755 0.0671747 0.00668884 
qwerty 261 49 0 2.17094 -16.9506 18.75 16.1683 -0.0737755 0.0671747 0.00668884 
qwerty 261 49 0 2.17094 -19.6963 21.25 16.4172 -0.0737755 0.0671747 0.00668884 
qwerty 261 49 0 2.17094 -20.058 21.5794 16.45 -0.0737755 0.0671747 0.00668884 
qwerty 260 49 0 45.9284 -0.616549 0.938813 10.375 -0.00262106 0.00314249 0.0999162 
qwerty 260 49 0 45.9284 -0.634256 0.960043 11.05 -0.00262106 0.00314249 0.0999162 
qwerty 260 49 0 45.9284 -0.651963 0.981272 11.725 -0.00262106 0.00314249 0.0999162 
qwerty 274 260 0.0145796 26.1953 -0.713105 0.968396 11.9119 -0.0274722 -0.000904352 0.0961481 
qwerty 274 260 0.925909 25.2694 -0.852575 0.963805 12.4 -0.0305864 -0.00697884 0.0949514 
qwerty 274 260 0.723581 15.7274 -1.23851 0.702243 12.8781 -0.0608494 -0.0403589 0.0683264 
qwerty 274 260 0.0292876 15.6981 -1.25 0.694619 12.891 -0.0604433 -0.03726 0.0704153 
qwerty 274 260 0.427129 15.271 -1.4079 0.59728 13.075 -0.0577095 -0.0363864 0.0731139 
qwerty 274 260 1.04429 10.7242 -1.91473 0.260024 13.75 -0.0624081 -0.0286623 0.0726891 
qwerty 274 260 1.11755 4.25599 -2.16719 -0.67084 13.9296 -0.0285992 -0.0954317 -0.00865359 
qwerty 274 260 0.0828599 4.17313 -2.1824 -0.721578 13.925 -0.0147842 -0.0988821 -0.00193675 
qwerty 274 260 1.01139 2.27409 -2.33322 -1.14039 13.977 -0.0405589 -0.0743273 0.0532018 
qwerty 274 260 0.73866 1.53543 -2.51527 -1.31384 14.2672 -0.0838241 -0.0313847 0.0445929 
qwerty 274 260 0.513781 1.02165 -2.7361 -1.36535 14.4089 -0.0963306 -0.00953317 0.0250907 
qwerty 274 260 0.158226 0.863422 -2.79793 -1.37147 14.425 -0.0980214 0.00486392 -0.0191872 
qwerty 274 260 0.0821186 0.781303 -2.85705 -1.37911 14.4174 -0.0774322 0.00302953 0.0632066 
qwerty 274 260 0.0174873 0.763816 -2.86642 -1.37875 14.425 -0.086066 0.00358136 0.0507919 
qwerty 274 260 0.0567539 0.667371 -2.8661 -1.33953 14.4148 0.0202168 0.0936179 -0.0287571 
qwerty 274 260 0.220554 0.446817 -2.86495 -1.31183 14.4006 -0.000936906 0.0952306 -0.0305 
qwerty 274 260 0.0637722 0.383045 -2.87547 -1.27975 14.3947 -0.0275756 0.0957043 0.00895915 
qwerty 274 260 0.0754353 0.30761 -2.87347 -1.24629 14.4063 -0.0464851 0.0862584 0.0199657 
qwerty 274 260 0.0756554 0.231954 -2.87758 -1.21478 14.4173 0.0268473 0.0937391 -0.0221856 
qwerty 274 260 0.135944 0.0960104 -2.87959 -1.18422 14.419 -0.00728096 0.0868632 0.0490079 
qwerty 274 260 0.0960104 0 -2.88014 -1.17768 14.4227 -0.00728096 0.0868632 0.0490079 
qwerty 283 274 0.0153209 0.349202 -1.23691 0.695101 12.8816 0.0464972 -0.0679469 0.0567559 
qwerty 283 274 0.0373719 0.31183 -1.23338 0.6904 12.8871 0.0307888 -0.0617251 0.0724021 
qwerty 283 274 0.0207801 0.29105 -1.23047 0.685618 12.8953 0.0791131 0.00432768 0.0610114 
qwerty 283 274 0.0269576 0.264092 -1.22256 0.685264 12.9033 0.0818203 0.0363197 0.0445681 
qwerty 283 274 0.0503788 0.213713 -1.21134 0.688236 12.9104 0.0817415 0.0564812 0.0113226 
qwerty 283 274 0.0558273 0.157886 -1.2012 0.711282 12.9055 0.0428746 0.0282209 -0.0858216 
qwerty 283 274 0.157886 0 -1.19372 0.716205 12.8906 0.0428746 0.0282209 -0.0858216 
qwerty 286 274 0 0.0571186 -2.65598 -1.64796 14.425 -0.0430336 -0.0676739 0.0597357 
qwerty 284 274 0 0.834657 -2.51817 -0.119738 14.425 -0.0614996 -0.038866 0.0686093 
qwerty 284 274 0 0.689465 -3.04612 -0.453385 15.014 -0.0394788 -0.0790777 0.0467775 
qwerty 284 274 0 0.689465 -3.11872 -0.598802 15.1 -0.0394788 -0.0790777 0.0467775 
qwerty 284 274 0 0.689465 -3.6884 -1.73989 15.775 -0.0394788 -0.0790777 0.0467775 
qwerty 289 284 0.145191 0 -3.05501 -0.445246 15.0232 -0.0585717 0.05364 0.0607627 
qwerty 282 274 0 0.187499 -1.25 0.68008 12.9966 -0.0507236 -0.0443685 0.073882 
qwerty 282 274 0 0.187499 -1.30383 0.632996 13.075 -0.0507236 -0.0443685 0.073882 
qwerty 281 274 0 0.233178 -1.04355 1.0448 13.075 -0.0258502 0.0127624 0.0957543 
qwerty 280 274 0 4.17138 -1.15448 0.972676 13.075 -0.0412311 0.00183194 0.0910859 
qwerty 280 274 0 4.17138 -1.46002 0.986252 13.75 -0.0412311 0.00183194 0.0910859 
qwerty 280 274 0 4.17138 -1.76557 0.999827 14.425 -0.0412311 0.00183194 0.0910859 
qwerty 280 274 0 4.17138 -2.07111 1.0134 15.1 -0.0412311 0.00183194 0.0910859 
qwerty 280 274 0 4.17138 -2.37666 1.02698 15.775 -0.0412311 0.00183194 0.0910859 
qwerty 280 274 0 4.17138 -2.68221 1.04055 16.45 -0.0412311 0.00183194 0.0910859 
qwerty 280 274 0 4.17138 -2.98775 1.05413 17.125 -0.0412311 0.00183194 0.0910859 
qwerty 280 274 0 4.17138 -3.2933 1.06771 17.8 -0.0412311 0.00183194 0.0910859 
qwerty 280 274 0 4.17138 -3.59885 1.08128 18.475 -0.0412311 0.00183194 0.0910859 
qwerty 280 274 0 1.3217 -4.15235 1.25 18.8483 -0.0863451 0.0292222 0.0411167 
qwerty 280 274 0 1.3217 -4.78602 1.46446 19.15 -0.0863451 0.0292222 0.0411167 
qwerty 296 280 0.0423209 0.613922 -5.13797 1.58767 19.3281 -0.0984832 0.0106896 0.0136671 
qwerty 296 280 0.0590876 0.554835 -5.1652 1.5876 19.338 -0.0999829 -0.00183618 0.000218725 
qwerty 296 280 0.0677988 0.487036 -5.19407 1.5806 19.3383 -0.0987549 -0.00873995 -0.0130795 
qwerty 296 280 0.0544991 0.432537 -5.22319 1.58013 19.3426 -0.0674058 0.0736184 0.00606589 
qwerty 296 280 0.0784729 0.354064 -5.23846 1.60489 19.3456 -0.0624466 0.0544354 0.0560108 
qwerty 296 280 0.0499355 0.304128 -5.26282 1.62201 19.3505 -0.0164825 0.09807 -0.0105169 
qwerty 296 280 0.076696 0.227432 -5.27515 1.6494 19.3533 0.00904143 0.0912142 -0.0399777 
qwerty 296 280 0.0836508 0.143782 -5.27954 1.67478 19.3516 0.0378976 0.0511246 -0.0771365 
qwerty 296 280 0.143782 0 -5.27388 1.68242 19.3401 0.0378976 0.0511246 -0.0771365 
qwerty 295 280 0 1.90555 -3.61973 1.08068 18.65 0.0324827 0.0163781 -0.0931485 
qwerty 295 280 0.111643 0.740425 -3.63648 1.12213 18.6666 -0.0478181 0.0739444 -0.0473882 
qwerty 295 280 0.0636864 0.676739 -3.65328 1.14811 18.65 -0.0733266 0.0288024 -0.0615924 
qwerty 298 295 0 0.289328 -3.27143 1.25 18.9165 0.0712351 0.0354588 0.0605659 
qwerty 298 295 0 0.289328 -2.99676 1.38672 19.15 0.0712351 0.0354588 0.0605659 
qwerty 279 274 0 3.49231 -0.866359 0.945403 12.4 -0.0299247 -0.00448966 0.0953119 
qwerty 279 274 0 3.49231 -1.07829 0.913607 13.075 -0.0299247 -0.00448966 0.0953119 
qwerty 279 274 0 3.49231 -1.29021 0.881811 13.75 -0.0299247 -0.00448966 0.0953119 
qwerty 279 274 0 3.49231 -1.50214 0.850015 14.425 -0.0299247 -0.00448966 0.0953119 
qwerty 279 274 0 3.49231 -1.71407 0.81822 15.1 -0.0299247 -0.00448966 0.0953119 
qwerty 279 274 0 3.49231 -1.926 0.786424 15.775 -0.0299247 -0.00448966 0.0953119 
qwerty 279 274 0 3.49231 -2.13792 0.754628 16.45 -0.0299247 -0.00448966 0.0953119 
qwerty 279 274 0 3.49231 -2.34985 0.722832 17.125 -0.0299247 -0.00448966 0.0953119 
qwerty 279 274 0 3.49231 -2.56178 0.691036 17.8 -0.0299247 -0.00448966 0.0953119 
qwerty 278 274 0 0.534058 -0.842709 0.964282 12.4 -0.0257075 -0.000812396 0.0966357 
qwerty 278 274 0 0.534058 -1.02228 0.958608 13.075 -0.0257075 -0.000812396 0.0966357 
qwerty 278 274 0 0.534058 -1.20184 0.952933 13.75 -0.0257075 -0.000812396 0.0966357 
qwerty 278 274 0 0.534058 -1.25 0.951411 13.931 -0.0257075 -0.000812396 0.0966357 
qwerty 278 274 0 0.534058 -1.38141 0.947258 14.425 -0.0257075 -0.000812396 0.0966357 
qwerty 277 274 0 0.362589 -0.804283 0.942989 12.1197 -0.0321904 0.0356108 0.0877248 
qwerty 277 274 0 0.362589 -0.907135 1.05677 12.4 -0.0321904 0.0356108 0.0877248 
qwerty 277 274 0 0.362589 -1.15482 1.33078 13.075 -0.0321904 0.0356108 0.0877248 
qwerty 277 274 0 0.362589 -1.40251 1.60479 13.75 -0.0321904 0.0356108 0.0877248 
qwerty 277 274 0 0.362589 -1.6502 1.87879 14.425 -0.0321904 0.0356108 0.0877248 
qwerty 306 277 0.0305692 0 -0.804484 0.942035 12.1199 -0.0199828 -0.0951613 0.0233455 
qwerty 259 49 0 30.6371 -0.662227 0.942226 10.375 -0.010603 0.00351885 0.099374 
qwerty 259 49 0 30.6371 -0.734248 0.966128 11.05 -0.010603 0.00351885 0.099374 
qwerty 259 49 0 30.6371 -0.80627 0.99003 11.725 -0.010603 0.00351885 0.099374 
qwerty 259 49 0 30.6371 -0.878291 1.01393 12.4 -0.010603 0.00351885 0.099374 
qwerty 259 49 0 30.6371 -0.950313 1.03783 13.075 -0.010603 0.00351885 0.099374 
qwerty 259 49 0 30.6371 -1.02233 1.06174 13.75 -0.010603 0.00351885 0.099374 
qwerty 259 49 0 30.6371 -1.09436 1.08564 14.425 -0.010603 0.00351885 0.099374 
qwerty 259 49 0 30.6371 -1.16638 1.10954 15.1 -0.010603 0.00351885 0.099374 
qwerty 259 49 0 30.6371 -1.2384 1.13344 15.775 -0.010603 0.00351885 0.099374 
qwerty 259 49 0 30.6371 -1.31042 1.15734 16.45 -0.010603 0.00351885 0.099374 
qwerty 259 49 0 30.6371 -1.38244 1.18124 17.125 -0.010603 0.00351885 0.099374 
qwerty 259 49 0 30.6371 -1.45446 1.20515 17.8 -0.010603 0.00351885 0.099374 
qwerty 259 49 0 30.6371 -1.52648 1.22905 18.475 -0.010603 0.00351885 0.099374 
qwerty 259 49 0 30.6371 -1.58961 1.25 19.0667 -0.010603 0.00351885 0.099374 
qwerty 259 49 0 30.6371 -1.59851 1.25295 19.15 -0.010603 0.00351885 0.099374 
qwerty 259 49 0 30.6371 -1.67053 1.27685 19.825 -0.010603 0.00351885 0.099374 
qwerty 259 49 0 30.6371 -1.74255 1.30075 20.5 -0.010603 0.00351885 0.099374 
qwerty 259 49 0 30.6371 -1.81457 1.32466 21.175 -0.010603 0.00351885 0.099374 
qwerty 259 49 0 30.6371 -1.88659 1.34856 21.85 -0.010603 0.00351885 0.099374 
qwerty 259 49 0 30.6371 -1.95861 1.37246 22.525 -0.010603 0.00351885 0.099374 
qwerty 259 49 0 30.6371 -2.03063 1.39636 23.2 -0.010603 0.00351885 0.099374 
qwerty 258 49 0 2.13389 -0.57804 1.1359 10.375 0.00385065 0.0351476 0.0935404 
qwerty 258 49 0 2.13389 -0.565541 1.25 10.6786 0.00385065 0.0351476 0.0935404 
qwerty 258 49 0 2.13389 -0.550254 1.38953 11.05 0.00385065 0.0351476 0.0935404 
qwerty 258 49 0 2.13389 -0.522467 1.64316 11.725 0.00385065 0.0351476 0.0935404 
qwerty 257 49 0 5.64227 -0.602488 0.933975 9.7 -0.0166865 0.0121295 0.097849 
qwerty 257 49 0 5.64227 -0.717598 1.01765 10.375 -0.0166865 0.0121295 0.097849 
qwerty 257 49 0 5.64227 -0.832708 1.10132 11.05 -0.0166865 0.0121295 0.097849 
qwerty 257 49 0 5.64227 -0.947818 1.185 11.725 -0.0166865 0.0121295 0.097849 
qwerty 257 49 0 5.64227 -1.03724 1.25 12.2494 -0.0166865 0.0121295 0.097849 
qwerty 257 49 0 5.64227 -1.06293 1.26867 12.4 -0.0166865 0.0121295 0.097849 
qwerty 257 49 0 5.64227 -1.17804 1.35234 13.075 -0.0166865 0.0121295 0.097849 
qwerty 257 49 0 5.64227 -1.29315 1.43602 13.75 -0.0166865 0.0121295 0.097849 
qwerty 257 49 0 5.64227 -1.40826 1.51969 14.425 -0.0166865 0.0121295 0.097849 
qwerty 257 49 0 5.64227 -1.52337 1.60336 15.1 -0.0166865 0.0121295 0.097849 
qwerty 257 49 0 5.64227 -1.63848 1.68704 15.775 -0.0166865 0.0121295 0.097849 
qwerty 257 49 0 5.64227 -1.75359 1.77071 16.45 -0.0166865 0.0121295 0.097849 
qwerty 256 49 0 4.74423 -0.585299 0.940929 9.7 -0.0135832 0.0132865 0.0981782 
qwerty 256 49 0 4.74423 -0.678687 1.03228 10.375 -0.0135832 0.0132865 0.0981782 
qwerty 252 241 0 0.510999 -2.20418 6.47944 10.375 -0.0492399 -0.0190134 0.0849348 
qwerty 252 241 0 0.510999 -2.5955 6.32834 11.05 -0.0492399 -0.0190134 0.0849348 
qwerty 252 241 0 0.435652 -3.39772 4.99771 11.725 -0.0471143 -0.0799139 0.0373364 
qwerty 310 259 0.921315 6.85847 -2.22945 1.194 23.875 -0.0272264 -0.0244296 0.0930694 
qwerty 275 260 0.468651 7.70128 -0.689326 1.25 12.0541 -0.00531378 0.0700948 0.071123 
qwerty 275 260 0.207157 7.49035 -0.698324 1.34083 12.1612 -0.01555 0.0651493 0.0742547 
qwerty 275 260 0.458248 7.03211 -0.748327 1.55033 12.4 -0.000581218 0.0788144 0.0615464 
qwerty 275 260 0.646728 5.35867 -0.604315 1.87513 12.173 0.0132075 0.0779393 -0.0612457 
qwerty 275 260 0.679976 4.67869 -0.545445 2.22253 11.9 0.0249741 0.0809531 -0.0531308 
qwerty 275 260 0.866335 3.32041 -0.427137 2.32256 12.4 0.0246952 -0.0521788 0.0816549 
qwerty 47 40 0.547909 11.532 -0.514784 -0.211647 10.1139 -0.0279658 -0.0427363 0.085974 
qwerty 47 40 0.483852 11.0482 -0.599727 -0.341454 10.375 -0.0248534 -0.0284199 0.0925993 
qwerty 47 40 0.580515 3.48434 -0.37788 -0.400854 10.6352 0.0864807 0.0125018 0.0486291 
qwerty 47 40 0.796483 2.68785 0.111761 -0.255451 10.7711 0.0998889 0.000694284 0.00466104 
qwerty 47 40 0.706431 1.92277 0.480279 -0.297714 10.7434 0.0841594 0.0403589 0.0358937 
qwerty 47 40 0.140032 1.42327 0.56668 -0.240729 10.7649 0.0462581 0.0729519 0.0503806 
qwerty 47 40 0.516292 0.90698 0.774485 -0.128194 10.9114 0.0789806 0.0442199 0.0425049 
qwerty 47 40 0.360447 0.546532 0.878303 -0.0235493 11.0298 -0.0147843 0.0982529 -0.0113044 
qwerty 47 40 0.408599 0.137934 0.892756 0.0923016 11.0252 0.071835 -0.0623365 -0.0308853 
qwerty 47 40 0.137934 0 0.902599 0.08376 11.0209 0.071835 -0.0623365 -0.0308853 
qwerty 47 40 0 0 0.902599 0.08376 11.0209 0.071835 -0.0623365 -0.0308853 
qwerty 349 47 0.326808 0.03266 0.627847 -0.232231 10.7462 0.0863092 0.029055 0.04131 
qwerty 349 47 0.03266 0 0.628821 -0.231903 10.7467 0.0863092 0.029055 0.04131 
qwerty 336 275 0.322098 0 -0.557071 1.87714 12.1458 0.086589 0.00368412 -0.0498875 
qwerty 359 309 0 0.398202 -2.20106 1.72894 23.7509 -0.0477931 0.086515 -0.0151979 
qwerty 359 309 0 0.183597 -2.56132 2.38109 23.6364 0.0995182 -0.00436018 -0.00878204 
qwerty 359 309 0 0.183597 -1.25 2.32363 23.5206 0.0995182 -0.00436018 -0.00878204 
qwerty 359 309 0 0.183597 0.400462 2.25132 23.375 0.0995182 -0.00436018 -0.00878204 
qwerty 363 359 0.214605 0 -2.58218 2.4008 23.6339 -0.0724107 0.0684282 -0.00861777 
qwerty 362 359 0.228494 0 -2.19803 1.73171 23.7825 0.00952107 0.00868408 0.0991662 
qwerty 358 309 0 0.274593 -2.83389 2.72555 23.875 -0.0461502 0.0822624 0.0332123 
qwerty 356 309 0 2.42495 -2.41641 0.895997 23.875 -0.0418529 -0.0587514 0.0692575 
qwerty 356 309 0 2.42495 -2.82432 0.323392 24.55 -0.0418529 -0.0587514 0.0692575 
qwerty 356 309 0 2.42495 -3.23222 -0.249213 25.225 -0.0418529 -0.0587514 0.0692575 
qwerty 356 309 0 2.42495 -3.64013 -0.821819 25.9 -0.0418529 -0.0587514 0.0692575 
qwerty 356 309 0 2.42495 -3.75 -0.976048 26.0818 -0.0418529 -0.0587514 0.0692575 
qwerty 356 309 0 2.42495 -4.04804 -1.39442 26.575 -0.0418529 -0.0587514 0.0692575 
qwerty 356 309 0 2.42495 -4.45595 -1.96703 27.25 -0.0418529 -0.0587514 0.0692575 
qwerty 356 309 0 0.299473 -3.99004 0.695392 27.925 0.0181131 0.0960979 0.0209072 
qwerty 355 309 0 0.412852 -2.25788 1.28898 23.875 -0.0321475 -0.0171691 0.0931223 
qwerty 355 309 0 0.346652 -2.1636 0.86866 24.55 0.0211366 -0.0581184 0.0785843 
qwerty 355 309 0 0.346652 -1.98204 0.369452 25.225 0.0211366 -0.0581184 0.0785843 
qwerty 354 309 0 6.07417 -2.91532 1.39562 23.875 -0.081964 -0.000669074 0.057284 
qwerty 354 309 0 0 -3.55539 1.39039 24.3223 -0.081964 -0.000669074 0.057284 
qwerty 374 354 0.842312 2.51936 -3.8622 1.25 24.5382 -0.079805 -0.0144545 0.0584999 
qwerty 374 354 0.0291179 2.49024 -3.87832 1.24708 24.55 -0.0766752 -0.0115807 0.0631411 
qwerty 353 309 0 5.69702 -2.84413 1.38992 23.875 -0.0795792 -0.00127499 0.0605436 
qwerty 353 309 0 5.69702 -3.73135 1.37571 24.55 -0.0795792 -0.00127499 0.0605436 
qwerty 353 309 0 5.69702 -4.61858 1.36149 25.225 -0.0795792 -0.00127499 0.0605436 
qwerty 353 309 0 5.69702 -5.50581 1.34728 25.9 -0.0795792 -0.00127499 0.0605436 
qwerty 353 309 0 5.69702 -6.25 1.33536 26.4662 -0.0795792 -0.00127499 0.0605436 
qwerty 353 309 0 5.69702 -6.39303 1.33306 26.575 -0.0795792 -0.00127499 0.0605436 
qwerty 353 309 0 5.69702 -7.28026 1.31885 27.25 -0.0795792 -0.00127499 0.0605436 
qwerty 353 309 0 5.69702 -8.16749 1.30463 27.925 -0.0795792 -0.00127499 0.0605436 
qwerty 353 309 0 5.69702 -9.05472 1.29042 28.6 -0.0795792 -0.00127499 0.0605436 
qwerty 353 309 0 5.69702 -9.94194 1.2762 29.275 -0.0795792 -0.00127499 0.0605436 
qwerty 353 309 0 5.69702 -10.8292 1.26199 29.95 -0.0795792 -0.00127499 0.0605436 
qwerty 353 309 0 5.69702 -11.25 1.25525 30.2702 -0.0795792 -0.00127499 0.0605436 
qwerty 353 309 0 5.69702 -11.7164 1.24777 30.625 -0.0795792 -0.00127499 0.0605436 
qwerty 353 309 0 5.69702 -12.6036 1.23356 31.3 -0.0795792 -0.00127499 0.0605436 
qwerty 353 309 0 5.69702 -13.4909 1.21934 31.975 -0.0795792 -0.00127499 0.0605436 
qwerty 353 309 0 5.05182 -14.6379 1.22282 32.65 -0.0877505 0.000673139 0.0479521 
qwerty 353 309 0 5.05182 -15.8732 1.2323 33.325 -0.0877505 0.000673139 0.0479521 
qwerty 353 309 0 0.765028 -16.25 1.1905 33.1841 -0.0808732 -0.0124785 -0.0574788 
qwerty 353 309 0 0.765028 -16.7552 1.11255 32.825 -0.0808732 -0.0124785 -0.0574788 
qwerty 383 379 0 1.54718 -15.8376 1.48929 34 0.0256106 0.0359311 0.0897388 
qwerty 383 379 0 1.13277 -15.6524 1.74914 34.649 0.0446928 0.0681774 0.0579172 
qwerty 383 379 0 1.13277 -15.6323 1.77978 34.675 0.0446928 0.0681774 0.0579172 
qwerty 384 383 0.0223275 0.392085 -15.6529 1.7454 34.661 -0.0130815 -0.0326756 0.0936012 
qwerty 384 383 0.0134951 0.37859 -15.6552 1.74346 34.6697 -0.000806715 -0.0267785 0.0963445 
qwerty 384 383 0.00887354 0.369716 -15.6552 1.74198 34.675 0.00791561 -0.0101154 0.0991717 
qwerty 382 379 0 1.17586 -16.5516 1.23483 34 -0.0671064 0.000482403 0.0741384 
qwerty 382 379 0 1.17586 -17.1626 1.23922 34.675 -0.0671064 0.000482403 0.0741384 
qwerty 382 379 0 1.17586 -17.7736 1.24361 35.35 -0.0671064 0.000482403 0.0741384 
qwerty 382 379 0 0.276309 -18.2022 1.24669 35.8235 0.090376 -0.0339449 0.0260753 
qwerty 382 379 0 0.276309 -17.504 0.984439 36.025 0.090376 -0.0339449 0.0260753 
qwerty 387 382 0.268231 0.631315 -18.3111 1.24271 35.865 -0.0528805 0.0089286 0.0844034 
qwerty 387 382 0.180717 0.450598 -18.3461 1.28595 35.9469 -0.0526887 0.080527 0.0271901 
qwerty 387 382 0.137563 0.313035 -18.3539 1.33655 35.9899 0.0207668 0.096349 0.0168997 
qwerty 387 382 0.155389 0.157647 -18.3614 1.38392 36.0181 0.028121 0.0534037 0.0797324 
qwerty 387 382 0.0314703 0.126176 -18.3589 1.38857 36.025 0.0248361 0.0925069 0.028734 
qwerty 351 47 0 0.510999 0.918584 0.0836187 11.05 0.0481796 -0.000425905 0.0876273 
qwerty 350 47 0 0.510999 0.643672 0.0860489 10.55 -0.0481796 0.000425905 -0.0876273 
qwerty 350 47 0 0.510999 0.272541 0.0893297 9.875 -0.0481796 0.000425905 -0.0876273 
qwerty 350 47 0 0.510999 -0.0985903 0.0926104 9.2 -0.0481796 0.000425905 -0.0876273 
qwerty 350 47 0 0.510999 -0.469722 0.0958912 8.525 -0.0481796 0.000425905 -0.0876273 
qwerty 350 47 0 0.510999 -0.840853 0.099172 7.85 -0.0481796 0.000425905 -0.0876273 
qwerty 348 47 0 0.0586514 1.08931 0.209798 11.05 0.0716511 0.0597078 0.0360707 
qwerty 347 47 0.00029101 0 -0.0571588 -0.360071 10.8322 0.0847113 0.0107721 0.052038 
qwerty 394 347 0.00690194 0 -0.0571652 -0.360105 10.8323 -0.00917973 -0.0480149 0.0872371 
qwerty 346 47 0 3.36098 -0.421344 -0.515256 11.05 0.0324709 -0.027285 0.0905603 
qwerty 346 47 0 3.36098 -0.179319 -0.718628 11.725 0.0324709 -0.027285 0.0905603 
qwerty 346 47 0 3.36098 0.0627053 -0.921999 12.4 0.0324709 -0.027285 0.0905603 
qwerty 346 47 0 3.36098 0.30473 -1.12537 13.075 0.0324709 -0.027285 0.0905603 
qwerty 346 47 0 3.30613 0.454561 -1.25 13.4483 0.0375478 -0.0310546 0.0873257 
qwerty 346 47 0 3.30613 0.584283 -1.35729 13.75 0.0375478 -0.0310546 0.0873257 
qwerty 346 47 0 3.30613 0.874516 -1.59733 14.425 0.0375478 -0.0310546 0.0873257 
qwerty 346 47 0 3.30613 1.16475 -1.83737 15.1 0.0375478 -0.0310546 0.0873257 
qwerty 346 47 0 3.30613 1.25 -1.90788 15.2983 0.0375478 -0.0310546 0.0873257 
qwerty 346 47 0 3.30613 1.45498 -2.07741 15.775 0.0375478 -0.0310546 0.0873257 
qwerty 346 47 0 3.30613 1.74521 -2.31746 16.45 0.0375478 -0.0310546 0.0873257 
qwerty 346 47 0 3.30613 2.03545 -2.5575 17.125 0.0375478 -0.0310546 0.0873257 
qwerty 346 47 0 3.30613 2.32568 -2.79754 17.8 0.0375478 -0.0310546 0.0873257 
qwerty 346 47 0 3.30613 2.61591 -3.03758 18.475 0.0375478 -0.0310546 0.0873257 
qwerty 346 47 0 3.30613 2.90614 -3.27762 19.15 0.0375478 -0.0310546 0.0873257 
qwerty 346 47 0 3.30613 3.19638 -3.51767 19.825 0.0375478 -0.0310546 0.0873257 
qwerty 346 47 0 3.30613 3.47729 -3.75 20.4783 0.0375478 -0.0310546 0.0873257 
qwerty 346 47 0 3.30613 3.48661 -3.75771 20.5 0.0375478 -0.0310546 0.0873257 
qwerty 346 47 0 3.30613 3.75 -3.97555 21.1126 0.0375478 -0.0310546 0.0873257 
qwerty 346 47 0 3.30613 3.77684 -3.99775 21.175 0.0375478 -0.0310546 0.0873257 
qwerty 346 47 0 3.30613 4.06707 -4.23779 21.85 0.0375478 -0.0310546 0.0873257 
qwerty 346 47 0 3.30613 4.35731 -4.47783 22.525 0.0375478 -0.0310546 0.0873257 
qwerty 346 47 0 3.30613 4.64754 -4.71788 23.2 0.0375478 -0.0310546 0.0873257 
qwerty 346 47 0 3.30613 4.93777 -4.95792 23.875 0.0375478 -0.0310546 0.0873257 
qwerty 346 47 0 3.30613 5.22801 -5.19796 24.55 0.0375478 -0.0310546 0.0873257 
qwerty 345 47 0 1.15952 -0.735993 -0.50192 11.05 -0.0190971 -0.0222359 0.0956079 
qwerty 345 47 0 1.15952 -0.87082 -0.658908 11.725 -0.0190971 -0.0222359 0.0956079 
qwerty 345 47 0 1.06467 -0.927233 -0.724592 12.0074 -0.00598214 0.00217049 0.0997973 
qwerty 345 47 0 1.06467 -0.950765 -0.716054 12.4 -0.00598214 0.00217049 0.0997973 
qwerty 345 47 0 1.06467 -0.991226 -0.701374 13.075 -0.00598214 0.00217049 0.0997973 
qwerty 345 47 0 1.06467 -1.03169 -0.686693 13.75 -0.00598214 0.00217049 0.0997973 
qwerty 345 47 0 1.06467 -1.07215 -0.672013 14.425 -0.00598214 0.00217049 0.0997973 
qwerty 345 47 0 1.06467 -1.11261 -0.657332 15.1 -0.00598214 0.00217049 0.0997973 
qwerty 345 47 0 1.06467 -1.15307 -0.642651 15.775 -0.00598214 0.00217049 0.0997973 
qwerty 345 47 0 1.06467 -1.19353 -0.627971 16.45 -0.00598214 0.00217049 0.0997973 
qwerty 345 47 0 0.708264 -1.06817 -0.465058 16.8799 0.0393981 0.0577194 0.071528 
qwerty 345 47 0 0.353258 -0.951539 -0.294188 17.0916 0.0481899 0.0736223 -0.0475131 
qwerty 345 47 0 0.353258 -0.478274 0.428844 16.625 0.0481899 0.0736223 -0.0475131 
qwerty 345 47 0 0.353258 0.0592185 1.25 16.0951 0.0481899 0.0736223 -0.0475131 
qwerty 345 47 0 0.353258 0.206342 1.47477 15.95 0.0481899 0.0736223 -0.0475131 
qwerty 401 345 0.0310187 0.323987 -0.943652 -0.290062 17.1071 0.0146712 -0.00106363 0.0989122 
qwerty 401 345 0.0279157 0.296071 -0.943379 -0.287838 17.1166 -0.00514341 0.0138533 0.0989021 
qwerty 401 345 0.0133216 0.28275 -0.944072 -0.288378 17.1231 -0.00575987 0.0122747 0.0990765 
qwerty 401 345 0.00536138 0.277388 -0.944182 -0.288142 17.125 -0.017978 0.025585 0.0949853 
qwerty 400 345 0.00735501 0 -1.06816 -0.46512 16.8799 0.0118349 -0.078828 0.0603828 
qwerty 398 345 0.0948499 0 -0.930804 -0.730953 12.0085 -0.0484662 -0.0863167 0.0141579 
qwerty 344 47 0 0.193623 -0.60835 -0.317131 10.375 -0.0315278 -0.0355438 0.0879923 
qwerty 343 47 0 14.4743 -0.467509 -0.187623 10.375 -0.0025342 -0.0157412 0.0987208 
qwerty 343 47 0 14.4743 -0.484837 -0.295253 11.05 -0.0025342 -0.0157412 0.0987208 
qwerty 343 47 0 14.4743 -0.502164 -0.402883 11.725 -0.0025342 -0.0157412 0.0987208 
qwerty 343 47 0 14.4743 -0.519492 -0.510514 12.4 -0.0025342 -0.0157412 0.0987208 
qwerty 404 343 0.883838 2.37442 -0.958145 -0.425401 12.8261 -0.0552615 0.041023 0.0725485 
qwerty 404 343 0.148564 2.12946 -1.03495 -0.373377 12.8922 -0.0563825 0.0491528 0.0663703 
qwerty 404 343 0.535929 1.59353 -1.19023 -0.238005 13.075 -0.0527856 0.0826348 0.0196256 
qwerty 404 343 0 1.50363 -1.19561 -0.234228 13.075 -0.0959575 -0.0263863 0.00979378 
qwerty 404 343 0.41654 0.923801 -1.24278 -0.37727 13.0328 -0.0175324 -0.0823356 -0.0539765 
qwerty 404 343 0.066458 0.857343 -1.25 -0.411194 13.0105 -0.00477089 -0.0990292 -0.0130561 
qwerty 404 343 0.0794031 0.77794 -1.25482 -0.46171 13.0034 -0.00930029 -0.0994977 -0.00370375 
qwerty 404 343 0.158835 0.619104 -1.25393 -0.507043 13.0057 0.042113 -0.0888195 0.0183736 
qwerty 404 343 0.0115369 0.607568 -1.25 -0.515342 13.0074 0.0552106 -0.0830544 0.00733181 
qwerty 404 343 0.043492 0.564075 -1.23025 -0.533414 13.0078 0.0375361 -0.0898334 0.0228254 
qwerty 404 343 0.0796754 0.4844 -1.21555 -0.552984 13.0139 0.0632955 -0.0774146 0.000811868 
qwerty 404 343 0.0336004 0.4508 -1.20277 -0.569952 13.0149 0.0214586 -0.090734 -0.0361507 
qwerty 404 343 0.0546234 0.396176 -1.1893 -0.590426 13.0058 0.0498739 -0.0849072 -0.0174173 
qwerty 404 343 0.0705154 0.325661 -1.17919 -0.623975 13.0083 -0.0961711 -0.0188124 -0.0199304 
qwerty 404 343 0.11394 0.211721 -1.21008 -0.641757 13.0145 -0.0905247 -0.0194254 0.037788 
qwerty 404 343 0.114841 0.0968801 -1.22981 -0.645461 13.0145 -0.0693417 -0.0577629 -0.0430717 
qwerty 404 343 0.0968801 0 -1.23511 -0.649875 13.0112 -0.0693417 -0.0577629 -0.0430717 
qwerty 406 404 0 0.0964006 -1.09515 -0.234753 13.075 -0.0253814 0.0584474 0.0770694 
qwerty 339 275 0 0.510999 -0.376617 3.16627 11.9 0.00570609 0.0831886 -0.0552005 
qwerty 337 275 0 1.31192 -0.632663 2.67334 13.075 -0.0262083 0.0463926 0.0846218 
qwerty 416 337 0.00744865 0.269975 -0.866856 2.42372 13.2519 -0.0695998 0.0617978 0.0365635 
qwerty 416 337 0.00783325 0.262142 -0.870198 2.42579 13.2532 -0.0796759 0.0604143 -0.00136665 
qwerty 416 337 0.0113578 0.250784 -0.87373 2.42946 13.2534 -0.0756991 0.0650428 -0.00625104 
qwerty 416 337 0.0105312 0.240253 -0.878159 2.43191 13.2528 -0.0731649 0.0626207 -0.0269358 
qwerty 416 337 0.0093739 0.230879 -0.881044 2.43435 13.2522 -0.0568462 0.081912 0.00767746 
qwerty 416 337 0.00957672 0.221302 -0.883149 2.43769 13.2527 -0.0482513 0.080216 -0.0351739 
qwerty 416 337 0.0114637 0.209839 -0.884603 2.44153 13.2517 -0.0200989 0.0907647 -0.0368485 
qwerty 416 337 0.00691367 0.202925 -0.885439 2.44503 13.25 0.00214362 0.0807164 -0.0589938 
qwerty 416 337 3.68366e-05 0.202888 -0.885438 2.44507 13.25 -0.00105152 0.0798946 -0.0601311 
qwerty 416 337 0.00119796 0.0928243 -0.886704 2.44429 13.2504 -0.0725179 0.0252462 0.0640608 
qwerty 416 337 0.00264081 0.0901835 -0.887241 2.44439 13.2509 -0.0700732 0.0245926 0.0669698 
qwerty 416 337 0.00252816 0.0876553 -0.887608 2.44461 13.2514 -0.0726464 0.0329798 0.0602896 
qwerty 416 337 0.0038044 0.0838509 -0.888121 2.44496 13.252 -0.0521573 0.0429403 0.0737275 
qwerty 416 337 0.00514057 0.0787104 -0.888428 2.44551 13.253 -0.0242718 0.0758774 0.0604441 
qwerty 416 337 0.00672923 0.0719811 -0.889358 2.44695 13.2537 -0.0164344 0.0820502 0.054751 
qwerty 416 337 0.0140918 0.0578893 -0.889847 2.44919 13.2543 -0.015367 0.0673572 0.072297 
qwerty 416 337 0.0182652 0.0396242 -0.891646 2.45054 13.2557 -0.0570696 0.0760123 0.0310676 
qwerty 416 337 0.0396242 0 -0.892555 2.45176 13.2562 -0.0570696 0.0760123 0.0310676 
qwerty 335 275 0.00029101 0 -0.700412 1.34913 12.1714 -0.0157256 0.0624854 0.076474 
qwerty 417 335 0.00348103 0 -0.70043 1.34914 12.1714 -0.0838741 0.034219 -0.042358 
qwerty 334 310 0 0.510999 -1.25 0.747971 23.4703 0.0850752 -0.037788 -0.0365276 
qwerty 334 310 0 0.510999 -1.028 0.649365 23.375 0.0850752 -0.037788 -0.0365276 
qwerty 334 310 0 0.510999 0.500671 -0.0497583 22.7 0.0843009 -0.0386998 -0.0373588 
qwerty 334 310 0 0.510999 1.25 -0.393751 22.3679 0.0843009 -0.0386998 -0.0373588 
qwerty 334 310 0 0.510999 2.02382 -0.748987 22.025 0.0843009 -0.0386998 -0.0373588 
qwerty 334 310 0 0.510999 3.11519 -1.25 21.5413 0.0843009 -0.0386998 -0.0373588 
qwerty 334 310 0 0.510999 3.54697 -1.44822 21.35 0.0843009 -0.0386998 -0.0373588 
qwerty 334 310 0 0.150386 3.63789 -1.80193 20.675 -0.017933 -0.0512023 -0.0840044 
qwerty 332 310 0 0.471379 -2.1219 0.764115 24.55 0.0176049 -0.0588517 0.0789085 
qwerty 332 310 0 0.471379 -1.9713 0.260685 25.225 0.0176049 -0.0588517 0.0789085 
qwerty 332 310 0 0.471379 -1.82071 -0.242745 25.9 0.0176049 -0.0588517 0.0789085 
qwerty 328 313 0 0.510999 2.76557 1.25 12.3055 0.09812 -0.012953 0.0143067 
qwerty 328 313 0 0.510999 3.41364 1.16445 12.4 0.09812 -0.012953 0.0143067 
qwerty 327 313 0 0.510999 -1.25 1.7801 11.72 -0.09812 0.012953 -0.0143067 
qwerty 327 313 0 0.510999 -3.75 2.11013 11.3555 -0.09812 0.012953 -0.0143067 
qwerty 327 313 0 0.510999 -4.64488 2.22827 11.225 -0.09812 0.012953 -0.0143067 
qwerty 326 315 0 0.510999 -1.89031 3.75 16.2153 -0.00768961 0.0986109 -0.0147224 
qwerty 326 315 0 0.178661 -1.91534 4.07095 16.1674 0.0177882 -0.0766212 0.0617476 
qwerty 326 315 0 0.178661 -1.84083 3.75 16.4261 0.0177882 -0.0766212 0.0617476 
qwerty 326 315 0 0.178661 -1.83394 3.72031 16.45 0.0177882 -0.0766212 0.0617476 
qwerty 431 326 0.332338 0 -1.9214 4.12562 16.1516 -0.010594 0.0955136 -0.0276573 
qwerty 324 315 0 0.509842 -1.25917 2.19765 15.95 0.0559693 0.0499938 -0.0660913 
qwerty 405 343 0.270569 8.44235 -0.499851 -0.542498 12.7596 0.0125977 -0.0087843 0.0988136 
qwerty 405 343 0.0529859 7.87878 -0.498063 -0.543494 12.7719 0.0145686 0.00227586 0.0989069 
qwerty 405 343 0.434135 7.44464 -0.453415 -0.536519 13.075 0.00349818 -0.0275815 0.0960574 
qwerty 405 343 0.93147 3.02425 -0.383447 -0.641722 12.575 0.023751 -0.00461189 -0.097029 
qwerty 405 343 0.507222 1.34802 -0.488908 -0.859358 12.8265 -0.0606104 -0.0498714 0.0619615 
qwerty 405 343 0.41275 0.935273 -0.702276 -0.987003 12.9056 -0.0918501 0.0259849 0.0298051 
qwerty 405 343 0.392448 0.542824 -0.878665 -1.02447 13.0087 -0.0734888 0.00736095 0.0674182 
qwerty 405 343 0.234899 0.307925 -0.950965 -1.01723 13.075 -0.0924756 0.0224213 -0.0307498 
qwerty 405 343 0.0131767 0.294749 -0.956145 -1.01643 13.0728 -0.0660852 0.0200991 -0.0723102 
qwerty 405 343 0.00963361 0.285115 -0.958718 -1.01544 13.0686 -0.0684655 0.00524941 -0.0726975 
qwerty 405 343 0.0843047 0.20081 -0.962448 -1.01416 13.0651 -0.0986306 0.00599964 -0.0153627 
qwerty 405 343 0.0471119 0.153698 -0.967474 -1.01298 13.0644 -0.0833275 0.0413471 0.0367007 
qwerty 405 343 0.0171876 0.136511 -0.972848 -1.01156 13.0671 -0.037761 0.0628885 0.0679643 
qwerty 405 343 0.0145867 0.121924 -0.974414 -1.00847 13.0717 -0.0393586 0.058517 0.070899 
qwerty 405 343 0.019093 0.102831 -0.975623 -1.00578 13.0744 0.0676959 0.0136523 0.0723248 
qwerty 405 343 0.0022456 0.100585 -0.975016 -1.00565 13.075 0.0784689 0.0319022 0.0531496 
qwerty 405 343 0.00588534 0.0928413 -0.974313 -1.00516 13.0746 0.0752298 0.053701 -0.0381664 
qwerty 405 343 0.00298007 0.0898612 -0.973767 -1.00482 13.0742 0.0868534 0.0311627 -0.0385406 
qwerty 405 343 0.0030205 0.0868407 -0.973202 -1.00458 13.0738 0.0762199 0.0372972 -0.0529098 
qwerty 405 343 0.00285707 0.0839836 -0.972592 -1.0042 13.0734 0.0754398 0.0397233 -0.0522579 
qwerty 405 343 0.00668076 0.0773029 -0.971988 -1.00363 13.073 0.0840374 0.0186984 -0.0508731 
qwerty 405 343 0.00822667 0.0690762 -0.971064 -1.00312 13.0723 0.083572 -0.000248765 -0.0549151 
qwerty 405 343 0.00643832 0.0626379 -0.969576 -1.00282 13.0719 0.0949013 -0.0313785 0.00302367 
qwerty 405 343 0.00689913 0.0557387 -0.968184 -1.00354 13.0721 0.0843555 0.0247968 0.0476369 
qwerty 405 343 0.0104348 0.045304 -0.966937 -1.00386 13.0732 0.0757912 0.0357092 0.0545945 
qwerty 405 343 0.00889348 0.0364105 -0.966086 -1.00397 13.0739 0.0493661 -0.00150181 0.0869525 
qwerty 405 343 0.00484252 0.031568 -0.965648 -1.00418 13.0743 0.0743107 -0.0275895 0.0609651 
qwerty 405 343 0.0233635 0.00820446 -0.965048 -1.00413 13.0747 0.0678919 -0.0503529 0.0534348 
qwerty 405 343 0.00820446 0 -0.964986 -1.00418 13.0747 0.0678919 -0.0503529 0.0534348 
qwerty 405 343 0 0 -0.964986 -1.00418 13.0747 0.0678919 -0.0503529 0.0534348 
qwerty 438 405 0.446971 0.0636129 -0.456734 -0.586184 12.8599 -0.00996879 -0.0226596 0.0968874 
qwerty 438 405 0.0636129 0 -0.4571 -0.587017 12.8635 -0.00996879 -0.0226596 0.0968874 
qwerty 437 405 0.283966 0 -0.460908 -0.527326 12.776 0.0867445 0.0337945 0.0365147 
qwerty 442 405 0 0.510999 -1.20776 -0.796746 12.575 -0.0409384 0.0349782 -0.0842649 
qwerty 442 405 0 0.390242 -1.69089 -1.07699 11.9 -0.0550227 -0.0415127 -0.0724513 
qwerty 441 405 0 0.510999 -0.964847 -1.00429 13.075 0.0409384 -0.0349782 0.0842649 
qwerty 441 405 0 0.510999 -0.677274 -1.25 13.6669 0.0409384 -0.0349782 0.0842649 
qwerty 441 405 0 0.510999 -0.636911 -1.28449 13.75 0.0409384 -0.0349782 0.0842649 
qwerty 441 405 0 0.510999 -0.308975 -1.56468 14.425 0.0409384 -0.0349782 0.0842649 
qwerty 441 405 0 0.510999 0.0189602 -1.84487 15.1 0.0409384 -0.0349782 0.0842649 
qwerty 440 405 0 0.138763 -0.277519 -0.625436 12.3371 -0.0153369 -0.082786 0.053956 
qwerty 440 405 0 0.138763 -0.295388 -0.721891 12.4 -0.0153369 -0.082786 0.053956 
qwerty 375 354 0.574121 1.11638 -3.70458 1.56749 24.5046 -0.0922798 0.0382568 -0.00456745 
qwerty 375 354 0.415864 0.700518 -3.90688 1.63316 24.5467 -0.0793626 0.0421193 0.0439037 
qwerty 375 354 0.00987473 0.690644 -3.91278 1.63629 24.55 -0.079142 0.0371449 0.048547 
qwerty 375 354 0.0214909 0.45968 -3.93104 1.65513 24.5499 -0.0326118 0.0883149 -0.0337186 
qwerty 375 354 0.0229156 0.436765 -3.93533 1.66954 24.5474 -0.0651075 0.075101 0.0109934 
qwerty 375 354 0.0243307 0.412434 -3.94486 1.6807 24.55 -0.00907281 0.0951869 0.029277 
qwerty 375 354 1.99742e-05 0.412414 -3.94487 1.68078 24.55 -0.00878212 0.0947485 0.0307506 
qwerty 375 354 0.0113571 0.341811 -3.94059 1.68128 24.543 0.00776632 -0.00302381 -0.0996521 
qwerty 375 354 0.0134112 0.328399 -3.94014 1.6805 24.5349 -0.00128131 -0.017182 -0.0985045 
qwerty 375 354 0.0122878 0.316112 -3.94062 1.68083 24.5267 -0.016242 0.00203947 -0.0986511 
qwerty 375 354 0.0240409 0.292071 -3.93961 1.67909 24.5126 -0.0261674 0.00611087 -0.096322 
qwerty 375 354 0.0525127 0.239558 -3.94371 1.68002 24.4914 -0.0166467 0.00863446 -0.0982259 
qwerty 375 354 0.239558 0 -3.93658 1.6657 24.4619 -0.0168128 -0.0468208 -0.0867476 
qwerty 375 354 0 0 -3.93658 1.6657 24.4619 -0.0168128 -0.0468208 -0.0867476 
qwerty 447 440 0.101382 0 -0.273104 -0.622268 12.3309 0.0534342 0.0383486 -0.0753271 
qwerty 453 375 0 0.510999 -3.37122 2.01799 24.55 0.0841377 0.0524291 0.013116 
qwerty 453 375 0 0.510999 -1.25 3.3398 24.8807 0.0841377 0.0524291 0.013116 
qwerty 453 375 0 0.510999 0.958842 4.71621 25.225 0.0841377 0.0524291 0.013116 
qwerty 453 375 0 0.253497 1.46099 4.58308 25.9 0.0166365 -0.0508461 0.0844861 
qwerty 452 375 0 0.510999 -4.60369 1.25 24.3579 -0.0841377 -0.0524291 -0.013116 
qwerty 452 375 0 0.510999 -6.57868 0.0193165 24.05 -0.0841377 -0.0524291 -0.013116 
qwerty 452 375 0 0.27395 -6.95187 -0.637547 23.375 0.0256183 -0.045464 -0.0853037 
qwerty 452 375 0 0.259282 -7.02212 -1.1207 22.7 -0.0173412 -0.0600435 -0.0780645 
qwerty 451 397 0 0.502787 5.41266 -4.85825 24.05 0.0231007 0.051033 -0.0828372 
qwerty 451 397 0 0.502787 5.6009 -4.4424 23.375 0.0231007 0.051033 -0.0828372 
qwerty 451 397 0 0.502787 5.78913 -4.02656 22.7 0.0231007 0.051033 -0.0828372 
qwerty 451 397 0 0.502787 5.97737 -3.61072 22.025 0.0231007 0.051033 -0.0828372 
qwerty 451 397 0 0.502787 6.1656 -3.19488 21.35 0.0231007 0.051033 -0.0828372 
qwerty 451 397 0 0.502787 6.25 -3.00843 21.0474 0.0231007 0.051033 -0.0828372 
qwerty 451 397 0 0.502787 6.35384 -2.77903 20.675 0.0231007 0.051033 -0.0828372 
qwerty 451 397 0 0.502787 6.54208 -2.36319 20 0.0231007 0.051033 -0.0828372 
qwerty 451 397 0 0.502787 6.73031 -1.94735 19.325 0.0231007 0.051033 -0.0828372 
qwerty 451 397 0 0.502787 6.91855 -1.5315 18.65 0.0231007 0.051033 -0.0828372 
qwerty 451 397 0 0.502787 7.10678 -1.11566 17.975 0.0231007 0.051033 -0.0828372 
qwerty 451 397 0 0.502787 7.29502 -0.699818 17.3 0.0231007 0.051033 -0.0828372 
qwerty 450 397 0 0.510999 5.17533 -5.48198 25.225 -0.0110906 -0.0401925 0.0908931 
qwerty 450 397 0 0.365377 5.10846 -5.72433 25.7731 -0.0803691 -0.0480318 0.0351249 
qwerty 450 397 0 0.365377 4.81798 -5.89793 25.9 -0.0803691 -0.0480318 0.0351249 
qwerty 461 450 0.145622 0 5.11722 -5.72543 25.7855 0.0574702 -0.00724779 0.0815147 
