qwerty 89 1 0 5.87022e+29 0 0 0.25 0 0 0.1 
qwerty 89 1 0 5.87022e+29 0 0 0.925 0 0 0.1 
qwerty 89 1 0 5.87022e+29 0 0 1.6 0 0 0.1 
qwerty 89 1 0 5.87022e+29 0 0 2.275 0 0 0.1 
qwerty 89 1 0 5.87022e+29 0 0 2.95 0 0 0.1 
qwerty 89 1 0 5.87022e+29 0 0 3.625 0 0 0.1 
qwerty 89 1 0 5.87022e+29 0 0 4.3 0 0 0.1 
qwerty 89 1 0 5.87022e+29 0 0 4.975 0 0 0.1 
qwerty 89 1 0 5.87022e+29 0 0 5.65 0 0 0.1 
qwerty 89 1 0 5.87022e+29 0 0 6.325 0 0 0.1 
qwerty 89 1 0 5.87022e+29 0 0 7 0 0 0.1 
qwerty 89 1 0 5.87022e+29 0 0 7.675 0 0 0.1 
qwerty 89 1 0 5.87022e+29 0 0 8.35 0 0 0.1 
qwerty 89 1 0 5.87022e+29 0 0 9.025 0 0 0.1 
qwerty 89 1 0 5.87022e+29 0 0 9.7 0 0 0.1 
qwerty 89 1 0 5.87022e+29 0 0 10.375 0 0 0.1 
qwerty 89 1 0 5.87022e+29 0 0 11.05 0 0 0.1 
qwerty 89 1 0 5.87022e+29 0 0 11.725 0 0 0.1 
qwerty 89 1 0 5.87022e+29 0 0 12.4 0 0 0.1 
qwerty 89 1 0 5.87022e+29 0 0 13.075 0 0 0.1 
qwerty 89 1 0 5.87022e+29 0 0 13.75 0 0 0.1 
qwerty 89 1 0 5.87022e+29 0 0 14.425 0 0 0.1 
qwerty 89 1 0 5.87022e+29 0 0 15.1 0 0 0.1 
qwerty 89 1 0 5.87022e+29 0 0 15.775 0 0 0.1 
qwerty 89 1 0 5.87022e+29 0 0 16.45 0 0 0.1 
qwerty 89 1 0 5.87022e+29 0 0 17.125 0 0 0.1 
qwerty 89 1 0 5.87022e+29 0 0 17.8 0 0 0.1 
qwerty 89 1 0 5.87022e+29 0 0 18.475 0 0 0.1 
qwerty 89 1 0 5.87022e+29 0 0 19.15 0 0 0.1 
qwerty 89 1 0 5.87022e+29 0 0 19.825 0 0 0.1 
qwerty 89 1 0 5.87022e+29 0 0 20.5 0 0 0.1 
qwerty 89 1 0 5.87022e+29 0 0 21.175 0 0 0.1 
qwerty 89 1 0 5.87022e+29 0 0 21.85 0 0 0.1 
qwerty 89 1 0 5.87022e+29 0 0 22.525 0 0 0.1 
qwerty 89 1 0 5.87022e+29 0 0 23.2 0 0 0.1 
qwerty 89 1 0 5.87022e+29 0 0 23.875 0 0 0.1 
qwerty 89 1 0 5.87022e+29 0 0 24.55 0 0 0.1 
qwerty 89 1 0 5.87022e+29 0 0 25.225 0 0 0.1 
qwerty 89 1 0 5.87022e+29 0 0 25.9 0 0 0.1 
qwerty 89 1 0 5.87022e+29 0 0 26.575 0 0 0.1 
qwerty 89 1 0 5.87022e+29 0 0 27.25 0 0 0.1 
qwerty 89 1 0 5.87022e+29 0 0 27.925 0 0 0.1 
qwerty 89 1 0 5.87022e+29 0 0 28.6 0 0 0.1 
qwerty 89 1 0 5.87022e+29 0 0 29.275 0 0 0.1 
qwerty 89 1 0 5.87022e+29 0 0 29.95 0 0 0.1 
qwerty 89 1 0 5.87022e+29 0 0 30.625 0 0 0.1 
qwerty 89 1 0 5.87022e+29 0 0 31.3 0 0 0.1 
qwerty 89 1 0 5.87022e+29 0 0 31.975 0 0 0.1 
qwerty 89 1 0 5.87022e+29 0 0 32.65 0 0 0.1 
qwerty 89 1 0 5.87022e+29 0 0 33.325 0 0 0.1 
qwerty 89 1 0 5.87022e+29 0 0 34 0 0 0.1 
qwerty 89 1 0 5.87022e+29 0 0 34.675 0 0 0.1 
qwerty 89 1 0 5.87022e+29 0 0 35.35 0 0 0.1 
qwerty 89 1 0 5.87022e+29 0 0 36.025 0 0 0.1 
qwerty 89 1 0 5.87022e+29 0 0 36.7 0 0 0.1 
qwerty 89 1 0 5.87022e+29 0 0 37.375 0 0 0.1 
qwerty 89 1 0 5.87022e+29 0 0 38.05 0 0 0.1 
qwerty 89 1 0 5.87022e+29 0 0 38.725 0 0 0.1 
qwerty 89 1 0 5.87022e+29 0 0 39.4 0 0 0.1 
qwerty 89 1 0 5.87022e+29 0 0 40.075 0 0 0.1 
qwerty 89 1 0 200 0 0 -0.249993 0 0 0.1 
qwerty 89 3 0 202.207 0.12191 0.121158 0.25 0.0230579 0.0229159 0.0945685 
qwerty 89 3 0 202.207 0.28649 0.284724 0.925 0.0230579 0.0229159 0.0945685 
qwerty 89 2 0 132.77 -0.20209 -0.200844 0.25 -0.035117 -0.0349006 0.0868835 
qwerty 89 2 0 132.77 -0.474915 -0.471988 0.925 -0.035117 -0.0349006 0.0868835 
qwerty 89 2 0 132.77 -0.74774 -0.743132 1.6 -0.035117 -0.0349006 0.0868835 
qwerty 89 2 0 132.77 -1.02056 -1.01428 2.275 -0.035117 -0.0349006 0.0868835 
qwerty 89 2 0 132.77 -1.25775 -1.25 2.86182 -0.035117 -0.0349006 0.0868835 
qwerty 89 2 0 132.77 -1.29339 -1.28542 2.95 -0.035117 -0.0349006 0.0868835 
qwerty 89 7 0.893529 7.22403 -1.60125 -1.74432 3.57448 -0.0403 -0.0362014 0.0840557 
qwerty 89 7 0.0697975 7.15423 -1.62547 -1.76607 3.625 -0.0383279 -0.0422511 0.0821329 
qwerty 89 5 0 4.91626 0.333596 0.328778 1.1 -0.0494131 -0.0252897 -0.0831792 
qwerty 89 11 0.0589953 0.333631 -1.60072 -1.77453 3.57029 -0.0324625 -0.0893885 0.0309174 
qwerty 89 11 0.0528527 0.280778 -1.6119 -1.79466 3.59078 0.00553506 -0.0976058 0.0210349 
qwerty 89 11 0.0423291 0.238449 -1.60188 -1.81439 3.59165 0.0218831 -0.0888979 -0.040228 
qwerty 89 11 0.0584309 0.180018 -1.60772 -1.83296 3.58475 -0.0280897 -0.0508331 -0.0814062 
qwerty 89 11 0.0950655 0.0849529 -1.60748 -1.85137 3.57535 -0.0578756 -0.0777155 0.0247126 
qwerty 89 11 0.0849529 0 -1.61101 -1.8561 3.57686 -0.0578756 -0.0777155 0.0247126 
qwerty 89 6 1.07893 90.9103 -1.59056 -1.5358 3.625 -0.0389857 -0.0318664 0.0863982 
qwerty 89 6 1.04076 87.037 -1.84168 -1.77897 4.3 -0.0281523 -0.0320213 0.0904549 
qwerty 89 6 0.540113 60.5946 -1.92954 -1.97729 4.78023 -0.0109881 -0.0435543 0.0893436 
qwerty 89 6 0.318797 60.2758 -1.9535 -2.07224 4.975 -0.0129255 -0.0435875 0.0890677 
qwerty 89 6 0.893512 54.2204 -2.0815 -2.37498 5.65 -0.0164243 -0.0383129 0.0908975 
qwerty 89 6 0.949173 50.3535 -2.25438 -2.53645 6.325 -0.0251038 -0.017916 0.0951253 
qwerty 89 6 0.14842 32.8334 -2.42834 -2.66083 6.56434 -0.0580422 -0.0564305 0.0587086 
qwerty 89 6 1.07849 31.7512 -2.85473 -3.05533 6.96736 -0.0570404 -0.0569124 0.059223 
qwerty 89 6 0.0957634 31.6555 -2.88616 -3.0867 7 -0.0568184 -0.0569639 0.0593867 
qwerty 89 6 0.861535 19.4579 -3.02521 -3.3085 7.675 -0.00522126 -0.00498519 0.0997391 
qwerty 89 6 0.938992 8.27347 -2.73459 -3.28338 8.35 0.0536847 -0.00525157 0.0842043 
qwerty 89 26 0.310328 0 -1.92097 -1.94921 4.82257 0.0166397 0.0544935 0.0821802 
qwerty 89 4 0.837383 54.1725 0.419555 0.433531 1.6 0.0209529 0.0190015 0.0959162 
qwerty 89 4 1.0708 49.9397 0.143167 0.53239 1.1 -0.0447335 0.0107291 -0.0887907 
qwerty 89 4 0.906687 42.5981 -0.188806 0.717812 0.425 -0.0432031 0.0244762 -0.086801 
qwerty 89 4 0.811315 1.55122 -0.646893 1.05795 0.121805 -0.064655 -0.061475 -0.0451725 
qwerty 89 4 0.642867 0.908357 -0.750082 0.898114 -0.102949 0.0350312 -0.0897133 -0.0269136 
qwerty 89 4 0.473809 0.434548 -0.712677 0.703136 -0.0624647 0.0482048 -0.0815414 0.0320514 
qwerty 89 4 0.314447 0.120101 -0.671864 0.634099 -0.0353283 0.0774249 -0.0501542 0.0385997 
qwerty 89 4 0.120101 0 -0.663325 0.628568 -0.0310714 0.0774249 -0.0501542 0.0385997 
qwerty 89 57 0.376492 1.02483 -0.343166 1.00201 0.0220534 0.0587825 -0.0288092 -0.0755953 
qwerty 89 57 0.390005 0.634825 -0.194275 1.01193 -0.123591 0.0960987 0.0273374 0.00420807 
qwerty 89 57 0.314583 0.320242 -0.0883189 1.11169 -0.110203 0.0592841 0.0787041 0.0170606 
qwerty 89 57 0.320242 0 -0.0562589 1.15426 -0.100977 0.0592841 0.0787041 0.0170606 
qwerty 89 58 0.234189 0.545131 -0.425246 0.941517 -0.0393555 -0.0352448 -0.0729899 -0.0585686 
qwerty 89 58 0.228864 0.316266 -0.482564 0.86225 -0.0599826 -0.0982876 -0.0180404 0.00375359 
qwerty 89 58 0.316266 0 -0.534704 0.85268 -0.0579913 -0.0982876 -0.0180404 0.00375359 
qwerty 89 56 0 1.01268 -0.528556 1.25 -0.247341 -0.0397763 0.0196158 -0.0896274 
qwerty 89 56 0 1.01268 -0.529736 1.25058 -0.25 -0.0397763 0.0196158 -0.0896274 
qwerty 89 55 0 1.17314 -0.726244 0.98873 -0.25 -0.0625023 -0.0201616 -0.075412 
qwerty 89 53 0 0.213366 -0.323804 1.25 0.185283 -0.00635329 0.0972683 -0.0223272 
qwerty 89 53 0 0.213366 -0.447665 3.14631 -0.25 -0.00635329 0.0972683 -0.0223272 
qwerty 89 52 0 1.90122 -0.607429 1.25 -0.118648 -0.0496778 0.0634473 -0.0592162 
qwerty 89 52 0 1.90122 -0.717623 1.39074 -0.25 -0.0496778 0.0634473 -0.0592162 
qwerty 89 51 0 17.4176 -0.413718 0.993609 -0.25 -0.029188 0.0363611 -0.0884643 
qwerty 89 50 0 7.13391 -0.490024 0.928424 -0.25 -0.0391893 0.0274115 -0.0878226 
qwerty 89 49 0 3.1187 -0.209681 0.616495 0.425 -0.0461135 0.0108045 -0.0880727 
qwerty 89 49 0 1.35249 -0.433034 0.668827 -0.00158412 -0.0592473 -0.0486672 -0.0641971 
qwerty 89 49 0 1.35249 -0.662297 0.480505 -0.25 -0.0592473 -0.0486672 -0.0641971 
qwerty 89 60 0.509015 1.25719 -0.517251 0.800433 -0.25 -0.0993746 -0.00971083 -0.00551303 
qwerty 89 48 0 1.94949 0.188975 0.541499 1.1 -0.040027 0.0162811 -0.0901818 
qwerty 89 48 0 1.94949 -0.110623 0.663361 0.425 -0.040027 0.0162811 -0.0901818 
qwerty 89 48 0 0.340402 -1.06367 -0.0325256 0.925 -0.0689826 -0.0548818 0.0472164 
qwerty 89 46 0 116.596 0.43135 0.458894 1.6 0.0196289 0.0246073 0.0949167 
qwerty 89 46 0 116.596 0.570941 0.633889 2.275 0.0196289 0.0246073 0.0949167 
qwerty 89 46 0 116.596 0.710532 0.808883 2.95 0.0196289 0.0246073 0.0949167 
qwerty 89 46 0 116.596 0.850123 0.983878 3.625 0.0196289 0.0246073 0.0949167 
qwerty 89 46 0 116.596 0.989713 1.15887 4.3 0.0196289 0.0246073 0.0949167 
qwerty 89 46 0 116.596 1.1293 1.33387 4.975 0.0196289 0.0246073 0.0949167 
qwerty 89 46 0 116.596 1.2689 1.50886 5.65 0.0196289 0.0246073 0.0949167 
qwerty 89 46 0 116.596 1.40849 1.68386 6.325 0.0196289 0.0246073 0.0949167 
qwerty 89 46 0 116.596 1.54808 1.85885 7 0.0196289 0.0246073 0.0949167 
qwerty 89 46 0 116.596 1.68767 2.03384 7.675 0.0196289 0.0246073 0.0949167 
qwerty 89 46 0 116.596 1.82726 2.20884 8.35 0.0196289 0.0246073 0.0949167 
qwerty 89 46 0 116.596 1.96685 2.38383 9.025 0.0196289 0.0246073 0.0949167 
qwerty 89 46 0 116.596 2.10644 2.55883 9.7 0.0196289 0.0246073 0.0949167 
qwerty 89 46 0 116.596 2.24603 2.73382 10.375 0.0196289 0.0246073 0.0949167 
qwerty 89 46 0 116.596 2.38562 2.90882 11.05 0.0196289 0.0246073 0.0949167 
qwerty 89 46 0 116.596 2.52521 3.08381 11.725 0.0196289 0.0246073 0.0949167 
qwerty 89 64 1.2944 31.6003 2.63656 3.37343 12.4 0.0153494 0.038444 0.09103 
qwerty 89 64 0 10.0876 2.62219 3.56484 12.575 -0.0610299 0.078741 -0.00867184 
qwerty 89 64 1.28851 5.23846 1.75278 3.96015 12.6992 -0.0755567 0.0497026 0.0426713 
qwerty 89 64 1.18766 4.0508 1.25 4.29089 12.9832 -0.066575 0.0390487 0.0635843 
qwerty 89 64 0.145586 3.26639 1.20405 4.31113 13.025 -0.0639743 0.0426792 0.0639201 
qwerty 89 64 0.126867 3.13952 1.15397 4.34454 13.075 -0.0620013 0.0512876 0.0593753 
qwerty 89 72 0.0607957 0.578029 1.17777 4.30558 13.0291 -0.0942726 0.0171628 0.0286026 
qwerty 89 72 0.0534024 0.524626 1.15127 4.30337 13.0422 -0.0982402 0.0160582 0.00953968 
qwerty 89 72 0.0630102 0.461616 1.1248 4.3143 13.043 0.0130919 0.0582765 0.0802026 
qwerty 89 72 0.0462215 0.415395 1.12349 4.33135 13.0599 0.0231196 0.0792891 0.0563802 
qwerty 89 72 0.0782282 0.337166 1.13027 4.35079 13.0726 0.0779831 0.0213644 0.0588404 
qwerty 89 72 0.00787537 0.329291 1.13343 4.35165 13.075 0.0892726 0.0270367 0.0360474 
qwerty 89 72 0 0.282768 1.13401 4.3525 13.075 0.0101607 0.0734471 0.067099 
qwerty 89 72 0.00504888 0.158307 1.13677 4.35536 13.0735 0.0643059 0.00469351 -0.0764377 
qwerty 89 72 0.00398336 0.154324 1.13794 4.35512 13.0719 -0.0466586 0.00726783 -0.0881485 
qwerty 89 72 0.00276393 0.15156 1.13709 4.35538 13.0708 -0.0676361 0.00130569 -0.0736455 
qwerty 89 72 0.00746659 0.144093 1.13525 4.35532 13.0691 -0.0391287 0.0149121 -0.0908107 
qwerty 89 72 0.0127765 0.131317 1.1342 4.35599 13.0661 -0.0259757 -0.0418832 -0.0870119 
qwerty 89 72 0.0177717 0.113545 1.13393 4.35231 13.0625 0.0613882 -0.0276261 -0.0739479 
qwerty 89 72 0.0910438 0.0225011 1.13798 4.35154 13.0589 0.0311608 -0.0511246 -0.0800954 
qwerty 89 72 0.0225011 0 1.13816 4.35125 13.0585 0.0311608 -0.0511246 -0.0800954 
qwerty 89 71 0 2.22356 1.25 3.59359 12.9537 -0.0960339 -0.00125467 0.0278553 
qwerty 89 71 0 2.22356 0.831784 3.58812 13.075 -0.0960339 -0.00125467 0.0278553 
qwerty 89 71 0 2.22356 -1.49535 3.55772 13.75 -0.0960339 -0.00125467 0.0278553 
qwerty 89 71 0 2.22356 -3.75 3.52826 14.404 -0.0960339 -0.00125467 0.0278553 
qwerty 89 71 0 2.22356 -3.82248 3.52732 14.425 -0.0960339 -0.00125467 0.0278553 
qwerty 89 71 0 2.22356 -6.14961 3.49691 15.1 -0.0960339 -0.00125467 0.0278553 
qwerty 89 71 0 2.22356 -8.47674 3.46651 15.775 -0.0960339 -0.00125467 0.0278553 
qwerty 89 71 0 2.22356 -10.8039 3.43611 16.45 -0.0960339 -0.00125467 0.0278553 
qwerty 89 71 0 0.833795 -12.3382 5.14009 17.125 -0.0574044 0.0772825 0.0270582 
qwerty 89 71 0 0.833795 -13.1627 6.25 17.5136 -0.0574044 0.0772825 0.0270582 
qwerty 89 71 0 0.833795 -13.7703 7.068 17.8 -0.0574044 0.0772825 0.0270582 
qwerty 89 70 0 1.21322 2.40003 4.06748 13.075 -0.0298526 0.0676942 0.0672779 
qwerty 89 70 0 1.21322 2.10052 4.74666 13.75 -0.0298526 0.0676942 0.0672779 
qwerty 89 70 0 1.21322 1.80101 5.42583 14.425 -0.0298526 0.0676942 0.0672779 
qwerty 89 70 0 1.21322 1.5015 6.10501 15.1 -0.0298526 0.0676942 0.0672779 
qwerty 89 70 0 1.21322 1.25 6.67531 15.6668 -0.0298526 0.0676942 0.0672779 
qwerty 89 70 0 1.21322 1.20198 6.78419 15.775 -0.0298526 0.0676942 0.0672779 
qwerty 89 70 0 1.21322 0.902474 7.46336 16.45 -0.0298526 0.0676942 0.0672779 
qwerty 89 70 0 1.21322 0.602963 8.14254 17.125 -0.0298526 0.0676942 0.0672779 
qwerty 89 70 0 1.21322 0.335078 8.75 17.7287 -0.0298526 0.0676942 0.0672779 
qwerty 89 70 0 1.21322 0.303452 8.82172 17.8 -0.0298526 0.0676942 0.0672779 
qwerty 89 70 0 1.21322 0.00394127 9.50089 18.475 -0.0298526 0.0676942 0.0672779 
qwerty 89 68 0 12.3212 2.77699 4.06665 13.075 0.0142031 0.0727739 0.0670987 
qwerty 89 68 0 12.3212 2.91987 4.79874 13.75 0.0142031 0.0727739 0.0670987 
qwerty 89 68 0 12.3212 3.06275 5.53083 14.425 0.0142031 0.0727739 0.0670987 
qwerty 89 68 0 12.3212 3.20311 6.25 15.0881 0.0142031 0.0727739 0.0670987 
qwerty 89 68 0 12.3212 3.20563 6.26292 15.1 0.0142031 0.0727739 0.0670987 
qwerty 89 68 0 12.3212 3.34851 6.99501 15.775 0.0142031 0.0727739 0.0670987 
qwerty 89 68 0 12.3212 3.49139 7.7271 16.45 0.0142031 0.0727739 0.0670987 
qwerty 89 68 0 12.3212 3.63427 8.4592 17.125 0.0142031 0.0727739 0.0670987 
qwerty 89 68 0 12.3212 3.69103 8.75 17.3931 0.0142031 0.0727739 0.0670987 
qwerty 89 68 0 12.3212 3.77715 9.19129 17.8 0.0142031 0.0727739 0.0670987 
qwerty 89 79 0.3381 8.41042 3.79769 9.51376 18.1006 0.0029363 0.0777607 0.0628064 
qwerty 89 79 0.256391 6.82561 3.79821 9.65787 18.2092 0.00429496 0.0699818 0.0713029 
qwerty 89 79 0.626691 6.19892 3.81423 9.91875 18.475 -0.00344247 0.0593693 0.0803955 
qwerty 89 82 0.293431 1.03498 3.86161 9.79968 18.2216 0.0434428 0.0872728 -0.0222749 
qwerty 89 82 0.716563 0.318421 3.9845 9.92264 18.2231 0.0822278 0.0566604 -0.00530944 
qwerty 89 82 0.318421 0 4.02858 9.95301 18.2203 0.0822278 0.0566604 -0.00530944 
qwerty 89 83 0 1.3648 3.55681 10.582 19.1136 0.0152672 0.064142 0.0751846 
qwerty 89 83 0 1.3648 3.5642 10.6131 19.15 0.0152672 0.064142 0.0751846 
qwerty 89 83 0 1.3648 3.70127 11.1889 19.825 0.0152672 0.064142 0.0751846 
qwerty 89 83 0 1.3648 3.83833 11.7648 20.5 0.0152672 0.064142 0.0751846 
qwerty 89 83 0 1.3648 3.9754 12.3406 21.175 0.0152672 0.064142 0.0751846 
qwerty 89 83 0 1.3648 4.11247 12.9165 21.85 0.0152672 0.064142 0.0751846 
qwerty 89 86 0.0419173 0.401025 3.54283 10.5944 19.1198 -0.0804103 0.0571452 0.0163892 
qwerty 89 86 0.0169698 0.384055 3.53226 10.6012 19.1246 -0.0735388 0.0649899 0.0191924 
qwerty 89 86 0.0311995 0.352855 3.52134 10.6111 19.1264 -0.0738374 0.0230711 0.06337 
qwerty 89 86 0.0208314 0.332024 3.51091 10.6157 19.1343 -0.0863784 -0.00722957 0.0498649 
qwerty 89 86 0.0211896 0.310834 3.50309 10.6136 19.1419 -0.0920972 -0.0112396 0.0373066 
qwerty 89 86 0.0361093 0.274725 3.49283 10.6105 19.1492 -0.0724375 -0.00286326 0.0688812 
qwerty 89 86 0.00215092 0.272574 3.492 10.6104 19.15 -0.0684372 -0.00436439 0.0727826 
qwerty 89 86 0.00749815 0.242383 3.49364 10.6124 19.1489 0.0673493 0.0726381 -0.013703 
qwerty 89 86 0.00906087 0.233323 3.49638 10.6148 19.1482 0.0600075 0.0770544 -0.0214878 
qwerty 89 86 0.00614046 0.227182 3.49862 10.617 19.1473 0.065715 0.0752431 -0.00447417 
qwerty 89 86 0.00709718 0.220085 3.50079 10.6198 19.1479 0.0674058 0.0736975 -0.00501313 
qwerty 89 86 0.0521037 0.167981 3.50308 10.6224 19.147 0.0757981 0.0580564 -0.0297338 
qwerty 89 86 0.00736314 0.160618 3.50495 10.6243 19.1463 0.0754415 0.0656397 -9.94305e-05 
qwerty 89 86 0.0150052 0.145613 3.5072 10.6269 19.1469 0.0788902 0.0614119 -0.00221799 
qwerty 89 86 0.0124326 0.13318 3.51056 10.6281 19.1469 0.0911359 0.036991 -0.0180532 
qwerty 89 86 0.0134237 0.119757 3.51387 10.6289 19.1461 0.0889658 0.016819 -0.0424524 
qwerty 89 86 0.0124257 0.107331 3.51701 10.6304 19.1454 0.0925913 0.0317324 -0.0204915 
qwerty 89 86 0.013303 0.0940279 3.52034 10.632 19.1461 0.0919138 -0.0191772 0.0344106 
qwerty 89 86 0.0106163 0.0834117 3.52268 10.6321 19.148 0.0825129 -0.0459564 0.0328579 
qwerty 89 86 0.0220755 0.0613361 3.52511 10.6299 19.1495 0.030865 -0.0950727 0.0029197 
qwerty 89 86 0.0207253 0.0406108 3.52575 10.627 19.1494 -0.0701292 0.0191538 -0.068666 
qwerty 89 86 0.0406108 0 3.52459 10.6273 19.1483 -0.0701292 0.0191538 -0.068666 
qwerty 89 81 0 0.0335923 3.83499 9.96987 18.475 0.00630933 0.0771433 0.0633174 
qwerty 89 67 0 3.78808 2.75721 3.73336 13.075 0.0151681 0.0467135 0.0871079 
qwerty 89 67 0 3.78808 2.87475 4.09534 13.75 0.0151681 0.0467135 0.0871079 
qwerty 89 67 0 3.78808 2.99229 4.45733 14.425 0.0151681 0.0467135 0.0871079 
qwerty 89 67 0 3.78808 3.10983 4.81931 15.1 0.0151681 0.0467135 0.0871079 
qwerty 89 67 0 3.78808 3.22737 5.18129 15.775 0.0151681 0.0467135 0.0871079 
qwerty 89 67 0 3.78808 3.3449 5.54327 16.45 0.0151681 0.0467135 0.0871079 
qwerty 89 67 0 3.78808 3.46244 5.90526 17.125 0.0151681 0.0467135 0.0871079 
qwerty 89 67 0 0.74321 2.35992 8.75 17.4055 -0.0364453 0.0927827 0.00794427 
qwerty 89 67 0 0.74321 1.37791 11.25 17.6196 -0.0364453 0.0927827 0.00794427 
qwerty 89 67 0 0.74321 0.550237 13.3571 17.8 -0.0364453 0.0927827 0.00794427 
qwerty 89 95 0 0.315898 3.40049 6.089 16.625 -0.015264 0.0244718 -0.0957504 
qwerty 89 95 0 0.315898 3.30007 6.25 15.9951 -0.015264 0.0244718 -0.0957504 
qwerty 89 95 0 0.315898 3.29288 6.26152 15.95 -0.015264 0.0244718 -0.0957504 
qwerty 89 66 0 1.75433 2.70518 3.34862 12.4 0.0281329 0.0360319 0.0889395 
qwerty 89 66 0 1.75433 2.91869 3.62208 13.075 0.0281329 0.0360319 0.0889395 
qwerty 89 66 0 1.75433 3.01856 3.75 13.3908 0.0281329 0.0360319 0.0889395 
qwerty 89 66 0 1.75433 3.1322 3.89554 13.75 0.0281329 0.0360319 0.0889395 
qwerty 89 66 0 1.75433 3.34571 4.169 14.425 0.0281329 0.0360319 0.0889395 
qwerty 89 66 0 1.75433 3.55922 4.44246 15.1 0.0281329 0.0360319 0.0889395 
qwerty 89 66 0 0.296084 4.43958 3.97947 14.6 0.071895 -0.0440684 -0.0537502 
qwerty 89 45 0 1.90749 0.450459 0.471872 1.6 0.0227171 0.0265763 0.093689 
qwerty 89 45 0 1.90749 0.614128 0.663346 2.275 0.0227171 0.0265763 0.093689 
qwerty 89 45 0 1.90749 0.777798 0.85482 2.95 0.0227171 0.0265763 0.093689 
qwerty 89 45 0 1.90749 0.941467 1.04629 3.625 0.0227171 0.0265763 0.093689 
qwerty 89 45 0 1.90749 1.10514 1.23777 4.3 0.0227171 0.0265763 0.093689 
qwerty 89 45 0 1.90749 1.25 1.40724 4.89744 0.0227171 0.0265763 0.093689 
qwerty 89 45 0 1.90749 1.26881 1.42924 4.975 0.0227171 0.0265763 0.093689 
qwerty 89 45 0 1.90749 1.43248 1.62072 5.65 0.0227171 0.0265763 0.093689 
qwerty 89 45 0 1.90749 1.59614 1.81219 6.325 0.0227171 0.0265763 0.093689 
qwerty 89 45 0 1.90749 1.75981 2.00366 7 0.0227171 0.0265763 0.093689 
qwerty 89 45 0 1.90749 1.92348 2.19514 7.675 0.0227171 0.0265763 0.093689 
qwerty 89 45 0 1.90749 2.08715 2.38661 8.35 0.0227171 0.0265763 0.093689 
qwerty 89 45 0 1.90749 2.25082 2.57809 9.025 0.0227171 0.0265763 0.093689 
qwerty 89 45 0 1.90749 2.41449 2.76956 9.7 0.0227171 0.0265763 0.093689 
qwerty 89 45 0 1.90749 2.57816 2.96104 10.375 0.0227171 0.0265763 0.093689 
qwerty 89 45 0 0.448046 1.90421 1.85737 11.05 -0.0462042 -0.0756632 0.0462629 
qwerty 89 45 0 0.217607 1.71871 1.55359 11.2357 -0.0692173 0.0720712 0.00383487 
qwerty 89 45 0 0.217607 1.25 2.04163 11.2617 -0.0692173 0.0720712 0.00383487 
qwerty 89 45 0 0.217607 -1.25 4.6447 11.4002 -0.0692173 0.0720712 0.00383487 
qwerty 89 45 0 0.119825 -2.60563 6.05623 11.4753 0.0544005 -0.072654 -0.0419759 
qwerty 89 45 0 0.116786 -2.38851 5.76625 11.3078 0.0797827 -0.0601342 -0.00431325 
qwerty 89 45 0 0.116786 -1.25 4.90813 11.2462 0.0797827 -0.0601342 -0.00431325 
qwerty 89 45 0 0.116786 -0.857225 4.61209 11.225 0.0797827 -0.0601342 -0.00431325 
qwerty 89 103 0.00303907 0 -2.38851 5.76625 11.3078 -0.0501483 -0.0301529 -0.0810922 
qwerty 89 102 0.0977817 0 -2.61069 6.06195 11.4767 -0.0652185 0.0737052 0.0177223 
qwerty 89 101 0.0114218 0.219017 1.7177 1.54724 11.2366 -0.00258492 -0.098468 0.0172442 
qwerty 89 101 0.0113644 0.207653 1.71897 1.5418 11.2379 0.021102 -0.0933894 0.0288641 
qwerty 89 101 0.0149067 0.192746 1.72139 1.53629 11.2392 0.0186626 -0.0974316 0.0126011 
qwerty 89 101 0.0145432 0.178203 1.72238 1.52909 11.2387 0.0675552 -0.0239347 -0.0697383 
qwerty 89 101 0.023062 0.155141 1.7279 1.52737 11.2323 0.0447843 -0.0813476 -0.0371071 
qwerty 89 101 0.0281071 0.127034 1.73069 1.52461 11.2296 0.0721954 -0.0574042 -0.0386339 
qwerty 89 101 0.0098319 0.117202 1.7333 1.52363 11.2277 0.0180487 -0.0397234 -0.0899794 
qwerty 89 101 0.00977987 0.107422 1.73378 1.52235 11.2252 0.0366938 -0.0591608 -0.0717884 
qwerty 89 101 0.000740642 0.106681 1.73391 1.52215 11.225 0.0611987 -0.0402358 -0.0680868 
qwerty 89 100 0.237806 0.43781 2.58766 2.96263 10.3459 -0.0461511 0.00773005 -0.088376 
qwerty 89 100 0.110793 0.327017 2.58001 2.96095 10.3143 -0.0583972 -0.00231398 -0.0811444 
qwerty 89 100 0.0929016 0.234116 2.5517 2.96412 10.2971 -0.0666664 0.0631605 -0.0395771 
qwerty 89 100 0.234116 0 2.52962 2.98503 10.284 -0.0666664 0.0631605 -0.0395771 
qwerty 89 105 0 0.388387 2.49452 2.32825 9.875 -0.0126552 -0.0777872 -0.0615548 
qwerty 89 42 0 4.64516 -2.40541 -3.48205 8.35 0.073538 -0.0212039 0.0643627 
qwerty 89 42 0 4.64516 -1.63418 -3.70443 9.025 0.073538 -0.0212039 0.0643627 
qwerty 89 42 0 4.64516 -0.862958 -3.9268 9.7 0.073538 -0.0212039 0.0643627 
qwerty 89 42 0 4.64516 -0.0917331 -4.14918 10.375 0.073538 -0.0212039 0.0643627 
qwerty 89 42 0 0.903594 0.171391 -3.75 10.8229 0.0353867 0.066272 0.0659985 
qwerty 89 42 0 0.903594 0.293171 -3.52193 11.05 0.0353867 0.066272 0.0659985 
qwerty 89 42 0 0.903594 0.655089 -2.84414 11.725 0.0353867 0.066272 0.0659985 
qwerty 89 42 0 0.903594 0.947 -2.18984 12.4 0.0279172 0.0664778 0.0692916 
qwerty 89 42 0 0.903594 1.21895 -1.54225 13.075 0.0279172 0.0664778 0.0692916 
qwerty 89 42 0 0.903594 1.34169 -1.25 13.3796 0.0279172 0.0664778 0.0692916 
qwerty 89 42 0 0.903594 1.49091 -0.894664 13.75 0.0279172 0.0664778 0.0692916 
qwerty 89 42 0 0.903594 1.76286 -0.247074 14.425 0.0279172 0.0664778 0.0692916 
qwerty 89 111 0 1.16093 -0.705761 -4.16776 11.05 -0.0751612 0.00497731 0.0657725 
qwerty 89 111 0 0.886574 -1.25 -4.5192 11.6019 -0.0619891 -0.045494 0.0639347 
qwerty 89 111 0 0.886574 -1.36931 -4.60676 11.725 -0.0619891 -0.045494 0.0639347 
qwerty 89 111 0 0.886574 -2.02377 -5.08707 12.4 -0.0619891 -0.045494 0.0639347 
qwerty 89 111 0 0.886574 -2.67823 -5.56738 13.075 -0.0619891 -0.045494 0.0639347 
qwerty 89 111 0 0.886574 -3.33269 -6.04769 13.75 -0.0619891 -0.045494 0.0639347 
qwerty 89 111 0 0.886574 -3.75 -6.35396 14.1804 -0.0619891 -0.045494 0.0639347 
qwerty 89 111 0 0.886574 -3.98715 -6.528 14.425 -0.0619891 -0.045494 0.0639347 
qwerty 89 111 0 0.886574 -4.64161 -7.00831 15.1 -0.0619891 -0.045494 0.0639347 
qwerty 89 111 0 0.886574 -5.29607 -7.48862 15.775 -0.0619891 -0.045494 0.0639347 
qwerty 89 111 0 0.65969 -5.64066 -7.74152 16.1304 -0.00548517 -0.0405029 0.0912657 
qwerty 89 111 0 0.65969 -5.65987 -7.88335 16.45 -0.00548517 -0.0405029 0.0912657 
qwerty 89 111 0 0.184498 -5.67778 -8.01563 16.7481 -0.00415136 0.0383041 -0.0922798 
qwerty 89 111 0 0.184498 -5.68332 -7.96455 16.625 -0.00415136 0.0383041 -0.0922798 
qwerty 89 114 0.224837 0.250354 -5.67044 -8.01027 16.8257 -0.0584629 0.0486908 0.0648945 
qwerty 89 114 0.250354 0 -5.69197 -7.99234 16.8496 -0.0584629 0.0486908 0.0648945 
qwerty 89 113 0.226884 0 -5.67104 -7.74957 16.1283 -0.096447 -0.0255762 -0.00662072 
qwerty 89 40 0 0.242624 -2.92349 -3.34589 8.35 0.0178788 -0.00844875 0.0980253 
qwerty 89 40 0 0.242624 -2.80038 -3.40407 9.025 0.0178788 -0.00844875 0.0980253 
qwerty 89 40 0 0.242624 -2.67727 -3.46225 9.7 0.0178788 -0.00844875 0.0980253 
qwerty 89 38 0 2.66752 -3.44466 -3.79667 7.675 -0.0502009 -0.0639549 0.0582206 
qwerty 89 38 0 2.66752 -4.02669 -4.53815 8.35 -0.0502009 -0.0639549 0.0582206 
qwerty 89 38 0 2.66752 -4.60871 -5.27964 9.025 -0.0502009 -0.0639549 0.0582206 
qwerty 89 38 0 2.66752 -5.19073 -6.02112 9.7 -0.0502009 -0.0639549 0.0582206 
qwerty 89 38 0 2.66752 -5.77275 -6.7626 10.375 -0.0502009 -0.0639549 0.0582206 
qwerty 89 38 0 1.69618 -6.07079 -7.03381 11.05 -0.0360717 -0.0307284 0.0880602 
qwerty 89 38 0 1.69618 -6.25 -7.18648 11.4875 -0.0360717 -0.0307284 0.0880602 
qwerty 89 38 0 1.69618 -6.34729 -7.26935 11.725 -0.0360717 -0.0307284 0.0880602 
qwerty 89 38 0 1.69618 -6.62378 -7.50489 12.4 -0.0360717 -0.0307284 0.0880602 
qwerty 89 38 0 1.69618 -6.90028 -7.74043 13.075 -0.0360717 -0.0307284 0.0880602 
qwerty 89 38 0 1.69618 -7.17678 -7.97597 13.75 -0.0360717 -0.0307284 0.0880602 
qwerty 89 38 0 1.69618 -7.45327 -8.21151 14.425 -0.0360717 -0.0307284 0.0880602 
qwerty 89 38 0 1.69618 -7.72977 -8.44705 15.1 -0.0360717 -0.0307284 0.0880602 
qwerty 89 38 0 1.46892 -7.95919 -8.46944 15.775 -0.031804 -0.00125768 0.0947994 
qwerty 89 38 0 1.46892 -8.18565 -8.4784 16.45 -0.031804 -0.00125768 0.0947994 
qwerty 89 37 0 4.73076 -3.27472 -3.6135 7.675 -0.0396778 -0.0553268 0.0732436 
qwerty 89 37 0 4.73076 -3.37262 -3.75 7.85571 -0.0396778 -0.0553268 0.0732436 
qwerty 89 37 0 4.73076 -3.64039 -4.12338 8.35 -0.0396778 -0.0553268 0.0732436 
qwerty 89 37 0 4.73076 -3.75 -4.27622 8.55234 -0.0396778 -0.0553268 0.0732436 
qwerty 89 37 0 4.73076 -4.00605 -4.63326 9.025 -0.0396778 -0.0553268 0.0732436 
qwerty 89 37 0 4.73076 -4.37171 -5.14314 9.7 -0.0396778 -0.0553268 0.0732436 
qwerty 89 37 0 4.73076 -4.73738 -5.65303 10.375 -0.0396778 -0.0553268 0.0732436 
qwerty 89 37 0 4.73076 -5.10304 -6.16291 11.05 -0.0396778 -0.0553268 0.0732436 
qwerty 89 37 0 4.73076 -5.46871 -6.67279 11.725 -0.0396778 -0.0553268 0.0732436 
qwerty 89 37 0 4.73076 -5.83437 -7.18267 12.4 -0.0396778 -0.0553268 0.0732436 
qwerty 89 37 0 4.73076 -6.20003 -7.69255 13.075 -0.0396778 -0.0553268 0.0732436 
qwerty 89 37 0 4.73076 -6.5657 -8.20243 13.75 -0.0396778 -0.0553268 0.0732436 
qwerty 89 37 0 4.73076 -6.93136 -8.71232 14.425 -0.0396778 -0.0553268 0.0732436 
qwerty 89 37 0 4.73076 -7.29703 -9.2222 15.1 -0.0396778 -0.0553268 0.0732436 
qwerty 89 37 0 4.73076 -7.66269 -9.73208 15.775 -0.0396778 -0.0553268 0.0732436 
qwerty 89 37 0 4.73076 -8.02835 -10.242 16.45 -0.0396778 -0.0553268 0.0732436 
qwerty 89 37 0 0.764439 -8.46061 -9.90646 17.125 -0.0474201 0.0502577 0.0722876 
qwerty 89 37 0 0.764439 -8.9034 -9.43717 17.8 -0.0474201 0.0502577 0.0722876 
qwerty 89 37 0 0.764439 -9.3462 -8.96788 18.475 -0.0474201 0.0502577 0.0722876 
qwerty 89 37 0 0.764439 -9.55178 -8.75 18.7884 -0.0474201 0.0502577 0.0722876 
qwerty 89 37 0 0.764439 -9.78899 -8.49859 19.15 -0.0474201 0.0502577 0.0722876 
qwerty 89 37 0 0.442407 -9.14606 -7.23488 19.825 0.0416558 0.0803841 0.0424639 
qwerty 89 127 0 0.768657 -7.76351 -10.3215 15.95 0.0473897 0.00221514 -0.0880302 
qwerty 89 127 0 0.768657 -7.40013 -10.3045 15.275 0.0473897 0.00221514 -0.0880302 
qwerty 89 127 0 0.495484 -6.71592 -11.1049 14.6 0.052968 -0.0717397 -0.0452527 
qwerty 89 127 0 0.495484 -6.25 -11.7359 14.2019 0.052968 -0.0717397 -0.0452527 
qwerty 89 127 0 0.495484 -5.92584 -12.175 13.925 0.052968 -0.0717397 -0.0452527 
qwerty 89 127 0 0.495484 -5.13575 -13.245 13.25 0.052968 -0.0717397 -0.0452527 
qwerty 89 127 0 0.495484 -4.34567 -14.3151 12.575 0.052968 -0.0717397 -0.0452527 
qwerty 89 127 0 0.495484 -3.55559 -15.3852 11.9 0.052968 -0.0717397 -0.0452527 
qwerty 89 127 0 0.495484 -2.76551 -16.4553 11.225 0.052968 -0.0717397 -0.0452527 
qwerty 89 126 0 1.96846 -8.40846 -13.75 16.0254 -0.0136635 -0.0966113 -0.0218988 
qwerty 89 126 0 1.96846 -8.45549 -14.0826 15.95 -0.0136635 -0.0966113 -0.0218988 
qwerty 89 35 0.00029101 0 -2.85672 -3.05709 6.96931 -0.0605873 -0.0533679 0.0590004 
qwerty 89 134 0.00335044 0 -2.85672 -3.0571 6.96932 0.0250225 -0.063826 0.0728019 
qwerty 89 34 0 1.49604 -2.85388 -3.0762 7 -0.0577273 -0.0563465 0.0590984 
qwerty 89 34 0 1.49604 -3.51322 -3.71977 7.675 -0.0577273 -0.0563465 0.0590984 
qwerty 89 34 0 1.49604 -4.17256 -4.36333 8.35 -0.0577273 -0.0563465 0.0590984 
qwerty 89 34 0 1.49604 -4.8319 -5.0069 9.025 -0.0577273 -0.0563465 0.0590984 
qwerty 89 34 0 1.49604 -5.49124 -5.65047 9.7 -0.0577273 -0.0563465 0.0590984 
qwerty 89 34 0 1.49604 -6.15058 -6.29404 10.375 -0.0577273 -0.0563465 0.0590984 
qwerty 89 34 0 1.49604 -6.80992 -6.93761 11.05 -0.0577273 -0.0563465 0.0590984 
qwerty 89 33 0 0.91233 -2.62066 -2.86885 6.80366 -0.0332136 -0.0891383 -0.0308418 
qwerty 89 33 0 0.91233 -2.94767 -3.74647 6.5 -0.0332136 -0.0891383 -0.0308418 
qwerty 89 33 0 0.91233 -3.69912 -6.20907 5.825 -0.0278206 -0.0927662 -0.0249087 
qwerty 89 33 0 0.91233 -4.45303 -8.72294 5.15 -0.0278206 -0.0927662 -0.0249087 
qwerty 89 138 0.453952 10.3134 -2.77305 -3.0163 7 -0.0529634 -0.0568783 0.0629265 
qwerty 89 32 0 0.356351 -2.77564 -2.97437 7 -0.0549765 -0.0503956 0.0666173 
qwerty 89 32 0 0.356351 -3.33269 -3.485 7.675 -0.0549765 -0.0503956 0.0666173 
qwerty 89 32 0 0.356351 -3.62178 -3.75 8.0253 -0.0549765 -0.0503956 0.0666173 
qwerty 89 32 0 0.356351 -3.88974 -3.99563 8.35 -0.0549765 -0.0503956 0.0666173 
qwerty 89 32 0 0.356351 -4.44679 -4.50627 9.025 -0.0549765 -0.0503956 0.0666173 
qwerty 89 30 0 0.481211 -2.74242 -2.77084 7 -0.0587551 -0.028803 0.0756189 
qwerty 89 30 0 0.39755 -3.1356 -2.96358 7.50603 -0.0964875 -0.0133059 0.0226521 
qwerty 89 30 0 0.39755 -3.75 -3.04831 7.65027 -0.0964875 -0.0133059 0.0226521 
qwerty 89 30 0 0.39755 -3.85535 -3.06284 7.675 -0.0964875 -0.0133059 0.0226521 
qwerty 89 153 0.0836612 0 -3.13364 -2.96525 7.51137 0.033159 -0.0281797 0.0900354 
qwerty 89 28 0 0.861263 -2.09916 -2.39876 5.65 -0.0193657 -0.0416564 0.0888241 
qwerty 89 28 0 0.861263 -2.24632 -2.71532 6.325 -0.0193657 -0.0416564 0.0888241 
qwerty 89 28 0 0.861263 -2.39349 -3.03188 7 -0.0193657 -0.0416564 0.0888241 
qwerty 89 27 0 1.66051 -2.08198 -2.41463 5.65 -0.0170088 -0.0445693 0.0878879 
qwerty 89 27 0 1.66051 -2.21261 -2.75693 6.325 -0.0170088 -0.0445693 0.0878879 
qwerty 89 27 0 1.66051 -2.34325 -3.09923 7 -0.0170088 -0.0445693 0.0878879 
qwerty 89 27 0 0.250945 -2.7298 -2.16793 6.5 -0.0320338 0.0819344 -0.0475456 
qwerty 89 162 0 0.266537 -2.46868 -3.59623 7.675 -0.0142582 -0.0598281 0.0788499 
qwerty 89 162 0 0.266537 -2.50533 -3.75 7.87766 -0.0142582 -0.0598281 0.0788499 
qwerty 89 162 0 0.266537 -2.59074 -4.1084 8.35 -0.0142582 -0.0598281 0.0788499 
qwerty 89 162 0 0.266537 -2.7128 -4.62056 9.025 -0.0142582 -0.0598281 0.0788499 
qwerty 89 24 0 23.1886 -1.96572 -2.02033 4.975 -0.0157507 -0.0344439 0.0925502 
qwerty 89 24 0 23.1886 -2.0806 -2.27155 5.65 -0.0157507 -0.0344439 0.0925502 
qwerty 89 24 0 23.1886 -2.19547 -2.52276 6.325 -0.0157507 -0.0344439 0.0925502 
qwerty 89 24 0 23.1886 -2.31035 -2.77397 7 -0.0157507 -0.0344439 0.0925502 
qwerty 89 24 0 23.1886 -2.42522 -3.02518 7.675 -0.0157507 -0.0344439 0.0925502 
qwerty 89 24 0 23.1886 -2.5401 -3.27639 8.35 -0.0157507 -0.0344439 0.0925502 
qwerty 89 24 0 23.1886 -2.65497 -3.5276 9.025 -0.0157507 -0.0344439 0.0925502 
qwerty 89 24 0 23.1886 -2.75667 -3.75 9.62258 -0.0157507 -0.0344439 0.0925502 
qwerty 89 24 0 23.1886 -2.76985 -3.77881 9.7 -0.0157507 -0.0344439 0.0925502 
qwerty 89 168 0.455635 18.9833 -2.79977 -3.95415 10.1317 0.001592 -0.0394953 0.0918563 
qwerty 89 168 0.352198 18.6311 -2.79555 -4.05877 10.375 -0.000827357 -0.0384505 0.0923086 
qwerty 89 168 0.347365 15.245 -2.85518 -4.15491 10.7486 -0.0136021 -0.0182776 0.09737 
qwerty 89 168 0.514681 14.7304 -2.89728 -4.21148 11.05 -0.0139231 -0.0152187 0.0978496 
qwerty 89 168 0.917073 8.19265 -2.83343 -4.3985 11.725 0.0172766 -0.00133621 0.0984872 
qwerty 89 170 0.291578 0 -2.77987 -3.92881 10.1656 0.0425406 0.0541529 0.0725104 
qwerty 89 177 0 0.565682 -2.82494 -4.9772 12.4 -0.00469593 -0.070048 0.0712125 
qwerty 89 175 0 1.16624 -1.78987 -4.37613 12.4 0.0874228 0.000882446 0.0485435 
qwerty 89 175 0 1.16624 -1.25 -4.37068 12.6998 0.0874228 0.000882446 0.0485435 
qwerty 89 175 0 1.16624 -0.574248 -4.36386 13.075 0.0874228 0.000882446 0.0485435 
qwerty 89 175 0 1.16624 0.641371 -4.35159 13.75 0.0874228 0.000882446 0.0485435 
qwerty 89 175 0 1.16624 1.25 -4.34545 14.088 0.0874228 0.000882446 0.0485435 
qwerty 89 175 0 1.16624 1.85699 -4.33932 14.425 0.0874228 0.000882446 0.0485435 
qwerty 89 175 0 1.16624 3.07261 -4.32705 15.1 0.0874228 0.000882446 0.0485435 
qwerty 89 175 0 1.16624 3.75 -4.32021 15.4761 0.0874228 0.000882446 0.0485435 
qwerty 89 175 0 1.16624 4.28823 -4.31478 15.775 0.0874228 0.000882446 0.0485435 
qwerty 89 175 0 1.16624 5.50385 -4.30251 16.45 0.0874228 0.000882446 0.0485435 
qwerty 89 175 0 1.16624 6.25 -4.29498 16.8643 0.0874228 0.000882446 0.0485435 
qwerty 89 175 0 1.16624 6.71946 -4.29024 17.125 0.0874228 0.000882446 0.0485435 
qwerty 89 175 0 1.16624 7.93508 -4.27797 17.8 0.0874228 0.000882446 0.0485435 
qwerty 89 175 0 1.16624 8.75 -4.26974 18.2525 0.0874228 0.000882446 0.0485435 
qwerty 89 175 0 1.16624 9.1507 -4.2657 18.475 0.0874228 0.000882446 0.0485435 
qwerty 89 175 0 1.16624 10.3663 -4.25343 19.15 0.0874228 0.000882446 0.0485435 
qwerty 89 175 0 1.16624 11.25 -4.25507 19.6411 0.0873984 -0.000698355 0.0485905 
qwerty 89 175 0 1.16624 11.5808 -4.25772 19.825 0.0873984 -0.000698355 0.0485905 
qwerty 89 175 0 1.16624 12.7949 -4.26742 20.5 0.0873984 -0.000698355 0.0485905 
qwerty 89 175 0 1.16624 13.75 -4.27505 21.031 0.0873984 -0.000698355 0.0485905 
qwerty 89 175 0 1.16624 14.009 -4.27712 21.175 0.0873984 -0.000698355 0.0485905 
qwerty 89 175 0 1.16624 15.2231 -4.28682 21.85 0.0873984 -0.000698355 0.0485905 
qwerty 89 175 0 1.16624 16.25 -4.29502 22.4209 0.0873984 -0.000698355 0.0485905 
qwerty 89 175 0 1.16624 16.4372 -4.29652 22.525 0.0873984 -0.000698355 0.0485905 
qwerty 89 175 0 1.16624 17.6513 -4.30622 23.2 0.0873984 -0.000698355 0.0485905 
qwerty 89 175 0 1.16624 18.75 -4.315 23.8108 0.0873984 -0.000698355 0.0485905 
qwerty 89 175 0 1.16624 18.8654 -4.31592 23.875 0.0873984 -0.000698355 0.0485905 
qwerty 89 175 0 1.16624 20.0795 -4.32562 24.55 0.0873984 -0.000698355 0.0485905 
qwerty 89 183 0 0.295964 -3.19011 -4.50066 12.4 -0.0556664 -0.0166263 0.081393 
qwerty 89 183 0 0.269567 -3.35394 -4.95949 13.075 -0.0153255 -0.0584722 0.0796626 
qwerty 89 183 0 0.269567 -3.4838 -5.45494 13.75 -0.0153255 -0.0584722 0.0796626 
qwerty 89 172 0 0.038819 -2.89533 -4.18081 11.05 -0.0131579 -0.00848719 0.0987666 
qwerty 89 171 0 0.466756 -2.97755 -4.14157 11.05 -0.0283344 -0.00273966 0.0958627 
qwerty 89 171 0 0.466756 -3.17707 -4.16086 11.725 -0.0283344 -0.00273966 0.0958627 
qwerty 89 23 0 16.0077 -1.55717 -1.54501 3.625 -0.0338437 -0.0339512 0.0877606 
qwerty 89 23 0 16.0077 -1.81748 -1.80614 4.3 -0.0338437 -0.0339512 0.0877606 
qwerty 89 23 0 16.0077 -2.07778 -2.06727 4.975 -0.0338437 -0.0339512 0.0877606 
qwerty 89 23 0 16.0077 -2.33809 -2.32841 5.65 -0.0338437 -0.0339512 0.0877606 
qwerty 89 23 0 16.0077 -2.59839 -2.58954 6.325 -0.0338437 -0.0339512 0.0877606 
qwerty 89 23 0 16.0077 -2.8587 -2.85067 7 -0.0338437 -0.0339512 0.0877606 
qwerty 89 23 0 16.0077 -3.119 -3.1118 7.675 -0.0338437 -0.0339512 0.0877606 
qwerty 89 23 0 16.0077 -3.37931 -3.37293 8.35 -0.0338437 -0.0339512 0.0877606 
qwerty 89 23 0 16.0077 -3.63961 -3.63406 9.025 -0.0338437 -0.0339512 0.0877606 
qwerty 89 23 0 16.0077 -3.75518 -3.75 9.32468 -0.0338437 -0.0339512 0.0877606 
qwerty 89 23 0 16.0077 -3.89992 -3.8952 9.7 -0.0338437 -0.0339512 0.0877606 
qwerty 89 23 0 16.0077 -4.16022 -4.15633 10.375 -0.0338437 -0.0339512 0.0877606 
qwerty 89 23 0 16.0077 -4.42053 -4.41746 11.05 -0.0338437 -0.0339512 0.0877606 
qwerty 89 23 0 16.0077 -4.68083 -4.67859 11.725 -0.0338437 -0.0339512 0.0877606 
qwerty 89 23 0 16.0077 -4.94114 -4.93972 12.4 -0.0338437 -0.0339512 0.0877606 
qwerty 89 23 0 16.0077 -5.20144 -5.20085 13.075 -0.0338437 -0.0339512 0.0877606 
qwerty 89 23 0 16.0077 -5.46175 -5.46199 13.75 -0.0338437 -0.0339512 0.0877606 
qwerty 89 23 0 0.738285 -5.71125 -5.71228 14.397 0.0594536 0.0316838 0.0739013 
qwerty 89 23 0 0.738285 -5.6887 -5.70026 14.425 0.0594536 0.0316838 0.0739013 
qwerty 89 194 0.0430499 15.2264 -5.7234 -5.72404 14.425 -0.0370592 -0.0363135 0.0854865 
qwerty 89 194 1.50977 7.37527 -6.54095 -5.65501 15.1 -0.0688229 0.0177876 0.070335 
qwerty 89 199 0 1.11391 -6.25 -5.85623 15.6364 0.0621061 -0.035995 0.0696218 
qwerty 89 199 0 1.11391 -6.1264 -5.92786 15.775 0.0621061 -0.035995 0.0696218 
qwerty 89 199 0 1.11391 -5.57058 -6.25 16.3981 0.0621061 -0.035995 0.0696218 
qwerty 89 199 0 1.11391 -5.52426 -6.27684 16.45 0.0621061 -0.035995 0.0696218 
qwerty 89 199 0 1.11391 -4.92213 -6.62582 17.125 0.0621061 -0.035995 0.0696218 
qwerty 89 199 0 1.11391 -4.32 -6.9748 17.8 0.0621061 -0.035995 0.0696218 
qwerty 89 199 0 1.11391 -3.75 -7.30516 18.439 0.0621061 -0.035995 0.0696218 
qwerty 89 199 0 1.11391 -3.71786 -7.32378 18.475 0.0621061 -0.035995 0.0696218 
qwerty 89 199 0 0.993111 -3.41234 -7.49512 19.15 0.0391451 -0.0219024 0.0893753 
qwerty 89 199 0 0.993111 -3.1167 -7.66054 19.825 0.0391451 -0.0219024 0.0893753 
qwerty 89 199 0 0.993111 -2.82106 -7.82595 20.5 0.0391451 -0.0219024 0.0893753 
qwerty 89 199 0 0.993111 -2.52542 -7.99137 21.175 0.0391451 -0.0219024 0.0893753 
qwerty 89 199 0 0.993111 -2.22978 -8.15678 21.85 0.0391451 -0.0219024 0.0893753 
qwerty 89 199 0 0.993111 -1.93414 -8.3222 22.525 0.0391451 -0.0219024 0.0893753 
qwerty 89 202 0 0.149416 -1.75896 -8.41735 23.2 0.0207111 -0.0115489 0.0971477 
qwerty 89 22 0 0.296969 -1.56505 -1.58295 3.625 -0.034238 -0.0391248 0.0854226 
qwerty 89 22 0 0.296969 -1.83559 -1.89211 4.3 -0.034238 -0.0391248 0.0854226 
qwerty 89 22 0 0.296969 -2.10614 -2.20127 4.975 -0.034238 -0.0391248 0.0854226 
qwerty 89 22 0 0.296969 -2.37668 -2.51043 5.65 -0.034238 -0.0391248 0.0854226 
qwerty 89 21 0 0.510999 1.25 0.0943827 0.545243 0.0881758 -0.021881 -0.0417881 
qwerty 89 21 0 0.510999 1.50372 0.0314216 0.425 0.0881758 -0.021881 -0.0417881 
qwerty 89 21 0 0.510999 2.92802 -0.32202 -0.25 0.0881758 -0.021881 -0.0417881 
qwerty 89 19 0 0.639829 0.339538 0.323162 0.425 0.00226138 -0.000556406 -0.0999729 
qwerty 89 19 0 0.639829 0.354807 0.319405 -0.25 0.00226138 -0.000556406 -0.0999729 
qwerty 89 18 0 11.884 0.513827 0.458882 1.6 0.0320662 0.0237866 0.091684 
qwerty 89 18 0 11.884 0.749907 0.634005 2.275 0.0320662 0.0237866 0.091684 
qwerty 89 18 0 11.884 0.985986 0.809128 2.95 0.0320662 0.0237866 0.091684 
qwerty 89 18 0 11.884 1.22207 0.984251 3.625 0.0320662 0.0237866 0.091684 
qwerty 89 18 0 11.884 1.45815 1.15937 4.3 0.0320662 0.0237866 0.091684 
qwerty 89 18 0 11.884 1.69422 1.3345 4.975 0.0320662 0.0237866 0.091684 
qwerty 89 18 0 11.884 1.9303 1.50962 5.65 0.0320662 0.0237866 0.091684 
qwerty 89 18 0 11.884 2.16638 1.68474 6.325 0.0320662 0.0237866 0.091684 
qwerty 89 18 0 11.884 2.40246 1.85987 7 0.0320662 0.0237866 0.091684 
qwerty 89 210 0.587607 1.01616 2.75947 1.93648 7.26565 0.0962854 0.025561 0.00870438 
qwerty 89 210 0.399173 0.616983 2.94311 2.02302 7.20304 0.0632476 0.0695291 -0.0341387 
qwerty 89 210 0.185743 0.431241 2.99506 2.08014 7.175 0.0449178 0.0578149 0.0681163 
qwerty 89 210 0.0156716 0.415569 3.00094 2.08625 7.18313 0.0360175 0.0399947 0.0842803 
qwerty 89 210 0.0235057 0.392063 3.0066 2.08952 7.19133 0.0416264 0.0314181 0.0853237 
qwerty 89 210 0.0379483 0.354115 3.01001 2.09098 7.20094 0.078397 -0.0325798 0.0528438 
qwerty 89 210 0.0362902 0.317825 3.02025 2.08134 7.2103 0.0831636 -0.0354123 0.0427761 
qwerty 89 210 0.0731994 0.244626 3.0348 2.07386 7.22223 0.078295 -0.0534206 0.031877 
qwerty 89 210 0.180758 0.0638679 3.06036 2.06191 7.22303 -0.00868492 -0.0592309 0.0801016 
qwerty 89 210 0.0638679 0 3.06004 2.05971 7.22599 -0.00868492 -0.0592309 0.0801016 
qwerty 89 17 0 7.55946 0.422177 0.406058 1.6 0.0188956 0.0166202 0.0967818 
qwerty 89 17 0 7.55946 0.553963 0.521975 2.275 0.0188956 0.0166202 0.0967818 
qwerty 89 17 0 7.55946 0.685749 0.637892 2.95 0.0188956 0.0166202 0.0967818 
qwerty 89 17 0 7.55946 0.817535 0.753808 3.625 0.0188956 0.0166202 0.0967818 
qwerty 89 17 0 7.55946 0.949321 0.869725 4.3 0.0188956 0.0166202 0.0967818 
qwerty 89 17 0 7.55946 1.08111 0.985642 4.975 0.0188956 0.0166202 0.0967818 
qwerty 89 17 0 7.55946 1.21289 1.10156 5.65 0.0188956 0.0166202 0.0967818 
qwerty 89 17 0 7.55946 1.25 1.1342 5.84006 0.0188956 0.0166202 0.0967818 
qwerty 89 17 0 7.55946 1.34468 1.21748 6.325 0.0188956 0.0166202 0.0967818 
qwerty 89 17 0 7.55946 1.38166 1.25 6.51439 0.0188956 0.0166202 0.0967818 
qwerty 89 17 0 7.55946 1.47647 1.33339 7 0.0188956 0.0166202 0.0967818 
qwerty 89 17 0 7.55946 1.60825 1.44931 7.675 0.0188956 0.0166202 0.0967818 
qwerty 89 17 0 7.55946 1.74004 1.56523 8.35 0.0188956 0.0166202 0.0967818 
qwerty 89 17 0 7.55946 1.87182 1.68114 9.025 0.0188956 0.0166202 0.0967818 
qwerty 89 17 0 7.55946 2.00361 1.79706 9.7 0.0188956 0.0166202 0.0967818 
qwerty 89 17 0 7.55946 2.1354 1.91298 10.375 0.0188956 0.0166202 0.0967818 
qwerty 89 17 0 7.55946 2.26718 2.02889 11.05 0.0188956 0.0166202 0.0967818 
qwerty 89 17 0 7.55946 2.39897 2.14481 11.725 0.0188956 0.0166202 0.0967818 
qwerty 89 17 0 7.55946 2.53075 2.26073 12.4 0.0188956 0.0166202 0.0967818 
qwerty 89 17 0 7.55946 2.66254 2.37664 13.075 0.0188956 0.0166202 0.0967818 
qwerty 89 17 0 7.55946 2.79433 2.49256 13.75 0.0188956 0.0166202 0.0967818 
qwerty 89 17 0 7.55946 2.92611 2.60848 14.425 0.0188956 0.0166202 0.0967818 
qwerty 89 17 0 7.55946 3.0579 2.72439 15.1 0.0188956 0.0166202 0.0967818 
qwerty 89 17 0 7.55946 3.18968 2.84031 15.775 0.0188956 0.0166202 0.0967818 
qwerty 89 17 0 7.55946 3.32147 2.95623 16.45 0.0188956 0.0166202 0.0967818 
qwerty 89 17 0 7.55946 3.45326 3.07215 17.125 0.0188956 0.0166202 0.0967818 
qwerty 89 17 0 7.55946 3.58504 3.18806 17.8 0.0188956 0.0166202 0.0967818 
qwerty 89 17 0 7.55946 3.71683 3.30398 18.475 0.0188956 0.0166202 0.0967818 
qwerty 89 17 0 7.55946 3.84862 3.4199 19.15 0.0188956 0.0166202 0.0967818 
qwerty 89 17 0 7.55946 3.9804 3.53581 19.825 0.0188956 0.0166202 0.0967818 
qwerty 89 17 0 7.55946 4.11219 3.65173 20.5 0.0188956 0.0166202 0.0967818 
qwerty 89 17 0 7.55946 4.24397 3.76765 21.175 0.0188956 0.0166202 0.0967818 
qwerty 89 17 0 7.55946 4.37576 3.88356 21.85 0.0188956 0.0166202 0.0967818 
qwerty 89 17 0 7.55946 4.50755 3.99948 22.525 0.0188956 0.0166202 0.0967818 
qwerty 89 17 0 7.55946 4.63933 4.1154 23.2 0.0188956 0.0166202 0.0967818 
qwerty 89 17 0 7.55946 4.77112 4.23131 23.875 0.0188956 0.0166202 0.0967818 
qwerty 89 17 0 7.55946 4.9029 4.34723 24.55 0.0188956 0.0166202 0.0967818 
qwerty 89 17 0 7.55946 5.03469 4.46315 25.225 0.0188956 0.0166202 0.0967818 
qwerty 89 17 0 7.55946 5.16648 4.57906 25.9 0.0188956 0.0166202 0.0967818 
qwerty 89 17 0 7.55946 5.29826 4.69498 26.575 0.0188956 0.0166202 0.0967818 
qwerty 89 17 0 7.55946 5.43005 4.8109 27.25 0.0188956 0.0166202 0.0967818 
qwerty 89 17 0 6.20645 5.54141 4.81861 27.925 0.0160344 -0.000197543 0.0987059 
qwerty 89 17 0 6.20645 5.65106 4.81726 28.6 0.0160344 -0.000197543 0.0987059 
qwerty 89 17 0 6.20645 5.76071 4.81591 29.275 0.0160344 -0.000197543 0.0987059 
qwerty 89 17 0 6.20645 5.87036 4.81456 29.95 0.0160344 -0.000197543 0.0987059 
qwerty 89 17 0 6.20645 5.98002 4.81321 30.625 0.0160344 -0.000197543 0.0987059 
qwerty 89 17 0 6.20645 6.08967 4.81186 31.3 0.0160344 -0.000197543 0.0987059 
qwerty 89 17 0 6.20645 6.19932 4.8105 31.975 0.0160344 -0.000197543 0.0987059 
qwerty 89 17 0 6.20645 6.30897 4.80915 32.65 0.0160344 -0.000197543 0.0987059 
qwerty 89 17 0 6.20645 6.41862 4.8078 33.325 0.0160344 -0.000197543 0.0987059 
qwerty 89 17 0 6.20645 6.52827 4.80645 34 0.0160344 -0.000197543 0.0987059 
qwerty 89 17 0 6.20645 6.63792 4.8051 34.675 0.0160344 -0.000197543 0.0987059 
qwerty 89 17 0 6.20645 6.74757 4.80375 35.35 0.0160344 -0.000197543 0.0987059 
qwerty 89 17 0 6.20645 6.85723 4.8024 36.025 0.0160344 -0.000197543 0.0987059 
qwerty 89 17 0 6.20645 6.96688 4.80105 36.7 0.0160344 -0.000197543 0.0987059 
qwerty 89 17 0 6.20645 7.07653 4.7997 37.375 0.0160344 -0.000197543 0.0987059 
qwerty 89 17 0 6.20645 7.18618 4.79835 38.05 0.0160344 -0.000197543 0.0987059 
qwerty 89 17 0 6.20645 7.29583 4.797 38.725 0.0160344 -0.000197543 0.0987059 
qwerty 89 17 0 6.20645 7.40548 4.79564 39.4 0.0160344 -0.000197543 0.0987059 
qwerty 89 17 0 6.20645 7.51513 4.79429 40.075 0.0160344 -0.000197543 0.0987059 
qwerty 89 15 0 0.280403 -1.42029 -1.53537 4.3 0.0294294 0.00840385 0.0952013 
qwerty 89 15 0 0.162828 -1.14353 -1.25 4.08484 0.0565469 0.0605448 -0.056007 
qwerty 89 15 0 0.162828 -0.855944 -0.942082 3.8 0.0565469 0.0605448 -0.056007 
qwerty 89 14 0 0.813202 -1.25 -0.398753 3.53762 0.0333785 0.093804 -0.00931076 
qwerty 89 14 0 0.813202 0.229216 3.75831 3.125 0.0333785 0.093804 -0.00931076 
qwerty 89 14 0 0.702747 0.921803 5.70469 2.93181 0.0456186 0.0751063 -0.0477283 
qwerty 89 14 0 0.702747 1.25302 6.25 2.58528 0.0456186 0.0751063 -0.0477283 
qwerty 89 14 0 0.702747 1.38231 6.46287 2.45 0.0456186 0.0751063 -0.0477283 
qwerty 89 14 0 0.702747 2.02748 7.52507 1.775 0.0456186 0.0751063 -0.0477283 
qwerty 89 226 0.079957 0.0304984 0.916683 5.70853 2.93746 -0.0695623 0.0152144 -0.0702111 
qwerty 89 226 0.0304984 0 0.915988 5.70868 2.93676 -0.0695623 0.0152144 -0.0702111 
qwerty 89 10 0 8.82667 -1.6594 -1.74036 3.625 -0.0418329 -0.0504613 0.0755226 
qwerty 89 10 0 8.82667 -2.03329 -2.19137 4.3 -0.0418329 -0.0504613 0.0755226 
qwerty 89 10 0 8.82667 -2.40718 -2.64238 4.975 -0.0418329 -0.0504613 0.0755226 
qwerty 89 10 0 8.82667 -2.78107 -3.09339 5.65 -0.0418329 -0.0504613 0.0755226 
qwerty 89 10 0 8.82667 -3.15496 -3.5444 6.325 -0.0418329 -0.0504613 0.0755226 
qwerty 89 10 0 8.82667 -3.32541 -3.75 6.63271 -0.0418329 -0.0504613 0.0755226 
qwerty 89 10 0 0 -3.41548 -3.85865 6.79532 -0.0418329 -0.0504613 0.0755226 
qwerty 89 9 0 1.50036 -1.66725 -1.75938 3.625 -0.0421818 -0.0522819 0.0740763 
qwerty 89 9 0 1.50036 -2.05162 -2.23578 4.3 -0.0421818 -0.0522819 0.0740763 
qwerty 89 9 0 1.50036 -2.43599 -2.71219 4.975 -0.0421818 -0.0522819 0.0740763 
qwerty 89 9 0 1.36936 -2.60442 -2.92095 5.27079 -0.0178854 -0.0578441 0.0795875 
qwerty 89 9 0 1.36936 -2.68964 -3.19656 5.65 -0.0178854 -0.0578441 0.0795875 
qwerty 89 9 0 1.36936 -2.84133 -3.68715 6.325 -0.0178854 -0.0578441 0.0795875 
qwerty 89 9 0 1.36936 -2.99302 -4.17774 7 -0.0178854 -0.0578441 0.0795875 
qwerty 89 9 0 1.09498 -3.05314 -4.34871 7.675 -0.00734661 -0.0200151 0.0977007 
qwerty 89 9 0 1.09498 -3.1039 -4.487 8.35 -0.00734661 -0.0200151 0.0977007 
qwerty 89 9 0 1.09498 -3.15466 -4.62528 9.025 -0.00734661 -0.0200151 0.0977007 
qwerty 89 9 0 1.09498 -3.20541 -4.76356 9.7 -0.00734661 -0.0200151 0.0977007 
qwerty 89 8 0 0.261576 -1.58268 -1.96679 3.625 -0.0289078 -0.0693195 0.0660239 
qwerty 89 232 0.447053 4.75563 -3.5668 -3.95954 7 -0.0358271 -0.0630832 0.0688254 
qwerty 89 211 1.35744 3.42756 2.83963 1.45426 7.56964 0.0662633 -0.0505049 0.055303 
qwerty 89 211 0.253072 3.17449 2.96587 1.35805 7.675 0.0491577 -0.0667075 0.0559788 
qwerty 89 65 0.933453 51.8358 2.68436 3.21691 12.4 0.0226959 0.0212431 0.0950454 
qwerty 89 65 0.674418 30.7987 2.69498 3.29113 13.0135 -0.00909394 0.0124332 0.0988065 
qwerty 89 65 0.0763003 30.7224 2.68931 3.29888 13.075 -0.0104747 0.0122643 0.0986908 
qwerty 89 65 0.708172 26.988 2.73184 3.32584 13.75 0.0166979 -0.00475512 0.0984813 
qwerty 89 65 1.05883 23.6524 2.99129 3.43197 14.425 0.0407037 0.0171991 0.0897073 
qwerty 89 65 0.952173 20.0539 3.30366 3.63668 15.1 0.0437484 0.0222813 0.0871184 
qwerty 89 65 1.03257 16.1066 3.69554 3.66295 15.775 0.0586804 -0.0193951 0.0786158 
qwerty 89 65 0.0596945 9.15491 4.00962 3.75 15.973 0.0456324 0.0419543 0.0784699 
qwerty 89 65 1.47597 7.67895 4.287 4.00502 16.45 0.0526429 0.0539468 0.065715 
qwerty 89 65 0 4.887 4.35737 4.08488 16.625 0.0858082 0.0407643 -0.0312287 
qwerty 89 260 0.12973 1.61107 2.72032 3.26644 13.075 0.0205035 -0.031737 0.0925871 
qwerty 89 233 0.130998 0 -2.61717 -2.9207 5.2715 -0.0998263 0.00197579 0.00555019 
qwerty 89 231 0.458899 2.1431 -3.45534 -4.06492 7 -0.0369338 -0.0604335 0.0705952 
qwerty 89 272 0 0.510999 4.45289 4.23255 17.125 -0.00733304 0.010303 0.0991971 
qwerty 89 272 0 0.174091 4.29183 4.14447 16.625 -0.0278805 -0.0161992 -0.0946587 
qwerty 89 271 0 0.510999 4.53975 4.11051 15.95 0.00733304 -0.010303 -0.0991971 
qwerty 89 271 0 0.510999 4.58965 4.04041 15.275 0.00733304 -0.010303 -0.0991971 
qwerty 89 270 0 0.870148 4.66399 4.24478 17.125 0.026812 0.011453 0.0956554 
qwerty 89 265 0 0.483607 3.85823 3.58994 16.0767 -0.0373982 0.00874447 0.0923304 
qwerty 89 265 0 0.483607 3.70703 3.6253 16.45 -0.0373982 0.00874447 0.0923304 
qwerty 89 285 0.286328 0 3.89809 3.57525 16.0929 0.0876479 -0.0323101 0.0356917 
qwerty 89 264 0 0.188287 3.95802 3.75 16.066 -0.0195663 0.0903017 0.0382462 
qwerty 89 264 0 0.188287 3.76159 4.65658 16.45 -0.0195663 0.0903017 0.0382462 
qwerty 89 263 0 0.185894 2.9852 3.45352 14.425 0.0402687 0.0191865 0.0895003 
qwerty 89 262 0 0.566586 2.76126 3.42028 13.75 0.0180223 0.0177898 0.0967405 
qwerty 89 262 0 0.566586 2.88701 3.54441 14.425 0.0180223 0.0177898 0.0967405 
qwerty 89 262 0 0.566586 3.01275 3.66854 15.1 0.0180223 0.0177898 0.0967405 
qwerty 89 262 0 0.566586 3.1385 3.79267 15.775 0.0180223 0.0177898 0.0967405 
qwerty 89 262 0 0.566586 3.26425 3.91679 16.45 0.0180223 0.0177898 0.0967405 
qwerty 89 262 0 0.566586 3.39 4.04092 17.125 0.0180223 0.0177898 0.0967405 
qwerty 89 262 0 0.566586 3.51575 4.16505 17.8 0.0180223 0.0177898 0.0967405 
qwerty 89 262 0 0.566586 3.6415 4.28918 18.475 0.0180223 0.0177898 0.0967405 
qwerty 89 262 0 0.425319 3.60005 4.00478 19.15 -0.0120948 -0.052419 0.0842969 
qwerty 89 262 0 0.425319 3.5032 3.58504 19.825 -0.0120948 -0.052419 0.0842969 
qwerty 89 262 0 0.425319 3.40635 3.1653 20.5 -0.0120948 -0.052419 0.0842969 
qwerty 89 261 0 0.305451 2.69471 3.46717 13.75 0.000943749 0.0243183 0.0969934 
qwerty 89 261 0 0.305451 2.70128 3.63641 14.425 0.000943749 0.0243183 0.0969934 
qwerty 89 261 0 0.305451 2.70569 3.75 14.878 0.000943749 0.0243183 0.0969934 
qwerty 89 261 0 0.305451 2.70785 3.80565 15.1 0.000943749 0.0243183 0.0969934 
qwerty 89 261 0 0.305451 2.71442 3.97489 15.775 0.000943749 0.0243183 0.0969934 
qwerty 89 259 0 0.318578 2.70976 3.28773 13.075 -0.00147928 0.00693331 0.0997484 
qwerty 89 257 0 14.0265 2.81043 3.35336 13.075 0.0167372 0.0183578 0.0968652 
qwerty 89 257 0 14.0265 2.92706 3.48128 13.75 0.0167372 0.0183578 0.0968652 
qwerty 89 257 0 14.0265 3.04369 3.60921 14.425 0.0167372 0.0183578 0.0968652 
qwerty 89 257 0 14.0265 3.16033 3.73713 15.1 0.0167372 0.0183578 0.0968652 
qwerty 89 257 0 14.0265 3.27696 3.86506 15.775 0.0167372 0.0183578 0.0968652 
qwerty 89 257 0 14.0265 3.39359 3.99298 16.45 0.0167372 0.0183578 0.0968652 
qwerty 89 257 0 14.0265 3.51022 4.12091 17.125 0.0167372 0.0183578 0.0968652 
qwerty 89 257 0 14.0265 3.62686 4.24883 17.8 0.0167372 0.0183578 0.0968652 
qwerty 89 257 0 14.0265 3.74349 4.37676 18.475 0.0167372 0.0183578 0.0968652 
qwerty 89 257 0 14.0265 3.86012 4.50468 19.15 0.0167372 0.0183578 0.0968652 
qwerty 89 298 0 0.705639 3.75 4.14643 19.5366 -0.023544 -0.080897 0.0538642 
qwerty 89 298 0 0.705639 3.62395 3.71332 19.825 -0.023544 -0.080897 0.0538642 
qwerty 89 255 0 17.465 2.68963 3.22274 12.4 0.0247749 0.0174185 0.0953037 
qwerty 89 255 0 17.465 2.8651 3.3461 13.075 0.0247749 0.0174185 0.0953037 
qwerty 89 255 0 2.08446 2.92605 3.38896 13.3095 0.0403247 -0.0445473 0.0799341 
qwerty 89 255 0 2.08446 3.14829 3.14344 13.75 0.0403247 -0.0445473 0.0799341 
qwerty 89 253 0 0.268893 2.72124 3.21245 12.4 0.0302471 0.0153546 0.094071 
qwerty 89 253 0 0.257431 2.82465 3.26494 12.7216 0.066016 0.0139657 0.0738027 
qwerty 89 253 0 0.257431 3.14076 3.33181 13.075 0.066016 0.0139657 0.0738027 
qwerty 89 253 0 0.257431 3.74454 3.45954 13.75 0.066016 0.0139657 0.0738027 
qwerty 89 252 0 5.91735 2.73413 3.21801 12.4 0.0322587 0.0161978 0.0932578 
qwerty 89 252 0 5.91735 2.96762 3.33525 13.075 0.0322587 0.0161978 0.0932578 
qwerty 89 252 0 5.91735 3.20111 3.45249 13.75 0.0322587 0.0161978 0.0932578 
qwerty 89 252 0 5.91735 3.43459 3.56973 14.425 0.0322587 0.0161978 0.0932578 
qwerty 89 252 0 5.91735 3.66808 3.68697 15.1 0.0322587 0.0161978 0.0932578 
qwerty 89 252 0 5.91735 3.75 3.7281 15.3368 0.0322587 0.0161978 0.0932578 
qwerty 89 252 0 5.91735 3.90157 3.80421 15.775 0.0322587 0.0161978 0.0932578 
qwerty 89 252 0 5.91735 4.13506 3.92145 16.45 0.0322587 0.0161978 0.0932578 
qwerty 89 252 0 5.91735 4.36855 4.03869 17.125 0.0322587 0.0161978 0.0932578 
qwerty 89 252 0 4.10184 4.54158 4.12557 17.6252 0.0172888 0.0392582 0.0903321 
qwerty 89 252 0 4.10184 4.57503 4.20153 17.8 0.0172888 0.0392582 0.0903321 
qwerty 89 252 0 4.10184 4.70422 4.49488 18.475 0.0172888 0.0392582 0.0903321 
qwerty 89 252 0 4.10184 4.83341 4.78824 19.15 0.0172888 0.0392582 0.0903321 
qwerty 89 252 0 4.10184 4.9626 5.08159 19.825 0.0172888 0.0392582 0.0903321 
qwerty 89 252 0 4.10184 5.09179 5.37495 20.5 0.0172888 0.0392582 0.0903321 
qwerty 89 252 0 4.10184 5.22098 5.6683 21.175 0.0172888 0.0392582 0.0903321 
qwerty 89 252 0 4.10184 5.35017 5.96165 21.85 0.0172888 0.0392582 0.0903321 
qwerty 89 252 0 4.10184 5.47936 6.25501 22.525 0.0172888 0.0392582 0.0903321 
qwerty 89 252 0 4.10184 5.60855 6.54836 23.2 0.0172888 0.0392582 0.0903321 
qwerty 89 252 0 4.10184 5.73774 6.84172 23.875 0.0172888 0.0392582 0.0903321 
qwerty 89 252 0 4.10184 5.86692 7.13507 24.55 0.0172888 0.0392582 0.0903321 
qwerty 89 252 0 4.10184 5.99611 7.42842 25.225 0.0172888 0.0392582 0.0903321 
qwerty 89 252 0 4.10184 6.1253 7.72178 25.9 0.0172888 0.0392582 0.0903321 
qwerty 89 252 0 4.10184 6.25 8.00493 26.5515 0.0172888 0.0392582 0.0903321 
qwerty 89 252 0 4.10184 6.25449 8.01513 26.575 0.0172888 0.0392582 0.0903321 
qwerty 89 252 0 4.10184 6.38368 8.30849 27.25 0.0172888 0.0392582 0.0903321 
qwerty 89 251 0 0.510999 1.25 9.54666 18.2816 0.0978421 -0.00227681 -0.0205362 
qwerty 89 251 0 0.510999 2.71059 9.51267 17.975 0.0978421 -0.00227681 -0.0205362 
qwerty 89 250 0 0.510999 -2.88755 9.64294 19.15 -0.0978421 0.00227681 0.0205362 
qwerty 89 249 0 0.493893 4.16874 9.81468 17.6122 0.0289505 0.0884607 -0.0365593 
qwerty 89 249 0 0.493893 4.41593 10.57 17.3 0.0289505 0.0884607 -0.0365593 
qwerty 89 249 0 0.493893 4.95045 12.2033 16.625 0.0289505 0.0884607 -0.0365593 
qwerty 89 248 0 0.510999 2.90591 7.96709 18.475 -0.0526507 -0.0770309 0.0359742 
qwerty 89 248 0 0.510999 1.918 6.52172 19.15 -0.0526507 -0.0770309 0.0359742 
qwerty 89 247 0 0.510999 -8.48946 -14.4768 16.45 -0.000949578 -0.033483 0.0942231 
qwerty 89 246 0 0.510999 -8.47762 -14.0592 15.275 0.000949578 0.033483 -0.0942231 
qwerty 89 245 0 1.32262 -3.75 -4.70253 10.0362 -0.0737217 -0.066371 0.0126495 
qwerty 89 245 0 1.32262 -5.72434 -6.48002 10.375 -0.0737217 -0.066371 0.0126495 
qwerty 89 245 0 1.32262 -8.24573 -8.75 10.8076 -0.0737217 -0.066371 0.0126495 
qwerty 89 245 0 1.32262 -9.65826 -10.0217 11.05 -0.0737217 -0.066371 0.0126495 
qwerty 89 244 0 0.601769 -1.39447 -4.68094 10.375 0.081657 -0.0495828 0.029558 
qwerty 89 244 0 0.564879 0.301084 -5.71049 10.9888 0.0956691 -0.0208045 0.0203614 
qwerty 89 244 0 0.564879 0.588864 -5.77308 11.05 0.0956691 -0.0208045 0.0203614 
qwerty 89 243 0 0.510999 -3.30944 -4.58835 11.725 -0.0538836 -0.0451989 0.0710888 
qwerty 89 243 0 0.510999 -3.82107 -5.01753 12.4 -0.0538836 -0.0451989 0.0710888 
qwerty 89 243 0 0.510999 -4.33271 -5.4467 13.075 -0.0538836 -0.0451989 0.0710888 
qwerty 89 243 0 0.510999 -4.84434 -5.87587 13.75 -0.0538836 -0.0451989 0.0710888 
qwerty 89 243 0 0.426362 -5.2794 -5.85706 14.425 -0.0517242 0.0164377 0.0839905 
qwerty 89 242 0 0.510999 -2.41882 -3.84128 10.55 0.0538836 0.0451989 -0.0710888 
qwerty 89 242 0 0.510999 -1.90718 -3.41211 9.875 0.0538836 0.0451989 -0.0710888 
qwerty 89 241 0 0.510999 2.47101 0.833121 8.35 -0.0530695 -0.0515516 0.067276 
qwerty 89 241 0 0.310771 0.757657 1.25 8.26697 -0.0969321 0.0240284 -0.00517817 
qwerty 89 241 0 0.233308 0.532529 1.30581 8.25494 -0.0582198 -0.0295724 0.0757359 
qwerty 89 241 0 0.233308 0.459456 1.26869 8.35 -0.0582198 -0.0295724 0.0757359 
qwerty 89 240 0 0.510999 3.39789 1.73349 7.175 0.0530695 0.0515516 -0.067276 
qwerty 89 240 0 0.510999 3.93035 2.25072 6.5 0.0530695 0.0515516 -0.067276 
qwerty 89 240 0 0.510999 4.46281 2.76795 5.825 0.0530695 0.0515516 -0.067276 
qwerty 89 239 0 0.6994 3.0538 1.25 7.86143 0.0353588 -0.0430264 0.0830571 
qwerty 89 239 0 0.6994 3.2618 0.996902 8.35 0.0353588 -0.0430264 0.0830571 
qwerty 89 238 0 0.349999 -3.31754 -3.78996 6.50139 -0.0489227 -0.00696796 -0.0869368 
qwerty 89 238 0 0.349999 -3.31832 -3.79008 6.5 -0.0489227 -0.00696796 -0.0869368 
qwerty 89 237 0 0.510999 -3.75 -4.17353 7.48316 -0.0379581 -0.0336669 0.0861726 
qwerty 89 237 0 0.510999 -3.8345 -4.24848 7.675 -0.0379581 -0.0336669 0.0861726 
qwerty 89 237 0 0.227216 -3.806 -5.05498 7.175 0.00570784 -0.0811918 -0.0580975 
qwerty 89 297 0.610561 8.95228 3.75 4.36838 19.5952 -0.0266247 -0.0344979 0.0900057 
qwerty 89 297 0.445579 8.5067 3.68201 4.28028 19.825 -0.0265001 -0.031729 0.091055 
qwerty 89 334 0.00998749 0.151013 -3.3163 -3.78912 6.50081 0.0821227 0.0531384 -0.0207886 
qwerty 89 334 0.00383135 0.147182 -3.31484 -3.78825 6.50035 0.0702089 0.0704204 -0.0105674 
qwerty 89 334 0.0077376 0.139444 -3.31368 -3.7873 6.50008 0.081294 0.0557852 -0.0167122 
qwerty 89 334 0.00180261 0.137641 -3.31329 -3.78703 6.5 0.0675402 0.0628791 -0.0385297 
qwerty 89 334 0.00343745 0.131665 -3.31359 -3.78643 6.50114 -0.020982 0.0208698 0.0955207 
qwerty 89 334 0.0060632 0.125602 -3.31374 -3.78613 6.50234 -0.0257223 0.0366225 0.0894268 
qwerty 89 334 0.0335184 0.0920833 -3.31382 -3.78562 6.50373 -0.0216569 0.0538951 0.0814021 
qwerty 89 334 0.0107239 0.0813594 -3.31441 -3.78517 6.50611 -0.00801977 0.0589726 0.0803612 
qwerty 89 334 0.0167792 0.0645802 -3.31379 -3.78423 6.50916 0.0744958 0.0438314 0.050291 
qwerty 89 334 0.0645802 0 -3.31097 -3.78258 6.51106 0.0744958 0.0438314 0.050291 
qwerty 89 329 0.0774631 0 0.529588 1.30836 8.25151 -0.0566778 0.0492292 -0.0660614 
qwerty 89 322 0.03689 0 0.300736 -5.71178 10.9892 -0.0248066 -0.0915057 0.0318016 
qwerty 89 313 0.0171055 0 4.16908 9.81457 17.6121 0.0945539 -0.0324587 -0.00244819 
qwerty 89 309 0.387462 1.42805 4.65723 4.06274 17.8 0.0205478 -0.0775317 0.0597212 
qwerty 89 307 0.0114612 0 2.82451 3.26495 12.7217 -0.0814218 0.00490218 0.0578486 
qwerty 89 303 0.95712 14.4234 3.02859 3.50574 13.75 0.0253759 0.0328298 0.090985 
qwerty 89 303 0.528005 1.38478 2.85855 3.79287 13.4285 -0.0185885 0.0330396 -0.0925357 
qwerty 89 303 0.317017 1.06777 2.82269 3.8566 13.25 0.0341411 -0.0939799 -0.00147085 
qwerty 89 352 0 0.166644 2.79257 4.28464 13.6132 -0.0483039 -0.0689929 -0.053914 
qwerty 89 352 0 0.166644 2.46714 3.81983 13.25 -0.0483039 -0.0689929 -0.053914 
qwerty 89 353 0.130014 0 2.79267 4.29725 13.6132 0.000772358 0.099997 0.000104062 
qwerty 89 348 0 1.98512 2.78569 3.84392 14.425 -0.033912 0.0417976 0.0842789 
qwerty 89 348 0 1.98512 2.51408 4.17868 15.1 -0.033912 0.0417976 0.0842789 
qwerty 89 348 0 1.98512 2.24248 4.51344 15.775 -0.033912 0.0417976 0.0842789 
qwerty 89 348 0 1.98512 1.97087 4.8482 16.45 -0.033912 0.0417976 0.0842789 
qwerty 89 348 0 1.27562 1.8441 4.82165 17.125 -0.0171719 -0.00706691 0.0982608 
qwerty 89 348 0 1.27562 1.72613 4.7731 17.8 -0.0171719 -0.00706691 0.0982608 
qwerty 89 348 0 1.27562 1.60817 4.72455 18.475 -0.0171719 -0.00706691 0.0982608 
qwerty 89 348 0 1.27562 1.49021 4.67601 19.15 -0.0171719 -0.00706691 0.0982608 
qwerty 89 348 0 1.27562 1.37225 4.62746 19.825 -0.0171719 -0.00706691 0.0982608 
qwerty 89 348 0 1.27562 1.25429 4.57892 20.5 -0.0171719 -0.00706691 0.0982608 
qwerty 89 348 0 1.27562 1.13633 4.53037 21.175 -0.0171719 -0.00706691 0.0982608 
qwerty 89 348 0 1.27562 1.01836 4.48182 21.85 -0.0171719 -0.00706691 0.0982608 
qwerty 89 348 0 1.27562 0.900402 4.43328 22.525 -0.0171719 -0.00706691 0.0982608 
qwerty 89 348 0 1.27562 0.78244 4.38473 23.2 -0.0171719 -0.00706691 0.0982608 
qwerty 89 348 0 1.21242 0.694274 4.34845 23.7045 -0.000912874 -0.0194458 0.0980868 
qwerty 89 348 0 1.21242 0.692688 4.31465 23.875 -0.000912874 -0.0194458 0.0980868 
qwerty 89 348 0 1.21242 0.686406 4.18083 24.55 -0.000912874 -0.0194458 0.0980868 
qwerty 89 348 0 1.21242 0.680123 4.04701 25.225 -0.000912874 -0.0194458 0.0980868 
qwerty 89 348 0 1.21242 0.673841 3.91319 25.9 -0.000912874 -0.0194458 0.0980868 
qwerty 89 348 0 1.21242 0.667559 3.77937 26.575 -0.000912874 -0.0194458 0.0980868 
qwerty 89 348 0 1.21242 0.661277 3.64555 27.25 -0.000912874 -0.0194458 0.0980868 
qwerty 89 348 0 1.21242 0.654995 3.51173 27.925 -0.000912874 -0.0194458 0.0980868 
qwerty 89 348 0 1.21242 0.648713 3.37791 28.6 -0.000912874 -0.0194458 0.0980868 
qwerty 89 348 0 0.227878 0.644917 3.29705 29.0079 0.0575928 0.0105942 -0.0810607 
qwerty 89 348 0 0.227878 0.810387 3.32748 28.775 0.0575928 0.0105942 -0.0810607 
qwerty 89 359 0.225317 0.759229 0.596311 3.24942 29.1234 0.00763621 -0.0372769 0.0924777 
qwerty 89 359 0.11835 0.638363 0.621012 3.23225 29.1802 0.0518786 -0.0723323 0.0455702 
qwerty 89 359 0.137914 0.500449 0.664745 3.17824 29.1906 0.0842047 -0.0539373 0.00057532 
qwerty 89 359 0.256435 0.244014 0.75364 3.17203 29.1672 0.0690157 0.0544501 0.0476658 
qwerty 89 359 0.244014 0 0.778049 3.19129 29.1841 0.0690157 0.0544501 0.0476658 
qwerty 89 358 0.0631991 0 0.691387 4.35047 23.7054 -0.0794169 0.0556041 0.0245181 
qwerty 89 361 0.00029101 0 0.630442 3.21905 29.1802 0.0581083 -0.0813844 -9.56576e-05 
qwerty 89 362 0.00222541 0 0.630451 3.21905 29.1802 0.0867753 0.047674 -0.0140442 
qwerty 89 347 0 0.690062 7.25383 6.98769 27.925 0.0472814 -0.0809185 0.0348809 
qwerty 89 347 0 0.690062 7.68486 6.25 28.243 0.0472814 -0.0809185 0.0348809 
qwerty 89 347 0 0.690062 8.1688 5.42179 28.6 0.0472814 -0.0809185 0.0348809 
qwerty 89 347 0 0.690062 8.75 4.4271 29.0288 0.0472814 -0.0809185 0.0348809 
qwerty 89 347 0 0.607975 8.77721 4.38053 29.0488 0.017337 -0.0982669 0.00656116 
qwerty 89 347 0 0.607975 9.3748 0.99339 29.275 0.017337 -0.0982669 0.00656116 
qwerty 89 363 0.0820872 0 8.78142 4.38128 29.0527 0.0733652 0.0129714 0.066703 
qwerty 89 344 0 0.510999 4.34181 1.25 20.4355 0.0213754 -0.0959945 0.0181149 
qwerty 89 344 0 0.510999 4.41794 0.90812 20.5 0.0213754 -0.0959945 0.0181149 
qwerty 89 341 0 1.2232 3.33355 3.80454 20.5 -0.0390287 -0.0531538 0.075176 
qwerty 89 341 0 1.2232 2.98312 3.32728 21.175 -0.0390287 -0.0531538 0.075176 
qwerty 89 341 0 1.2232 2.63268 2.85001 21.85 -0.0390287 -0.0531538 0.075176 
qwerty 89 341 0 1.2232 2.28225 2.37275 22.525 -0.0390287 -0.0531538 0.075176 
qwerty 89 341 0 1.2232 1.93181 1.89548 23.2 -0.0390287 -0.0531538 0.075176 
qwerty 89 341 0 1.2232 1.58137 1.41822 23.875 -0.0390287 -0.0531538 0.075176 
qwerty 89 341 0 1.2232 1.45786 1.25 24.1129 -0.0390287 -0.0531538 0.075176 
qwerty 89 341 0 1.2232 1.23094 0.940954 24.55 -0.0390287 -0.0531538 0.075176 
qwerty 89 341 0 0.282818 1.07901 0.599541 24.05 -0.0157522 -0.0417852 -0.0894755 
qwerty 89 340 0 0.307835 3.85263 4.37135 19.825 -0.00440344 -0.0287185 0.0956863 
qwerty 89 340 0 0.307835 3.82156 4.16876 20.5 -0.00440344 -0.0287185 0.0956863 
qwerty 89 340 0 0.307835 3.7905 3.96617 21.175 -0.00440344 -0.0287185 0.0956863 
qwerty 89 340 0 0.307835 3.75944 3.76358 21.85 -0.00440344 -0.0287185 0.0956863 
qwerty 89 339 0 0.510999 3.35403 2.81265 14.425 0.0231917 -0.0418259 0.0878222 
qwerty 89 339 0 0.444711 3.26497 2.71414 15.1 -0.0192617 -0.00894859 0.0977185 
qwerty 89 339 0 0.444711 3.13191 2.65233 15.775 -0.0192617 -0.00894859 0.0977185 
qwerty 89 339 0 0.444711 2.99886 2.59052 16.45 -0.0192617 -0.00894859 0.0977185 
qwerty 89 339 0 0.444711 2.86581 2.5287 17.125 -0.0192617 -0.00894859 0.0977185 
qwerty 89 338 0 0.510999 3.04374 3.37225 13.25 -0.0231917 0.0418259 -0.0878222 
qwerty 89 338 0 0.510999 2.86549 3.69372 12.575 -0.0231917 0.0418259 -0.0878222 
qwerty 89 338 0 0.248952 2.7514 3.89948 12.143 0.0452768 0.0826689 0.0334046 
qwerty 89 338 0 0.248952 3.09977 4.53556 12.4 0.0452768 0.0826689 0.0334046 
qwerty 89 376 0.262047 0 2.73562 3.90002 12.1067 -0.0398619 0.00136604 -0.0917015 
qwerty 89 379 0 0.510999 4.98717 4.35882 20.5 0.0903698 0.00748102 0.0421584 
qwerty 89 379 0 0.510999 6.25 4.46336 21.0891 0.0903698 0.00748102 0.0421584 
qwerty 89 379 0 0.510999 6.43409 4.4786 21.175 0.0903698 0.00748102 0.0421584 
qwerty 89 378 0 0.510999 2.46847 4.15032 19.325 -0.0903698 -0.00748102 -0.0421584 
