qwerty 1 0 0 200 0 0 -0.24999 0 0 0.1 
qwerty 3 1 0 230.284 0.0581694 0.125935 0.25 0.0112106 0.0242706 0.0963601 
qwerty 4 3 0.941685 40.3007 0.147186 0.168483 0.925 0.0181338 -0.00451761 0.0982383 
qwerty 4 3 0.799125 30.5414 0.289426 0.0689715 1.6 0.0239543 -0.00678405 0.0968513 
qwerty 4 3 0.863086 17.2595 0.460907 0.238296 2.275 0.0186252 0.0343613 0.0920457 
qwerty 16 4 0 7.43495 -0.758982 -2.08024 1.775 -0.0457946 -0.0850088 -0.0260068 
qwerty 15 4 0 0.246973 0.144808 -0.615923 2.80523 0.0608993 0.0266879 -0.0746929 
qwerty 15 4 0 0.246973 0.43444 -0.488997 2.45 0.0608993 0.0266879 -0.0746929 
qwerty 15 4 0 0.13614 0.893221 -0.287946 1.88731 -0.0990928 0.00479536 0.0125547 
qwerty 15 4 0 0.100834 0.739026 -0.280484 1.90684 0.0438919 0.034464 0.0829803 
qwerty 15 4 0 0.100834 0.93376 -0.127578 2.275 0.0438919 0.034464 0.0829803 
qwerty 23 15 0.0353056 0 0.737823 -0.280674 1.90639 -0.0927311 -0.0146077 -0.0344608 
qwerty 22 15 0.110833 0 0.900968 -0.286334 1.88183 0.0805189 0.016759 -0.0568844 
qwerty 21 15 0.292825 0.982548 0.0647474 -0.695696 2.90061 -0.0237209 -0.0491783 0.0837783 
qwerty 21 15 0.0925091 0.890039 0.0507619 -0.724691 2.95 0.00715408 -0.0191564 0.0978869 
qwerty 13 4 0 1.59202 0.428076 0.330405 2.95 -0.00710457 0.0132545 0.0988628 
qwerty 13 4 0 1.59202 0.379569 0.420902 3.625 -0.00710457 0.0132545 0.0988628 
qwerty 13 4 0 1.59202 0.331061 0.511399 4.3 -0.00710457 0.0132545 0.0988628 
qwerty 13 4 0 1.59202 0.282554 0.601896 4.975 -0.00710457 0.0132545 0.0988628 
qwerty 13 4 0 1.59202 0.234046 0.692393 5.65 -0.00710457 0.0132545 0.0988628 
qwerty 13 4 0 1.59202 0.185539 0.78289 6.325 -0.00710457 0.0132545 0.0988628 
qwerty 13 4 0 1.59202 0.137031 0.873387 7 -0.00710457 0.0132545 0.0988628 
qwerty 13 4 0 1.59202 0.0885239 0.963884 7.675 -0.00710457 0.0132545 0.0988628 
qwerty 13 4 0 1.59202 0.0400164 1.05438 8.35 -0.00710457 0.0132545 0.0988628 
qwerty 13 4 0 1.59202 -0.00849111 1.14488 9.025 -0.00710457 0.0132545 0.0988628 
qwerty 13 4 0 1.59202 -0.0569986 1.23537 9.7 -0.00710457 0.0132545 0.0988628 
qwerty 13 4 0 1.59202 -0.105506 1.32587 10.375 -0.00710457 0.0132545 0.0988628 
qwerty 13 4 0 1.59202 -0.154014 1.41637 11.05 -0.00710457 0.0132545 0.0988628 
qwerty 13 4 0 1.59202 -0.202521 1.50687 11.725 -0.00710457 0.0132545 0.0988628 
qwerty 13 4 0 1.59202 -0.251029 1.59736 12.4 -0.00710457 0.0132545 0.0988628 
qwerty 13 4 0 1.59202 -0.299536 1.68786 13.075 -0.00710457 0.0132545 0.0988628 
qwerty 13 4 0 1.11915 -0.51324 1.478 13.75 -0.0307495 -0.0322035 0.08954 
qwerty 13 4 0 1.11915 -0.745046 1.23524 14.425 -0.0307495 -0.0322035 0.08954 
qwerty 13 4 0 1.11915 -0.976851 0.99247 15.1 -0.0307495 -0.0322035 0.08954 
qwerty 13 4 0 1.11915 -1.20866 0.749703 15.775 -0.0307495 -0.0322035 0.08954 
qwerty 13 4 0 1.11915 -1.44046 0.506936 16.45 -0.0307495 -0.0322035 0.08954 
qwerty 13 4 0 1.11915 -1.67227 0.264169 17.125 -0.0307495 -0.0322035 0.08954 
qwerty 13 4 0 1.11915 -1.90407 0.0214021 17.8 -0.0307495 -0.0322035 0.08954 
qwerty 13 4 0 1.11915 -2.13588 -0.221365 18.475 -0.0307495 -0.0322035 0.08954 
qwerty 13 4 0 1.11915 -2.36769 -0.464132 19.15 -0.0307495 -0.0322035 0.08954 
qwerty 13 4 0 1.11915 -2.59949 -0.706899 19.825 -0.0307495 -0.0322035 0.08954 
qwerty 13 4 0 1.11915 -2.8313 -0.949666 20.5 -0.0307495 -0.0322035 0.08954 
qwerty 13 4 0 1.11915 -3.0631 -1.19243 21.175 -0.0307495 -0.0322035 0.08954 
qwerty 13 4 0 1.11915 -3.29491 -1.4352 21.85 -0.0307495 -0.0322035 0.08954 
qwerty 13 4 0 1.11915 -3.52671 -1.67797 22.525 -0.0307495 -0.0322035 0.08954 
qwerty 13 4 0 1.11915 -3.75852 -1.92073 23.2 -0.0307495 -0.0322035 0.08954 
qwerty 13 4 0 1.11915 -3.99033 -2.1635 23.875 -0.0307495 -0.0322035 0.08954 
qwerty 13 4 0 1.11915 -4.22213 -2.40627 24.55 -0.0307495 -0.0322035 0.08954 
qwerty 13 4 0 1.11915 -4.45394 -2.64904 25.225 -0.0307495 -0.0322035 0.08954 
qwerty 13 4 0 1.11915 -4.68574 -2.8918 25.9 -0.0307495 -0.0322035 0.08954 
qwerty 13 4 0 1.11915 -4.91755 -3.13457 26.575 -0.0307495 -0.0322035 0.08954 
qwerty 13 4 0 1.11915 -5.14936 -3.37734 27.25 -0.0307495 -0.0322035 0.08954 
qwerty 13 4 0 1.11915 -5.37535 -3.6016 27.925 -0.0301831 -0.0296063 0.0906226 
qwerty 13 4 0 1.11915 -5.52664 -3.75 28.3792 -0.0301831 -0.0296063 0.0906226 
qwerty 13 4 0 1.11915 -5.60017 -3.82212 28.6 -0.0301831 -0.0296063 0.0906226 
qwerty 13 4 0 1.11915 -5.82498 -4.04264 29.275 -0.0301831 -0.0296063 0.0906226 
qwerty 13 4 0 1.11915 -6.0498 -4.26316 29.95 -0.0301831 -0.0296063 0.0906226 
qwerty 13 4 0 1.11915 -6.25 -4.45954 30.5511 -0.0301831 -0.0296063 0.0906226 
qwerty 13 4 0 1.11915 -6.27462 -4.48368 30.625 -0.0301831 -0.0296063 0.0906226 
qwerty 13 4 0 1.11915 -6.49944 -4.70421 31.3 -0.0301831 -0.0296063 0.0906226 
qwerty 13 4 0 1.11915 -6.72426 -4.92473 31.975 -0.0301831 -0.0296063 0.0906226 
qwerty 12 4 0 0.686682 0.572104 0.295485 2.95 0.0153543 0.00772733 0.0985116 
qwerty 12 4 0 0.686682 0.677311 0.348433 3.625 0.0153543 0.00772733 0.0985116 
qwerty 12 4 0 0.686682 0.782518 0.40138 4.3 0.0153543 0.00772733 0.0985116 
qwerty 11 4 0 9.58841 0.639396 0.109033 2.275 0.047102 0.00577766 0.0880228 
qwerty 11 4 0 9.58841 1.0006 0.153339 2.95 0.047102 0.00577766 0.0880228 
qwerty 11 4 0 9.58841 1.25 0.183932 3.41608 0.047102 0.00577766 0.0880228 
qwerty 11 4 0 9.58841 1.3618 0.197645 3.625 0.047102 0.00577766 0.0880228 
qwerty 11 4 0 9.58841 1.723 0.241951 4.3 0.047102 0.00577766 0.0880228 
qwerty 11 4 0 9.58841 2.0842 0.286256 4.975 0.047102 0.00577766 0.0880228 
qwerty 11 4 0 9.58841 2.4454 0.330562 5.65 0.047102 0.00577766 0.0880228 
qwerty 11 4 0 9.58841 2.8066 0.374868 6.325 0.047102 0.00577766 0.0880228 
qwerty 11 4 0 9.58841 3.1678 0.419174 7 0.047102 0.00577766 0.0880228 
qwerty 11 4 0 9.58841 3.529 0.46348 7.675 0.047102 0.00577766 0.0880228 
qwerty 11 4 0 9.58841 3.8902 0.507785 8.35 0.047102 0.00577766 0.0880228 
qwerty 11 4 0 9.58841 4.2514 0.552091 9.025 0.047102 0.00577766 0.0880228 
qwerty 11 4 0 9.58841 4.6126 0.596397 9.7 0.047102 0.00577766 0.0880228 
qwerty 11 4 0 9.58841 4.9738 0.640703 10.375 0.047102 0.00577766 0.0880228 
qwerty 11 4 0 9.58841 5.335 0.685008 11.05 0.047102 0.00577766 0.0880228 
qwerty 11 4 0 9.58841 5.6962 0.729314 11.725 0.047102 0.00577766 0.0880228 
qwerty 11 4 0 9.58841 6.0574 0.77362 12.4 0.047102 0.00577766 0.0880228 
qwerty 11 4 0 9.58841 6.25 0.797245 12.7599 0.047102 0.00577766 0.0880228 
qwerty 11 4 0 9.58841 6.4186 0.817926 13.075 0.047102 0.00577766 0.0880228 
qwerty 11 4 0 9.58841 6.7798 0.862232 13.75 0.047102 0.00577766 0.0880228 
qwerty 11 4 0 9.58841 7.141 0.906537 14.425 0.047102 0.00577766 0.0880228 
qwerty 11 4 0 9.58841 7.5022 0.950843 15.1 0.047102 0.00577766 0.0880228 
qwerty 11 4 0 9.58841 7.8634 0.995149 15.775 0.047102 0.00577766 0.0880228 
qwerty 11 4 0 9.58841 8.2246 1.03945 16.45 0.047102 0.00577766 0.0880228 
qwerty 11 4 0 9.58841 8.5858 1.08376 17.125 0.047102 0.00577766 0.0880228 
qwerty 11 4 0 9.58841 8.947 1.12807 17.8 0.047102 0.00577766 0.0880228 
qwerty 11 4 0 9.58841 9.3082 1.17237 18.475 0.047102 0.00577766 0.0880228 
qwerty 33 31 0 2.01586 8.73021 0.0891001 19.15 -0.0451815 -0.0805767 0.0382887 
qwerty 33 31 0 2.01586 7.93369 -1.3314 19.825 -0.0451815 -0.0805767 0.0382887 
qwerty 33 31 0 2.01586 7.13718 -2.75191 20.5 -0.0451815 -0.0805767 0.0382887 
qwerty 33 31 0 2.01586 6.34066 -4.17241 21.175 -0.0451815 -0.0805767 0.0382887 
qwerty 33 31 0 2.01586 5.54415 -5.59291 21.85 -0.0451815 -0.0805767 0.0382887 
qwerty 33 31 0 2.01586 4.74764 -7.01341 22.525 -0.0451815 -0.0805767 0.0382887 
qwerty 33 31 0 2.01586 3.95112 -8.43392 23.2 -0.0451815 -0.0805767 0.0382887 
qwerty 33 31 0 0.374885 3.59316 -9.07231 23.5034 -0.0811308 0.0379696 -0.0444533 
qwerty 33 31 0 0.374885 3.35891 -8.96268 23.375 -0.0811308 0.0379696 -0.0444533 
qwerty 34 33 0.491361 1.14962 3.54848 -9.33653 23.5964 0.023336 -0.0412017 -0.0880786 
qwerty 34 33 0.439144 0.710472 3.60852 -9.45211 23.425 -0.0567429 -0.0288917 0.0771072 
qwerty 34 33 0.324417 0.386055 3.44618 -9.50828 23.4712 -0.0191972 -0.0917734 -0.0347724 
qwerty 34 33 0.386055 0 3.43242 -9.57411 23.4462 -0.0491535 -0.0791195 -0.0363874 
qwerty 7 4 0 6.6542 0.278384 0.113704 1.6 0.0190247 -0.0079497 0.0978512 
qwerty 7 4 0 6.6542 0.409621 0.0588653 2.275 0.0190247 -0.0079497 0.0978512 
qwerty 7 4 0 6.6542 0.540858 0.00402649 2.95 0.0190247 -0.0079497 0.0978512 
qwerty 7 4 0 6.6542 0.672095 -0.0508124 3.625 0.0190247 -0.0079497 0.0978512 
qwerty 7 4 0 6.6542 0.803332 -0.105651 4.3 0.0190247 -0.0079497 0.0978512 
qwerty 7 4 0 6.6542 0.934569 -0.16049 4.975 0.0190247 -0.0079497 0.0978512 
qwerty 7 4 0 6.6542 1.06581 -0.215329 5.65 0.0190247 -0.0079497 0.0978512 
qwerty 7 4 0 6.6542 1.19704 -0.270168 6.325 0.0190247 -0.0079497 0.0978512 
qwerty 7 4 0 6.6542 1.32828 -0.325007 7 0.0190247 -0.0079497 0.0978512 
qwerty 7 4 0 6.6542 1.45952 -0.379845 7.675 0.0190247 -0.0079497 0.0978512 
qwerty 7 4 0 6.6542 1.59075 -0.434684 8.35 0.0190247 -0.0079497 0.0978512 
qwerty 7 4 0 6.6542 1.72199 -0.489523 9.025 0.0190247 -0.0079497 0.0978512 
qwerty 7 4 0 6.6542 1.85323 -0.544362 9.7 0.0190247 -0.0079497 0.0978512 
qwerty 40 7 0.57841 1.57923 2.01366 -0.647037 9.41212 -0.024152 -0.0318986 -0.0916469 
qwerty 40 7 0.438026 1.1412 1.95775 -0.720868 9.2 0.00028504 0.000729349 -0.0999969 
qwerty 6 4 0 0.52159 0.290727 0.321817 0.925 0.0342455 0.0262339 0.0902166 
qwerty 6 4 0 0.52159 0.546951 0.518098 1.6 0.0342455 0.0262339 0.0902166 
qwerty 6 4 0 0.52159 0.803176 0.71438 2.275 0.0342455 0.0262339 0.0902166 
qwerty 6 4 0 0.52159 1.0594 0.910662 2.95 0.0342455 0.0262339 0.0902166 
qwerty 6 4 0 0.52159 1.25 1.05667 3.45212 0.0342455 0.0262339 0.0902166 
qwerty 6 4 0 0.52159 1.31562 1.10694 3.625 0.0342455 0.0262339 0.0902166 
qwerty 6 4 0 0.52159 1.50237 1.25 4.11696 0.0342455 0.0262339 0.0902166 
qwerty 6 4 0 0.52159 1.57185 1.30323 4.3 0.0342455 0.0262339 0.0902166 
qwerty 6 4 0 0.397327 1.68977 2.44737 4.975 0.00781204 0.0870428 0.0486058 
qwerty 2 1 0 104.693 -0.152437 -0.33002 0.25 -0.0246592 -0.0533861 0.0808817 
qwerty 45 2 1.06292 25.9659 -0.296414 -0.879445 0.925 -0.0216202 -0.0658428 0.0720922 
qwerty 45 2 0.930768 21.2257 -0.221458 -1.24555 1.6 0.0226077 -0.0366618 0.0902486 
qwerty 45 2 0.892406 12.6425 -0.0259397 -1.62091 2.275 0.0202184 -0.0568477 0.0797468 
qwerty 41 7 0.266038 0.957672 1.85384 -0.42589 9.6002 -0.0333654 0.0715363 -0.0613947 
qwerty 41 7 0.315315 0.642357 1.74417 -0.306889 9.531 -0.0463552 0.0693744 -0.0551216 
qwerty 41 7 0.246896 0.395461 1.636 -0.21377 9.52808 -0.0286901 0.094557 0.0153572 
qwerty 41 7 0.31618 0.0792812 1.61464 -0.14337 9.53951 -0.0106733 0.0180123 0.0977836 
qwerty 41 7 0.0792812 0 1.61407 -0.142421 9.54467 -0.0106733 0.0180123 0.0977836 
qwerty 41 7 0 0 1.61407 -0.142421 9.54467 -0.0106733 0.0180123 0.0977836 
qwerty 32 11 0.773463 0.925482 9.07421 1.31841 18.3292 -0.0736569 0.0267311 -0.0621297 
qwerty 32 11 0.338186 0.587296 8.91791 1.43502 18.2725 0.0689147 -0.0253347 0.067889 
qwerty 32 11 0.322882 0.264414 8.92901 1.42866 18.4373 -0.0675732 -0.0708446 0.020369 
qwerty 32 11 0.264414 0 8.90202 1.40036 18.4454 -0.0675732 -0.0708446 0.020369 
qwerty 32 11 0 0 8.90202 1.40036 18.4454 -0.0675732 -0.0708446 0.020369 
qwerty 5 3 0.884301 180.669 0.117093 0.278495 0.925 0.00863607 0.0210803 0.0973706 
qwerty 5 3 0.45517 171.696 0.164687 0.362427 1.37363 0.0112503 0.0162782 0.0980227 
qwerty 5 3 0.37224 171.324 0.190668 0.40002 1.6 0.0113374 0.0156661 0.0981124 
qwerty 5 3 0.294746 142.143 0.243879 0.46097 1.95527 0.0151344 0.0177761 0.0972366 
qwerty 5 3 0.611861 141.531 0.293643 0.51942 2.275 0.0150135 0.0176938 0.0972704 
qwerty 5 3 0.807408 138.428 0.424393 0.696198 2.95 0.0190594 0.0277561 0.0941612 
qwerty 5 3 1.12989 127.478 0.592592 0.86433 3.625 0.025458 0.0230013 0.0939299 
qwerty 5 3 0.861932 99.4248 0.819902 1.05357 4.25825 0.0324425 0.0327487 0.0887413 
qwerty 5 3 0.131011 99.2938 0.835164 1.06898 4.3 0.0320522 0.0326631 0.0889145 
qwerty 5 3 0.944388 92.4237 0.899875 1.26345 4.975 0.00302966 0.0239487 0.0970427 
qwerty 5 3 0.406375 42.3385 0.886514 1.37434 5.38712 -0.0068499 0.0283901 0.0956404 
qwerty 5 3 0.482177 41.8564 0.867686 1.45238 5.65 -0.00794674 0.0290183 0.0953666 
qwerty 5 3 0.940898 32.7321 0.681925 1.76741 6.325 -0.0316241 0.0379673 0.0869391 
qwerty 5 3 0.987253 29.0253 0.340616 1.99042 7 -0.049217 0.0190845 0.0849321 
qwerty 5 3 0.822895 15.0818 0.174738 2.0692 7.675 -0.00997993 0.0177152 0.0979111 
qwerty 5 3 1.11028 4.15952 0.36259 2.80346 8.14417 0.0063144 0.0858082 0.0509615 
qwerty 5 3 0.613402 3.54612 0.388094 3.15004 8.35 0.0301999 0.0764167 0.0569952 
qwerty 5 3 0.953829 1.50553 0.397039 3.59873 8.32918 -0.0124571 0.099199 0.00209303 
qwerty 5 3 0.231197 1.27433 0.378043 3.75 8.33237 -0.0427242 0.0875969 -0.0223926 
qwerty 5 3 0.270297 1.00404 0.298438 3.87827 8.27696 -0.0466453 0.0878325 -0.0104722 
qwerty 5 3 0.231491 0.772544 0.222427 3.98797 8.22373 -0.0242247 0.0931324 -0.0271942 
qwerty 5 3 0.314447 0.458098 0.220722 4.12843 8.18522 -0.0399912 0.0911712 -0.00940787 
qwerty 5 3 0.295979 0.162119 0.152948 4.19186 8.11863 0.031464 0.0225089 -0.0922137 
qwerty 5 3 0.162119 0 0.158605 4.19591 8.10205 0.031464 0.0225089 -0.0922137 
qwerty 5 3 0 0 0.158605 4.19591 8.10205 0.031464 0.0225089 -0.0922137 
qwerty 94 5 0.955367 7.36193 0.170011 1.99334 7.675 -0.0602901 -0.0194508 0.0773742 
qwerty 94 5 0.945208 4.10066 0.018921 2.17182 7.175 -0.0128036 0.0700812 -0.0701762 
qwerty 87 5 0.134105 0.428542 0.914519 1.41408 5.43793 -0.0720257 0.0175618 0.0671109 
qwerty 87 5 0.368845 0.0596971 0.85467 1.42868 5.4937 -0.0970286 9.30138e-05 -0.0241958 
qwerty 87 5 0.0596971 0 0.851478 1.42868 5.4929 -0.0970286 9.30138e-05 -0.0241958 
qwerty 78 5 0.0255907 0.503328 0.836448 1.06007 4.29526 0.0318056 -0.0840755 -0.0438145 
qwerty 78 5 0.0306596 0.472669 0.840662 1.04844 4.28503 0.0344831 -0.0872031 -0.0347353 
qwerty 78 5 0.0269057 0.445763 0.845856 1.0332 4.27636 -0.0181839 -0.0789898 -0.0585658 
qwerty 78 5 0.0245697 0.421193 0.842019 1.01927 4.27058 -0.0605563 -0.0695384 -0.0386956 
qwerty 78 5 0.0382869 0.382906 0.835432 1.00766 4.26483 -0.0389794 -0.0692645 -0.060688 
qwerty 78 5 0.0366255 0.346281 0.830214 0.992127 4.25099 0.0389524 -0.0826789 -0.040582 
qwerty 78 5 0.039907 0.306374 0.832808 0.974181 4.2367 0.0255861 -0.0946222 -0.0197988 
qwerty 78 5 0.0738936 0.23248 0.853052 0.951676 4.21961 0.0898897 -0.0403165 0.017159 
qwerty 78 5 0.23248 0 0.882487 0.938474 4.22523 0.0898897 -0.0403165 0.017159 
qwerty 77 5 0.147348 21.3993 0.834777 1.05789 4.3 0.037413 0.00607186 0.0925387 
qwerty 76 5 0.359789 1.04984 0.77408 0.797375 3.9451 -0.0285092 -0.0312413 0.0906157 
qwerty 76 5 0.776675 0.273167 0.621303 0.684352 4.07414 -0.0367634 -0.0763042 0.0531613 
qwerty 76 5 0.273167 0 0.605769 0.65211 4.0966 -0.0367634 -0.0763042 0.0531613 
qwerty 64 5 0.611942 4.06663 0.159094 0.513453 1.6 0.040495 0.0441254 0.0800819 
qwerty 64 5 0.870288 2.57107 0.37415 0.0628007 1.43075 0.0501146 -0.0800786 -0.0328014 
qwerty 64 5 0.632181 1.93889 0.693036 -0.190937 1.33793 0.0711697 -0.0698173 0.00777265 
qwerty 64 5 0.512699 1.42321 0.959538 -0.325346 1.32356 0.050979 -0.0859929 0.00252319 
qwerty 64 5 0.0610169 1.35384 0.976651 -0.358698 1.32377 0.0495195 -0.0854528 -0.0156729 
qwerty 64 5 0.45248 0.901362 1.12006 -0.531956 1.18648 0.0953861 -0.00777289 -0.0290013 
qwerty 64 5 0.37709 0.524272 1.2985 -0.535485 1.16731 0.0627998 -0.0624632 0.0464169 
qwerty 64 5 0.351638 0.172635 1.36855 -0.641885 1.15822 -0.0208874 -0.0970122 -0.0123432 
qwerty 64 5 0.172635 0 1.36433 -0.661499 1.15572 -0.0208874 -0.0970122 -0.0123432 
qwerty 44 2 1.10771 71.8589 -0.451301 -0.842626 0.925 -0.0370971 -0.0567452 0.0735104 
qwerty 44 2 1.10143 64.1332 -0.81649 -1.25 1.54726 -0.0418874 -0.0460817 0.0782427 
qwerty 44 2 0.161293 63.9719 -0.844725 -1.28106 1.6 -0.0420366 -0.0459289 0.0782525 
qwerty 44 2 0.810462 27.2549 -1.18633 -1.56373 1.87136 -0.0731627 -0.0627885 0.0265486 
qwerty 44 2 0.0175467 27.2027 -1.19694 -1.57274 1.8752 -0.0727383 -0.0632418 0.0266388 
qwerty 44 2 0.112891 27.0898 -1.25 -1.61887 1.89463 -0.0731638 -0.0637134 0.0242415 
qwerty 44 2 2.86098 24.2288 -2.39799 -2.61858 2.275 -0.0755555 -0.0631858 0.0172894 
qwerty 44 2 1.63411 6.20839 -1.68477 -2.90722 1.775 0.0909384 0.00644625 -0.0410933 
qwerty 119 44 0 1.0481 -0.324146 -3.75 1.51583 0.0829075 -0.0535643 -0.0160377 
qwerty 119 44 0 1.0481 1.82548 -5.13882 1.1 0.0829075 -0.0535643 -0.0160377 
qwerty 118 44 0 0.215078 -2.03549 -2.8292 2.05861 -0.0616588 -0.0786223 -0.0040903 
qwerty 118 44 0 0.215078 -3.75 -5.0154 1.94487 -0.0616588 -0.0786223 -0.0040903 
qwerty 118 44 0 0.215078 -6.25 -8.20319 1.77902 -0.0616588 -0.0786223 -0.0040903 
qwerty 118 44 0 0.208524 -6.29712 -8.26328 1.7759 -0.0523675 -0.0744728 -0.0413696 
qwerty 118 44 0 0.208524 -6.29826 -8.2649 1.775 -0.0523675 -0.0744728 -0.0413696 
qwerty 126 118 0.00655309 0 -6.29714 -8.26329 1.77596 -0.0285208 -0.0168148 0.0943601 
qwerty 125 118 0.336482 0.0310599 -1.97456 -2.81573 2.03505 -0.055465 0.00747142 -0.0828722 
qwerty 125 118 0.0310599 0 -1.97514 -2.81565 2.0342 -0.055465 0.00747142 -0.0828722 
qwerty 117 44 0 2.35244 -2.60273 -3.75 2.54776 -0.00379227 -0.0876017 0.0480787 
qwerty 117 44 0 2.35244 -2.63445 -4.4829 2.95 -0.00379227 -0.0876017 0.0480787 
qwerty 117 44 0 2.35244 -2.68769 -5.71279 3.625 -0.00379227 -0.0876017 0.0480787 
qwerty 117 44 0 2.35244 -2.71095 -6.25 3.91984 -0.00379227 -0.0876017 0.0480787 
qwerty 117 44 0 2.35244 -2.74094 -6.94267 4.3 -0.00379227 -0.0876017 0.0480787 
qwerty 117 44 0 2.35244 -2.79418 -8.17255 4.975 -0.00379227 -0.0876017 0.0480787 
qwerty 117 44 0 2.35244 -2.81918 -8.75 5.29192 -0.00379227 -0.0876017 0.0480787 
qwerty 117 44 0 2.35244 -2.84742 -9.40244 5.65 -0.00379227 -0.0876017 0.0480787 
qwerty 117 44 0 2.35244 -2.90066 -10.6323 6.325 -0.00379227 -0.0876017 0.0480787 
qwerty 117 44 0 1.33271 -2.67551 -11.25 6.61459 0.0512014 -0.0793706 0.032844 
qwerty 117 44 0 1.33271 -2.07469 -12.1814 7 0.0512014 -0.0793706 0.032844 
qwerty 117 44 0 1.33271 -1.25 -13.4598 7.52901 0.0512014 -0.0793706 0.032844 
qwerty 117 44 0 1.33271 -1.02241 -13.8126 7.675 0.0512014 -0.0793706 0.032844 
qwerty 117 44 0 1.33271 0.0298638 -15.4438 8.35 0.0512014 -0.0793706 0.032844 
qwerty 117 44 0 0.291855 -0.0651718 -16.1708 8.02664 -0.0989197 0.00682009 -0.012976 
qwerty 117 44 0 0.291855 -1.41175 -16.078 7.85 -0.0989197 0.00682009 -0.012976 
qwerty 133 117 0.151455 0 -0.0602472 -16.1827 8.01669 0.0302479 -0.0731277 -0.0611343 
qwerty 114 44 0 0.0346199 -1.25 -1.61838 1.89461 -0.073051 -0.0628429 0.0267267 
qwerty 114 44 0.00029101 0 -1.80299 -2.09409 2.09693 -0.073051 -0.0628429 0.0267267 
qwerty 140 114 0.0343289 0 -1.80365 -2.0938 2.09793 -0.0535681 0.0239572 0.0809723 
qwerty 113 44 0 6.46486 -1.25 -1.61863 1.89583 -0.0727154 -0.0627029 0.0279431 
qwerty 113 44 0 6.46486 -2.2367 -2.46947 2.275 -0.0727154 -0.0627029 0.0279431 
qwerty 113 44 0 6.46486 -3.72171 -3.75 2.84566 -0.0727154 -0.0627029 0.0279431 
qwerty 113 44 0 6.46486 -3.99324 -3.98413 2.95 -0.0727154 -0.0627029 0.0279431 
qwerty 112 44 0 5.33506 -1.20545 -1.61767 2.275 -0.0444688 -0.0412775 0.0794903 
qwerty 112 44 0 5.33506 -1.58306 -1.96819 2.95 -0.0444688 -0.0412775 0.0794903 
qwerty 112 44 0 5.33506 -1.96067 -2.3187 3.625 -0.0444688 -0.0412775 0.0794903 
qwerty 112 44 0 5.33506 -2.33828 -2.66921 4.3 -0.0444688 -0.0412775 0.0794903 
qwerty 112 44 0 5.33506 -2.71589 -3.01972 4.975 -0.0444688 -0.0412775 0.0794903 
qwerty 112 44 0 5.33506 -3.0935 -3.37023 5.65 -0.0444688 -0.0412775 0.0794903 
qwerty 112 44 0 4.93141 -3.35068 -3.60895 6.10971 -0.0352002 -0.0362939 0.0862768 
qwerty 112 44 0 4.93141 -3.43851 -3.69952 6.325 -0.0352002 -0.0362939 0.0862768 
qwerty 112 44 0 4.93141 -3.71391 -3.98347 7 -0.0352002 -0.0362939 0.0862768 
qwerty 112 44 0 4.93141 -3.9893 -4.26742 7.675 -0.0352002 -0.0362939 0.0862768 
qwerty 112 44 0 4.93141 -4.2647 -4.55137 8.35 -0.0352002 -0.0362939 0.0862768 
qwerty 112 44 0 4.93141 -4.54009 -4.83532 9.025 -0.0352002 -0.0362939 0.0862768 
qwerty 112 44 0 4.93141 -4.81549 -5.11927 9.7 -0.0352002 -0.0362939 0.0862768 
qwerty 143 112 0.326517 0.0771327 -3.41485 -3.65052 6.10831 -0.0102261 0.0994377 -0.00275148 
qwerty 143 112 0.0771327 0 -3.41538 -3.6454 6.10817 -0.0102261 0.0994377 -0.00275148 
qwerty 146 144 0 1.21487 -5.8839 -5.41247 10.375 -0.0859999 -0.0204046 0.0467725 
qwerty 146 144 0 1.21487 -7.12501 -5.70694 11.05 -0.0859999 -0.0204046 0.0467725 
qwerty 146 144 0 1.21487 -8.36613 -6.00141 11.725 -0.0859999 -0.0204046 0.0467725 
qwerty 111 44 0 0.249544 -1.21197 -1.59092 2.275 -0.0442445 -0.0372183 0.0815918 
qwerty 110 44 0 18.4255 -1.19529 -1.597 2.275 -0.0423501 -0.0382669 0.0821104 
qwerty 110 44 0 18.4255 -1.54344 -1.91158 2.95 -0.0423501 -0.0382669 0.0821104 
qwerty 110 44 0 18.4255 -1.89158 -2.22616 3.625 -0.0423501 -0.0382669 0.0821104 
qwerty 110 44 0 18.4255 -2.23973 -2.54074 4.3 -0.0423501 -0.0382669 0.0821104 
qwerty 110 44 0 18.4255 -2.58787 -2.85532 4.975 -0.0423501 -0.0382669 0.0821104 
qwerty 110 44 0 18.4255 -2.93602 -3.16989 5.65 -0.0423501 -0.0382669 0.0821104 
qwerty 110 44 0 18.4255 -3.28416 -3.48447 6.325 -0.0423501 -0.0382669 0.0821104 
qwerty 110 44 0 18.4255 -3.57802 -3.75 6.89475 -0.0423501 -0.0382669 0.0821104 
qwerty 110 44 0 18.4255 -3.63231 -3.79905 7 -0.0423501 -0.0382669 0.0821104 
qwerty 110 44 0 18.4255 -3.75 -3.9054 7.22819 -0.0423501 -0.0382669 0.0821104 
qwerty 110 44 0 18.4255 -3.98045 -4.11363 7.675 -0.0423501 -0.0382669 0.0821104 
qwerty 110 44 0 18.4255 -4.3286 -4.42821 8.35 -0.0423501 -0.0382669 0.0821104 
qwerty 110 44 0 18.4255 -4.67674 -4.74279 9.025 -0.0423501 -0.0382669 0.0821104 
qwerty 110 44 0 18.4255 -5.02489 -5.05736 9.7 -0.0423501 -0.0382669 0.0821104 
qwerty 110 44 0 18.4255 -5.37303 -5.37194 10.375 -0.0423501 -0.0382669 0.0821104 
qwerty 110 44 0 18.4255 -5.72118 -5.68652 11.05 -0.0423501 -0.0382669 0.0821104 
qwerty 110 44 0 18.4255 -6.06932 -6.0011 11.725 -0.0423501 -0.0382669 0.0821104 
qwerty 110 44 0 18.4255 -6.34478 -6.25 12.2591 -0.0423501 -0.0382669 0.0821104 
qwerty 110 44 0 18.4255 -6.41747 -6.31568 12.4 -0.0423501 -0.0382669 0.0821104 
qwerty 110 44 0 18.4255 -6.76561 -6.63026 13.075 -0.0423501 -0.0382669 0.0821104 
qwerty 110 44 0 18.4255 -7.11376 -6.94483 13.75 -0.0423501 -0.0382669 0.0821104 
qwerty 110 44 0 18.4255 -7.4619 -7.25941 14.425 -0.0423501 -0.0382669 0.0821104 
qwerty 110 44 0 18.4255 -7.81005 -7.57399 15.1 -0.0423501 -0.0382669 0.0821104 
qwerty 110 44 0 18.4255 -8.15819 -7.88857 15.775 -0.0423501 -0.0382669 0.0821104 
qwerty 110 44 0 18.4255 -8.50633 -8.20315 16.45 -0.0423501 -0.0382669 0.0821104 
qwerty 110 44 0 18.4255 -8.75 -8.42332 16.9224 -0.0423501 -0.0382669 0.0821104 
qwerty 110 44 0 18.4255 -8.85448 -8.51773 17.125 -0.0423501 -0.0382669 0.0821104 
qwerty 150 110 0 8.60213 -8.99292 -8.66607 17.3 -0.00136326 -0.0999616 -0.00241091 
qwerty 157 150 0 0.470648 -8.91321 -8.57039 16.625 0.00832844 -0.00251955 -0.0996207 
qwerty 152 150 0 0.228178 -9.0846 -8.75 17.3243 -0.0669442 -0.0708896 0.0222067 
qwerty 152 150 0 0.228178 -10.5186 -10.2685 17.8 -0.0669442 -0.0708896 0.0222067 
qwerty 109 44 0 2.62979 -1.19303 -1.62512 2.275 -0.0417095 -0.0412178 0.0810025 
qwerty 109 44 0 2.62979 -1.5406 -1.96859 2.95 -0.0417095 -0.0412178 0.0810025 
qwerty 109 44 0 2.62979 -1.88817 -2.31206 3.625 -0.0417095 -0.0412178 0.0810025 
qwerty 109 44 0 2.62979 -2.23573 -2.65553 4.3 -0.0417095 -0.0412178 0.0810025 
qwerty 109 44 0 2.62979 -2.5833 -2.99901 4.975 -0.0417095 -0.0412178 0.0810025 
qwerty 109 44 0 2.62979 -2.93087 -3.34248 5.65 -0.0417095 -0.0412178 0.0810025 
qwerty 109 44 0 2.62979 -3.27844 -3.68595 6.325 -0.0417095 -0.0412178 0.0810025 
qwerty 109 44 0 2.62979 -3.62601 -4.02942 7 -0.0417095 -0.0412178 0.0810025 
qwerty 109 44 0 2.62979 -3.75 -4.15195 7.2408 -0.0417095 -0.0412178 0.0810025 
qwerty 109 44 0 2.62979 -3.97358 -4.37289 7.675 -0.0417095 -0.0412178 0.0810025 
qwerty 109 44 0 2.62979 -4.32115 -4.71636 8.35 -0.0417095 -0.0412178 0.0810025 
qwerty 109 44 0 2.62979 -4.66871 -5.05983 9.025 -0.0417095 -0.0412178 0.0810025 
qwerty 109 44 0 2.62979 -5.01628 -5.4033 9.7 -0.0417095 -0.0412178 0.0810025 
qwerty 109 44 0 2.62979 -5.36385 -5.74677 10.375 -0.0417095 -0.0412178 0.0810025 
qwerty 109 44 0 2.62979 -5.71142 -6.09024 11.05 -0.0417095 -0.0412178 0.0810025 
qwerty 108 44 0 3.04939 -0.820561 -1.25 1.53427 -0.0436457 -0.0487092 0.075647 
qwerty 108 44 0 3.04939 -0.858482 -1.29232 1.6 -0.0436457 -0.0487092 0.075647 
qwerty 108 44 0 3.04939 -1.24793 -1.72695 2.275 -0.0436457 -0.0487092 0.075647 
qwerty 108 44 0 3.04939 -1.63738 -2.16159 2.95 -0.0436457 -0.0487092 0.075647 
qwerty 108 44 0 3.04939 -2.02684 -2.59622 3.625 -0.0436457 -0.0487092 0.075647 
qwerty 108 44 0 3.04939 -2.41629 -3.03086 4.3 -0.0436457 -0.0487092 0.075647 
qwerty 108 44 0 2.55374 -3.01138 -3.42537 4.975 -0.0646511 -0.0376013 0.0663806 
qwerty 108 44 0 2.55374 -3.56954 -3.75 5.5481 -0.0646511 -0.0376013 0.0663806 
qwerty 108 44 0 2.55374 -3.66879 -3.80772 5.65 -0.0646511 -0.0376013 0.0663806 
qwerty 108 44 0 2.55374 -4.32621 -4.19008 6.325 -0.0646511 -0.0376013 0.0663806 
qwerty 108 44 0 2.55374 -4.98362 -4.57243 7 -0.0646511 -0.0376013 0.0663806 
qwerty 108 44 0 2.55374 -5.64103 -4.95479 7.675 -0.0646511 -0.0376013 0.0663806 
qwerty 108 44 0 1.01554 -5.64351 -5.06191 8.35 0.00224358 -0.0146004 0.098903 
qwerty 108 44 0 1.01554 -5.6282 -5.16155 9.025 0.00224358 -0.0146004 0.098903 
qwerty 108 44 0 0.154434 -5.37485 -5.18196 8.90392 0.0129009 -0.0122192 0.0984086 
qwerty 108 44 0 0.154434 -5.35897 -5.19699 9.025 0.0129009 -0.0122192 0.0984086 
qwerty 177 108 0.107212 0 -5.3694 -5.18188 8.89664 0.0599348 0.000854926 -0.0800443 
qwerty 175 108 0 0.941455 -5.68599 -4.97461 7.675 -0.0779379 -0.0622691 0.00694497 
qwerty 175 108 0.120406 0.797781 -5.72609 -5.03199 7.65472 -0.0625624 -0.048244 -0.0613064 
qwerty 175 108 0.0887993 0.708982 -5.75217 -5.07353 7.62162 -0.032277 -0.0492451 0.0808277 
qwerty 175 108 0.309661 0.399321 -5.77025 -5.09879 7.67273 -0.0495564 -0.00928877 0.086359 
qwerty 175 108 0.00510075 0.39422 -5.77156 -5.09903 7.675 -0.0452449 -0.0180166 0.0873401 
qwerty 106 64 0.00029101 0 1.09936 -0.515558 1.2853 0.0604974 -0.0773336 -0.0189625 
qwerty 180 106 0.00806036 0 1.09934 -0.515574 1.28522 -0.0259374 -0.0180024 -0.094885 
qwerty 105 64 0.00029101 0 0.965472 -0.330043 1.32115 0.0746969 -0.0591326 -0.0303926 
qwerty 181 105 0.00268921 0 0.965475 -0.330053 1.32115 0.0185411 -0.0693184 0.0696505 
qwerty 103 77 0 18.3928 1.01653 1.04215 4.975 0.0221365 -0.00205702 0.0974974 
qwerty 103 77 0 18.3928 1.16978 1.02791 5.65 0.0221365 -0.00205702 0.0974974 
qwerty 103 77 0 18.3928 1.25 1.02046 6.0033 0.0221365 -0.00205702 0.0974974 
qwerty 103 77 0 18.3928 1.32304 1.01367 6.325 0.0221365 -0.00205702 0.0974974 
qwerty 103 77 0 18.3928 1.4763 0.999429 7 0.0221365 -0.00205702 0.0974974 
qwerty 103 77 0 18.3928 1.62956 0.985188 7.675 0.0221365 -0.00205702 0.0974974 
qwerty 103 77 0 18.3928 1.78281 0.970947 8.35 0.0221365 -0.00205702 0.0974974 
qwerty 103 77 0 18.3928 1.93607 0.956705 9.025 0.0221365 -0.00205702 0.0974974 
qwerty 103 77 0 18.3928 2.08933 0.942464 9.7 0.0221365 -0.00205702 0.0974974 
qwerty 103 77 0 18.3928 2.24258 0.928223 10.375 0.0221365 -0.00205702 0.0974974 
qwerty 103 77 0 18.3928 2.39584 0.913982 11.05 0.0221365 -0.00205702 0.0974974 
qwerty 103 77 0 18.3928 2.5491 0.89974 11.725 0.0221365 -0.00205702 0.0974974 
qwerty 103 77 0 18.3928 2.70236 0.885499 12.4 0.0221365 -0.00205702 0.0974974 
qwerty 103 77 0 18.3928 2.85561 0.871258 13.075 0.0221365 -0.00205702 0.0974974 
qwerty 103 77 0 18.3928 3.00887 0.857016 13.75 0.0221365 -0.00205702 0.0974974 
qwerty 103 77 0 18.3928 3.16213 0.842775 14.425 0.0221365 -0.00205702 0.0974974 
qwerty 103 77 0 18.3928 3.31538 0.828534 15.1 0.0221365 -0.00205702 0.0974974 
qwerty 103 77 0 18.3928 3.46864 0.814293 15.775 0.0221365 -0.00205702 0.0974974 
qwerty 103 77 0 18.3928 3.6219 0.800051 16.45 0.0221365 -0.00205702 0.0974974 
qwerty 103 77 0 18.3928 3.75 0.788148 17.0142 0.0221365 -0.00205702 0.0974974 
qwerty 103 77 0 18.3928 3.77516 0.78581 17.125 0.0221365 -0.00205702 0.0974974 
qwerty 103 77 0 18.3928 3.92841 0.771569 17.8 0.0221365 -0.00205702 0.0974974 
qwerty 103 77 0 18.3928 4.08167 0.757328 18.475 0.0221365 -0.00205702 0.0974974 
qwerty 103 77 0 18.3928 4.23493 0.743086 19.15 0.0221365 -0.00205702 0.0974974 
qwerty 103 77 0 0.277657 3.92842 0.404039 18.65 -0.045114 -0.0496614 -0.0741517 
qwerty 103 77 0 0.277657 3.90564 -0.52462 17.975 0.000418993 -0.081878 -0.0574092 
qwerty 103 77 0 0.227845 5.01696 -2.67288 18.475 0.0450037 -0.0869713 0.0202648 
qwerty 183 103 0.0739038 11.0003 4.29904 0.399394 19.3566 0.0178019 -0.0775337 0.0605939 
qwerty 183 103 0.177259 10.1284 4.32039 0.310846 19.4213 0.0223889 -0.0803464 0.0551652 
qwerty 183 103 1.32034 8.80807 4.48423 -0.277133 19.825 0.0249171 -0.0816295 0.052113 
qwerty 183 103 0.522564 2.75573 4.67534 -0.659433 19.7925 0.0415695 -0.0898339 -0.0142074 
qwerty 183 103 0.733176 2.02255 4.77054 -1.0633 19.6979 0.0331654 -0.094321 0.00189616 
qwerty 183 103 0.522681 1.49987 4.93464 -1.35334 19.5996 -0.0100431 -0.0790517 -0.0604149 
qwerty 183 103 0.477078 1.02279 4.98013 -1.55943 19.4316 0.0248966 -0.0765041 -0.0593909 
qwerty 183 103 0.360645 0.662146 5.02484 -1.6968 19.325 0.0729947 -0.0682531 -0.00364633 
qwerty 183 103 0.0840285 0.561003 5.01285 -1.72213 19.3304 -0.0448063 -0.0893301 0.00354044 
qwerty 183 103 0.0468839 0.514119 5.00332 -1.74967 19.3353 -0.0429557 -0.0884022 -0.0184352 
qwerty 183 103 0.054223 0.459896 4.9874 -1.77436 19.3332 -0.0172806 -0.0851262 0.049547 
qwerty 183 103 0.053245 0.406651 4.9765 -1.79245 19.3522 -0.0547885 -0.0708695 0.0444492 
qwerty 183 103 0.0603949 0.346256 4.96181 -1.81916 19.3576 -0.0188989 -0.0966338 0.0174569 
qwerty 183 103 0.0680437 0.278213 4.96613 -1.84876 19.3582 0.0422147 -0.0844007 0.0330824 
qwerty 183 103 0.066222 0.211991 4.9791 -1.8627 19.377 0.00818478 -0.0635086 0.0768093 
qwerty 183 103 0.0545128 0.157478 4.98295 -1.87971 19.3881 -0.0218561 -0.0534989 0.0816099 
qwerty 183 103 0.157478 0 4.97915 -1.889 19.4022 -0.0218561 -0.0534989 0.0816099 
qwerty 188 183 0.0953683 0.59922 4.29716 0.269206 19.4515 -0.0704441 -0.0647933 0.0289733 
qwerty 188 183 0.120843 0.478376 4.25662 0.219406 19.4548 -0.0108092 -0.099201 -0.00650547 
qwerty 188 183 0.147161 0.331215 4.21116 0.155016 19.4646 -0.0664083 -0.0699953 -0.0262792 
qwerty 188 183 0.331215 0 4.17334 0.115155 19.4496 -0.0664083 -0.0699953 -0.0262792 
qwerty 191 183 0 0.296654 6.25 -3.18057 19.6684 0.0529284 -0.0847418 -0.00417163 
qwerty 191 183 0 0.138356 7.00388 -4.38757 19.609 -0.0360477 0.0910517 0.0202524 
qwerty 191 183 0 0.138356 6.6194 -3.41645 19.825 -0.0360477 0.0910517 0.0202524 
qwerty 192 191 0.158299 0 7.01226 -4.40287 19.6074 0.0478632 -0.0873028 -0.00934546 
qwerty 190 183 0 1.92792 4.49465 -0.713821 19.325 -0.00438976 -0.0469615 -0.088178 
qwerty 190 183 0 1.92792 4.46105 -1.07331 18.65 -0.00438976 -0.0469615 -0.088178 
qwerty 190 183 0 1.92792 4.42744 -1.4328 17.975 -0.00438976 -0.0469615 -0.088178 
qwerty 190 183 0 1.92792 4.39384 -1.79229 17.3 -0.00438976 -0.0469615 -0.088178 
qwerty 190 183 0 1.92792 4.36024 -2.15178 16.625 -0.00438976 -0.0469615 -0.088178 
qwerty 189 183 0 0.308975 5.23539 -1.82034 19.325 0.0419835 -0.086024 -0.0289356 
qwerty 189 183 0 0.282299 5.76004 -2.58537 18.65 0.0434186 -0.0504852 -0.0746061 
qwerty 187 183 0 0.688057 4.42458 -0.155492 19.825 0.0170366 -0.0753008 0.0635574 
qwerty 187 183 0 0.688057 4.60551 -0.955211 20.5 0.0170366 -0.0753008 0.0635574 
qwerty 187 183 0 0.641442 5.13413 -1.79662 21.175 0.0479507 -0.0686928 0.054608 
qwerty 187 183 0 0.641442 5.72684 -2.64572 21.85 0.0479507 -0.0686928 0.054608 
qwerty 187 183 0 0.641442 6.25 -3.39519 22.4458 0.0479507 -0.0686928 0.054608 
qwerty 187 183 0 0.641442 6.31955 -3.49482 22.525 0.0479507 -0.0686928 0.054608 
qwerty 187 183 0 0.641442 6.49767 -3.75 22.7279 0.0479507 -0.0686928 0.054608 
qwerty 187 183 0 0.641442 6.91226 -4.34392 23.2 0.0479507 -0.0686928 0.054608 
qwerty 186 183 0 0.640349 4.76685 -1.86497 19.825 0.0184653 -0.0956892 0.0224188 
qwerty 102 77 0 0.168411 1.09012 1.01757 4.68869 -0.0819178 0.0431357 -0.0377993 
qwerty 102 77 0 0.168411 0.62701 1.26143 4.475 -0.0819178 0.0431357 -0.0377993 
qwerty 202 102 0.249541 0 1.11417 1.00998 4.71528 0.0656243 -0.0207099 0.0725572 
qwerty 101 78 0 0.234924 1.99114 0.937227 3.8 0.091237 -0.0109979 -0.0394317 
qwerty 98 5 0 0.510999 -1.13515 5.85175 8.35 -0.0611439 0.0782566 0.0117184 
qwerty 97 5 0 0.510999 0.507003 3.75 8.03528 0.0611439 -0.0782566 -0.0117184 
qwerty 97 5 0 0.510999 1.47373 2.51271 7.85 0.0611439 -0.0782566 -0.0117184 
qwerty 96 5 0 0.897951 -0.331907 2.60816 8.35 -0.056069 0.0543752 0.0624467 
qwerty 96 5 0 0.897951 -0.937969 3.19592 9.025 -0.056069 0.0543752 0.0624467 
qwerty 96 5 0 0.897951 -1.50931 3.75 9.66133 -0.056069 0.0543752 0.0624467 
qwerty 96 5 0 0.897951 -1.54403 3.78367 9.7 -0.056069 0.0543752 0.0624467 
qwerty 96 5 0 0.897951 -2.15009 4.37142 10.375 -0.056069 0.0543752 0.0624467 
qwerty 96 5 0 0.897951 -2.75615 4.95918 11.05 -0.056069 0.0543752 0.0624467 
qwerty 96 5 0 0.856814 -3.60353 5.44239 11.725 -0.0727876 0.039275 0.056209 
qwerty 96 5 0 0.856814 -4.47762 5.91404 12.4 -0.0727876 0.039275 0.056209 
qwerty 95 5 0 6.14997 0.204462 2.57847 8.35 0.00232114 0.0625871 0.0779581 
qwerty 95 5 0 6.14997 0.22456 3.12038 9.025 0.00232114 0.0625871 0.0779581 
qwerty 95 5 0 6.14997 0.244657 3.66229 9.7 0.00232114 0.0625871 0.0779581 
qwerty 95 5 0 6.14997 0.264755 4.2042 10.375 0.00232114 0.0625871 0.0779581 
qwerty 95 5 0 6.14997 0.284853 4.74611 11.05 0.00232114 0.0625871 0.0779581 
qwerty 95 5 0 6.14997 0.30495 5.28802 11.725 0.00232114 0.0625871 0.0779581 
qwerty 95 5 0 6.14997 0.325048 5.82993 12.4 0.00232114 0.0625871 0.0779581 
qwerty 95 5 0 6.14997 0.345145 6.37184 13.075 0.00232114 0.0625871 0.0779581 
qwerty 95 5 0 6.14997 0.365243 6.91375 13.75 0.00232114 0.0625871 0.0779581 
qwerty 95 5 0 6.14997 0.385341 7.45566 14.425 0.00232114 0.0625871 0.0779581 
qwerty 95 5 0 6.14997 0.405438 7.99757 15.1 0.00232114 0.0625871 0.0779581 
qwerty 95 5 0 6.14997 0.425536 8.53948 15.775 0.00232114 0.0625871 0.0779581 
qwerty 95 5 0 6.14997 0.433343 8.75 16.0372 0.00232114 0.0625871 0.0779581 
qwerty 95 5 0 6.14997 0.445634 9.08139 16.45 0.00232114 0.0625871 0.0779581 
qwerty 95 5 0 6.14997 0.465731 9.6233 17.125 0.00232114 0.0625871 0.0779581 
qwerty 95 5 0 6.14997 0.485829 10.1652 17.8 0.00232114 0.0625871 0.0779581 
qwerty 95 5 0 6.14997 0.505926 10.7071 18.475 0.00232114 0.0625871 0.0779581 
qwerty 95 5 0 6.14997 0.526024 11.249 19.15 0.00232114 0.0625871 0.0779581 
qwerty 95 5 0 6.14997 0.546122 11.7909 19.825 0.00232114 0.0625871 0.0779581 
qwerty 95 5 0 6.14997 0.566219 12.3329 20.5 0.00232114 0.0625871 0.0779581 
qwerty 95 5 0 6.14997 0.586317 12.8748 21.175 0.00232114 0.0625871 0.0779581 
qwerty 95 5 0 6.14997 0.606415 13.4167 21.85 0.00232114 0.0625871 0.0779581 
qwerty 95 5 0 6.14997 0.626512 13.9586 22.525 0.00232114 0.0625871 0.0779581 
qwerty 95 5 0 6.14997 0.64661 14.5005 23.2 0.00232114 0.0625871 0.0779581 
qwerty 95 5 0 6.14997 0.666707 15.0424 23.875 0.00232114 0.0625871 0.0779581 
qwerty 95 5 0 6.14997 0.686805 15.5843 24.55 0.00232114 0.0625871 0.0779581 
qwerty 95 5 0 6.14997 0.706903 16.1262 25.225 0.00232114 0.0625871 0.0779581 
qwerty 95 5 0 6.14997 0.727 16.6681 25.9 0.00232114 0.0625871 0.0779581 
qwerty 95 5 0 6.14997 0.747098 17.21 26.575 0.00232114 0.0625871 0.0779581 
qwerty 95 5 0 0.859721 1.73862 17.45 27.25 0.0859204 0.0133914 0.0493798 
qwerty 95 5 0 0.859721 2.91311 17.633 27.925 0.0859204 0.0133914 0.0493798 
qwerty 95 5 0 0.859721 4.0876 17.8161 28.6 0.0859204 0.0133914 0.0493798 
qwerty 95 5 0 0.859721 5.2621 17.9991 29.275 0.0859204 0.0133914 0.0493798 
qwerty 215 212 0 0.404284 0.417936 18.75 27.1694 -0.0214434 0.0927636 0.0305793 
qwerty 215 212 0 0.404284 0.361415 18.9945 27.25 -0.0214434 0.0927636 0.0305793 
qwerty 93 5 0 1.14613 -0.0876462 2.17213 7.675 -0.0546043 0.0212777 0.0810285 
qwerty 93 5 0 1.14613 -0.542522 2.34938 8.35 -0.0546043 0.0212777 0.0810285 
qwerty 93 5 0 1.14613 -0.997398 2.52663 9.025 -0.0546043 0.0212777 0.0810285 
qwerty 93 5 0 1.14613 -1.45227 2.70388 9.7 -0.0546043 0.0212777 0.0810285 
qwerty 93 5 0 1.14613 -1.90715 2.88114 10.375 -0.0546043 0.0212777 0.0810285 
qwerty 93 5 0 1.14613 -2.36203 3.05839 11.05 -0.0546043 0.0212777 0.0810285 
qwerty 93 5 0 1.14613 -2.8169 3.23564 11.725 -0.0546043 0.0212777 0.0810285 
qwerty 93 5 0 1.14613 -3.27178 3.41289 12.4 -0.0546043 0.0212777 0.0810285 
qwerty 93 5 0 1.14613 -3.72665 3.59014 13.075 -0.0546043 0.0212777 0.0810285 
qwerty 93 5 0 1.14613 -4.13689 3.75 13.6838 -0.0546043 0.0212777 0.0810285 
qwerty 93 5 0 1.14613 -4.18153 3.7674 13.75 -0.0546043 0.0212777 0.0810285 
qwerty 93 5 0 1.14613 -4.6364 3.94465 14.425 -0.0546043 0.0212777 0.0810285 
qwerty 93 5 0 1.14613 -5.09128 4.1219 15.1 -0.0546043 0.0212777 0.0810285 
qwerty 93 5 0 1.14613 -5.75296 4.0745 15.775 -0.0715493 -0.00878895 0.069307 
qwerty 93 5 0 1.03643 -6.18824 3.96087 16.45 -0.0471998 -0.015547 0.0867783 
qwerty 93 5 0 1.03643 -6.55538 3.83994 17.125 -0.0471998 -0.015547 0.0867783 
qwerty 93 5 0 0.665782 -6.43106 3.78519 17.8 0.0257358 -0.00674304 0.0963961 
qwerty 93 5 0 0.665782 -6.25085 3.73797 18.475 0.0257358 -0.00674304 0.0963961 
qwerty 93 5 0 0.665782 -6.07064 3.69076 19.15 0.0257358 -0.00674304 0.0963961 
qwerty 93 5 0 0.665782 -5.89043 3.64354 19.825 0.0257358 -0.00674304 0.0963961 
qwerty 92 5 0 0.286986 -0.0273128 2.14669 7.675 -0.0486186 0.0186497 0.0853722 
qwerty 90 5 0 0.274887 0.670621 1.728 6.325 -0.0283831 0.0352307 0.0891807 
qwerty 89 5 0 2.72859 0.724521 1.77742 6.325 -0.0187937 0.0437968 0.0879127 
qwerty 89 5 0 2.72859 0.580221 2.11369 7 -0.0187937 0.0437968 0.0879127 
qwerty 89 5 0 2.72859 0.435921 2.44997 7.675 -0.0187937 0.0437968 0.0879127 
qwerty 89 5 0 2.72859 0.291622 2.78624 8.35 -0.0187937 0.0437968 0.0879127 
qwerty 89 5 0 2.72859 0.147322 3.12252 9.025 -0.0187937 0.0437968 0.0879127 
qwerty 89 5 0 2.72859 0.00302216 3.45879 9.7 -0.0187937 0.0437968 0.0879127 
qwerty 89 5 0 2.72859 -0.141278 3.79507 10.375 -0.0187937 0.0437968 0.0879127 
qwerty 89 5 0 2.72859 -0.285577 4.13134 11.05 -0.0187937 0.0437968 0.0879127 
qwerty 89 5 0 2.72859 -0.429877 4.46762 11.725 -0.0187937 0.0437968 0.0879127 
qwerty 89 5 0 2.72859 -0.574177 4.80389 12.4 -0.0187937 0.0437968 0.0879127 
qwerty 89 5 0 2.72859 -0.718476 5.14017 13.075 -0.0187937 0.0437968 0.0879127 
qwerty 89 5 0 2.72859 -0.862776 5.47644 13.75 -0.0187937 0.0437968 0.0879127 
qwerty 89 5 0 2.72859 -1.00708 5.81272 14.425 -0.0187937 0.0437968 0.0879127 
qwerty 89 5 0 2.72859 -1.15138 6.14899 15.1 -0.0187937 0.0437968 0.0879127 
qwerty 89 5 0 2.72859 -1.25 6.37883 15.5613 -0.0187937 0.0437968 0.0879127 
qwerty 89 5 0 2.72859 -1.29568 6.48527 15.775 -0.0187937 0.0437968 0.0879127 
qwerty 89 5 0 2.72859 -1.43998 6.82155 16.45 -0.0187937 0.0437968 0.0879127 
qwerty 89 5 0 2.72859 -1.58427 7.15782 17.125 -0.0187937 0.0437968 0.0879127 
qwerty 88 5 0 1.71731 0.688939 1.78088 6.325 -0.0235207 0.0437026 0.0868151 
qwerty 88 5 0 1.71731 0.506062 2.12067 7 -0.0235207 0.0437026 0.0868151 
qwerty 88 5 0 1.71731 0.323186 2.46047 7.675 -0.0235207 0.0437026 0.0868151 
qwerty 88 5 0 1.71731 0.140309 2.80026 8.35 -0.0235207 0.0437026 0.0868151 
qwerty 88 5 0 1.71731 -0.0425674 3.14006 9.025 -0.0235207 0.0437026 0.0868151 
qwerty 88 5 0 1.71731 -0.225444 3.47985 9.7 -0.0235207 0.0437026 0.0868151 
qwerty 88 5 0 1.71731 -0.408321 3.81965 10.375 -0.0235207 0.0437026 0.0868151 
qwerty 88 5 0 1.71731 -0.591197 4.15944 11.05 -0.0235207 0.0437026 0.0868151 
qwerty 88 5 0 1.71731 -0.774074 4.49923 11.725 -0.0235207 0.0437026 0.0868151 
qwerty 88 5 0 1.71731 -0.95695 4.83903 12.4 -0.0235207 0.0437026 0.0868151 
qwerty 88 5 0 1.71731 -1.13983 5.17882 13.075 -0.0235207 0.0437026 0.0868151 
qwerty 88 5 0 1.71731 -1.3227 5.51862 13.75 -0.0235207 0.0437026 0.0868151 
qwerty 88 5 0 1.71731 -1.50558 5.85841 14.425 -0.0235207 0.0437026 0.0868151 
qwerty 88 5 0 1.71731 -1.68846 6.19821 15.1 -0.0235207 0.0437026 0.0868151 
qwerty 88 5 0 1.71731 -1.87133 6.538 15.775 -0.0235207 0.0437026 0.0868151 
qwerty 88 5 0 1.71731 -2.05421 6.87779 16.45 -0.0235207 0.0437026 0.0868151 
qwerty 88 5 0 1.71731 -2.23709 7.21759 17.125 -0.0235207 0.0437026 0.0868151 
qwerty 88 5 0 1.71731 -2.41996 7.55738 17.8 -0.0235207 0.0437026 0.0868151 
qwerty 88 5 0 1.71731 -2.60284 7.89718 18.475 -0.0235207 0.0437026 0.0868151 
qwerty 88 5 0 1.71731 -2.78572 8.23697 19.15 -0.0235207 0.0437026 0.0868151 
qwerty 88 5 0 1.71731 -2.96859 8.57677 19.825 -0.0235207 0.0437026 0.0868151 
qwerty 86 5 0 0.509308 0.864515 1.42175 5.65 -0.00709472 0.021924 0.0973088 
qwerty 86 5 0 0.509308 0.815301 1.57383 6.325 -0.00709472 0.021924 0.0973088 
qwerty 86 5 0 0.509308 0.766087 1.72591 7 -0.00709472 0.021924 0.0973088 
qwerty 86 5 0 0.509308 0.716874 1.87799 7.675 -0.00709472 0.021924 0.0973088 
qwerty 86 5 0 0.509308 0.66766 2.03007 8.35 -0.00709472 0.021924 0.0973088 
qwerty 86 5 0 0.509308 0.618446 2.18215 9.025 -0.00709472 0.021924 0.0973088 
qwerty 86 5 0 0.509308 0.569232 2.33423 9.7 -0.00709472 0.021924 0.0973088 
qwerty 86 5 0 0.509308 0.520019 2.48631 10.375 -0.00709472 0.021924 0.0973088 
qwerty 86 5 0 0.509308 0.470805 2.63839 11.05 -0.00709472 0.021924 0.0973088 
qwerty 86 5 0 0.509308 0.421591 2.79047 11.725 -0.00709472 0.021924 0.0973088 
qwerty 86 5 0 0.509308 0.372377 2.94255 12.4 -0.00709472 0.021924 0.0973088 
qwerty 86 5 0 0.509308 0.323164 3.09463 13.075 -0.00709472 0.021924 0.0973088 
qwerty 86 5 0 0.509308 0.27395 3.24671 13.75 -0.00709472 0.021924 0.0973088 
qwerty 85 5 0 2.32449 0.892046 1.40126 5.65 -0.00223692 0.0184464 0.0982585 
qwerty 85 5 0 2.32449 0.876679 1.52798 6.325 -0.00223692 0.0184464 0.0982585 
qwerty 85 5 0 2.32449 0.861312 1.6547 7 -0.00223692 0.0184464 0.0982585 
qwerty 85 5 0 2.32449 0.845946 1.78142 7.675 -0.00223692 0.0184464 0.0982585 
qwerty 85 5 0 2.32449 0.830579 1.90814 8.35 -0.00223692 0.0184464 0.0982585 
qwerty 85 5 0 2.32449 0.815212 2.03486 9.025 -0.00223692 0.0184464 0.0982585 
qwerty 85 5 0 2.32449 0.799845 2.16158 9.7 -0.00223692 0.0184464 0.0982585 
qwerty 85 5 0 2.32449 0.784478 2.2883 10.375 -0.00223692 0.0184464 0.0982585 
qwerty 85 5 0 2.32449 0.769111 2.41502 11.05 -0.00223692 0.0184464 0.0982585 
qwerty 85 5 0 2.32449 0.753744 2.54174 11.725 -0.00223692 0.0184464 0.0982585 
qwerty 83 5 0 43.1698 0.857054 1.40276 5.65 -0.0066151 0.0199633 0.0977635 
qwerty 83 5 0 43.1698 0.811381 1.54059 6.325 -0.0066151 0.0199633 0.0977635 
qwerty 83 5 0 43.1698 0.765708 1.67843 7 -0.0066151 0.0199633 0.0977635 
qwerty 235 83 0.851803 32.0762 0.733651 1.82971 7.675 -8.9146e-05 0.0231301 0.0972882 
qwerty 235 83 0.824938 25.4499 0.932321 2.07706 8.35 0.0330139 0.0326236 0.0885764 
qwerty 235 83 1.16867 1.47756 0.432635 1.99896 8.59354 -0.0551074 -0.0227565 0.0802827 
qwerty 235 83 0.584164 0.893396 0.307195 1.9665 8.81826 -0.0441377 0.0876401 0.0192636 
qwerty 235 83 0.326295 0.567101 0.293806 2.14675 8.87488 0.0739283 0.0526334 -0.0420038 
qwerty 235 83 0.311953 0.255148 0.417766 2.20639 8.89229 0.0550495 0.0239703 -0.0799686 
qwerty 235 83 0.255148 0 0.43866 2.21549 8.86194 0.0550495 0.0239703 -0.0799686 
qwerty 245 235 0.147272 0.862718 0.379714 1.92039 8.591 -0.0796585 -0.0603501 0.00351948 
qwerty 245 235 0.286356 0.576362 0.290964 1.89528 8.60657 -0.0958279 -0.0285834 8.4178e-05 
qwerty 245 235 0.199379 0.376984 0.23158 1.85506 8.61778 -0.0577872 -0.048931 0.0653177 
qwerty 245 235 0.173609 0.203375 0.168193 1.79491 8.61424 0.0472735 0.0488279 -0.0733556 
qwerty 245 235 0.203375 0 0.18068 1.80781 8.59486 0.0472735 0.0488279 -0.0733556 
qwerty 246 241 0 1.20547 1.44631 3.31311 7.85 0.0351701 0.0853171 -0.0385235 
qwerty 246 241 0 1.20547 2.06255 4.80801 7.175 0.0351701 0.0853171 -0.0385235 
qwerty 246 241 0 1.20547 2.65697 6.25 6.52389 0.0351701 0.0853171 -0.0385235 
qwerty 246 241 0 1.20547 2.67879 6.30292 6.5 0.0351701 0.0853171 -0.0385235 
qwerty 246 241 0 1.20547 3.29503 7.79782 5.825 0.0351701 0.0853171 -0.0385235 
qwerty 246 241 0 1.20547 3.68754 8.75 5.39506 0.0351701 0.0853171 -0.0385235 
qwerty 246 241 0 1.20547 3.91127 9.29273 5.15 0.0351701 0.0853171 -0.0385235 
qwerty 246 241 0 1.20547 4.52751 10.7876 4.475 0.0351701 0.0853171 -0.0385235 
qwerty 243 235 0 1.27402 0.515016 2.19948 9.025 -0.059055 0.00915433 0.0801792 
qwerty 243 235 0 1.27402 0.0178529 2.27654 9.7 -0.059055 0.00915433 0.0801792 
qwerty 243 235 0 1.27402 -0.47931 2.35361 10.375 -0.059055 0.00915433 0.0801792 
qwerty 243 235 0 0.236252 -0.172508 1.75516 9.875 0.0367501 -0.0712106 -0.0598204 
qwerty 251 243 0 0.816819 -0.493913 2.3664 10.375 0.0782128 -0.0607885 0.0136941 
qwerty 253 250 0 0.522375 0.453915 3.57065 7.85 -0.0291849 0.0878591 -0.0378023 
qwerty 253 250 0 0.522375 -0.0672122 5.13947 7.175 -0.0291849 0.0878591 -0.0378023 
qwerty 242 235 0 0.852081 0.925238 2.35588 9.025 -0.0023144 0.0384185 0.0922966 
qwerty 242 235 0 0.852081 0.908312 2.63685 9.7 -0.0023144 0.0384185 0.0922966 
qwerty 242 235 0 0.675189 0.563636 3.3904 10.375 -0.0339891 0.072004 0.0604993 
qwerty 242 235 0 0.675189 0.393889 3.75 10.6771 -0.0339891 0.072004 0.0604993 
qwerty 242 235 0 0.675189 0.184415 4.19376 11.05 -0.0339891 0.072004 0.0604993 
qwerty 242 235 0 0.675189 -0.194806 4.99712 11.725 -0.0339891 0.072004 0.0604993 
qwerty 240 235 0 11.3175 1.0973 2.27585 9.025 0.0228017 0.0272835 0.0934649 
qwerty 258 240 0.806075 4.82224 1.2081 2.32571 9.7 0.0523677 -0.00605929 0.0849759 
qwerty 239 235 0 0.988928 0.945982 2.04557 8.35 0.0350027 0.0300676 0.0887173 
qwerty 239 235 0 0.988928 1.2123 2.27433 9.025 0.0350027 0.0300676 0.0887173 
qwerty 239 235 0 0.988928 1.47861 2.5031 9.7 0.0350027 0.0300676 0.0887173 
qwerty 239 235 0 0.988928 1.74493 2.73187 10.375 0.0350027 0.0300676 0.0887173 
qwerty 239 235 0 0.988928 2.01125 2.96064 11.05 0.0350027 0.0300676 0.0887173 
qwerty 239 235 0 0.988928 2.27756 3.1894 11.725 0.0350027 0.0300676 0.0887173 
qwerty 239 235 0 0.988928 2.54388 3.41817 12.4 0.0350027 0.0300676 0.0887173 
qwerty 239 235 0 0.988928 2.81019 3.64694 13.075 0.0350027 0.0300676 0.0887173 
qwerty 239 235 0 0.988928 2.93017 3.75 13.3791 0.0350027 0.0300676 0.0887173 
qwerty 239 235 0 0.988928 3.07651 3.8757 13.75 0.0350027 0.0300676 0.0887173 
qwerty 239 235 0 0.988928 3.34283 4.10447 14.425 0.0350027 0.0300676 0.0887173 
qwerty 239 235 0 0.988928 3.60914 4.33324 15.1 0.0350027 0.0300676 0.0887173 
qwerty 239 235 0 0.988928 3.75 4.45424 15.457 0.0350027 0.0300676 0.0887173 
qwerty 239 235 0 0.988928 3.87546 4.56201 15.775 0.0350027 0.0300676 0.0887173 
qwerty 239 235 0 0.988928 4.14177 4.79077 16.45 0.0350027 0.0300676 0.0887173 
qwerty 239 235 0 0.988928 4.40809 5.01954 17.125 0.0350027 0.0300676 0.0887173 
qwerty 239 235 0 0.988928 4.67441 5.24831 17.8 0.0350027 0.0300676 0.0887173 
qwerty 239 235 0 0.641397 5.02234 4.93553 18.475 0.0420128 -0.0438543 0.0794464 
qwerty 238 235 0 0.491463 0.748193 1.88871 7.86935 0.0854348 0.0247839 0.0456799 
qwerty 238 235 0 0.491463 1.64714 2.14949 8.35 0.0854348 0.0247839 0.0456799 
qwerty 238 235 0 0.491463 2.90959 2.51571 9.025 0.0854348 0.0247839 0.0456799 
qwerty 263 238 0.0325688 0.263408 0.743239 1.89497 7.87628 -0.0119912 0.0553155 0.0824403 
qwerty 263 238 0.030016 0.233392 0.73959 1.90626 7.88511 0.00122647 0.0809433 0.0587084 
qwerty 263 238 0.145313 0.0880794 0.743294 1.9154 7.90021 -0.0148362 0.0598291 0.0787424 
qwerty 263 238 0.0880794 0 0.742332 1.91928 7.90531 -0.0148362 0.0598291 0.0787424 
qwerty 237 235 0 0.675211 0.753487 1.73709 8.04874 -0.0622669 -0.00877179 0.0777553 
qwerty 237 235 0 0.186927 0.700017 1.72956 8.11551 0.0748118 -0.00433853 -0.0662146 
qwerty 237 235 0 0.186927 0.999996 1.71216 7.85 0.0748118 -0.00433853 -0.0662146 
qwerty 267 237 0.312166 0.176118 0.635943 1.72371 8.1897 0.0183248 0.0959248 0.0215091 
qwerty 267 237 0.176118 0 0.639771 1.74376 8.1942 0.0183248 0.0959248 0.0215091 
qwerty 266 237 0.347156 0.0337332 0.799118 1.70765 8.09342 0.0483308 -0.0522248 0.0702616 
qwerty 266 237 0.0337332 0 0.799696 1.70703 8.09426 0.0483308 -0.0522248 0.0702616 
qwerty 82 5 0 0.744967 0.994499 1.3194 4.975 0.0196245 0.0342686 0.0918724 
qwerty 82 5 0 0.744967 1.13868 1.57118 5.65 0.0196245 0.0342686 0.0918724 
qwerty 82 5 0 0.744967 1.25 1.76556 6.17113 0.0196245 0.0342686 0.0918724 
qwerty 82 5 0 0.744967 1.28287 1.82296 6.325 0.0196245 0.0342686 0.0918724 
qwerty 82 5 0 0.744967 1.42705 2.07473 7 0.0196245 0.0342686 0.0918724 
qwerty 82 5 0 0.744967 1.57123 2.32651 7.675 0.0196245 0.0342686 0.0918724 
qwerty 82 5 0 0.744967 1.71542 2.57828 8.35 0.0196245 0.0342686 0.0918724 
qwerty 82 5 0 0.744967 1.8596 2.83006 9.025 0.0196245 0.0342686 0.0918724 
qwerty 82 5 0 0.744967 2.00379 3.08184 9.7 0.0196245 0.0342686 0.0918724 
qwerty 82 5 0 0.744967 2.14797 3.33361 10.375 0.0196245 0.0342686 0.0918724 
qwerty 82 5 0 0.744967 2.29215 3.58539 11.05 0.0196245 0.0342686 0.0918724 
qwerty 82 5 0 0.744967 2.43634 3.83717 11.725 0.0196245 0.0342686 0.0918724 
qwerty 82 5 0 0.744967 2.58052 4.08894 12.4 0.0196245 0.0342686 0.0918724 
qwerty 81 5 0 0.710706 1.00804 1.31148 4.975 0.0217965 0.0329871 0.0918518 
qwerty 81 5 0 0.710706 1.16822 1.55389 5.65 0.0217965 0.0329871 0.0918518 
qwerty 81 5 0 0.710706 1.25 1.67766 5.99464 0.0217965 0.0329871 0.0918518 
qwerty 81 5 0 0.710706 1.3284 1.79631 6.325 0.0217965 0.0329871 0.0918518 
qwerty 81 5 0 0.710706 1.48857 2.03872 7 0.0217965 0.0329871 0.0918518 
qwerty 81 5 0 0.710706 1.64875 2.28114 7.675 0.0217965 0.0329871 0.0918518 
qwerty 81 5 0 0.710706 1.80893 2.52355 8.35 0.0217965 0.0329871 0.0918518 
qwerty 81 5 0 0.710706 1.96911 2.76597 9.025 0.0217965 0.0329871 0.0918518 
qwerty 80 5 0 0.515881 1.02632 1.31484 4.975 0.0245256 0.0333034 0.091046 
qwerty 80 5 0 0.484978 1.11186 1.39458 5.65 0.00769967 0.00321729 0.0996512 
qwerty 80 5 0 0.484978 1.16401 1.41637 6.325 0.00769967 0.00321729 0.0996512 
qwerty 80 5 0 0.484978 1.21617 1.43817 7 0.00769967 0.00321729 0.0996512 
qwerty 79 5 0 0.178575 1.10725 1.34779 4.975 0.0349207 0.0358209 0.0865876 
qwerty 75 5 0 1.69693 0.829957 1.05982 4.3 0.0327817 0.0264922 0.0906836 
qwerty 75 5 0 1.69693 1.07397 1.25702 4.975 0.0327817 0.0264922 0.0906836 
qwerty 75 5 0 1.69693 1.31798 1.45421 5.65 0.0327817 0.0264922 0.0906836 
qwerty 75 5 0 1.69693 1.56199 1.6514 6.325 0.0327817 0.0264922 0.0906836 
qwerty 75 5 0 1.69693 1.80599 1.8486 7 0.0327817 0.0264922 0.0906836 
qwerty 75 5 0 1.69693 2.05 2.04579 7.675 0.0327817 0.0264922 0.0906836 
qwerty 75 5 0 1.69693 2.29401 2.24298 8.35 0.0327817 0.0264922 0.0906836 
qwerty 75 5 0 1.69693 2.53802 2.44018 9.025 0.0327817 0.0264922 0.0906836 
qwerty 75 5 0 1.69693 2.78203 2.63737 9.7 0.0327817 0.0264922 0.0906836 
qwerty 75 5 0 0.227136 2.61328 2.23628 9.2 -0.0268925 -0.0556109 -0.0786399 
qwerty 75 5 0 0.227136 2.38245 1.75895 8.525 -0.0268925 -0.0556109 -0.0786399 
qwerty 75 5 0 0.148438 2.28793 1.56349 8.24859 -0.0687983 -0.0272096 0.0672787 
qwerty 75 5 0 0.148438 2.18423 1.52247 8.35 -0.0687983 -0.0272096 0.0672787 
qwerty 279 75 0.0786975 0 2.28867 1.56193 8.24354 0.0139444 -0.029194 -0.0946217 
qwerty 281 278 0 0.274743 3.75 2.08103 10.1472 0.0807104 -0.0518109 0.02831 
qwerty 281 278 0 0.274743 4.39935 1.66419 10.375 0.0807104 -0.0518109 0.02831 
qwerty 74 5 0 0.5531 0.528814 0.869483 3.625 0.0136342 0.0244864 0.0959923 
qwerty 74 5 0 0.5531 0.624687 1.04167 4.3 0.0136342 0.0244864 0.0959923 
qwerty 74 5 0 0.5531 0.72056 1.21385 4.975 0.0136342 0.0244864 0.0959923 
qwerty 74 5 0 0.5531 0.816433 1.38603 5.65 0.0136342 0.0244864 0.0959923 
qwerty 73 5 0 0.492694 0.561482 0.892659 3.625 0.0189223 0.0278152 0.0941714 
qwerty 73 5 0 0.492694 0.697113 1.09203 4.3 0.0189223 0.0278152 0.0941714 
qwerty 73 5 0 0.492694 0.832744 1.29141 4.975 0.0189223 0.0278152 0.0941714 
qwerty 73 5 0 0.392737 0.742206 1.04952 5.65 -0.0142925 -0.0367675 0.0918906 
qwerty 73 5 0 0.392737 0.637218 0.779433 6.325 -0.0142925 -0.0367675 0.0918906 
qwerty 73 5 0 0.392737 0.532229 0.50935 7 -0.0142925 -0.0367675 0.0918906 
qwerty 73 5 0 0.392737 0.427241 0.239268 7.675 -0.0142925 -0.0367675 0.0918906 
qwerty 72 5 0 0.55346 0.57687 0.857483 3.625 0.0215513 0.0224394 0.0950369 
qwerty 72 5 0 0.55346 0.729938 1.01686 4.3 0.0215513 0.0224394 0.0950369 
qwerty 72 5 0 0.55346 0.883006 1.17623 4.975 0.0215513 0.0224394 0.0950369 
qwerty 72 5 0 0.55346 0.953852 1.25 5.28742 0.0215513 0.0224394 0.0950369 
qwerty 72 5 0 0.55346 1.03607 1.33561 5.65 0.0215513 0.0224394 0.0950369 
qwerty 72 5 0 0.55346 1.18914 1.49499 6.325 0.0215513 0.0224394 0.0950369 
qwerty 72 5 0 0.55346 1.34221 1.65436 7 0.0215513 0.0224394 0.0950369 
qwerty 71 5 0 5.62147 0.552341 0.88411 3.625 0.017957 0.0263709 0.094774 
qwerty 71 5 0 5.62147 0.680234 1.07193 4.3 0.017957 0.0263709 0.094774 
qwerty 71 5 0 5.62147 0.808128 1.25975 4.975 0.017957 0.0263709 0.094774 
qwerty 71 5 0 5.62147 0.936021 1.44757 5.65 0.017957 0.0263709 0.094774 
qwerty 71 5 0 5.62147 1.06391 1.63539 6.325 0.017957 0.0263709 0.094774 
qwerty 71 5 0 5.62147 1.19181 1.82321 7 0.017957 0.0263709 0.094774 
qwerty 71 5 0 5.62147 1.25 1.90866 7.30713 0.017957 0.0263709 0.094774 
qwerty 71 5 0 5.62147 1.3197 2.01103 7.675 0.017957 0.0263709 0.094774 
qwerty 71 5 0 5.62147 1.4476 2.19884 8.35 0.017957 0.0263709 0.094774 
qwerty 71 5 0 5.62147 1.57549 2.38666 9.025 0.017957 0.0263709 0.094774 
qwerty 71 5 0 5.62147 1.70338 2.57448 9.7 0.017957 0.0263709 0.094774 
qwerty 71 5 0 5.62147 1.83128 2.7623 10.375 0.017957 0.0263709 0.094774 
qwerty 71 5 0 5.62147 1.95917 2.95012 11.05 0.017957 0.0263709 0.094774 
qwerty 71 5 0 5.62147 2.08706 3.13794 11.725 0.017957 0.0263709 0.094774 
qwerty 71 5 0 5.62147 2.21496 3.32576 12.4 0.017957 0.0263709 0.094774 
qwerty 71 5 0 5.62147 2.34285 3.51358 13.075 0.017957 0.0263709 0.094774 
qwerty 71 5 0 5.62147 2.47074 3.7014 13.75 0.017957 0.0263709 0.094774 
qwerty 71 5 0 5.62147 2.59864 3.88922 14.425 0.017957 0.0263709 0.094774 
qwerty 71 5 0 5.62147 2.72653 4.07704 15.1 0.017957 0.0263709 0.094774 
qwerty 71 5 0 0.769565 2.65919 4.80138 15.535 0.00678882 0.0591447 0.0803481 
qwerty 71 5 0 0.769565 2.67946 4.97801 15.775 0.00678882 0.0591447 0.0803481 
qwerty 71 5 0 0.769565 2.7365 5.47488 16.45 0.00678882 0.0591447 0.0803481 
qwerty 71 5 0 0.769565 2.79353 5.97176 17.125 0.00678882 0.0591447 0.0803481 
qwerty 71 5 0 0.769565 2.82547 6.25 17.503 0.00678882 0.0591447 0.0803481 
qwerty 71 5 0 0.473063 2.83199 6.30682 17.5802 0.0738526 0.0647634 0.0187482 
qwerty 71 5 0 0.473063 3.69788 7.06615 17.8 0.0738526 0.0647634 0.0187482 
qwerty 71 5 0 0.411761 4.46285 7.43137 18.475 0.0697138 0.0314248 0.0644396 
qwerty 71 5 0 0.411761 5.1931 7.76055 19.15 0.0697138 0.0314248 0.0644396 
qwerty 71 5 0 0.15422 5.6265 8.0135 19.3692 -0.0568991 -0.0509074 -0.0645827 
qwerty 71 5 0 0.15422 5.58752 7.97863 19.325 -0.0568991 -0.0509074 -0.0645827 
qwerty 294 71 0.0939219 0.108542 5.64198 8.01694 19.3918 0.0539283 -0.0812214 0.0222445 
qwerty 294 71 0.108542 0 5.64699 8.0094 19.3939 0.0539283 -0.0812214 0.0222445 
qwerty 290 71 0.1133 0.183203 2.81075 6.33001 17.5999 -0.0449641 0.0691541 0.0565326 
qwerty 290 71 0.0595013 0.111442 2.80336 6.34137 17.6092 0.0570895 -0.0360675 0.0737558 
qwerty 290 71 0.111442 0 2.80891 6.33787 17.6164 0.0570895 -0.0360675 0.0737558 
qwerty 289 71 0.239644 0 2.64793 4.83055 15.5208 -0.0327749 0.0848803 -0.0414867 
qwerty 288 71 0 2.2453 2.76171 4.13371 15.275 -0.0609996 0.0769778 -0.0188006 
qwerty 288 71 0.446737 1.02355 2.5823 4.07413 15.4417 -0.0448496 0.00662715 0.0891325 
qwerty 288 71 0.414942 0.608612 2.38996 4.06323 15.5641 -0.0802944 0.0163817 0.0573102 
qwerty 288 71 0.349001 0.259611 2.25675 4.01004 15.6097 0.00721784 -0.0872853 0.0482616 
qwerty 288 71 0.259611 0 2.25957 3.97599 15.6285 0.00721784 -0.0872853 0.0482616 
qwerty 297 288 0 1.84539 2.87968 4.3505 15.775 0.0207384 0.0398426 0.0893448 
qwerty 297 288 0 1.84539 3.03636 4.65151 16.45 0.0207384 0.0398426 0.0893448 
qwerty 297 288 0 1.84539 3.19304 4.95253 17.125 0.0207384 0.0398426 0.0893448 
qwerty 297 288 0 1.84539 3.34972 5.25354 17.8 0.0207384 0.0398426 0.0893448 
qwerty 297 288 0 1.84539 3.50639 5.55455 18.475 0.0207384 0.0398426 0.0893448 
qwerty 297 288 0 0.556693 8.16684 6.25 19.0694 0.0983858 0.014057 0.0110744 
qwerty 297 288 0 0.556693 8.88299 6.35232 19.15 0.0983858 0.014057 0.0110744 
qwerty 296 290 0.00029101 0 2.88781 6.27386 17.7227 0.0538704 -0.0430692 0.0724088 
qwerty 301 296 0.0119682 0 2.88773 6.27398 17.7228 -0.0456121 0.066305 0.0593563 
qwerty 70 5 0 0.0245456 0.290385 0.513278 2.25443 0.0379681 0.0804834 0.0456162 
qwerty 70 5 0 0.0245456 0.307504 0.549567 2.275 0.0379681 0.0804834 0.0456162 
qwerty 302 70 0.000433551 0 0.290385 0.513278 2.25443 -0.0263057 -0.0736308 0.0623419 
qwerty 69 5 0 23.9891 0.293018 0.5165 2.275 0.0150339 0.0172043 0.097355 
qwerty 69 5 0 23.9891 0.397254 0.635784 2.95 0.0150339 0.0172043 0.097355 
qwerty 69 5 0 23.9891 0.501489 0.755068 3.625 0.0150339 0.0172043 0.097355 
qwerty 69 5 0 23.9891 0.605725 0.874353 4.3 0.0150339 0.0172043 0.097355 
qwerty 69 5 0 23.9891 0.709961 0.993637 4.975 0.0150339 0.0172043 0.097355 
qwerty 69 5 0 23.9891 0.814197 1.11292 5.65 0.0150339 0.0172043 0.097355 
qwerty 69 5 0 23.9891 0.918433 1.23221 6.325 0.0150339 0.0172043 0.097355 
qwerty 69 5 0 23.9891 1.02267 1.35149 7 0.0150339 0.0172043 0.097355 
qwerty 69 5 0 23.9891 1.1269 1.47077 7.675 0.0150339 0.0172043 0.097355 
qwerty 69 5 0 23.9891 1.23114 1.59006 8.35 0.0150339 0.0172043 0.097355 
qwerty 304 69 0.438978 10.9998 1.21047 1.44962 8.69286 -0.0120228 -0.0594845 0.0794799 
qwerty 304 69 0.842461 10.1574 1.16023 1.20104 9.025 -0.0205877 -0.0549665 0.0809619 
qwerty 307 304 0 8.02684 1.04673 0.730687 9.7 -0.0143891 -0.0566533 0.0811379 
qwerty 307 304 0 8.02684 0.92702 0.259378 10.375 -0.0143891 -0.0566533 0.0811379 
qwerty 307 304 0 0.907872 0.411013 0.513932 11.05 -0.0590101 0.0324575 0.073921 
qwerty 307 304 0 0.907872 -0.12783 0.810313 11.725 -0.0590101 0.0324575 0.073921 
qwerty 307 304 0 0.907872 -0.666673 1.10669 12.4 -0.0590101 0.0324575 0.073921 
qwerty 307 304 0 0.71756 -1.25 1.30346 12.6495 -0.0911073 0.0283922 0.0298887 
qwerty 307 304 0 0.71756 -2.54712 1.70769 13.075 -0.0911073 0.0283922 0.0298887 
qwerty 307 304 0 0.71756 -4.60466 2.34889 13.75 -0.0911073 0.0283922 0.0298887 
qwerty 312 308 0 1.38813 4.08924 1.15971 10.8337 0.0557611 0.0589132 0.0584802 
qwerty 312 308 0 1.38813 4.1747 1.25 10.9233 0.0557611 0.0589132 0.0584802 
qwerty 312 308 0 1.38813 4.29551 1.37764 11.05 0.0557611 0.0589132 0.0584802 
qwerty 312 308 0 1.38813 4.93912 2.05764 11.725 0.0557611 0.0589132 0.0584802 
qwerty 312 308 0 0.195578 4.60357 2.19691 12.0878 0.0586363 -0.0143726 0.0797196 
qwerty 312 308 0 0.195578 4.83321 2.14062 12.4 0.0586363 -0.0143726 0.0797196 
qwerty 315 312 0.143427 0 4.58884 2.19877 12.0884 -0.0991231 0.0125296 0.00419645 
qwerty 313 312 0.617484 1.9341 4.48122 1.19844 10.8275 0.0973989 -0.00172162 0.0225942 
qwerty 313 312 0.55856 0.77695 4.72331 1.24942 10.885 0.0862069 -0.0390486 0.0323043 
qwerty 313 312 0.340271 0.436679 4.83076 1.1727 10.9875 0.0527392 0.0046995 0.0848322 
qwerty 313 312 0.231332 0.205347 4.86961 1.17616 11.05 -0.0856196 0.0445069 0.0262377 
qwerty 313 312 0.00449842 0.116219 4.8692 1.17697 11.0494 -0.0133634 0.0858946 -0.0494321 
qwerty 313 312 0.00713697 0.109082 4.86893 1.17774 11.0488 -0.0397309 0.0841091 -0.036703 
qwerty 313 312 0.00218075 0.106902 4.86829 1.17867 11.0486 -0.0648397 0.0658156 -0.0382639 
qwerty 313 312 0.00197333 0.104928 4.86771 1.17946 11.0483 -0.00648811 0.0805487 -0.0589051 
qwerty 313 312 0.00418794 0.10074 4.86778 1.18037 11.0477 0.00630978 0.0784508 -0.06169 
qwerty 313 312 0.00388311 0.0968573 4.86769 1.18123 11.0467 -0.00584322 0.083365 -0.0549194 
qwerty 313 312 0.00442607 0.0924312 4.86734 1.1827 11.0461 -0.0491866 0.0729473 -0.0475328 
qwerty 313 312 0.00827136 0.0841599 4.86575 1.18397 11.0448 -0.0322868 0.0773633 -0.0545205 
qwerty 313 312 0.0269307 0.0572292 4.86353 1.18569 11.0435 -0.0636837 0.0734434 -0.0234617 
qwerty 313 312 0.0572292 0 4.86159 1.18793 11.0428 -0.0636837 0.0734434 -0.0234617 
qwerty 317 313 0.0015608 0.597025 4.7242 1.25 10.8848 0.0816696 0.0535969 -0.021388 
qwerty 317 313 0.0554282 0.541596 4.74163 1.26357 10.8811 0.0845169 0.0387764 -0.0367869 
qwerty 317 313 0.0519458 0.489651 4.76286 1.27015 10.8764 0.0832378 0.0198266 -0.051753 
qwerty 317 313 0.0319395 0.457711 4.78211 1.27219 10.8667 0.0811424 0.0488711 -0.0320551 
qwerty 317 313 0.072846 0.384865 4.79875 1.28986 10.8534 0.056353 0.0724025 -0.0397772 
qwerty 317 313 0.0365193 0.348346 4.80999 1.30089 10.8435 0.0445949 0.0894054 -0.00423998 
qwerty 317 313 0.223741 0.124604 4.82091 1.32383 10.8319 0.0386759 0.0909429 0.0152827 
qwerty 317 313 0.124604 0 4.82545 1.33451 10.8337 0.0386759 0.0909429 0.0152827 
qwerty 306 304 0.00029101 0 1.20822 1.43953 8.70718 -0.0127681 -0.0571506 0.0810603 
qwerty 318 306 0.00385091 0 1.20821 1.43955 8.70719 -0.0352231 0.0790309 0.0501343 
qwerty 68 5 0 1.05711 0.298604 0.50791 2.275 0.0160979 0.0156012 0.0974549 
qwerty 68 5 0 1.05711 0.410102 0.615968 2.95 0.0160979 0.0156012 0.0974549 
qwerty 68 5 0 1.05711 0.521601 0.724026 3.625 0.0160979 0.0156012 0.0974549 
qwerty 68 5 0 1.05711 0.6331 0.832084 4.3 0.0160979 0.0156012 0.0974549 
qwerty 68 5 0 1.05711 0.744599 0.940142 4.975 0.0160979 0.0156012 0.0974549 
qwerty 68 5 0 1.05711 0.856097 1.0482 5.65 0.0160979 0.0156012 0.0974549 
qwerty 68 5 0 1.05711 0.967596 1.15626 6.325 0.0160979 0.0156012 0.0974549 
qwerty 68 5 0 1.05711 1.06432 1.25 6.91057 0.0160979 0.0156012 0.0974549 
qwerty 68 5 0 1.05711 1.07909 1.26432 7 0.0160979 0.0156012 0.0974549 
qwerty 68 5 0 1.05711 1.19059 1.37237 7.675 0.0160979 0.0156012 0.0974549 
qwerty 68 5 0 1.05711 1.30209 1.48043 8.35 0.0160979 0.0156012 0.0974549 
qwerty 68 5 0 0.384882 1.38708 1.5628 8.86451 0.0903105 -0.042224 0.00781955 
qwerty 68 5 0 0.384882 3.24065 0.696176 9.025 0.0903105 -0.042224 0.00781955 
qwerty 319 68 0.164859 0.507373 1.37049 1.59966 8.93089 0.03187 0.0244429 0.0915797 
qwerty 319 68 0.080005 0.427368 1.38812 1.62481 8.96568 -0.0159102 -0.00278512 -0.0986869 
qwerty 319 68 0.0377489 0.383239 1.38324 1.61787 8.94502 -0.00662711 -0.0353593 -0.0933049 
qwerty 319 68 0.0844098 0.29883 1.36728 1.61184 8.9074 -0.0686891 -0.0317894 -0.0653547 
qwerty 319 68 0.29883 0 1.3339 1.59639 8.87564 -0.0686891 -0.0317894 -0.0653547 
qwerty 321 319 0.00029101 0 1.44165 1.60958 8.72628 0.0257803 -0.00365649 -0.0965505 
qwerty 322 321 0.00608882 0 1.44169 1.60955 8.72628 0.0783434 -0.0621411 -0.000891549 
qwerty 65 5 0 0.290392 0.254964 0.487994 2.14194 -0.0370516 -0.00956029 0.0923893 
qwerty 65 5 0 0.290392 0.201602 0.474226 2.275 -0.0370516 -0.00956029 0.0923893 
qwerty 65 5 0 0.290392 -0.0690995 0.404378 2.95 -0.0370516 -0.00956029 0.0923893 
qwerty 65 5 0 0.290392 -0.3398 0.33453 3.625 -0.0370516 -0.00956029 0.0923893 
qwerty 325 65 0.0275645 0 0.255672 0.488379 2.14215 0.0850027 0.0460727 0.0255314 
qwerty 63 5 0 0.361278 0.195581 0.397765 1.6 0.0118912 0.016344 0.0979361 
qwerty 63 5 0 0.361278 0.277539 0.510412 2.275 0.0118912 0.016344 0.0979361 
qwerty 63 5 0 0.361278 0.359496 0.623059 2.95 0.0118912 0.016344 0.0979361 
qwerty 63 5 0 0.361278 0.441453 0.735707 3.625 0.0118912 0.016344 0.0979361 
qwerty 63 5 0 0.361278 0.523411 0.848354 4.3 0.0118912 0.016344 0.0979361 
qwerty 62 5 0 0.395962 0.178617 0.43057 1.6 0.00892849 0.0220162 0.0971369 
qwerty 62 5 0 0.395962 0.240661 0.58356 2.275 0.00892849 0.0220162 0.0971369 
qwerty 61 5 0 0.775035 0.167505 0.417127 1.6 0.00727375 0.0200583 0.0976973 
qwerty 61 5 0 0.767793 0.175785 0.608367 2.275 0.000153119 0.0284447 0.0958691 
qwerty 61 5 0 0.767793 0.176863 0.808642 2.95 0.000153119 0.0284447 0.0958691 
qwerty 61 5 0 0.767793 0.177941 1.00892 3.625 0.000153119 0.0284447 0.0958691 
qwerty 61 5 0 0.767793 0.179019 1.20919 4.3 0.000153119 0.0284447 0.0958691 
qwerty 61 5 0 0.767793 0.180097 1.40947 4.975 0.000153119 0.0284447 0.0958691 
qwerty 61 5 0 0.767793 0.181175 1.60974 5.65 0.000153119 0.0284447 0.0958691 
qwerty 61 5 0 0.767793 0.182253 1.81002 6.325 0.000153119 0.0284447 0.0958691 
qwerty 61 5 0 0.767793 0.183331 2.01029 7 0.000153119 0.0284447 0.0958691 
qwerty 61 5 0 0.767793 0.184409 2.21057 7.675 0.000153119 0.0284447 0.0958691 
qwerty 61 5 0 0.767793 0.185487 2.41084 8.35 0.000153119 0.0284447 0.0958691 
qwerty 61 5 0 0.767793 0.186566 2.61111 9.025 0.000153119 0.0284447 0.0958691 
qwerty 61 5 0 0.767793 0.187644 2.81139 9.7 0.000153119 0.0284447 0.0958691 
qwerty 61 5 0 0.767793 0.188722 3.01166 10.375 0.000153119 0.0284447 0.0958691 
qwerty 61 5 0 0.767793 0.1898 3.21194 11.05 0.000153119 0.0284447 0.0958691 
qwerty 61 5 0 0.767793 0.190878 3.41221 11.725 0.000153119 0.0284447 0.0958691 
qwerty 61 5 0 0.767793 0.191956 3.61249 12.4 0.000153119 0.0284447 0.0958691 
qwerty 61 5 0 0.767793 0.193034 3.81276 13.075 0.000153119 0.0284447 0.0958691 
qwerty 61 5 0 0.767793 0.194112 4.01304 13.75 0.000153119 0.0284447 0.0958691 
qwerty 61 5 0 0.767793 0.19519 4.21331 14.425 0.000153119 0.0284447 0.0958691 
qwerty 61 5 0 0.767793 0.196268 4.41359 15.1 0.000153119 0.0284447 0.0958691 
qwerty 61 5 0 0.767793 0.197346 4.61386 15.775 0.000153119 0.0284447 0.0958691 
qwerty 61 5 0 0.767793 0.198425 4.81414 16.45 0.000153119 0.0284447 0.0958691 
qwerty 61 5 0 0.767793 0.199503 5.01441 17.125 0.000153119 0.0284447 0.0958691 
qwerty 61 5 0 0.767793 0.200581 5.21469 17.8 0.000153119 0.0284447 0.0958691 
qwerty 61 5 0 0.767793 0.201659 5.41496 18.475 0.000153119 0.0284447 0.0958691 
qwerty 61 5 0 0.767793 0.202737 5.61524 19.15 0.000153119 0.0284447 0.0958691 
qwerty 61 5 0 0.767793 0.203815 5.81551 19.825 0.000153119 0.0284447 0.0958691 
qwerty 61 5 0 0.767793 0.204893 6.01579 20.5 0.000153119 0.0284447 0.0958691 
qwerty 61 5 0 0.767793 0.205971 6.21606 21.175 0.000153119 0.0284447 0.0958691 
qwerty 61 5 0 0.200772 0.206869 6.38287 21.7372 -0.0410391 -0.00172809 -0.0911746 
qwerty 61 5 0 0.200772 0.0325743 6.37553 21.35 -0.0410391 -0.00172809 -0.0911746 
qwerty 330 61 0.0987943 0.468227 0.200255 6.40245 21.7884 0.0393367 0.0250313 0.088465 
qwerty 330 61 0.0874777 0.380749 0.221736 6.40891 21.8133 0.0586533 -0.0528368 0.0613845 
qwerty 330 61 0.0494116 0.331338 0.231769 6.39191 21.8238 0.0642796 -0.0527862 0.0555135 
qwerty 330 61 0.08319 0.248148 0.25048 6.38686 21.8344 0.0603252 -0.0734003 0.0311973 
qwerty 330 61 0.0457053 0.202442 0.261752 6.376 21.8411 -0.0394021 -0.0918531 0.00323735 
qwerty 330 61 0.0459583 0.156484 0.253738 6.36315 21.8455 0.00947386 -0.0856687 0.0507062 
qwerty 330 61 0.0311291 0.125355 0.254575 6.35559 21.85 0.0507837 -0.0217952 0.0833426 
qwerty 60 5 0 0.125596 0.11449 0.276949 0.925 0.00745739 0.0213552 0.0974081 
qwerty 59 5 0 1.64085 0.130209 0.293474 0.925 0.0102082 0.0239243 0.0965579 
qwerty 59 5 0 1.64085 0.20157 0.46072 1.6 0.0102082 0.0239243 0.0965579 
qwerty 59 5 0 1.64085 0.272932 0.627966 2.275 0.0102082 0.0239243 0.0965579 
qwerty 59 5 0 1.64085 0.344293 0.795212 2.95 0.0102082 0.0239243 0.0965579 
qwerty 59 5 0 1.64085 0.415655 0.962458 3.625 0.0102082 0.0239243 0.0965579 
qwerty 59 5 0 1.64085 0.487016 1.1297 4.3 0.0102082 0.0239243 0.0965579 
qwerty 59 5 0 1.64085 0.558378 1.29695 4.975 0.0102082 0.0239243 0.0965579 
qwerty 59 5 0 1.64085 0.62974 1.4642 5.65 0.0102082 0.0239243 0.0965579 
qwerty 59 5 0 1.64085 0.701101 1.63144 6.325 0.0102082 0.0239243 0.0965579 
qwerty 59 5 0 1.64085 0.772463 1.79869 7 0.0102082 0.0239243 0.0965579 
qwerty 59 5 0 1.64085 0.843824 1.96593 7.675 0.0102082 0.0239243 0.0965579 
qwerty 59 5 0 1.64085 0.915186 2.13318 8.35 0.0102082 0.0239243 0.0965579 
qwerty 59 5 0 1.64085 0.986547 2.30043 9.025 0.0102082 0.0239243 0.0965579 
qwerty 59 5 0 1.64085 1.05791 2.46767 9.7 0.0102082 0.0239243 0.0965579 
qwerty 59 5 0 1.64085 1.12927 2.63492 10.375 0.0102082 0.0239243 0.0965579 
qwerty 59 5 0 1.64085 1.20063 2.80216 11.05 0.0102082 0.0239243 0.0965579 
qwerty 59 5 0 1.48778 1.11278 3.05024 11.725 -0.0125566 0.034423 0.0930451 
qwerty 59 5 0 1.48778 1.02169 3.29996 12.4 -0.0125566 0.034423 0.0930451 
qwerty 59 5 0 1.48778 0.930595 3.54969 13.075 -0.0125566 0.034423 0.0930451 
qwerty 59 5 0 1.30737 0.809288 3.6218 13.75 -0.0186259 0.00467108 0.098139 
qwerty 59 5 0 1.30737 0.681179 3.65393 14.425 -0.0186259 0.00467108 0.098139 
qwerty 59 5 0 1.30737 0.55307 3.68605 15.1 -0.0186259 0.00467108 0.098139 
qwerty 59 5 0 1.30737 0.424961 3.71818 15.775 -0.0186259 0.00467108 0.098139 
qwerty 59 5 0 1.30737 0.298084 3.75 16.4435 -0.0186259 0.00467108 0.098139 
qwerty 59 5 0 1.30737 0.296852 3.75031 16.45 -0.0186259 0.00467108 0.098139 
qwerty 59 5 0 0.986846 0.194814 3.7759 16.9876 0.00940289 -0.0368204 0.0924978 
qwerty 59 5 0 0.986846 0.208778 3.72122 17.125 0.00940289 -0.0368204 0.0924978 
qwerty 59 5 0 0.986846 0.277395 3.45252 17.8 0.00940289 -0.0368204 0.0924978 
qwerty 59 5 0 0.986846 0.346012 3.18383 18.475 0.00940289 -0.0368204 0.0924978 
qwerty 59 5 0 0.986846 0.41463 2.91513 19.15 0.00940289 -0.0368204 0.0924978 
qwerty 59 5 0 0.986846 0.483247 2.64644 19.825 0.00940289 -0.0368204 0.0924978 
qwerty 59 5 0 0.986846 0.551864 2.37774 20.5 0.00940289 -0.0368204 0.0924978 
qwerty 59 5 0 0.986846 0.620482 2.10905 21.175 0.00940289 -0.0368204 0.0924978 
qwerty 59 5 0 0.986846 0.689099 1.84035 21.85 0.00940289 -0.0368204 0.0924978 
qwerty 59 5 0 0.986846 0.757716 1.57166 22.525 0.00940289 -0.0368204 0.0924978 
qwerty 59 5 0 0.986846 0.826334 1.30296 23.2 0.00940289 -0.0368204 0.0924978 
qwerty 59 5 0 0.986846 0.894951 1.03426 23.875 0.00940289 -0.0368204 0.0924978 
qwerty 59 5 0 0.986846 0.963568 0.765569 24.55 0.00940289 -0.0368204 0.0924978 
qwerty 59 5 0 0.986846 1.03219 0.496874 25.225 0.00940289 -0.0368204 0.0924978 
qwerty 59 5 0 0.986846 1.1008 0.228178 25.9 0.00940289 -0.0368204 0.0924978 
qwerty 335 59 0.32052 0 0.167052 3.81094 17.0182 -0.0512673 0.0647019 0.0564388 
qwerty 58 18 0 0.510999 -0.873149 -3.09099 1.1 0.0175465 -0.0745405 -0.0643105 
qwerty 58 18 0 0.510999 -0.688982 -3.87337 0.425 0.0175465 -0.0745405 -0.0643105 
qwerty 58 18 0 0.510999 -0.504816 -4.65574 -0.25 0.0175465 -0.0745405 -0.0643105 
qwerty 57 18 0 0.510999 -1.19374 -1.72909 2.275 -0.0175465 0.0745405 0.0643105 
qwerty 57 18 0 0.510999 -1.30651 -1.25 2.68834 -0.0175465 0.0745405 0.0643105 
qwerty 57 18 0 0.510999 -1.3779 -0.946714 2.95 -0.0175465 0.0745405 0.0643105 
qwerty 55 32 0 0.510999 8.95693 1.39564 18.475 0.0877932 -0.00755543 0.0472786 
qwerty 55 32 0 0.243453 9.81149 1.3221 18.9352 -0.0415326 -0.0799378 0.0434165 
qwerty 55 32 0 0.243453 9.77403 1.25 18.9744 -0.0415326 -0.0799378 0.0434165 
qwerty 55 32 0 0.243453 9.60601 0.92661 19.15 -0.0415326 -0.0799378 0.0434165 
qwerty 341 55 0.123171 0.144375 9.8423 1.31542 18.966 0.0402657 0.0377094 0.0834067 
qwerty 341 55 0.144375 0 9.84835 1.32109 18.9786 0.0402657 0.0377094 0.0834067 
qwerty 54 32 0 0.510999 8.75 1.41345 18.3636 -0.0877932 0.00755543 -0.0472786 
qwerty 54 32 0 0.510999 8.02846 1.47554 17.975 -0.0877932 0.00755543 -0.0472786 
qwerty 52 41 0 0.510999 1.81407 -0.274712 9.7 0.0699995 -0.0463038 0.0543693 
qwerty 51 41 0 0.510999 1.17032 0.151115 9.2 -0.0699995 0.0463038 -0.0543693 
qwerty 51 41 0 0.396953 0.490716 0.600667 8.67214 -0.0148457 0.0171078 -0.0974009 
qwerty 51 41 0 0.396953 0.468289 0.626511 8.525 -0.0148457 0.0171078 -0.0974009 
qwerty 347 51 0.114046 0 0.482332 0.605401 8.6752 -0.0830031 0.0468687 0.0302293 
qwerty 50 45 0 5.54219 0.567047 -1.71724 2.95 0.0698641 -0.00618727 0.0712793 
qwerty 50 45 0 5.54219 1.22864 -1.77583 3.625 0.0698641 -0.00618727 0.0712793 
qwerty 50 45 0 0.392434 1.603 -1.86809 3.125 0.0536318 -0.0139956 -0.0832331 
qwerty 50 45 0 0.392434 2.03794 -1.9816 2.45 0.0536318 -0.0139956 -0.0832331 
qwerty 50 45 0 0.392434 2.47288 -2.0951 1.775 0.0536318 -0.0139956 -0.0832331 
qwerty 49 45 0 6.66133 0.0895395 -1.79029 2.95 0.0191243 -0.0198325 0.0961298 
qwerty 49 45 0 6.66133 0.223826 -1.92955 3.625 0.0191243 -0.0198325 0.0961298 
qwerty 49 45 0 6.66133 0.358112 -2.06881 4.3 0.0191243 -0.0198325 0.0961298 
qwerty 48 45 0 1.83629 -0.0543225 -1.48691 2.275 0.022702 -0.0328101 0.0916958 
qwerty 48 45 0 1.83629 0.112794 -1.72844 2.95 0.022702 -0.0328101 0.0916958 
qwerty 48 45 0 1.83629 0.27991 -1.96996 3.625 0.022702 -0.0328101 0.0916958 
qwerty 48 45 0 1.83629 0.447027 -2.21149 4.3 0.022702 -0.0328101 0.0916958 
qwerty 48 45 0 1.83629 0.614143 -2.45301 4.975 0.022702 -0.0328101 0.0916958 
qwerty 48 45 0 1.83629 0.781259 -2.69454 5.65 0.022702 -0.0328101 0.0916958 
qwerty 48 45 0 1.83629 0.948376 -2.93607 6.325 0.022702 -0.0328101 0.0916958 
qwerty 48 45 0 0.466419 1.08341 -3.13122 6.87041 0.045155 0.0808763 0.0376836 
qwerty 48 45 0 0.466419 1.2387 -2.85308 7 0.045155 0.0808763 0.0376836 
qwerty 358 48 0.24367 1.12621 1.10113 -3.21541 7 0.0568842 -0.0292624 0.0768629 
qwerty 362 358 0 0.16898 1.15721 -3.34971 6.5 0.0132484 -0.0262697 -0.095574 
qwerty 47 45 0 0.875146 -0.0305505 -1.50902 2.275 0.0254994 -0.0351828 0.0900664 
qwerty 47 45 0 0.467522 1.14585 -1.25 2.75615 0.0907999 0.0202183 0.0366959 
qwerty 47 45 0 0.263808 1.30472 -1.21462 2.82035 -0.0110328 0.098136 0.0157355 
qwerty 47 45 0 0.263808 1.21382 -0.406075 2.95 -0.0110328 0.098136 0.0157355 
qwerty 365 47 0.0705668 0.133148 1.31826 -1.22692 2.8239 0.0884596 -0.0194145 0.0424025 
qwerty 365 47 0.0488292 0.0843187 1.33215 -1.22768 2.8207 0.0774082 0.0632734 -0.00210878 
qwerty 365 47 0.0843187 0 1.3368 -1.22388 2.82057 0.0774082 0.0632734 -0.00210878 
qwerty 46 45 0 2.13023 -0.0349564 -1.50078 2.275 0.0250292 -0.0342427 0.0905592 
qwerty 46 45 0 0.747751 -0.509683 -2.48024 2.95 -0.0440489 -0.0782284 0.0440456 
qwerty 46 45 0 0.747751 -1.18473 -3.6791 3.625 -0.0440489 -0.0782284 0.0440456 
qwerty 46 45 0 0.747751 -1.85978 -4.87795 4.3 -0.0440489 -0.0782284 0.0440456 
qwerty 305 69 0.934291 5.74564 1.339 1.84349 9.025 -0.0129564 0.0652434 0.0746688 
qwerty 305 69 1.43512 3.11704 1.25974 2.48084 8.70025 -0.0351383 0.0918887 -0.0179376 
qwerty 305 69 0.0543018 3.06274 1.25 2.50632 8.69528 -0.0410376 0.0908846 -0.00747704 
qwerty 305 69 0.821849 2.24089 1.09515 2.92643 8.54211 0.0163096 0.0938862 -0.0303211 
qwerty 305 69 0.0760495 2.16484 1.10436 2.97941 8.525 0.0289628 0.0912759 -0.0288073 
qwerty 259 240 0.909582 2.981 1.21903 2.47961 9.7 0.0719405 0.0250058 0.0648018 
qwerty 236 83 0.87318 7.83318 0.984607 1.88321 7.675 0.0383548 0.0220223 0.0896879 
qwerty 151 110 0.700776 4.7289 -9.37594 -8.75 17.4653 -0.0954146 -0.0108336 0.027905 
qwerty 151 110 1.03317 3.69573 -10.0208 -8.83142 17.5813 -0.0993245 -0.0115155 0.00142457 
qwerty 151 110 0.877511 2.81822 -10.5411 -8.95643 17.7148 -0.0884072 -0.0422884 0.0198962 
qwerty 151 110 0.634722 2.1835 -10.9186 -9.1372 17.7999 -0.0596339 -0.0784932 0.0168111 
qwerty 151 110 0.00041307 2.18308 -10.919 -9.13772 17.8 -0.060661 -0.0779228 0.015757 
qwerty 138 116 0.985266 2.60509 -2.37448 -2.9131 1.81885 0.0187852 -0.0642865 -0.0742588 
qwerty 138 116 0.0788943 2.5262 -2.36338 -2.95106 1.775 0.0208064 -0.0642941 -0.0737113 
qwerty 138 116 0.579686 0.966686 -2.39509 -2.69964 1.83065 -0.00767633 0.09752 -0.0207586 
qwerty 138 116 0.336145 0.63054 -2.40351 -2.51921 1.77654 0.0989242 0.00695447 -0.0128703 
qwerty 138 116 0.0155839 0.614956 -2.39163 -2.51838 1.775 0.0938788 0.0266018 -0.0218889 
qwerty 406 138 0 0.510999 -2.43837 -1.95684 2.275 -0.00673763 0.0738014 0.0671413 
qwerty 405 138 0 0.510999 -2.32045 -3.2484 1.1 0.00673763 -0.0738014 -0.0671413 
qwerty 405 138 0 0.510999 -2.25272 -3.99035 0.425 0.00673763 -0.0738014 -0.0671413 
qwerty 405 138 0 0.510999 -2.18498 -4.73231 -0.25 0.00673763 -0.0738014 -0.0671413 
qwerty 403 138 0 0.619598 -3.52032 -3.75 2.86864 -0.0652008 -0.0660779 0.0371829 
qwerty 403 138 0 0.619598 -3.66298 -3.89458 2.95 -0.0652008 -0.0660779 0.0371829 
qwerty 403 138 0 0.619598 -4.84661 -5.09413 3.625 -0.0652008 -0.0660779 0.0371829 
qwerty 402 138 0 0.210158 -3.57297 -2.92264 1.775 -0.0885559 -0.0159856 -0.0436156 
qwerty 401 142 0 0.510999 -4.26791 -3.72377 3.625 -0.0192158 0.0568399 0.0799999 
qwerty 400 142 0 0.510999 -3.98568 -4.55861 2.45 0.0192158 -0.0568399 -0.0799999 
qwerty 397 142 0 0.246511 -3.75 -4.19591 3.41307 0.0722874 -0.0130648 0.0678516 
qwerty 397 142 0 0.246511 -3.52422 -4.23672 3.625 0.0722874 -0.0130648 0.0678516 
qwerty 395 145 0 0.510999 -5.31998 -1.75464 10.375 -0.0125795 0.0979469 0.015753 
qwerty 395 145 0 0.510999 -5.70587 1.25 10.8582 -0.0125795 0.0979469 0.015753 
qwerty 395 145 0 0.510999 -5.859 2.4423 11.05 -0.0125795 0.0979469 0.015753 
qwerty 394 151 0 0.510999 -11.0655 -9.27331 17.3 -0.0148698 -0.022818 -0.0962197 
qwerty 394 151 0 0.510999 -11.1698 -9.43338 16.625 -0.0148698 -0.022818 -0.0962197 
qwerty 394 151 0 0.510999 -11.2741 -9.59345 15.95 -0.0148698 -0.022818 -0.0962197 
qwerty 394 151 0 0.510999 -11.3784 -9.75353 15.275 -0.0148698 -0.022818 -0.0962197 
qwerty 394 151 0 0.510999 -11.4827 -9.9136 14.6 -0.0148698 -0.022818 -0.0962197 
qwerty 394 151 0 0.510999 -11.5871 -10.0737 13.925 -0.0148698 -0.022818 -0.0962197 
qwerty 394 151 0 0.510999 -11.6914 -10.2337 13.25 -0.0148698 -0.022818 -0.0962197 
qwerty 394 151 0 0.510999 -11.7957 -10.3938 12.575 -0.0148698 -0.022818 -0.0962197 
qwerty 393 151 0 0.510999 -10.8839 -8.99466 18.475 0.0148698 0.022818 0.0962197 
qwerty 393 151 0 0.477518 -10.8031 -8.87062 18.9981 -0.0221508 0.0277459 0.0934853 
qwerty 393 151 0 0.477518 -10.8391 -8.82553 19.15 -0.0221508 0.0277459 0.0934853 
qwerty 422 393 0.0334809 0 -10.8019 -8.87072 18.9983 0.0966879 -0.00845368 0.0240829 
qwerty 392 168 0 0.510999 -6.82226 -9.29736 16.625 0.0941176 -0.0177618 -0.028747 
qwerty 392 168 0 0.473635 -6.11839 -9.43019 16.41 0.0908732 -0.041642 0.00282785 
qwerty 392 168 0 0.473635 -4.83343 -10.019 16.45 0.0908732 -0.041642 0.00282785 
qwerty 392 168 0 0.320896 -4.66306 -11.25 15.9867 0.0120777 -0.092851 -0.0351117 
qwerty 392 168 0 0.320896 -4.65043 -11.3471 15.95 0.0120777 -0.092851 -0.0351117 
qwerty 426 392 0.0373642 0 -6.11803 -9.42942 16.4089 0.0253995 0.0535145 -0.0805671 
qwerty 389 173 0 0.510999 -5.27438 -6.53645 11.725 0.0624298 -0.0451364 0.0637592 
qwerty 389 173 0 0.510999 -4.61345 -7.0143 12.4 0.0624298 -0.0451364 0.0637592 
qwerty 389 173 0 0.304561 -3.82522 -7.55786 12.2029 0.0795651 0.0216939 -0.0565576 
qwerty 389 173 0 0.304561 -3.39904 -7.44166 11.9 0.0795651 0.0216939 -0.0565576 
qwerty 389 173 0 0.304561 -2.44945 -7.18275 11.225 0.0795651 0.0216939 -0.0565576 
qwerty 433 389 0.0796501 0 -3.82431 -7.56313 12.2039 0.0165954 -0.0968794 0.0184113 
qwerty 388 226 0 0.510999 -1.60658 6.79057 16.625 -0.00105111 -0.0570299 -0.082137 
qwerty 388 226 0 0.510999 -1.61522 6.3219 15.95 -0.00105111 -0.0570299 -0.082137 
qwerty 388 226 0 0.510999 -1.62386 5.85323 15.275 -0.00105111 -0.0570299 -0.082137 
qwerty 387 226 0 0.510999 -1.59155 7.6064 17.8 0.00105111 0.0570299 0.082137 
qwerty 386 236 0 0.510999 1.25 1.83329 7.52516 0.0430715 0.0193101 -0.0881588 
qwerty 386 236 0 0.510999 1.42108 1.90999 7.175 0.0430715 0.0193101 -0.0881588 
qwerty 385 236 0 0.366038 0.960752 1.70361 8.11719 -0.0977957 -0.00930938 0.0186906 
qwerty 385 236 0 0.366038 -0.257374 1.58765 8.35 -0.0977957 -0.00930938 0.0186906 
qwerty 385 236 0 0.26422 -0.601621 1.61995 8.53587 -0.0721344 0.02459 0.0647453 
qwerty 385 236 0 0.26422 -1.14657 1.80571 9.025 -0.0721344 0.02459 0.0647453 
qwerty 385 236 0 0.26422 -1.90398 2.06939 9.7 -0.0722841 0.0252932 0.064306 
qwerty 385 236 0 0.26422 -2.66273 2.33489 10.375 -0.0722841 0.0252932 0.064306 
qwerty 441 385 0.00984841 0 -0.601522 1.61999 8.53595 0.074961 0.0351908 0.0560575 
qwerty 439 385 0.144961 0 0.965825 1.70123 8.13125 0.0335219 -0.0157061 0.0928956 
qwerty 384 236 0 0.578438 1.42079 1.94967 8.35 0.051175 0.0273265 0.0814517 
qwerty 384 236 0 0.578438 1.84488 2.17613 9.025 0.051175 0.0273265 0.0814517 
qwerty 384 236 0 0.578438 2.26898 2.40259 9.7 0.051175 0.0273265 0.0814517 
qwerty 384 236 0 0.578438 2.69307 2.62905 10.375 0.051175 0.0273265 0.0814517 
qwerty 384 236 0 0.578438 3.11716 2.85551 11.05 0.051175 0.0273265 0.0814517 
qwerty 384 236 0 0.578438 3.54126 3.08196 11.725 0.051175 0.0273265 0.0814517 
qwerty 384 236 0 0.578438 3.96535 3.30842 12.4 0.051175 0.0273265 0.0814517 
qwerty 383 236 0 0.509354 3.18974 0.920878 7.175 0.0822153 -0.0491117 -0.0287869 
qwerty 383 236 0 0.509354 5.11753 -0.2307 6.5 0.0822153 -0.0491117 -0.0287869 
qwerty 381 259 0 0.510999 1.20934 2.37139 10.375 -0.00528059 -0.0261238 0.0963829 
qwerty 381 259 0 0.510999 1.17235 2.18844 11.05 -0.00528059 -0.0261238 0.0963829 
qwerty 381 259 0 0.510999 1.13537 2.00548 11.725 -0.00528059 -0.0261238 0.0963829 
qwerty 380 259 0 0.510999 1.27371 2.68986 9.2 0.00528059 0.0261238 -0.0963829 
qwerty 380 259 0 0.461289 1.58896 3.10408 8.525 0.039708 0.0503104 -0.0767603 
qwerty 380 259 0 0.317012 1.19696 3.75 7.98557 -0.0553048 0.0673247 -0.0490792 
qwerty 380 259 0 0.317012 1.04419 3.93597 7.85 -0.0553048 0.0673247 -0.0490792 
qwerty 379 259 0 0.582675 1.07763 2.65543 9.7 -0.010275 0.0544142 0.0832678 
qwerty 379 259 0 0.582675 0.994341 3.09653 10.375 -0.010275 0.0544142 0.0832678 
qwerty 379 259 0 0.582675 0.911048 3.53764 11.05 -0.010275 0.0544142 0.0832678 
qwerty 379 259 0 0.582675 0.827755 3.97874 11.725 -0.010275 0.0544142 0.0832678 
qwerty 378 305 0 0.211065 1.23593 3.00278 7.85 0.0302896 -0.00338248 -0.0952423 
qwerty 377 305 0 0.435544 3.42961 1.7739 8.07702 0.0840079 -0.0334259 0.0427244 
qwerty 377 305 0 0.435544 3.96636 1.56034 8.35 0.0840079 -0.0334259 0.0427244 
qwerty 457 377 0.075455 0 3.43103 1.77238 8.07252 0.0285115 -0.030778 -0.0907734 
qwerty 375 305 0 1.18048 1.475 1.65795 9.025 0.0340683 0.00731309 0.093733 
qwerty 375 305 0 1.18048 1.72033 1.71061 9.7 0.0340683 0.00731309 0.093733 
qwerty 375 305 0 0.974027 1.83971 1.9961 10.375 0.0123368 0.0439224 0.0889866 
qwerty 375 305 0 0.974027 1.93329 2.32927 11.05 0.0123368 0.0439224 0.0889866 
qwerty 375 305 0 0.974027 2.02687 2.66244 11.725 0.0123368 0.0439224 0.0889866 
qwerty 375 305 0 0.974027 2.12045 2.99561 12.4 0.0123368 0.0439224 0.0889866 
qwerty 375 305 0 0.974027 2.21403 3.32878 13.075 0.0123368 0.0439224 0.0889866 
qwerty 375 305 0 0.974027 2.30761 3.66195 13.75 0.0123368 0.0439224 0.0889866 
qwerty 374 305 0 0.363804 1.38728 1.66259 9.025 0.0233047 0.00958531 0.096773 
qwerty 373 354 0 0.510999 1.25 -0.746272 4.70523 0.0539947 0.0818499 0.0196258 
qwerty 373 354 0 0.510999 1.9922 0.378814 4.975 0.0539947 0.0818499 0.0196258 
qwerty 373 354 0 0.510999 2.5669 1.25 5.18389 0.0539947 0.0818499 0.0196258 
qwerty 373 354 0 0.510999 3.84926 3.19392 5.65 0.0539947 0.0818499 0.0196258 
qwerty 373 354 0 0.206321 3.46245 3.75 5.22387 -0.0789886 0.00842876 -0.0607434 
qwerty 373 354 0 0.206321 3.36639 3.76025 5.15 -0.0789886 0.00842876 -0.0607434 
qwerty 373 354 0 0.178304 2.58105 3.79185 5.65 -0.0818842 0.00309047 0.0573187 
qwerty 372 354 0 0.510999 -0.731497 -3.75 3.985 -0.0539947 -0.0818499 -0.0196258 
qwerty 372 354 0 0.510999 -1.24048 -4.52156 3.8 -0.0539947 -0.0818499 -0.0196258 
