qwerty 1 0 0 200 0 0 -0.25 0 0 0.1 
qwerty 3 1 0 21.6284 -1.29389e-06 2.77226e-07 -0.25 -0.0938363 0.0201052 -0.0281163 
qwerty 2 1 0 313.348 0.0324558 -0.00695392 0.25 0.00647691 -0.00138773 0.0997804 
qwerty 2 1 0 313.348 0.0762712 -0.0163417 0.925 0.00647691 -0.00138773 0.0997804 
qwerty 2 1 0 313.348 0.120087 -0.0257295 1.6 0.00647691 -0.00138773 0.0997804 
qwerty 5 2 0.981079 279.991 0.171732 -0.0398497 2.275 0.00754023 -0.00200901 0.0996951 
qwerty 5 2 0.825195 175.272 0.241237 -0.0774222 2.95 0.010709 -0.0066428 0.0992028 
qwerty 5 2 1.00567 85.6872 0.377995 -0.124449 3.625 0.02233 -0.00800652 0.0971456 
qwerty 5 2 0.794811 74.1554 0.519929 -0.214025 4.3 0.0221497 -0.0120621 0.0967672 
qwerty 5 2 0.882137 28.6333 0.618616 -0.204158 4.975 0.00877876 0.00846824 0.0992533 
qwerty 5 2 0.265829 25.3581 0.683076 -0.10361 5.31749 0.0203524 0.0458689 0.0864975 
qwerty 5 2 0.641906 24.7162 0.761315 0.0727187 5.65 0.0150435 0.047577 0.086661 
qwerty 5 2 0.47826 20.4385 0.780694 0.397986 5.95938 -0.000133795 0.0868105 0.0496378 
qwerty 5 2 1.0259 18.3202 0.766371 0.964446 6.23918 0.014033 0.0916705 0.0374112 
qwerty 5 2 0.337929 17.9823 0.798564 1.17475 6.325 0.0127813 0.0910844 0.0392462 
qwerty 5 2 0 12.8972 0.84483 1.36915 6.5 0.0611209 0.0759214 -0.0223646 
qwerty 5 2 1.21047 3.13904 0.79727 1.39558 5.825 -0.000724398 0.0521673 -0.0853114 
qwerty 4 2 0.884874 22.915 0.159598 -0.322654 2.26438 0.0068185 -0.0497891 0.0864555 
qwerty 4 2 0.0190449 22.8959 0.160435 -0.328771 2.275 0.00722043 -0.0500057 0.0862977 
qwerty 4 2 0.0663658 17.9978 0.141232 -0.481166 2.49407 0.0158238 -0.0256815 0.0953419 
qwerty 4 2 0.213304 17.6863 0.160224 -0.517294 2.63561 0.0177475 -0.0243372 0.0953558 
qwerty 4 2 0.54947 17.0725 0.197979 -0.592714 2.89197 0.0151783 -0.028994 0.0944932 
qwerty 4 2 0.0918748 16.9806 0.2073 -0.61052 2.95 0.0141523 -0.028315 0.0948577 
qwerty 4 2 0.934898 12.0318 0.365611 -0.90965 3.625 0.00953566 -0.0285237 0.0953702 
qwerty 4 2 0.339176 8.3646 0.346534 -1.25 3.82823 -0.0330413 -0.093448 0.0132567 
qwerty 4 2 1.68423 6.68038 0.0850586 -2.30945 3.84065 -0.0417592 -0.0906882 -0.00564025 
qwerty 4 2 1.14349 5.53689 -0.21591 -2.96306 3.8 -0.0623862 -0.0779418 -0.00574829 
qwerty 4 2 1.18654 3.19835 0.172009 -2.83388 4.23562 0.0711954 0.0267753 0.0649176 
qwerty 4 2 0.153642 3.04471 0.24262 -2.80732 4.3 0.0874394 0.0129177 0.0467706 
qwerty 39 4 0.717742 1.42772 0.157881 -0.727867 2.75319 0.0103508 0.0418567 0.0902268 
qwerty 39 4 0.33686 1.09086 0.180458 -0.636568 2.95 -0.00202374 0.0114335 0.0993236 
qwerty 39 4 0 0.750813 0.165544 -0.641983 2.95 0.0473128 0.0865225 0.0165937 
qwerty 39 4 0.0483457 0.62634 0.167283 -0.648726 2.92516 -0.0216618 -0.0455496 -0.0863482 
qwerty 39 4 0.112958 0.513382 0.161197 -0.671002 2.90272 0.0321668 -0.0613389 -0.0721307 
qwerty 39 4 0.0394476 0.473935 0.161744 -0.68975 2.88324 0.00285737 -0.0517111 -0.0855441 
qwerty 39 4 0.0755255 0.398409 0.152877 -0.708792 2.84743 0.014012 -0.0411591 -0.0900533 
qwerty 39 4 0.151078 0.247332 0.169204 -0.733034 2.80776 0.0546217 -0.0621707 -0.0561362 
qwerty 39 4 0.247332 0 0.18894 -0.755498 2.78748 0.0546217 -0.0621707 -0.0561362 
qwerty 45 4 0 0.234709 -0.594441 -0.644365 4.3 -0.0839749 0.0322119 0.0437106 
qwerty 42 4 0 0.918225 0.383651 -0.873797 3.625 0.0243935 -0.0352275 0.0903548 
qwerty 42 4 0 0.918225 0.565884 -1.13697 4.3 0.0243935 -0.0352275 0.0903548 
qwerty 42 4 0 0.351892 1.65849 -2.53599 3.8 0.0582013 -0.0742683 -0.0331184 
qwerty 41 4 0 0.0643593 0.215524 -0.599382 2.95 0.0287677 -0.0109326 0.0951467 
qwerty 40 4 0 0.0981902 0.218987 -0.591114 2.95 0.0179023 -0.0224895 0.0957796 
qwerty 37 4 0 3.60253 0.160345 -0.328789 2.275 0.00607952 -0.0499242 0.0864327 
qwerty 36 4 0 0.252986 0.171059 -0.0788446 2.275 0.00750996 -0.00846744 0.0993575 
qwerty 34 5 0 0.510999 0.539612 1.32904 6.325 -0.0349208 -0.0196272 0.0916259 
qwerty 34 5 0 0.510999 0.398985 1.25 6.69398 -0.0349208 -0.0196272 0.0916259 
qwerty 34 5 0 0.510999 0.282354 1.18445 7 -0.0349208 -0.0196272 0.0916259 
qwerty 34 5 0 0.510999 0.0250948 1.03986 7.675 -0.0349208 -0.0196272 0.0916259 
qwerty 32 5 0 0.498508 0.659208 1.46459 5.825 -0.0501405 0.0165833 -0.0849172 
qwerty 32 5 0 0.307774 0.504082 1.25 5.60884 -0.0335014 -0.0853811 -0.0398462 
qwerty 32 5 0 0.307774 0.118302 0.266807 5.15 -0.0335014 -0.0853811 -0.0398462 
qwerty 30 5 0 0.24116 1.25 1.12422 6.16816 0.0656403 -0.0506971 -0.0558673 
qwerty 30 5 0 0.24116 1.65319 0.812819 5.825 0.0656403 -0.0506971 -0.0558673 
qwerty 28 5 0 3.94126 1.25 1.45247 6.32195 0.090284 0.0142381 -0.0405719 
qwerty 28 5 0 3.94126 2.35586 1.62687 5.825 0.090284 0.0142381 -0.0405719 
qwerty 28 5 0 3.94126 3.85793 1.86375 5.15 0.090284 0.0142381 -0.0405719 
qwerty 28 5 0 3.94126 5.35999 2.10063 4.475 0.090284 0.0142381 -0.0405719 
qwerty 28 5 0 3.94126 6.86206 2.33751 3.8 0.090284 0.0142381 -0.0405719 
qwerty 28 5 0 3.94126 8.36412 2.57439 3.125 0.090284 0.0142381 -0.0405719 
qwerty 28 5 0 3.94126 9.86619 2.81128 2.45 0.090284 0.0142381 -0.0405719 
qwerty 27 5 0 0.781255 0.978191 1.83767 7 0.0186939 0.0670262 0.0718194 
qwerty 27 5 0 0.206001 0.884967 1.78849 6.5 -0.0185212 -0.0139043 -0.0972812 
qwerty 26 5 0 0.238082 0.893387 1.48222 6.60302 -0.0577066 -0.0757901 0.0304271 
qwerty 26 5 0 0.170935 0.876134 1.45956 6.61212 0.070372 -0.0703808 0.00971236 
qwerty 26 5 0 0.170935 1.08567 1.25 6.64104 0.070372 -0.0703808 0.00971236 
qwerty 26 5 0 0.117623 2.97437 -0.638939 6.90171 0.0159252 0.0751845 0.0639819 
qwerty 26 5 0 0.117623 2.99884 -0.523438 7 0.0159252 0.0751845 0.0639819 
qwerty 77 26 0.0533119 0 2.97552 -0.641288 6.90105 0.0424167 -0.0871818 -0.024498 
qwerty 76 26 0.0671475 0 0.872281 1.45866 6.61296 -0.0952845 -0.0222376 0.0206484 
qwerty 75 26 0.120833 0.373059 0.930431 1.53358 6.61 0.06235 0.0763958 0.0166181 
qwerty 75 26 0.197489 0.17557 0.989206 1.56456 6.58974 -0.00466909 0.0407702 -0.0911921 
qwerty 75 26 0.17557 0 0.988235 1.57303 6.57078 -0.00466909 0.0407702 -0.0911921 
qwerty 25 5 0 1.09238 0.803112 1.17171 6.325 0.0161629 0.0911775 0.0377547 
qwerty 25 5 0 1.09238 1.09208 2.80184 7 0.0161629 0.0911775 0.0377547 
qwerty 24 5 0.00029101 0 0.772291 0.528563 6.02649 -0.00571456 0.0887971 0.0456336 
qwerty 82 24 0.038564 0 0.771796 0.529968 6.02678 -0.0326322 0.0925097 0.019419 
qwerty 23 5 0 0.457019 0.693069 0.81427 6.325 -0.0120154 0.0779505 0.0614764 
qwerty 23 5 0 0.457019 0.625905 1.25 6.66864 -0.0120154 0.0779505 0.0614764 
qwerty 23 5 0 0.457019 0.561142 1.67015 7 -0.0120154 0.0779505 0.0614764 
qwerty 23 5 0 0.457019 0.429215 2.52603 7.675 -0.0120154 0.0779505 0.0614764 
qwerty 23 5 0 0.404722 0.938852 3.50059 8.35 0.0407952 0.0751543 0.0518419 
qwerty 23 5 0 0.357915 1.25 3.84821 8.57451 0.0840173 0.0477579 0.0256959 
qwerty 23 5 0 0.357915 2.72294 4.68547 9.025 0.0840173 0.0477579 0.0256959 
qwerty 23 5 0 0.178502 2.25645 5.31997 8.525 -0.0647215 0.0525093 -0.0552621 
qwerty 22 5 0 0.515329 0.72056 0.853234 6.325 -0.0083865 0.0799783 0.0594402 
qwerty 22 5 0 0.515329 0.678955 1.25 6.61988 -0.0083865 0.0799783 0.0594402 
qwerty 22 5 0 0.515329 0.625323 1.76146 7 -0.0083865 0.0799783 0.0594402 
qwerty 22 5 0 0.515329 0.530087 2.66969 7.675 -0.0083865 0.0799783 0.0594402 
qwerty 21 5 0 0.0216404 0.751169 0.0721522 5.65 0.0178149 0.0459843 0.0869947 
qwerty 20 5 0 0.869812 0.671666 -0.0463132 5.65 0.00850238 0.0261247 0.096152 
qwerty 20 5 0 0.869812 0.731354 0.137086 6.325 0.00850238 0.0261247 0.096152 
qwerty 20 5 0 0.869812 0.791042 0.320485 7 0.00850238 0.0261247 0.096152 
qwerty 20 5 0 0.869812 0.850729 0.503883 7.675 0.00850238 0.0261247 0.096152 
qwerty 20 5 0 0.869812 0.910417 0.687282 8.35 0.00850238 0.0261247 0.096152 
qwerty 20 5 0 0.733891 0.940324 1.2047 9.025 0.00240654 0.0668856 0.0743002 
qwerty 20 5 0 0.322171 0.93692 1.25 9.2793 -0.00194908 -0.0672782 0.0739584 
qwerty 20 5 0 0.322171 0.925833 0.867303 9.7 -0.00194908 -0.0672782 0.0739584 
qwerty 19 5 0 20.4739 0.584219 -0.287028 4.975 0.0068002 -0.0104633 0.0992183 
qwerty 19 5 0 3.7848 0.907645 -0.123994 5.65 0.0470955 0.0255748 0.0844272 
qwerty 19 5 0 3.7848 1.25 0.0619191 6.26373 0.0470955 0.0255748 0.0844272 
qwerty 19 5 0 3.7848 1.28418 0.0804783 6.325 0.0470955 0.0255748 0.0844272 
qwerty 19 5 0 3.7848 1.66071 0.284951 7 0.0470955 0.0255748 0.0844272 
qwerty 19 5 0 3.7848 2.03724 0.489423 7.675 0.0470955 0.0255748 0.0844272 
qwerty 19 5 0 3.7848 2.41377 0.693895 8.35 0.0470955 0.0255748 0.0844272 
qwerty 19 5 0 3.7848 2.7903 0.898368 9.025 0.0470955 0.0255748 0.0844272 
qwerty 19 5 0 3.7848 3.16683 1.10284 9.7 0.0470955 0.0255748 0.0844272 
qwerty 19 5 0 1.21405 3.66161 2.3171 10.375 0.0314885 0.0855515 0.0411025 
qwerty 19 5 0 0.807114 3.55486 3.13097 11.05 -0.0252538 0.068589 0.068248 
qwerty 19 5 0 0.807114 3.30509 3.80935 11.725 -0.0252538 0.068589 0.068248 
qwerty 94 19 0.92864 9.25585 0.277761 -0.280283 5.65 -0.045569 0.00694966 0.0887421 
qwerty 103 94 0 0.803786 -0.701635 0.189553 5.15 -0.0764645 0.0455927 -0.0455466 
qwerty 103 94 0 0.803786 -1.25 0.516522 4.82336 -0.0764645 0.0455927 -0.0455466 
qwerty 103 94 0 0.803786 -1.83484 0.865237 4.475 -0.0764645 0.0455927 -0.0455466 
qwerty 103 94 0 0.803786 -2.48013 1.25 4.09063 -0.0764645 0.0455927 -0.0455466 
qwerty 103 94 0 0.803786 -2.96804 1.54092 3.8 -0.0764645 0.0455927 -0.0455466 
qwerty 102 94 0 2.17828 0.301543 -0.443512 5.15 0.0151104 -0.0241325 -0.0958608 
qwerty 102 94 0 2.17828 0.407943 -0.61344 4.475 0.0151104 -0.0241325 -0.0958608 
qwerty 102 94 0 2.17828 0.514342 -0.783367 3.8 0.0151104 -0.0241325 -0.0958608 
qwerty 102 94 0 1.61562 0.550824 -1.28207 3.125 0.00421283 -0.0597231 -0.0800962 
qwerty 102 94 0 0.398875 1.25 -2.19913 3.51457 0.074193 -0.0376897 0.0554516 
qwerty 102 94 0 0.398875 1.39775 -2.27419 3.625 0.074193 -0.0376897 0.0554516 
qwerty 110 106 0 0.264382 0.724955 -1.71719 3.625 0.0241275 -0.0547942 0.0800966 
qwerty 101 94 0 0.224092 1.0708 -0.68558 6.325 0.0761335 -0.0335829 0.0554606 
qwerty 100 94 0 4.85137 0.311289 -0.275454 5.65 -0.0468479 0.00181624 0.0883288 
qwerty 100 94 0 4.85137 -0.0467175 -0.261575 6.325 -0.0468479 0.00181624 0.0883288 
qwerty 99 94 0 0.268129 0.412999 -0.087678 5.65 -0.0290877 0.0350228 0.0890354 
qwerty 99 94 0 0.268129 0.192477 0.177839 6.325 -0.0290877 0.0350228 0.0890354 
qwerty 99 94 0 0.268129 -0.0280441 0.443356 7 -0.0290877 0.0350228 0.0890354 
qwerty 18 5 0 22.1936 0.6397 -0.306157 4.975 0.0161464 -0.0132997 0.0977876 
qwerty 18 5 0 22.1936 0.751154 -0.397962 5.65 0.0161464 -0.0132997 0.0977876 
qwerty 18 5 0 22.1936 0.862608 -0.489766 6.325 0.0161464 -0.0132997 0.0977876 
qwerty 118 18 0.839382 6.16994 1.17827 -0.654187 7 -0.00909469 -0.0508763 0.0856089 
qwerty 118 18 0.266439 4.34038 0.976708 -0.670963 6.96877 -0.0976099 0.0154888 -0.0152446 
qwerty 118 18 0.892893 3.44748 0.411454 -0.471874 6.81994 -0.0874096 0.0465679 -0.0138198 
qwerty 118 18 0.656361 2.79112 0.046871 -0.316308 6.85844 -0.0986029 0.0162918 0.00347147 
qwerty 118 18 0.97797 1.81315 -0.364748 -0.206678 6.75429 -0.0393685 0.0918238 -0.00430328 
qwerty 118 18 0.619924 1.19323 -0.542212 0.0487291 6.85792 -0.0934911 0.0354854 -0.000455315 
qwerty 118 18 0.122617 1.05316 -0.612765 0.0666213 6.84291 -0.0960106 0.0279516 0.000821175 
qwerty 118 18 0.40491 0.648254 -0.781718 0.195679 6.91868 -0.0882314 0.0264723 0.0389157 
qwerty 118 18 0.50309 0.145164 -0.912324 0.217178 6.94787 -0.0451676 -0.0885134 0.0111919 
qwerty 118 18 0.145164 0 -0.919176 0.203751 6.94957 -0.0451676 -0.0885134 0.0111919 
qwerty 121 118 0.00029101 0 -2.21211 0.0396373 6.99203 -0.0995541 -0.00167967 0.00928182 
qwerty 122 121 0.0171585 0 -2.21215 0.0395845 6.99168 -0.0130922 -0.014804 -0.0980277 
qwerty 120 118 0 0.878035 -1.13432 -0.149388 6.5 -0.0949007 0.0234472 -0.0210735 
qwerty 120 118 0 0.650232 -2.31029 0.0347286 5.825 -0.0670937 0.00134226 -0.0741393 
qwerty 120 118 0 0.650232 -2.92115 0.0469492 5.15 -0.0670937 0.00134226 -0.0741393 
qwerty 120 118 0 0.650232 -3.532 0.0591697 4.475 -0.0670937 0.00134226 -0.0741393 
qwerty 120 118 0 0.650232 -4.14285 0.0713903 3.8 -0.0670937 0.00134226 -0.0741393 
qwerty 120 118 0 0.650232 -4.75371 0.0836108 3.125 -0.0670937 0.00134226 -0.0741393 
qwerty 120 118 0 0.650232 -5.36456 0.0958314 2.45 -0.0670937 0.00134226 -0.0741393 
qwerty 120 118 0 0.650232 -5.97541 0.108052 1.775 -0.0670937 0.00134226 -0.0741393 
qwerty 120 118 0 0.650232 -6.58627 0.120272 1.1 -0.0670937 0.00134226 -0.0741393 
qwerty 120 118 0 0.650232 -7.19712 0.132493 0.425 -0.0670937 0.00134226 -0.0741393 
qwerty 120 118 0 0.650232 -7.80798 0.144714 -0.25 -0.0670937 0.00134226 -0.0741393 
qwerty 16 5 0 0.482303 0.524666 -0.218744 4.3 0.0207854 -0.0150545 0.0966506 
qwerty 16 5 0 0.482303 0.669829 -0.323884 4.975 0.0207854 -0.0150545 0.0966506 
qwerty 16 5 0 0.382384 1.02097 -1.15533 5.65 0.0313168 -0.0765879 0.0561565 
qwerty 16 5 0 0.382384 1.25 -1.71543 6.06068 0.0313168 -0.0765879 0.0561565 
qwerty 16 5 0 0.382384 1.3974 -2.07591 6.325 0.0313168 -0.0765879 0.0561565 
qwerty 16 5 0 0.382384 1.77383 -2.99649 7 0.0313168 -0.0765879 0.0561565 
qwerty 15 5 0 7.50647 0.515425 -0.210332 4.3 0.0191508 -0.0137385 0.0971828 
qwerty 15 5 0 7.50647 0.64844 -0.305755 4.975 0.0191508 -0.0137385 0.0971828 
qwerty 15 5 0 7.50647 0.781455 -0.401178 5.65 0.0191508 -0.0137385 0.0971828 
qwerty 15 5 0 7.50647 0.91447 -0.496601 6.325 0.0191508 -0.0137385 0.0971828 
qwerty 15 5 0 7.50647 1.04749 -0.592024 7 0.0191508 -0.0137385 0.0971828 
qwerty 15 5 0 7.50647 1.1805 -0.687447 7.675 0.0191508 -0.0137385 0.0971828 
qwerty 15 5 0 7.50647 1.31352 -0.78287 8.35 0.0191508 -0.0137385 0.0971828 
qwerty 15 5 0 7.50647 1.44653 -0.878293 9.025 0.0191508 -0.0137385 0.0971828 
qwerty 15 5 0 7.50647 1.57955 -0.973716 9.7 0.0191508 -0.0137385 0.0971828 
qwerty 15 5 0 7.50647 1.71256 -1.06914 10.375 0.0191508 -0.0137385 0.0971828 
qwerty 12 5 0 44.1773 0.365795 -0.145545 3.625 0.0193081 -0.0106753 0.0975358 
qwerty 12 5 0 44.1773 0.499417 -0.219424 4.3 0.0193081 -0.0106753 0.0975358 
qwerty 12 5 0 44.1773 0.63304 -0.293302 4.975 0.0193081 -0.0106753 0.0975358 
qwerty 132 12 0 9.93674 0.691951 -0.333356 5.15 -0.0788886 -0.0554603 -0.0264714 
qwerty 132 12 0.595648 0.941534 0.633703 -0.516239 5.17059 -0.00565382 -0.0896057 0.0440324 
qwerty 132 12 0.416794 0.52474 0.718982 -0.671931 5.27863 0.0274977 -0.0542054 0.0794082 
qwerty 132 12 0.305556 0.219184 0.747 -0.694014 5.38777 -0.0037995 0.0897218 0.0439951 
qwerty 132 12 0.219184 0 0.745868 -0.667276 5.40088 -0.0037995 0.0897218 0.0439951 
qwerty 136 132 0 1.11544 0.179839 -0.436095 5.65 -0.0595293 -0.0272661 0.0755832 
qwerty 138 137 0 0.698255 -1.38706 -0.772767 5.15 -0.0902165 -0.0176544 -0.0393612 
qwerty 138 137 0 0.698255 -2.93417 -1.07552 4.475 -0.0902165 -0.0176544 -0.0393612 
qwerty 138 137 0 0.698255 -3.82579 -1.25 4.08599 -0.0902165 -0.0176544 -0.0393612 
qwerty 138 137 0 0.698255 -4.48128 -1.37827 3.8 -0.0902165 -0.0176544 -0.0393612 
qwerty 138 137 0 0.468832 -5.98705 -2.45458 4.3 -0.074057 -0.0585729 0.0329359 
qwerty 138 137 0 0.344179 -5.95211 -4.46392 4.975 0.007032 -0.0948427 0.0309099 
qwerty 135 132 0 0.395902 0.233608 -0.520638 5.65 -0.0524154 -0.0388052 0.0758075 
qwerty 135 132 0 0.395902 -0.233106 -0.866164 6.325 -0.0524154 -0.0388052 0.0758075 
qwerty 135 132 0 0.395902 -0.699819 -1.21169 7 -0.0524154 -0.0388052 0.0758075 
qwerty 134 132 0 0.487456 0.0826232 -0.0519104 5.65 -0.0666955 0.0209726 0.0714973 
qwerty 11 5 0 30.6281 0.327524 -0.112577 3.625 0.0128097 -0.00499602 0.0990502 
qwerty 144 11 0.803717 19.513 0.124919 -0.141851 4.3 -0.0386807 -0.00859821 0.0918143 
qwerty 144 11 1.14944 10.4044 -0.434222 0.0485605 4.975 -0.0553817 0.0358525 0.0751496 
qwerty 144 11 1.06701 3.70827 -0.62629 -0.483367 5.23583 -0.0262551 -0.0818448 0.0511087 
qwerty 144 11 0.654089 3.04768 -0.70107 -0.837781 5.38427 -0.0444634 -0.0640445 0.0626203 
qwerty 144 11 0.708678 2.33901 -0.889748 -1.10955 5.65 -0.0797077 -0.0456035 0.0395854 
qwerty 153 144 0 0.228673 0.0122726 -0.154913 4.475 -0.0951999 -0.0198589 -0.023294 
qwerty 153 144 0.00303413 0.144443 0.0123295 -0.152975 4.47605 -0.00935632 0.0466362 0.0879632 
qwerty 153 144 0.00636919 0.138074 0.0124076 -0.152452 4.47736 -0.00826835 0.0557929 0.082576 
qwerty 153 144 0.00282513 0.135249 0.0122663 -0.151828 4.47852 -0.0214517 0.0611137 0.0761902 
qwerty 153 144 0.00461958 0.130629 0.0115328 -0.150868 4.48023 -0.00849447 0.0644079 0.0760228 
qwerty 153 144 0.0079297 0.122699 0.0104294 -0.148929 4.48248 -0.00955019 0.0662296 0.0743131 
qwerty 153 144 0.0128687 0.109831 0.0099495 -0.145466 4.48441 -0.0223597 0.057625 0.0786092 
qwerty 153 144 0.0238724 0.0859584 0.00940055 -0.140772 4.48729 0.0146156 0.0874174 0.0463097 
qwerty 153 144 0.02545 0.0605084 0.00634553 -0.135643 4.48936 -0.0402837 0.05775 0.0710082 
qwerty 153 144 0.0605084 0 0.00498841 -0.133697 4.49175 -0.0402837 0.05775 0.0710082 
qwerty 155 144 0.00029101 0 -0.727008 -0.879243 5.44376 -0.033682 -0.0538416 0.0772438 
qwerty 160 155 0.00620828 0 -0.72701 -0.87919 5.44378 -0.00275175 0.0902506 0.0429797 
qwerty 152 144 0 0.0893557 -0.340595 0.0322153 4.73729 0.0667024 -0.0179093 -0.0723191 
qwerty 152 144 0 0.0893557 -0.09868 -0.0327379 4.475 0.0667024 -0.0179093 -0.0723191 
qwerty 162 152 0.0467044 0 -0.342135 0.0328517 4.73862 -0.0722225 0.0298351 0.0624002 
qwerty 150 144 0 0.255453 -0.716045 0.277825 4.95883 0.0897755 0.0324389 0.0298006 
qwerty 150 144 0 0.255453 -0.66734 0.295424 4.975 0.0897755 0.0324389 0.0298006 
qwerty 165 150 0.0325893 0.544269 -0.735482 0.283004 4.96179 -0.0897284 0.0433134 0.00853036 
qwerty 165 150 0.0430553 0.501214 -0.757938 0.287722 4.96329 -0.090107 0.0119796 0.04168 
qwerty 165 150 0.0461253 0.455088 -0.778193 0.289176 4.96972 -0.0964698 0.022894 -0.0130174 
qwerty 165 150 0.0497117 0.405377 -0.801273 0.292239 4.95956 -0.0797257 0.0351558 -0.0490702 
qwerty 165 150 0.0500506 0.355326 -0.817966 0.305292 4.94695 -0.0506586 0.0827135 -0.0243348 
qwerty 165 150 0.0384526 0.316873 -0.830351 0.317623 4.94073 -0.0429447 0.0870151 -0.0241687 
qwerty 165 150 0.0743151 0.242558 -0.8466 0.332356 4.93243 -0.0703864 0.0644796 -0.0298016 
qwerty 165 150 0.0632306 0.179328 -0.852554 0.352365 4.92437 -0.0538575 0.0677271 -0.0501239 
qwerty 165 150 0.179328 0 -0.864144 0.36694 4.91359 -0.0538575 0.0677271 -0.0501239 
qwerty 149 144 0 0.540784 -0.778955 0.562341 4.975 -0.0679984 0.0592955 0.0431308 
qwerty 149 144 0 0.540784 -1.56754 1.25 5.47519 -0.0679984 0.0592955 0.0431308 
qwerty 149 144 0 0.540784 -1.84313 1.49032 5.65 -0.0679984 0.0592955 0.0431308 
qwerty 147 144 0 1.16535 0.11945 -0.133302 4.3 -0.0369493 -0.00198369 0.0929022 
qwerty 147 144 0 1.16535 -0.149012 -0.147714 4.975 -0.0369493 -0.00198369 0.0929022 
qwerty 147 144 0 1.16535 -0.417475 -0.162127 5.65 -0.0369493 -0.00198369 0.0929022 
qwerty 147 144 0 1.16535 -0.685937 -0.17654 6.325 -0.0369493 -0.00198369 0.0929022 
qwerty 147 144 0 1.16535 -0.9544 -0.190953 7 -0.0369493 -0.00198369 0.0929022 
qwerty 147 144 0 1.16535 -1.22286 -0.205366 7.675 -0.0369493 -0.00198369 0.0929022 
qwerty 147 144 0 1.16535 -1.49132 -0.219779 8.35 -0.0369493 -0.00198369 0.0929022 
qwerty 147 144 0 1.16535 -1.75979 -0.234192 9.025 -0.0369493 -0.00198369 0.0929022 
qwerty 147 144 0 1.16535 -2.02825 -0.248605 9.7 -0.0369493 -0.00198369 0.0929022 
qwerty 147 144 0 1.16535 -2.29671 -0.263018 10.375 -0.0369493 -0.00198369 0.0929022 
qwerty 147 144 0 1.16535 -2.56517 -0.27743 11.05 -0.0369493 -0.00198369 0.0929022 
qwerty 147 144 0 1.16535 -2.83364 -0.291843 11.725 -0.0369493 -0.00198369 0.0929022 
qwerty 147 144 0 1.16535 -3.1021 -0.306256 12.4 -0.0369493 -0.00198369 0.0929022 
qwerty 147 144 0 1.16535 -3.37056 -0.320669 13.075 -0.0369493 -0.00198369 0.0929022 
qwerty 147 144 0 1.16535 -3.63902 -0.335082 13.75 -0.0369493 -0.00198369 0.0929022 
qwerty 147 144 0 1.16535 -3.75 -0.34104 14.029 -0.0369493 -0.00198369 0.0929022 
qwerty 147 144 0 1.16535 -3.90749 -0.349495 14.425 -0.0369493 -0.00198369 0.0929022 
qwerty 147 144 0 1.16535 -4.17595 -0.363908 15.1 -0.0369493 -0.00198369 0.0929022 
qwerty 147 144 0 1.16535 -4.44441 -0.378321 15.775 -0.0369493 -0.00198369 0.0929022 
qwerty 147 144 0 1.16535 -4.71287 -0.392734 16.45 -0.0369493 -0.00198369 0.0929022 
qwerty 147 144 0 1.13135 -4.87883 -0.466737 17.125 -0.023696 -0.0106144 0.0965704 
qwerty 147 144 0 1.13135 -5.04445 -0.540928 17.8 -0.023696 -0.0106144 0.0965704 
qwerty 147 144 0 1.13135 -5.21008 -0.61512 18.475 -0.023696 -0.0106144 0.0965704 
qwerty 147 144 0 1.06094 -5.52061 -0.648344 19.15 -0.0456765 -0.00302577 0.0889073 
qwerty 147 144 0 1.06094 -5.86739 -0.671316 19.825 -0.0456765 -0.00302577 0.0889073 
qwerty 147 144 0 1.06094 -6.21417 -0.694288 20.5 -0.0456765 -0.00302577 0.0889073 
qwerty 147 144 0 1.06094 -6.56096 -0.717261 21.175 -0.0456765 -0.00302577 0.0889073 
qwerty 147 144 0 1.06094 -6.90774 -0.740233 21.85 -0.0456765 -0.00302577 0.0889073 
qwerty 147 144 0 1.06094 -7.25453 -0.763205 22.525 -0.0456765 -0.00302577 0.0889073 
qwerty 147 144 0 1.06094 -7.60131 -0.786177 23.2 -0.0456765 -0.00302577 0.0889073 
qwerty 147 144 0 1.06094 -7.9481 -0.80915 23.875 -0.0456765 -0.00302577 0.0889073 
qwerty 147 144 0 0.495385 -7.59581 -0.865641 24.55 0.0587621 -0.00754383 0.0805612 
qwerty 147 144 0 0.477397 -6.85745 -1.09774 25.225 0.0731989 -0.0243468 0.063633 
qwerty 146 144 0 0.732532 0.154532 -0.154508 4.3 -0.0317368 -0.00582807 0.094651 
qwerty 146 144 0 0.732532 -0.0717975 -0.196071 4.975 -0.0317368 -0.00582807 0.094651 
qwerty 146 144 0 0.732532 -0.298127 -0.237634 5.65 -0.0317368 -0.00582807 0.094651 
qwerty 146 144 0 0.732532 -0.524457 -0.279196 6.325 -0.0317368 -0.00582807 0.094651 
qwerty 146 144 0 0.732532 -0.750786 -0.320759 7 -0.0317368 -0.00582807 0.094651 
qwerty 146 144 0 0.732532 -0.977116 -0.362322 7.675 -0.0317368 -0.00582807 0.094651 
qwerty 146 144 0 0.732532 -1.20345 -0.403884 8.35 -0.0317368 -0.00582807 0.094651 
qwerty 146 144 0 0.732532 -1.42977 -0.445447 9.025 -0.0317368 -0.00582807 0.094651 
qwerty 146 144 0 0.732532 -1.6561 -0.48701 9.7 -0.0317368 -0.00582807 0.094651 
qwerty 10 5 0 9.02802 0.304687 -0.123405 3.625 0.0093099 -0.00676589 0.0993355 
qwerty 10 5 0 9.02802 0.367949 -0.16938 4.3 0.0093099 -0.00676589 0.0993355 
qwerty 10 5 0 9.02802 0.431211 -0.215355 4.975 0.0093099 -0.00676589 0.0993355 
qwerty 10 5 0 9.02802 0.494473 -0.26133 5.65 0.0093099 -0.00676589 0.0993355 
qwerty 10 5 0 9.02802 0.557736 -0.307305 6.325 0.0093099 -0.00676589 0.0993355 
qwerty 10 5 0 9.02802 0.620998 -0.353281 7 0.0093099 -0.00676589 0.0993355 
qwerty 10 5 0 9.02802 0.68426 -0.399256 7.675 0.0093099 -0.00676589 0.0993355 
qwerty 10 5 0 9.02802 0.747522 -0.445231 8.35 0.0093099 -0.00676589 0.0993355 
qwerty 10 5 0 9.02802 0.810784 -0.491206 9.025 0.0093099 -0.00676589 0.0993355 
qwerty 10 5 0 9.02802 0.874047 -0.537182 9.7 0.0093099 -0.00676589 0.0993355 
qwerty 10 5 0 9.02802 0.937309 -0.583157 10.375 0.0093099 -0.00676589 0.0993355 
qwerty 10 5 0 9.02802 1.00057 -0.629132 11.05 0.0093099 -0.00676589 0.0993355 
qwerty 10 5 0 9.02802 1.06383 -0.675107 11.725 0.0093099 -0.00676589 0.0993355 
qwerty 10 5 0 9.02802 1.1271 -0.721083 12.4 0.0093099 -0.00676589 0.0993355 
qwerty 10 5 0 9.02802 1.19036 -0.767058 13.075 0.0093099 -0.00676589 0.0993355 
qwerty 10 5 0 9.02802 1.25362 -0.813033 13.75 0.0093099 -0.00676589 0.0993355 
qwerty 10 5 0 9.02802 1.31688 -0.859008 14.425 0.0093099 -0.00676589 0.0993355 
qwerty 10 5 0 9.02802 1.38014 -0.904984 15.1 0.0093099 -0.00676589 0.0993355 
qwerty 10 5 0 9.02802 1.44341 -0.950959 15.775 0.0093099 -0.00676589 0.0993355 
qwerty 10 5 0 9.02802 1.50667 -0.996934 16.45 0.0093099 -0.00676589 0.0993355 
qwerty 10 5 0 9.02802 1.56993 -1.04291 17.125 0.0093099 -0.00676589 0.0993355 
qwerty 10 5 0 9.02802 1.63319 -1.08888 17.8 0.0093099 -0.00676589 0.0993355 
qwerty 10 5 0 9.02802 1.69646 -1.13486 18.475 0.0093099 -0.00676589 0.0993355 
qwerty 10 5 0 9.02802 1.75972 -1.18083 19.15 0.0093099 -0.00676589 0.0993355 
qwerty 10 5 0 9.02802 1.82298 -1.22681 19.825 0.0093099 -0.00676589 0.0993355 
qwerty 10 5 0 9.02802 1.85489 -1.25 20.1655 0.0093099 -0.00676589 0.0993355 
qwerty 10 5 0 9.02802 1.88624 -1.27279 20.5 0.0093099 -0.00676589 0.0993355 
qwerty 10 5 0 9.02802 1.9495 -1.31876 21.175 0.0093099 -0.00676589 0.0993355 
qwerty 10 5 0 9.02802 2.01277 -1.36474 21.85 0.0093099 -0.00676589 0.0993355 
qwerty 10 5 0 9.02802 2.07603 -1.41071 22.525 0.0093099 -0.00676589 0.0993355 
qwerty 10 5 0 9.02802 2.13929 -1.45669 23.2 0.0093099 -0.00676589 0.0993355 
qwerty 10 5 0 9.02802 2.20255 -1.50266 23.875 0.0093099 -0.00676589 0.0993355 
qwerty 10 5 0 9.02802 2.26581 -1.54864 24.55 0.0093099 -0.00676589 0.0993355 
qwerty 10 5 0 9.02802 2.32908 -1.59461 25.225 0.0093099 -0.00676589 0.0993355 
qwerty 10 5 0 9.02802 2.39234 -1.64059 25.9 0.0093099 -0.00676589 0.0993355 
qwerty 10 5 0 9.02802 2.4556 -1.68656 26.575 0.0093099 -0.00676589 0.0993355 
qwerty 10 5 0 9.02802 2.51886 -1.73254 27.25 0.0093099 -0.00676589 0.0993355 
qwerty 10 5 0 9.02802 2.58213 -1.77851 27.925 0.0093099 -0.00676589 0.0993355 
qwerty 10 5 0 9.02802 2.64539 -1.82449 28.6 0.0093099 -0.00676589 0.0993355 
qwerty 10 5 0 9.02802 2.70865 -1.87046 29.275 0.0093099 -0.00676589 0.0993355 
qwerty 10 5 0 9.02802 2.77191 -1.91644 29.95 0.0093099 -0.00676589 0.0993355 
qwerty 10 5 0 9.02802 2.83517 -1.96241 30.625 0.0093099 -0.00676589 0.0993355 
qwerty 10 5 0 9.02802 2.89844 -2.00839 31.3 0.0093099 -0.00676589 0.0993355 
qwerty 10 5 0 9.02802 2.9617 -2.05436 31.975 0.0093099 -0.00676589 0.0993355 
qwerty 9 5 0 0.34254 0.231279 -0.0805449 2.95 0.00885127 -0.00616902 0.0994163 
qwerty 9 5 0 0.34254 0.291376 -0.12243 3.625 0.00885127 -0.00616902 0.0994163 
qwerty 9 5 0 0.34254 0.351473 -0.164316 4.3 0.00885127 -0.00616902 0.0994163 
qwerty 9 5 0 0.34254 0.411569 -0.206201 4.975 0.00885127 -0.00616902 0.0994163 
qwerty 9 5 0 0.34254 0.471666 -0.248086 5.65 0.00885127 -0.00616902 0.0994163 
qwerty 9 5 0 0.34254 0.531763 -0.289972 6.325 0.00885127 -0.00616902 0.0994163 
qwerty 9 5 0 0.34254 0.59186 -0.331857 7 0.00885127 -0.00616902 0.0994163 
qwerty 8 5 0 0.769794 0.224582 -0.081397 2.95 0.0077977 -0.00634193 0.0994936 
qwerty 8 5 0 0.769794 0.277485 -0.124423 3.625 0.0077977 -0.00634193 0.0994936 
qwerty 8 5 0 0.769794 0.330387 -0.167449 4.3 0.0077977 -0.00634193 0.0994936 
qwerty 7 5 0 9.0246 0.227612 -0.0585803 2.95 0.00825922 -0.00277101 0.0996198 
qwerty 7 5 0 9.0246 0.283574 -0.077356 3.625 0.00825922 -0.00277101 0.0996198 
qwerty 7 5 0 9.0246 0.339537 -0.0961318 4.3 0.00825922 -0.00277101 0.0996198 
qwerty 7 5 0 9.0246 0.395499 -0.114907 4.975 0.00825922 -0.00277101 0.0996198 
qwerty 7 5 0 9.0246 0.451462 -0.133683 5.65 0.00825922 -0.00277101 0.0996198 
qwerty 7 5 0 9.0246 0.507424 -0.152459 6.325 0.00825922 -0.00277101 0.0996198 
qwerty 181 7 0.664935 1.19963 0.433438 -0.289739 6.79702 -0.00464573 -0.0739774 0.0671249 
qwerty 181 7 0.233681 0.680964 0.396824 -0.379439 6.88496 -0.0305452 -0.0181158 0.0934816 
qwerty 181 7 0.257913 0.423052 0.359235 -0.401733 7 0.0106501 -0.0791941 -0.0601238 
qwerty 181 7 0.0666613 0.35639 0.359693 -0.411227 6.9943 0.0431113 -0.0693245 -0.057754 
qwerty 181 7 0.0200995 0.336291 0.365864 -0.417106 6.9862 0.0748393 -0.0461133 -0.0476723 
qwerty 181 7 0.018582 0.317709 0.374749 -0.419816 6.97894 0.0624795 -0.030849 -0.0717262 
qwerty 181 7 0.0201367 0.297572 0.380035 -0.422597 6.97208 0.0636169 -0.0328453 -0.0698146 
qwerty 181 7 0.0453367 0.252235 0.391773 -0.423771 6.96341 0.0442843 0.0310662 -0.0841058 
qwerty 181 7 0.0597171 0.192518 0.395634 -0.410366 6.94945 0.0560084 0.0728344 -0.0394741 
qwerty 181 7 0.192518 0 0.409169 -0.392765 6.93991 0.0560084 0.0728344 -0.0394741 
qwerty 183 181 0.284984 0 0.387165 -0.423464 6.88753 -0.0213967 -0.0975178 0.00569769 
qwerty 6 5 0 91.6362 0.228785 -0.0566305 2.95 0.00843584 -0.00247582 0.0996128 
qwerty 6 5 0 91.6362 0.285948 -0.0734072 3.625 0.00843584 -0.00247582 0.0996128 
qwerty 6 5 0 91.6362 0.343112 -0.090184 4.3 0.00843584 -0.00247582 0.0996128 
qwerty 6 5 0 91.6362 0.400275 -0.106961 4.975 0.00843584 -0.00247582 0.0996128 
qwerty 6 5 0 91.6362 0.457438 -0.123737 5.65 0.00843584 -0.00247582 0.0996128 
qwerty 6 5 0 91.6362 0.514601 -0.140514 6.325 0.00843584 -0.00247582 0.0996128 
qwerty 6 5 0 91.6362 0.571764 -0.157291 7 0.00843584 -0.00247582 0.0996128 
qwerty 6 5 0 91.6362 0.628928 -0.174068 7.675 0.00843584 -0.00247582 0.0996128 
qwerty 185 6 1.25477 13.0653 0.256003 -0.2175 8.35 -0.0589352 -0.00644355 0.0805303 
qwerty 185 6 0.971552 5.8078 -0.00640144 0.0416473 7.85 0.00596539 0.045401 -0.0888998 
qwerty 185 6 0.947808 2.12964 0.174971 0.140267 8.28721 0.0418871 -0.0231464 0.087805 
qwerty 185 6 0.0975818 2.03206 0.204924 0.123715 8.35 0.0349746 -0.0249944 0.0902888 
qwerty 182 7 0.877902 4.83319 0.599875 0.113612 7 0.0150839 0.0134134 0.0979416 
qwerty 133 12 1.21544 9.95384 0.283515 -0.780666 5.56428 -0.0621894 -0.057194 0.0534914 
qwerty 133 12 0.270024 9.68381 0.183861 -0.872315 5.65 -0.0581963 -0.0631505 0.0512367 
qwerty 128 15 0.722365 2.01712 1.7909 -1.21252 10.9012 0.000775085 0.0455155 0.0890379 
qwerty 128 15 0.23112 1.786 1.79219 -1.13647 11.05 -0.00381296 0.0216799 0.0975471 
qwerty 119 18 1.23867 12.2191 0.918974 -0.69634 7 -0.000539632 -0.0411395 0.0911441 
qwerty 119 18 0.776993 7.60335 1.0147 -0.776081 7.63399 0.0419829 0.000850427 0.0907563 
qwerty 119 18 0.0703865 7.53296 1.03367 -0.775697 7.675 0.0390291 0.00239737 0.0920379 
qwerty 211 133 0.121123 0.242901 0.291348 -0.785922 5.60652 0.0694053 -0.0498733 0.0519187 
qwerty 211 133 0.0634522 0.179449 0.298225 -0.798886 5.63135 0.0424435 -0.0127654 0.0896415 
qwerty 211 133 0.0365474 0.142901 0.304366 -0.800086 5.63931 0.0261428 0.0508616 0.0820345 
qwerty 211 133 0.0248089 0.118092 0.308721 -0.797782 5.64547 0.0469682 0.0270155 0.0840485 
qwerty 211 133 0.0236021 0.0944901 0.311255 -0.796325 5.65 0.0226173 -0.0157507 0.0961268 
qwerty 211 133 0 0.090819 0.311453 -0.796425 5.65 0.0999572 -3.78656e-05 0.00292348 
qwerty 211 133 0.00168902 0.0692126 0.311691 -0.795971 5.64962 0.0387831 0.0382927 -0.0838423 
qwerty 211 133 0.00133217 0.0678805 0.31184 -0.795843 5.64924 0.0274497 0.0126458 -0.0953237 
qwerty 211 133 0.00205006 0.0658304 0.311916 -0.795852 5.64878 0.00398619 0.0040891 -0.0998368 
qwerty 211 133 0.00455102 0.0612794 0.31203 -0.795939 5.64807 -0.0224259 0.0103113 -0.0969059 
qwerty 211 133 0.00445963 0.0568197 0.311864 -0.796105 5.64704 -0.0175616 0.0349191 -0.0920448 
qwerty 211 133 0.00928298 0.0475368 0.311712 -0.795427 5.64567 0.0213587 -0.00941922 -0.0972372 
qwerty 211 133 0.0184572 0.0290795 0.311708 -0.796847 5.64384 -0.0393286 -0.00437388 -0.0918375 
qwerty 211 133 0.0290795 0 0.311347 -0.796887 5.643 -0.0393286 -0.00437388 -0.0918375 
qwerty 184 6 0.788296 74.1144 0.737585 -0.180754 8.35 0.0169295 0.00122167 0.098549 
qwerty 184 6 0.753316 68.9226 0.951136 -0.10839 9.025 0.0317496 0.0101054 0.094286 
qwerty 184 6 0.955182 50.4338 1.25685 -0.015927 9.7 0.0422715 0.0134562 0.0896217 
qwerty 184 6 0.942843 31.4504 1.55485 0.0215898 10.375 0.0418075 0.00904958 0.0903894 
qwerty 184 6 0.781613 18.2412 1.78818 -0.0747499 11.05 0.0240299 -0.0232063 0.0942551 
qwerty 184 6 1.07503 12.8076 1.66203 -0.25827 11.725 -0.0052074 -0.0287311 0.0956421 
qwerty 184 6 0.0802957 0.693835 1.85085 -0.333264 11.9287 0.0513068 0.0574442 0.0637791 
qwerty 184 6 0.083869 0.609966 1.8841 -0.314582 11.9539 0.0769674 0.049873 0.0398585 
qwerty 184 6 0.0766943 0.533272 1.9188 -0.298062 11.9627 0.0611546 0.0528336 0.0588959 
qwerty 184 6 0.0623664 0.470905 1.94107 -0.27974 11.9887 0.0626046 0.0526744 0.0574984 
qwerty 184 6 0.0906715 0.380234 1.98112 -0.272688 12.0173 0.0575708 0.0532844 0.0620191 
qwerty 184 6 0.210422 0.169812 2.0258 -0.261977 12.0611 0.0702294 0.0699151 0.0134052 
qwerty 184 6 0.169812 0 2.03962 -0.24822 12.0638 0.0702294 0.0699151 0.0134052 
qwerty 252 184 0 0.310981 2.39331 0.283852 12.4 0.0569591 0.0648489 0.0505003 
qwerty 251 184 0 0.682478 4.16703 1.25 12.2374 0.0818712 0.0559006 0.0131234 
qwerty 251 184 0 0.682478 5.18114 1.94242 12.4 0.0818712 0.0559006 0.0131234 
qwerty 250 184 0 1.90008 2.80852 -0.948681 12.4 0.0786678 -0.0458773 0.0413115 
qwerty 250 184 0 1.90008 3.75 -1.49773 12.8944 0.0786678 -0.0458773 0.0413115 
qwerty 250 184 0 1.90008 4.0939 -1.69828 13.075 0.0786678 -0.0458773 0.0413115 
qwerty 250 184 0 1.90008 5.37928 -2.44789 13.75 0.0786678 -0.0458773 0.0413115 
qwerty 250 184 0 1.90008 6.25 -2.95567 14.2073 0.0786678 -0.0458773 0.0413115 
qwerty 250 184 0 0.72686 6.44207 -3.06768 14.3081 0.0515792 -0.0739138 -0.0433166 
qwerty 250 184 0 0.72686 6.89826 -3.72141 13.925 0.0515792 -0.0739138 -0.0433166 
qwerty 256 250 0.215258 0.640511 6.53668 -3.06547 14.3806 0.0422618 -0.0312306 0.0850799 
qwerty 256 250 0.0844264 0.556084 6.55873 -3.08177 14.425 -0.00968315 -0.0164016 0.0981694 
qwerty 258 256 0.0767244 0.24073 6.56005 -3.07186 14.3779 0.0939696 -0.0212037 -0.0268352 
qwerty 258 256 0.119133 0.121597 6.58213 -3.0931 14.3754 0.0469604 -0.0376546 0.0798552 
qwerty 258 256 0.121597 0 6.58741 -3.09734 14.3844 0.0469604 -0.0376546 0.0798552 
qwerty 249 184 0 4.03874 2.29941 -0.843234 12.4 0.0581796 -0.0556209 0.0593417 
qwerty 249 184 0 1.85733 2.3825 -1.427 13.075 0.00700587 -0.0651422 0.0755474 
qwerty 249 184 0 1.85733 2.44509 -2.00903 13.75 0.00700587 -0.0651422 0.0755474 
qwerty 249 184 0 1.85733 2.50769 -2.59106 14.425 0.00700587 -0.0651422 0.0755474 
qwerty 249 184 0 1.85733 2.57029 -3.17309 15.1 0.00700587 -0.0651422 0.0755474 
qwerty 249 184 0 1.85733 2.63288 -3.75512 15.775 0.00700587 -0.0651422 0.0755474 
qwerty 249 184 0 1.85733 2.69548 -4.33716 16.45 0.00700587 -0.0651422 0.0755474 
qwerty 249 184 0 1.85733 2.75807 -4.91919 17.125 0.00700587 -0.0651422 0.0755474 
qwerty 249 184 0 1.85733 2.82067 -5.50122 17.8 0.00700587 -0.0651422 0.0755474 
qwerty 259 249 0.0549153 0.473351 2.40441 -0.846238 12.3846 0.0269975 0.0342804 -0.0899777 
qwerty 259 249 0.259752 0.213599 2.40027 -0.845555 12.3149 -0.0625962 0.0345218 -0.0699283 
qwerty 259 249 0.213599 0 2.38238 -0.835685 12.2949 -0.0625962 0.0345218 -0.0699283 
qwerty 263 259 0.0139632 0.379418 2.41203 -0.84792 12.3848 0.0975535 -0.00447047 -0.0215252 
qwerty 263 259 0.0134607 0.365957 2.41905 -0.84859 12.3824 0.0858184 -0.00163999 -0.051308 
qwerty 263 259 0.0151072 0.35085 2.42767 -0.846873 12.3772 0.0698832 -0.00539946 -0.0713245 
qwerty 263 259 0.0198965 0.330953 2.43673 -0.844675 12.3687 0.09412 0.0167709 -0.0293285 
qwerty 263 259 0.0330761 0.297877 2.45016 -0.840879 12.3587 0.0952537 0.0288896 -0.00959792 
qwerty 263 259 0.0599828 0.237895 2.47139 -0.824446 12.3649 -0.0412 0.0808102 -0.0420984 
qwerty 263 259 0.0423729 0.195522 2.46488 -0.813698 12.3526 -0.0608898 0.0548371 -0.0573177 
qwerty 263 259 0.0810092 0.114513 2.46396 -0.796897 12.3328 0.0146083 0.0975694 -0.0163341 
qwerty 263 259 0.114513 0 2.46544 -0.786972 12.3311 0.0146083 0.0975694 -0.0163341 
qwerty 262 259 0 0.230496 2.81518 -0.517804 11.9 0.0610076 0.0448231 -0.0653373 
qwerty 248 184 0 0.200103 1.97604 -0.410726 12.4 0.0426162 -0.0199743 0.088232 
qwerty 248 184 0 0.200103 2.29307 -0.375229 13.075 0.0423002 0.00728584 0.0903195 
qwerty 245 184 0 9.58821 1.86222 0.144018 11.05 0.0402222 0.0172933 0.0899061 
qwerty 245 184 0 3.95696 2.07046 0.233552 11.5155 0.0229405 0.0514308 0.0826354 
qwerty 245 184 0 3.95696 2.12863 0.363954 11.725 0.0229405 0.0514308 0.0826354 
qwerty 245 184 0 3.95696 2.31602 0.784063 12.4 0.0229405 0.0514308 0.0826354 
qwerty 245 184 0 3.95696 2.5034 1.20417 13.075 0.0229405 0.0514308 0.0826354 
qwerty 245 184 0 3.95696 2.69079 1.62428 13.75 0.0229405 0.0514308 0.0826354 
qwerty 245 184 0 3.95696 2.87818 2.04439 14.425 0.0229405 0.0514308 0.0826354 
qwerty 245 184 0 3.95696 3.06557 2.4645 15.1 0.0229405 0.0514308 0.0826354 
qwerty 245 184 0 3.95696 3.25295 2.88461 15.775 0.0229405 0.0514308 0.0826354 
qwerty 245 184 0 3.95696 3.44034 3.30471 16.45 0.0229405 0.0514308 0.0826354 
qwerty 245 184 0 3.95696 3.62773 3.72482 17.125 0.0229405 0.0514308 0.0826354 
qwerty 245 184 0 3.95696 3.81512 4.14493 17.8 0.0229405 0.0514308 0.0826354 
qwerty 245 184 0 3.95696 4.0025 4.56504 18.475 0.0229405 0.0514308 0.0826354 
qwerty 245 184 0 3.95696 4.18989 4.98515 19.15 0.0229405 0.0514308 0.0826354 
qwerty 245 184 0 3.95696 4.37728 5.40526 19.825 0.0229405 0.0514308 0.0826354 
qwerty 245 184 0 3.95696 4.56467 5.82537 20.5 0.0229405 0.0514308 0.0826354 
qwerty 245 184 0 3.95696 4.75205 6.24547 21.175 0.0229405 0.0514308 0.0826354 
qwerty 245 184 0 3.95696 4.93944 6.66558 21.85 0.0229405 0.0514308 0.0826354 
qwerty 245 184 0 3.95696 5.12683 7.08569 22.525 0.0229405 0.0514308 0.0826354 
qwerty 245 184 0 3.95696 5.31422 7.5058 23.2 0.0229405 0.0514308 0.0826354 
qwerty 245 184 0 3.95696 5.5016 7.92591 23.875 0.0229405 0.0514308 0.0826354 
qwerty 245 184 0 3.95696 5.68899 8.34602 24.55 0.0229405 0.0514308 0.0826354 
qwerty 245 184 0 3.95696 5.87638 8.76613 25.225 0.0229405 0.0514308 0.0826354 
qwerty 245 184 0 3.95696 6.06377 9.18623 25.9 0.0229405 0.0514308 0.0826354 
qwerty 245 184 0 3.95696 6.25 9.60376 26.5708 0.0229405 0.0514308 0.0826354 
qwerty 245 184 0 3.95696 6.25115 9.60634 26.575 0.0229405 0.0514308 0.0826354 
qwerty 245 184 0 3.95696 6.43854 10.0265 27.25 0.0229405 0.0514308 0.0826354 
qwerty 245 184 0 3.95696 6.62593 10.4466 27.925 0.0229405 0.0514308 0.0826354 
qwerty 245 184 0 3.95696 6.81332 10.8667 28.6 0.0229405 0.0514308 0.0826354 
qwerty 245 184 0 3.95696 7.0007 11.2868 29.275 0.0229405 0.0514308 0.0826354 
qwerty 245 184 0 3.95696 7.18809 11.7069 29.95 0.0229405 0.0514308 0.0826354 
qwerty 245 184 0 3.95696 7.37548 12.127 30.625 0.0229405 0.0514308 0.0826354 
qwerty 245 184 0 3.95696 7.56287 12.5471 31.3 0.0229405 0.0514308 0.0826354 
qwerty 245 184 0 3.95696 7.75025 12.9672 31.975 0.0229405 0.0514308 0.0826354 
qwerty 245 184 0 3.95696 7.93764 13.3873 32.65 0.0229405 0.0514308 0.0826354 
qwerty 245 184 0 3.95696 8.12503 13.8074 33.325 0.0229405 0.0514308 0.0826354 
qwerty 245 184 0 3.95696 8.31242 14.2275 34 0.0229405 0.0514308 0.0826354 
qwerty 268 245 0.356217 5.27503 2.18594 0.21879 11.725 0.0469922 -0.0191369 0.0861714 
qwerty 268 245 0.954726 3.57263 2.71333 0.508528 11.4363 0.0708507 0.061077 -0.0353522 
qwerty 268 245 0.2644 3.30141 2.78798 0.560544 11.3993 0.0681542 0.062961 -0.037295 
qwerty 268 245 0.797658 2.50375 3.10642 0.854728 11.225 0.0538513 0.0349448 -0.076674 
qwerty 271 268 1.756e-05 0 2.83877 0.598929 11.3651 0.0702821 0.0531129 -0.0473228 
qwerty 272 271 0.00680259 0 2.83876 0.598922 11.365 -0.00893235 -0.0102888 -0.0990674 
qwerty 244 184 0 0.242698 1.81818 0.159297 11.05 0.034526 0.0196748 0.0917652 
qwerty 243 184 0 0.237235 1.68918 -0.0324933 11.05 0.0157371 -0.0097077 0.0982757 
qwerty 243 184 0 0.237235 1.79727 -0.09917 11.725 0.0157371 -0.0097077 0.0982757 
qwerty 242 184 0 8.29852 1.4987 0.0783565 10.375 0.0310978 0.0167419 0.0935555 
qwerty 242 184 0 8.29852 1.72307 0.199149 11.05 0.0310978 0.0167419 0.0935555 
qwerty 242 184 0 8.29852 1.94744 0.319941 11.725 0.0310978 0.0167419 0.0935555 
qwerty 275 242 0.348263 3.61833 1.5063 -0.0932868 10.0754 0.0777931 -0.0079116 0.0623349 
qwerty 275 242 0.763304 2.85503 1.88019 -0.131311 10.375 0.0875796 0.0280449 0.0392848 
qwerty 275 242 0.147221 1.1456 1.81439 -0.153827 10.3029 -0.0288626 -0.0259966 -0.0921473 
qwerty 275 242 0.33801 0.807593 1.69812 -0.219174 10.163 -0.0791225 0.0565963 -0.0231624 
qwerty 275 242 0.418293 0.389299 1.5002 -0.198725 10.1945 -0.0569662 0.0483253 0.0664794 
qwerty 275 242 0.33404 0.0552594 1.45884 -0.163638 10.2427 -0.0568765 0.0690903 -0.0446273 
qwerty 275 242 0.0552594 0 1.4572 -0.161654 10.2415 -0.0568765 0.0690903 -0.0446273 
qwerty 279 275 0.321298 0.393505 1.58168 -0.180185 10.1467 0.0530367 0.0410908 0.0741529 
qwerty 279 275 0.298637 0.0948677 1.62079 -0.149883 10.2014 -0.0623778 0.0486853 -0.0611453 
qwerty 279 275 0.0948677 0 1.61619 -0.146294 10.1969 -0.0623778 0.0486853 -0.0611453 
qwerty 281 275 0 0.127055 1.52651 -0.445293 9.875 -0.0485949 -0.0492013 -0.0722341 
qwerty 278 276 0 0.763159 1.75577 0.575402 11.225 -0.0315 0.0355067 -0.0880172 
qwerty 278 276 0 0.763159 1.5142 0.847701 10.55 -0.0315 0.0355067 -0.0880172 
qwerty 278 276 0 0.487308 1.37387 1.00588 10.1579 0.030794 0.0818094 -0.048569 
qwerty 278 276 0 0.487308 1.55322 1.48237 9.875 0.030794 0.0818094 -0.048569 
qwerty 278 276 0 0.487308 1.98119 2.61933 9.2 0.030794 0.0818094 -0.048569 
qwerty 278 276 0 0.487308 2.40916 3.7563 8.525 0.030794 0.0818094 -0.048569 
qwerty 278 276 0 0.477468 2.6266 5.15985 7.85 0.0125504 0.0896723 -0.0424424 
qwerty 278 276 0 0.167655 2.77217 6.19996 7.35771 -0.0317641 -0.0886197 0.0337281 
qwerty 278 276 0 0.167655 2.47335 5.36629 7.675 -0.0317641 -0.0886197 0.0337281 
qwerty 287 278 0.309813 0 2.78122 6.2461 7.33697 0.0176194 0.0897849 -0.0403513 
qwerty 285 278 0.275851 0 1.34587 0.996728 10.1267 -0.0652565 -0.0213408 -0.072706 
qwerty 241 184 0 0.701254 1.55491 -0.0584161 10.375 0.040513 -0.00709784 0.09115 
qwerty 241 184 0 0.394986 1.7971 -0.100848 10.9199 -0.000242 0.0839311 0.0543646 
qwerty 241 184 0 0.394986 1.79652 0.0999862 11.05 -0.000242 0.0839311 0.0543646 
qwerty 241 184 0 0.394986 1.79352 1.14209 11.725 -0.000242 0.0839311 0.0543646 
qwerty 241 184 0 0.394986 1.79051 2.18419 12.4 -0.000242 0.0839311 0.0543646 
qwerty 289 241 0.306268 0 1.81966 -0.131028 10.9535 0.0446926 -0.0597809 0.0665494 
qwerty 239 184 0 2.50912 1.17011 0.00173114 9.7 0.029718 0.0161635 0.0941041 
qwerty 239 184 0 1.98692 1.62697 0.229001 10.375 0.0558775 0.027676 0.0781777 
qwerty 239 184 0 1.98692 2.10943 0.467961 11.05 0.0558775 0.027676 0.0781777 
qwerty 238 184 0 11.9277 1.17875 -0.00836444 9.7 0.0311726 0.0143762 0.0939233 
qwerty 238 184 0 11.9277 1.25 0.024493 9.91467 0.0311726 0.0143762 0.0939233 
qwerty 238 184 0 11.9277 1.40278 0.0949535 10.375 0.0311726 0.0143762 0.0939233 
qwerty 238 184 0 11.9277 1.62681 0.198271 11.05 0.0311726 0.0143762 0.0939233 
qwerty 238 184 0 11.9277 1.85084 0.301589 11.725 0.0311726 0.0143762 0.0939233 
qwerty 238 184 0 11.9277 2.07487 0.404907 12.4 0.0311726 0.0143762 0.0939233 
qwerty 238 184 0 11.9277 2.2989 0.508225 13.075 0.0311726 0.0143762 0.0939233 
qwerty 238 184 0 11.9277 2.52292 0.611543 13.75 0.0311726 0.0143762 0.0939233 
qwerty 238 184 0 11.9277 2.74695 0.714861 14.425 0.0311726 0.0143762 0.0939233 
qwerty 238 184 0 11.9277 2.97098 0.818179 15.1 0.0311726 0.0143762 0.0939233 
qwerty 238 184 0 11.9277 3.19501 0.921497 15.775 0.0311726 0.0143762 0.0939233 
qwerty 238 184 0 11.9277 3.41904 1.02481 16.45 0.0311726 0.0143762 0.0939233 
qwerty 238 184 0 11.9277 3.64307 1.12813 17.125 0.0311726 0.0143762 0.0939233 
qwerty 294 238 0.14317 7.74501 3.73187 1.25 17.3681 0.0231571 0.0755057 0.0613404 
qwerty 294 238 1.04539 6.69963 3.8949 1.78159 17.8 0.032148 0.0539801 0.0777988 
qwerty 294 238 0.544322 2.32359 4.12858 1.89886 18.2538 0.0495137 0.0295746 0.081693 
qwerty 294 238 0.433404 1.89018 4.26267 1.97895 18.475 0.0386084 0.0367045 0.0846296 
qwerty 299 294 0.27861 0.0928031 4.18103 1.85993 18.2718 -0.0584305 -0.0349756 -0.0732296 
qwerty 299 294 0.0928031 0 4.17689 1.85745 18.2666 -0.0584305 -0.0349756 -0.0732296 
qwerty 298 294 0 0.445523 4.19312 2.57197 18.475 0.0278297 0.0756682 0.0591594 
qwerty 297 294 0 0.359112 4.05121 1.8319 18.475 0.0239469 0.00594785 0.096908 
qwerty 296 294 0 0.298447 3.93444 1.25 17.5873 0.0551376 0.0259383 0.0792909 
qwerty 296 294 0 0.298447 4.08233 1.31957 17.8 0.0551376 0.0259383 0.0792909 
qwerty 296 294 0 0.298447 4.55171 1.54038 18.475 0.0551376 0.0259383 0.0792909 
qwerty 296 294 0 0.298447 5.02109 1.76119 19.15 0.0551376 0.0259383 0.0792909 
qwerty 296 294 0 0.298447 5.49048 1.98201 19.825 0.0551376 0.0259383 0.0792909 
qwerty 236 184 0 0.147263 0.956416 -0.111174 9.025 0.0330029 0.00990544 0.0938759 
qwerty 235 184 0 0.955933 0.951495 -0.11018 9.025 0.0319586 0.0106504 0.0941553 
qwerty 235 184 0 0.955933 1.18061 -0.0338269 9.7 0.0319586 0.0106504 0.0941553 
qwerty 235 184 0 0.955933 1.25 -0.0107011 9.90444 0.0319586 0.0106504 0.0941553 
qwerty 235 184 0 0.955933 1.40972 0.0425257 10.375 0.0319586 0.0106504 0.0941553 
qwerty 235 184 0 0.955933 1.63883 0.118878 11.05 0.0319586 0.0106504 0.0941553 
qwerty 235 184 0 0.20523 1.26485 0.134713 10.55 -0.0568248 0.000933979 -0.0822804 
qwerty 234 184 0 0.246416 0.922718 -0.0901597 9.025 0.027476 0.0140928 0.0951129 
qwerty 234 184 0 0.246416 1.11771 0.00985467 9.7 0.027476 0.0140928 0.0951129 
qwerty 234 184 0 0.246416 1.25 0.0777074 10.1579 0.027476 0.0140928 0.0951129 
qwerty 234 184 0 0.246416 1.3127 0.109869 10.375 0.027476 0.0140928 0.0951129 
qwerty 233 184 0 0.192456 0.897863 -0.158677 9.025 0.0237274 0.0029191 0.0971004 
qwerty 231 57 0 0.510999 1.78387 -0.201988 2.95 0.094469 0.0136432 0.029824 
qwerty 230 57 0 0.510999 -1.25 -0.640139 1.9922 -0.094469 -0.0136432 -0.029824 
qwerty 230 57 0 0.510999 -1.938 -0.739499 1.775 -0.094469 -0.0136432 -0.029824 
qwerty 230 57 0 0.267289 -3.27217 -0.932181 1.3538 0.0137737 0.0389964 -0.091047 
qwerty 230 57 0 0.267289 -3.23378 -0.823476 1.1 0.0137737 0.0389964 -0.091047 
qwerty 313 230 0.24371 0 -3.30519 -0.943236 1.35958 -0.093546 -0.0313199 0.0163772 
qwerty 229 57 0 0.987198 0.73678 -1.08308 2.95 0.0559065 -0.0654356 0.0509181 
qwerty 229 57 0 0.987198 1.25 -1.68378 3.41743 0.0559065 -0.0654356 0.0509181 
qwerty 229 57 0 0.504519 1.35744 -1.80953 3.51528 0.0951386 -0.0162282 -0.0261782 
qwerty 229 57 0 0.504519 2.77583 -2.05147 3.125 0.0951386 -0.0162282 -0.0261782 
qwerty 315 229 0.115698 0.366981 1.37769 -1.83901 3.54549 0.0550838 0.00839882 0.0830376 
qwerty 315 229 0.113322 0.253658 1.39551 -1.8618 3.58775 0.0807165 -0.0573171 0.0141279 
qwerty 315 229 0.0584164 0.195242 1.40474 -1.87844 3.59121 0.0166409 -0.0701145 -0.0693328 
qwerty 315 229 0.0509401 0.144302 1.41276 -1.8923 3.58307 0.047729 -0.0872578 0.0103934 
qwerty 315 229 0.144302 0 1.41993 -1.9054 3.58463 0.047729 -0.0872578 0.0103934 
qwerty 226 116 0 0.510999 -0.224552 0.246706 5.825 -0.0135891 0.061847 -0.0773969 
qwerty 225 116 0 0.510999 -0.0182489 -0.692222 7 0.0135891 -0.061847 0.0773969 
qwerty 225 116 0 0.510999 0.100266 -1.23161 7.675 0.0135891 -0.061847 0.0773969 
qwerty 225 116 0 0.510999 0.21878 -1.77099 8.35 0.0135891 -0.061847 0.0773969 
qwerty 222 119 0 6.15115 1.50666 -0.550674 8.35 0.0555056 0.0267784 0.0787531 
qwerty 222 119 0 0.430053 1.77563 -0.420909 8.73163 0.0747183 -0.041522 -0.0518951 
qwerty 222 119 0 0.430053 2.07313 -0.586236 8.525 0.0747183 -0.041522 -0.0518951 
qwerty 324 222 0.555639 5.16546 1.95469 -0.31521 9.025 0.0401949 0.0274028 0.0873697 
qwerty 324 222 0.882288 1.65789 2.05311 -0.485228 8.75374 -0.0210763 -0.0787706 -0.0578877 
qwerty 324 222 0.542045 1.11584 2.04487 -0.738739 8.61763 -0.0181134 -0.076833 0.0613888 
qwerty 324 222 0.647371 0.468472 2.10219 -0.949043 8.71001 -0.0475104 -0.0708292 0.052211 
qwerty 324 222 0.316916 0.151556 2.05785 -1.01515 8.75874 0.0740344 -0.056052 -0.037109 
qwerty 324 222 0.151556 0 2.06992 -1.02428 8.75269 0.0740344 -0.056052 -0.037109 
qwerty 221 119 0.00029101 0 1.01518 -0.775916 7.63527 0.035069 0.012034 0.0928727 
qwerty 326 221 0.00355698 0 1.01517 -0.775909 7.63528 -0.0830854 0.0294189 0.0472371 
qwerty 219 128 0 0.510999 1.70338 -0.821494 10.55 -0.0150779 0.0502917 -0.0851082 
qwerty 219 128 0 0.510999 1.58379 -0.422626 9.875 -0.0150779 0.0502917 -0.0851082 
qwerty 219 128 0 0.510999 1.46421 -0.0237592 9.2 -0.0150779 0.0502917 -0.0851082 
qwerty 219 128 0 0.510999 1.34463 0.375108 8.525 -0.0150779 0.0502917 -0.0851082 
qwerty 219 128 0 0.352559 1.25895 0.660862 8.04142 -0.0858721 -0.00284993 -0.051165 
qwerty 219 128 0 0.352559 0.937687 0.6502 7.85 -0.0858721 -0.00284993 -0.051165 
qwerty 329 219 0.15844 0 1.26811 0.671697 8.03109 0.0521893 0.0617474 -0.0588518 
qwerty 218 128 0 0.510999 1.91154 -1.51582 11.725 0.0150779 -0.0502917 0.0851082 
qwerty 217 133 0 0.510999 -0.131467 -1.25 5.4308 -0.0546756 -0.0615118 -0.0568057 
qwerty 217 133 0 0.510999 -0.401734 -1.55406 5.15 -0.0546756 -0.0615118 -0.0568057 
qwerty 217 133 0 0.510999 -1.05142 -2.28498 4.475 -0.0546756 -0.0615118 -0.0568057 
qwerty 217 133 0 0.510999 -1.70111 -3.0159 3.8 -0.0546756 -0.0615118 -0.0568057 
qwerty 217 133 0 0.246174 -1.59986 -2.52323 3.125 0.017763 0.0648693 -0.074003 
qwerty 215 133 0 0.847617 0.467072 -0.683274 5.15 0.052691 0.0442767 -0.0725482 
qwerty 215 133 0 0.230782 0.65962 -0.350738 4.64165 -0.0834104 -0.0544377 0.00890199 
qwerty 215 133 0 0.230782 -1.25 -1.59705 4.84545 -0.0834104 -0.0544377 0.00890199 
qwerty 215 133 0 0.230782 -2.46384 -2.38926 4.975 -0.0834104 -0.0544377 0.00890199 
qwerty 337 215 0.183312 0.367271 0.703974 -0.342765 4.56908 0.0546687 -0.0612902 0.0570513 
qwerty 337 215 0.0898898 0.277381 0.734803 -0.365379 4.58567 0.0925563 -0.0146616 0.0349053 
qwerty 337 215 0.277381 0 0.77486 -0.371724 4.60078 0.0925563 -0.0146616 0.0349053 
qwerty 214 133 0 0.240749 -0.331346 -0.980626 5.15 -0.0578289 -9.2434e-05 -0.0815831 
qwerty 212 133 0 1.91898 -0.327422 -1.25 5.62354 -0.0827632 -0.0559041 -0.00499856 
qwerty 212 133 0 1.91898 -4.02854 -3.75 5.4 -0.0827632 -0.0559041 -0.00499856 
qwerty 212 133 0 1.91898 -7.72967 -6.25 5.17647 -0.0827632 -0.0559041 -0.00499856 
qwerty 212 133 0 1.91898 -8.16794 -6.54604 5.15 -0.0827632 -0.0559041 -0.00499856 
qwerty 212 133 0 0.279478 -9.44271 -7.13259 4.475 0.0334348 0.0577136 -0.0745067 
qwerty 212 133 0 0.279478 -9.1398 -6.60973 3.8 0.0334348 0.0577136 -0.0745067 
qwerty 210 133 0 0.178659 0.274928 -0.634163 5.65 -0.0542852 -0.0448397 0.0710107 
qwerty 209 133 0 0.267458 0.777354 -0.440364 5.65 0.0207138 -0.0246196 0.0946827 
qwerty 209 133 0 0.174404 0.839691 -0.514455 5.93494 0.0789865 0.0612334 -0.00340639 
qwerty 209 133 0 0.174404 1.25 -0.196367 5.91725 0.0789865 0.0612334 -0.00340639 
qwerty 209 133 0 0.174404 3.38897 1.46184 5.825 0.0789865 0.0612334 -0.00340639 
qwerty 347 209 0.0930541 0 0.837868 -0.518276 5.94068 -0.0255667 -0.0535955 0.0804604 
qwerty 208 133 0 1.56137 0.711343 -0.330473 5.65 0.010748 -0.0056674 0.0992591 
qwerty 208 133 0 1.56137 0.784434 -0.369014 6.325 0.010748 -0.0056674 0.0992591 
qwerty 208 133 0 1.56137 0.857524 -0.407554 7 0.010748 -0.0056674 0.0992591 
qwerty 208 133 0 1.56137 0.930614 -0.446095 7.675 0.010748 -0.0056674 0.0992591 
qwerty 208 133 0 1.56137 1.0037 -0.484635 8.35 0.010748 -0.0056674 0.0992591 
qwerty 208 133 0 1.56137 1.07679 -0.523176 9.025 0.010748 -0.0056674 0.0992591 
qwerty 208 133 0 1.56137 1.14989 -0.561716 9.7 0.010748 -0.0056674 0.0992591 
qwerty 208 133 0 1.56137 1.22298 -0.600257 10.375 0.010748 -0.0056674 0.0992591 
qwerty 208 133 0 1.56137 1.29607 -0.638797 11.05 0.010748 -0.0056674 0.0992591 
qwerty 208 133 0 1.56137 1.36916 -0.677338 11.725 0.010748 -0.0056674 0.0992591 
qwerty 208 133 0 1.56137 1.44225 -0.715878 12.4 0.010748 -0.0056674 0.0992591 
qwerty 208 133 0 1.56137 1.51534 -0.754419 13.075 0.010748 -0.0056674 0.0992591 
qwerty 208 133 0 1.56137 1.58843 -0.792959 13.75 0.010748 -0.0056674 0.0992591 
qwerty 208 133 0 1.56137 1.66152 -0.8315 14.425 0.010748 -0.0056674 0.0992591 
qwerty 208 133 0 1.56137 1.73461 -0.87004 15.1 0.010748 -0.0056674 0.0992591 
qwerty 208 133 0 1.56137 1.8077 -0.908581 15.775 0.010748 -0.0056674 0.0992591 
qwerty 208 133 0 1.56137 1.88079 -0.947121 16.45 0.010748 -0.0056674 0.0992591 
qwerty 208 133 0 1.56137 1.95388 -0.985662 17.125 0.010748 -0.0056674 0.0992591 
qwerty 208 133 0 0.207727 2.25164 -0.995848 16.625 0.0479924 -0.0154737 -0.0863556 
qwerty 208 133 0 0.207727 2.62678 -1.1168 15.95 0.0479924 -0.0154737 -0.0863556 
qwerty 208 133 0 0.207727 3.00191 -1.23775 15.275 0.0479924 -0.0154737 -0.0863556 
qwerty 207 133 0 12.6866 0.701955 -0.25903 5.65 0.00927 0.00669884 0.0993438 
qwerty 207 133 0 12.6866 0.764941 -0.213514 6.325 0.00927 0.00669884 0.0993438 
qwerty 207 133 0 12.6866 0.827926 -0.167998 7 0.00927 0.00669884 0.0993438 
qwerty 207 133 0 12.6866 0.890912 -0.122483 7.675 0.00927 0.00669884 0.0993438 
qwerty 207 133 0 12.6866 0.953898 -0.0769667 8.35 0.00927 0.00669884 0.0993438 
qwerty 207 133 0 12.6866 1.01688 -0.0314509 9.025 0.00927 0.00669884 0.0993438 
qwerty 207 133 0 12.6866 1.07987 0.014065 9.7 0.00927 0.00669884 0.0993438 
qwerty 207 133 0 12.6866 1.14286 0.0595809 10.375 0.00927 0.00669884 0.0993438 
qwerty 207 133 0 12.6866 1.20584 0.105097 11.05 0.00927 0.00669884 0.0993438 
qwerty 207 133 0 12.6866 1.25 0.137007 11.5232 0.00927 0.00669884 0.0993438 
qwerty 207 133 0 12.6866 1.26883 0.150613 11.725 0.00927 0.00669884 0.0993438 
qwerty 207 133 0 12.6866 1.33181 0.196128 12.4 0.00927 0.00669884 0.0993438 
qwerty 207 133 0 12.6866 1.3948 0.241644 13.075 0.00927 0.00669884 0.0993438 
qwerty 207 133 0 12.6866 1.45778 0.28716 13.75 0.00927 0.00669884 0.0993438 
qwerty 355 207 0 0.279308 2.13939 0.59223 13.67 0.0458905 0.0869277 -0.018375 
qwerty 355 207 0 0.279308 2.48664 1.25 13.531 0.0458905 0.0869277 -0.018375 
qwerty 355 207 0 0.279308 3.18837 2.57924 13.25 0.0458905 0.0869277 -0.018375 
qwerty 355 207 0 0.170277 3.18063 2.71892 13.75 -0.0116042 0.00733917 0.0990529 
qwerty 359 355 0.0356171 0 2.14045 0.591439 13.67 0.07998 -0.0600123 -0.00131417 
qwerty 354 207 0 1.03512 1.99075 0.944756 13.25 0.0526205 0.0651563 -0.054642 
qwerty 353 207 0 0.228612 2.02588 -0.00253315 13.25 0.0823215 -0.0181706 -0.0537866 
qwerty 365 353 0.0840001 0.791961 1.03822 0.17242 13.9581 0.0220058 -0.0711414 0.0667432 
qwerty 365 353 0.0812677 0.710693 1.0463 0.126337 13.9836 -0.0709286 -0.0589972 0.0385807 
qwerty 365 353 0.111344 0.599349 1.01763 0.0762338 14.0157 -0.0361389 -0.0921916 0.0139531 
qwerty 365 353 0.0714111 0.527938 0.997432 0.0363012 14.039 -0.0358606 -0.092601 0.0117928 
qwerty 365 353 0.116119 0.411819 0.998392 -0.0182128 14.0587 0.0268561 -0.0952623 -0.0142773 
qwerty 365 353 0.188951 0.222868 1.0035 -0.0735443 14.036 0.0871085 -0.0426404 -0.0243702 
qwerty 365 353 0.222868 0 1.03017 -0.0865959 14.0285 0.0871085 -0.0426404 -0.0243702 
qwerty 352 207 0 9.64222 0.404174 0.266181 13.25 -0.0887554 -0.00203529 -0.0460254 
qwerty 352 207 0 9.64222 -0.897494 0.236331 12.575 -0.0887554 -0.00203529 -0.0460254 
qwerty 367 352 0.488064 8.01182 -1.51406 0.067558 12.3338 -0.0819545 -0.0529336 -0.0219429 
qwerty 367 352 1.64124 6.37058 -2.26918 -0.56831 11.9628 -0.0740003 -0.0551773 -0.0384634 
qwerty 367 352 0.22478 6.1458 -2.39008 -0.658453 11.9 -0.0722892 -0.0668141 -0.0176112 
qwerty 367 352 1.36839 3.75428 -2.99999 -1.10149 12.0416 -0.080353 -0.0592434 -0.0057979 
qwerty 367 352 0.36638 3.3879 -3.20141 -1.25 12.027 -0.0879572 -0.0475663 0.000993621 
qwerty 367 352 0.803795 2.58411 -3.67385 -1.41248 11.9301 -0.0991399 0.0125085 0.00384868 
qwerty 367 352 0.0576529 1.10425 -3.71829 -1.41116 11.9322 -0.0971416 0.023192 -0.00506379 
qwerty 367 352 0.467876 0.636377 -3.92098 -1.36851 11.9425 -0.0998824 -0.00423855 0.00235401 
qwerty 367 352 0.405727 0.23065 -4.05257 -1.35468 11.9049 -0.0816743 0.0547534 -0.0182036 
qwerty 367 352 0.0954659 0.135184 -4.07437 -1.34007 11.9 -0.000410026 0.0792928 -0.0609302 
qwerty 367 352 0.00240206 0.0945395 -4.07421 -1.34025 11.9006 0.0336495 0.0299006 0.0892954 
qwerty 367 352 0.00168164 0.0928579 -4.07401 -1.33997 11.9012 0.0290322 0.0115834 0.0949893 
qwerty 367 352 0.0024001 0.0904578 -4.07389 -1.33981 11.9019 -0.0252153 -0.0027798 0.0967288 
qwerty 367 352 0.00221504 0.0882427 -4.07405 -1.33967 11.903 -0.0255076 0.0226872 0.0939928 
qwerty 367 352 0.00767495 0.0805678 -4.07461 -1.33922 11.9046 -0.0199279 0.0501195 0.0842076 
qwerty 367 352 0.00974627 0.0708215 -4.07467 -1.33884 11.9074 -0.0381848 -0.0051014 0.0922816 
qwerty 367 352 0.0289715 0.04185 -4.075 -1.34161 11.9113 0.0906796 -0.0252616 -0.03375 
qwerty 367 352 0.04185 0 -4.07341 -1.34205 11.9108 0.0906796 -0.0252616 -0.03375 
qwerty 370 367 0.0792349 0.256006 -1.50792 0.0364705 12.3195 -0.0775176 -0.0149904 -0.0613702 
qwerty 370 367 0.256006 0 -1.5375 0.0307506 12.296 -0.0775176 -0.0149904 -0.0613702 
qwerty 371 367 0 0.89147 -5.87829 -1.67233 12.1989 -0.0878812 0.0265267 -0.039664 
qwerty 371 367 0 0.89147 -6.54065 -1.4724 11.9 -0.0878812 0.0265267 -0.039664 
qwerty 371 367 0 0.845412 -8.75 -1.08011 11.4307 -0.0968765 0.0162431 -0.0187378 
qwerty 371 367 0 0.845412 -9.81332 -0.901825 11.225 -0.0968765 0.0162431 -0.0187378 
qwerty 371 367 0 0.370501 -11.0134 -0.700609 10.9929 0.00232316 0.0625525 -0.0779858 
qwerty 371 367 0 0.370501 -11.0002 -0.345374 10.55 0.00232316 0.0625525 -0.0779858 
qwerty 374 371 0.0675976 0.407313 -11.0413 -0.70289 11.0076 -0.0538639 -0.0694299 0.0477302 
qwerty 374 371 0.0498417 0.357472 -11.063 -0.715276 11.0222 -0.0475569 -0.0186255 0.0859734 
qwerty 374 371 0.0331253 0.324347 -11.0725 -0.721337 11.0337 -0.0966941 0.0088078 0.0239305 
qwerty 374 371 0.028817 0.29553 -11.0859 -0.724001 11.0364 0.00802248 -0.0432113 0.0898244 
qwerty 374 371 0.0271599 0.26837 -11.0855 -0.73119 11.0475 0.0470352 -0.0835069 0.0285356 
qwerty 374 371 0.0157201 0.25265 -11.0815 -0.738445 11.05 -0.0116322 -0.0871439 0.0476511 
qwerty 372 371 0.520022 0.0107091 -5.91799 -1.78347 12.2314 0.0982246 -0.00895605 -0.0164838 
qwerty 372 371 0.0107091 0 -5.91784 -1.78348 12.2313 0.0982246 -0.00895605 -0.0164838 
qwerty 376 375 0 0.156208 -11.25 -0.488405 10.0518 -0.0496671 -0.0478981 -0.0723806 
qwerty 376 375 0 0.156208 -11.3713 -0.605397 9.875 -0.0496671 -0.0478981 -0.0723806 
qwerty 369 367 0 0.109113 -2.16994 -0.368555 12.1406 -0.0235544 -0.00478364 0.0970686 
qwerty 369 367 0 0.109113 -2.23288 -0.381338 12.4 -0.0235544 -0.00478364 0.0970686 
qwerty 378 369 0.0297208 0 -2.17041 -0.368919 12.1399 -0.0499217 -0.038181 -0.077782 
qwerty 206 133 0 2.63269 0.829875 -0.284072 5.65 0.0288956 0.00212805 0.0957106 
qwerty 206 133 0 2.63269 1.03366 -0.269063 6.325 0.0288956 0.00212805 0.0957106 
qwerty 206 133 0 2.63269 1.23745 -0.254055 7 0.0288956 0.00212805 0.0957106 
qwerty 206 133 0 2.63269 1.44124 -0.239047 7.675 0.0288956 0.00212805 0.0957106 
qwerty 206 133 0 1.84812 1.79892 -0.0107707 8.35 0.0480111 0.0346012 0.0806083 
qwerty 206 133 0 1.84812 2.20095 0.278974 9.025 0.0480111 0.0346012 0.0806083 
qwerty 206 133 0 1.84812 2.60299 0.568718 9.7 0.0480111 0.0346012 0.0806083 
qwerty 206 133 0 1.84812 3.00503 0.858462 10.375 0.0480111 0.0346012 0.0806083 
qwerty 206 133 0 1.84812 3.40707 1.14821 11.05 0.0480111 0.0346012 0.0806083 
qwerty 206 133 0 1.84812 3.75 1.39536 11.6258 0.0480111 0.0346012 0.0806083 
qwerty 206 133 0 1.84812 3.8091 1.43795 11.725 0.0480111 0.0346012 0.0806083 
qwerty 206 133 0 1.84812 4.21114 1.7277 12.4 0.0480111 0.0346012 0.0806083 
qwerty 206 133 0 1.84812 4.61318 2.01744 13.075 0.0480111 0.0346012 0.0806083 
qwerty 206 133 0 1.84812 5.01521 2.30718 13.75 0.0480111 0.0346012 0.0806083 
qwerty 206 133 0 1.84812 5.41725 2.59693 14.425 0.0480111 0.0346012 0.0806083 
qwerty 206 133 0 1.84812 5.81929 2.88667 15.1 0.0480111 0.0346012 0.0806083 
qwerty 206 133 0 1.84812 6.22133 3.17642 15.775 0.0480111 0.0346012 0.0806083 
qwerty 206 133 0 1.84812 6.62336 3.46616 16.45 0.0480111 0.0346012 0.0806083 
qwerty 206 133 0 1.84812 7.0254 3.75591 17.125 0.0480111 0.0346012 0.0806083 
qwerty 206 133 0 1.84812 7.42744 4.04565 17.8 0.0480111 0.0346012 0.0806083 
qwerty 206 133 0 1.84812 7.82947 4.3354 18.475 0.0480111 0.0346012 0.0806083 
qwerty 206 133 0 1.84812 8.23151 4.62514 19.15 0.0480111 0.0346012 0.0806083 
qwerty 206 133 0 1.84812 8.63355 4.91488 19.825 0.0480111 0.0346012 0.0806083 
qwerty 206 133 0 1.84812 9.03558 5.20463 20.5 0.0480111 0.0346012 0.0806083 
qwerty 204 145 0 0.510999 0.904287 1.25 3.97115 0.0475493 0.0862972 0.0170837 
qwerty 204 145 0 0.510999 1.81959 2.91118 4.3 0.0475493 0.0862972 0.0170837 
qwerty 203 145 0 0.510415 -1.08755 -2.36498 3.25551 -0.0433586 -0.0882206 -0.0183618 
qwerty 203 145 0 0.510415 -1.25 -2.69551 3.18672 -0.0433586 -0.0882206 -0.0183618 
qwerty 203 145 0 0.510415 -1.39574 -2.99205 3.125 -0.0433586 -0.0882206 -0.0183618 
qwerty 385 203 0.000584298 0 -1.08755 -2.36498 3.25551 -0.0886438 0.0380997 0.026281 
qwerty 200 178 0 1.08293 3.85295 -3.21524 32.1837 -0.00139625 -0.0998233 0.00577489 
qwerty 200 178 0 0.710502 3.85167 -3.30688 32.189 0.0447507 -0.078503 -0.0428329 
qwerty 200 178 0 0.710502 3.89241 -3.37834 32.15 0.0447507 -0.078503 -0.0428329 
qwerty 390 200 0.0377581 0.334668 3.84764 -3.32679 32.1987 0.00665368 -0.0642397 0.0763478 
qwerty 390 200 0.0656728 0.268995 3.86095 -3.3392 32.2208 -0.00618872 -0.0630945 0.0773355 
qwerty 390 200 0.122734 0.146261 3.84324 -3.37849 32.232 0.0476722 -0.075444 -0.0451173 
qwerty 390 200 0.146261 0 3.85057 -3.39008 32.225 0.0476722 -0.075444 -0.0451173 
qwerty 389 200 0.221095 0.683451 3.93161 -3.23155 32.1905 0.0896971 -0.0424743 -0.0122624 
qwerty 389 200 0.0854508 0.598001 3.98685 -3.25025 32.1996 0.0792342 -0.0495967 0.0355261 
qwerty 389 200 0.110329 0.487672 4.03794 -3.29278 32.1954 0.0925248 0.0168571 -0.0339853 
qwerty 389 200 0.145471 0.342201 4.08684 -3.26237 32.1747 0.0978079 0.00705406 0.0195921 
qwerty 389 200 0.136947 0.205255 4.12884 -3.26647 32.2169 0.0355383 -0.0852437 0.0383475 
qwerty 389 200 0.205255 0 4.13837 -3.28932 32.2272 0.0355383 -0.0852437 0.0383475 
qwerty 197 182 0 1.08845 0.916117 -0.486535 6.5 0.0333462 -0.0717812 -0.0611187 
qwerty 197 182 0 1.08845 1.25 -1.20525 5.88804 0.0333462 -0.0717812 -0.0611187 
qwerty 197 182 0 1.08845 1.2844 -1.27929 5.825 0.0333462 -0.0717812 -0.0611187 
qwerty 197 182 0 1.08845 1.65267 -2.07205 5.15 0.0333462 -0.0717812 -0.0611187 
qwerty 197 182 0 0.656003 3.09189 -3.62616 5.65 0.0691681 -0.0628339 0.0356046 
qwerty 197 182 0 0.656003 3.75 -4.22401 5.98877 0.0691681 -0.0628339 0.0356046 
qwerty 197 182 0 0.656003 4.40319 -4.81738 6.325 0.0691681 -0.0628339 0.0356046 
qwerty 197 182 0 0.656003 5.80284 -6.02895 7 0.0715251 -0.0611193 0.0338909 
qwerty 197 182 0 0.656003 6.25 -6.41106 7.21188 0.0715251 -0.0611193 0.0338909 
qwerty 197 182 0 0.656003 7.22739 -7.24625 7.675 0.0715251 -0.0611193 0.0338909 
qwerty 196 182 0 0.466435 -1.97904 1.25 6.88228 -0.0915923 0.0398953 -0.00438238 
qwerty 196 182 0 0.424019 -5.11529 2.61607 6.73222 -0.0836769 0.0257725 -0.048311 
qwerty 196 182 0 0.424019 -5.51751 2.73996 6.5 -0.0836769 0.0257725 -0.048311 
qwerty 196 182 0 0.424019 -6.25 2.96556 6.07709 -0.0836769 0.0257725 -0.048311 
qwerty 196 182 0 0.378144 -6.32948 2.99004 6.03121 -0.0902814 0.042928 0.00254283 
qwerty 196 182 0 0.378144 -8.75 4.14098 6.09938 -0.0902814 0.042928 0.00254283 
qwerty 196 182 0 0.378144 -11.25 5.32971 6.1698 -0.0902814 0.042928 0.00254283 
qwerty 196 182 0 0.378144 -13.75 6.51843 6.24021 -0.0902814 0.042928 0.00254283 
qwerty 196 182 0 0.378144 -16.25 7.70716 6.31063 -0.0902814 0.042928 0.00254283 
qwerty 196 182 0 0.378144 -16.7603 7.94982 6.325 -0.0902814 0.042928 0.00254283 
qwerty 401 196 0.00712835 0.315905 -16.7947 7.96318 6.32465 0.08117 -0.054541 -0.0208975 
qwerty 401 196 0.0121231 0.303782 -16.7904 7.95918 6.32382 0.0777258 -0.057573 0.025378 
qwerty 401 196 0.0073891 0.296393 -16.7869 7.95655 6.32499 0.0814478 -0.0464319 0.0347897 
qwerty 401 196 5.08425e-06 0.296388 -16.7869 7.95654 6.325 0.0817461 -0.0462056 0.0343893 
qwerty 401 196 0.00694352 0.19552 -16.7847 7.95861 6.32369 0.0518086 0.0688693 -0.0507236 
qwerty 401 196 0.00369447 0.191826 -16.7838 7.96038 6.32263 0.0559641 0.0647128 -0.0517713 
qwerty 401 196 0.00404455 0.187781 -16.7825 7.96208 6.32166 0.0625534 0.0560621 -0.0542597 
qwerty 401 196 0.00629432 0.181487 -16.7813 7.9636 6.32003 0.0401676 0.0729075 -0.0554171 
qwerty 401 196 0.00730122 0.174186 -16.7805 7.96553 6.31801 0.0202917 0.0714791 -0.0669252 
qwerty 401 196 0.0156084 0.158577 -16.7788 7.96776 6.31447 0.0582314 0.0601707 -0.0546681 
qwerty 401 196 0.0166603 0.141917 -16.7745 7.96938 6.3103 0.0919999 0.0256643 -0.0296204 
qwerty 401 196 0.0214273 0.12049 -16.7691 7.97332 6.30624 0.0806202 0.0589364 -0.00518503 
qwerty 401 196 0.0420523 0.0784373 -16.7586 7.97381 6.3026 0.0230535 0.0129614 -0.0964393 
qwerty 401 196 0.0784373 0 -16.7574 7.9745 6.29748 0.0230535 0.0129614 -0.0964393 
qwerty 400 196 0.045875 0 -6.3296 2.98955 6.02921 -0.00605985 -0.0239681 -0.0968959 
qwerty 399 196 0.0424164 0 -5.1159 2.61672 6.73378 -0.0340796 0.0361469 0.086787 
qwerty 195 182 0 0.354739 1.41944 -0.869514 6.5 0.0572043 -0.0718159 -0.0396252 
qwerty 194 182 0 0.25696 2.06112 0.268025 6.5 0.0928197 0.0103273 -0.0357469 
qwerty 193 182 0 0.101493 0.538121 0.055721 7 0.00314394 0.0385782 0.0922054 
qwerty 192 185 0 0.510999 0.0509095 -0.149762 9.025 -0.0190307 -0.0378662 0.0905758 
qwerty 191 185 0 0.510999 0.297786 0.341459 7.85 0.0190307 0.0378662 -0.0905758 
qwerty 191 185 0 0.510999 0.439609 0.62365 7.175 0.0190307 0.0378662 -0.0905758 
qwerty 191 185 0 0.418959 0.546176 0.835692 6.66779 0.0160985 -0.0282335 -0.0945712 
qwerty 191 185 0 0.418959 0.574739 0.785598 6.5 0.0160985 -0.0282335 -0.0945712 
qwerty 406 191 0.0920397 0 0.546828 0.842505 6.66634 0.00930647 0.0973676 -0.0208071 
qwerty 190 185 0 0.398101 0.301394 0.0263079 8.35 0.048256 -0.0193029 0.0854327 
qwerty 190 185 0 0.398101 0.682663 -0.126204 9.025 0.048256 -0.0193029 0.0854327 
qwerty 190 185 0 0.398101 1.06393 -0.278715 9.7 0.048256 -0.0193029 0.0854327 
qwerty 190 185 0 0.398101 1.25 -0.353145 10.0294 0.048256 -0.0193029 0.0854327 
qwerty 190 185 0 0.398101 1.4452 -0.431227 10.375 0.048256 -0.0193029 0.0854327 
qwerty 410 409 0 0.127535 1.45271 0.0516674 11.05 -0.0255545 0.0726622 0.0637744 
qwerty 188 185 0 0.570545 -1.17557 -0.600776 9.025 -0.089026 -0.0251857 0.0379479 
qwerty 188 185 0 0.183926 -0.764403 -0.271865 8.525 0.057172 0.0450919 -0.0685425 
qwerty 187 185 0 0.279684 -0.398659 -0.393228 9.025 -0.0708749 -0.0202467 0.0675782 
qwerty 187 185 0 0.279684 -1.10659 -0.595461 9.7 -0.0708749 -0.0202467 0.0675782 
qwerty 187 185 0 0.279684 -1.81452 -0.797694 10.375 -0.0708749 -0.0202467 0.0675782 
qwerty 187 185 0 0.275343 -2.14411 -0.919024 11.05 -0.0382315 -0.0149041 0.0911933 
qwerty 187 185 0 0.15329 -2.01601 -1.25 10.8623 0.0334472 -0.0790658 -0.0512824 
qwerty 187 185 0 0.15329 -1.81232 -1.7315 10.55 0.0334472 -0.0790658 -0.0512824 
qwerty 186 185 0 0.513475 -0.41512 -0.387926 9.025 -0.0718799 -0.0193982 0.0667607 
qwerty 186 185 0 0.513475 -1.14188 -0.584056 9.7 -0.0718799 -0.0193982 0.0667607 
qwerty 186 185 0 0.513475 -1.84709 -0.804032 10.375 -0.0704708 -0.0219885 0.0674564 
qwerty 186 185 0 0.513475 -2.55225 -1.02406 11.05 -0.0704708 -0.0219885 0.0674564 
qwerty 186 185 0 0.513475 -3.25742 -1.24409 11.725 -0.0704708 -0.0219885 0.0674564 
qwerty 429 270 0 0.510999 8.41859 14.3391 34.675 0.0144185 0.0122678 0.0981917 
qwerty 429 270 0 0.510999 8.51771 14.4234 35.35 0.0144185 0.0122678 0.0981917 
qwerty 429 270 0 0.510999 8.61682 14.5077 36.025 0.0144185 0.0122678 0.0981917 
qwerty 429 270 0 0.510999 8.71594 14.5921 36.7 0.0144185 0.0122678 0.0981917 
qwerty 429 270 0 0.510999 8.75 14.621 36.932 0.0144185 0.0122678 0.0981917 
qwerty 429 270 0 0.510999 8.81506 14.6764 37.375 0.0144185 0.0122678 0.0981917 
qwerty 429 270 0 0.510999 8.91417 14.7607 38.05 0.0144185 0.0122678 0.0981917 
qwerty 428 270 0 0.510999 8.24605 14.1923 33.5 -0.0144185 -0.0122678 -0.0981917 
qwerty 428 270 0 0.510999 8.14694 14.1079 32.825 -0.0144185 -0.0122678 -0.0981917 
qwerty 428 270 0 0.510999 8.04782 14.0236 32.15 -0.0144185 -0.0122678 -0.0981917 
qwerty 428 270 0 0.510999 7.9487 13.9393 31.475 -0.0144185 -0.0122678 -0.0981917 
qwerty 427 277 0 0.510999 2.81616 0.780819 11.225 0.0764065 0.0345074 -0.0545095 
qwerty 426 277 0 0.510999 1.16915 0.0369815 12.4 -0.0764065 -0.0345074 0.0545095 
qwerty 425 277 0 0.170557 1.56803 0.169764 12.1342 -0.0585504 0.0120385 0.0801681 
qwerty 425 277 0 0.170557 1.37389 0.209681 12.4 -0.0585504 0.0120385 0.0801681 
qwerty 434 425 0.0109725 0 1.56799 0.169621 12.1341 -0.0301945 -0.0889251 -0.0343603 
qwerty 424 277 0 0.559014 2.72219 0.602624 11.225 0.0761275 0.0210028 -0.0613472 
qwerty 424 277 0 0.559014 3.55982 0.833717 10.55 0.0761275 0.0210028 -0.0613472 
qwerty 422 293 0 0.475227 2.19269 0.55308 10.55 0.00606132 0.00642844 -0.0996089 
qwerty 422 293 0 0.475227 2.23376 0.596642 9.875 0.00606132 0.00642844 -0.0996089 
qwerty 421 293 0 0.510999 2.20614 0.217814 11.725 0.00634811 -0.0420467 0.0905084 
qwerty 421 293 0 0.510999 2.25349 -0.0957643 12.4 0.00634811 -0.0420467 0.0905084 
qwerty 421 293 0 0.501145 2.29055 -0.341257 12.9284 0.00421727 -0.0590766 0.080574 
qwerty 421 293 0 0.501145 2.29822 -0.448714 13.075 0.00421727 -0.0590766 0.080574 
qwerty 421 293 0 0.501145 2.33355 -0.943622 13.75 0.00421727 -0.0590766 0.080574 
qwerty 421 293 0 0.217022 2.43285 -1.0926 14.0662 0.0458286 0.0861248 -0.0219603 
qwerty 421 293 0 0.217022 2.72756 -0.538759 13.925 0.0458286 0.0861248 -0.0219603 
qwerty 443 421 0.221626 0 2.43834 -1.10937 14.0909 0.0180916 -0.0552829 0.0813418 
qwerty 441 421 0.00985384 0 2.29057 -0.34115 12.9285 0.0112105 0.0805291 0.0582185 
qwerty 420 295 0 0.490191 3.71286 0.971 17.3058 0.0013071 -0.089296 0.0449946 
qwerty 420 295 0 0.490191 3.72721 -0.00971752 17.8 0.0013071 -0.089296 0.0449946 
qwerty 420 295 0 0.404383 3.69342 -0.369358 18.475 -0.00492409 -0.0415137 0.0908425 
qwerty 420 295 0 0.404383 3.65683 -0.677824 19.15 -0.00492409 -0.0415137 0.0908425 
qwerty 419 295 0 0.510999 3.42913 1.87446 16.625 -0.0243274 0.0774632 -0.0583749 
qwerty 419 295 0 0.410946 2.74928 2.16726 15.95 -0.069872 0.02529 -0.0669202 
qwerty 419 295 0 0.410946 2.0445 2.42236 15.275 -0.069872 0.02529 -0.0669202 
qwerty 419 295 0 0.410946 1.33973 2.67745 14.6 -0.069872 0.02529 -0.0669202 
qwerty 419 295 0 0.410946 0.634955 2.93254 13.925 -0.069872 0.02529 -0.0669202 
qwerty 419 295 0 0.410946 -0.0698197 3.18763 13.25 -0.069872 0.02529 -0.0669202 
qwerty 419 295 0 0.410946 -0.774594 3.44272 12.575 -0.069872 0.02529 -0.0669202 
qwerty 445 420 0.0208081 0 3.71326 0.971143 17.3061 0.0800414 0.028434 0.052772 
