qwerty 1 0 0 200 0 0 -0.249991 0 0 0.1 
qwerty 3 1 0 245.624 0.0517885 0.110064 0.25 0.0100643 0.0213893 0.0971659 
qwerty 3 1 0 245.624 0.121704 0.258653 0.925 0.0100643 0.0213893 0.0971659 
qwerty 3 1 0 245.624 0.19162 0.407242 1.6 0.0100643 0.0213893 0.0971659 
qwerty 2 1 0 89.3525 -0.181989 -0.386773 0.25 -0.0276662 -0.0587978 0.0760092 
qwerty 7 2 1.38383 28.7958 -0.413549 -1.07479 0.925 -0.0194084 -0.075592 0.0625233 
qwerty 7 2 0.238476 6.44624 -0.426951 -1.34701 1.25863 0.0178146 -0.0360819 0.0915464 
qwerty 7 2 0.629959 5.81628 -0.360521 -1.48156 1.6 0.027771 -0.0638765 0.0717535 
qwerty 5 3 1.2204 64.885 0.241684 0.606719 2.275 0.00688404 0.0315251 0.0946508 
qwerty 5 3 0.912168 56.6314 0.402572 0.868421 2.95 0.0271906 0.0368518 0.0888966 
qwerty 5 3 0.872645 47.4498 0.521454 1.26676 3.625 0.0095843 0.0526415 0.0844809 
qwerty 5 3 0.367773 33.811 0.623373 1.52513 3.92289 0.028322 0.0707747 0.064721 
qwerty 5 3 0.936111 32.4659 0.790593 1.92693 4.29526 0.0303732 0.065545 0.0691471 
qwerty 5 3 0.0134775 32.4524 0.792676 1.93143 4.3 0.0304373 0.0657048 0.068967 
qwerty 5 3 1.17251 6.46733 1.24491 2.66252 4.57541 0.0576294 0.0803383 -0.0149867 
qwerty 5 3 0.0115366 6.45579 1.25 2.66962 4.57409 0.0499145 0.0858119 -0.0120358 
qwerty 5 3 1.23902 5.21677 1.66092 3.37606 4.475 0.0256287 0.095435 0.0153404 
qwerty 5 3 1.26808 3.9487 1.94635 4.02725 4.60357 0.00631751 0.0996098 0.00616202 
qwerty 5 3 1.05393 2.89477 2.05628 4.58267 4.65598 0.0395718 0.0847872 0.0352875 
qwerty 5 3 0.70731 2.18746 2.33135 4.90391 4.81245 0.051535 0.0738074 0.0435501 
qwerty 5 3 0.563874 1.62358 2.51571 5.16435 4.95574 0.00499295 0.0960471 0.0273865 
qwerty 5 3 0.08982 1.53376 2.51922 5.23188 4.975 -0.0300259 0.0854166 0.0424553 
qwerty 27 5 0.0197136 0.389291 0.783542 1.93408 4.29981 -0.0643135 0.0488102 0.0590029 
qwerty 27 5 0.000334246 0.388957 0.783338 1.93423 4.3 -0.0654758 0.0481431 0.058268 
qwerty 27 5 0.011373 0.341075 0.786247 1.93553 4.29452 0.0709493 0.0323732 -0.0625953 
qwerty 27 5 0.0206383 0.320437 0.79231 1.93854 4.29102 0.0871752 0.0252747 -0.0419724 
qwerty 27 5 0.0141397 0.306297 0.798334 1.94009 4.28713 0.0848932 0.0162839 -0.0502791 
qwerty 27 5 0.0149976 0.2913 0.803874 1.94079 4.28356 0.0740471 0.0258353 -0.0620449 
qwerty 27 5 0.02726 0.26404 0.81037 1.94526 4.27841 -0.0313281 0.0471797 -0.0824174 
qwerty 27 5 0.0718017 0.192238 0.80593 1.94717 4.26792 -0.0295873 0.0289153 -0.0910412 
qwerty 27 5 0.0851285 0.107109 0.803696 1.94494 4.24862 -0.0478814 -0.0853223 -0.0206755 
qwerty 27 5 0.107109 0 0.79935 1.93719 4.24674 -0.0478814 -0.0853223 -0.0206755 
qwerty 9 7 0.103006 0.708467 -0.466739 -1.39863 1.27227 -0.0350387 -0.0873052 0.033913 
qwerty 9 7 0.257098 0.451369 -0.498719 -1.46514 1.28591 -0.0717952 -0.0478399 -0.0505647 
qwerty 9 7 0.35218 0.0991889 -0.562622 -1.50772 1.24091 -0.0450906 0.0631141 0.0631146 
qwerty 9 7 0.0991889 0 -0.56621 -1.5027 1.24593 -0.0450906 0.0631141 0.0631146 
qwerty 6 2 0.0618353 56.8785 -0.256965 -0.544482 0.459606 -0.0266445 -0.05252 0.0808191 
qwerty 6 2 0.958866 55.9196 -0.410396 -0.846916 0.925 -0.0288505 -0.0557205 0.0778645 
qwerty 6 2 0.839644 52.0512 -0.539343 -1.10883 1.44193 -0.016806 -0.043303 0.0885574 
qwerty 6 2 0.307932 51.7432 -0.569341 -1.18613 1.6 -0.0169872 -0.0444304 0.0879623 
qwerty 6 2 0.991524 41.3118 -0.634224 -1.58782 2.275 -0.00608422 -0.047374 0.0878561 
qwerty 6 2 0.428942 30.4395 -0.557466 -1.6635 2.72424 0.0250027 -0.0123685 0.0960307 
qwerty 6 2 0.33075 30.1087 -0.498686 -1.69258 2.95 0.022809 -0.0109509 0.0967462 
qwerty 6 2 0.227052 26.1573 -0.385173 -1.80534 3.2606 0.0265674 -0.0463467 0.0845349 
qwerty 6 2 0.7627 25.3946 -0.270651 -2.00513 3.625 0.0264243 -0.0488684 0.0831483 
qwerty 6 2 0.809935 17.8886 -0.29911 -2.17055 4.3 -0.0151245 -0.0288951 0.0945321 
qwerty 6 2 1.10616 11.7696 -0.0648409 -1.88083 4.975 0.0337632 0.0512416 0.0789579 
qwerty 51 6 0.70418 2.04273 0.0282227 -2.06217 4.15562 0.057195 0.00518113 0.081865 
qwerty 51 6 0.251301 1.79143 0.129095 -2.05303 4.3 0.0482627 0.00908737 0.0871099 
qwerty 44 6 0.358121 0.919403 -0.60699 -1.5684 2.85051 -0.0122393 0.0479518 0.0868955 
qwerty 44 6 0.338766 0.580637 -0.621003 -1.51349 2.95 0.044855 -0.0126852 0.088471 
qwerty 44 6 0.0266539 0.499489 -0.606444 -1.52423 2.93791 0.0702384 -0.0551391 -0.045014 
qwerty 44 6 0.0662265 0.433262 -0.590035 -1.53347 2.93295 0.079841 -0.0463766 -0.0384009 
qwerty 44 6 0.0262367 0.407026 -0.578242 -1.54118 2.92206 0.0635256 -0.0494482 -0.0593243 
qwerty 44 6 0.0347709 0.372255 -0.564544 -1.54626 2.91195 0.0752909 -0.0234504 0.0614928 
qwerty 44 6 0.0677473 0.304507 -0.549984 -1.5527 2.92578 0.06031 -0.0293874 0.0741558 
qwerty 44 6 0.0326609 0.271846 -0.54077 -1.5519 2.93942 0.0403518 -0.0336671 0.085078 
qwerty 44 6 0.0359928 0.235854 -0.535751 -1.55609 2.95 0.0742534 -0.00933303 0.0663274 
qwerty 4 3 0.460211 165.044 0.243333 0.509894 2.02665 0.0128595 0.0246395 0.09606 
qwerty 4 3 0.587029 164.457 0.276579 0.573597 2.275 0.0130341 0.0248698 0.0959771 
qwerty 4 3 0.434668 158.455 0.356089 0.703363 2.68405 0.0188579 0.0305167 0.093344 
qwerty 4 3 0.537443 157.918 0.409819 0.790311 2.95 0.0187677 0.0302248 0.0934571 
qwerty 4 3 0.778801 149.451 0.551467 0.97576 3.625 0.0195131 0.0234822 0.0952251 
qwerty 4 3 0.878222 67.1741 0.681154 1.12542 4.3 0.0183284 0.0184038 0.096568 
qwerty 4 3 0.803215 53.6436 0.693802 1.0138 4.975 -0.00361009 -0.0208183 0.0977424 
qwerty 4 3 0.836063 45.6034 0.750588 0.844269 5.65 0.0134503 -0.0247098 0.095961 
qwerty 4 3 0.0655397 23.2917 0.769128 0.799212 5.86939 0.00902225 -0.030488 0.0948108 
qwerty 4 3 0.744591 22.5471 0.812485 0.652702 6.325 0.00401628 -0.0266075 0.0963115 
qwerty 4 3 0.352375 18.9182 0.784102 0.508162 6.67509 -0.0123261 -0.048056 0.0868256 
qwerty 4 3 0.945493 17.9727 0.737977 0.328332 7 -0.00921766 -0.0446537 0.0890005 
qwerty 4 3 1.49287 9.37304 -0.0432212 0.0841837 7.64912 -0.0738954 -0.00213346 0.0673418 
qwerty 4 3 0.0449559 9.32808 -0.0716222 0.0833637 7.675 -0.0739785 -0.00236342 0.0672428 
qwerty 4 3 0.975965 3.053 -0.425234 0.299333 8.35 0.00826573 0.0503659 0.0859939 
qwerty 80 4 0.245886 0.943975 -0.146479 0.00417736 7.66026 -0.030197 -0.0597825 0.0742576 
qwerty 80 4 0.0331317 0.910843 -0.152474 -0.00769066 7.675 -0.0179678 -0.0549875 0.0815692 
qwerty 74 4 0.0693978 0.2405 0.794088 0.783916 5.86771 0.0817753 -0.0227918 0.052852 
qwerty 74 4 0.054836 0.185664 0.812176 0.769731 5.87465 -0.071819 -0.06867 0.0112458 
qwerty 74 4 0.185664 0 0.795816 0.754089 5.87721 -0.071819 -0.06867 0.0112458 
qwerty 83 4 0 0.216099 0.142177 0.528846 8.94426 0.0677515 -0.0408568 0.0611592 
qwerty 83 4 0 0.216099 0.231622 0.474907 9.025 0.0677515 -0.0408568 0.0611592 
qwerty 84 83 0.0258684 0 0.142304 0.529574 8.94434 0.0169723 0.0978732 0.0115232 
qwerty 82 4 0 0.878069 -0.575665 0.166408 8.35 -0.0435417 0.0168923 0.0884238 
qwerty 82 4 0 0.878069 -0.908049 0.295358 9.025 -0.0435417 0.0168923 0.0884238 
qwerty 82 4 0 0.878069 -1.24043 0.424309 9.7 -0.0435417 0.0168923 0.0884238 
qwerty 82 4 0 0.878069 -1.57282 0.553259 10.375 -0.0435417 0.0168923 0.0884238 
qwerty 82 4 0 0.878069 -1.9052 0.682209 11.05 -0.0435417 0.0168923 0.0884238 
qwerty 82 4 0 0.878069 -2.23759 0.811159 11.725 -0.0435417 0.0168923 0.0884238 
qwerty 82 4 0 0.840818 -2.45755 0.858507 12.3669 -0.0184598 0.00704517 0.0980286 
qwerty 82 4 0 0.840818 -2.46379 0.860887 12.4 -0.0184598 0.00704517 0.0980286 
qwerty 82 4 0 0.840818 -2.5909 0.909398 13.075 -0.0184598 0.00704517 0.0980286 
qwerty 82 4 0 0.840818 -2.71801 0.957909 13.75 -0.0184598 0.00704517 0.0980286 
qwerty 82 4 0 0.840818 -2.84875 1.02141 14.425 -0.0190964 0.00993766 0.0976554 
qwerty 82 4 0 0.840818 -2.98074 1.0901 15.1 -0.0190964 0.00993766 0.0976554 
qwerty 82 4 0 0.840818 -3.11274 1.15879 15.775 -0.0190964 0.00993766 0.0976554 
qwerty 82 4 0 0.840818 -3.20547 1.2221 16.45 -0.0116561 0.00901194 0.0989086 
qwerty 82 4 0 0.840818 -3.28501 1.2836 17.125 -0.0116561 0.00901194 0.0989086 
qwerty 82 4 0 0.685399 -3.34144 1.32722 17.6038 -0.0493059 -0.0242033 0.0835651 
qwerty 82 4 0 0.685399 -3.45719 1.2704 17.8 -0.0493059 -0.0242033 0.0835651 
qwerty 82 4 0 0.685399 -3.75 1.12667 18.2963 -0.0493059 -0.0242033 0.0835651 
qwerty 82 4 0 0.685399 -3.85546 1.0749 18.475 -0.0493059 -0.0242033 0.0835651 
qwerty 88 82 0.155419 0 -3.33191 1.33683 17.6141 0.0560891 0.0564928 0.0605192 
qwerty 87 82 0.0102757 0 -2.45769 0.858484 12.3669 -0.0978055 -0.0160614 -0.0132711 
qwerty 81 4 0 0.296216 -1.91764 -0.898911 8.35 -0.0821287 -0.0488458 0.0294783 
qwerty 79 4 0 0.341623 0.20014 0.126184 7.50035 -0.0382341 0.0873884 -0.0300236 
qwerty 79 4 0 0.341623 -0.21419 1.07318 7.175 -0.0382341 0.0873884 -0.0300236 
qwerty 92 79 0.191304 0.623144 0.141998 0.124814 7.59376 0.0540086 -0.0180217 0.0822088 
qwerty 92 79 0.103888 0.519256 0.182437 0.124148 7.63184 0.0887334 -0.00832926 0.0453542 
qwerty 92 79 0.0738251 0.445431 0.221739 0.124796 7.65478 0.0746075 -0.0658241 -0.0100451 
qwerty 92 79 0.0875807 0.35785 0.255508 0.102825 7.63546 0.0325145 -0.0669985 -0.0667383 
qwerty 92 79 0.135771 0.222079 0.26269 0.0651473 7.6121 -0.0624534 -0.0780998 -1.29689e-05 
qwerty 92 79 0.222079 0 0.243682 0.0413776 7.6121 -0.0624534 -0.0780998 -1.29689e-05 
qwerty 77 4 0 1.03045 0.433573 0.0730715 7.675 -0.0391404 -0.0310012 0.0866427 
qwerty 77 4 0 1.03045 0.128645 -0.168447 8.35 -0.0391404 -0.0310012 0.0866427 
qwerty 77 4 0 1.03045 -0.176283 -0.409966 9.025 -0.0391404 -0.0310012 0.0866427 
qwerty 77 4 0 0.667888 0.00593675 -0.542534 9.7 0.0325242 -0.0166288 0.0930895 
qwerty 77 4 0 0.667888 0.241773 -0.663111 10.375 0.0325242 -0.0166288 0.0930895 
qwerty 77 4 0 0.667888 0.477608 -0.783688 11.05 0.0325242 -0.0166288 0.0930895 
qwerty 77 4 0 0.667888 0.713444 -0.904265 11.725 0.0325242 -0.0166288 0.0930895 
qwerty 76 4 0 0.108934 0.761625 0.403284 6.85848 0.0362901 0.0931826 0.000150042 
qwerty 76 4 0 0.108934 1.09138 1.25 6.85984 0.0362901 0.0931826 0.000150042 
qwerty 76 4 0 0.0839839 1.96997 3.50596 6.86347 -0.0596508 -0.0188792 -0.0780087 
qwerty 76 4 0 0.0839839 1.69203 3.418 6.5 -0.0596508 -0.0188792 -0.0780087 
qwerty 99 76 0.0249497 0 1.97035 3.50647 6.86376 0.0554567 0.0726164 0.0406374 
qwerty 98 76 0.0510626 0 0.761023 0.401358 6.85995 -0.0241198 -0.0771065 0.0589307 
qwerty 75 4 0 0.703784 0.811963 0.529404 7 -0.000138284 -0.0155205 0.0987881 
qwerty 75 4 0 0.703784 0.811018 0.423355 7.675 -0.000138284 -0.0155205 0.0987881 
qwerty 75 4 0 0.703784 0.810073 0.317307 8.35 -0.000138284 -0.0155205 0.0987881 
qwerty 75 4 0 0.409851 1.25 -0.502595 8.79263 0.0447852 -0.0819743 0.0357001 
qwerty 75 4 0 0.409851 1.5415 -1.03616 9.025 0.0447852 -0.0819743 0.0357001 
qwerty 75 4 0 0.409851 2.38828 -2.58609 9.7 0.0447852 -0.0819743 0.0357001 
qwerty 73 4 0 19.4273 0.76139 0.722991 6.325 0.00071588 -0.017781 0.0984039 
qwerty 73 4 0 19.4273 0.766301 0.601023 7 0.00071588 -0.017781 0.0984039 
qwerty 73 4 0 19.4273 0.771211 0.479055 7.675 0.00071588 -0.017781 0.0984039 
qwerty 73 4 0 19.4273 0.776122 0.357087 8.35 0.00071588 -0.017781 0.0984039 
qwerty 73 4 0 19.4273 0.781033 0.235118 9.025 0.00071588 -0.017781 0.0984039 
qwerty 73 4 0 19.4273 0.785943 0.11315 9.7 0.00071588 -0.017781 0.0984039 
qwerty 73 4 0 19.4273 0.790854 -0.00881802 10.375 0.00071588 -0.017781 0.0984039 
qwerty 73 4 0 19.4273 0.795764 -0.130786 11.05 0.00071588 -0.017781 0.0984039 
qwerty 73 4 0 19.4273 0.800675 -0.252754 11.725 0.00071588 -0.017781 0.0984039 
qwerty 73 4 0 19.4273 0.805585 -0.374723 12.4 0.00071588 -0.017781 0.0984039 
qwerty 73 4 0 19.4273 0.810496 -0.496691 13.075 0.00071588 -0.017781 0.0984039 
qwerty 105 73 0.195576 8.0467 0.881851 -0.430374 13.3541 0.061329 0.0448137 0.0650422 
qwerty 105 73 1.12049 6.92621 1.25519 -0.157569 13.75 0.0675515 0.0434952 0.0595396 
qwerty 108 105 0 4.21516 1.85694 -1.61023 14.425 0.0332095 -0.0863698 0.037913 
qwerty 108 105 0 4.21516 2.4482 -3.14795 15.1 0.0332095 -0.0863698 0.037913 
qwerty 107 105 0 0.212571 1.32451 -0.114928 13.75 0.0658252 0.0469078 0.0588787 
qwerty 107 105 0 0.212571 2.07915 0.422835 14.425 0.0658252 0.0469078 0.0588787 
qwerty 107 105 0 0.212571 2.83379 0.960599 15.1 0.0658252 0.0469078 0.0588787 
qwerty 72 4 0 3.77303 0.735278 0.862096 5.57937 0.00661793 -0.0150418 0.0986405 
qwerty 72 4 0 3.77303 0.740016 0.851326 5.65 0.00661793 -0.0150418 0.0986405 
qwerty 72 4 0 3.77303 0.785303 0.748394 6.325 0.00661793 -0.0150418 0.0986405 
qwerty 118 72 0.107496 0.18129 0.755789 0.84066 5.6027 0.0967455 -0.0248899 0.00456113 
qwerty 118 72 0.18129 0 0.776983 0.835207 5.6037 0.0967455 -0.0248899 0.00456113 
qwerty 71 4 0 0.670015 0.704081 0.895259 5.65 0.00204523 -0.0175368 0.0984291 
qwerty 71 4 0 0.670015 0.718107 0.774997 6.325 0.00204523 -0.0175368 0.0984291 
qwerty 71 4 0 0.670015 0.732133 0.654734 7 0.00204523 -0.0175368 0.0984291 
qwerty 71 4 0 0.670015 0.746158 0.534472 7.675 0.00204523 -0.0175368 0.0984291 
qwerty 71 4 0 0.670015 0.760184 0.414209 8.35 0.00204523 -0.0175368 0.0984291 
qwerty 71 4 0 0.670015 0.77421 0.293947 9.025 0.00204523 -0.0175368 0.0984291 
qwerty 71 4 0 0.670015 0.788235 0.173684 9.7 0.00204523 -0.0175368 0.0984291 
qwerty 71 4 0 0.670015 0.802261 0.0534218 10.375 0.00204523 -0.0175368 0.0984291 
qwerty 71 4 0 0.670015 0.816286 -0.0668407 11.05 0.00204523 -0.0175368 0.0984291 
qwerty 71 4 0 0.670015 0.830312 -0.187103 11.725 0.00204523 -0.0175368 0.0984291 
qwerty 71 4 0 0.670015 0.844338 -0.307366 12.4 0.00204523 -0.0175368 0.0984291 
qwerty 71 4 0 0.670015 0.858363 -0.427628 13.075 0.00204523 -0.0175368 0.0984291 
qwerty 71 4 0 0.357802 1.4115 0.577917 13.75 0.0421387 0.0775983 0.0469345 
qwerty 69 4 0 10.4659 0.770303 1.19461 4.975 0.012598 0.00950952 0.0987464 
qwerty 69 4 0 10.4659 0.843679 1.25 5.55014 0.012598 0.00950952 0.0987464 
qwerty 69 4 0 10.4659 0.856419 1.25962 5.65 0.012598 0.00950952 0.0987464 
qwerty 69 4 0 10.4659 0.942535 1.32462 6.325 0.012598 0.00950952 0.0987464 
qwerty 69 4 0 10.4659 1.02865 1.38962 7 0.012598 0.00950952 0.0987464 
qwerty 69 4 0 10.4659 1.11477 1.45463 7.675 0.012598 0.00950952 0.0987464 
qwerty 69 4 0 10.4659 1.20088 1.51963 8.35 0.012598 0.00950952 0.0987464 
qwerty 69 4 0 10.4659 1.25 1.55671 8.735 0.012598 0.00950952 0.0987464 
qwerty 69 4 0 10.4659 1.287 1.58464 9.025 0.012598 0.00950952 0.0987464 
qwerty 69 4 0 10.4659 1.37311 1.64964 9.7 0.012598 0.00950952 0.0987464 
qwerty 69 4 0 10.4659 1.45923 1.71465 10.375 0.012598 0.00950952 0.0987464 
qwerty 69 4 0 10.4659 1.54534 1.77965 11.05 0.012598 0.00950952 0.0987464 
qwerty 69 4 0 10.4659 1.63146 1.84465 11.725 0.012598 0.00950952 0.0987464 
qwerty 69 4 0 10.4659 1.71758 1.90966 12.4 0.012598 0.00950952 0.0987464 
qwerty 69 4 0 10.4659 1.80369 1.97466 13.075 0.012598 0.00950952 0.0987464 
qwerty 69 4 0 10.4659 1.88981 2.03967 13.75 0.012598 0.00950952 0.0987464 
qwerty 69 4 0 10.4659 1.97592 2.10467 14.425 0.012598 0.00950952 0.0987464 
qwerty 69 4 0 10.4659 2.06204 2.16967 15.1 0.012598 0.00950952 0.0987464 
qwerty 127 125 0 0.2507 2.06493 2.06973 15.775 0.00259279 -0.0126299 0.0991653 
qwerty 68 4 0 62.3933 0.689429 1.16226 4.3 0.0194201 0.0265866 0.0944246 
qwerty 68 4 0 62.3933 0.828255 1.35232 4.975 0.0194201 0.0265866 0.0944246 
qwerty 68 4 0 62.3933 0.96708 1.54237 5.65 0.0194201 0.0265866 0.0944246 
qwerty 68 4 0 62.3933 1.10591 1.73243 6.325 0.0194201 0.0265866 0.0944246 
qwerty 68 4 0 62.3933 1.24473 1.92248 7 0.0194201 0.0265866 0.0944246 
qwerty 68 4 0 62.3933 1.38356 2.11254 7.675 0.0194201 0.0265866 0.0944246 
qwerty 67 4 0 16.0703 0.66837 1.13853 4.3 0.016412 0.0231575 0.0958873 
qwerty 67 4 0 16.0703 0.783902 1.30154 4.975 0.016412 0.0231575 0.0958873 
qwerty 67 4 0 16.0703 0.899435 1.46456 5.65 0.016412 0.0231575 0.0958873 
qwerty 67 4 0 16.0703 1.01497 1.62758 6.325 0.016412 0.0231575 0.0958873 
qwerty 67 4 0 16.0703 1.1305 1.7906 7 0.016412 0.0231575 0.0958873 
qwerty 67 4 0 16.0703 1.24603 1.95361 7.675 0.016412 0.0231575 0.0958873 
qwerty 67 4 0 16.0703 1.36157 2.11663 8.35 0.016412 0.0231575 0.0958873 
qwerty 67 4 0 16.0703 1.4771 2.27965 9.025 0.016412 0.0231575 0.0958873 
qwerty 67 4 0 16.0703 1.59263 2.44267 9.7 0.016412 0.0231575 0.0958873 
qwerty 67 4 0 16.0703 1.70816 2.60568 10.375 0.016412 0.0231575 0.0958873 
qwerty 67 4 0 16.0703 1.8237 2.7687 11.05 0.016412 0.0231575 0.0958873 
qwerty 67 4 0 16.0703 1.93923 2.93172 11.725 0.016412 0.0231575 0.0958873 
qwerty 133 67 0.991682 6.11876 1.94475 3.26666 12.4 0.00948055 0.0635285 0.0766436 
qwerty 136 133 0 1.75175 1.25 3.3543 12.7064 -0.0942218 0.0135988 0.0306159 
qwerty 136 133 0 1.75175 0.115625 3.51802 13.075 -0.0942218 0.0135988 0.0306159 
qwerty 135 133 0 1.52646 2.10292 3.19099 12.4 0.025584 0.0364923 0.0895197 
qwerty 135 133 0 1.52646 2.29583 3.46615 13.075 0.025584 0.0364923 0.0895197 
qwerty 135 133 0 1.52646 2.48874 3.74131 13.75 0.025584 0.0364923 0.0895197 
qwerty 135 133 0 1.52646 2.68165 4.01647 14.425 0.025584 0.0364923 0.0895197 
qwerty 135 133 0 1.52646 2.87456 4.29163 15.1 0.025584 0.0364923 0.0895197 
qwerty 135 133 0 1.52646 3.06747 4.56679 15.775 0.025584 0.0364923 0.0895197 
qwerty 135 133 0 1.52646 3.26038 4.84195 16.45 0.025584 0.0364923 0.0895197 
qwerty 135 133 0 1.52646 3.45329 5.11711 17.125 0.025584 0.0364923 0.0895197 
qwerty 135 133 0 1.52646 3.6462 5.39227 17.8 0.025584 0.0364923 0.0895197 
qwerty 135 133 0 1.52646 3.75 5.54033 18.1632 0.025584 0.0364923 0.0895197 
qwerty 135 133 0 1.52646 3.83911 5.66743 18.475 0.025584 0.0364923 0.0895197 
qwerty 135 133 0 1.52646 4.03202 5.94259 19.15 0.025584 0.0364923 0.0895197 
qwerty 135 133 0 1.52646 4.22493 6.21775 19.825 0.025584 0.0364923 0.0895197 
qwerty 135 133 0 1.52646 4.41783 6.49291 20.5 0.025584 0.0364923 0.0895197 
qwerty 135 133 0 1.52646 4.61074 6.76807 21.175 0.025584 0.0364923 0.0895197 
qwerty 135 133 0 1.52646 4.80365 7.04323 21.85 0.025584 0.0364923 0.0895197 
qwerty 135 133 0 1.52646 4.99656 7.31839 22.525 0.025584 0.0364923 0.0895197 
qwerty 135 133 0 1.52646 5.18947 7.59355 23.2 0.025584 0.0364923 0.0895197 
qwerty 135 133 0 0.807314 5.27145 7.45257 23.875 0.00614886 -0.0382008 0.0922111 
qwerty 135 133 0 0.31314 2.3485 8.20859 24.55 -0.094898 0.0263281 0.0173553 
qwerty 135 133 0 0.302547 1.25 9.02277 24.785 -0.0487751 0.0861475 0.0141278 
qwerty 135 133 0 0.302547 -0.269132 11.7059 25.225 -0.0487751 0.0861475 0.0141278 
qwerty 142 135 0.0394373 0.604333 5.21649 7.67638 23.3814 -0.0758668 0.0651233 -0.00178317 
qwerty 142 135 0.065495 0.538838 5.19688 7.69578 23.3864 -0.0675234 0.0736146 0.00463339 
qwerty 142 135 0.0527948 0.486043 5.18147 7.71907 23.3923 -0.0599738 0.0501291 0.0623716 
qwerty 142 135 0.0483215 0.437721 5.16004 7.72993 23.403 -0.0791761 -0.00166851 0.0610603 
qwerty 142 135 0.0699833 0.367738 5.14279 7.72364 23.4234 -0.0789484 -0.0325043 0.0520637 
qwerty 142 135 0.0603863 0.307352 5.12095 7.72439 23.4388 -0.0569371 0.00354439 0.0821316 
qwerty 142 135 0.145108 0.162244 5.11925 7.72847 23.4792 -0.055499 0.0367082 0.0746483 
qwerty 142 135 0.162244 0 5.10912 7.73517 23.4928 -0.055499 0.0367082 0.0746483 
qwerty 64 4 0 4.08232 0.545976 0.992782 3.625 0.0189717 0.0281912 0.0940496 
qwerty 64 4 0 4.08232 0.682137 1.19511 4.3 0.0189717 0.0281912 0.0940496 
qwerty 64 4 0 4.08232 0.818298 1.39744 4.975 0.0189717 0.0281912 0.0940496 
qwerty 64 4 0 4.08232 0.954459 1.59977 5.65 0.0189717 0.0281912 0.0940496 
qwerty 64 4 0 4.08232 1.09062 1.8021 6.325 0.0189717 0.0281912 0.0940496 
qwerty 64 4 0 4.08232 1.22678 2.00443 7 0.0189717 0.0281912 0.0940496 
qwerty 64 4 0 4.08232 1.36294 2.20676 7.675 0.0189717 0.0281912 0.0940496 
qwerty 63 4 0 0.211584 0.548472 0.997984 3.625 0.0192699 0.0288486 0.0937893 
qwerty 62 4 0 0.99636 0.409801 0.788198 2.95 0.0188942 0.0298423 0.0935545 
qwerty 62 4 0 0.99636 0.546123 1.00351 3.625 0.0188942 0.0298423 0.0935545 
qwerty 62 4 0 0.99636 0.682445 1.21882 4.3 0.0188942 0.0298423 0.0935545 
qwerty 62 4 0 0.99636 0.818767 1.43414 4.975 0.0188942 0.0298423 0.0935545 
qwerty 62 4 0 0.99636 0.955089 1.64945 5.65 0.0188942 0.0298423 0.0935545 
qwerty 62 4 0 0.99636 1.09141 1.86477 6.325 0.0188942 0.0298423 0.0935545 
qwerty 62 4 0 0.854323 1.52895 2.1848 7 0.0547998 0.037636 0.0747028 
qwerty 62 4 0 0.854323 2.02411 2.52487 7.675 0.0547998 0.037636 0.0747028 
qwerty 62 4 0 0.854323 2.51927 2.86495 8.35 0.0547998 0.037636 0.0747028 
qwerty 62 4 0 0.714212 2.60494 3.25766 9.025 0.00939342 0.0502111 0.0859686 
qwerty 62 4 0 0.714212 2.67869 3.6519 9.7 0.00939342 0.0502111 0.0859686 
qwerty 62 4 0 0.714212 2.75245 4.04614 10.375 0.00939342 0.0502111 0.0859686 
qwerty 62 4 0 0.714212 2.8262 4.44038 11.05 0.00939342 0.0502111 0.0859686 
qwerty 62 4 0 0.714212 2.89996 4.83463 11.725 0.00939342 0.0502111 0.0859686 
qwerty 62 4 0 0.714212 2.96574 5.22242 12.4 0.00811045 0.0494537 0.0865364 
qwerty 62 4 0 0.714212 3.02901 5.60817 13.075 0.00811045 0.0494537 0.0865364 
qwerty 61 4 0 2.49178 0.405568 0.790274 2.95 0.0180243 0.0303675 0.0935572 
qwerty 60 4 0 2.85813 0.275369 0.5732 2.275 0.0124032 0.0245099 0.0961531 
qwerty 60 4 0 2.85813 0.36244 0.745261 2.95 0.0124032 0.0245099 0.0961531 
qwerty 60 4 0 2.85813 0.449511 0.917322 3.625 0.0124032 0.0245099 0.0961531 
qwerty 60 4 0 2.85813 0.536582 1.08938 4.3 0.0124032 0.0245099 0.0961531 
qwerty 60 4 0 2.85813 0.623653 1.26144 4.975 0.0124032 0.0245099 0.0961531 
qwerty 60 4 0 1.30472 0.693289 1.39905 5.51484 0.0668713 0.039021 0.0632898 
qwerty 60 4 0 1.30472 0.836098 1.48238 5.65 0.0668713 0.039021 0.0632898 
qwerty 60 4 0 1.30472 1.25 1.72391 6.04173 0.0668713 0.039021 0.0632898 
qwerty 60 4 0 1.30472 1.5493 1.89855 6.325 0.0668713 0.039021 0.0632898 
qwerty 60 4 0 1.30472 2.26249 2.31472 7 0.0668713 0.039021 0.0632898 
qwerty 60 4 0 1.30472 2.97569 2.73089 7.675 0.0668713 0.039021 0.0632898 
qwerty 160 60 0.219071 1.33434 0.656871 1.41251 5.65 0.0152566 -0.0114944 0.0981586 
qwerty 160 60 0 0.752756 0.634206 1.41833 5.65 0.0985752 -0.0167729 0.00126295 
qwerty 160 60 0.0194736 0.430502 0.64251 1.4227 5.63692 -0.0110036 0.0261463 -0.0958921 
qwerty 160 60 0.0243186 0.406184 0.641346 1.4269 5.62807 -0.00429415 0.0471148 -0.0881008 
qwerty 160 60 0.0255594 0.380624 0.639954 1.43623 5.61795 -0.0322721 0.0585021 -0.0744044 
qwerty 160 60 0.0393412 0.341283 0.635131 1.44416 5.6009 0.0278006 0.037997 -0.0882234 
qwerty 160 60 0.0726226 0.268661 0.655257 1.44915 5.57695 0.0718007 0.0472151 -0.0511409 
qwerty 160 60 0.117622 0.151038 0.668376 1.46251 5.54151 0.0470383 0.0711488 -0.0522039 
qwerty 160 60 0.151038 0 0.675999 1.47404 5.53305 0.0470383 0.0711488 -0.0522039 
qwerty 59 51 0 0.575858 0.172712 -2.29468 3.8 0.0109824 -0.0426194 -0.0897941 
qwerty 59 51 0 0.575858 0.255269 -2.61506 3.125 0.0109824 -0.0426194 -0.0897941 
qwerty 59 51 0 0.575858 0.337826 -2.93544 2.45 0.0109824 -0.0426194 -0.0897941 
qwerty 59 51 0 0.563534 0.413192 -3.22791 1.83379 -0.00246407 -0.0294187 -0.095543 
qwerty 59 51 0 0.563534 0.411676 -3.24601 1.775 -0.00246407 -0.0294187 -0.095543 
qwerty 59 51 0 0.563534 0.394268 -3.45385 1.1 -0.00246407 -0.0294187 -0.095543 
qwerty 164 59 0.0123239 0 0.413327 -3.22805 1.83383 0.0683149 -0.0705415 0.0188935 
qwerty 56 6 0 0.510397 1.1474 -2.86967 4.475 0.0714973 -0.0588128 -0.0378047 
qwerty 56 6 0 0.510397 2.21759 -3.75 3.90913 0.0714973 -0.0588128 -0.0378047 
qwerty 56 6 0 0.510397 2.42398 -3.91977 3.8 0.0714973 -0.0588128 -0.0378047 
qwerty 55 6 0 1.00781 -1.82585 -1.60579 5.65 -0.0938484 0.0124284 0.0322181 
qwerty 54 6 0 3.91309 0.217038 -1.40816 5.65 0.0315433 0.053835 0.0781461 
qwerty 54 6 0 3.91309 0.489498 -0.943149 6.325 0.0315433 0.053835 0.0781461 
qwerty 54 6 0 3.91309 0.761958 -0.47814 7 0.0315433 0.053835 0.0781461 
qwerty 54 6 0 3.91309 1.03442 -0.0131314 7.675 0.0315433 0.053835 0.0781461 
qwerty 54 6 0 0.244435 0.697841 -0.167316 7.175 -0.0508548 -0.0298852 -0.0807506 
qwerty 53 6 0 1.74705 0.270459 -1.40587 5.65 0.0379838 0.0533276 0.075587 
qwerty 53 6 0 1.74705 0.609658 -0.929652 6.325 0.0379838 0.0533276 0.075587 
qwerty 53 6 0 1.74705 0.948857 -0.45343 7 0.0379838 0.0533276 0.075587 
qwerty 53 6 0 0.435532 -0.052918 -0.190479 7.675 -0.086354 0.0161516 0.0477715 
qwerty 53 6 0 0.171409 0.132532 -0.200264 7.175 0.0429117 -0.00385915 -0.0902424 
qwerty 53 6 0 0.113114 0.452826 -0.140825 7.675 0.0529984 0.00994669 0.0842154 
qwerty 52 6 0 2.69382 -0.534442 -2.36589 4.975 -0.0326909 -0.0269104 0.0905932 
qwerty 52 6 0 2.69382 -0.778018 -2.5664 5.65 -0.0326909 -0.0269104 0.0905932 
qwerty 52 6 0 2.69382 -1.02159 -2.76691 6.325 -0.0326909 -0.0269104 0.0905932 
qwerty 50 6 0 0.741562 -0.166368 -2.24101 4.3 0.00762027 -0.0389522 0.091786 
qwerty 50 6 0 0.741562 -0.110328 -2.52747 4.975 0.00762027 -0.0389522 0.091786 
qwerty 50 6 0 0.644352 -0.395588 -3.00583 5.65 -0.0325992 -0.0546629 0.0771315 
qwerty 50 6 0 0.644352 -0.680873 -3.4842 6.325 -0.0325992 -0.0546629 0.0771315 
qwerty 50 6 0 0.644352 -0.839389 -3.75 6.70006 -0.0325992 -0.0546629 0.0771315 
qwerty 50 6 0 0.644352 -0.966158 -3.96257 7 -0.0325992 -0.0546629 0.0771315 
qwerty 50 6 0 0.644352 -1.25 -4.43852 7.67159 -0.0325992 -0.0546629 0.0771315 
qwerty 50 6 0 0.644352 -1.25144 -4.44094 7.675 -0.0325992 -0.0546629 0.0771315 
qwerty 50 6 0 0.644352 -1.53673 -4.91931 8.35 -0.0325992 -0.0546629 0.0771315 
qwerty 50 6 0 0.18332 -1.79291 -5.34889 8.95615 0.0364634 0.0614137 -0.0699913 
qwerty 50 6 0 0.107789 -1.66967 -5.14132 8.71959 -0.0376355 -0.0352101 0.0856961 
qwerty 50 6 0 0.107789 -1.8038 -5.2668 9.025 -0.0376355 -0.0352101 0.0856961 
qwerty 181 50 0.0755311 0 -1.66782 -5.13872 8.71578 0.0373061 0.0522842 -0.0766461 
qwerty 180 50 0.0913784 0.369653 -1.81913 -5.37566 8.97686 -0.00841742 -0.0994593 -0.00608257 
qwerty 180 50 0.0560577 0.313595 -1.82005 -5.40186 8.96527 -0.0748443 -0.0408251 -0.0522651 
qwerty 180 50 0.0922028 0.221393 -1.83521 -5.43694 8.9455 -0.0712755 -0.0674025 -0.0194088 
qwerty 180 50 0.221393 0 -1.85679 -5.45735 8.93962 -0.0712755 -0.0674025 -0.0194088 
qwerty 179 50 0 0.0893311 -0.110064 -2.5275 4.975 -0.0719424 0.018794 0.0668661 
qwerty 179 50 0 0.085968 -0.110215 -2.52746 4.975 -0.0494909 -0.0868411 0.00304572 
qwerty 179 50 0.00182792 0.0668758 -0.11028 -2.52736 4.97459 0.00662059 0.0118766 -0.0990713 
qwerty 179 50 0.00143215 0.0654437 -0.110243 -2.52728 4.97415 0.00220873 0.021034 -0.0977379 
qwerty 179 50 0.00212417 0.0633195 -0.110241 -2.52723 4.97362 -0.0089281 0.0180958 -0.097943 
qwerty 179 50 0.00921555 0.054104 -0.1103 -2.52722 4.97288 -0.00618661 0.0419263 -0.0905754 
qwerty 179 50 0.00513131 0.0489727 -0.110865 -2.52658 4.97188 -0.0167418 0.0983216 -0.00725079 
qwerty 179 50 0.0155493 0.0334233 -0.111638 -2.52509 4.97268 -0.053474 0.0822984 0.0191707 
qwerty 179 50 0.0194158 0.0140075 -0.111817 -2.52399 4.97287 -0.00370208 0.0977409 0.0208088 
qwerty 179 50 0.0140075 0 -0.111826 -2.52375 4.97292 -0.00370208 0.0977409 0.0208088 
qwerty 49 6 0 0.291785 -0.281802 -2.25284 4.3 -0.0124584 -0.0403195 0.0906594 
qwerty 48 6 0 0.500902 -0.158284 -2.15539 4.3 0.00897684 -0.0256417 0.0962389 
qwerty 48 6 0 0.235096 -0.73219 -2.85584 3.8 -0.0526827 -0.05931 -0.060884 
qwerty 48 6 0 0.235096 -1.25 -3.43878 3.20158 -0.0526827 -0.05931 -0.060884 
qwerty 48 6 0 0.235096 -1.31626 -3.51338 3.125 -0.0526827 -0.05931 -0.060884 
qwerty 46 6 0 0.289412 -0.306316 -1.93915 3.50397 -0.0173743 -0.0904791 0.0388802 
qwerty 46 6 0 0.289412 -0.3604 -2.2208 3.625 -0.0173743 -0.0904791 0.0388802 
qwerty 189 46 0.00320587 0.11059 -0.362685 -2.22637 3.62471 -0.0660054 0.0554387 -0.0506936 
qwerty 189 46 0.0035565 0.107033 -0.363319 -2.22594 3.62412 -0.0680907 0.0620607 -0.0388861 
qwerty 189 46 0.00419531 0.102838 -0.363884 -2.2253 3.62367 -0.0333662 0.0887712 -0.0317234 
qwerty 189 46 0.00286234 0.0999754 -0.364257 -2.22461 3.62326 -0.0400268 0.0866503 -0.0298258 
qwerty 189 46 0.00540175 0.0945736 -0.364677 -2.22387 3.62279 -0.0360793 0.0890913 -0.0275868 
qwerty 189 46 0.0053409 0.0892327 -0.365468 -2.22263 3.6227 -0.0774617 0.0528994 -0.0346603 
qwerty 189 46 0.0060986 0.0831341 -0.366506 -2.22185 3.62254 -0.07165 0.0694348 -0.00671501 
qwerty 189 46 0.00744675 0.0756874 -0.367522 -2.22096 3.62199 -0.0697955 0.0690211 -0.0190964 
qwerty 189 46 0.00820911 0.0674783 -0.36876 -2.22007 3.62128 -0.0591603 0.0702365 -0.039584 
qwerty 189 46 0.0115293 0.055949 -0.369627 -2.21827 3.62054 -0.0293559 -0.0860891 0.0415559 
qwerty 189 46 0.0143997 0.0415494 -0.369432 -2.22033 3.62119 -0.00841239 -0.0991305 -0.0101176 
qwerty 189 46 0.0415494 0 -0.369578 -2.22205 3.62102 -0.00841239 -0.0991305 -0.0101176 
qwerty 188 46 0.059329 0 -0.304446 -1.93786 3.5063 0.0574601 0.0395726 0.0716405 
qwerty 45 6 0 0.190979 -0.288347 -1.93987 3.625 0.0256434 -0.0369119 0.0893304 
qwerty 43 6 0 0.211767 -0.599694 -1.63453 2.54508 0.0767682 0.0238812 0.059467 
qwerty 43 6 0 0.211767 -0.0769721 -1.47192 2.95 0.0767682 0.0238812 0.059467 
qwerty 191 43 0.0289579 0 -0.600345 -1.63479 2.54567 -0.0714541 -0.0280799 0.0640767 
qwerty 42 6 0 0.432446 -0.444731 -1.63381 2.95 0.0311412 0.000806803 0.0950241 
qwerty 41 6 0 5.3903 -0.431485 -1.65086 2.95 0.0331233 -0.00208962 0.0943318 
qwerty 41 6 0 5.3903 -0.194469 -1.66581 3.625 0.0331233 -0.00208962 0.0943318 
qwerty 41 6 0 5.3903 0.0425484 -1.68076 4.3 0.0331233 -0.00208962 0.0943318 
qwerty 41 6 0 5.3903 0.279565 -1.69571 4.975 0.0331233 -0.00208962 0.0943318 
qwerty 41 6 0 5.3903 0.516582 -1.71067 5.65 0.0331233 -0.00208962 0.0943318 
qwerty 41 6 0 5.3903 0.753599 -1.72562 6.325 0.0331233 -0.00208962 0.0943318 
qwerty 41 6 0 5.3903 0.990616 -1.74057 7 0.0331233 -0.00208962 0.0943318 
qwerty 41 6 0 5.3903 1.22763 -1.75552 7.675 0.0331233 -0.00208962 0.0943318 
qwerty 41 6 0 5.3903 1.46465 -1.77048 8.35 0.0331233 -0.00208962 0.0943318 
qwerty 41 6 0 5.3903 1.70167 -1.78543 9.025 0.0331233 -0.00208962 0.0943318 
qwerty 41 6 0 5.3903 1.93868 -1.80038 9.7 0.0331233 -0.00208962 0.0943318 
qwerty 41 6 0 5.3903 2.1757 -1.81533 10.375 0.0331233 -0.00208962 0.0943318 
qwerty 41 6 0 5.3903 2.41272 -1.83029 11.05 0.0331233 -0.00208962 0.0943318 
qwerty 41 6 0 5.3903 2.64973 -1.84524 11.725 0.0331233 -0.00208962 0.0943318 
qwerty 41 6 0 5.3903 2.88675 -1.86019 12.4 0.0331233 -0.00208962 0.0943318 
qwerty 41 6 0 5.3903 3.12377 -1.87514 13.075 0.0331233 -0.00208962 0.0943318 
qwerty 41 6 0 5.3903 3.36079 -1.8901 13.75 0.0331233 -0.00208962 0.0943318 
qwerty 41 6 0 5.3903 3.5978 -1.90505 14.425 0.0331233 -0.00208962 0.0943318 
qwerty 41 6 0 5.3903 3.83482 -1.92 15.1 0.0331233 -0.00208962 0.0943318 
qwerty 41 6 0 5.3903 4.07184 -1.93495 15.775 0.0331233 -0.00208962 0.0943318 
qwerty 41 6 0 5.3903 4.30885 -1.94991 16.45 0.0331233 -0.00208962 0.0943318 
qwerty 41 6 0 5.3903 4.54587 -1.96486 17.125 0.0331233 -0.00208962 0.0943318 
qwerty 41 6 0 5.3903 4.78289 -1.97981 17.8 0.0331233 -0.00208962 0.0943318 
qwerty 41 6 0 5.3903 5.0199 -1.99476 18.475 0.0331233 -0.00208962 0.0943318 
qwerty 41 6 0 5.3903 5.25692 -2.00971 19.15 0.0331233 -0.00208962 0.0943318 
qwerty 41 6 0 5.3903 5.49394 -2.02467 19.825 0.0331233 -0.00208962 0.0943318 
qwerty 41 6 0 5.3903 5.73096 -2.03962 20.5 0.0331233 -0.00208962 0.0943318 
qwerty 41 6 0 5.3903 5.96797 -2.05457 21.175 0.0331233 -0.00208962 0.0943318 
qwerty 41 6 0 5.3903 6.20499 -2.06952 21.85 0.0331233 -0.00208962 0.0943318 
qwerty 41 6 0 0.358322 6.39962 -2.0818 22.4043 0.00312843 0.0939407 -0.0341373 
qwerty 41 6 0 0.209161 6.42031 -1.46054 22.1785 0.0953349 -0.0145877 -0.0264284 
qwerty 41 6 0 0.209161 6.97411 -1.54528 22.025 0.0953349 -0.0145877 -0.0264284 
qwerty 197 41 0.14916 0 6.41316 -1.4466 22.176 -0.0450268 0.0878367 -0.0160406 
qwerty 196 41 0.1838 4.84818 6.44075 -2.09222 22.525 0.0256326 -0.0101225 0.0961275 
qwerty 200 196 0 0.447393 5.72471 -1.42463 23.2 -0.070212 0.0509941 0.0496978 
qwerty 40 6 0 0.706102 -0.603304 -1.93986 2.95 0.00425739 -0.0460737 0.0886515 
qwerty 39 6 0 0.444411 -0.623848 -1.60779 2.275 -0.00544707 -0.0543583 0.0837586 
qwerty 38 6 0 4.13689 -0.661154 -1.57837 2.275 -0.0112725 -0.0507959 0.0853974 
qwerty 38 6 0 4.13689 -0.750255 -1.97988 2.95 -0.0112725 -0.0507959 0.0853974 
qwerty 38 6 0 4.13689 -0.839355 -2.38138 3.625 -0.0112725 -0.0507959 0.0853974 
qwerty 38 6 0 4.13689 -0.928456 -2.78288 4.3 -0.0112725 -0.0507959 0.0853974 
qwerty 38 6 0 4.13689 -1.01756 -3.18438 4.975 -0.0112725 -0.0507959 0.0853974 
qwerty 38 6 0 4.13689 -1.10666 -3.58588 5.65 -0.0112725 -0.0507959 0.0853974 
qwerty 37 6 0 1.46338 -0.639105 -1.60482 2.275 -0.00740259 -0.0537909 0.0839746 
qwerty 37 6 0 1.46338 -0.698608 -2.0372 2.95 -0.00740259 -0.0537909 0.0839746 
qwerty 37 6 0 1.46338 -0.758111 -2.46958 3.625 -0.00740259 -0.0537909 0.0839746 
qwerty 37 6 0 1.46338 -0.817614 -2.90196 4.3 -0.00740259 -0.0537909 0.0839746 
qwerty 37 6 0 1.46338 -0.877118 -3.33434 4.975 -0.00740259 -0.0537909 0.0839746 
qwerty 37 6 0 1.46338 -0.93432 -3.75 5.62391 -0.00740259 -0.0537909 0.0839746 
qwerty 37 6 0 1.46338 -0.936621 -3.76671 5.65 -0.00740259 -0.0537909 0.0839746 
qwerty 37 6 0 1.46338 -0.996124 -4.19909 6.325 -0.00740259 -0.0537909 0.0839746 
qwerty 37 6 0 1.46338 -1.05563 -4.63147 7 -0.00740259 -0.0537909 0.0839746 
qwerty 37 6 0 1.46338 -1.11513 -5.06385 7.675 -0.00740259 -0.0537909 0.0839746 
qwerty 37 6 0 0.749984 -1.14938 -5.31273 8.06352 -0.0391262 0.0210775 0.0895817 
qwerty 37 6 0 0.749984 -1.2745 -5.24532 8.35 -0.0391262 0.0210775 0.0895817 
qwerty 37 6 0 0.749984 -1.56932 -5.0865 9.025 -0.0391262 0.0210775 0.0895817 
qwerty 37 6 0 0.749984 -1.86414 -4.92768 9.7 -0.0391262 0.0210775 0.0895817 
qwerty 37 6 0 0.350804 -2.48221 -3.75 9.53275 -0.0452371 0.0878528 -0.0153458 
qwerty 37 6 0 0.350804 -3.4631 -1.84505 9.2 -0.0452371 0.0878528 -0.0153458 
qwerty 208 37 0.306486 0.406909 -1.16551 -5.4545 8.0691 -0.0367137 -0.088997 0.0270489 
qwerty 208 37 0.298737 0.108172 -1.19391 -5.52334 8.09002 -0.0525876 -0.0749804 0.0401558 
qwerty 208 37 0.108172 0 -1.19876 -5.53026 8.09373 -0.0525876 -0.0749804 0.0401558 
qwerty 36 6 0 0.409598 -0.630757 -1.58007 2.275 -0.0063462 -0.0512599 0.085628 
qwerty 36 6 0 0.182531 -0.137064 -1.77922 1.775 0.0651688 -0.0217653 -0.0726588 
qwerty 35 6 0.00029101 0 -0.541415 -1.11146 1.44876 -0.0272421 -0.0344526 0.0898381 
qwerty 213 35 0.00638403 0 -0.541376 -1.11142 1.44873 0.0636658 0.060211 -0.0481799 
qwerty 33 6 0 0.712868 -0.412092 -0.848656 0.925 -0.0268751 -0.0526968 0.0806274 
qwerty 33 6 0 0.712868 -0.616775 -1.25 1.53907 -0.0268751 -0.0526968 0.0806274 
qwerty 33 6 0 0.712868 -0.637086 -1.28982 1.6 -0.0268751 -0.0526968 0.0806274 
qwerty 33 6 0 0.712868 -0.86208 -1.73099 2.275 -0.0268751 -0.0526968 0.0806274 
qwerty 32 5 0 0.230311 2.97533 4.99492 5.46329 -0.0841483 0.0115962 0.0527692 
qwerty 32 5 0 0.230311 2.6776 5.03595 5.65 -0.0841483 0.0115962 0.0527692 
qwerty 32 5 0 0.208187 2.11327 4.58685 6.325 -0.0546274 -0.0484138 0.0683517 
qwerty 218 32 0.280688 0 3.01346 4.98041 5.48002 0.0864815 -0.0328974 0.0379302 
qwerty 31 5 0 0.510999 2.0483 5.47998 4.475 -0.0644114 0.0337026 -0.068668 
qwerty 31 5 0 0.505164 1.61414 5.70715 4.01215 -0.0624536 0.0202339 -0.075433 
qwerty 31 5 0 0.505164 1.43849 5.76405 3.8 -0.0624536 0.0202339 -0.075433 
qwerty 221 31 0.00583475 0 1.61413 5.70719 4.01217 -0.0176243 0.0903984 0.0389553 
qwerty 30 5 0 0.148672 1.25 2.66906 4.57272 0.0584274 0.0750776 -0.0308154 
qwerty 30 5 0 0.148672 1.43529 2.90715 4.475 0.0584274 0.0750776 -0.0308154 
qwerty 29 5 0 0.334708 1.07349 2.53893 4.975 0.0297584 0.0647645 0.0701427 
qwerty 29 5 0 0.334708 1.35986 3.16218 5.65 0.0297584 0.0647645 0.0701427 
qwerty 29 5 0 0.334708 1.64623 3.78542 6.325 0.0297584 0.0647645 0.0701427 
qwerty 28 5 0 20.6227 1.12772 2.50442 4.975 0.036776 0.0607109 0.0704394 
qwerty 28 5 0 20.6227 1.48014 3.0862 5.65 0.036776 0.0607109 0.0704394 
qwerty 28 5 0 20.6227 1.83255 3.66797 6.325 0.036776 0.0607109 0.0704394 
qwerty 28 5 0 20.6227 2.18496 4.24975 7 0.036776 0.0607109 0.0704394 
qwerty 227 225 0 0.416351 2.38218 4.45742 6.5 0.0275607 0.0348308 -0.0895948 
qwerty 26 5 0 0.0485695 0.795412 1.94536 4.3 0.0291466 0.0711939 0.0638898 
qwerty 25 5 0 7.89222 0.786815 1.81552 4.3 0.0322141 0.0604977 0.0728168 
qwerty 231 25 0.724689 1.86042 0.731675 2.35418 4.48369 -0.0157919 0.0987415 0.000855735 
qwerty 231 25 0.617626 1.2428 0.693759 2.65783 4.49014 0.012501 0.0934875 0.0332238 
qwerty 231 25 0.511912 0.730884 0.656444 2.85643 4.62435 0.00827633 0.0978002 0.0191473 
qwerty 231 25 0.402422 0.328462 0.675491 2.98331 4.73914 0.041781 0.0597856 0.0684107 
qwerty 231 25 0.328462 0 0.698982 3.01693 4.7776 0.041781 0.0597856 0.0684107 
qwerty 24 5 0 1.42712 0.605727 1.65045 4.3 0.0108386 0.0490561 0.086464 
qwerty 24 5 0 0.420419 0.678625 1.98039 4.88154 0.0705796 0.0646251 -0.0290193 
qwerty 24 5 0 0.420419 1.25 2.50356 4.64661 0.0705796 0.0646251 -0.0290193 
qwerty 24 5 0 0.420419 1.66739 2.88573 4.475 0.0705796 0.0646251 -0.0290193 
qwerty 233 24 0.156282 0.850418 0.673081 1.99734 4.95513 -0.00105423 0.0236321 0.0971618 
qwerty 233 24 0.0285931 0.821825 0.672866 2.00217 4.975 -0.0255609 0.0187647 0.0948395 
qwerty 23 5 0 0.99503 0.642157 1.6921 4.3 0.0150683 0.052691 0.0836457 
qwerty 238 237 0 0.402798 -0.190776 2.63057 3.8 -0.0621065 0.0671992 -0.0403368 
qwerty 22 5 0 5.38525 0.598346 1.27581 3.625 0.0245425 0.0521407 0.0817252 
qwerty 22 5 0 5.38525 0.801052 1.70646 4.3 0.0245425 0.0521407 0.0817252 
qwerty 22 5 0 5.38525 1.00376 2.13711 4.975 0.0245425 0.0521407 0.0817252 
qwerty 22 5 0 5.38525 1.20646 2.56775 5.65 0.0245425 0.0521407 0.0817252 
qwerty 22 5 0 5.38525 1.40917 2.9984 6.325 0.0245425 0.0521407 0.0817252 
qwerty 22 5 0 5.38525 1.61188 3.42905 7 0.0245425 0.0521407 0.0817252 
qwerty 22 5 0 5.38525 1.81458 3.8597 7.675 0.0245425 0.0521407 0.0817252 
qwerty 22 5 0 5.38525 2.01729 4.29035 8.35 0.0245425 0.0521407 0.0817252 
qwerty 22 5 0 5.38525 2.22 4.721 9.025 0.0245425 0.0521407 0.0817252 
qwerty 22 5 0 5.38525 2.4227 5.15165 9.7 0.0245425 0.0521407 0.0817252 
qwerty 22 5 0 5.38525 2.62541 5.5823 10.375 0.0245425 0.0521407 0.0817252 
qwerty 22 5 0 0.45536 2.2745 5.50895 10.9827 0.0238068 -0.0511621 0.0825571 
qwerty 22 5 0 0.45536 2.29392 5.46722 11.05 0.0238068 -0.0511621 0.0825571 
qwerty 22 5 0 0.45536 2.48856 5.04891 11.725 0.0238068 -0.0511621 0.0825571 
qwerty 22 5 0 0.45536 2.68321 4.6306 12.4 0.0238068 -0.0511621 0.0825571 
qwerty 22 5 0 0.45536 2.87786 4.21229 13.075 0.0238068 -0.0511621 0.0825571 
qwerty 241 22 0.110342 0.133909 2.25047 5.5242 10.9959 9.48069e-05 0.0981516 -0.0191378 
qwerty 241 22 0.133909 0 2.25048 5.5372 10.9934 9.48069e-05 0.0981516 -0.0191378 
qwerty 240 22 0 2.3927 2.64487 5.67329 10.55 -0.0971396 0.0159389 -0.0176025 
qwerty 244 240 0 1.04798 2.0848 5.51283 11.05 -0.0714644 -0.0188372 0.0673647 
qwerty 244 240 0 1.04798 1.36872 5.32408 11.725 -0.0714644 -0.0188372 0.0673647 
qwerty 244 240 0 1.04798 0.652639 5.13533 12.4 -0.0714644 -0.0188372 0.0673647 
qwerty 244 240 0 1.04798 -0.0634399 4.94658 13.075 -0.0714644 -0.0188372 0.0673647 
qwerty 244 240 0 1.04798 -0.779519 4.75783 13.75 -0.0714644 -0.0188372 0.0673647 
qwerty 244 240 0 1.04798 -1.25 4.63382 14.1935 -0.0714644 -0.0188372 0.0673647 
qwerty 244 240 0 1.04798 -1.4956 4.56908 14.425 -0.0714644 -0.0188372 0.0673647 
qwerty 244 240 0 0.379313 -2.07216 3.58096 13.925 -0.0416468 -0.0787875 -0.0453661 
qwerty 19 5 0 0.770339 0.393698 0.861799 2.95 0.0231566 0.0347606 0.0908596 
qwerty 19 5 0 0.770339 0.565729 1.12004 3.625 0.0231566 0.0347606 0.0908596 
qwerty 17 5 0 3.34752 0.347631 0.903852 2.95 0.0148928 0.0407157 0.0901135 
qwerty 17 5 0 3.34752 0.459186 1.20883 3.625 0.0148928 0.0407157 0.0901135 
qwerty 17 5 0 3.34752 0.570741 1.51382 4.3 0.0148928 0.0407157 0.0901135 
qwerty 17 5 0 3.34752 0.682296 1.8188 4.975 0.0148928 0.0407157 0.0901135 
qwerty 17 5 0 3.34752 0.793851 2.12378 5.65 0.0148928 0.0407157 0.0901135 
qwerty 17 5 0 3.34752 0.905406 2.42877 6.325 0.0148928 0.0407157 0.0901135 
qwerty 17 5 0 3.34752 1.01696 2.73375 7 0.0148928 0.0407157 0.0901135 
qwerty 17 5 0 3.34752 1.12852 3.03873 7.675 0.0148928 0.0407157 0.0901135 
qwerty 17 5 0 2.17526 1.22899 3.31342 8.28294 -0.0208826 0.0567227 0.0796646 
qwerty 17 5 0 2.17526 1.21141 3.36116 8.35 -0.0208826 0.0567227 0.0796646 
qwerty 17 5 0 2.17526 1.03447 3.84178 9.025 -0.0208826 0.0567227 0.0796646 
qwerty 17 5 0 2.17526 0.857534 4.32239 9.7 -0.0208826 0.0567227 0.0796646 
qwerty 17 5 0 2.17526 0.680595 4.803 10.375 -0.0208826 0.0567227 0.0796646 
qwerty 17 5 0 2.17526 0.503656 5.28362 11.05 -0.0208826 0.0567227 0.0796646 
qwerty 17 5 0 0.429017 0.393289 5.5834 11.471 0.0838375 0.0534699 -0.0105945 
qwerty 17 5 0 0.315183 1.19092 6.09211 11.3702 0.0592668 0.0285625 0.0753102 
qwerty 17 5 0 0.315183 1.25 6.12059 11.4453 0.0592668 0.0285625 0.0753102 
qwerty 17 5 0 0.315183 1.4701 6.22666 11.725 0.0592668 0.0285625 0.0753102 
qwerty 17 5 0 0.315183 2.00131 6.48266 12.4 0.0592668 0.0285625 0.0753102 
qwerty 17 5 0 0.142367 2.34854 6.65001 12.8412 -0.0421483 -0.0162084 -0.0892233 
qwerty 17 5 0 0.142367 2.22278 6.60164 12.575 -0.0421483 -0.0162084 -0.0892233 
qwerty 256 17 0.172816 0 2.35954 6.65505 12.8575 0.0543138 0.0248896 0.0801905 
qwerty 255 17 0.113834 0 1.19576 6.09602 11.3623 0.0480781 0.0387596 -0.0786524 
qwerty 254 17 0.465918 1.28033 0.302131 5.71951 11.7128 -0.00200395 0.0387885 0.092149 
qwerty 254 17 0.0171074 1.26322 0.301865 5.72465 11.725 -0.00863072 0.0514013 0.0853429 
qwerty 254 17 0.256395 0.935255 0.211916 5.76986 11.6506 -0.0589397 0.0257698 -0.0765639 
qwerty 254 17 0.238217 0.697038 0.130153 5.78251 11.5683 -0.0713994 0.0234613 -0.0659674 
qwerty 254 17 0.303528 0.39351 0.0557158 5.7926 11.4625 -0.0992525 0.011434 -0.00426654 
qwerty 254 17 0.367731 0.025779 -0.0174782 5.80103 11.4594 -0.0401708 -0.0390739 -0.0828223 
qwerty 254 17 0.025779 0 -0.0177753 5.80074 11.4587 -0.0401708 -0.0390739 -0.0828223 
qwerty 253 17 0.120873 1.05139 1.27876 3.32016 8.35 0.0671112 0.00943596 0.0735326 
qwerty 16 5 0 0.169819 0.344011 0.841852 2.92432 -0.0626804 -0.0358135 -0.0691994 
qwerty 16 5 0 0.169819 -0.0856262 0.596372 2.45 -0.0626804 -0.0358135 -0.0691994 
qwerty 258 16 0.0375468 0.237295 0.351562 0.849969 2.93619 0.00391653 0.0970515 0.0237838 
qwerty 258 16 0.0154127 0.221882 0.353793 0.8571 2.93734 0.0459675 0.0622827 0.0633076 
qwerty 258 16 0.0245776 0.197305 0.359421 0.861214 2.94103 0.0432657 0.0479123 0.0763708 
qwerty 258 16 0.0439399 0.153365 0.361647 0.862308 2.94538 0.0559254 0.0237589 0.0794221 
qwerty 258 16 0.00933819 0.144026 0.362794 0.863715 2.94925 0.0514971 0.0245454 0.0821315 
qwerty 258 16 0.00363827 0.140388 0.363267 0.863941 2.95 0.0571448 -0.000846123 0.0820595 
qwerty 15 5 0 3.67382 0.283463 0.597264 2.275 0.013626 0.0277464 0.0951024 
qwerty 15 5 0 3.67382 0.380174 0.794197 2.95 0.013626 0.0277464 0.0951024 
qwerty 15 5 0 3.67382 0.476886 0.99113 3.625 0.013626 0.0277464 0.0951024 
qwerty 15 5 0 3.67382 0.573598 1.18806 4.3 0.013626 0.0277464 0.0951024 
qwerty 15 5 0 3.67382 0.67031 1.385 4.975 0.013626 0.0277464 0.0951024 
qwerty 15 5 0 3.67382 0.767022 1.58193 5.65 0.013626 0.0277464 0.0951024 
qwerty 15 5 0 3.67382 0.863734 1.77886 6.325 0.013626 0.0277464 0.0951024 
qwerty 15 5 0 3.67382 0.960446 1.97579 7 0.013626 0.0277464 0.0951024 
qwerty 15 5 0 3.67382 1.05716 2.17273 7.675 0.013626 0.0277464 0.0951024 
qwerty 15 5 0 3.67382 1.15387 2.36966 8.35 0.013626 0.0277464 0.0951024 
qwerty 15 5 0 3.67382 1.25 2.56541 9.02094 0.013626 0.0277464 0.0951024 
qwerty 15 5 0 3.67382 1.25058 2.56659 9.025 0.013626 0.0277464 0.0951024 
qwerty 15 5 0 3.67382 1.34729 2.76353 9.7 0.013626 0.0277464 0.0951024 
qwerty 15 5 0 0 1.39867 2.86814 10.0586 0.013626 0.0277464 0.0951024 
qwerty 261 15 0.173591 0.949321 1.46318 2.91818 10.1137 0.0780612 0.0111485 0.0614993 
qwerty 261 15 0.211683 0.737638 1.58784 2.94347 10.1448 0.0730874 -0.0674394 -0.0104962 
qwerty 261 15 0.198391 0.539247 1.67795 2.88368 10.1079 0.0524378 -0.085139 0.00127583 
qwerty 261 15 0.363225 0.176022 1.73544 2.79036 10.1092 -0.0131235 -0.0346819 0.0928705 
qwerty 261 15 0.176022 0 1.7327 2.78312 10.1286 -0.0131235 -0.0346819 0.0928705 
qwerty 14 5 0 1.90367 0.260564 0.583173 2.275 0.00983107 0.0256357 0.096157 
qwerty 14 5 0 1.90367 0.329576 0.763129 2.95 0.00983107 0.0256357 0.096157 
qwerty 14 5 0 0.805255 1.00303 1.75567 3.625 0.052013 0.0751624 0.0405617 
qwerty 14 5 0 0.507282 0.947625 2.58769 4.3 -0.0304603 0.0692279 0.0654192 
qwerty 13 5 0 1.83142 0.271385 0.578448 2.275 0.0116118 0.0248493 0.0961648 
qwerty 13 5 0 1.82772 0.317394 0.676907 2.65603 0.0121732 0.0280253 0.0952176 
qwerty 13 5 0 1.82772 0.354977 0.763432 2.95 0.0121732 0.0280253 0.0952176 
qwerty 13 5 0 1.82772 0.441273 0.962104 3.625 0.0121732 0.0280253 0.0952176 
qwerty 13 5 0 1.15376 0.499737 1.0967 4.0823 0.0427482 -0.0197502 0.0882186 
qwerty 13 5 0 1.15376 0.60523 1.04796 4.3 0.0427482 -0.0197502 0.0882186 
qwerty 13 5 0 1.15376 0.932315 0.896843 4.975 0.0427482 -0.0197502 0.0882186 
qwerty 13 5 0 1.15376 1.2594 0.745725 5.65 0.0427482 -0.0197502 0.0882186 
qwerty 13 5 0 1.15376 1.58649 0.594608 6.325 0.0427482 -0.0197502 0.0882186 
qwerty 13 5 0 1.15376 1.91357 0.44349 7 0.0427482 -0.0197502 0.0882186 
qwerty 13 5 0 1.15376 2.24066 0.292373 7.675 0.0427482 -0.0197502 0.0882186 
qwerty 267 13 0.136029 0.537928 0.489393 1.17213 4.1117 -0.0758262 0.061302 -0.0221914 
qwerty 267 13 0.0722477 0.46568 0.456561 1.19573 4.11577 -0.0786773 -0.0603376 0.01301 
qwerty 267 13 0.06492 0.40076 0.439162 1.17588 4.12511 -0.0351022 -0.0929833 0.0110424 
qwerty 267 13 0.131294 0.269466 0.441171 1.13357 4.14288 -0.0141253 -0.0842545 0.0519775 
qwerty 267 13 0.269466 0 0.435329 1.09872 4.16438 -0.0141253 -0.0842545 0.0519775 
qwerty 266 13 0.00370093 0 0.31739 0.676886 2.65604 -0.0159567 -0.0927242 0.0338762 
qwerty 270 268 0 0.307623 3.4504 0.353283 7.175 0.0902641 0.00567466 -0.0426638 
qwerty 12 7 0 0.510999 -0.442191 -1.25 1.43527 -0.0311602 0.0700146 -0.0642417 
qwerty 12 7 0 0.510999 -0.604811 -0.884604 1.1 -0.0311602 0.0700146 -0.0642417 
qwerty 11 7 0 0.510999 -0.0348809 -2.16519 2.275 0.0311602 -0.0700146 0.0642417 
qwerty 11 7 0 0.510999 0.292526 -2.90085 2.95 0.0311602 -0.0700146 0.0642417 
qwerty 10 7 0 0.168572 -1.25 -1.29202 2.18863 -0.0868001 0.0217217 0.0446532 
qwerty 10 7 0 0.168572 -1.41789 -1.25001 2.275 -0.0868001 0.0217217 0.0446532 
qwerty 275 10 0 0.0846637 -1.42298 -1.24902 2.275 0.0805559 0.059162 0.00325565 
qwerty 275 10 0.00240948 0.0720205 -1.4234 -1.24869 2.27478 -0.0871734 0.0313034 -0.0376948 
qwerty 275 10 0.00167364 0.0703469 -1.42376 -1.24848 2.27463 -0.0743409 0.0499053 -0.0445297 
qwerty 275 10 0.00139455 0.0689523 -1.42406 -1.24832 2.27438 -0.0824702 0.0370803 -0.042705 
qwerty 275 10 0.0030033 0.065949 -1.42445 -1.24821 2.27421 -0.0712649 0.0470935 -0.0519953 
qwerty 275 10 0.00277584 0.0631732 -1.42481 -1.24793 2.27401 -0.0744718 0.0335008 -0.0577205 
qwerty 275 10 0.00440314 0.0587701 -1.42518 -1.24763 2.27372 -0.069595 0.0308885 -0.0648262 
qwerty 275 10 0.0025574 0.0562127 -1.4255 -1.24735 2.27322 -0.037566 0.0138993 -0.0916275 
qwerty 275 10 0.00464139 0.0515713 -1.42614 -1.24739 2.27233 -0.0115481 -0.00554444 -0.0991761 
qwerty 275 10 0.00820887 0.0433624 -1.42597 -1.24726 2.27088 0.0315445 -0.027649 -0.0907771 
qwerty 275 10 0.0433624 0 -1.42538 -1.24777 2.26918 0.0315445 -0.027649 -0.0907771 
qwerty 8 7 0 17.5772 -0.484368 -2.157 1.6 -0.00343169 -0.0870399 0.0491149 
qwerty 8 7 0 17.5772 -0.53153 -3.35321 2.275 -0.00343169 -0.0870399 0.0491149 
qwerty 8 7 0 17.5772 -0.547175 -3.75 2.4989 -0.00343169 -0.0870399 0.0491149 
qwerty 8 7 0 17.5772 -0.578693 -4.54942 2.95 -0.00343169 -0.0870399 0.0491149 
qwerty 8 7 0 17.5772 -0.625856 -5.74564 3.625 -0.00343169 -0.0870399 0.0491149 
qwerty 8 7 0 17.5772 -0.645741 -6.25 3.9096 -0.00343169 -0.0870399 0.0491149 
qwerty 8 7 0 17.5772 -0.673019 -6.94185 4.3 -0.00343169 -0.0870399 0.0491149 
qwerty 8 7 0 17.5772 -0.720181 -8.13806 4.975 -0.00343169 -0.0870399 0.0491149 
qwerty 8 7 0 17.5772 -0.744308 -8.75 5.32031 -0.00343169 -0.0870399 0.0491149 
qwerty 8 7 0 17.5772 -0.767344 -9.33427 5.65 -0.00343169 -0.0870399 0.0491149 
qwerty 8 7 0 17.5772 -0.814507 -10.5305 6.325 -0.00343169 -0.0870399 0.0491149 
qwerty 8 7 0 17.5772 -0.842875 -11.25 6.73101 -0.00343169 -0.0870399 0.0491149 
qwerty 8 7 0 17.5772 -0.86167 -11.7267 7 -0.00343169 -0.0870399 0.0491149 
qwerty 262 15 0.444079 1.08483 1.37755 2.92394 10.3231 -0.0341818 -0.0194255 0.091947 
qwerty 262 15 0.0836201 1.00121 1.35824 2.91296 10.375 -0.0248406 -0.0221102 0.0943084 
qwerty 262 15 0.0182675 0.417887 1.34348 2.89914 10.3743 -0.0728013 0.0516152 -0.0451203 
qwerty 262 15 0.0176595 0.400227 1.33561 2.90486 10.3662 -0.0676355 0.0536465 -0.0504727 
qwerty 262 15 0.0267667 0.373461 1.3267 2.91163 10.3603 -0.080717 0.0352356 -0.0473627 
qwerty 262 15 0.0208331 0.352628 1.31808 2.91554 10.3525 -0.0663301 0.0201871 -0.0720611 
qwerty 262 15 0.0383879 0.31424 1.30682 2.91665 10.3454 -0.0762301 0.0636405 -0.011784 
qwerty 262 15 0.0272148 0.287025 1.29924 2.92943 10.3436 0.0158031 0.0260649 0.0952412 
qwerty 262 15 0.0520524 0.234973 1.30425 2.93886 10.3585 0.0166046 0.0465097 0.0869548 
qwerty 262 15 0.0252156 0.209757 1.30485 2.94649 10.3672 0.0353851 0.0420943 0.0835222 
qwerty 262 15 0.0191496 0.190607 1.30822 2.95038 10.3748 0.0776245 0.0193875 0.059988 
qwerty 262 15 0.000537639 0.19007 1.30848 2.95044 10.375 0.071203 0.0201617 0.067258 
qwerty 232 25 1.08882 2.77546 1.14099 2.37549 4.74993 0.0226062 0.0664048 0.0712696 
qwerty 232 25 0.4602 2.31526 1.21238 2.58519 4.975 0.0329336 0.063567 0.0698185 
qwerty 226 28 1.23455 3.55623 2.52638 4.77495 7.66508 0.00952235 0.0587623 0.0803512 
qwerty 226 28 0.0144427 3.54179 2.52756 4.7822 7.675 0.0124441 0.0572115 0.0810678 
qwerty 226 28 1.01375 1.21567 2.36388 5.09578 7.50973 0.00563733 0.0989571 -0.0132554 
qwerty 226 28 0.377314 0.838359 2.27376 5.3233 7.48104 -0.0430686 0.0893713 0.012565 
qwerty 226 28 0.414249 0.42411 2.29929 5.51419 7.54435 0.0299824 0.0889468 -0.0344895 
qwerty 226 28 0.287589 0.136522 2.33372 5.60863 7.57939 0.0784349 -0.0325707 0.0527931 
qwerty 226 28 0.136522 0 2.34428 5.60425 7.5865 0.0784349 -0.0325707 0.0527931 
qwerty 226 28 0 0 2.34428 5.60425 7.5865 0.0784349 -0.0325707 0.0527931 
qwerty 132 68 0.425156 48.7857 1.48928 2.19958 8.12824 0.0221034 0.0115423 0.0968412 
qwerty 132 68 0.325905 48.4598 1.53989 2.22601 8.35 0.0204394 0.0122391 0.0971207 
qwerty 132 68 0.909877 45.3919 1.68644 2.41084 9.025 0.0181759 0.0284367 0.0941329 
qwerty 132 68 0.830659 37.5417 1.75175 2.55212 9.7 0.0145251 0.0198299 0.0969319 
qwerty 132 68 0.501616 28.3022 1.79192 2.69363 10.12 0.00134934 0.0430876 0.090231 
qwerty 132 68 0.59938 27.7028 1.79573 2.81539 10.375 -0.00513883 0.0465417 0.0883598 
qwerty 132 68 0.840631 24.2283 1.90957 3.15298 11.0383 0.0265153 0.0514853 0.0815243 
qwerty 132 68 0.0171944 24.2111 1.91336 3.16034 11.05 0.0270646 0.051574 0.0812873 
qwerty 132 68 1.16037 12.9972 2.23331 3.57375 11.725 0.0283223 0.0408899 0.0867517 
qwerty 132 68 0.0931478 9.96098 2.29174 3.75 11.9303 0.00668756 0.0885867 0.0459095 
qwerty 132 68 1.94924 8.01173 2.36016 4.65625 12.4 0.0401975 0.0859537 0.0315615 
qwerty 132 68 1.20655 3.55622 2.32293 4.34229 11.91 -0.0241498 -0.079616 -0.0554804 
qwerty 132 68 0.0200863 3.53614 2.31859 4.32797 11.9 -0.0404377 -0.0768658 -0.0495624 
qwerty 132 68 0.987228 2.30291 2.51366 4.23612 12.3319 0.0784973 -0.0053352 0.0617228 
qwerty 132 68 0.203614 2.0993 2.60028 4.23023 12.4 0.0472908 -0.0129431 0.0871554 
qwerty 132 68 0.187793 1.16392 2.71755 4.15601 12.3312 0.0404816 -0.0274737 -0.0872149 
qwerty 132 68 0.403893 0.760024 2.74621 4.16574 12.096 -0.0362873 -0.023583 -0.0901503 
qwerty 132 68 0.332676 0.427348 2.74274 4.12583 11.9367 0.0286407 0.0734982 -0.0614632 
qwerty 132 68 0.185816 0.241532 2.75986 4.16976 11.9 -0.00142294 0.0981323 0.0191843 
qwerty 132 68 0.00863472 0.232897 2.75937 4.17335 11.9005 0.00498498 0.0973225 0.0224384 
qwerty 132 68 0.00727526 0.225622 2.75883 4.17704 11.9014 -0.0158953 0.0901207 0.0403187 
qwerty 132 68 0.0107638 0.214858 2.7576 4.18006 11.9027 -0.0152204 0.0891582 0.0426515 
qwerty 132 68 0.00857084 0.206287 2.75646 4.1833 11.9038 -0.00714392 0.0915114 0.0396817 
qwerty 132 68 0.00760425 0.198683 2.75626 4.18619 11.9045 -0.00201989 0.0942866 0.0332559 
qwerty 132 68 0.00791561 0.190767 2.75551 4.18926 11.9059 0.00230703 0.0574822 0.0817953 
qwerty 132 68 0.00874009 0.182027 2.75612 4.19129 11.9086 -0.00418323 0.053402 0.0844437 
qwerty 132 68 0.0130093 0.169018 2.75727 4.19453 11.9124 -0.0180898 0.0362423 0.091429 
qwerty 132 68 0.0227 0.146318 2.75753 4.19951 11.9191 -0.0332753 0.0899232 0.0284002 
qwerty 132 68 0.0375252 0.108793 2.75659 4.21049 11.9182 -0.0443019 0.060853 -0.065835 
qwerty 132 68 0.108793 0 2.75254 4.21605 11.9122 -0.0443019 0.060853 -0.065835 
qwerty 132 68 0 0 2.75254 4.21605 11.9122 -0.0443019 0.060853 -0.065835 
qwerty 106 73 0.367831 6.74029 0.8802 -0.617937 13.4062 0.0362693 -0.0396366 0.0843414 
qwerty 106 73 0.635127 6.10516 1.02805 -0.779512 13.75 0.0360493 -0.0421966 0.0831859 
qwerty 310 132 0.0620048 2.34291 1.81401 2.70457 10.1532 0.0729125 0.0216465 0.0649245 
qwerty 310 132 0.537788 1.80512 2.06315 2.77853 10.375 0.0530878 0.011729 0.0839292 
qwerty 329 310 0.361222 0 1.79825 2.6977 10.2158 0.0359226 0.0518175 -0.0776177 
qwerty 276 8 0.985406 2.12205 -1.12433 -11.9102 7.53468 -0.0205193 0.0732182 0.0649466 
qwerty 276 8 0.372513 1.74953 -1.16866 -11.752 7.675 -0.00218685 0.0741806 0.0670258 
qwerty 337 333 0 0.269769 -1.25 -13.0309 7.3334 -0.033657 -0.0926998 0.0165515 
qwerty 337 333 0 0.269769 -1.94464 -14.9441 7.675 -0.033657 -0.0926998 0.0165515 
qwerty 335 276 0 0.276299 -0.715726 -12.1991 7.675 0.0265516 -0.0302799 0.0915322 
qwerty 334 276 0 3.80909 -1.0394 -13.0285 7.675 -0.0139868 -0.088114 0.0451697 
qwerty 334 276 0 3.57074 -1.08771 -13.75 8.05304 -0.000719369 -0.0883108 0.0469114 
qwerty 334 276 0 3.57074 -1.09226 -14.309 8.35 -0.000719369 -0.0883108 0.0469114 
qwerty 334 276 0 3.57074 -1.10261 -15.5797 9.025 -0.000719369 -0.0883108 0.0469114 
qwerty 334 276 0 3.57074 -1.10807 -16.25 9.38106 -0.000719369 -0.0883108 0.0469114 
qwerty 334 276 0 3.57074 -1.11297 -16.8504 9.7 -0.000719369 -0.0883108 0.0469114 
qwerty 334 276 0 3.57074 -1.12332 -18.1211 10.375 -0.000719369 -0.0883108 0.0469114 
qwerty 334 276 0 3.57074 -1.12844 -18.75 10.7091 -0.000719369 -0.0883108 0.0469114 
qwerty 334 276 0 3.57074 -1.13367 -19.3918 11.05 -0.000719369 -0.0883108 0.0469114 
qwerty 332 276 0 0.5541 -0.64659 -12.4443 7.675 0.0289611 -0.0633825 0.0717211 
qwerty 332 276 0 0.5541 -0.374024 -13.0408 8.35 0.0289611 -0.0633825 0.0717211 
qwerty 332 276 0 0.5541 -0.101458 -13.6373 9.025 0.0289611 -0.0633825 0.0717211 
qwerty 331 276 0 0.990049 -1.25 -12.8925 7.63982 -0.0347756 -0.0824469 0.0446449 
qwerty 331 276 0 0.990049 -1.2774 -12.9575 7.675 -0.0347756 -0.0824469 0.0446449 
qwerty 331 276 0 0.990049 -1.61169 -13.75 8.10416 -0.0347756 -0.0824469 0.0446449 
qwerty 331 276 0 0.990049 -1.80319 -14.204 8.35 -0.0347756 -0.0824469 0.0446449 
qwerty 331 276 0 0.213026 -2.03979 -14.765 8.65375 0.0546176 0.0461692 -0.0698951 
qwerty 331 276 0 0.213026 -1.93918 -14.6799 8.525 0.0546176 0.0461692 -0.0698951 
qwerty 346 331 0.129656 0.647368 -2.08747 -14.807 8.68632 -0.0646378 -0.0521157 0.0557307 
qwerty 346 331 0.282365 0.365003 -2.12799 -14.8532 8.75555 -0.0756469 0.008198 0.0648871 
qwerty 346 331 0.347926 0.0170767 -2.17792 -14.8478 8.79838 0.00525992 -0.0527519 0.0847913 
qwerty 346 331 0.0170767 0 -2.1779 -14.848 8.79868 0.00525992 -0.0527519 0.0847913 
qwerty 328 106 0 3.82574 1.94296 -1.39375 14.425 0.0710573 -0.047395 0.0520055 
qwerty 328 106 0 3.82574 2.86524 -2.00891 15.1 0.0710573 -0.047395 0.0520055 
qwerty 328 106 0 0.69688 2.72501 -2.34754 15.775 -0.0327465 -0.0392439 0.0859511 
qwerty 328 106 0 0.69688 2.46784 -2.65573 16.45 -0.0327465 -0.0392439 0.0859511 
qwerty 328 106 0 0.69688 2.21067 -2.96393 17.125 -0.0327465 -0.0392439 0.0859511 
qwerty 328 106 0 0.248273 2.07404 -3.12767 17.4836 -0.0768925 0.00805272 -0.0634248 
qwerty 328 106 0 0.248273 1.85141 -3.10436 17.3 -0.0768925 0.00805272 -0.0634248 
qwerty 352 328 0.380448 0.0681586 2.06998 -3.15958 17.5659 0.0979716 0.0111426 0.0166557 
qwerty 352 328 0.0681586 0 2.07405 -3.15912 17.5666 0.0979716 0.0111426 0.0166557 
qwerty 327 106 0 3.19614 1.04017 -1.5325 14.425 0.000936426 -0.0745663 0.0666258 
qwerty 327 106 0 3.19614 1.04966 -2.28795 15.1 0.000936426 -0.0745663 0.0666258 
qwerty 327 106 0 3.19614 1.05914 -3.0434 15.775 0.000936426 -0.0745663 0.0666258 
qwerty 327 106 0 3.19614 1.06802 -3.75 16.4064 0.000936426 -0.0745663 0.0666258 
qwerty 327 106 0 3.19614 1.06863 -3.79885 16.45 0.000936426 -0.0745663 0.0666258 
qwerty 327 106 0 0.248191 0.592224 -2.48367 15.95 -0.0305224 0.0882824 -0.0357015 
qwerty 357 354 0 0.723709 -1.25 -6.67393 16.9289 -0.0643442 -0.0758119 0.0106005 
qwerty 357 354 0 0.723709 -2.44001 -8.07603 17.125 -0.0643442 -0.0758119 0.0106005 
qwerty 357 354 0 0.307577 -3.75 -9.21565 16.6646 -0.0380222 0.0135801 -0.0914871 
qwerty 357 354 0 0.307577 -3.76646 -9.20977 16.625 -0.0380222 0.0135801 -0.0914871 
qwerty 357 354 0 0.307577 -4.047 -9.10958 15.95 -0.0380222 0.0135801 -0.0914871 
qwerty 326 106 0 0.0150528 1.06786 -0.771502 13.75 0.0446041 -0.0365009 0.08172 
qwerty 325 114 0 0.510999 2.76815 -3.69749 15.775 0.0337721 -0.0402441 0.0850874 
qwerty 325 114 0 0.510999 3.03606 -4.01674 16.45 0.0337721 -0.0402441 0.0850874 
qwerty 325 114 0 0.510999 3.30398 -4.336 17.125 0.0337721 -0.0402441 0.0850874 
qwerty 325 114 0 0.510999 3.57189 -4.65526 17.8 0.0337721 -0.0402441 0.0850874 
qwerty 325 114 0 0.208715 3.70999 -4.81982 18.1479 0.0250906 -0.0467547 -0.0847612 
qwerty 325 114 0 0.208715 3.75 -4.89437 18.0128 0.0250906 -0.0467547 -0.0847612 
qwerty 325 114 0 0.208715 3.76119 -4.91522 17.975 0.0250906 -0.0467547 -0.0847612 
qwerty 363 325 0.0481838 0.2541 3.70431 -4.82632 18.1703 -0.00472961 -0.0895365 0.0442814 
qwerty 363 325 0.0939927 0.160108 3.71849 -4.85331 18.1748 0.0368615 -0.0875818 0.0311553 
qwerty 363 325 0.0602766 0.0998311 3.73262 -4.86482 18.1726 0.0436521 -0.0817334 -0.0376051 
qwerty 363 325 0.0998311 0 3.73613 -4.8714 18.1696 0.0436521 -0.0817334 -0.0376051 
qwerty 324 114 0 0.510999 2.29091 -3.12208 14.6 -0.0348487 0.0425811 -0.083501 
qwerty 322 126 0 0.123646 2.03849 1.86117 14.6538 -0.0749006 -0.016275 0.0642263 
qwerty 322 126 0 0.123646 1.51811 1.7481 15.1 -0.0749006 -0.016275 0.0642263 
qwerty 368 322 0.0656472 0 2.04077 1.85924 14.6513 0.058482 -0.0495851 -0.0641964 
qwerty 321 126 0 0.182355 3.65474 0.620645 15.681 -0.0464529 0.0477796 -0.0745603 
qwerty 321 126 0 0.182355 3.40177 0.880837 15.275 -0.0464529 0.0477796 -0.0745603 
qwerty 370 321 0.171826 0.156817 3.68511 0.564531 15.6646 -0.0608359 0.0786566 -0.0105896 
qwerty 370 321 0.156817 0 3.67462 0.578099 15.6627 -0.0608359 0.0786566 -0.0105896 
qwerty 320 126 0 2.45988 2.20752 2.31233 15.775 0.0216253 0.0211744 0.09531 
qwerty 319 132 0 0.510999 2.56213 4.58602 12.4 -0.0296964 0.0577017 0.0760831 
qwerty 319 132 0 0.510999 2.29867 5.09794 13.075 -0.0296964 0.0577017 0.0760831 
qwerty 319 132 0 0.510999 2.03521 5.60986 13.75 -0.0296964 0.0577017 0.0760831 
qwerty 319 132 0 0.395132 1.25 6.50704 13.9699 -0.0667887 0.0736089 0.0109998 
qwerty 319 132 0 0.395132 -1.25 9.26233 14.3817 -0.0667887 0.0736089 0.0109998 
qwerty 319 132 0 0.395132 -1.51318 9.55238 14.425 -0.0667887 0.0736089 0.0109998 
qwerty 318 132 0 0.510999 2.75729 4.20682 11.9 0.0296964 -0.0577017 -0.0760831 
qwerty 318 132 0 0.510999 3.02075 3.6949 11.225 0.0296964 -0.0577017 -0.0760831 
qwerty 317 132 0 0.0123033 2.93949 4.64045 12.2661 0.0109798 0.0968322 -0.0224271 
qwerty 317 132 0.00029101 0 2.98888 5.07606 12.1652 0.0109798 0.0968322 -0.0224271 
qwerty 377 317 0.0120123 0 2.98882 5.0762 12.1651 -0.0332417 0.0748681 -0.0573563 
qwerty 316 132 0 0.298151 2.84338 4.57693 11.9 0.0588982 -0.0279722 -0.0758192 
qwerty 315 132 0 0.769671 3.75 6.50811 12.9176 0.0585251 0.0782221 0.0213567 
qwerty 315 132 0 0.769671 4.18133 7.08461 13.075 0.0585251 0.0782221 0.0213567 
qwerty 314 132 0 6.5731 2.17148 3.65011 11.725 0.0294413 0.0564635 0.0771044 
qwerty 380 314 0.655779 2.35165 2.62896 3.68229 12.1882 0.073947 -0.0229061 0.0633021 
qwerty 380 314 0.612643 1.73901 2.87633 3.60567 12.4 0.0886063 0.0149999 0.0438625 
qwerty 380 314 0.513114 1.05738 2.86455 3.75 12.3776 -0.00403869 0.0984381 -0.0171356 
qwerty 380 314 0.178116 0.879263 2.8464 3.83272 12.3456 -0.0581399 0.0797987 -0.015872 
qwerty 380 314 0.268451 0.610812 2.81945 3.9308 12.3495 -0.0582481 0.0811381 0.00487544 
qwerty 380 314 0.209601 0.40121 2.78766 4.01529 12.3512 -0.0883733 0.0451043 0.0124801 
qwerty 380 314 0.249887 0.151323 2.7385 4.06742 12.3271 -0.0787308 0.0284911 -0.0546784 
qwerty 380 314 0.151323 0 2.7257 4.07205 12.3182 -0.0787308 0.0284911 -0.0546784 
qwerty 312 132 0 0.0699343 1.91395 3.15981 11.05 0.0307982 0.0481389 0.0820617 
qwerty 309 132 0 3.71347 1.83557 2.77521 10.375 0.00875394 0.0364529 0.0927068 
qwerty 309 132 0 3.71347 1.89931 3.04062 11.05 0.00875394 0.0364529 0.0927068 
qwerty 309 132 0 3.71347 1.96305 3.30603 11.725 0.00875394 0.0364529 0.0927068 
qwerty 309 132 0 3.71347 2.02679 3.57145 12.4 0.00875394 0.0364529 0.0927068 
qwerty 309 132 0 3.71347 2.09052 3.83686 13.075 0.00875394 0.0364529 0.0927068 
qwerty 309 132 0 1.22561 2.26178 3.75 13.5942 0.0363932 -0.0327726 0.0871866 
qwerty 309 132 0 1.22561 2.32679 3.69145 13.75 0.0363932 -0.0327726 0.0871866 
qwerty 309 132 0 1.22561 2.60855 3.43773 14.425 0.0363932 -0.0327726 0.0871866 
qwerty 309 132 0 1.22561 2.89031 3.184 15.1 0.0363932 -0.0327726 0.0871866 
qwerty 309 132 0 1.22561 3.17206 2.93027 15.775 0.0363932 -0.0327726 0.0871866 
qwerty 309 132 0 1.22561 3.45382 2.67655 16.45 0.0363932 -0.0327726 0.0871866 
qwerty 309 132 0 1.22561 3.73558 2.42282 17.125 0.0363932 -0.0327726 0.0871866 
qwerty 309 132 0 1.22561 4.01733 2.1691 17.8 0.0363932 -0.0327726 0.0871866 
qwerty 309 132 0 1.22561 4.29909 1.91537 18.475 0.0363932 -0.0327726 0.0871866 
qwerty 309 132 0 1.22561 4.58085 1.66165 19.15 0.0363932 -0.0327726 0.0871866 
qwerty 309 132 0 1.22561 4.8626 1.40792 19.825 0.0363932 -0.0327726 0.0871866 
qwerty 309 132 0 1.22561 5.03797 1.25 20.2451 0.0363932 -0.0327726 0.0871866 
qwerty 309 132 0 1.22561 5.14436 1.15419 20.5 0.0363932 -0.0327726 0.0871866 
qwerty 309 132 0 1.22561 5.42612 0.900469 21.175 0.0363932 -0.0327726 0.0871866 
qwerty 309 132 0 1.22561 5.70787 0.646743 21.85 0.0363932 -0.0327726 0.0871866 
qwerty 309 132 0 1.22561 5.98963 0.393018 22.525 0.0363932 -0.0327726 0.0871866 
qwerty 309 132 0 1.22561 6.27139 0.139292 23.2 0.0363932 -0.0327726 0.0871866 
qwerty 309 132 0 1.22561 6.55314 -0.114434 23.875 0.0363932 -0.0327726 0.0871866 
qwerty 309 132 0 1.03921 6.55541 -0.45342 24.55 -0.000233231 -0.0450085 0.0892983 
qwerty 309 132 0 1.03921 6.55365 -0.793636 25.225 -0.000233231 -0.0450085 0.0892983 
qwerty 309 132 0 0.930978 6.3161 -1.16896 25.9 -0.0332551 -0.0463243 0.0821472 
qwerty 309 132 0 0.363694 6.15301 -2.7833 25.4 -0.00675784 -0.0925017 -0.0373868 
qwerty 385 309 0.420311 1.01596 2.12102 3.82743 13.4309 0.0192892 -0.04273 0.0883294 
qwerty 385 309 0.62788 0.388083 2.15597 3.75 13.591 -0.0276662 -0.022804 0.0933518 
qwerty 385 309 0.0192233 0.36886 2.15395 3.74786 13.5985 -0.0331241 0.014846 0.0931794 
qwerty 385 309 0.0112022 0.357657 2.1508 3.74944 13.6055 -0.0253273 0.0293363 0.0921841 
qwerty 385 309 0.00708943 0.350568 2.15032 3.75 13.6072 -0.0263522 0.0336396 0.0904098 
qwerty 385 309 0.0178595 0.332708 2.14747 3.75164 13.6135 -0.0337134 0.00571528 0.093972 
qwerty 385 309 0.0196816 0.313027 2.14638 3.75142 13.6191 -0.0220213 -0.0104915 0.0969793 
qwerty 385 309 0.0220908 0.290936 2.14463 3.75006 13.6257 -0.05911 -0.0151518 0.0792239 
qwerty 385 309 0.00262313 0.288313 2.14442 3.75 13.626 -0.0574133 -0.0256088 0.0777682 
qwerty 385 309 0.00940366 0.278909 2.14176 3.74948 13.6297 -0.0652316 -0.00148519 0.0757801 
qwerty 385 309 0.0109324 0.267977 2.13845 3.74973 13.633 -0.0524147 -0.0256319 0.081214 
qwerty 385 309 0.0147966 0.25318 2.13485 3.74935 13.6374 -0.0662802 -0.0219515 0.0715896 
qwerty 385 309 0.0105493 0.242631 2.13143 3.74839 13.6405 -0.0922721 0.0167234 0.0347303 
qwerty 385 309 0.0135009 0.22913 2.12782 3.74974 13.642 -0.0894993 0.0191016 0.0403114 
qwerty 385 309 0.002546 0.226584 2.12662 3.75 13.6425 -0.0888197 0.0228015 0.0398892 
qwerty 385 309 0.00816059 0.218423 2.12453 3.75029 13.6437 -0.0875557 0.00501189 0.0480509 
qwerty 385 309 0.00665901 0.211764 2.12163 3.75057 13.6448 -0.0820247 -0.00499863 0.0569822 
qwerty 385 309 0.00440178 0.207363 2.11958 3.75081 13.6463 -0.0818179 0.0175664 0.0547472 
qwerty 385 309 0.00867669 0.198686 2.11713 3.75095 13.6476 -0.0947036 0.0193802 0.0256055 
qwerty 385 309 0.00816325 0.190523 2.1145 3.75113 13.6485 -0.0985958 0.0135434 0.00976919 
qwerty 385 309 0.00695251 0.18357 2.11139 3.75208 13.6486 -0.097705 -0.0116512 0.0178318 
qwerty 385 309 0.00654114 0.177029 2.10887 3.75149 13.6494 -0.0970619 -0.0169358 0.0170928 
qwerty 385 309 0.0066941 0.170335 2.10602 3.75025 13.6497 -0.0936747 -0.0255132 -0.0239608 
qwerty 385 309 0.00265742 0.167678 2.10511 3.75 13.6495 -0.0955377 -0.00646534 -0.0288228 
qwerty 385 309 0.00651724 0.16116 2.1034 3.74978 13.649 -0.0875089 -0.0280483 -0.0394396 
qwerty 385 309 0.0043347 0.156826 2.10175 3.74946 13.648 -0.0941332 0.0250962 -0.0225638 
qwerty 385 309 0.00580657 0.151019 2.10024 3.74982 13.6475 -0.0892926 0.0253322 -0.037217 
qwerty 385 309 0.00282945 0.14819 2.09962 3.75 13.6472 -0.0832112 0.0468976 -0.0296059 
qwerty 385 309 0.0102194 0.13797 2.09826 3.75068 13.6469 -0.0860404 0.0353222 -0.0367341 
qwerty 385 309 0.00294209 0.135028 2.09691 3.75094 13.6464 -0.0772613 0.0425096 -0.0471553 
qwerty 385 309 0.0152777 0.11975 2.0959 3.75167 13.6456 -0.0689409 0.0557397 -0.0462628 
qwerty 385 309 0.00382002 0.11593 2.09498 3.75284 13.645 -0.0607863 0.0618638 -0.0497785 
qwerty 385 309 0.00712131 0.108809 2.09387 3.75348 13.6441 -0.0383775 0.038532 -0.0839193 
qwerty 385 309 0.00621913 0.10259 2.09312 3.75371 13.6423 -0.0161675 0.0150784 -0.0975257 
qwerty 385 309 0.00538115 0.0972087 2.09283 3.75441 13.6408 0.00219379 0.0393858 -0.091891 
qwerty 385 309 0.0204916 0.0767171 2.09363 3.7553 13.6388 0.0355187 -0.0217861 -0.0909054 
qwerty 385 309 0.0161952 0.0605219 2.09444 3.75328 13.6364 0.0586748 0.0148925 -0.0795958 
qwerty 385 309 0.0109833 0.0495386 2.09611 3.75287 13.635 0.0710158 0.0426693 -0.0560008 
qwerty 385 309 0.00907956 0.040459 2.09696 3.75309 13.6337 -0.0429373 0.0368339 -0.08246 
qwerty 385 309 0.0246829 0.0157761 2.09674 3.75426 13.6326 -0.0137768 0.0932714 -0.0333263 
qwerty 385 309 0.0157761 0 2.0967 3.75455 13.6325 -0.0137768 0.0932714 -0.0333263 
qwerty 308 132 0 0.292695 1.69112 2.55893 9.7 -0.00248496 0.0197051 0.0980078 
qwerty 308 132 0 0.292695 1.674 2.69464 10.375 -0.00248496 0.0197051 0.0980078 
qwerty 308 132 0 0.292695 1.65689 2.83035 11.05 -0.00248496 0.0197051 0.0980078 
qwerty 306 132 0 3.09019 1.79815 2.65939 9.7 0.0152294 0.0341272 0.0927545 
qwerty 306 132 0 1.20376 1.84456 2.76339 9.98265 0.0593628 0.0661877 0.0457739 
qwerty 306 132 0 1.20376 2.35338 3.33071 10.375 0.0593628 0.0661877 0.0457739 
qwerty 306 132 0 1.20376 2.72943 3.75 10.665 0.0593628 0.0661877 0.0457739 
qwerty 306 132 0 1.20376 3.22877 4.30674 11.05 0.0593628 0.0661877 0.0457739 
qwerty 306 132 0 1.20376 3.75 4.8879 11.4519 0.0593628 0.0661877 0.0457739 
qwerty 306 132 0 1.20376 4.10416 5.28277 11.725 0.0593628 0.0661877 0.0457739 
qwerty 306 132 0 1.20376 4.97165 6.25 12.3939 0.0593628 0.0661877 0.0457739 
qwerty 306 132 0 1.20376 4.97955 6.2588 12.4 0.0593628 0.0661877 0.0457739 
qwerty 306 132 0 1.20376 5.85493 7.23483 13.075 0.0593628 0.0661877 0.0457739 
qwerty 306 132 0 1.20376 6.73032 8.21086 13.75 0.0593628 0.0661877 0.0457739 
qwerty 306 132 0 1.20376 7.60571 9.18689 14.425 0.0593628 0.0661877 0.0457739 
qwerty 306 132 0 1.20376 8.4811 10.1629 15.1 0.0593628 0.0661877 0.0457739 
qwerty 306 132 0 1.20376 8.75 10.4627 15.3073 0.0593628 0.0661877 0.0457739 
qwerty 306 132 0 1.10963 9.25734 11.0284 15.6985 0.0733504 0.0639666 0.0229783 
qwerty 306 132 0 1.10963 9.50139 11.2412 15.775 0.0733504 0.0639666 0.0229783 
qwerty 394 306 0.0363118 0.564044 10.0492 11.7143 15.9613 0.0470239 0.0637028 0.0610795 
qwerty 394 306 0.0442659 0.519778 10.058 11.734 15.974 0.0313458 0.0781755 0.0539076 
qwerty 394 306 0.116831 0.402948 10.062 11.7497 15.9885 0.0555725 0.0708316 0.0435267 
qwerty 394 306 0.0763024 0.326645 10.0689 11.7714 16.0036 0.080162 0.0514448 0.0304547 
qwerty 394 306 0.0663263 0.260319 10.0977 11.778 16.0184 0.0685719 -0.00186447 0.0727628 
qwerty 394 306 0.118886 0.141433 10.1399 11.7675 16.0262 0.0738202 -0.0599221 0.0309825 
qwerty 394 306 0.141433 0 10.1506 11.7588 16.0307 0.0738202 -0.0599221 0.0309825 
qwerty 393 306 0.0941313 0 9.25511 11.0304 15.7052 -0.030645 0.0268252 0.0913307 
qwerty 392 306 0.693427 1.193 1.75126 2.73704 10.2885 -0.0706131 0.0178653 0.0685174 
qwerty 392 306 0.2422 0.950801 1.66213 2.75959 10.375 -0.055981 0.0266272 0.0784674 
qwerty 392 306 0 0.370203 1.6434 2.75922 10.375 0.0967434 0.0179528 0.0178443 
qwerty 392 306 0.0152551 0.335998 1.64961 2.75983 10.3709 0.0864372 -0.00940748 -0.0493975 
qwerty 392 306 0.0432116 0.292787 1.65586 2.75935 10.3687 0.0899611 -0.00399367 -0.0434863 
qwerty 392 306 0.0217838 0.271003 1.66233 2.76038 10.3665 0.0870652 0.0228387 -0.0435665 
qwerty 392 306 0.0181386 0.252864 1.66892 2.76021 10.3636 0.0828563 -0.00267829 -0.0559255 
qwerty 392 306 0.0189714 0.233893 1.67586 2.76153 10.3598 0.0768356 -0.00548372 -0.0637669 
qwerty 392 306 0.0271995 0.206693 1.68028 2.76078 10.3531 0.0282626 0.0631058 -0.0722418 
qwerty 392 306 0.0318008 0.174893 1.68647 2.76736 10.3447 0.0418093 0.0482536 -0.0769647 
qwerty 392 306 0.0484757 0.126417 1.70098 2.77374 10.3383 0.0608617 0.0517304 -0.0601649 
qwerty 392 306 0.126417 0 1.7083 2.77997 10.331 0.0608617 0.0517304 -0.0601649 
qwerty 305 132 0 1.31305 1.79993 2.67497 9.7 0.0153574 0.0360767 0.0919925 
qwerty 305 132 0 1.31305 1.91262 2.93968 10.375 0.0153574 0.0360767 0.0919925 
qwerty 305 132 0 1.31305 2.0253 3.2044 11.05 0.0153574 0.0360767 0.0919925 
qwerty 305 132 0 1.31305 2.13799 3.46911 11.725 0.0153574 0.0360767 0.0919925 
qwerty 305 132 0 1.31305 2.25067 3.73383 12.4 0.0153574 0.0360767 0.0919925 
qwerty 305 132 0 1.31305 2.36336 3.99854 13.075 0.0153574 0.0360767 0.0919925 
qwerty 305 132 0 1.31305 2.47604 4.26326 13.75 0.0153574 0.0360767 0.0919925 
qwerty 305 132 0 0.305984 1.78973 -0.41555 14.425 -0.0148058 -0.0983381 0.0105071 
qwerty 304 132 0 9.0218 1.53746 2.21838 8.35 0.0211597 0.008259 0.0973861 
qwerty 304 132 0 9.0218 1.68412 2.27563 9.025 0.0211597 0.008259 0.0973861 
qwerty 304 132 0 9.0218 1.83078 2.33287 9.7 0.0211597 0.008259 0.0973861 
qwerty 304 132 0 9.0218 1.97745 2.39012 10.375 0.0211597 0.008259 0.0973861 
qwerty 304 132 0 9.0218 2.12411 2.44736 11.05 0.0211597 0.008259 0.0973861 
qwerty 304 132 0 9.0218 2.27077 2.50461 11.725 0.0211597 0.008259 0.0973861 
qwerty 304 132 0 9.0218 2.41743 2.56185 12.4 0.0211597 0.008259 0.0973861 
qwerty 304 132 0 9.0218 2.56409 2.61909 13.075 0.0211597 0.008259 0.0973861 
qwerty 304 132 0 9.0218 2.71076 2.67634 13.75 0.0211597 0.008259 0.0973861 
qwerty 304 132 0 9.0218 2.85742 2.73358 14.425 0.0211597 0.008259 0.0973861 
qwerty 304 132 0 9.0218 3.00408 2.79083 15.1 0.0211597 0.008259 0.0973861 
qwerty 304 132 0 9.0218 3.15074 2.84807 15.775 0.0211597 0.008259 0.0973861 
qwerty 304 132 0 5.59228 3.17199 2.83233 16.45 -0.00147449 -0.00501741 0.0998632 
qwerty 304 132 0 5.59228 3.16202 2.79841 17.125 -0.00147449 -0.00501741 0.0998632 
qwerty 304 132 0 5.59228 3.15206 2.7645 17.8 -0.00147449 -0.00501741 0.0998632 
qwerty 398 304 0.213319 0.958832 3.24543 2.76163 16.0553 0.0339557 -0.0276111 0.0899146 
qwerty 398 304 0.671815 0.287017 3.26457 2.70196 16.1632 0.00692339 0.0225119 0.0971868 
qwerty 398 304 0.287017 0 3.26773 2.71224 16.2075 0.00692339 0.0225119 0.0971868 
qwerty 401 398 0.247039 0.97475 3.14404 2.96357 16.0131 -0.0050975 0.0476703 0.0877585 
qwerty 401 398 0.222498 0.752252 3.13048 3.0345 16.1015 0.0529852 0.0026272 0.0847683 
qwerty 401 398 0.282023 0.47023 3.23885 3.03793 16.1726 0.0394086 -0.00477086 0.0917835 
qwerty 401 398 0.342792 0.127437 3.2758 3.03346 16.2587 -0.00689226 0.0500646 0.0862904 
qwerty 401 398 0.127437 0 3.27496 3.03956 16.2692 -0.00689226 0.0500646 0.0862904 
qwerty 303 132 0 0.73084 1.52965 2.29199 8.35 0.0206894 0.0248538 0.0946268 
qwerty 303 132 0 0.73084 1.67723 2.46928 9.025 0.0206894 0.0248538 0.0946268 
qwerty 303 132 0 0.73084 1.82482 2.64657 9.7 0.0206894 0.0248538 0.0946268 
qwerty 303 132 0 0.572153 1.51613 2.98676 10.375 -0.038035 0.041705 0.0825472 
qwerty 303 132 0 0.572153 1.20512 3.32779 11.05 -0.038035 0.041705 0.0825472 
qwerty 303 132 0 0.572153 0.894099 3.66881 11.725 -0.038035 0.041705 0.0825472 
qwerty 302 134 0 0.510999 1.94591 3.29245 12.4 -0.00629759 0.0540848 0.083876 
qwerty 302 134 0 0.510999 1.89523 3.7277 13.075 -0.00629759 0.0540848 0.083876 
qwerty 302 134 0 0.510999 1.84455 4.16295 13.75 -0.00629759 0.0540848 0.083876 
qwerty 302 134 0 0.510999 1.79386 4.59821 14.425 -0.00629759 0.0540848 0.083876 
qwerty 302 134 0 0.510999 1.74318 5.03346 15.1 -0.00629759 0.0540848 0.083876 
qwerty 302 134 0 0.510999 1.6925 5.46871 15.775 -0.00629759 0.0540848 0.083876 
qwerty 302 134 0 0.510999 1.64182 5.90396 16.45 -0.00629759 0.0540848 0.083876 
qwerty 301 134 0 0.510999 2.03413 2.53479 11.225 0.00629759 -0.0540848 -0.083876 
qwerty 300 134 0 2.27207 2.43631 3.06926 12.4 0.0651257 0.0136964 0.0746395 
qwerty 300 134 0 2.27207 3.02527 3.19312 13.075 0.0651257 0.0136964 0.0746395 
qwerty 300 134 0 2.27207 3.61423 3.31699 13.75 0.0651257 0.0136964 0.0746395 
qwerty 300 134 0 2.27207 4.20319 3.44085 14.425 0.0651257 0.0136964 0.0746395 
qwerty 300 134 0 2.27207 4.79216 3.56471 15.1 0.0651257 0.0136964 0.0746395 
qwerty 300 134 0 2.27207 5.38112 3.68858 15.775 0.0651257 0.0136964 0.0746395 
qwerty 300 134 0 2.27207 5.67318 3.75 16.1097 0.0651257 0.0136964 0.0746395 
qwerty 300 134 0 2.27207 5.97008 3.81244 16.45 0.0651257 0.0136964 0.0746395 
qwerty 300 134 0 2.27207 6.25 3.87131 16.7708 0.0651257 0.0136964 0.0746395 
qwerty 300 134 0 2.27207 6.55904 3.9363 17.125 0.0651257 0.0136964 0.0746395 
qwerty 300 134 0 2.27207 7.14801 4.06017 17.8 0.0651257 0.0136964 0.0746395 
qwerty 300 134 0 0.795582 7.23033 3.58412 18.475 0.00897245 -0.0581058 0.0808901 
qwerty 300 134 0 0.795582 7.3052 3.09924 19.15 0.00897245 -0.0581058 0.0808901 
qwerty 300 134 0 0.532864 7.34609 2.83443 19.5187 0.0554752 -0.0806678 0.0203767 
qwerty 300 134 0 0.532864 8.18012 1.62165 19.825 0.0554752 -0.0806678 0.0203767 
qwerty 407 300 0.262718 0 7.33075 2.83221 19.5552 -0.0385953 -0.00558208 0.0920828 
qwerty 406 300 0.0848599 0.776321 7.20699 4.11785 17.7603 0.00294426 0.0789857 -0.0612584 
qwerty 406 300 0.112759 0.663562 7.19471 4.16101 17.7177 0.00317953 -0.0204804 -0.0978287 
qwerty 406 300 0.202867 0.460695 7.19556 4.1534 17.6661 -0.062516 -0.0287285 -0.0725701 
qwerty 406 300 0.151358 0.309337 7.15744 4.10376 17.6265 -0.0635663 -0.0762976 -0.0117471 
qwerty 406 300 0.309337 0 7.12485 4.06464 17.6205 -0.0635663 -0.0762976 -0.0117471 
qwerty 299 134 0 1.59102 1.88167 3.069 12.4 -0.0127583 0.0186054 0.0974221 
qwerty 299 134 0 1.59102 1.79327 3.19791 13.075 -0.0127583 0.0186054 0.0974221 
qwerty 299 134 0 1.59102 1.70487 3.32682 13.75 -0.0127583 0.0186054 0.0974221 
qwerty 299 134 0 1.59102 1.61647 3.45572 14.425 -0.0127583 0.0186054 0.0974221 
qwerty 299 134 0 1.59102 1.52808 3.58463 15.1 -0.0127583 0.0186054 0.0974221 
qwerty 299 134 0 1.59102 1.43968 3.71354 15.775 -0.0127583 0.0186054 0.0974221 
qwerty 299 134 0 1.59102 1.41468 3.75 15.9659 -0.0127583 0.0186054 0.0974221 
qwerty 299 134 0 1.59102 1.35128 3.84245 16.45 -0.0127583 0.0186054 0.0974221 
qwerty 299 134 0 1.59102 1.26289 3.97136 17.125 -0.0127583 0.0186054 0.0974221 
qwerty 299 134 0 1.59102 1.17449 4.10027 17.8 -0.0127583 0.0186054 0.0974221 
qwerty 299 134 0 1.59102 1.08609 4.22918 18.475 -0.0127583 0.0186054 0.0974221 
qwerty 299 134 0 1.59102 0.997695 4.35809 19.15 -0.0127583 0.0186054 0.0974221 
qwerty 299 134 0 1.59102 0.909298 4.487 19.825 -0.0127583 0.0186054 0.0974221 
qwerty 299 134 0 1.59102 0.820901 4.61591 20.5 -0.0127583 0.0186054 0.0974221 
qwerty 299 134 0 1.59102 0.732504 4.74482 21.175 -0.0127583 0.0186054 0.0974221 
qwerty 299 134 0 1.59102 0.644107 4.87373 21.85 -0.0127583 0.0186054 0.0974221 
qwerty 299 134 0 1.59102 0.55571 5.00264 22.525 -0.0127583 0.0186054 0.0974221 
qwerty 299 134 0 1.59102 0.467313 5.13155 23.2 -0.0127583 0.0186054 0.0974221 
qwerty 299 134 0 1.59102 0.378916 5.26045 23.875 -0.0127583 0.0186054 0.0974221 
qwerty 298 141 0 0.510999 0.217127 3.75 13.4646 0.0281193 0.0483157 0.082915 
qwerty 298 141 0 0.510999 0.313919 3.91631 13.75 0.0281193 0.0483157 0.082915 
qwerty 298 141 0 0.510999 0.542834 4.30964 14.425 0.0281193 0.0483157 0.082915 
qwerty 298 141 0 0.510999 0.77175 4.70298 15.1 0.0281193 0.0483157 0.082915 
qwerty 298 141 0 0.510999 1.00067 5.09631 15.775 0.0281193 0.0483157 0.082915 
qwerty 298 141 0 0.510999 1.22958 5.48964 16.45 0.0281193 0.0483157 0.082915 
qwerty 297 141 0 0.510999 -0.0845644 3.23162 12.575 -0.0281193 -0.0483157 -0.082915 
qwerty 297 141 0 0.510999 -0.31348 2.83829 11.9 -0.0281193 -0.0483157 -0.082915 
qwerty 296 149 0 0.510999 1.31306 4.46344 7.175 -0.00317665 0.0971623 -0.0234393 
qwerty 296 149 0 0.503369 1.40936 6.25 6.57178 0.00868627 0.0930777 -0.035512 
qwerty 296 149 0 0.503369 1.42692 6.43814 6.5 0.00868627 0.0930777 -0.035512 
qwerty 296 149 0 0.41135 2.05341 8.67103 7 0.0282776 0.0914455 0.0289499 
qwerty 292 207 0 0.510999 -0.999734 -3.8043 6.325 0.0154407 -0.0217381 0.0963797 
qwerty 292 207 0 0.510999 -0.891595 -3.95654 7 0.0154407 -0.0217381 0.0963797 
qwerty 292 207 0 0.510999 -0.566039 -3.92881 7.675 0.0448079 0.00512441 0.0892524 
qwerty 292 207 0 0.29768 -0.776032 -2.32057 8.35 -0.0148183 0.0929202 0.0338565 
qwerty 291 207 0 0.510999 -1.18798 -3.53928 5.15 -0.0154407 0.0217381 -0.0963797 
qwerty 290 226 0 0.510999 2.59652 5.69875 7.175 0.0512873 0.0192141 -0.0836686 
qwerty 290 226 0 0.510999 3.01029 5.85376 6.5 0.0512873 0.0192141 -0.0836686 
qwerty 289 226 0 0.510999 2.29003 5.58392 7.675 -0.0512873 -0.0192141 0.0836686 
qwerty 289 226 0 0.510999 1.87627 5.42891 8.35 -0.0512873 -0.0192141 0.0836686 
qwerty 286 226 0 2.51983 2.69403 4.61855 7.675 0.0541972 0.0371213 0.0753968 
qwerty 286 226 0 2.51983 3.17924 4.95089 8.35 0.0541972 0.0371213 0.0753968 
qwerty 286 226 0 2.51983 3.66444 5.28322 9.025 0.0541972 0.0371213 0.0753968 
qwerty 286 226 0 2.51983 4.14965 5.61555 9.7 0.0541972 0.0371213 0.0753968 
qwerty 286 226 0 2.51983 4.63486 5.94789 10.375 0.0541972 0.0371213 0.0753968 
qwerty 285 226 0 6.90725 2.90131 5.0056 7.675 0.0591561 0.0617578 0.0518318 
qwerty 285 226 0 6.90725 3.67169 5.80987 8.35 0.0591561 0.0617578 0.0518318 
qwerty 285 226 0 6.90725 4.44208 6.61413 9.025 0.0591561 0.0617578 0.0518318 
qwerty 285 226 0 3.82419 5.33962 7.02319 9.7 0.0759924 0.0319795 0.0565903 
qwerty 285 226 0 3.82419 6.24604 7.40463 10.375 0.0759924 0.0319795 0.0565903 
qwerty 285 226 0 3.38826 7.38221 8.05599 11.05 0.077108 0.0457798 0.0442557 
qwerty 285 226 0 3.38826 8.55828 8.75424 11.725 0.077108 0.0457798 0.0442557 
qwerty 285 226 0 3.38826 9.73435 9.45248 12.4 0.077108 0.0457798 0.0442557 
qwerty 285 226 0 3.38826 10.9104 10.1507 13.075 0.077108 0.0457798 0.0442557 
qwerty 285 226 0 3.38826 12.0865 10.849 13.75 0.077108 0.0457798 0.0442557 
qwerty 285 226 0 0.539498 13.7303 10.5686 14.0706 0.0575843 0.0611618 0.0542521 
qwerty 285 226 0 0.539498 13.75 10.5895 14.0891 0.0575843 0.0611618 0.0542521 
qwerty 285 226 0 0.539498 14.1065 10.9682 14.425 0.0575843 0.0611618 0.0542521 
qwerty 285 226 0 0.539498 14.3719 11.25 14.675 0.0575843 0.0611618 0.0542521 
qwerty 285 226 0 0.539498 14.823 11.7291 15.1 0.0575843 0.0611618 0.0542521 
qwerty 285 226 0 0.539498 15.5395 12.4901 15.775 0.0575843 0.0611618 0.0542521 
qwerty 285 226 0 0.539498 16.2559 13.2511 16.45 0.0575843 0.0611618 0.0542521 
qwerty 285 226 0 0.453119 18.75 14.1996 17.0146 0.0935528 0.0311941 0.016577 
qwerty 285 226 0 0.453119 19.3729 14.4073 17.125 0.0935528 0.0311941 0.016577 
qwerty 282 262 0 0.510999 1.2845 3.24625 9.875 -0.00411603 0.0508025 -0.0860358 
qwerty 282 262 0 0.510999 1.25221 3.64482 9.2 -0.00411603 0.0508025 -0.0860358 
qwerty 282 262 0 0.510999 1.21992 4.04339 8.525 -0.00411603 0.0508025 -0.0860358 
qwerty 282 262 0 0.4696 1.44788 4.37488 7.85 0.0362798 0.0394558 -0.0844217 
qwerty 282 262 0 0.4696 1.73796 4.69035 7.175 0.0362798 0.0394558 -0.0844217 
qwerty 281 262 0 0.510999 1.34071 2.55243 11.05 0.00411603 -0.0508025 0.0860358 
qwerty 280 277 0 0.510999 -1.0184 -12.556 7.675 -0.0184541 -0.0730135 0.0657911 
qwerty 280 277 0 0.301679 0.0164483 -12.7681 8.35 0.0835078 -0.015465 0.0527947 
qwerty 280 277 0 0.301679 1.08413 -12.9658 9.025 0.0835078 -0.015465 0.0527947 
qwerty 279 277 0 0.510999 -0.842464 -11.25 6.80239 0.00330962 0.0901891 -0.0430695 
qwerty 279 277 0 0.238117 -0.82745 -10.8409 6.60701 0.0863253 0.00464684 0.0502628 
qwerty 279 277 0 0.238117 -0.152489 -10.8045 7 0.0863253 0.00464684 0.0502628 
qwerty 453 279 0.272882 0 -0.840837 -10.8089 6.58289 -0.031735 0.0756689 -0.0571586 
qwerty 440 285 0.037049 0.570753 13.7494 10.554 14.0681 0.0510381 -0.0853253 -0.0107099 
qwerty 440 285 0.00153265 0.569221 13.75 10.5529 14.068 0.0523826 -0.0849856 -0.00578981 
qwerty 440 285 0.191919 0.377301 13.7645 10.5362 14.0625 0.0788735 -0.061139 -0.00640272 
qwerty 440 285 0.0511175 0.326184 13.78 10.5256 14.0673 0.0822053 -0.0535141 0.0194559 
qwerty 440 285 0.0505229 0.275661 13.7928 10.5097 14.0696 0.0380351 -0.0807782 0.0450357 
qwerty 440 285 0.0963473 0.179314 13.8178 10.4949 14.0835 0.0306202 -0.0824321 0.0476167 
qwerty 440 285 0.179314 0 13.8244 10.4772 14.0937 0.0306202 -0.0824321 0.0476167 
qwerty 468 437 0 0.844689 4.72804 5.96328 8.525 0.0224963 -0.0759003 -0.0610988 
qwerty 467 439 0 0.140172 12.1537 10.9148 13.25 -0.0218646 -0.00654728 -0.0973605 
qwerty 466 344 0 0.510999 1.08829 -20.2733 11.725 0.0934708 -0.0270779 0.0230217 
qwerty 466 344 0 0.437198 1.74273 -20.6495 12.4 0.0608188 -0.0375745 0.0699231 
qwerty 466 344 0 0.437198 2.32984 -21.0122 13.075 0.0608188 -0.0375745 0.0699231 
qwerty 466 344 0 0.437198 2.71472 -21.25 13.5175 0.0608188 -0.0375745 0.0699231 
qwerty 466 344 0 0.437198 2.91695 -21.3749 13.75 0.0608188 -0.0375745 0.0699231 
qwerty 464 373 0 0.510999 2.71327 2.56439 15.275 0.0611749 0.028996 -0.0735994 
qwerty 464 373 0 0.510999 3.27432 2.83032 14.6 0.0611749 0.028996 -0.0735994 
qwerty 463 373 0 0.510999 1.73662 2.10147 16.45 -0.0611749 -0.028996 0.0735994 
qwerty 463 373 0 0.510999 1.25 1.87082 17.0355 -0.0611749 -0.028996 0.0735994 
qwerty 463 373 0 0.510999 1.17557 1.83554 17.125 -0.0611749 -0.028996 0.0735994 
qwerty 462 381 0 0.510999 2.32065 3.70664 12.4 0.0173303 -0.00342192 0.0984274 
qwerty 462 381 0 0.510999 2.4395 3.68317 13.075 0.0173303 -0.00342192 0.0984274 
qwerty 462 381 0 0.510999 2.55835 3.6597 13.75 0.0173303 -0.00342192 0.0984274 
qwerty 462 381 0 0.510999 2.67719 3.63623 14.425 0.0173303 -0.00342192 0.0984274 
qwerty 462 381 0 0.510999 2.79604 3.61277 15.1 0.0173303 -0.00342192 0.0984274 
qwerty 479 478 0 0.168113 2.88504 3.47972 15.775 0.0116076 -0.0229374 0.0966392 
qwerty 461 381 0 0.510999 2.11377 3.74749 11.225 -0.0173303 0.00342192 -0.0984274 
qwerty 461 381 0 0.510999 1.99492 3.77095 10.55 -0.0173303 0.00342192 -0.0984274 
qwerty 461 381 0 0.510999 1.87607 3.79442 9.875 -0.0173303 0.00342192 -0.0984274 
qwerty 460 400 0 0.510999 2.69477 2.44507 17.3 -0.0575166 -0.0370658 -0.0729244 
qwerty 460 400 0 0.510999 2.16239 2.10198 16.625 -0.0575166 -0.0370658 -0.0729244 
qwerty 460 400 0 0.510999 1.63001 1.7589 15.95 -0.0575166 -0.0370658 -0.0729244 
qwerty 460 400 0 0.510999 1.25 1.51401 15.4682 -0.0575166 -0.0370658 -0.0729244 
qwerty 460 400 0 0.510999 1.09762 1.41581 15.275 -0.0575166 -0.0370658 -0.0729244 
qwerty 460 400 0 0.510999 0.840329 1.25 14.9488 -0.0575166 -0.0370658 -0.0729244 
qwerty 460 400 0 0.510999 0.565241 1.07272 14.6 -0.0575166 -0.0370658 -0.0729244 
qwerty 460 400 0 0.510999 0.0328578 0.729636 13.925 -0.0575166 -0.0370658 -0.0729244 
qwerty 460 400 0 0.510999 -0.499525 0.386549 13.25 -0.0575166 -0.0370658 -0.0729244 
qwerty 460 400 0 0.510999 -1.03191 0.0434619 12.575 -0.0575166 -0.0370658 -0.0729244 
qwerty 460 400 0 0.510999 -1.56429 -0.299625 11.9 -0.0575166 -0.0370658 -0.0729244 
qwerty 460 400 0 0.510999 -2.09667 -0.642712 11.225 -0.0575166 -0.0370658 -0.0729244 
qwerty 460 400 0 0.510999 -2.62906 -0.985799 10.55 -0.0575166 -0.0370658 -0.0729244 
qwerty 460 400 0 0.510999 -3.16144 -1.32889 9.875 -0.0575166 -0.0370658 -0.0729244 
qwerty 460 400 0 0.510999 -3.69382 -1.67197 9.2 -0.0575166 -0.0370658 -0.0729244 
qwerty 460 400 0 0.510999 -4.2262 -2.01506 8.525 -0.0575166 -0.0370658 -0.0729244 
qwerty 460 400 0 0.510999 -4.75859 -2.35815 7.85 -0.0575166 -0.0370658 -0.0729244 
qwerty 460 400 0 0.510999 -5.29097 -2.70123 7.175 -0.0575166 -0.0370658 -0.0729244 
qwerty 460 400 0 0.510999 -5.82335 -3.04432 6.5 -0.0575166 -0.0370658 -0.0729244 
qwerty 459 400 0 0.510999 3.62151 3.0423 18.475 0.0575166 0.0370658 0.0729244 
qwerty 459 400 0 0.510999 4.1539 3.38538 19.15 0.0575166 0.0370658 0.0729244 
qwerty 458 400 0 1.4507 3.2249 2.93637 18.475 0.00743868 0.0318283 0.0945073 
qwerty 458 400 0 1.4507 3.27803 3.1637 19.15 0.00743868 0.0318283 0.0945073 
qwerty 458 400 0 1.4507 3.33116 3.39103 19.825 0.00743868 0.0318283 0.0945073 
qwerty 458 400 0 1.4507 3.38429 3.61835 20.5 0.00743868 0.0318283 0.0945073 
qwerty 458 400 0 1.4507 3.43742 3.84568 21.175 0.00743868 0.0318283 0.0945073 
qwerty 458 400 0 1.4507 3.49054 4.07301 21.85 0.00743868 0.0318283 0.0945073 
qwerty 458 400 0 1.4507 3.54367 4.30034 22.525 0.00743868 0.0318283 0.0945073 
qwerty 458 400 0 1.4507 3.5968 4.52766 23.2 0.00743868 0.0318283 0.0945073 
qwerty 457 413 0 0.289876 0.409858 7.09766 23.786 0.0949301 0.0231682 0.0212486 
qwerty 457 413 0 0.289876 0.807632 7.19474 23.875 0.0949301 0.0231682 0.0212486 
qwerty 487 457 0.221123 0 0.394533 7.1232 23.7808 -0.0507025 0.084496 -0.0170201 
