qwerty 1 0 0 206.197 0 0 -0.249992 0 0 0.1 
qwerty 3 1 0 265.296 0.0960104 0.0385686 0.25 0.018804 0.0075538 0.0979252 
qwerty 2 1 0 75.8782 -0.465809 -0.187121 0.25 -0.065745 -0.0264106 0.0705697 
qwerty 2 1 0 75.8782 -1.09466 -0.439739 0.925 -0.065745 -0.0264106 0.0705697 
qwerty 7 2 1.079 31.8612 -1.54007 -0.673214 1.6 -0.0499228 -0.0289612 0.0816637 
qwerty 7 2 0.840916 16.3849 -1.57037 -0.72057 2.275 0.00660187 -0.00365505 0.0997149 
qwerty 7 2 0.995668 9.19364 -1.00414 -0.666009 2.95 0.0774969 -0.0279053 0.0567057 
qwerty 7 2 0 7.76019 -0.930891 -0.71806 2.95 0.079049 -0.0605751 0.00905082 
qwerty 7 2 0.64463 4.5742 -0.778249 -1.00696 2.71466 0.00897606 -0.0755191 -0.0649331 
qwerty 7 2 0.720942 3.85326 -0.749361 -1.25 2.50569 -0.00903656 -0.0990312 -0.0105437 
qwerty 7 2 0.258543 2.87002 -0.76621 -1.34872 2.48897 -0.00209486 -0.0954998 -0.0295873 
qwerty 7 2 0.238334 2.63169 -0.76897 -1.47451 2.45 -0.0172837 -0.0976006 -0.0132435 
qwerty 7 2 0.828965 1.68887 -0.842535 -1.88428 2.50008 -0.0229543 -0.093067 0.0284893 
qwerty 7 2 0.60575 1.08312 -0.831849 -2.17703 2.55883 -0.0189203 -0.0791532 0.0581102 
qwerty 7 2 0.483914 0.599208 -0.790898 -2.30771 2.74711 0.00254802 -0.0666545 0.074503 
qwerty 7 2 0.527139 0.0720685 -0.868041 -2.42724 2.80875 -0.0641041 -0.0444248 0.0625867 
qwerty 7 2 0.0720685 0 -0.8709 -2.42922 2.81154 -0.0641041 -0.0444248 0.0625867 
qwerty 7 2 0 0 -0.8709 -2.42922 2.81154 -0.0641041 -0.0444248 0.0625867 
qwerty 5 3 0.950919 5.11931 0.206147 0.0269207 0.925 0.0120497 -0.00286854 0.0992299 
qwerty 23 7 0.0707986 0.653895 -0.775389 -1.37827 2.50903 0.014748 -0.0557648 0.0816871 
qwerty 23 7 0.0567575 0.597138 -0.765176 -1.39364 2.5328 0.0427486 -0.0323949 0.0843987 
qwerty 23 7 0.0809496 0.516188 -0.731534 -1.40652 2.56268 0.0642105 0.0295606 0.0707332 
qwerty 23 7 0.155501 0.360687 -0.691447 -1.41032 2.60766 -0.0184009 -0.0346102 0.0919975 
qwerty 23 7 0.360687 0 -0.703377 -1.43276 2.66731 0.0822165 0.0362212 -0.0439144 
qwerty 22 7 0.27534 0.741077 -0.682035 -1.10357 2.76046 0.0380475 -0.0673318 0.0633942 
qwerty 22 7 0.158153 0.582924 -0.664198 -1.17917 2.80867 -0.0269823 -0.088097 0.0388699 
qwerty 22 7 0.140046 0.442878 -0.67812 -1.24315 2.82398 0.0549414 -0.0827024 0.0119063 
qwerty 22 7 0.0118398 0.431038 -0.673569 -1.25 2.82497 0.0521881 -0.0841578 0.0139236 
qwerty 22 7 0.014836 0.416202 -0.667142 -1.25965 2.82816 0.0768687 -0.0501961 0.0396429 
qwerty 22 7 0.0244515 0.391751 -0.659598 -1.26433 2.83052 0.0746695 -0.0583481 0.0319369 
qwerty 22 7 0.0182762 0.373475 -0.651617 -1.26834 2.83268 0.0628884 -0.0664155 0.0404232 
qwerty 22 7 0.0364166 0.337058 -0.64694 -1.27612 2.83709 0.042801 -0.0842537 0.0327014 
qwerty 22 7 0.0635248 0.273533 -0.63657 -1.28699 2.84131 0.0583674 -0.0773561 0.0246836 
qwerty 22 7 0.0744761 0.199057 -0.621012 -1.29976 2.85387 0.0866653 -0.0434383 0.0245407 
qwerty 22 7 0.102371 0.0966863 -0.611721 -1.32627 2.86539 -0.0324908 0.000378887 0.0945738 
qwerty 22 7 0.0966863 0 -0.614196 -1.32624 2.87259 -0.0324908 0.000378887 0.0945738 
qwerty 4 3 0.828011 166.687 0.204963 0.0888292 0.925 0.0153345 0.00605531 0.0986316 
qwerty 4 3 1.17197 155.813 0.335226 0.0955239 1.6 0.0206002 0.00105541 0.0978495 
qwerty 4 3 0.965709 133.743 0.476328 0.073617 2.275 0.0206987 -0.00357878 0.0977689 
qwerty 4 3 0.609016 129.356 0.588784 0.070853 2.77918 0.0217186 0.00104031 0.0976075 
qwerty 4 3 0.290048 129.066 0.626793 0.0726737 2.95 0.0217942 0.00157127 0.0975835 
qwerty 4 3 0.922143 115.473 0.794886 0.0682853 3.625 0.0246391 0.0004724 0.0969159 
qwerty 4 3 0.888338 104.27 0.958315 0.0966472 4.3 0.0210809 0.00461634 0.0976437 
qwerty 4 3 0.0258929 64.8417 0.991072 0.117067 4.49248 0.0182625 0.0176696 0.0967175 
qwerty 4 3 0.19212 64.232 1.01022 0.136834 4.59557 0.0162495 0.0169024 0.0972125 
qwerty 4 3 0.769688 63.4623 1.07364 0.202806 4.975 0.0196624 0.0178792 0.096404 
qwerty 4 3 0.89144 51.77 1.21622 0.222361 5.65 0.0218568 -0.000977742 0.0975773 
qwerty 4 3 0.912571 47.3991 1.56674 0.309382 6.325 0.0491529 0.0145194 0.0858672 
qwerty 4 3 0.89228 9.05505 1.6631 0.491687 7 0.0119713 0.0396906 0.0910019 
qwerty 55 4 0.15109 0.266456 1.00226 0.175763 4.66478 -0.0591782 0.0458955 0.0662687 
qwerty 55 4 0.266456 0 0.978216 0.194414 4.69171 -0.0591782 0.0458955 0.0662687 
qwerty 54 4 0.152909 0.829302 1.03247 0.100702 4.5567 0.011631 -0.0434766 0.0893001 
qwerty 54 4 0.397524 0.431778 1.04824 0.0838924 4.63566 0.0384282 0.00278923 0.0922794 
qwerty 54 4 0.197765 0.234013 1.11554 0.0633414 4.68895 0.024646 -0.0959096 0.0139256 
qwerty 54 4 0.234013 0 1.1237 0.0316042 4.69356 0.024646 -0.0959096 0.0139256 
qwerty 40 4 0.283713 0 0.632056 0.0717502 2.79087 0.096521 0.00200111 0.0260709 
qwerty 66 4 0 2.30889 3.12018 1.54153 7.675 0.0732967 0.0618274 0.0283718 
qwerty 66 4 0 0.865336 3.61576 1.67659 8.35 0.0500911 0.0029487 0.0864996 
qwerty 66 4 0 0.865336 3.75 1.68449 8.58181 0.0500911 0.0029487 0.0864996 
qwerty 66 4 0 0.865336 4.00665 1.6996 9.025 0.0500911 0.0029487 0.0864996 
qwerty 66 4 0 0.865336 4.39753 1.72261 9.7 0.0500911 0.0029487 0.0864996 
qwerty 66 4 0 0.865336 4.78842 1.74562 10.375 0.0500911 0.0029487 0.0864996 
qwerty 66 4 0 0.865336 5.17931 1.76863 11.05 0.0500911 0.0029487 0.0864996 
qwerty 66 4 0 0.653558 5.14961 1.90067 11.725 -0.00829235 0.0201283 0.0976017 
qwerty 66 4 0 0.653558 5.09226 2.03987 12.4 -0.00829235 0.0201283 0.0976017 
qwerty 63 4 0 0.504625 1.632 0.724636 7.675 -0.00446943 0.0313789 0.094844 
qwerty 63 4 0 0.504625 1.60019 0.947958 8.35 -0.00446943 0.0313789 0.094844 
qwerty 63 4 0 0.504625 1.56839 1.17128 9.025 -0.00446943 0.0313789 0.094844 
qwerty 63 4 0 0.504625 1.55717 1.25 9.26293 -0.00446943 0.0313789 0.094844 
qwerty 63 4 0 0.504625 1.53658 1.3946 9.7 -0.00446943 0.0313789 0.094844 
qwerty 63 4 0 0.504625 1.50477 1.61793 10.375 -0.00446943 0.0313789 0.094844 
qwerty 63 4 0 0.504625 1.47296 1.84125 11.05 -0.00446943 0.0313789 0.094844 
qwerty 63 4 0 0.504625 1.44115 2.06457 11.725 -0.00446943 0.0313789 0.094844 
qwerty 63 4 0 0.175184 1.53834 1.55181 11.225 0.0127376 -0.067933 -0.0722693 
qwerty 63 4 0 0.175184 1.59493 1.25 10.9039 0.0127376 -0.067933 -0.0722693 
qwerty 63 4 0 0.175184 1.65731 0.917312 10.55 0.0127376 -0.067933 -0.0722693 
qwerty 61 4 0 10.8439 1.61185 0.459212 7 -0.00232656 0.0227767 0.0973438 
qwerty 61 4 0 10.8439 1.59572 0.61715 7.675 -0.00232656 0.0227767 0.0973438 
qwerty 61 4 0 10.8439 1.57958 0.775088 8.35 -0.00232656 0.0227767 0.0973438 
qwerty 61 4 0 10.8439 1.56345 0.933025 9.025 -0.00232656 0.0227767 0.0973438 
qwerty 61 4 0 10.8439 1.54732 1.09096 9.7 -0.00232656 0.0227767 0.0973438 
qwerty 61 4 0 10.8439 1.53118 1.2489 10.375 -0.00232656 0.0227767 0.0973438 
qwerty 61 4 0 10.8439 1.51505 1.40684 11.05 -0.00232656 0.0227767 0.0973438 
qwerty 61 4 0 10.8439 1.49892 1.56478 11.725 -0.00232656 0.0227767 0.0973438 
qwerty 60 4 0 23.9426 1.95558 0.395914 7 0.050052 0.010113 0.0859798 
qwerty 60 4 0 23.9426 2.34852 0.475308 7.675 0.050052 0.010113 0.0859798 
qwerty 60 4 0 23.9426 2.74147 0.554702 8.35 0.050052 0.010113 0.0859798 
qwerty 60 4 0 23.9426 3.13441 0.634096 9.025 0.050052 0.010113 0.0859798 
qwerty 60 4 0 23.9426 3.52735 0.71349 9.7 0.050052 0.010113 0.0859798 
qwerty 60 4 0 23.9426 3.75 0.758476 10.0825 0.050052 0.010113 0.0859798 
qwerty 60 4 0 23.9426 3.9203 0.792884 10.375 0.050052 0.010113 0.0859798 
qwerty 60 4 0 23.9426 4.31324 0.872278 11.05 0.050052 0.010113 0.0859798 
qwerty 60 4 0 23.9426 4.70618 0.951672 11.725 0.050052 0.010113 0.0859798 
qwerty 60 4 0 23.9426 5.09912 1.03107 12.4 0.050052 0.010113 0.0859798 
qwerty 60 4 0 23.9426 5.49207 1.11046 13.075 0.050052 0.010113 0.0859798 
qwerty 60 4 0 23.9426 5.88501 1.18985 13.75 0.050052 0.010113 0.0859798 
qwerty 60 4 0 20.635 6.08657 1.23058 14.0962 0.0516161 0.0179242 0.0837526 
qwerty 60 4 0 20.635 6.25 1.28733 14.3614 0.0516161 0.0179242 0.0837526 
qwerty 60 4 0 20.635 6.28918 1.30094 14.425 0.0516161 0.0179242 0.0837526 
qwerty 60 4 0 20.635 6.70518 1.4454 15.1 0.0516161 0.0179242 0.0837526 
qwerty 60 4 0 20.635 7.12117 1.58986 15.775 0.0516161 0.0179242 0.0837526 
qwerty 60 4 0 20.635 7.53717 1.73431 16.45 0.0516161 0.0179242 0.0837526 
qwerty 60 4 0 20.635 7.95317 1.87877 17.125 0.0516161 0.0179242 0.0837526 
qwerty 60 4 0 20.635 8.36916 2.02323 17.8 0.0516161 0.0179242 0.0837526 
qwerty 60 4 0 20.635 8.75 2.15548 18.4179 0.0516161 0.0179242 0.0837526 
qwerty 60 4 0 20.635 8.78516 2.16769 18.475 0.0516161 0.0179242 0.0837526 
qwerty 60 4 0 20.635 9.20116 2.31215 19.15 0.0516161 0.0179242 0.0837526 
qwerty 60 4 0 20.635 9.61716 2.45661 19.825 0.0516161 0.0179242 0.0837526 
qwerty 60 4 0 20.635 10.0332 2.60107 20.5 0.0516161 0.0179242 0.0837526 
qwerty 83 60 1.1909 13.3958 10.3505 2.77885 21.175 0.0437343 0.0200958 0.0876554 
qwerty 82 60 0.547524 2.76007 6.21921 1.10346 14.425 0.0271664 -0.021813 0.0937346 
qwerty 82 60 0.132906 1.67764 6.25 1.08623 14.3736 0.0270927 -0.0374003 -0.0886972 
qwerty 82 60 0.458659 1.21898 6.2842 0.944154 14.1252 0.0408767 -0.0699935 -0.0585663 
qwerty 82 60 0.432175 0.786802 6.37147 0.742935 14.0469 0.00906862 -0.0687255 -0.0720734 
qwerty 82 60 0.52679 0.260011 6.38542 0.640865 13.9277 -0.00134777 -0.000931543 -0.0999866 
qwerty 82 60 0.00339943 0.256612 6.38538 0.64084 13.925 0.0113335 -0.0119442 -0.0986351 
qwerty 82 60 0.00579946 0.202386 6.38706 0.641242 13.9271 0.073512 0.0282853 0.0616111 
qwerty 82 60 0.00686456 0.195521 6.38889 0.642316 13.929 0.0809949 0.00469766 0.0584616 
qwerty 82 60 0.0193752 0.176146 6.39082 0.642628 13.93 0.0732636 0.0394118 0.0554902 
qwerty 82 60 0.0069574 0.169188 6.39255 0.643879 13.9322 0.0797323 0.0230949 0.0557619 
qwerty 82 60 0.0106674 0.158521 6.39526 0.645181 13.9344 0.0600607 0.0246366 0.0760641 
qwerty 82 60 0.0132975 0.145223 6.39831 0.645279 13.9376 0.0608597 0.0513175 0.0605195 
qwerty 82 60 0.0329189 0.112305 6.40419 0.649974 13.9402 -0.036405 0.0542724 -0.0756914 
qwerty 82 60 0.0444336 0.067871 6.39918 0.656278 13.9376 -0.0779117 0.0553057 -0.0295134 
qwerty 82 60 0.067871 0 6.39597 0.658557 13.9363 -0.0779117 0.0553057 -0.0295134 
qwerty 88 83 0 0.421768 10.905 2.50915 21.85 0.0621667 -0.0307016 0.0720605 
qwerty 87 83 0 2.30713 10.3353 2.52918 21.85 -0.00437706 -0.0366213 0.0929501 
qwerty 87 83 0 2.30713 10.3035 2.26324 22.525 -0.00437706 -0.0366213 0.0929501 
qwerty 87 83 0 2.30713 10.2718 1.9973 23.2 -0.00437706 -0.0366213 0.0929501 
qwerty 87 83 0 2.30713 10.24 1.73136 23.875 -0.00437706 -0.0366213 0.0929501 
qwerty 90 87 0.723584 1.4792 10.3746 1.56141 24.3654 0.0634528 -0.0205041 0.0745206 
qwerty 90 87 0.579294 0.899906 10.5317 1.51063 24.55 0.00698776 -0.0055672 0.0996001 
qwerty 85 83 0 7.56487 10.7054 2.91173 21.85 0.0458424 0.0171465 0.0872036 
qwerty 85 83 0 7.56487 11.0602 3.04445 22.525 0.0458424 0.0171465 0.0872036 
qwerty 85 83 0 7.56487 11.4151 3.17717 23.2 0.0458424 0.0171465 0.0872036 
qwerty 85 83 0 7.56487 11.7699 3.3099 23.875 0.0458424 0.0171465 0.0872036 
qwerty 85 83 0 7.56487 12.1248 3.44262 24.55 0.0458424 0.0171465 0.0872036 
qwerty 85 83 0 7.56487 12.4796 3.57534 25.225 0.0458424 0.0171465 0.0872036 
qwerty 85 83 0 7.56487 12.8344 3.70806 25.9 0.0458424 0.0171465 0.0872036 
qwerty 85 83 0 7.56487 13.1893 3.84079 26.575 0.0458424 0.0171465 0.0872036 
qwerty 85 83 0 7.56487 13.5441 3.97351 27.25 0.0458424 0.0171465 0.0872036 
qwerty 85 83 0 7.56487 13.75 4.05051 27.6416 0.0458424 0.0171465 0.0872036 
qwerty 85 83 0 7.56487 13.899 4.10623 27.925 0.0458424 0.0171465 0.0872036 
qwerty 85 83 0 7.56487 14.2538 4.23896 28.6 0.0458424 0.0171465 0.0872036 
qwerty 85 83 0 7.56487 14.6087 4.37168 29.275 0.0458424 0.0171465 0.0872036 
qwerty 85 83 0 7.56487 14.9635 4.5044 29.95 0.0458424 0.0171465 0.0872036 
qwerty 85 83 0 7.56487 15.3184 4.63712 30.625 0.0458424 0.0171465 0.0872036 
qwerty 92 85 0.719038 2.3722 15.7077 4.95784 31.0377 0.0657486 0.0672123 0.0340532 
qwerty 92 85 0.572436 1.79976 15.9282 5.27954 31.0612 0.0713647 0.0690774 -0.0116358 
qwerty 92 85 0.545678 1.25408 16.1986 5.44104 31.1157 0.0900856 -0.0368907 -0.0228838 
qwerty 92 85 0.188715 1.06537 16.2942 5.37981 31.0658 0.0586361 -0.00993332 -0.0803937 
qwerty 92 85 0.353021 0.712347 16.3629 5.30148 30.876 -0.0954132 -0.018715 0.023368 
qwerty 92 85 0.391827 0.32052 16.2124 5.22215 30.8154 -0.0726043 0.0317972 -0.0609717 
qwerty 92 85 0.0941545 0.226366 16.1941 5.23018 30.8 -0.0572692 0.00782885 -0.0816024 
qwerty 92 85 0.0153171 0.191207 16.1962 5.22948 30.8002 0.0905983 -0.0386647 0.0172334 
qwerty 92 85 0.0850143 0.106193 16.1982 5.22836 30.8002 0.0957079 -0.0264944 -0.0117492 
qwerty 92 85 0.00465129 0.101541 16.2001 5.22783 30.8 0.0843267 -0.0531254 0.0081666 
qwerty 92 85 0.0140488 0.0874925 16.2008 5.22741 30.8 0.0786246 -0.0601827 0.0140078 
qwerty 92 85 0.00601827 0.0814743 16.2015 5.22699 30.8001 0.0716077 -0.0695581 0.00583088 
qwerty 92 85 0.00282432 0.0786499 16.202 5.22638 30.8 0.0779171 -0.0513385 -0.0359623 
qwerty 92 85 0.000219692 0.0784302 16.2021 5.22635 30.8 0.0727607 -0.0585345 -0.0357715 
qwerty 59 4 0 1.26979 1.49226 0.265066 6.325 0.0388149 0.00694241 0.0918978 
qwerty 59 4 0 1.26979 1.77736 0.316059 7 0.0388149 0.00694241 0.0918978 
qwerty 59 4 0 1.26979 2.06246 0.367052 7.675 0.0388149 0.00694241 0.0918978 
qwerty 59 4 0 1.26979 2.34756 0.418044 8.35 0.0388149 0.00694241 0.0918978 
qwerty 59 4 0 1.26979 2.63266 0.469037 9.025 0.0388149 0.00694241 0.0918978 
qwerty 59 4 0 0.968161 2.84724 0.507417 9.53304 0.0108999 0.0482162 0.0869275 
qwerty 59 4 0 0.968161 2.86817 0.600023 9.7 0.0108999 0.0482162 0.0869275 
qwerty 59 4 0 0.968161 2.95281 0.974426 10.375 0.0108999 0.0482162 0.0869275 
qwerty 59 4 0 0.968161 3.01511 1.25 10.8718 0.0108999 0.0482162 0.0869275 
qwerty 59 4 0 0.968161 3.03745 1.34883 11.05 0.0108999 0.0482162 0.0869275 
qwerty 59 4 0 0.968161 3.12209 1.72323 11.725 0.0108999 0.0482162 0.0869275 
qwerty 59 4 0 0.968161 3.20673 2.09764 12.4 0.0108999 0.0482162 0.0869275 
qwerty 59 4 0 0.968161 3.29137 2.47204 13.075 0.0108999 0.0482162 0.0869275 
qwerty 59 4 0 0.968161 3.376 2.84644 13.75 0.0108999 0.0482162 0.0869275 
qwerty 59 4 0 0.968161 3.46064 3.22085 14.425 0.0108999 0.0482162 0.0869275 
qwerty 59 4 0 0.968161 3.54528 3.59525 15.1 0.0108999 0.0482162 0.0869275 
qwerty 59 4 0 0.968161 3.62992 3.96965 15.775 0.0108999 0.0482162 0.0869275 
qwerty 59 4 0 0.968161 3.71456 4.34406 16.45 0.0108999 0.0482162 0.0869275 
qwerty 59 4 0 0.968161 3.75 4.50084 16.7327 0.0108999 0.0482162 0.0869275 
qwerty 59 4 0 0.968161 3.7992 4.71846 17.125 0.0108999 0.0482162 0.0869275 
qwerty 59 4 0 0.968161 3.88383 5.09286 17.8 0.0108999 0.0482162 0.0869275 
qwerty 59 4 0 0.968161 3.96847 5.46727 18.475 0.0108999 0.0482162 0.0869275 
qwerty 59 4 0 0.968161 4.05311 5.84167 19.15 0.0108999 0.0482162 0.0869275 
qwerty 94 59 0.301624 0 2.87746 0.47787 9.55843 0.061302 -0.0599282 0.0514847 
qwerty 58 4 0 0.20991 1.2303 0.207874 5.65 0.0218335 -0.0029516 0.0975427 
qwerty 57 4 0 4.73482 1.3046 0.293984 5.65 0.0329957 0.0131984 0.0934724 
qwerty 57 4 0 0.342602 1.5184 0.165764 5.63786 -0.00194185 -0.0975929 -0.0217223 
qwerty 57 4 0 0.342602 1.49023 -1.25 5.32274 -0.00194185 -0.0975929 -0.0217223 
qwerty 57 4 0 0.342602 1.47479 -2.02607 5.15 -0.00194185 -0.0975929 -0.0217223 
qwerty 98 57 0.0114319 0.146726 1.52352 0.1682 5.63762 0.058232 0.0617488 0.0528784 
qwerty 98 57 0.0326735 0.114052 1.52523 0.174925 5.64195 -0.0268641 0.0155915 0.0950538 
qwerty 98 57 0.0166754 0.0973771 1.52277 0.17425 5.64576 -0.00466794 0.0354049 0.0934061 
qwerty 98 57 0.0130884 0.0842887 1.52324 0.174705 5.64826 0.00779245 -0.0166636 0.0982935 
qwerty 98 57 0.00894763 0.0753411 1.52338 0.174409 5.65 0.0130638 0.0293252 0.0947068 
qwerty 53 4 0 0.654346 1.08786 0.193041 4.975 0.0194188 0.0153226 0.0968923 
qwerty 52 4 0 2.61919 1.05585 0.17301 4.975 0.0138084 0.0119854 0.0983142 
qwerty 52 4 0 2.61919 1.15066 0.255299 5.65 0.0138084 0.0119854 0.0983142 
qwerty 52 4 0 2.61919 1.24546 0.337588 6.325 0.0138084 0.0119854 0.0983142 
qwerty 52 4 0 2.61919 1.34026 0.419877 7 0.0138084 0.0119854 0.0983142 
qwerty 51 4 0 3.69868 1.03481 0.161001 4.975 0.0103556 0.00989628 0.0989688 
qwerty 51 4 0 3.69868 1.10544 0.228497 5.65 0.0103556 0.00989628 0.0989688 
qwerty 51 4 0 3.69868 1.17607 0.295993 6.325 0.0103556 0.00989628 0.0989688 
qwerty 111 108 0 1.11845 1.10106 -1.25 6.72922 -0.00734468 -0.0983308 0.0166465 
qwerty 111 108 0 1.11845 0.981589 -2.84952 7 -0.00734468 -0.0983308 0.0166465 
qwerty 111 108 0 0.589513 1.25 -3.2979 7.21404 0.0690964 -0.0578255 0.0433807 
qwerty 111 108 0 0.589513 1.98421 -3.91235 7.675 0.0690964 -0.0578255 0.0433807 
qwerty 111 108 0 0.589513 3.05935 -4.8121 8.35 0.0690964 -0.0578255 0.0433807 
qwerty 50 4 0 25.3758 1.11221 -0.0121004 4.975 0.0224255 -0.0181439 0.0957491 
qwerty 50 4 0 25.3758 1.2703 -0.140009 5.65 0.0224255 -0.0181439 0.0957491 
qwerty 50 4 0 25.3758 1.42839 -0.267917 6.325 0.0224255 -0.0181439 0.0957491 
qwerty 115 50 0.759916 14.5977 1.59209 -0.382268 7 0.0265538 -0.0205922 0.0941852 
qwerty 115 50 0.97984 7.3575 1.73646 -0.640074 7.675 0.0370356 -0.0400527 0.0838102 
qwerty 120 115 0 1.07432 1.37998 -0.728124 8.35 -0.0500626 -0.00789863 0.0862053 
qwerty 120 115 0 1.07432 1.25 -0.748632 8.57383 -0.0500626 -0.00789863 0.0862053 
qwerty 120 115 0 1.07432 0.987987 -0.789971 9.025 -0.0500626 -0.00789863 0.0862053 
qwerty 120 115 0 1.07432 0.59599 -0.851819 9.7 -0.0500626 -0.00789863 0.0862053 
qwerty 119 115 0 2.04659 1.90155 -1.20113 8.35 0.0184335 -0.0627221 0.0756712 
qwerty 119 115 0 2.04659 2.06598 -1.76062 9.025 0.0184335 -0.0627221 0.0756712 
qwerty 119 115 0 2.04659 2.23041 -2.32011 9.7 0.0184335 -0.0627221 0.0756712 
qwerty 119 115 0 1.3199 2.781 -2.66643 10.375 0.0619859 -0.033941 0.0707514 
qwerty 119 115 0 1.3199 3.37238 -2.99024 11.05 0.0619859 -0.033941 0.0707514 
qwerty 119 115 0 1.3199 3.75 -3.19702 11.481 0.0619859 -0.033941 0.0707514 
qwerty 119 115 0 1.3199 3.96375 -3.31406 11.725 0.0619859 -0.033941 0.0707514 
qwerty 119 115 0 1.3199 4.55512 -3.63787 12.4 0.0619859 -0.033941 0.0707514 
qwerty 119 115 0 1.3199 5.1465 -3.96168 13.075 0.0619859 -0.033941 0.0707514 
qwerty 119 115 0 1.3199 5.73787 -4.28549 13.75 0.0619859 -0.033941 0.0707514 
qwerty 119 115 0 1.3199 6.25 -4.56591 14.3345 0.0619859 -0.033941 0.0707514 
qwerty 119 115 0 1.3199 6.32925 -4.60931 14.425 0.0619859 -0.033941 0.0707514 
qwerty 119 115 0 1.3199 6.92062 -4.93312 15.1 0.0619859 -0.033941 0.0707514 
qwerty 119 115 0 1.00011 7.24351 -4.97009 15.775 0.036938 0.00291876 0.092882 
qwerty 119 115 0 1.00011 7.51195 -4.94888 16.45 0.036938 0.00291876 0.092882 
qwerty 119 115 0 1.00011 7.78039 -4.92767 17.125 0.036938 0.00291876 0.092882 
qwerty 119 115 0 1.00011 8.04883 -4.90645 17.8 0.036938 0.00291876 0.092882 
qwerty 127 119 0.104329 0.797376 8.14177 -4.92727 18.0303 0.0292319 -0.0555193 0.0778659 
qwerty 127 119 0.0857765 0.7116 8.15986 -4.95051 18.0787 -0.00281642 0.00398254 0.099881 
qwerty 127 119 0.114081 0.597519 8.14791 -4.95535 18.1386 -0.0118794 -0.0829953 0.0545037 
qwerty 127 119 0.226912 0.370607 8.15029 -5.00872 18.2088 -0.0125237 -0.0991957 -0.00183322 
qwerty 127 119 0.268079 0.102528 8.14184 -5.07571 18.2075 -0.0389039 0.0205143 -0.089809 
qwerty 127 119 0.102528 0 8.13856 -5.07398 18.2 -0.0389039 0.0205143 -0.089809 
qwerty 118 115 0 0.718457 1.65427 -0.525061 7.675 0.00567739 -0.0211865 0.0975649 
qwerty 118 115 0 0.566491 1.60408 -0.309994 8.35 -0.00911767 0.0385146 0.091834 
qwerty 118 115 0 0.566491 1.53706 -0.0269029 9.025 -0.00911767 0.0385146 0.091834 
qwerty 118 115 0 0.566491 1.47005 0.256188 9.7 -0.00911767 0.0385146 0.091834 
qwerty 118 115 0 0.566491 1.40303 0.539279 10.375 -0.00911767 0.0385146 0.091834 
qwerty 118 115 0 0.566491 1.33601 0.82237 11.05 -0.00911767 0.0385146 0.091834 
qwerty 118 115 0 0.566491 1.269 1.10546 11.725 -0.00911767 0.0385146 0.091834 
qwerty 118 115 0 0.566491 1.23478 1.25 12.0696 -0.00911767 0.0385146 0.091834 
qwerty 118 115 0 0.566491 1.20198 1.38855 12.4 -0.00911767 0.0385146 0.091834 
qwerty 118 115 0 0.566491 1.13496 1.67164 13.075 -0.00911767 0.0385146 0.091834 
qwerty 118 115 0 0.566491 1.06795 1.95473 13.75 -0.00911767 0.0385146 0.091834 
qwerty 118 115 0 0.566491 1.00093 2.23782 14.425 -0.00911767 0.0385146 0.091834 
qwerty 118 115 0 0.566491 0.933912 2.52092 15.1 -0.00911767 0.0385146 0.091834 
qwerty 118 115 0 0.566491 0.866895 2.80401 15.775 -0.00911767 0.0385146 0.091834 
qwerty 118 115 0 0.566491 0.799878 3.0871 16.45 -0.00911767 0.0385146 0.091834 
qwerty 118 115 0 0.566491 0.732861 3.37019 17.125 -0.00911767 0.0385146 0.091834 
qwerty 118 115 0 0.180495 0.948547 3.29326 16.625 0.0383659 -0.0147897 -0.0911555 
qwerty 48 4 0 1.03084 1.08559 0.166963 4.975 0.0183962 0.010236 0.0977589 
qwerty 48 4 0 1.03084 1.21261 0.237641 5.65 0.0183962 0.010236 0.0977589 
qwerty 48 4 0 1.03084 1.25 0.258446 5.8487 0.0183962 0.010236 0.0977589 
qwerty 48 4 0 1.03084 1.33963 0.308318 6.325 0.0183962 0.010236 0.0977589 
qwerty 47 4 0 2.1002 1.11469 0.137533 4.975 0.0225379 0.0058997 0.0972483 
qwerty 47 4 0 2.1002 1.27113 0.178483 5.65 0.0225379 0.0058997 0.0972483 
qwerty 47 4 0 2.1002 1.42756 0.219433 6.325 0.0225379 0.0058997 0.0972483 
qwerty 46 4 0 0.763625 0.97418 0.090236 4.3 0.0254432 0.00438546 0.0966096 
qwerty 46 4 0 0.763625 1.15195 0.120877 4.975 0.0254432 0.00438546 0.0966096 
qwerty 46 4 0 0.763625 1.32972 0.151517 5.65 0.0254432 0.00438546 0.0966096 
qwerty 46 4 0 0.763625 1.50749 0.182158 6.325 0.0254432 0.00438546 0.0966096 
qwerty 46 4 0 0.763625 1.68525 0.212799 7 0.0254432 0.00438546 0.0966096 
qwerty 46 4 0 0.763625 1.86302 0.24344 7.675 0.0254432 0.00438546 0.0966096 
qwerty 46 4 0 0.763625 2.04079 0.27408 8.35 0.0254432 0.00438546 0.0966096 
qwerty 46 4 0 0.763625 2.21856 0.304721 9.025 0.0254432 0.00438546 0.0966096 
qwerty 46 4 0 0.763625 2.39633 0.335362 9.7 0.0254432 0.00438546 0.0966096 
qwerty 46 4 0 0.763625 2.5741 0.366002 10.375 0.0254432 0.00438546 0.0966096 
qwerty 46 4 0 0.763625 2.75186 0.396643 11.05 0.0254432 0.00438546 0.0966096 
qwerty 46 4 0 0.763625 2.92963 0.427284 11.725 0.0254432 0.00438546 0.0966096 
qwerty 46 4 0 0.763625 3.1074 0.457925 12.4 0.0254432 0.00438546 0.0966096 
qwerty 46 4 0 0.763625 3.28517 0.488565 13.075 0.0254432 0.00438546 0.0966096 
qwerty 46 4 0 0.763625 3.46294 0.519206 13.75 0.0254432 0.00438546 0.0966096 
qwerty 45 4 0 0.32214 0.973657 0.0717725 4.3 0.0253662 0.000921578 0.0967249 
qwerty 45 4 0 0.32214 1.15068 0.0782037 4.975 0.0253662 0.000921578 0.0967249 
qwerty 44 4 0 6.97418 0.97116 0.0562413 4.3 0.025264 -0.00172756 0.0967406 
qwerty 44 4 0 6.97418 1.14744 0.0441874 4.975 0.025264 -0.00172756 0.0967406 
qwerty 44 4 0 6.97418 1.32372 0.0321334 5.65 0.025264 -0.00172756 0.0967406 
qwerty 44 4 0 6.97418 1.49999 0.0200795 6.325 0.025264 -0.00172756 0.0967406 
qwerty 44 4 0 6.97418 1.67627 0.00802555 7 0.025264 -0.00172756 0.0967406 
qwerty 44 4 0 6.97418 1.85255 -0.00402839 7.675 0.025264 -0.00172756 0.0967406 
qwerty 44 4 0 6.97418 2.02883 -0.0160823 8.35 0.025264 -0.00172756 0.0967406 
qwerty 44 4 0 6.97418 2.2051 -0.0281363 9.025 0.025264 -0.00172756 0.0967406 
qwerty 44 4 0 6.97418 2.38138 -0.0401902 9.7 0.025264 -0.00172756 0.0967406 
qwerty 44 4 0 6.97418 2.55766 -0.0522442 10.375 0.025264 -0.00172756 0.0967406 
qwerty 44 4 0 6.97418 2.73394 -0.0642981 11.05 0.025264 -0.00172756 0.0967406 
qwerty 44 4 0 6.97418 2.91021 -0.0763521 11.725 0.025264 -0.00172756 0.0967406 
qwerty 44 4 0 6.97418 3.08649 -0.088406 12.4 0.025264 -0.00172756 0.0967406 
qwerty 44 4 0 5.69604 3.36591 -0.0758194 13.075 0.0418133 0.00270318 0.0907983 
qwerty 44 4 0 5.69604 3.67675 -0.0557238 13.75 0.0418133 0.00270318 0.0907983 
qwerty 44 4 0 5.69604 3.98759 -0.0356282 14.425 0.0418133 0.00270318 0.0907983 
qwerty 44 4 0 5.69604 4.29843 -0.0155327 15.1 0.0418133 0.00270318 0.0907983 
qwerty 44 4 0 5.69604 4.60928 0.0045629 15.775 0.0418133 0.00270318 0.0907983 
qwerty 44 4 0 5.69604 4.92012 0.0246585 16.45 0.0418133 0.00270318 0.0907983 
qwerty 44 4 0 5.69604 5.23096 0.0447541 17.125 0.0418133 0.00270318 0.0907983 
qwerty 44 4 0 5.69604 5.5418 0.0648496 17.8 0.0418133 0.00270318 0.0907983 
qwerty 44 4 0 5.69604 5.85265 0.0849452 18.475 0.0418133 0.00270318 0.0907983 
qwerty 44 4 0 5.69604 6.16349 0.105041 19.15 0.0418133 0.00270318 0.0907983 
qwerty 44 4 0 5.69604 6.25 0.110634 19.3379 0.0418133 0.00270318 0.0907983 
qwerty 44 4 0 5.69604 6.47433 0.125136 19.825 0.0418133 0.00270318 0.0907983 
qwerty 43 4 0 0.222698 0.788459 0.046335 3.625 0.0234303 -0.00491522 0.097092 
qwerty 43 4 0 0.222698 0.95135 0.0121636 4.3 0.0234303 -0.00491522 0.097092 
qwerty 42 4 0 1.97427 0.783141 0.0514241 3.625 0.0226028 -0.00409684 0.0973259 
qwerty 42 4 0 1.97427 0.939902 0.0230106 4.3 0.0226028 -0.00409684 0.0973259 
qwerty 42 4 0 1.97427 1.09666 -0.00540294 4.975 0.0226028 -0.00409684 0.0973259 
qwerty 42 4 0 1.97427 1.25342 -0.0338165 5.65 0.0226028 -0.00409684 0.0973259 
qwerty 42 4 0 1.97427 1.41018 -0.06223 6.325 0.0226028 -0.00409684 0.0973259 
qwerty 42 4 0 1.97427 1.56694 -0.0906435 7 0.0226028 -0.00409684 0.0973259 
qwerty 42 4 0 1.97427 1.72371 -0.119057 7.675 0.0226028 -0.00409684 0.0973259 
qwerty 42 4 0 1.97427 1.88047 -0.14747 8.35 0.0226028 -0.00409684 0.0973259 
qwerty 42 4 0 1.97427 2.03723 -0.175884 9.025 0.0226028 -0.00409684 0.0973259 
qwerty 42 4 0 1.97427 2.19399 -0.204297 9.7 0.0226028 -0.00409684 0.0973259 
qwerty 42 4 0 1.97427 2.35075 -0.232711 10.375 0.0226028 -0.00409684 0.0973259 
qwerty 151 147 0 0.292813 1.25 -2.46906 9.99274 -0.0451279 -0.0868738 -0.0204062 
qwerty 151 147 0 0.292813 0.989621 -2.97031 9.875 -0.0451279 -0.0868738 -0.0204062 
qwerty 41 4 0 8.39826 0.77723 0.106745 3.625 0.0217459 0.00497397 0.0974801 
qwerty 41 4 0 8.39826 0.92781 0.141187 4.3 0.0217459 0.00497397 0.0974801 
qwerty 41 4 0 8.39826 1.07839 0.17563 4.975 0.0217459 0.00497397 0.0974801 
qwerty 41 4 0 8.39826 1.22897 0.210072 5.65 0.0217459 0.00497397 0.0974801 
qwerty 156 154 0 0.302055 0.883745 0.698124 6.325 -0.0482803 0.0572098 0.0663028 
qwerty 156 154 0 0.302055 0.418008 1.25 6.96459 -0.0482803 0.0572098 0.0663028 
qwerty 156 154 0 0.302055 0.392225 1.28055 7 -0.0482803 0.0572098 0.0663028 
qwerty 39 4 0 0.101871 0.63013 0.0667807 2.95 0.022795 -0.000183497 0.0973671 
qwerty 38 4 0 17.4089 0.468776 0.0738822 2.275 0.0196216 -0.00355873 0.0979915 
qwerty 38 4 0 17.4089 0.603937 0.0493684 2.95 0.0196216 -0.00355873 0.0979915 
qwerty 38 4 0 17.4089 0.739097 0.0248546 3.625 0.0196216 -0.00355873 0.0979915 
qwerty 38 4 0 17.4089 0.874258 0.000340842 4.3 0.0196216 -0.00355873 0.0979915 
qwerty 38 4 0 17.4089 1.00942 -0.0241729 4.975 0.0196216 -0.00355873 0.0979915 
qwerty 38 4 0 17.4089 1.14458 -0.0486867 5.65 0.0196216 -0.00355873 0.0979915 
qwerty 38 4 0 17.4089 1.25 -0.0678066 6.17648 0.0196216 -0.00355873 0.0979915 
qwerty 38 4 0 17.4089 1.27974 -0.0732005 6.325 0.0196216 -0.00355873 0.0979915 
qwerty 38 4 0 17.4089 1.4149 -0.0977143 7 0.0196216 -0.00355873 0.0979915 
qwerty 38 4 0 17.4089 1.55006 -0.122228 7.675 0.0196216 -0.00355873 0.0979915 
qwerty 160 38 1.34366 6.96069 1.08938 0.280302 8.35 -0.0470734 0.0652896 0.0593411 
qwerty 164 160 0 1.36344 1.69717 -0.462799 7.85 0.0555104 -0.0664892 -0.0499779 
qwerty 164 160 0 1.36344 2.44689 -1.3608 7.175 0.0555104 -0.0664892 -0.0499779 
qwerty 164 160 0 1.36344 3.19662 -2.2588 6.5 0.0555104 -0.0664892 -0.0499779 
qwerty 164 160 0 1.36344 3.75 -2.92163 6.00177 0.0555104 -0.0664892 -0.0499779 
qwerty 164 160 0 1.36344 3.94634 -3.1568 5.825 0.0555104 -0.0664892 -0.0499779 
qwerty 164 160 0 1.36344 4.44159 -3.75 5.37911 0.0555104 -0.0664892 -0.0499779 
qwerty 164 160 0 1.36344 4.69606 -4.0548 5.15 0.0555104 -0.0664892 -0.0499779 
qwerty 164 160 0 1.36344 5.44578 -4.9528 4.475 0.0555104 -0.0664892 -0.0499779 
qwerty 164 160 0 1.36344 6.19551 -5.85081 3.8 0.0555104 -0.0664892 -0.0499779 
qwerty 164 160 0 0.274668 6.43342 -5.77759 4.3 0.0272061 0.0261424 0.0926089 
qwerty 163 160 0 0.525123 0.539506 1.29245 9.025 -0.0380853 0.0768568 0.0514056 
qwerty 163 160 0 0.525123 0.0394134 2.30165 9.7 -0.0380853 0.0768568 0.0514056 
qwerty 163 160 0 0.262662 0.111324 2.80161 9.2 0.0145641 0.0622467 -0.0768976 
qwerty 37 4 0 0.970899 0.461772 0.0690179 2.275 0.0183741 -0.0044861 0.098195 
qwerty 37 4 0 0.970899 0.588077 0.0381802 2.95 0.0183741 -0.0044861 0.098195 
qwerty 37 4 0 0.970899 0.714382 0.00734242 3.625 0.0183741 -0.0044861 0.098195 
qwerty 37 4 0 0.970899 0.840688 -0.0234953 4.3 0.0183741 -0.0044861 0.098195 
qwerty 37 4 0 0.970899 0.966993 -0.0543331 4.975 0.0183741 -0.0044861 0.098195 
qwerty 37 4 0 0.970899 1.0933 -0.0851709 5.65 0.0183741 -0.0044861 0.098195 
qwerty 37 4 0 0.970899 1.2196 -0.116009 6.325 0.0183741 -0.0044861 0.098195 
qwerty 37 4 0 0.970899 1.34591 -0.146846 7 0.0183741 -0.0044861 0.098195 
qwerty 37 4 0 0.970899 1.47221 -0.177684 7.675 0.0183741 -0.0044861 0.098195 
qwerty 37 4 0 0.970899 1.59852 -0.208522 8.35 0.0183741 -0.0044861 0.098195 
qwerty 37 4 0 0.970899 1.72482 -0.23936 9.025 0.0183741 -0.0044861 0.098195 
qwerty 37 4 0 0.589548 1.32797 -0.305602 9.7 -0.0615936 -0.00873663 0.0782937 
qwerty 37 4 0 0.589548 0.796946 -0.380924 10.375 -0.0615936 -0.00873663 0.0782937 
qwerty 36 4 0 6.94636 0.339527 0.0945249 1.6 0.0206977 0.000798549 0.0978313 
qwerty 36 4 0 6.94636 0.482334 0.100035 2.275 0.0206977 0.000798549 0.0978313 
qwerty 36 4 0 6.94636 0.62514 0.105544 2.95 0.0206977 0.000798549 0.0978313 
qwerty 36 4 0 6.94636 0.767947 0.111054 3.625 0.0206977 0.000798549 0.0978313 
qwerty 36 4 0 6.94636 0.910753 0.116564 4.3 0.0206977 0.000798549 0.0978313 
qwerty 36 4 0 6.94636 1.05356 0.122073 4.975 0.0206977 0.000798549 0.0978313 
qwerty 36 4 0 6.94636 1.19637 0.127583 5.65 0.0206977 0.000798549 0.0978313 
qwerty 36 4 0 6.94636 1.25 0.129652 5.90351 0.0206977 0.000798549 0.0978313 
qwerty 36 4 0 6.94636 1.33917 0.133093 6.325 0.0206977 0.000798549 0.0978313 
qwerty 36 4 0 6.94636 1.48198 0.138602 7 0.0206977 0.000798549 0.0978313 
qwerty 36 4 0 6.94636 1.62478 0.144112 7.675 0.0206977 0.000798549 0.0978313 
qwerty 36 4 0 6.94636 1.76759 0.149622 8.35 0.0206977 0.000798549 0.0978313 
qwerty 36 4 0 6.94636 1.9104 0.155132 9.025 0.0206977 0.000798549 0.0978313 
qwerty 36 4 0 6.94636 2.0532 0.160641 9.7 0.0206977 0.000798549 0.0978313 
qwerty 36 4 0 6.94636 2.19601 0.166151 10.375 0.0206977 0.000798549 0.0978313 
qwerty 36 4 0 6.94636 2.33882 0.171661 11.05 0.0206977 0.000798549 0.0978313 
qwerty 36 4 0 6.94636 2.48162 0.17717 11.725 0.0206977 0.000798549 0.0978313 
qwerty 36 4 0 6.94636 2.62443 0.18268 12.4 0.0206977 0.000798549 0.0978313 
qwerty 36 4 0 6.94636 2.76724 0.18819 13.075 0.0206977 0.000798549 0.0978313 
qwerty 36 4 0 6.94636 2.91004 0.193699 13.75 0.0206977 0.000798549 0.0978313 
qwerty 36 4 0 6.94636 3.05285 0.199209 14.425 0.0206977 0.000798549 0.0978313 
qwerty 36 4 0 6.94636 3.19566 0.204719 15.1 0.0206977 0.000798549 0.0978313 
qwerty 36 4 0 6.94636 3.33846 0.210229 15.775 0.0206977 0.000798549 0.0978313 
qwerty 36 4 0 6.94636 3.48127 0.215738 16.45 0.0206977 0.000798549 0.0978313 
qwerty 36 4 0 6.94636 3.62407 0.221248 17.125 0.0206977 0.000798549 0.0978313 
qwerty 36 4 0 6.94636 3.76688 0.226758 17.8 0.0206977 0.000798549 0.0978313 
qwerty 36 4 0 6.94636 3.90969 0.232267 18.475 0.0206977 0.000798549 0.0978313 
qwerty 36 4 0 6.94636 4.05249 0.237777 19.15 0.0206977 0.000798549 0.0978313 
qwerty 36 4 0 6.94636 4.1953 0.243287 19.825 0.0206977 0.000798549 0.0978313 
qwerty 36 4 0 6.94636 4.33811 0.248796 20.5 0.0206977 0.000798549 0.0978313 
qwerty 36 4 0 6.94636 4.48091 0.254306 21.175 0.0206977 0.000798549 0.0978313 
qwerty 36 4 0 6.94636 4.62372 0.259816 21.85 0.0206977 0.000798549 0.0978313 
qwerty 36 4 0 6.94636 4.76653 0.265325 22.525 0.0206977 0.000798549 0.0978313 
qwerty 36 4 0 6.94636 4.90933 0.270835 23.2 0.0206977 0.000798549 0.0978313 
qwerty 36 4 0 6.94636 5.05214 0.276345 23.875 0.0206977 0.000798549 0.0978313 
qwerty 36 4 0 1.0295 5.99629 -0.299814 24.55 0.076137 -0.0482643 0.0432863 
qwerty 36 4 0 0.889714 6.25 -0.63583 24.8638 0.0451309 -0.0651255 0.0610071 
qwerty 36 4 0 0.889714 6.51718 -1.02139 25.225 0.0451309 -0.0651255 0.0610071 
qwerty 36 4 0 0.889714 6.67561 -1.25 25.4392 0.0451309 -0.0651255 0.0610071 
qwerty 36 4 0 0.889714 7.01653 -1.74195 25.9 0.0451309 -0.0651255 0.0610071 
qwerty 36 4 0 0.889714 7.51587 -2.46252 26.575 0.0451309 -0.0651255 0.0610071 
qwerty 36 4 0 0.877226 7.91508 -3.06447 27.25 0.0387609 -0.0593934 0.0704984 
qwerty 174 36 1.43417 3.78681 5.6363 0.682186 24.3686 0.0481679 0.0528004 0.0699427 
qwerty 174 36 0.507368 3.27944 5.76125 0.819155 24.55 0.0397491 0.0470104 0.0788037 
qwerty 174 36 0.643686 1.71295 5.47285 0.689445 24.4226 -0.0438213 -0.0453571 -0.0776043 
qwerty 174 36 0.53538 1.17757 5.32701 0.551912 24.2152 -0.0177093 -0.0136677 -0.0974658 
qwerty 174 36 0.501846 0.675725 5.29699 0.528742 24.05 -0.0642737 -0.0294315 -0.0707296 
qwerty 34 4 0 0.565465 0.203899 0.0901735 0.925 0.015007 0.00746691 0.0985852 
qwerty 34 4 0 0.565465 0.30665 0.141298 1.6 0.015007 0.00746691 0.0985852 
qwerty 34 4 0 0.565465 0.409401 0.192423 2.275 0.015007 0.00746691 0.0985852 
qwerty 34 4 0 0.235509 0.45575 0.215485 2.57949 -0.0373398 0.0884389 -0.0280052 
qwerty 34 4 0 0.235509 0.283106 0.624393 2.45 -0.0373398 0.0884389 -0.0280052 
qwerty 179 34 0.329957 0 0.470398 0.201409 2.63233 0.0258719 -0.0248629 0.0933407 
qwerty 33 4 0 3.07868 0.211784 0.0946762 0.925 0.0164343 0.00825647 0.0982942 
qwerty 33 4 0 3.07868 0.324641 0.151374 1.6 0.0164343 0.00825647 0.0982942 
qwerty 33 4 0 3.07868 0.437497 0.208073 2.275 0.0164343 0.00825647 0.0982942 
qwerty 33 4 0 3.07868 0.550354 0.264771 2.95 0.0164343 0.00825647 0.0982942 
qwerty 33 4 0 3.07868 0.66321 0.321469 3.625 0.0164343 0.00825647 0.0982942 
qwerty 33 4 0 3.07868 0.776066 0.378168 4.3 0.0164343 0.00825647 0.0982942 
qwerty 33 4 0 3.07868 0.888923 0.434866 4.975 0.0164343 0.00825647 0.0982942 
qwerty 33 4 0 3.07868 1.00178 0.491564 5.65 0.0164343 0.00825647 0.0982942 
qwerty 33 4 0 3.07868 1.11464 0.548263 6.325 0.0164343 0.00825647 0.0982942 
qwerty 33 4 0 3.07868 1.22749 0.604961 7 0.0164343 0.00825647 0.0982942 
qwerty 33 4 0 3.07868 1.34035 0.661659 7.675 0.0164343 0.00825647 0.0982942 
qwerty 33 4 0 3.07868 1.4532 0.718358 8.35 0.0164343 0.00825647 0.0982942 
qwerty 33 4 0 3.07868 1.56606 0.775056 9.025 0.0164343 0.00825647 0.0982942 
qwerty 33 4 0 3.07868 1.67892 0.831754 9.7 0.0164343 0.00825647 0.0982942 
qwerty 33 4 0 1.24935 2.044 1.44924 10.375 0.0379734 0.0656829 0.0651443 
qwerty 33 4 0 1.24935 2.43747 2.12982 11.05 0.0379734 0.0656829 0.0651443 
qwerty 33 4 0 1.24935 2.83094 2.8104 11.725 0.0379734 0.0656829 0.0651443 
qwerty 33 4 0 1.24935 3.2244 3.49098 12.4 0.0379734 0.0656829 0.0651443 
qwerty 33 4 0 1.24935 3.61787 4.17157 13.075 0.0379734 0.0656829 0.0651443 
qwerty 33 4 0 1.01554 3.78159 4.52472 13.75 0.0158057 0.038655 0.0908624 
qwerty 33 4 0 1.01554 3.899 4.81188 14.425 0.0158057 0.038655 0.0908624 
qwerty 33 4 0 1.01554 4.01642 5.09904 15.1 0.0158057 0.038655 0.0908624 
qwerty 33 4 0 1.01554 4.13384 5.3862 15.775 0.0158057 0.038655 0.0908624 
qwerty 33 4 0 1.01554 4.25126 5.67336 16.45 0.0158057 0.038655 0.0908624 
qwerty 33 4 0 1.01554 4.36867 5.96052 17.125 0.0158057 0.038655 0.0908624 
qwerty 33 4 0 1.01554 4.48609 6.24768 17.8 0.0158057 0.038655 0.0908624 
qwerty 33 4 0 1.01554 4.60351 6.53484 18.475 0.0158057 0.038655 0.0908624 
qwerty 33 4 0 1.01554 4.72093 6.822 19.15 0.0158057 0.038655 0.0908624 
qwerty 33 4 0 1.01554 4.83834 7.10916 19.825 0.0158057 0.038655 0.0908624 
qwerty 33 4 0 1.01554 4.95576 7.39633 20.5 0.0158057 0.038655 0.0908624 
qwerty 33 4 0 1.01554 5.07318 7.68349 21.175 0.0158057 0.038655 0.0908624 
qwerty 33 4 0 1.01554 5.1906 7.97065 21.85 0.0158057 0.038655 0.0908624 
qwerty 33 4 0 1.01554 5.30801 8.25781 22.525 0.0158057 0.038655 0.0908624 
qwerty 33 4 0 1.01554 5.42543 8.54497 23.2 0.0158057 0.038655 0.0908624 
qwerty 33 4 0 1.01554 5.54285 8.83213 23.875 0.0158057 0.038655 0.0908624 
qwerty 33 4 0 1.01554 5.66026 9.11929 24.55 0.0158057 0.038655 0.0908624 
qwerty 33 4 0 1.01554 5.77768 9.40645 25.225 0.0158057 0.038655 0.0908624 
qwerty 33 4 0 1.01554 5.8951 9.69361 25.9 0.0158057 0.038655 0.0908624 
qwerty 33 4 0 0.297792 5.94336 9.81165 26.1775 0.0818908 0.028529 -0.0497996 
qwerty 33 4 0 0.297792 6.11185 9.87035 26.075 0.0818908 0.028529 -0.0497996 
qwerty 33 4 0 0.297792 7.22183 10.257 25.4 0.0818908 0.028529 -0.0497996 
qwerty 183 33 0.0996019 0.618147 5.9626 9.82513 26.241 0.0393859 0.0764238 0.05107 
qwerty 183 33 0.162135 0.456012 6.00309 9.87839 26.3021 0.0178939 0.0827484 0.0532214 
qwerty 183 33 0.35266 0.103352 6.01923 9.95302 26.3501 -0.0373337 0.0862657 0.0341237 
qwerty 183 33 0.103352 0 6.01604 9.96039 26.3531 -0.0373337 0.0862657 0.0341237 
qwerty 32 4 0 47.0634 0.216859 0.0951391 0.925 0.0173259 0.00834766 0.0981332 
qwerty 32 4 0 47.0634 0.336033 0.152558 1.6 0.0173259 0.00834766 0.0981332 
qwerty 187 32 0 2.00641 0.389687 0.0963395 1.775 0.0449324 -0.0891279 -0.00610747 
qwerty 194 190 0 0.292635 0.775314 0.945232 2.14619 0.0262764 -0.0636623 0.0725029 
qwerty 194 190 0 0.292635 0.821997 0.832128 2.275 0.0262764 -0.0636623 0.0725029 
qwerty 194 190 0 0.209113 0.579599 1.11842 2.95 -0.0318948 0.0381297 0.0867689 
qwerty 194 190 0 0.209113 0.318999 1.55031 3.625 -0.0308751 0.051739 0.079811 
qwerty 195 194 0.160076 0.422166 0.819438 1.00676 2.17706 0.0224232 0.096742 0.0117556 
qwerty 195 194 0.119013 0.303153 0.823076 1.06089 2.16044 -0.0687953 0.0701188 -0.0187233 
qwerty 195 194 0.303153 0 0.78889 1.09573 2.15114 -0.0687953 0.0701188 -0.0187233 
qwerty 199 193 0.0230845 0.442502 -0.38629 -1.79542 1.58754 -0.0711671 -0.048748 -0.0505853 
qwerty 199 193 0.0276044 0.414897 -0.393658 -1.80438 1.58054 -0.0408525 -0.0478294 -0.0777394 
qwerty 199 193 0.0456095 0.369288 -0.396236 -1.81178 1.57039 -0.0273344 -0.0772973 -0.0572535 
qwerty 199 193 0.121186 0.248101 -0.404829 -1.82779 1.56444 -0.0316373 -0.0908756 -0.0272158 
qwerty 199 193 0.0488927 0.199209 -0.402645 -1.84674 1.55264 -0.0214258 -0.0427567 -0.0878225 
qwerty 199 193 0.164587 0.0346216 -0.405494 -1.84469 1.52731 -0.0614859 0.054469 -0.0570316 
qwerty 199 193 0.0346216 0 -0.406264 -1.844 1.52659 -0.0614859 0.054469 -0.0570316 
qwerty 191 187 0 0.278158 0.707501 -2.94305 2.275 0.00975094 -0.0981721 0.0163448 
qwerty 31 5 0 0.510999 1.25 0.0593403 0.666607 0.0967015 -0.00126589 -0.0254406 
qwerty 31 5 0 0.510999 2.16836 0.0473183 0.425 0.0967015 -0.00126589 -0.0254406 
qwerty 30 5 0 0.495267 -1.39423 0.0939552 1.36226 -0.0945521 -0.0236585 0.0223645 
qwerty 30 5 0 0.495267 -2.39933 -0.157539 1.6 -0.0945521 -0.0236585 0.0223645 
qwerty 206 30 0.0157324 0 -1.39429 0.0942508 1.36231 -0.0202377 0.0967665 0.0150561 
qwerty 29 5 0 1.3163 1.27306 1.04422 1.6 0.0664022 0.0628956 0.0404338 
qwerty 29 5 0 1.3163 2.38158 2.0942 2.275 0.0664022 0.0628956 0.0404338 
qwerty 29 5 0 1.3163 3.49009 3.14418 2.95 0.0664022 0.0628956 0.0404338 
qwerty 29 5 0 1.3163 4.59861 4.19415 3.625 0.0664022 0.0628956 0.0404338 
qwerty 29 5 0 1.3163 5.70712 5.24413 4.3 0.0664022 0.0628956 0.0404338 
qwerty 29 5 0 1.3163 6.25 5.75834 4.63057 0.0664022 0.0628956 0.0404338 
qwerty 29 5 0 1.3163 6.81564 6.29411 4.975 0.0664022 0.0628956 0.0404338 
qwerty 29 5 0 0.608407 7.44845 6.8935 5.36033 -0.0256249 0.0865075 0.0431257 
qwerty 29 5 0 0.608407 7.27634 7.47455 5.65 -0.0256249 0.0865075 0.0431257 
qwerty 208 29 0.234445 0.473445 7.54557 6.89508 5.43635 0.0974192 0.0223758 -0.00297177 
qwerty 208 29 0.296971 0.176474 7.63769 6.91624 5.43354 -0.0561441 -0.074131 -0.0367755 
qwerty 208 29 0.176474 0 7.62592 6.9007 5.42583 -0.0561441 -0.074131 -0.0367755 
qwerty 28 5 0 35.8369 0.259654 0.0473339 0.925 0.0240025 -0.000942976 0.0970721 
qwerty 28 5 0 35.8369 0.426558 0.0407768 1.6 0.0240025 -0.000942976 0.0970721 
qwerty 28 5 0 35.8369 0.593462 0.0342197 2.275 0.0240025 -0.000942976 0.0970721 
qwerty 28 5 0 35.8369 0.760366 0.0276627 2.95 0.0240025 -0.000942976 0.0970721 
qwerty 28 5 0 35.8369 0.92727 0.0211056 3.625 0.0240025 -0.000942976 0.0970721 
qwerty 28 5 0 35.8369 1.09417 0.0145485 4.3 0.0240025 -0.000942976 0.0970721 
qwerty 28 5 0 35.8369 1.25 0.00842663 4.9302 0.0240025 -0.000942976 0.0970721 
qwerty 28 5 0 35.8369 1.26108 0.00799144 4.975 0.0240025 -0.000942976 0.0970721 
qwerty 28 5 0 35.8369 1.42798 0.00143436 5.65 0.0240025 -0.000942976 0.0970721 
qwerty 28 5 0 35.8369 1.59489 -0.00512271 6.325 0.0240025 -0.000942976 0.0970721 
qwerty 28 5 0 35.8369 1.76179 -0.0116798 7 0.0240025 -0.000942976 0.0970721 
qwerty 28 5 0 35.8369 1.92869 -0.0182369 7.675 0.0240025 -0.000942976 0.0970721 
qwerty 28 5 0 35.8369 2.0956 -0.0247939 8.35 0.0240025 -0.000942976 0.0970721 
qwerty 28 5 0 35.8369 2.2625 -0.031351 9.025 0.0240025 -0.000942976 0.0970721 
qwerty 28 5 0 35.8369 2.4294 -0.0379081 9.7 0.0240025 -0.000942976 0.0970721 
qwerty 28 5 0 35.8369 2.59631 -0.0444652 10.375 0.0240025 -0.000942976 0.0970721 
qwerty 28 5 0 35.8369 2.76321 -0.0510222 11.05 0.0240025 -0.000942976 0.0970721 
qwerty 28 5 0 35.8369 2.93012 -0.0575793 11.725 0.0240025 -0.000942976 0.0970721 
qwerty 28 5 0 35.8369 3.09702 -0.0641364 12.4 0.0240025 -0.000942976 0.0970721 
qwerty 28 5 0 35.8369 3.26392 -0.0706934 13.075 0.0240025 -0.000942976 0.0970721 
qwerty 28 5 0 35.8369 3.43083 -0.0772505 13.75 0.0240025 -0.000942976 0.0970721 
qwerty 28 5 0 35.8369 3.59773 -0.0838076 14.425 0.0240025 -0.000942976 0.0970721 
qwerty 218 212 0 1.40646 3.32154 0.0119629 13.925 -0.0464696 0.0192229 -0.0864353 
qwerty 218 212 0 1.40646 2.95864 0.16208 13.25 -0.0464696 0.0192229 -0.0864353 
qwerty 218 212 0 1.40646 2.59575 0.312198 12.575 -0.0464696 0.0192229 -0.0864353 
qwerty 218 212 0 1.40646 2.23285 0.462316 11.9 -0.0464696 0.0192229 -0.0864353 
qwerty 218 212 0 1.40646 1.86996 0.612433 11.225 -0.0464696 0.0192229 -0.0864353 
qwerty 218 212 0 1.40646 1.50706 0.762551 10.55 -0.0464696 0.0192229 -0.0864353 
qwerty 218 212 0 1.40646 1.25 0.868889 10.0719 -0.0464696 0.0192229 -0.0864353 
qwerty 218 212 0 1.40646 1.14417 0.912669 9.875 -0.0464696 0.0192229 -0.0864353 
qwerty 218 212 0 1.40646 0.781271 1.06279 9.2 -0.0464696 0.0192229 -0.0864353 
qwerty 218 212 0 1.40646 0.418376 1.2129 8.525 -0.0464696 0.0192229 -0.0864353 
qwerty 221 218 0.00647765 0.242739 0.340731 1.23885 8.34859 0.015548 -0.0968887 -0.0192571 
qwerty 221 218 0.00792733 0.234812 0.341241 1.23568 8.34748 0.0328943 -0.0925459 -0.0187944 
qwerty 221 218 0.0100397 0.224772 0.341799 1.23267 8.34708 0.0483672 -0.086229 -0.0150057 
qwerty 221 218 0.00855998 0.216212 0.343747 1.22954 8.34728 0.0609915 -0.0792287 0.00168472 
qwerty 221 218 0.012737 0.203475 0.346407 1.22649 8.34833 0.0537976 -0.0841635 0.00472488 
qwerty 221 218 0.0071515 0.196324 0.348698 1.22409 8.3483 0.0623387 -0.0732798 -0.0272756 
qwerty 221 218 0.0113494 0.184974 0.351608 1.22188 8.3475 0.0568074 -0.082068 -0.0061444 
qwerty 221 218 0.00910052 0.175874 0.353332 1.21906 8.34672 0.0697702 -0.0562067 -0.0444176 
qwerty 221 218 0.008244 0.16763 0.355909 1.21757 8.34479 0.0732339 -0.0664233 -0.0149912 
qwerty 221 218 0.00787481 0.159755 0.357793 1.21459 8.34444 0.0721438 -0.0669657 -0.0176312 
qwerty 221 218 0.012611 0.147144 0.361087 1.21298 8.34397 0.0708591 -0.0465223 0.0530535 
qwerty 221 218 0.0172553 0.129889 0.36306 1.21161 8.3468 0.0704896 -0.00174527 0.0709096 
qwerty 221 218 0.0101412 0.119748 0.365802 1.21105 8.34899 0.0842659 -0.000365667 0.0538435 
qwerty 221 218 0.00639278 0.113355 0.367378 1.21104 8.35 0.0934694 -0.00671655 0.034905 
qwerty 221 218 0.00217103 0.0928907 0.368386 1.21154 8.34969 0.0420449 0.0658528 -0.062415 
qwerty 221 218 0.00283732 0.0900534 0.368684 1.21196 8.34913 0.0304129 0.0510231 -0.0804469 
qwerty 221 218 0.00259851 0.0874549 0.369023 1.21229 8.3486 0.0476484 0.0330858 -0.0814553 
qwerty 221 218 0.00342547 0.0840295 0.369324 1.21272 8.34792 0.0638267 0.0258499 -0.0725116 
qwerty 221 218 0.0118259 0.0722035 0.37001 1.21337 8.347 0.0444371 0.0393692 -0.0804699 
qwerty 221 218 0.00729077 0.0649127 0.37052 1.21472 8.34575 0.0473959 0.0723804 -0.0501468 
qwerty 221 218 0.0187667 0.0461461 0.370331 1.21698 8.34402 -0.0166713 0.0974413 0.0150753 
qwerty 221 218 0.0461461 0 0.369983 1.21901 8.34434 -0.0166713 0.0974413 0.0150753 
qwerty 216 212 0 0.942054 3.40353 -0.308757 13.925 -0.0345878 -0.0310587 -0.0885384 
qwerty 216 212 0 0.942054 3.13984 -0.545542 13.25 -0.0345878 -0.0310587 -0.0885384 
qwerty 216 212 0 0.942054 2.87615 -0.782327 12.575 -0.0345878 -0.0310587 -0.0885384 
qwerty 216 212 0 0.942054 2.61246 -1.01911 11.9 -0.0345878 -0.0310587 -0.0885384 
qwerty 216 212 0 0.942054 2.34877 -1.2559 11.225 -0.0345878 -0.0310587 -0.0885384 
qwerty 216 212 0 0.942054 2.08508 -1.49268 10.55 -0.0345878 -0.0310587 -0.0885384 
qwerty 216 212 0 0.942054 1.82138 -1.72947 9.875 -0.0345878 -0.0310587 -0.0885384 
qwerty 216 212 0 0.942054 1.55769 -1.96625 9.2 -0.0345878 -0.0310587 -0.0885384 
qwerty 27 5 0 0.81639 0.218716 0.0423522 0.817063 -0.020971 0.0561405 0.0800528 
qwerty 27 5 0 0.81639 0.19044 0.118048 0.925 -0.020971 0.0561405 0.0800528 
qwerty 27 5 0 0.81639 0.0136143 0.591421 1.6 -0.020971 0.0561405 0.0800528 
qwerty 27 5 0 0.738069 -0.122292 0.955248 2.11879 0.00272121 0.0325251 0.0945236 
qwerty 27 5 0 0.738069 -0.117795 1.009 2.275 0.00272121 0.0325251 0.0945236 
qwerty 27 5 0 0.194577 0.0607363 1.1599 2.95 -0.0275131 -0.0169668 0.0946317 
qwerty 228 27 0.0783211 0 -0.125739 0.959182 2.118 -0.0651618 0.0743519 -0.0150245 
qwerty 227 27 0.143729 0.491879 0.228811 -0.00441486 0.871411 -0.021654 -0.0229534 0.0948907 
qwerty 227 27 0.0677168 0.424163 0.228776 -0.00397007 0.900758 0.0126106 -0.0156146 0.0979651 
qwerty 227 27 0.0488709 0.375292 0.231897 -0.00783398 0.925 -0.0101278 -0.0317611 0.0942797 
qwerty 227 27 0.00999735 0.320441 0.232899 -0.00338357 0.920573 0.016846 0.0598454 -0.0783246 
qwerty 227 27 0.0124999 0.307941 0.234475 0.00115105 0.915936 0.0050597 0.0668496 -0.0741993 
qwerty 227 27 0.0109605 0.29698 0.234682 0.00487719 0.91204 0.019809 0.0713816 -0.0671735 
qwerty 227 27 0.0197783 0.277202 0.238436 0.0104717 0.90692 -0.000203284 0.0694369 -0.0719616 
qwerty 227 27 0.0239909 0.253211 0.238629 0.0192543 0.900937 -0.0350839 0.071058 -0.0609908 
qwerty 227 27 0.0412148 0.211996 0.230115 0.0272568 0.89457 -0.0631519 0.0721682 -0.0283475 
qwerty 227 27 0.0491812 0.162815 0.222338 0.042068 0.888758 -0.0763578 0.0638887 0.00936572 
qwerty 227 27 0.162815 0 0.208321 0.0537953 0.890478 -0.0763578 0.0638887 0.00936572 
qwerty 26 5 0 0.782109 0.268788 0.0699248 0.925 0.0259624 0.00382297 0.0964953 
qwerty 26 5 0 0.782109 0.450399 0.0966671 1.6 0.0259624 0.00382297 0.0964953 
qwerty 26 5 0 0.782109 0.63201 0.123409 2.275 0.0259624 0.00382297 0.0964953 
qwerty 26 5 0 0.782109 0.813622 0.150152 2.95 0.0259624 0.00382297 0.0964953 
qwerty 232 26 0.0345636 0.547293 0.860143 0.151418 3.14462 -0.0137078 -0.00769948 0.0987563 
qwerty 232 26 0.0351738 0.512119 0.855995 0.14597 3.16285 -0.017091 -0.00113074 0.0985222 
qwerty 232 26 0.0324374 0.479681 0.849047 0.145427 3.18299 -0.0511801 -0.0401036 0.0759756 
qwerty 232 26 0.0887704 0.390911 0.83751 0.121225 3.20704 -0.0689922 -0.0160333 0.0705904 
qwerty 232 26 0.194624 0.196287 0.811612 0.135152 3.24247 -0.0791148 0.035215 0.0500075 
qwerty 232 26 0.196287 0 0.791882 0.143934 3.25495 -0.0791148 0.035215 0.0500075 
qwerty 25 7 0 0.392184 -3.05591 -1.59327 2.89743 -0.043093 0.0855246 -0.0287845 
qwerty 25 7 0 0.392184 -3.22887 -1.25 2.7819 -0.043093 0.0855246 -0.0287845 
qwerty 25 7 0 0.392184 -3.72576 -0.263853 2.45 -0.043093 0.0855246 -0.0287845 
qwerty 25 7 0 0.392184 -4.7363 1.74171 1.775 -0.043093 0.0855246 -0.0287845 
qwerty 234 25 0.118815 0 -3.06497 -1.59777 2.90131 -0.0836411 -0.0415421 0.0357548 
qwerty 24 7 0 0.510999 2.58137 -3.75 2.67583 0.0933351 -0.0357085 -0.00366907 
qwerty 24 7 0 0.465813 3.60111 -4.14013 2.63574 0.0851942 -0.0254993 -0.0457356 
qwerty 24 7 0 0.465813 3.9471 -4.24369 2.45 0.0851942 -0.0254993 -0.0457356 
qwerty 24 7 0 0.465813 5.20446 -4.62003 1.775 0.0851942 -0.0254993 -0.0457356 
qwerty 236 24 0.045186 0 3.60184 -4.14072 2.63752 0.0364745 -0.0290038 0.0884782 
qwerty 21 7 0 0.19882 -0.703678 -0.892215 2.91513 0.0418436 -0.0103377 0.0902344 
qwerty 21 7 0 0.19882 -0.687509 -0.89621 2.95 0.0418436 -0.0103377 0.0902344 
qwerty 238 21 0.0824615 0 -0.701014 -0.895013 2.91083 0.0460428 -0.048363 -0.0744385 
qwerty 19 7 0 0.584202 -0.951631 -0.511615 2.95 0.0742852 0.0152203 0.0651924 
qwerty 17 7 0 0.938967 -1.28744 -0.389167 2.95 0.0413898 0.0395946 0.0819705 
qwerty 17 7 0 0.938967 -0.946604 -0.0631188 3.625 0.0413898 0.0395946 0.0819705 
qwerty 17 7 0 0.210409 -1.25 -0.00867022 3.33777 -0.0670705 0.000304433 -0.0741718 
qwerty 17 7 0 0.210409 -1.4424 -0.00779692 3.125 -0.0670705 0.000304433 -0.0741718 
qwerty 16 7 0 1.95008 -1.46988 -0.578794 2.95 0.0145901 0.0206112 0.096759 
qwerty 16 7 0 1.95008 -1.3681 -0.435008 3.625 0.0145901 0.0206112 0.096759 
qwerty 16 7 0 1.95008 -1.26631 -0.291222 4.3 0.0145901 0.0206112 0.096759 
qwerty 16 7 0 1.95008 -1.16453 -0.147436 4.975 0.0145901 0.0206112 0.096759 
qwerty 16 7 0 1.95008 -1.06275 -0.00365018 5.65 0.0145901 0.0206112 0.096759 
qwerty 16 7 0 1.95008 -0.960969 0.140136 6.325 0.0145901 0.0206112 0.096759 
qwerty 16 7 0 1.95008 -0.859187 0.283922 7 0.0145901 0.0206112 0.096759 
qwerty 16 7 0 1.95008 -0.757406 0.427708 7.675 0.0145901 0.0206112 0.096759 
qwerty 16 7 0 1.95008 -0.655624 0.571494 8.35 0.0145901 0.0206112 0.096759 
qwerty 16 7 0 1.95008 -0.553842 0.71528 9.025 0.0145901 0.0206112 0.096759 
qwerty 16 7 0 1.95008 -0.452061 0.859066 9.7 0.0145901 0.0206112 0.096759 
qwerty 16 7 0 0.227555 -0.436888 0.720169 9.2 0.00251227 -0.0266207 -0.0963589 
qwerty 16 7 0 0.227555 -0.41929 0.53369 8.525 0.00251227 -0.0266207 -0.0963589 
qwerty 15 7 0 1.11664 -1.68932 -0.767671 2.275 -0.0169606 -0.0111041 0.0979236 
qwerty 15 7 0 1.11664 -1.80623 -0.844213 2.95 -0.0169606 -0.0111041 0.0979236 
qwerty 15 7 0 1.11664 -1.92314 -0.920755 3.625 -0.0169606 -0.0111041 0.0979236 
qwerty 15 7 0 1.11664 -2.04006 -0.997297 4.3 -0.0169606 -0.0111041 0.0979236 
qwerty 15 7 0 1.11664 -2.15697 -1.07384 4.975 -0.0169606 -0.0111041 0.0979236 
qwerty 15 7 0 1.11664 -2.27388 -1.15038 5.65 -0.0169606 -0.0111041 0.0979236 
qwerty 15 7 0 1.11664 -2.39079 -1.22692 6.325 -0.0169606 -0.0111041 0.0979236 
qwerty 15 7 0 1.11664 -2.42604 -1.25 6.52852 -0.0169606 -0.0111041 0.0979236 
qwerty 15 7 0 1.11664 -2.5077 -1.30346 7 -0.0169606 -0.0111041 0.0979236 
qwerty 15 7 0 1.11664 -2.62461 -1.38001 7.675 -0.0169606 -0.0111041 0.0979236 
qwerty 15 7 0 1.11664 -2.74153 -1.45655 8.35 -0.0169606 -0.0111041 0.0979236 
qwerty 15 7 0 1.11664 -2.85844 -1.53309 9.025 -0.0169606 -0.0111041 0.0979236 
qwerty 15 7 0 1.11664 -2.97535 -1.60963 9.7 -0.0169606 -0.0111041 0.0979236 
qwerty 15 7 0 1.11664 -3.09226 -1.68617 10.375 -0.0169606 -0.0111041 0.0979236 
qwerty 15 7 0 1.11664 -3.20917 -1.76271 11.05 -0.0169606 -0.0111041 0.0979236 
qwerty 13 7 0 4.74966 -1.79268 -0.82646 2.275 -0.0324209 -0.0204905 0.0923527 
qwerty 13 7 0 1.87594 -2.55712 -0.754254 2.95 -0.0750249 0.00728404 0.065713 
qwerty 13 7 0 1.87594 -3.32777 -0.679433 3.625 -0.0750249 0.00728404 0.065713 
qwerty 13 7 0 1.87594 -4.09842 -0.604611 4.3 -0.0750249 0.00728404 0.065713 
qwerty 13 7 0 1.87594 -4.86907 -0.52979 4.975 -0.0750249 0.00728404 0.065713 
qwerty 13 7 0 1.87594 -5.63973 -0.454969 5.65 -0.0750249 0.00728404 0.065713 
qwerty 13 7 0 1.87594 -6.25 -0.395719 6.18453 -0.0750249 0.00728404 0.065713 
qwerty 13 7 0 1.87594 -6.41038 -0.380148 6.325 -0.0750249 0.00728404 0.065713 
qwerty 13 7 0 1.87594 -7.18103 -0.305327 7 -0.0750249 0.00728404 0.065713 
qwerty 13 7 0 1.87594 -7.95168 -0.230506 7.675 -0.0750249 0.00728404 0.065713 
qwerty 13 7 0 1.87594 -8.72233 -0.155684 8.35 -0.0750249 0.00728404 0.065713 
qwerty 13 7 0 1.87594 -9.49298 -0.0808633 9.025 -0.0750249 0.00728404 0.065713 
qwerty 13 7 0 1.87594 -10.2636 -0.00604212 9.7 -0.0750249 0.00728404 0.065713 
qwerty 13 7 0 1.87594 -11.0343 0.068779 10.375 -0.0750249 0.00728404 0.065713 
qwerty 13 7 0 1.87594 -11.8049 0.1436 11.05 -0.0750249 0.00728404 0.065713 
qwerty 13 7 0 1.87594 -12.5756 0.218421 11.725 -0.0750249 0.00728404 0.065713 
qwerty 13 7 0 1.87594 -13.3462 0.293243 12.4 -0.0750249 0.00728404 0.065713 
qwerty 13 7 0 1.87594 -13.75 0.332443 12.7536 -0.0750249 0.00728404 0.065713 
qwerty 13 7 0 1.87594 -14.1169 0.368064 13.075 -0.0750249 0.00728404 0.065713 
qwerty 13 7 0 1.87594 -14.8875 0.442885 13.75 -0.0750249 0.00728404 0.065713 
qwerty 13 7 0 1.87594 -15.6582 0.517706 14.425 -0.0750249 0.00728404 0.065713 
qwerty 13 7 0 1.87594 -16.4288 0.592527 15.1 -0.0750249 0.00728404 0.065713 
qwerty 13 7 0 1.87594 -17.1995 0.667348 15.775 -0.0750249 0.00728404 0.065713 
qwerty 12 7 0 6.04075 -1.96935 -0.875278 2.275 -0.051997 -0.0245348 0.0818191 
qwerty 12 7 0 6.04075 -2.39832 -1.07769 2.95 -0.051997 -0.0245348 0.0818191 
qwerty 12 7 0 6.04075 -2.82729 -1.2801 3.625 -0.051997 -0.0245348 0.0818191 
qwerty 12 7 0 6.04075 -3.25626 -1.48251 4.3 -0.051997 -0.0245348 0.0818191 
qwerty 12 7 0 6.04075 -3.68523 -1.68492 4.975 -0.051997 -0.0245348 0.0818191 
qwerty 12 7 0 6.04075 -4.11421 -1.88733 5.65 -0.051997 -0.0245348 0.0818191 
qwerty 12 7 0 6.04075 -4.54318 -2.08974 6.325 -0.051997 -0.0245348 0.0818191 
qwerty 12 7 0 6.04075 -4.97215 -2.29215 7 -0.051997 -0.0245348 0.0818191 
qwerty 12 7 0 6.04075 -5.40112 -2.49455 7.675 -0.051997 -0.0245348 0.0818191 
qwerty 12 7 0 6.04075 -5.83009 -2.69696 8.35 -0.051997 -0.0245348 0.0818191 
qwerty 12 7 0 6.04075 -6.25 -2.8951 9.01075 -0.051997 -0.0245348 0.0818191 
qwerty 12 7 0 6.04075 -6.25906 -2.89937 9.025 -0.051997 -0.0245348 0.0818191 
qwerty 256 254 0 0.901722 -7.75206 -4.21824 8.525 -0.0710217 -0.0645329 -0.0281323 
qwerty 256 254 0 0.901722 -9.45614 -5.76663 7.85 -0.0710217 -0.0645329 -0.0281323 
qwerty 256 254 0 0.198881 -10.4367 -6.3923 7.35598 0.0631141 0.0673023 0.0385618 
qwerty 256 254 0 0.198881 -9.91459 -5.83551 7.675 0.0631141 0.0673023 0.0385618 
qwerty 258 256 0.175699 0.446047 -10.4758 -6.46991 7.31215 -0.0819626 -0.0531676 -0.0213387 
qwerty 258 256 0.171731 0.274316 -10.5596 -6.46383 7.28087 -0.0924087 -0.00782364 -0.0374089 
qwerty 258 256 0.274316 0 -10.5989 -6.46716 7.26496 -0.0924087 -0.00782364 -0.0374089 
qwerty 10 7 0 1.85439 -1.54484 -0.667716 1.6 -0.0501016 -0.0268077 0.0822872 
qwerty 10 7 0 1.85439 -1.95582 -0.887619 2.275 -0.0501016 -0.0268077 0.0822872 
qwerty 10 7 0 1.85439 -2.36681 -1.10752 2.95 -0.0501016 -0.0268077 0.0822872 
qwerty 10 7 0 1.85439 -2.77779 -1.32742 3.625 -0.0501016 -0.0268077 0.0822872 
qwerty 10 7 0 1.85439 -3.18877 -1.54733 4.3 -0.0501016 -0.0268077 0.0822872 
qwerty 10 7 0 1.85439 -3.59975 -1.76723 4.975 -0.0501016 -0.0268077 0.0822872 
qwerty 10 7 0 1.85439 -4.01074 -1.98713 5.65 -0.0501016 -0.0268077 0.0822872 
qwerty 10 7 0 1.5907 -4.53524 -2.00884 6.325 -0.0624197 0.000478838 0.0781252 
qwerty 10 7 0 1.5907 -5.07454 -2.00471 7 -0.0624197 0.000478838 0.0781252 
qwerty 10 7 0 1.5907 -5.61385 -2.00057 7.675 -0.0624197 0.000478838 0.0781252 
qwerty 10 7 0 1.5907 -6.15315 -1.99643 8.35 -0.0624197 0.000478838 0.0781252 
qwerty 10 7 0 1.5907 -6.69246 -1.99229 9.025 -0.0624197 0.000478838 0.0781252 
qwerty 10 7 0 1.5907 -7.23176 -1.98816 9.7 -0.0624197 0.000478838 0.0781252 
qwerty 10 7 0 1.5907 -7.77107 -1.98402 10.375 -0.0624197 0.000478838 0.0781252 
qwerty 10 7 0 1.5907 -8.31037 -1.97988 11.05 -0.0624197 0.000478838 0.0781252 
qwerty 10 7 0 1.5907 -8.75 -1.97651 11.6002 -0.0624197 0.000478838 0.0781252 
qwerty 10 7 0 1.5907 -8.84968 -1.97575 11.725 -0.0624197 0.000478838 0.0781252 
qwerty 10 7 0 1.45217 -9.23843 -2.0632 12.4 -0.0453806 -0.0145826 0.0879088 
qwerty 10 7 0 1.45217 -9.58688 -2.17517 13.075 -0.0453806 -0.0145826 0.0879088 
qwerty 10 7 0 1.45217 -9.93533 -2.28714 13.75 -0.0453806 -0.0145826 0.0879088 
qwerty 10 7 0 1.45217 -10.2838 -2.39911 14.425 -0.0453806 -0.0145826 0.0879088 
qwerty 10 7 0 1.45217 -10.6322 -2.51108 15.1 -0.0453806 -0.0145826 0.0879088 
qwerty 10 7 0 1.45217 -10.9807 -2.62306 15.775 -0.0453806 -0.0145826 0.0879088 
qwerty 10 7 0 1.45217 -11.3291 -2.73503 16.45 -0.0453806 -0.0145826 0.0879088 
qwerty 10 7 0 1.45217 -11.6776 -2.847 17.125 -0.0453806 -0.0145826 0.0879088 
qwerty 10 7 0 1.45217 -12.026 -2.95897 17.8 -0.0453806 -0.0145826 0.0879088 
qwerty 10 7 0 1.45217 -12.3745 -3.07094 18.475 -0.0453806 -0.0145826 0.0879088 
qwerty 10 7 0 1.45217 -12.7229 -3.18291 19.15 -0.0453806 -0.0145826 0.0879088 
qwerty 10 7 0 1.45217 -13.0714 -3.29488 19.825 -0.0453806 -0.0145826 0.0879088 
qwerty 10 7 0 1.45217 -13.4198 -3.40685 20.5 -0.0453806 -0.0145826 0.0879088 
qwerty 10 7 0 1.45217 -13.75 -3.51295 21.1396 -0.0453806 -0.0145826 0.0879088 
qwerty 10 7 0 1.45217 -13.7683 -3.51882 21.175 -0.0453806 -0.0145826 0.0879088 
qwerty 10 7 0 1.45217 -14.1167 -3.6308 21.85 -0.0453806 -0.0145826 0.0879088 
qwerty 10 7 0 1.45217 -14.4652 -3.74277 22.525 -0.0453806 -0.0145826 0.0879088 
qwerty 10 7 0 1.45217 -14.8136 -3.85474 23.2 -0.0453806 -0.0145826 0.0879088 
qwerty 10 7 0 0.250925 -14.6687 -4.09354 23.5486 -0.0377729 0.0843121 0.0382711 
qwerty 10 7 0 0.250925 -14.9909 -3.37446 23.875 -0.0377729 0.0843121 0.0382711 
qwerty 265 10 0.00278962 0.0728172 -14.9924 -3.37403 23.8748 -0.0968359 -0.0014326 -0.0249151 
qwerty 265 10 0.000523202 0.072294 -14.9927 -3.37408 23.8747 -0.0947065 0.00391834 -0.0318642 
qwerty 265 10 0.00476435 0.0675297 -14.9932 -3.37398 23.8746 -0.0901485 -0.00266596 -0.0431989 
qwerty 265 10 0.00289615 0.0646335 -14.9936 -3.37404 23.8743 -0.0907867 0.0190729 -0.0373364 
qwerty 265 10 0.00414955 0.060484 -14.994 -3.37388 23.8741 -0.0941042 0.0338262 -0.000423704 
qwerty 265 10 0.00157577 0.0589082 -14.9945 -3.37378 23.8741 -0.0996518 -0.00519844 -0.00651917 
qwerty 265 10 0.00135737 0.0575508 -14.9949 -3.37385 23.8742 0.093022 -0.0358755 0.00773644 
qwerty 265 10 0.00484213 0.0527087 -14.9944 -3.37401 23.8743 0.0949912 -0.0290955 -0.0114073 
qwerty 265 10 0.00151781 0.0511909 -14.994 -3.37407 23.8743 0.0996898 0.00352476 -0.00703658 
qwerty 265 10 0.00335224 0.0478387 -14.9935 -3.37402 23.8743 0.0815518 0.03489 -0.0461734 
qwerty 265 10 0.00286919 0.0449695 -14.9931 -3.37386 23.8742 0.0750988 0.0646406 -0.0134822 
qwerty 265 10 0.00431938 0.0406501 -14.9927 -3.37355 23.8742 0.0886281 0.0456769 0.00766013 
qwerty 265 10 0.00228928 0.0383608 -14.9923 -3.37334 23.8741 0.0855702 0.0499665 0.0134565 
qwerty 265 10 0.00693779 0.031423 -14.992 -3.373 23.8743 0.0924746 0.0364581 0.0109204 
qwerty 265 10 0.00602966 0.0253934 -14.9915 -3.37291 23.8742 0.0299206 0.0650263 -0.0698308 
qwerty 265 10 0.00543371 0.0199597 -14.9916 -3.37274 23.8738 0.0397384 -0.0261921 -0.0879479 
qwerty 265 10 0.0199597 0 -14.9914 -3.37286 23.8733 0.0397384 -0.0261921 -0.0879479 
qwerty 264 10 0.431026 0 -14.6342 -4.15479 23.5941 -0.0603031 -0.000514237 0.0797702 
qwerty 9 7 0 11.6122 -1.67557 -0.754923 1.6 -0.0612551 -0.0353511 0.0706974 
qwerty 9 7 0 11.6122 -2.26041 -1.09245 2.275 -0.0612551 -0.0353511 0.0706974 
qwerty 9 7 0 11.6122 -2.53342 -1.25 2.59009 -0.0612551 -0.0353511 0.0706974 
qwerty 9 7 0 11.6122 -2.84526 -1.42997 2.95 -0.0612551 -0.0353511 0.0706974 
qwerty 9 7 0 11.6122 -3.43011 -1.76749 3.625 -0.0612551 -0.0353511 0.0706974 
qwerty 9 7 0 11.6122 -4.01496 -2.10501 4.3 -0.0612551 -0.0353511 0.0706974 
qwerty 9 7 0 11.6122 -4.5998 -2.44254 4.975 -0.0612551 -0.0353511 0.0706974 
qwerty 9 7 0 11.6122 -5.18465 -2.78006 5.65 -0.0612551 -0.0353511 0.0706974 
qwerty 9 7 0 11.6122 -5.7695 -3.11758 6.325 -0.0612551 -0.0353511 0.0706974 
qwerty 266 9 0.643591 1.01202 -6.07474 -2.86283 6.50199 -0.0702861 0.0111574 -0.0702523 
qwerty 266 9 0.00703863 1.00498 -6.07673 -2.86251 6.5 -0.0715262 0.00951771 -0.0692345 
qwerty 8 7 0 24.6132 -1.70402 -0.669157 1.6 -0.0649018 -0.0243213 0.0720849 
qwerty 269 8 1.04274 6.22251 -2.19448 -0.675335 2.275 -0.0774246 -0.00246457 0.0632405 
qwerty 213 28 0.81744 15.8248 3.81235 -0.034936 15.1 0.0201237 0.00349144 0.097892 
qwerty 213 28 0.943231 12.6844 3.92078 0.0266731 15.775 0.0204089 0.020178 0.0957931 
qwerty 286 213 0 2.21538 3.95058 0.0244489 15.95 -0.0864455 0.0502708 -0.000115613 
qwerty 286 213 0.663834 1.45341 3.60309 -0.00496497 15.9865 -0.0621795 -0.0495094 0.0606839 
qwerty 286 213 0.787773 0.665638 3.49594 -0.0797686 16.2339 0.0269692 -0.0633997 0.0724785 
qwerty 286 213 0.649036 0.0166021 3.42844 -0.17229 16.3652 0.0342201 -0.0459038 0.0819868 
qwerty 286 213 0.0166021 0 3.42856 -0.172444 16.3655 0.0342201 -0.0459038 0.0819868 
qwerty 294 268 0 1.11452 -1.02902 0.302724 1.1 0.0560874 0.072797 -0.0394309 
qwerty 294 268 0 1.11452 -0.0688865 1.5489 0.425 0.0560874 0.072797 -0.0394309 
qwerty 294 268 0 1.11452 0.891248 2.79508 -0.25 0.0560874 0.072797 -0.0394309 
qwerty 293 268 0 1.1086 -2.02114 -0.960691 1.1 -0.0162208 -0.0167236 -0.0972482 
qwerty 293 268 0 1.1086 -2.13373 -1.07677 0.425 -0.0162208 -0.0167236 -0.0972482 
qwerty 293 268 0 0.591437 -2.19471 -1.13964 0.0594133 0.0271842 -0.0809806 -0.051992 
qwerty 293 268 0 0.591437 -2.15766 -1.25 -0.0114418 0.0271842 -0.0809806 -0.051992 
qwerty 293 268 0 0.591437 -2.03293 -1.62157 -0.25 0.0271842 -0.0809806 -0.051992 
qwerty 297 293 0.132322 0.384837 -2.20863 -1.09591 0.0154313 -0.0704846 0.0707951 -0.00446933 
qwerty 297 293 0.300875 0.0839624 -2.25895 -1.04536 0.0122404 0.0781812 0.0474769 -0.0404184 
qwerty 297 293 0.0839624 0 -2.25428 -1.04253 0.00982773 0.0781812 0.0474769 -0.0404184 
qwerty 292 268 0 0.204415 -2.43259 -1.82908 1.9451 -0.0537351 0.0827631 0.0162114 
qwerty 292 268 0 0.204415 -3.52609 -0.144858 2.275 -0.0537351 0.0827631 0.0162114 
qwerty 298 292 0.277955 0 -2.44077 -1.87154 1.949 -0.01885 -0.0977952 0.00898801 
qwerty 290 286 0 0.275523 3.25604 0.612252 15.7227 0.0907786 0.00347987 -0.0417987 
qwerty 290 286 0 0.275523 3.75 0.631187 15.4952 0.0907786 0.00347987 -0.0417987 
qwerty 290 286 0 0.275523 4.22829 0.649522 15.275 0.0907786 0.00347987 -0.0417987 
qwerty 302 290 0.0913952 0.1508 3.24583 0.614509 15.6928 -0.0422368 -0.0813175 -0.040044 
qwerty 302 290 0.1508 0 3.23901 0.601365 15.6863 -0.0422368 -0.0813175 -0.040044 
qwerty 289 213 0 0.510999 4.39873 1.25 16.3858 0.0338589 0.0857936 0.0386398 
qwerty 289 213 0 0.510999 4.45499 1.39254 16.45 0.0338589 0.0857936 0.0386398 
qwerty 289 213 0 0.174182 4.72909 2.08707 16.7628 0.00140928 -0.0938458 -0.0345105 
qwerty 289 213 0 0.174182 4.73471 1.71234 16.625 0.00140928 -0.0938458 -0.0345105 
qwerty 304 289 0.336817 0 4.74382 2.13905 16.785 0.0252121 0.0889658 0.0380716 
qwerty 288 213 0 0.510999 3.75 -0.393799 15.6455 -0.0338589 -0.0857936 -0.0386398 
qwerty 288 213 0 0.510999 3.42537 -1.21636 15.275 -0.0338589 -0.0857936 -0.0386398 
qwerty 288 213 0 0.510999 2.83389 -2.71509 14.6 -0.0338589 -0.0857936 -0.0386398 
qwerty 287 213 0 4.6879 3.40069 1.21958 16.45 -0.0377477 0.0818918 0.0432302 
qwerty 287 213 0 4.6879 2.81129 2.49825 17.125 -0.0377477 0.0818918 0.0432302 
qwerty 287 213 0 4.6879 2.2343 3.75 17.7858 -0.0377477 0.0818918 0.0432302 
qwerty 287 213 0 4.6879 2.2219 3.77691 17.8 -0.0377477 0.0818918 0.0432302 
qwerty 287 213 0 4.6879 1.6325 5.05558 18.475 -0.0377477 0.0818918 0.0432302 
qwerty 287 213 0 4.6879 1.08194 6.25 19.1055 -0.0377477 0.0818918 0.0432302 
qwerty 287 213 0 4.6879 1.04311 6.33424 19.15 -0.0377477 0.0818918 0.0432302 
qwerty 310 308 0 0.37685 1.75228 7.11549 18.65 0.0697746 0.0483747 -0.0528336 
qwerty 284 213 0 8.42479 3.867 0.0111788 15.1 0.0382498 0.0133116 0.0914317 
qwerty 284 213 0 8.42479 4.14938 0.109453 15.775 0.0382498 0.0133116 0.0914317 
qwerty 284 213 0 8.42479 4.43176 0.207727 16.45 0.0382498 0.0133116 0.0914317 
qwerty 284 213 0 8.42479 4.71414 0.306001 17.125 0.0382498 0.0133116 0.0914317 
qwerty 284 213 0 8.42479 4.99652 0.404275 17.8 0.0382498 0.0133116 0.0914317 
qwerty 283 255 0 0.510999 -7.04595 -2.94164 9.7 -0.0770939 -0.00282541 0.0636282 
qwerty 282 255 0 0.510999 -5.62229 -2.88946 8.525 0.0770939 0.00282541 -0.0636282 
qwerty 282 255 0 0.510999 -4.80444 -2.85949 7.85 0.0770939 0.00282541 -0.0636282 
qwerty 282 255 0 0.510999 -3.98659 -2.82952 7.175 0.0770939 0.00282541 -0.0636282 
qwerty 282 255 0 0.510999 -3.16873 -2.79954 6.5 0.0770939 0.00282541 -0.0636282 
qwerty 282 255 0 0.510999 -2.35088 -2.76957 5.825 0.0770939 0.00282541 -0.0636282 
qwerty 279 269 0 0.510999 -0.808264 -0.0857844 2.95 0.0849091 0.0380427 0.0366496 
qwerty 279 269 0 0.510999 0.755564 0.614874 3.625 0.0849091 0.0380427 0.0366496 
qwerty 278 269 0 0.510999 -3.53048 -1.30545 1.775 -0.0849091 -0.0380427 -0.0366496 
qwerty 278 269 0 0.238051 -3.52933 -1.61998 2.275 0.00340403 -0.0515502 0.0856212 
qwerty 277 269 0 0.259103 -1.67939 0.113492 2.95 0.0418153 0.0736232 0.0532081 
qwerty 276 269 0 0.486836 -1.17977 -1.25 2.73971 0.0814013 -0.0491073 0.031021 
qwerty 276 269 0 0.486836 -0.627947 -1.5829 2.95 0.0814013 -0.0491073 0.031021 
qwerty 273 269 0 0.918395 -2.74624 -0.691951 2.95 -0.0626159 -0.00209804 0.0779413 
qwerty 273 269 0 0.918395 -3.28852 -0.71012 3.625 -0.0626159 -0.00209804 0.0779413 
qwerty 273 269 0 0.918395 -3.83079 -0.72829 4.3 -0.0626159 -0.00209804 0.0779413 
qwerty 273 269 0 0.918395 -4.37307 -0.74646 4.975 -0.0626159 -0.00209804 0.0779413 
qwerty 273 269 0 0.918395 -4.91535 -0.76463 5.65 -0.0626159 -0.00209804 0.0779413 
qwerty 273 269 0 0.918395 -5.45762 -0.7828 6.325 -0.0626159 -0.00209804 0.0779413 
qwerty 273 269 0 0.918395 -5.9999 -0.800969 7 -0.0626159 -0.00209804 0.0779413 
qwerty 273 269 0 0.918395 -6.25 -0.809349 7.31131 -0.0626159 -0.00209804 0.0779413 
qwerty 273 269 0 0.918395 -6.54218 -0.819139 7.675 -0.0626159 -0.00209804 0.0779413 
qwerty 273 269 0 0.918395 -7.08445 -0.837309 8.35 -0.0626159 -0.00209804 0.0779413 
qwerty 273 269 0 0.444115 -6.82791 -1.16476 9.025 0.0385243 -0.0425846 0.0818684 
qwerty 273 269 0 0.444115 -6.51028 -1.51587 9.7 0.0385243 -0.0425846 0.0818684 
qwerty 273 269 0 0.444115 -6.25 -1.80359 10.2531 0.0385243 -0.0425846 0.0818684 
qwerty 273 269 0 0.444115 -6.19265 -1.86698 10.375 0.0385243 -0.0425846 0.0818684 
qwerty 273 269 0 0.279699 -4.9135 -3.15489 9.875 0.0677217 -0.0681341 -0.0277761 
qwerty 272 269 0 0.188884 -2.14845 -0.484037 2.275 -0.0479074 0.0345009 0.0807129 
qwerty 271 269 0 4.25705 -2.56336 -0.768498 2.275 -0.0803927 -0.00633483 0.0591345 
qwerty 271 269 0 4.25705 -3.48101 -0.840808 2.95 -0.0803927 -0.00633483 0.0591345 
qwerty 271 269 0 4.25705 -3.75 -0.862004 3.14786 -0.0803927 -0.00633483 0.0591345 
qwerty 271 269 0 4.25705 -4.39866 -0.913118 3.625 -0.0803927 -0.00633483 0.0591345 
qwerty 271 269 0 4.25705 -5.31632 -0.985428 4.3 -0.0803927 -0.00633483 0.0591345 
qwerty 271 269 0 4.25705 -6.23397 -1.05774 4.975 -0.0803927 -0.00633483 0.0591345 
qwerty 271 269 0 4.25705 -7.15163 -1.13005 5.65 -0.0803927 -0.00633483 0.0591345 
qwerty 270 269 0 1.02282 -2.14849 -0.807245 2.02366 -0.0810935 0.0476991 0.0338917 
qwerty 270 269 0 1.02282 -2.74987 -0.453512 2.275 -0.0810935 0.0476991 0.0338917 
qwerty 270 269 0 0.422575 -3.62197 0.0594549 2.63948 -0.0126516 -0.0282106 0.0951005 
qwerty 270 269 0 0.422575 -3.66328 -0.0326578 2.95 -0.0126516 -0.0282106 0.0951005 
qwerty 270 269 0 0.422575 -3.75 -0.226033 3.60189 -0.0126516 -0.0282106 0.0951005 
qwerty 270 269 0 0.422575 -3.75307 -0.232889 3.625 -0.0126516 -0.0282106 0.0951005 
qwerty 270 269 0 0.422575 -3.84287 -0.433121 4.3 -0.0126516 -0.0282106 0.0951005 
qwerty 270 269 0 0.422575 -3.93267 -0.633353 4.975 -0.0126516 -0.0282106 0.0951005 
qwerty 270 269 0 0.224669 -3.96163 -0.697931 5.1927 0.0997616 0.00124964 0.00678689 
qwerty 270 269 0 0.224669 2.7603 -0.61373 5.65 0.0997616 0.00124964 0.00678689 
qwerty 316 284 0.912664 2.29328 4.85337 0.871295 17.6104 -0.0567774 0.0449988 -0.0689307 
qwerty 316 284 0.607729 1.68555 4.61912 1.06482 17.4034 -0.0407758 0.0290953 -0.0865494 
qwerty 316 284 0.272099 1.41346 4.57039 1.09959 17.3 -0.0634136 0.0486839 -0.0600716 
qwerty 316 284 0.288697 1.00456 4.42185 1.15563 17.3947 -0.0773561 0.0427056 0.0468217 
qwerty 316 284 0.263471 0.741086 4.3169 1.22704 17.4897 -0.0663827 0.0521013 0.0536544 
qwerty 316 284 0.0814196 0.659666 4.28765 1.25 17.5133 -0.0494286 0.0569971 0.0656364 
qwerty 316 284 0.0512684 0.608398 4.27361 1.27454 17.5316 -0.0263926 0.0803533 0.0533553 
qwerty 316 284 0.0782795 0.530118 4.26008 1.29602 17.5553 -0.0177704 0.0543279 0.082053 
qwerty 316 284 0.0497915 0.480327 4.25274 1.3155 17.5732 -0.00561039 0.0565772 0.0822651 
qwerty 316 284 0.106413 0.373914 4.24965 1.32884 17.6101 0.0404791 -0.00602394 0.0912423 
qwerty 316 284 0.115985 0.257929 4.2642 1.2994 17.6503 -0.0272768 -0.0400771 0.0874631 
qwerty 316 284 0.127744 0.130185 4.2722 1.28268 17.6754 -0.0377697 -0.0385472 0.0841877 
qwerty 316 284 0.130185 0 4.26751 1.27789 17.6859 -0.0377697 -0.0385472 0.0841877 
qwerty 316 284 0 0 4.26751 1.27789 17.6859 -0.0377697 -0.0385472 0.0841877 
qwerty 188 32 0.373433 35.1672 0.39857 0.182404 1.93861 0.0225966 0.00988167 0.096911 
qwerty 188 32 0.290434 33.9887 0.434118 0.195228 2.07984 0.0248056 0.0100087 0.0963562 
qwerty 188 32 0.418441 33.5702 0.484358 0.215499 2.275 0.0250839 0.0112527 0.0961466 
qwerty 188 32 0.812818 12.0235 0.329313 -0.337613 2.57708 -0.023708 -0.0902494 0.035958 
qwerty 188 32 1.59834 10.4252 0.0896346 -1.25 2.9406 -0.0268804 -0.0701272 0.0660275 
qwerty 188 32 0.0166728 10.4085 0.085809 -1.25998 2.95 -0.0248777 -0.0705261 0.0663865 
qwerty 355 188 0.35023 0 0.278321 -0.365931 2.55603 -0.0626325 0.023292 0.0743953 
qwerty 338 270 0.0750079 0.122897 -3.97601 -0.686017 5.21267 -0.0913344 0.0352918 -0.0203104 
qwerty 338 270 0.122897 0 -3.98649 -0.68197 5.21034 -0.0913344 0.0352918 -0.0203104 
qwerty 337 270 0.444306 0.15594 -3.70193 0.09964 2.60437 -0.0531715 0.0739797 -0.0412286 
qwerty 337 270 0.15594 0 -3.71102 0.112283 2.59732 -0.0531715 0.0739797 -0.0412286 
qwerty 336 270 0.541886 0.899771 -2.25212 -0.960801 2.15219 -0.0494919 -0.059327 0.063489 
qwerty 336 270 0.345393 0.554378 -2.34142 -1.05632 2.27019 0.0591059 0.0800816 -0.00966566 
qwerty 336 270 0.346779 0.207599 -2.26352 -0.97482 2.25308 0.00262645 -0.0124155 -0.0991915 
qwerty 336 270 0.207599 0 -2.26281 -0.97821 2.22599 0.00262645 -0.0124155 -0.0991915 
qwerty 360 188 0 0.510999 0.34145 -1.17503 3.625 0.0208878 0.0463952 0.0860883 
qwerty 358 188 0 2.07225 1.25 -3.17313 3.53812 0.0550826 -0.0800362 0.0236668 
qwerty 358 188 0 2.07225 1.4522 -3.46694 3.625 0.0550826 -0.0800362 0.0236668 
qwerty 358 188 0 2.07225 3.02321 -5.74965 4.3 0.0550826 -0.0800362 0.0236668 
qwerty 358 188 0 2.07225 3.75 -6.80569 4.61227 0.0550826 -0.0800362 0.0236668 
qwerty 358 188 0 2.07225 4.59422 -8.03235 4.975 0.0550826 -0.0800362 0.0236668 
qwerty 358 188 0 2.07225 5.08812 -8.75 5.18721 0.0550826 -0.0800362 0.0236668 
qwerty 358 188 0 1.42236 5.16902 -8.86756 5.22197 0.0771568 -0.0442509 0.0457022 
qwerty 358 188 0 1.23188 5.23997 -8.90825 5.264 0.0922861 -0.0166531 0.0347269 
qwerty 358 188 0 1.23188 6.26577 -9.09335 5.65 0.0922861 -0.0166531 0.0347269 
qwerty 358 188 0 1.23188 8.05957 -9.41705 6.325 0.0922861 -0.0166531 0.0347269 
qwerty 358 188 0 1.23188 9.85337 -9.74074 7 0.0922861 -0.0166531 0.0347269 
qwerty 358 188 0 1.23188 11.25 -9.99276 7.52555 0.0922861 -0.0166531 0.0347269 
qwerty 358 188 0 1.23188 11.6472 -10.0644 7.675 0.0922861 -0.0166531 0.0347269 
qwerty 367 358 0.0578844 0.128448 5.23852 -8.92395 5.27222 0.0956813 -0.0146832 0.0250896 
qwerty 367 358 0.128448 0 5.25034 -8.92576 5.27532 0.0956813 -0.0146832 0.0250896 
qwerty 366 358 0.0670459 0.582847 5.17433 -8.90288 5.20595 -0.0164404 -0.0972495 -0.0164996 
qwerty 366 358 0.156383 0.426464 5.15927 -8.93273 5.19744 -0.0465388 -0.0881152 -0.00835705 
qwerty 366 358 0.0414562 0.385008 5.14963 -8.95812 5.19382 0.0262786 -0.0869958 -0.0417272 
qwerty 366 358 0.0512738 0.333734 5.14838 -8.98112 5.18435 -0.0108563 -0.0901942 -0.0417989 
qwerty 366 358 0.0449234 0.288811 5.14086 -8.99972 5.17111 0.0191892 -0.0790646 -0.0581426 
qwerty 366 358 0.11509 0.173721 5.14838 -9.02292 5.16086 -0.00686468 -0.0997498 -0.00168776 
qwerty 366 358 0.140934 0.0327876 5.15643 -9.04277 5.156 0.0264013 0.0353573 -0.0897376 
qwerty 366 358 0.0327876 0 5.15673 -9.04237 5.15498 0.0264013 0.0353573 -0.0897376 
qwerty 371 367 0.00029101 0 5.25146 -8.88194 5.28704 0.0278961 0.0905629 0.0319402 
qwerty 372 371 0.00385174 0 5.25146 -8.88192 5.28706 0.0258014 0.0602863 0.0754974 
qwerty 374 357 0.0090072 0.250066 0.283469 -1.70312 3.12542 -0.00977503 -0.0924965 0.0367266 
qwerty 374 357 0.00778861 0.242277 0.283026 -1.70671 3.12638 -0.00938429 -0.0984107 0.0150757 
qwerty 374 357 0.00628591 0.235991 0.282009 -1.71066 3.12679 0.00832011 -0.0995572 0.00437524 
qwerty 374 357 0.0111403 0.224851 0.282996 -1.71474 3.12681 -0.00539779 -0.099846 -0.00127835 
qwerty 374 357 0.0128897 0.211961 0.282501 -1.71893 3.12658 0.000528395 -0.0983369 0.018154 
qwerty 374 357 0.0085473 0.203414 0.282165 -1.72285 3.12691 -0.0173404 -0.0971223 -0.0163271 
qwerty 374 357 0.00931056 0.194103 0.281421 -1.72669 3.12689 -0.00647262 -0.0981303 0.018126 
qwerty 374 357 0.00984885 0.184255 0.281378 -1.73054 3.12844 -0.00649582 -0.089205 0.0447245 
qwerty 374 357 0.00771773 0.176537 0.281107 -1.73387 3.12916 -0.0292009 -0.0923123 0.0250149 
qwerty 374 357 0.0147159 0.161821 0.279641 -1.7369 3.13057 -0.0349877 -0.0764603 0.0541265 
qwerty 374 357 0.010115 0.151706 0.278943 -1.74011 3.13203 -0.0260459 -0.0814478 0.0518446 
qwerty 374 357 0.0097765 0.141929 0.27763 -1.7434 3.13389 0.00803035 -0.0648463 0.0756999 
qwerty 374 357 0.0197989 0.122131 0.278665 -1.74742 3.13658 0.0567994 -0.0665897 0.0483698 
qwerty 374 357 0.0325689 0.0895617 0.28089 -1.7521 3.13916 0.0426172 -0.0842333 0.0329928 
qwerty 374 357 0.0895617 0 0.283735 -1.75772 3.14136 0.0426172 -0.0842333 0.0329928 
qwerty 354 188 0 1.56421 0.136433 -1.25 2.72867 -0.0273113 -0.0943791 0.0186191 
qwerty 354 188 0 1.56421 -0.188222 -2.3719 2.95 -0.0273113 -0.0943791 0.0186191 
qwerty 354 188 0 0.522403 -0.816723 -3.35401 2.45 -0.0523919 -0.0369097 -0.0767643 
qwerty 354 188 0 0.522403 -1.25 -3.65925 1.81517 -0.0523919 -0.0369097 -0.0767643 
qwerty 354 188 0 0.522403 -1.27741 -3.67856 1.775 -0.0523919 -0.0369097 -0.0767643 
qwerty 354 188 0 0.448621 -1.58559 -3.58739 1.1 -0.0395904 0.016665 -0.0903044 
qwerty 354 188 0 0.448621 -1.88152 -3.46282 0.425 -0.0395904 0.016665 -0.0903044 
qwerty 354 188 0 0.448621 -2.17744 -3.33825 -0.25 -0.0395904 0.016665 -0.0903044 
qwerty 352 188 0 16.2562 0.799168 0.197398 2.95 0.0436492 -0.00265177 0.0899317 
qwerty 352 188 0 16.2562 1.12679 0.177495 3.625 0.0436492 -0.00265177 0.0899317 
qwerty 352 188 0 16.2562 1.4544 0.157591 4.3 0.0436492 -0.00265177 0.0899317 
qwerty 352 188 0 16.2562 1.78202 0.137688 4.975 0.0436492 -0.00265177 0.0899317 
qwerty 352 188 0 16.2562 2.10964 0.117784 5.65 0.0436492 -0.00265177 0.0899317 
qwerty 351 188 0 0.888078 0.487282 0.218159 2.275 0.0261168 0.0112647 0.0958698 
qwerty 351 188 0 0.888078 0.671165 0.297471 2.95 0.0261168 0.0112647 0.0958698 
qwerty 351 188 0 0.2749 0.826032 0.364269 3.51849 -0.0626778 0.0749522 -0.0212992 
qwerty 351 188 0 0.2749 -0.331888 1.74895 3.125 -0.0626778 0.0749522 -0.0212992 
qwerty 350 188 0 0.125639 0.495968 0.215652 2.275 0.0276875 0.00945118 0.0956247 
qwerty 349 188 0 1.52839 0.454404 0.194059 2.275 0.0175303 0.00683287 0.0982141 
qwerty 349 188 0 1.52839 0.574885 0.24102 2.95 0.0175303 0.00683287 0.0982141 
qwerty 349 188 0 1.52839 0.695366 0.28798 3.625 0.0175303 0.00683287 0.0982141 
qwerty 349 188 0 1.52839 0.815847 0.334941 4.3 0.0175303 0.00683287 0.0982141 
qwerty 349 188 0 1.52839 0.936329 0.381901 4.975 0.0175303 0.00683287 0.0982141 
qwerty 348 188 0 0.256272 0.421508 0.184586 2.275 0.0114313 0.00464616 0.0992358 
qwerty 346 309 0 0.510999 1.46367 7.78346 18.65 0.0353858 0.0838031 -0.0415317 
qwerty 346 309 0 0.510999 2.08871 9.32516 17.975 0.0346423 0.0864247 -0.0364785 
qwerty 346 309 0 0.510999 2.72973 10.9244 17.3 0.0346423 0.0864247 -0.0364785 
qwerty 346 309 0 0.510999 3.38773 12.6535 16.625 0.0334078 0.0878044 -0.0342681 
qwerty 346 309 0 0.396378 3.75 13.0315 16.7444 0.0696194 0.0657297 0.0288573 
qwerty 346 309 0 0.290081 4.29017 13.5415 16.9683 0.0830142 -0.028657 0.0478269 
qwerty 346 309 0 0.290081 4.56221 13.4476 17.125 0.0830142 -0.028657 0.0478269 
qwerty 344 316 0 0.510999 4.15604 1.25 17.6759 -0.0966402 -0.0241832 -0.00870906 
qwerty 344 316 0 0.510999 -0.0146299 0.206333 17.3 -0.0966402 -0.0241832 -0.00870906 
qwerty 343 316 0 0.510999 5.53363 1.59473 17.8 0.0966402 0.0241832 0.00870906 
qwerty 342 335 0 0.510999 -7.13808 -1.25 5.59649 0.0374599 -0.0735036 -0.0565153 
qwerty 342 335 0 0.510999 -6.84213 -1.8307 5.15 0.0374599 -0.0735036 -0.0565153 
qwerty 342 335 0 0.510999 -6.39473 -2.7086 4.475 0.0374599 -0.0735036 -0.0565153 
qwerty 342 335 0 0.510999 -5.94732 -3.5865 3.8 0.0374599 -0.0735036 -0.0565153 
qwerty 342 335 0 0.510999 -5.49991 -4.4644 3.125 0.0374599 -0.0735036 -0.0565153 
qwerty 342 335 0 0.510999 -5.0525 -5.3423 2.45 0.0374599 -0.0735036 -0.0565153 
qwerty 342 335 0 0.510999 -4.60509 -6.22021 1.775 0.0374599 -0.0735036 -0.0565153 
qwerty 342 335 0 0.510999 -4.15769 -7.09811 1.1 0.0374599 -0.0735036 -0.0565153 
qwerty 342 335 0 0.510999 -3.75 -7.89807 0.484926 0.0374599 -0.0735036 -0.0565153 
qwerty 342 335 0 0.510999 -3.71028 -7.97601 0.425 0.0374599 -0.0735036 -0.0565153 
qwerty 340 335 0 0.760003 -6.25 -1.02599 6.18955 0.087903 0.00879669 0.0468582 
qwerty 340 335 0 0.760003 -5.99591 -1.00056 6.325 0.087903 0.00879669 0.0468582 
qwerty 340 335 0 0.760003 -4.72965 -0.873841 7 0.087903 0.00879669 0.0468582 
qwerty 340 335 0 0.760003 -3.75 -0.775805 7.52222 0.087903 0.00879669 0.0468582 
qwerty 340 335 0 0.760003 -3.46339 -0.747123 7.675 0.087903 0.00879669 0.0468582 
qwerty 340 335 0 0.760003 -2.19713 -0.620406 8.35 0.087903 0.00879669 0.0468582 
qwerty 340 335 0 0.760003 -1.25 -0.525623 8.85489 0.087903 0.00879669 0.0468582 
qwerty 340 335 0 0.760003 -0.930875 -0.493688 9.025 0.087903 0.00879669 0.0468582 
qwerty 380 352 0.0252371 3.43649 2.1442 0.106466 5.84621 -0.0347142 -0.0228104 0.0909649 
qwerty 380 352 0.990756 2.44573 1.98559 0.0044431 6.3119 -0.0315726 -0.0444581 0.0838251 
qwerty 380 352 0.0210505 2.42468 1.98066 -0.00250404 6.325 -0.0319277 -0.0482569 0.0815592 
qwerty 380 352 0.338036 0.751894 1.87012 -0.0377234 6.28583 -0.0566498 0.00230811 -0.082374 
qwerty 380 352 0.365518 0.386377 1.8274 0.0674613 6.13261 -0.00754849 0.0279059 -0.0957303 
qwerty 380 352 0.31087 0.0755068 1.82197 0.0875395 6.06373 0.0205221 -0.00444334 0.0977707 
qwerty 380 352 0.0755068 0 1.82296 0.0873245 6.06846 0.0205221 -0.00444334 0.0977707 
qwerty 380 352 0 0 1.82296 0.0873245 6.06846 0.0205221 -0.00444334 0.0977707 
qwerty 405 380 0.0025917 0.201653 1.87006 -0.0388741 6.28526 -0.0114401 -0.0951052 -0.0287076 
qwerty 405 380 0.0404482 0.161205 1.86478 -0.0559775 6.28789 -0.068807 -0.0723079 0.00609667 
qwerty 405 380 0.161205 0 1.85236 -0.0690339 6.28899 -0.068807 -0.0723079 0.00609667 
qwerty 403 380 0.0337222 0.328004 2.13132 0.108899 5.84534 -0.0742323 0.0662286 -0.0101656 
qwerty 403 380 0.0231316 0.304873 2.12092 0.115028 5.84247 -0.083872 0.0533863 0.0107417 
qwerty 403 380 0.0247106 0.280162 2.11086 0.119686 5.84235 -0.077845 0.0627435 0.00184672 
qwerty 403 380 0.0313731 0.248789 2.10494 0.126743 5.84266 -0.0415196 0.0766963 0.0489265 
qwerty 403 380 0.0244883 0.224301 2.09846 0.133434 5.84834 -0.0856043 0.0497584 0.0140002 
qwerty 403 380 0.0736333 0.150668 2.08785 0.140276 5.84544 -0.0414439 0.0886403 -0.020623 
qwerty 403 380 0.0325061 0.118161 2.07831 0.149313 5.84859 0.0227293 0.0398463 0.0888575 
qwerty 403 380 0.118161 0 2.08075 0.153588 5.85812 0.0227293 0.0398463 0.0888575 
qwerty 389 346 0.106298 0 4.29108 13.5504 16.9676 0.0101491 0.0992348 -0.00703182 
qwerty 385 349 0 0.912853 0.98922 0.404318 5.15 0.0720179 -0.0640805 -0.0265915 
qwerty 385 349 0.111869 0.772802 0.939901 0.373033 5.18145 -0.0521122 -0.0368038 0.0770052 
qwerty 385 349 0.0811737 0.691629 0.908978 0.340913 5.21589 -0.0716301 -0.0544868 0.0435925 
qwerty 385 349 0.0940448 0.597584 0.881326 0.306788 5.25518 -0.0692263 -0.0547023 0.0470679 
qwerty 385 349 0.118524 0.47906 0.832475 0.271692 5.27657 0.0420758 -0.0906906 0.00220278 
qwerty 385 349 0.129316 0.349744 0.866361 0.220869 5.26214 0.0399566 -0.0905092 -0.014545 
qwerty 385 349 0.148392 0.201352 0.8665 0.171101 5.23054 0.0284986 0.00661844 -0.0956244 
qwerty 385 349 0.201352 0 0.873907 0.172821 5.20568 0.0284986 0.00661844 -0.0956244 
qwerty 381 351 0.0937709 0.519408 0.862088 0.350996 3.5579 0.0738239 -0.00916458 0.0668285 
qwerty 381 351 0.107974 0.411434 0.890851 0.352533 3.58055 0.0838051 0.054155 0.00662912 
qwerty 381 351 0.0418812 0.369553 0.912556 0.361881 3.57764 0.099994 0.000306478 -0.00105219 
qwerty 381 351 0.0779454 0.291608 0.936489 0.355234 3.57031 0.0961842 -0.00678686 -0.0265056 
qwerty 381 351 0.0818576 0.20975 0.969696 0.342379 3.57468 0.0945139 -0.00530807 -0.0322328 
qwerty 381 351 0.0957339 0.114016 0.989038 0.351478 3.56316 0.0746389 -0.0657654 -0.0101957 
qwerty 381 351 0.114016 0 0.996574 0.344837 3.56213 0.0746389 -0.0657654 -0.0101957 
qwerty 379 352 1.39675 7.42826 2.88143 -0.0119919 6.325 0.0615126 -0.00846397 0.0783873 
qwerty 411 379 0 0.368303 3.12086 0.361008 7 0.0360614 0.0396412 0.0844283 
qwerty 410 379 0 0.393326 3.30363 1.01234 7 0.0371572 0.079791 0.0474629 
qwerty 410 379 0 0.120462 3.19463 0.829603 6.67775 -0.0499879 0.0811117 -0.0303661 
qwerty 410 379 0 0.120462 2.93554 1.25 6.52037 -0.0499879 0.0811117 -0.0303661 
qwerty 410 379 0 0.120462 2.90201 1.3044 6.5 -0.0499879 0.0811117 -0.0303661 
qwerty 415 410 0.0388567 0 3.19472 0.828228 6.67707 0.00621371 -0.0893302 -0.044514 
qwerty 409 379 0 0.165875 2.89017 0.0810376 6.325 0.0800937 -0.00292158 0.0598036 
qwerty 408 405 0 0.174175 1.7126 -0.907296 5.825 -0.0158196 -0.0872449 -0.0462393 
qwerty 407 380 0 0.510999 1.83101 -0.0925791 6.325 0.00256805 -0.0573977 0.0818469 
qwerty 407 380 0 0.510999 1.85219 -0.565944 7 0.00256805 -0.0573977 0.0818469 
qwerty 407 380 0 0.510999 1.87337 -1.03931 7.675 0.00256805 -0.0573977 0.0818469 
qwerty 407 380 0 0.510999 1.8828 -1.25 7.97544 0.00256805 -0.0573977 0.0818469 
qwerty 407 380 0 0.510999 1.89455 -1.51267 8.35 0.00256805 -0.0573977 0.0818469 
qwerty 406 380 0 0.510999 1.81532 0.258061 5.825 -0.00256805 0.0573977 -0.0818469 
qwerty 406 380 0 0.510999 1.79415 0.731426 5.15 -0.00256805 0.0573977 -0.0818469 
qwerty 406 380 0 0.510999 1.77297 1.20479 4.475 -0.00256805 0.0573977 -0.0818469 
qwerty 406 380 0 0.296533 1.75837 1.53108 4.00972 -0.0458696 -0.0542216 -0.0703988 
qwerty 406 380 0 0.296533 1.62172 1.36955 3.8 -0.0458696 -0.0542216 -0.0703988 
qwerty 424 406 0.214466 0 1.76524 1.55646 3.99802 0.0238652 0.0881796 -0.0406794 
qwerty 402 380 0 0.277746 2.07476 0.0651055 5.95693 -0.0282426 0.095021 -0.0131668 
qwerty 402 380 0 0.277746 1.79176 1.01722 5.825 -0.0282426 0.095021 -0.0131668 
qwerty 155 41 0 0.879822 1.24753 0.188879 5.825 0.0885157 -0.0262204 -0.0384378 
qwerty 116 50 0.960309 7.97233 1.6243 -0.452467 7 0.0283245 -0.0483077 0.0828498 
qwerty 116 50 0.97009 2.88392 1.25 -0.69467 7.28029 -0.0926924 -0.013136 0.0351506 
qwerty 116 50 0.647653 2.23627 0.8762 -0.711051 7.52632 -0.097063 0.0182725 0.015649 
qwerty 116 50 0.592427 1.64384 0.535476 -0.573548 7.5254 -0.0835768 0.0548269 -0.00298718 
qwerty 116 50 0.0807406 1.27262 0.49781 -0.548893 7.53133 -0.084491 0.0488389 0.0218182 
qwerty 116 50 0.12209 1.10749 0.434734 -0.511179 7.5346 -0.0968728 0.0208574 -0.0134398 
qwerty 116 50 0.163095 0 0.328543 -0.499871 7.53719 -0.0736224 -0.0676088 0.00296547 
qwerty 442 116 0.290482 0 0.501572 -0.503949 7.51997 0.0080878 0.0966359 -0.0244152 
qwerty 427 402 0.141881 0.426676 2.01327 0.0400533 6.0084 -0.00951143 -0.0686284 0.0721088 
qwerty 427 402 0.419775 0.0069009 2.00542 -0.016636 6.06796 0.019867 -0.0977371 0.00726339 
qwerty 427 402 0.0069009 0 2.00543 -0.0167048 6.06797 0.019867 -0.0977371 0.00726339 
qwerty 445 116 0 1.26465 0.133585 -0.623477 7.675 -0.0725158 -0.045976 0.0512608 
qwerty 445 116 0 1.26465 -0.8213 -1.22889 8.35 -0.0725158 -0.045976 0.0512608 
qwerty 445 116 0 1.26465 -1.25 -1.50069 8.65304 -0.0725158 -0.045976 0.0512608 
qwerty 445 116 0 1.26465 -1.77618 -1.8343 9.025 -0.0725158 -0.045976 0.0512608 
qwerty 445 116 0 1.26465 -2.73107 -2.43971 9.7 -0.0725158 -0.045976 0.0512608 
qwerty 445 116 0 0.63018 -2.80124 -3.27346 10.375 0.0109358 -0.0789838 0.0603487 
qwerty 445 116 0 0.63018 -2.73526 -3.75 10.7391 0.0109358 -0.0789838 0.0603487 
qwerty 445 116 0 0.63018 -2.67893 -4.15689 11.05 0.0109358 -0.0789838 0.0603487 
qwerty 445 116 0 0.63018 -2.55661 -5.04033 11.725 0.0109358 -0.0789838 0.0603487 
qwerty 445 116 0 0.265198 -2.48195 -5.57956 12.137 -0.0785671 -0.0351115 -0.0509352 
qwerty 445 116 0 0.155686 -2.78581 -5.71535 11.94 0.0853074 -0.0194147 -0.0484326 
qwerty 445 116 0 0.155686 -2.71533 -5.73139 11.9 0.0853074 -0.0194147 -0.0484326 
qwerty 448 445 0.109511 0 -2.79494 -5.71703 11.9384 -0.0969197 -0.0178655 -0.0169528 
qwerty 447 445 0.356436 0.00854652 -2.45623 -5.61709 12.1848 0.0843465 0.0352408 0.0405431 
qwerty 447 445 0.00854652 0 -2.45614 -5.61705 12.1849 0.0843465 0.0352408 0.0405431 
qwerty 444 116 0 0.70175 0.277173 -0.702396 7.175 -0.0122856 -0.0484358 -0.0866201 
qwerty 444 116 0 0.70175 0.181436 -1.07984 6.5 -0.0122856 -0.0484358 -0.0866201 
qwerty 444 116 0 0.70175 0.0856982 -1.45728 5.825 -0.0122856 -0.0484358 -0.0866201 
qwerty 444 116 0 0.65277 0.00271746 -1.78443 5.23994 -0.0424994 -0.0354428 -0.0832923 
qwerty 444 116 0 0.65277 -0.0431752 -1.82271 5.15 -0.0424994 -0.0354428 -0.0832923 
qwerty 444 116 0 0.65277 -0.38759 -2.10993 4.475 -0.0424994 -0.0354428 -0.0832923 
qwerty 444 116 0 0.65277 -0.732005 -2.39716 3.8 -0.0424994 -0.0354428 -0.0832923 
qwerty 444 116 0 0.65277 -1.07642 -2.68439 3.125 -0.0424994 -0.0354428 -0.0832923 
qwerty 444 116 0 0.65277 -1.42083 -2.97162 2.45 -0.0424994 -0.0354428 -0.0832923 
qwerty 444 116 0 0.65277 -1.76525 -3.25885 1.775 -0.0424994 -0.0354428 -0.0832923 
qwerty 444 116 0 0.65277 -2.10966 -3.54607 1.1 -0.0424994 -0.0354428 -0.0832923 
qwerty 450 444 0.0489801 0 0.00465468 -1.78553 5.23929 0.083485 -0.0473896 -0.0280086 
qwerty 443 116 0 0.043033 -0.870046 -0.113698 7.175 -0.0924991 0.0281785 -0.0254928 
qwerty 441 116 0 0.8731 1.98139 -0.611889 7.675 0.0475752 -0.0150758 0.0866563 
qwerty 441 116 0 0.8731 2.35198 -0.729321 8.35 0.0475752 -0.0150758 0.0866563 
qwerty 441 116 0 0.8731 2.72256 -0.846753 9.025 0.0475752 -0.0150758 0.0866563 
qwerty 441 116 0 0.8731 3.09314 -0.964184 9.7 0.0475752 -0.0150758 0.0866563 
qwerty 441 116 0 0.8731 3.46372 -1.08162 10.375 0.0475752 -0.0150758 0.0866563 
qwerty 441 116 0 0.8731 3.83431 -1.19905 11.05 0.0475752 -0.0150758 0.0866563 
qwerty 441 116 0 0.8731 4.20489 -1.31648 11.725 0.0475752 -0.0150758 0.0866563 
qwerty 441 116 0 0.8731 4.57547 -1.43391 12.4 0.0475752 -0.0150758 0.0866563 
qwerty 441 116 0 0.8731 4.94605 -1.55134 13.075 0.0475752 -0.0150758 0.0866563 
qwerty 441 116 0 0.8731 5.31663 -1.66877 13.75 0.0475752 -0.0150758 0.0866563 
qwerty 438 144 0 0.510999 6.69789 -0.167705 20.5 0.0123561 -0.0510499 0.0850954 
qwerty 438 144 0 0.510999 6.7959 -0.572647 21.175 0.0123561 -0.0510499 0.0850954 
qwerty 438 144 0 0.510999 6.89391 -0.977589 21.85 0.0123561 -0.0510499 0.0850954 
qwerty 438 144 0 0.510999 6.99192 -1.38253 22.525 0.0123561 -0.0510499 0.0850954 
qwerty 437 144 0 0.510999 6.52727 0.537194 19.325 -0.0123561 0.0510499 -0.0850954 
qwerty 437 144 0 0.510999 6.42926 0.942136 18.65 -0.0123561 0.0510499 -0.0850954 
qwerty 437 144 0 0.510999 6.3115 1.34916 17.975 -0.014844 0.051072 -0.0846836 
qwerty 437 144 0 0.510999 6.19318 1.75625 17.3 -0.014844 0.051072 -0.0846836 
qwerty 437 144 0 0.510999 6.07486 2.16334 16.625 -0.014844 0.051072 -0.0846836 
qwerty 437 144 0 0.475902 5.94012 2.3097 15.95 -0.0197194 0.0149841 -0.0968846 
qwerty 461 436 0.0195045 0.394709 1.01099 0.169998 5.64885 -0.0868701 0.00195895 -0.0494949 
qwerty 461 436 0.0180785 0.37663 1.00246 0.171135 5.64446 -0.0824369 0.0357466 -0.04389 
qwerty 461 436 0.0194036 0.357227 0.993074 0.176326 5.64136 -0.0694042 0.0515131 -0.0502936 
qwerty 461 436 0.0257214 0.331505 0.984452 0.181404 5.63806 -0.0878588 0.0306814 -0.036599 
qwerty 461 436 0.010553 0.320952 0.978112 0.185268 5.63373 -0.0839788 0.0242981 -0.0485506 
qwerty 461 436 0.0198992 0.301053 0.971293 0.189027 5.62754 -0.0687877 0.0566764 -0.0453435 
qwerty 461 436 0.0246469 0.276406 0.964559 0.198398 5.62061 -0.0839372 0.0361455 -0.0405961 
qwerty 461 436 0.0287914 0.247615 0.95447 0.207557 5.61598 -0.0761339 0.0643578 -0.00785561 
qwerty 461 436 0.0351833 0.212431 0.943588 0.219025 5.61876 -0.053011 0.0698168 -0.0481191 
qwerty 461 436 0.039812 0.172619 0.931021 0.228337 5.614 -0.0892872 -0.0278465 -0.0353888 
qwerty 461 436 0.138028 0.0345919 0.91182 0.236645 5.60966 -0.0740064 0.0117372 0.0662216 
qwerty 461 436 0.0345919 0 0.910894 0.236792 5.61049 -0.0740064 0.0117372 0.0662216 
qwerty 435 155 0 0.474313 1.5883 0.168696 6.325 0.0550814 -0.0039104 0.0833711 
qwerty 435 155 0 0.474313 2.03426 0.137036 7 0.0550814 -0.0039104 0.0833711 
qwerty 435 155 0 0.474313 2.48021 0.105376 7.675 0.0550814 -0.0039104 0.0833711 
qwerty 433 161 0 0.510999 0.636924 0.0393854 8.35 -0.0850956 0.0173263 0.0495837 
qwerty 433 161 0 0.510999 -0.521512 0.275255 9.025 -0.0850956 0.0173263 0.0495837 
qwerty 433 161 0 0.510999 -1.67995 0.511124 9.7 -0.0850956 0.0173263 0.0495837 
qwerty 433 161 0 0.426829 -2.06656 1.01611 10.375 -0.0406238 0.055 0.0729706 
qwerty 433 161 0 0.426829 -2.23931 1.25 10.6853 -0.0406238 0.055 0.0729706 
qwerty 433 161 0 0.426829 -2.44234 1.52488 11.05 -0.0406238 0.055 0.0729706 
qwerty 432 161 0 0.530441 1.84084 -1.25 8.0381 0.0214925 -0.0952056 0.0217706 
qwerty 432 161 0 0.530441 2.14875 -2.61396 8.35 0.0214925 -0.0952056 0.0217706 
qwerty 431 161 0 1.60209 1.75384 -0.740395 8.35 0.0218749 -0.0722936 0.0655372 
qwerty 431 161 0 1.07923 1.39766 -1.93322 9.025 -0.0286585 -0.0842198 0.0456696 
qwerty 431 161 0 1.07923 0.974083 -3.178 9.7 -0.0286585 -0.0842198 0.0456696 
qwerty 431 161 0 1.07923 0.550509 -4.42277 10.375 -0.0286585 -0.0842198 0.0456696 
qwerty 431 161 0 1.07923 0.126934 -5.66755 11.05 -0.0286585 -0.0842198 0.0456696 
qwerty 431 161 0 1.07923 -0.29664 -6.91233 11.725 -0.0286585 -0.0842198 0.0456696 
qwerty 431 161 0 1.07923 -0.720214 -8.1571 12.4 -0.0286585 -0.0842198 0.0456696 
qwerty 431 161 0 1.07923 -1.14379 -9.40188 13.075 -0.0286585 -0.0842198 0.0456696 
qwerty 431 161 0 1.07923 -1.56736 -10.6467 13.75 -0.0286585 -0.0842198 0.0456696 
qwerty 431 161 0 1.07923 -1.99094 -11.8914 14.425 -0.0286585 -0.0842198 0.0456696 
qwerty 431 161 0 0.368614 -2.13076 -12.3023 14.6478 0.0832181 -0.00900349 0.0547146 
qwerty 431 161 0 0.368614 -1.44301 -12.3767 15.1 0.0832181 -0.00900349 0.0547146 
qwerty 431 161 0 0.312965 -0.950315 -12.43 15.4239 0.0840419 0.0510155 0.0182861 
qwerty 431 161 0 0.312965 0.663129 -11.4506 15.775 0.0840419 0.0510155 0.0182861 
qwerty 470 431 0.0556497 0 -0.949796 -12.4323 15.4257 0.017858 -0.0787492 0.0589886 
qwerty 469 431 0.0704254 0.640187 -2.14882 -12.3358 14.6515 -0.0695752 -0.0579705 0.0424113 
qwerty 469 431 0.0544909 0.585696 -2.16845 -12.3561 14.6585 -0.084844 -0.0448715 0.0280722 
qwerty 469 431 0.0576703 0.528026 -2.1994 -12.378 14.6577 -0.0968456 -0.0024996 -0.0247926 
qwerty 469 431 0.064441 0.463585 -2.23838 -12.3719 14.6605 -0.0977393 0.00401398 -0.0207583 
qwerty 469 431 0.065009 0.398576 -2.27294 -12.373 14.6452 -0.0942716 0.0321943 -0.00874014 
qwerty 469 431 0.0599201 0.338656 -2.30013 -12.363 14.6295 -0.0824914 0.0378829 -0.0419531 
qwerty 469 431 0.0799575 0.258698 -2.3301 -12.3506 14.6258 -0.0854635 0.0499879 -0.014043 
qwerty 469 431 0.0853451 0.173353 -2.3605 -12.3517 14.6203 -0.0884396 -0.00820775 0.0459463 
qwerty 469 431 0.173353 0 -2.3785 -12.3534 14.6296 -0.0884396 -0.00820775 0.0459463 
qwerty 472 468 0 0.262601 1.73577 -1.25 8.17465 -0.00863413 -0.0864862 -0.049453 
qwerty 472 468 0 0.262601 1.67909 -1.81777 7.85 -0.00863413 -0.0864862 -0.049453 
qwerty 430 161 0 2.40548 1.65635 0.0446181 8.35 0.0143004 0.0267648 0.0952845 
qwerty 430 161 0 2.40548 1.75766 0.234222 9.025 0.0143004 0.0267648 0.0952845 
qwerty 430 161 0 2.40548 1.85897 0.423825 9.7 0.0143004 0.0267648 0.0952845 
qwerty 430 161 0 2.40548 1.96027 0.613428 10.375 0.0143004 0.0267648 0.0952845 
qwerty 430 161 0 2.40548 2.06158 0.803032 11.05 0.0143004 0.0267648 0.0952845 
qwerty 430 161 0 2.40548 2.16288 0.992635 11.725 0.0143004 0.0267648 0.0952845 
qwerty 430 161 0 2.40548 2.26419 1.18224 12.4 0.0143004 0.0267648 0.0952845 
qwerty 430 161 0 2.40548 2.36549 1.37184 13.075 0.0143004 0.0267648 0.0952845 
qwerty 430 161 0 2.40548 2.4668 1.56145 13.75 0.0143004 0.0267648 0.0952845 
qwerty 430 161 0 2.40548 2.5681 1.75105 14.425 0.0143004 0.0267648 0.0952845 
qwerty 430 161 0 2.40548 2.66941 1.94065 15.1 0.0143004 0.0267648 0.0952845 
qwerty 430 161 0 2.40548 2.77071 2.13026 15.775 0.0143004 0.0267648 0.0952845 
qwerty 93 85 0.765788 2.40582 15.2171 4.53435 31.2217 -0.030166 -0.0703117 0.0643916 
qwerty 93 85 0.0151996 2.24416 15.2148 4.52809 31.2276 -0.0335581 -0.0703316 0.0626684 
qwerty 93 85 0.162208 2.08196 15.176 4.4468 31.3 -0.0661993 -0.0605687 0.0441485 
qwerty 93 85 0.484279 1.28799 14.8987 4.31899 31.1695 -0.0698005 -0.0700898 0.0146736 
qwerty 93 85 0.404894 0.883101 14.7936 4.10975 31.264 -0.0250632 -0.0956532 0.01491 
qwerty 93 85 0.339184 0.543917 14.7536 3.94019 31.2814 -0.0584586 -0.028593 -0.0759278 
qwerty 93 85 0.543917 0 14.7431 3.88692 31.1625 0.0125378 -0.0617987 -0.0776127 
qwerty 93 85 0 0 14.7431 3.88692 31.1625 0.0125378 -0.0617987 -0.0776127 
qwerty 84 60 0.661179 2.10214 9.95591 2.90471 21.0155 0.00670068 0.0697985 0.071297 
qwerty 84 60 0.327953 1.77419 9.9709 3.06085 21.175 0.0460231 0.0559323 0.0689453 
qwerty 81 61 0.530168 1.44093 1.6184 1.3324 11.9641 0.0310107 -0.0897949 0.0312284 
qwerty 81 61 0.145525 1.2954 1.64686 1.25 11.9927 -0.00534198 -0.0959447 -0.027678 
qwerty 81 61 0.446434 0.848971 1.65928 1.05821 11.9718 -0.0126146 -0.0859287 -0.0495694 
qwerty 81 61 0.29639 0.552581 1.64102 0.93381 11.9 -0.0515555 -0.0855067 -0.00553521 
qwerty 81 61 0.0265164 0.510089 1.6254 0.925971 11.9085 -0.0891662 -0.0362556 0.0271094 
qwerty 81 61 0.0317173 0.478372 1.6129 0.917665 11.9149 -0.0711696 -0.0208044 0.0670975 
qwerty 81 61 0.0787655 0.399607 1.60121 0.911282 11.9268 -0.0550274 -0.0303021 0.077806 
qwerty 81 61 0.0818574 0.317749 1.58945 0.909651 11.9415 -0.019355 0.0219469 0.0956228 
qwerty 81 61 0.0525621 0.265187 1.5887 0.906401 11.9694 -0.00486223 0.0257497 0.0965055 
qwerty 81 61 0.14264 0.122548 1.5862 0.904173 12.0051 0.047582 -0.0610367 0.0633283 
qwerty 81 61 0.122548 0 1.59154 0.897333 12.0122 0.047582 -0.0610367 0.0633283 
qwerty 81 61 0 0 1.59154 0.897333 12.0122 0.047582 -0.0610367 0.0633283 
qwerty 487 81 0 0.510999 1.1139 0.74011 12.4 -0.0752157 -0.0247587 0.0610705 
qwerty 486 81 0 0.510999 1.72971 0.942816 11.9 0.0752157 0.0247587 -0.0610705 
qwerty 484 81 0 0.724139 2.18699 2.23429 12.4 0.0617034 0.0590604 0.0520053 
qwerty 484 81 0 0.724139 2.98787 3.00087 13.075 0.0617034 0.0590604 0.0520053 
qwerty 484 81 0 0.724139 3.77053 3.75 13.7346 0.0617034 0.0590604 0.0520053 
qwerty 484 81 0 0.724139 3.78875 3.76744 13.75 0.0617034 0.0590604 0.0520053 
qwerty 481 81 0 0.632898 1.55274 1.74463 12.4 0.00886858 0.0258587 0.0961908 
qwerty 481 81 0 0.632898 1.61497 1.92609 13.075 0.00886858 0.0258587 0.0961908 
qwerty 481 81 0 0.632898 1.67721 2.10755 13.75 0.00886858 0.0258587 0.0961908 
qwerty 481 81 0 0.632898 1.73944 2.28901 14.425 0.00886858 0.0258587 0.0961908 
qwerty 481 81 0 0.632898 1.80167 2.47047 15.1 0.00886858 0.0258587 0.0961908 
qwerty 481 81 0 0.632898 1.86391 2.65192 15.775 0.00886858 0.0258587 0.0961908 
qwerty 481 81 0 0.632898 1.92614 2.83338 16.45 0.00886858 0.0258587 0.0961908 
qwerty 481 81 0 0.632898 1.98837 3.01484 17.125 0.00886858 0.0258587 0.0961908 
qwerty 481 81 0 0.632898 2.05061 3.1963 17.8 0.00886858 0.0258587 0.0961908 
qwerty 481 81 0 0.632898 2.11284 3.37776 18.475 0.00886858 0.0258587 0.0961908 
qwerty 481 81 0 0.538337 2.1528 3.49428 18.9084 0.0379794 0.061374 0.0692155 
qwerty 481 81 0 0.538337 2.28535 3.70847 19.15 0.0379794 0.061374 0.0692155 
qwerty 481 81 0 0.29875 3.35654 2.7995 19.825 0.0628139 -0.0697132 0.0345614 
qwerty 498 481 0.0945611 0 2.14946 3.49052 18.9138 -0.0456485 -0.0513148 0.0726843 
qwerty 480 84 0 0.510999 10.6746 2.43778 20.675 0.0643773 -0.0577655 -0.0501868 
qwerty 477 93 0 0.510999 14.7458 3.81175 31.3 0.0017329 -0.0479608 0.0877312 
qwerty 477 93 0 0.510999 14.7592 3.44274 31.975 0.0017329 -0.0479608 0.0877312 
qwerty 477 93 0 0.510999 14.7725 3.07373 32.65 0.0017329 -0.0479608 0.0877312 
qwerty 477 93 0 0.510999 14.7858 2.70472 33.325 0.0017329 -0.0479608 0.0877312 
qwerty 477 93 0 0.510999 14.7992 2.33572 34 0.0017329 -0.0479608 0.0877312 
qwerty 477 93 0 0.510999 14.8125 1.96671 34.675 0.0017329 -0.0479608 0.0877312 
qwerty 477 93 0 0.510999 14.8258 1.5977 35.35 0.0017329 -0.0479608 0.0877312 
qwerty 477 93 0 0.510999 14.8392 1.22869 36.025 0.0017329 -0.0479608 0.0877312 
qwerty 477 93 0 0.506965 14.915 0.767187 36.7 0.00933657 -0.0563108 0.0821092 
qwerty 477 93 0 0.17534 15.1604 0.769019 37.3732 -0.0224779 0.0697433 -0.0680486 
qwerty 477 93 0 0.174492 15.036 1.15499 36.9966 -0.0128764 0.0799266 -0.0587021 
qwerty 477 93 0 0.174492 15.0093 1.32057 36.875 -0.0128764 0.0799266 -0.0587021 
qwerty 508 477 0.000847951 0 15.036 1.15499 36.9966 -0.0575356 -0.0583275 -0.0573372 
qwerty 507 477 0.00619049 0.222582 15.1611 0.768706 37.375 0.0315307 -0.0544845 0.0776998 
qwerty 476 93 0 0.510999 14.736 4.08509 30.8 -0.0017329 0.0479608 -0.0877312 
qwerty 476 93 0 0.492042 14.5451 4.48712 30.125 -0.0287919 0.0497781 -0.0818118 
qwerty 476 93 0 0.492042 14.3075 4.89782 29.45 -0.0287919 0.0497781 -0.0818118 
qwerty 476 93 0 0.492042 14.07 5.30852 28.775 -0.0287919 0.0497781 -0.0818118 
qwerty 475 93 0 0.146457 15.1756 4.4528 31.3 -0.0351529 -0.0674636 0.0649071 
