qwerty 1 0 0 184.349 0 0 -0.249999 0 0 0.1 
qwerty 3 1 0 295.213 -0.0120017 -0.0382892 0.25 -0.00239266 -0.00763332 0.0996795 
qwerty 3 1 0 295.213 -0.0282041 -0.0899798 0.925 -0.00239266 -0.00763332 0.0996795 
qwerty 3 1 0 295.213 -0.0444065 -0.14167 1.6 -0.00239266 -0.00763332 0.0996795 
qwerty 3 1 0 295.213 -0.0606088 -0.193361 2.275 -0.00239266 -0.00763332 0.0996795 
qwerty 3 1 0 295.213 -0.0768112 -0.245051 2.95 -0.00239266 -0.00763332 0.0996795 
qwerty 3 1 0 295.213 -0.0930136 -0.296742 3.625 -0.00239266 -0.00763332 0.0996795 
qwerty 3 1 0 295.213 -0.109216 -0.348432 4.3 -0.00239266 -0.00763332 0.0996795 
qwerty 3 1 0 295.213 -0.125418 -0.400123 4.975 -0.00239266 -0.00763332 0.0996795 
qwerty 2 1 0 24.1127 7.4883e-07 2.389e-06 -0.25 0.0292935 0.0934552 -0.0201995 
qwerty 5 3 0.788376 67.9192 -0.105626 -0.434918 5.65 0.0056521 -0.00656526 0.099624 
qwerty 5 3 0.959624 48.3662 -0.000471707 -0.462968 6.325 0.0214378 -0.00195702 0.0976555 
qwerty 5 3 0.945085 32.7338 0.0995325 -0.632199 7 0.0130504 -0.0313733 0.09405 
qwerty 5 3 1.11958 23.3198 0.47865 -0.953782 7.675 0.0520984 -0.0458306 0.0720091 
qwerty 4 3 0.845219 204.798 -0.15025 -0.454877 5.65 -0.00437107 -0.00874053 0.0995213 
qwerty 4 3 0.804679 183.442 -0.158362 -0.548377 6.325 -0.000342221 -0.0145116 0.0989409 
qwerty 4 3 0.748519 96.526 -0.190847 -0.683655 7 -0.00753141 -0.0195848 0.0977738 
qwerty 4 3 0.76949 86.5939 -0.266952 -0.836433 7.64405 -0.0149662 -0.0250871 0.0956381 
qwerty 4 3 0.0568446 86.537 -0.271796 -0.844551 7.675 -0.015341 -0.0250836 0.0955796 
qwerty 4 3 0.857345 13.5017 -0.162166 -1.07474 8.35 0.00621431 -0.0295239 0.09534 
qwerty 39 4 0 5.42682 -0.433827 -1.59033 9.025 -0.0344958 -0.0608793 0.0714406 
qwerty 39 4 0 5.42682 -0.759757 -2.16554 9.7 -0.0344958 -0.0608793 0.0714406 
qwerty 39 4 0 5.42682 -1.08569 -2.74075 10.375 -0.0344958 -0.0608793 0.0714406 
qwerty 39 4 0 0.419791 0.318859 -3.79077 9.875 0.0773349 -0.056754 -0.0282542 
qwerty 38 4 0 0.298184 -0.211262 -1.31587 9.025 -0.006871 -0.0335949 0.0939371 
qwerty 38 4 0 0.298184 -0.260635 -1.55727 9.7 -0.006871 -0.0335949 0.0939371 
qwerty 38 4 0 0.298184 -0.310007 -1.79867 10.375 -0.006871 -0.0335949 0.0939371 
qwerty 38 4 0 0.298184 -0.35938 -2.04007 11.05 -0.006871 -0.0335949 0.0939371 
qwerty 37 4 0 1.52376 -0.154161 -1.07826 8.35 0.0203278 -0.0354558 0.091267 
qwerty 37 4 0 1.52376 -0.00381916 -1.34048 9.025 0.0203278 -0.0354558 0.091267 
qwerty 37 4 0 1.52376 0.146523 -1.60271 9.7 0.0203278 -0.0354558 0.091267 
qwerty 37 4 0 1.52376 0.296865 -1.86494 10.375 0.0203278 -0.0354558 0.091267 
qwerty 37 4 0 1.30408 0.614568 -2.38447 11.05 0.0359582 -0.0586262 0.0725946 
qwerty 37 4 0 1.30408 0.948915 -2.92959 11.725 0.0359582 -0.0586262 0.0725946 
qwerty 55 37 0 0.48831 1.03128 -3.07237 11.9 -0.0954686 -0.00442319 -0.0294311 
qwerty 55 37 0.0114191 0.239566 1.03385 -3.06996 11.9011 0.0242728 0.0949051 0.0200962 
qwerty 55 37 0.00669646 0.23287 1.03489 -3.06606 11.9015 0.0225323 0.0957609 0.0179486 
qwerty 55 37 0.0093304 0.223539 1.03538 -3.06252 11.9027 0.0156033 0.0939169 0.0305967 
qwerty 55 37 0.0062951 0.217244 1.0361 -3.05911 11.9033 0.0112562 0.0923132 0.0367638 
qwerty 55 37 0.00734021 0.209904 1.03697 -3.05552 11.9051 0.0309556 0.0843014 0.0439889 
qwerty 55 37 0.00753729 0.202367 1.03812 -3.05212 11.906 0.0450487 0.0862861 0.0229201 
qwerty 55 37 0.0124804 0.189886 1.03917 -3.04916 11.9063 0.0487397 0.0848988 0.0204115 
qwerty 55 37 0.00729702 0.182589 1.04029 -3.04677 11.9075 0.0646908 0.057929 0.0495916 
qwerty 55 37 0.0118064 0.170783 1.04305 -3.04474 11.9095 0.0386564 0.0745546 0.0542889 
qwerty 55 37 0.0154222 0.155361 1.0449 -3.04156 11.9142 0.0361511 0.0742982 0.0563282 
qwerty 55 37 0.0185418 0.136819 1.04969 -3.03688 11.9176 0.0414932 0.0516558 -0.0748999 
qwerty 55 37 0.0339038 0.102915 1.05627 -3.03344 11.9125 0.0860717 0.046014 -0.0217803 
qwerty 55 37 0.0270925 0.0758226 1.06053 -3.03176 11.9088 0.0762629 -0.0436596 -0.0477264 
qwerty 55 37 0.0415376 0.034285 1.06454 -3.03177 11.9067 0.0281922 0.0622127 -0.0730396 
qwerty 55 37 0.034285 0 1.06488 -3.031 11.9058 0.0281922 0.0622127 -0.0730396 
qwerty 58 55 0 0.087747 1.1968 -3.15344 12.1339 -0.0936821 -0.0194288 -0.0290893 
qwerty 58 55 0 0.087747 0.443395 -3.30969 11.9 -0.0936821 -0.0194288 -0.0290893 
qwerty 58 55 0 0.087747 0.281551 -3.26757 12.4 -0.0274559 0.00865011 0.0957672 
qwerty 59 58 0.0360626 0 1.19784 -3.15355 12.1348 0.0772327 -0.00833976 0.0629727 
qwerty 57 55 0 0.151289 2.98974 -1.9931 12.4 0.0854914 0.0469579 0.0220495 
qwerty 36 4 0 0.472007 -0.275056 -1.14234 8.35 -0.00179173 -0.045341 0.0891122 
qwerty 36 4 0 0.472007 -0.288628 -1.48578 9.025 -0.00179173 -0.045341 0.0891122 
qwerty 36 4 0 0.352946 -1.39833 -3.04402 9.7 -0.0558502 -0.0769575 0.0309565 
qwerty 36 4 0 0.352946 -2.61613 -4.72206 10.375 -0.0558502 -0.0769575 0.0309565 
qwerty 36 4 0 0.186269 -1.92397 -5.01288 11.05 0.0845134 -0.00143789 0.0534362 
qwerty 35 4 0 67.5744 -0.326556 -1.04287 8.35 -0.00746792 -0.0281906 0.0956531 
qwerty 65 35 0.937646 49.6844 -0.33962 -1.21838 9.025 -0.000534285 -0.0252298 0.0967635 
qwerty 65 35 0.171032 20.1905 -0.3473 -1.23853 9.31905 0.00146608 -0.00132993 0.0999804 
qwerty 65 35 0.813305 19.3772 -0.341713 -1.2436 9.7 -0.00148225 -0.00247083 0.0999585 
qwerty 65 35 0.813721 15.6133 -0.567268 -1.42621 10.375 -0.0393899 -0.0289514 0.0872368 
qwerty 70 65 0.0224656 0.326173 -0.346743 -1.23308 9.32287 -0.0159792 0.0882781 0.0441774 
qwerty 70 65 0.0253533 0.30082 -0.349568 -1.22207 9.3254 -0.0554883 0.0796881 0.0238925 
qwerty 70 65 0.133474 0.167346 -0.358912 -1.21039 9.32552 -0.0675116 0.0734451 0.00692795 
qwerty 70 65 0.167346 0 -0.371879 -1.19629 9.32685 -0.0675116 0.0734451 0.00692795 
qwerty 69 65 0.0587969 12.775 -0.350346 -1.25 9.21574 -0.00231001 -0.0352115 0.0935672 
qwerty 69 65 0.54245 11.5928 -0.356543 -1.31928 9.42558 -0.0106802 -0.0327758 0.0938705 
qwerty 69 65 0.545718 11.0471 -0.387765 -1.4151 9.7 -0.0168254 -0.0496252 0.0851718 
qwerty 69 65 0.984228 7.69752 -0.0305598 -1.16412 10.375 0.0591914 0.0361548 0.0720361 
qwerty 69 65 0.781166 2.24601 0.094301 -0.64852 10.3394 0.0261497 0.0913033 -0.0313033 
qwerty 69 65 0.697282 1.54873 0.322559 -0.349059 10.2735 0.0415594 0.0878411 0.0235956 
qwerty 69 65 0.484391 1.06434 0.406887 -0.110164 10.3637 0.0385 0.0298867 0.0873186 
qwerty 69 65 0.0193473 1.04499 0.411869 -0.106297 10.375 0.0390686 0.031293 0.0865702 
qwerty 69 65 0.246768 0.637667 0.425095 -0.0510404 10.3661 0.0599135 0.0761511 -0.0247261 
qwerty 69 65 0.100966 0.536701 0.447961 0.00302023 10.3415 0.0654811 0.0718108 -0.0235679 
qwerty 69 65 0.222958 0.313744 0.500383 0.0382785 10.3434 0.095731 0.0287743 0.00275847 
qwerty 69 65 0.151791 0.161953 0.538975 0.0684246 10.3689 0.00584352 0.0997626 -0.00364345 
qwerty 69 65 0.161953 0 0.540039 0.0865769 10.3682 0.00584352 0.0997626 -0.00364345 
qwerty 79 69 0.0746334 0.565116 -0.357932 -1.294 9.45941 0.0401597 0.0445727 0.080003 
qwerty 79 69 0.0533806 0.511735 -0.339557 -1.28252 9.47962 0.0549114 0.0818603 0.0168415 
qwerty 79 69 0.0516523 0.460083 -0.330967 -1.25638 9.48538 0.0434516 0.0831067 0.0347165 
qwerty 79 69 0.014571 0.445512 -0.327633 -1.25 9.48805 0.0385572 0.0870115 0.0306976 
qwerty 79 69 0.0156864 0.429825 -0.321552 -1.23943 9.49121 0.0099912 0.0876845 0.0470276 
qwerty 79 69 0.0158793 0.413946 -0.319412 -1.23243 9.49629 -0.0355158 0.0193554 0.0914549 
qwerty 79 69 0.0177785 0.396168 -0.321561 -1.22918 9.50753 -0.0184868 0.0477213 0.0859123 
qwerty 79 69 0.0163619 0.379806 -0.32521 -1.22312 9.5157 -0.0453876 0.0454288 0.0766563 
qwerty 79 69 0.0234429 0.356363 -0.332062 -1.21992 9.52811 -0.0408735 0.0404863 0.0817937 
qwerty 79 69 0.0314717 0.324891 -0.338261 -1.20671 9.54141 0.0148828 0.0603168 0.0783606 
qwerty 79 69 0.0529735 0.271918 -0.329731 -1.19265 9.554 0.0439355 0.0451761 0.0776452 
qwerty 79 69 0.0965114 0.175406 -0.329392 -1.17444 9.58269 -0.0284176 0.031316 0.0906187 
qwerty 79 69 0.175406 0 -0.33529 -1.16794 9.6015 -0.0284176 0.031316 0.0906187 
qwerty 84 69 0 0.329227 1.25 -0.75329 9.89869 0.0881317 0.0289737 -0.0373273 
qwerty 84 69 0 0.329227 1.30593 -0.734903 9.875 0.0881317 0.0289737 -0.0373273 
qwerty 83 69 0 0.797265 1.53231 -1.25 10.5975 0.0989598 -0.00529746 0.0133751 
qwerty 83 69 0 0.797265 4.88059 -1.42924 11.05 0.0989598 -0.00529746 0.0133751 
qwerty 83 69 0 0.726984 6.25 -1.53844 11.2741 0.0881795 -0.0283858 0.0376646 
qwerty 83 69 0 0.726984 7.30554 -1.87823 11.725 0.0881795 -0.0283858 0.0376646 
qwerty 83 69 0 0.679713 8.32138 -2.42802 12.4 0.0693969 -0.0460743 0.0553284 
qwerty 83 69 0 0.679713 8.75 -2.71259 12.7417 0.0693969 -0.0460743 0.0553284 
qwerty 83 69 0 0.679713 9.16802 -2.99012 13.075 0.0693969 -0.0460743 0.0553284 
qwerty 83 69 0 0.606452 9.66767 -3.75 13.6808 0.0379852 -0.0748613 0.0543407 
qwerty 83 69 0 0.606452 9.71601 -3.84528 13.75 0.0379852 -0.0748613 0.0543407 
qwerty 77 65 0 4.15536 -1.25 -1.77471 10.0831 -0.0638575 -0.0449494 -0.0624642 
qwerty 77 65 0 4.15536 -1.46272 -1.92445 9.875 -0.0638575 -0.0449494 -0.0624642 
qwerty 77 65 0 4.15536 -2.15278 -2.41018 9.2 -0.0638575 -0.0449494 -0.0624642 
qwerty 77 65 0 4.15536 -2.84283 -2.89591 8.525 -0.0638575 -0.0449494 -0.0624642 
qwerty 77 65 0 4.15536 -3.53289 -3.38164 7.85 -0.0638575 -0.0449494 -0.0624642 
qwerty 96 77 0.0808981 0.783619 -3.67212 -3.27373 7.67449 0.0107123 0.0864749 -0.0490647 
qwerty 96 77 0.086287 0.697332 -3.66449 -3.23146 7.6326 0.0151668 0.0977093 -0.0149285 
qwerty 96 77 0.0979929 0.599339 -3.65306 -3.18329 7.61755 0.0433807 0.0890781 0.0135355 
qwerty 96 77 0.0863396 0.512999 -3.61219 -3.1467 7.62402 0.049235 0.0210937 0.084445 
qwerty 96 77 0.0916983 0.421301 -3.58402 -3.12898 7.66157 0.048268 0.0394499 0.0781915 
qwerty 96 77 0.0263838 0.394917 -3.57573 -3.1222 7.675 0.00875971 0.0347787 0.0933473 
qwerty 75 65 0 0.890427 -1.25 -1.44616 10.1081 -0.0826475 0.0106141 -0.0552878 
qwerty 75 65 0 0.890427 -1.59848 -1.40141 9.875 -0.0826475 0.0106141 -0.0552878 
qwerty 75 65 0 0.890427 -2.60751 -1.27182 9.2 -0.0826475 0.0106141 -0.0552878 
qwerty 75 65 0 0.890427 -3.61654 -1.14224 8.525 -0.0826475 0.0106141 -0.0552878 
qwerty 75 65 0 0.890427 -4.62557 -1.01265 7.85 -0.0826475 0.0106141 -0.0552878 
qwerty 75 65 0 0.890427 -5.6346 -0.883065 7.175 -0.0826475 0.0106141 -0.0552878 
qwerty 75 65 0 0.499315 -5.95426 -1.1576 6.5 -0.0157112 -0.0493358 -0.085552 
qwerty 75 65 0 0.499315 -6.07822 -1.54686 5.825 -0.0157112 -0.0493358 -0.085552 
qwerty 75 65 0 0.499315 -6.20218 -1.93612 5.15 -0.0157112 -0.0493358 -0.085552 
qwerty 75 65 0 0.499315 -6.25 -2.08628 4.88961 -0.0157112 -0.0493358 -0.085552 
qwerty 75 65 0 0.499315 -6.32614 -2.32537 4.475 -0.0157112 -0.0493358 -0.085552 
qwerty 75 65 0 0.499315 -6.4501 -2.71463 3.8 -0.0157112 -0.0493358 -0.085552 
qwerty 74 65 0 0.264943 -1.25 -1.48439 10.2055 -0.0901676 0.00501846 -0.0429491 
qwerty 74 65 0 0.264943 -1.94391 -1.44577 9.875 -0.0901676 0.00501846 -0.0429491 
qwerty 72 65 0 0.174202 -0.572359 -1.3812 10.375 -0.0301517 -0.0264002 0.0916183 
qwerty 67 65 0 13.9413 -0.373513 -1.35143 9.7 -0.00542231 -0.019296 0.0979707 
qwerty 67 65 0 13.9413 -0.410871 -1.48438 10.375 -0.00542231 -0.019296 0.0979707 
qwerty 67 65 0 13.9413 -0.44823 -1.61732 11.05 -0.00542231 -0.019296 0.0979707 
qwerty 67 65 0 13.9413 -0.485589 -1.75027 11.725 -0.00542231 -0.019296 0.0979707 
qwerty 67 65 0 0.251367 -0.496865 -1.7904 11.9287 0.00199257 0.0270892 -0.0962404 
qwerty 67 65 0 0.251367 -0.49627 -1.78231 11.9 0.00199257 0.0270892 -0.0962404 
qwerty 67 65 0 0.142742 0.224616 -1.80589 12.4 0.0816264 -0.00296944 0.0576916 
qwerty 106 67 0.871364 12.8186 -0.522663 -1.88391 12.4 0.00137267 -0.0202419 0.0979203 
qwerty 109 106 0.859876 2.01727 -0.737672 -2.31864 12.5775 -0.0862572 -0.0505733 0.00142697 
qwerty 109 106 0.585138 1.43214 -1.0161 -2.48733 12.5769 -0.0921016 -0.0389156 0.00169479 
qwerty 109 106 0.522765 0.909371 -1.24678 -2.58621 12.5787 -0.0753652 -0.000698702 0.0657237 
qwerty 109 106 0.00680285 0.902568 -1.25 -2.58624 12.5815 -0.0742423 0.00328638 0.0669125 
qwerty 109 106 0.0833772 0.819191 -1.27996 -2.58654 12.6314 -0.0111115 -0.0957243 0.0267094 
qwerty 109 106 0.0605117 0.758679 -1.27517 -2.62901 12.6506 0.0229969 -0.0942891 0.0240977 
qwerty 109 106 0.124024 0.634655 -1.25525 -2.68882 12.6565 0.0862317 -0.0497193 0.00959618 
qwerty 109 106 0.011317 0.623338 -1.25 -2.69185 12.6571 0.087799 -0.0478653 0.000490257 
qwerty 109 106 0.0242496 0.599088 -1.23333 -2.69831 12.656 0.0954354 -0.0298607 -0.000654933 
qwerty 109 106 0.0513239 0.547765 -1.20993 -2.70428 12.6531 0.084954 -0.0519939 0.00891295 
qwerty 109 106 0.0491398 0.498625 -1.19094 -2.72131 12.6607 0.0751525 -0.0164927 0.0638756 
qwerty 109 106 0.076704 0.421921 -1.17296 -2.72651 12.6922 -0.0123146 0.0952734 0.027773 
qwerty 109 106 0.0659295 0.355991 -1.16215 -2.68917 12.6967 0.0150617 0.098859 0.000213645 
qwerty 109 106 0.11758 0.238411 -1.1327 -2.64843 12.679 0.00889864 0.0977151 -0.0193021 
qwerty 109 106 0.238411 0 -1.12967 -2.61513 12.6724 0.00889864 0.0977151 -0.0193021 
qwerty 114 109 0 0.116942 -0.584721 -2.55118 13.075 -0.0240007 -0.069549 0.0677267 
qwerty 111 106 0 0.376929 0.237876 -2.85444 13.075 0.0545271 -0.0715905 0.0436073 
qwerty 110 106 0 0.670942 0.023887 -2.64901 13.075 0.0464026 -0.0689928 0.0555589 
qwerty 110 106 0 0.670942 0.587644 -3.48722 13.75 0.0464026 -0.0689928 0.0555589 
qwerty 110 106 0 0.670942 1.1514 -4.32543 14.425 0.0464026 -0.0689928 0.0555589 
qwerty 110 106 0 0.670942 1.71516 -5.16364 15.1 0.0464026 -0.0689928 0.0555589 
qwerty 110 106 0 0.670942 2.27891 -6.00185 15.775 0.0464026 -0.0689928 0.0555589 
qwerty 110 106 0 0.670942 2.44581 -6.25 15.9748 0.0464026 -0.0689928 0.0555589 
qwerty 110 106 0 0.670942 2.84267 -6.84006 16.45 0.0464026 -0.0689928 0.0555589 
qwerty 34 4 0 0.010935 -0.271327 -0.84492 7.675 -0.0135074 -0.0262026 0.0955561 
qwerty 33 4 0 4.36129 -0.257531 -0.849501 7.675 -0.010554 -0.0249735 0.0962545 
qwerty 33 4 0 4.36129 -0.331542 -1.02463 8.35 -0.010554 -0.0249735 0.0962545 
qwerty 33 4 0 4.36129 -0.405554 -1.19976 9.025 -0.010554 -0.0249735 0.0962545 
qwerty 33 4 0 4.36129 -0.426784 -1.25 9.21863 -0.010554 -0.0249735 0.0962545 
qwerty 33 4 0 4.36129 -0.479565 -1.37489 9.7 -0.010554 -0.0249735 0.0962545 
qwerty 33 4 0 4.36129 -0.553576 -1.55002 10.375 -0.010554 -0.0249735 0.0962545 
qwerty 33 4 0 4.36129 -0.627587 -1.72515 11.05 -0.010554 -0.0249735 0.0962545 
qwerty 33 4 0 4.36129 -0.701599 -1.90029 11.725 -0.010554 -0.0249735 0.0962545 
qwerty 33 4 0 4.36129 -0.77561 -2.07542 12.4 -0.010554 -0.0249735 0.0962545 
qwerty 33 4 0 4.36129 -0.849621 -2.25055 13.075 -0.010554 -0.0249735 0.0962545 
qwerty 33 4 0 4.36129 -0.923632 -2.42568 13.75 -0.010554 -0.0249735 0.0962545 
qwerty 33 4 0 4.36129 -0.997644 -2.60081 14.425 -0.010554 -0.0249735 0.0962545 
qwerty 33 4 0 4.36129 -1.07166 -2.77594 15.1 -0.010554 -0.0249735 0.0962545 
qwerty 33 4 0 4.36129 -1.14567 -2.95107 15.775 -0.010554 -0.0249735 0.0962545 
qwerty 33 4 0 4.36129 -1.21968 -3.1262 16.45 -0.010554 -0.0249735 0.0962545 
qwerty 33 4 0 4.36129 -1.25 -3.19795 16.7265 -0.010554 -0.0249735 0.0962545 
qwerty 33 4 0 4.36129 -1.29369 -3.30133 17.125 -0.010554 -0.0249735 0.0962545 
qwerty 33 4 0 4.36129 -1.3677 -3.47646 17.8 -0.010554 -0.0249735 0.0962545 
qwerty 32 4 0 0.866491 -0.247196 -0.818462 7.675 -0.00796044 -0.0194949 0.0977578 
qwerty 32 4 0 0.866491 -0.302161 -0.953071 8.35 -0.00796044 -0.0194949 0.0977578 
qwerty 32 4 0 0.866491 -0.357126 -1.08768 9.025 -0.00796044 -0.0194949 0.0977578 
qwerty 32 4 0 0.866491 -0.412092 -1.22229 9.7 -0.00796044 -0.0194949 0.0977578 
qwerty 32 4 0 0.217435 -0.462609 -1.34601 10.3204 0.0266561 -0.045879 -0.0847619 
qwerty 32 4 0 0.217435 -0.322546 -1.58708 9.875 0.0266561 -0.045879 -0.0847619 
qwerty 123 32 0.0431714 0.605885 -0.462441 -1.34644 10.3463 -0.0111634 -0.01235 0.0986045 
qwerty 123 32 0.0403725 0.565513 -0.466105 -1.34617 10.3718 -0.00830498 -0.00990648 0.0991609 
qwerty 123 32 0.0163875 0.549125 -0.466376 -1.34649 10.375 -0.0174393 -0.00579341 0.098297 
qwerty 31 4 0 0.497145 -0.244012 -0.834113 7.675 -0.00740309 -0.0219684 0.0972758 
qwerty 31 4 0 0.497145 -0.295382 -0.986553 8.35 -0.00740309 -0.0219684 0.0972758 
qwerty 31 4 0 0.497145 -0.346753 -1.13899 9.025 -0.00740309 -0.0219684 0.0972758 
qwerty 31 4 0 0.497145 -0.384161 -1.25 9.51654 -0.00740309 -0.0219684 0.0972758 
qwerty 31 4 0 0.497145 -0.398123 -1.29143 9.7 -0.00740309 -0.0219684 0.0972758 
qwerty 31 4 0 0.356162 -1.03141 -2.43211 10.375 -0.0449479 -0.080144 0.0394541 
qwerty 29 4 0 83.2683 -0.170086 -0.662907 7 -0.0020752 -0.016835 0.0985509 
qwerty 29 4 0 83.2683 -0.184299 -0.778214 7.675 -0.0020752 -0.016835 0.0985509 
qwerty 29 4 0 83.2683 -0.198513 -0.893521 8.35 -0.0020752 -0.016835 0.0985509 
qwerty 29 4 0 83.2683 -0.212727 -1.00883 9.025 -0.0020752 -0.016835 0.0985509 
qwerty 29 4 0 83.2683 -0.22694 -1.12414 9.7 -0.0020752 -0.016835 0.0985509 
qwerty 29 4 0 83.2683 -0.241154 -1.23944 10.375 -0.0020752 -0.016835 0.0985509 
qwerty 29 4 0 83.2683 -0.255367 -1.35475 11.05 -0.0020752 -0.016835 0.0985509 
qwerty 29 4 0 83.2683 -0.269581 -1.47006 11.725 -0.0020752 -0.016835 0.0985509 
qwerty 127 29 0.794323 20.6017 -0.290966 -1.61229 12.4 0.000592854 -0.0277161 0.0960805 
qwerty 127 29 0.972204 15.474 -0.27306 -1.91166 13.075 0.0204704 -0.0521178 0.0828535 
qwerty 127 29 1.25549 3.91861 0.0191735 -2.44635 13.75 0.037611 -0.0906754 0.0190628 
qwerty 132 127 0 5.74381 0.0932501 -2.43297 13.75 0.0408384 -0.0553209 0.0726073 
qwerty 132 127 0 5.74381 0.472908 -2.94727 14.425 0.0408384 -0.0553209 0.0726073 
qwerty 131 127 0 1.1237 0.092149 -3.30738 13.75 0.0206923 -0.0905167 0.037129 
qwerty 131 127 0 1.1237 0.468332 -4.95296 14.425 0.0206923 -0.0905167 0.037129 
qwerty 130 127 0 0.300064 -0.300153 -1.83835 13.075 -0.000403617 -0.0360516 0.0932744 
qwerty 129 127 0 1.65592 -0.305395 -1.8029 13.075 -0.00208795 -0.0271539 0.0962201 
qwerty 129 127 0 1.65592 -0.320042 -1.99339 13.75 -0.00208795 -0.0271539 0.0962201 
qwerty 129 127 0 1.65592 -0.334689 -2.18388 14.425 -0.00208795 -0.0271539 0.0962201 
qwerty 129 127 0 1.65592 -0.349337 -2.37437 15.1 -0.00208795 -0.0271539 0.0962201 
qwerty 129 127 0 1.0671 -0.210079 -2.97562 15.775 0.0187746 -0.0726076 0.0661487 
qwerty 129 127 0 1.0671 -0.0184978 -3.71653 16.45 0.0187746 -0.0726076 0.0661487 
qwerty 129 127 0 1.0671 0.173083 -4.45744 17.125 0.0187746 -0.0726076 0.0661487 
qwerty 129 127 0 1.0671 0.364665 -5.19835 17.8 0.0187746 -0.0726076 0.0661487 
qwerty 129 127 0 1.0671 0.556246 -5.93926 18.475 0.0187746 -0.0726076 0.0661487 
qwerty 129 127 0 0.853798 0.549272 -6.25 18.992 -0.00932594 -0.0410032 0.0907291 
qwerty 129 127 0 0.853798 0.533029 -6.32141 19.15 -0.00932594 -0.0410032 0.0907291 
qwerty 129 127 0 0.853798 0.463646 -6.62647 19.825 -0.00932594 -0.0410032 0.0907291 
qwerty 129 127 0 0.46045 -1.37315 -8.67992 20.5 -0.0664582 -0.0721353 0.0194887 
qwerty 140 129 0.00334249 0.198162 -0.357405 -2.42097 15.2774 -0.039529 0.011332 0.091154 
qwerty 140 129 0.00694445 0.191217 -0.358575 -2.42072 15.2795 -0.0215006 0.00391029 0.097583 
qwerty 140 129 0.0103775 0.18084 -0.35946 -2.42031 15.2819 -0.0537675 -0.0043192 0.0842045 
qwerty 140 129 0.0105088 0.170331 -0.362644 -2.42016 15.2847 -0.073864 -0.0100922 0.0666503 
qwerty 140 129 0.0185095 0.151822 -0.366068 -2.41958 15.2891 -0.0576868 -0.0310451 0.0755542 
qwerty 140 129 0.0242298 0.127592 -0.369259 -2.41878 15.2983 -0.0208394 -0.0146389 0.0967027 
qwerty 140 129 0.0846801 0.0429116 -0.379743 -2.41337 15.3085 -0.0207744 0.0519202 0.0829019 
qwerty 140 129 0.0429116 0 -0.380125 -2.41242 15.31 -0.0207744 0.0519202 0.0829019 
qwerty 27 4 0 0.253981 -0.182002 -0.529537 6.325 -0.00467667 -0.0110401 0.0992786 
qwerty 150 147 0 2.42526 -0.0733524 -0.533595 6.325 0.0115442 -0.0106333 0.0987606 
qwerty 150 147 0 2.41488 -0.00269108 -0.585809 7 0.00999878 -0.00670214 0.0992729 
qwerty 150 147 0 2.41488 0.065295 -0.63138 7.675 0.00999878 -0.00670214 0.0992729 
qwerty 150 147 0 2.41488 0.133281 -0.676951 8.35 0.00999878 -0.00670214 0.0992729 
qwerty 150 147 0 2.41488 0.201267 -0.722522 9.025 0.00999878 -0.00670214 0.0992729 
qwerty 150 147 0 2.41488 0.269253 -0.768092 9.7 0.00999878 -0.00670214 0.0992729 
qwerty 150 147 0 2.41488 0.337239 -0.813663 10.375 0.00999878 -0.00670214 0.0992729 
qwerty 150 147 0 2.41488 0.405226 -0.859234 11.05 0.00999878 -0.00670214 0.0992729 
qwerty 150 147 0 2.41488 0.473212 -0.904805 11.725 0.00999878 -0.00670214 0.0992729 
qwerty 150 147 0 0.779744 0.496013 -0.920088 11.9514 -0.00993745 0.0776092 0.0622741 
qwerty 150 147 0 0.779744 0.424424 -0.360994 12.4 -0.00993745 0.0776092 0.0622741 
qwerty 150 147 0 0.779744 0.31671 0.480226 13.075 -0.00993745 0.0776092 0.0622741 
qwerty 150 147 0 0.76583 0.0835985 1.25 13.7219 -0.0249058 0.0738743 0.0626282 
qwerty 150 147 0 0.76583 0.0724077 1.28319 13.75 -0.0249058 0.0738743 0.0626282 
qwerty 150 147 0 0.76583 -0.196024 2.0794 14.425 -0.0249058 0.0738743 0.0626282 
qwerty 150 147 0 0.76583 -0.464456 2.87561 15.1 -0.0249058 0.0738743 0.0626282 
qwerty 150 147 0 0.76583 -0.732888 3.67182 15.775 -0.0249058 0.0738743 0.0626282 
qwerty 150 147 0 0.76583 -1.00132 4.46803 16.45 -0.0249058 0.0738743 0.0626282 
qwerty 152 150 0.64192 0.993218 0.452786 -1.05903 12.2052 -0.015239 -0.0954882 -0.0254906 
qwerty 152 150 0.526599 0.466619 0.422043 -1.24264 12.1657 0.0349703 0.0459126 0.0816646 
qwerty 152 150 0.323212 0.143408 0.469699 -1.16202 12.2137 -0.0412974 0.0905773 0.00950151 
qwerty 152 150 0.143408 0 0.463561 -1.14855 12.2151 -0.0412974 0.0905773 0.00950151 
qwerty 24 5 0 0.510999 0.970874 -0.378746 8.35 0.0447602 0.063195 0.0632686 
qwerty 23 5 0 0.510999 0.139606 -1.55238 7.175 -0.0447602 -0.063195 -0.0632686 
qwerty 158 23 0.0103616 0.154288 0.135725 -1.55 7.17946 -0.0219759 0.0432211 0.0874585 
qwerty 158 23 0.0186385 0.135649 0.136052 -1.54822 7.18358 -0.0178373 0.0522745 0.0833619 
qwerty 158 23 0.0109291 0.12472 0.134787 -1.54716 7.18783 -0.0345185 0.0200617 0.0916843 
qwerty 158 23 0.0319829 0.092737 0.133283 -1.54378 7.19477 -0.0769632 -0.0508122 0.0386624 
qwerty 158 23 0.092737 0 0.127827 -1.54739 7.19751 -0.0769632 -0.0508122 0.0386624 
qwerty 159 158 0 0.134726 -0.0529437 -1.5204 7.675 -0.0355263 0.0055741 0.0933103 
qwerty 22 5 0 0.795941 0.653795 -1.25 8.27786 0.0179713 -0.0455162 0.0872084 
qwerty 22 5 0 0.795941 0.668661 -1.28765 8.35 0.0179713 -0.0455162 0.0872084 
qwerty 22 5 0 0.795941 0.80776 -1.63995 9.025 0.0179713 -0.0455162 0.0872084 
qwerty 22 5 0 0.795941 0.367266 -1.6373 9.7 -0.0590013 0.00422625 0.0806287 
qwerty 22 5 0 0.723003 0.00361857 -1.61125 10.1969 -0.0615484 0.038175 0.0689526 
qwerty 22 5 0 0.723003 -0.155317 -1.51267 10.375 -0.0615484 0.038175 0.0689526 
qwerty 22 5 0 0.723003 -0.578819 -1.25 10.8494 -0.0615484 0.038175 0.0689526 
qwerty 22 5 0 0.723003 -0.757835 -1.13897 11.05 -0.0615484 0.038175 0.0689526 
qwerty 22 5 0 0.636481 -1.25 -1.09061 11.4712 -0.0782823 -0.00177408 0.0621992 
qwerty 22 5 0 0.636481 -1.56942 -1.09785 11.725 -0.0782823 -0.00177408 0.0621992 
qwerty 22 5 0 0.636481 -2.41896 -1.1171 12.4 -0.0782823 -0.00177408 0.0621992 
qwerty 161 22 0.0729382 0 0.00321148 -1.61526 10.1993 -0.00871149 -0.0857638 0.0506822 
qwerty 21 5 0 16.9883 0.882908 -1.25 8.10279 0.0625588 -0.0453113 0.0635081 
qwerty 21 5 0 16.9883 1.12642 -1.42638 8.35 0.0625588 -0.0453113 0.0635081 
qwerty 21 5 0 16.9883 1.79133 -1.90797 9.025 0.0625588 -0.0453113 0.0635081 
qwerty 21 5 0 16.9883 2.45624 -2.38957 9.7 0.0625588 -0.0453113 0.0635081 
qwerty 21 5 0 16.9883 3.12115 -2.87116 10.375 0.0625588 -0.0453113 0.0635081 
qwerty 21 5 0 16.9883 3.78606 -3.35276 11.05 0.0625588 -0.0453113 0.0635081 
qwerty 21 5 0 16.9883 4.45098 -3.83435 11.725 0.0625588 -0.0453113 0.0635081 
qwerty 166 21 0.904183 7.35912 4.78027 -3.94923 12.4 0.0235239 0.00940631 0.0967375 
qwerty 169 166 0 0.187217 4.54017 -3.91876 13.075 -0.0369343 -0.00916765 0.092476 
qwerty 19 5 0 3.42278 0.661648 -1.25 8.19217 0.0280234 -0.0474777 0.08343 
qwerty 19 5 0 3.42278 0.714661 -1.33981 8.35 0.0280234 -0.0474777 0.08343 
qwerty 19 5 0 3.42278 0.941387 -1.72394 9.025 0.0280234 -0.0474777 0.08343 
qwerty 19 5 0 0.980418 0.9449 -3.68359 9.7 -0.00679346 -0.0940065 0.0334159 
qwerty 19 5 0 0.740228 1.25 -4.61775 9.99047 0.0495649 -0.0836088 0.0235138 
qwerty 19 5 0 0.740228 2.06055 -5.98502 10.375 0.0495649 -0.0836088 0.0235138 
qwerty 19 5 0 0.224437 3.129 -7.78735 10.8819 -0.00211193 0.0435896 -0.0899749 
qwerty 19 5 0 0.224437 3.12121 -7.62657 10.55 -0.00211193 0.0435896 -0.0899749 
qwerty 176 19 0.275136 0.240656 3.17198 -7.82808 10.9777 -0.081686 0.0393056 0.0422193 
qwerty 176 19 0.240656 0 3.14372 -7.81448 10.9923 -0.081686 0.0393056 0.0422193 
qwerty 179 173 0 0.198105 0.92013 -1.71167 9.23881 -0.020402 0.0829368 0.052012 
qwerty 179 173 0 0.198105 0.806562 -1.25 9.52833 -0.020402 0.0829368 0.052012 
qwerty 179 173 0 0.198105 0.739226 -0.976266 9.7 -0.020402 0.0829368 0.052012 
qwerty 180 179 0.0188188 0 0.920017 -1.71197 9.23908 -0.0269341 -0.0722004 0.0637311 
qwerty 178 173 0 0.963482 0.655726 -1.65444 9.7 -0.0469088 0.014787 0.0870684 
qwerty 178 173 0 0.963482 0.292065 -1.5398 10.375 -0.0469088 0.014787 0.0870684 
qwerty 178 173 0 0.963482 -0.071596 -1.42516 11.05 -0.0469088 0.014787 0.0870684 
qwerty 178 173 0 0.963482 -0.435257 -1.31053 11.725 -0.0469088 0.014787 0.0870684 
qwerty 178 173 0 0.963482 -0.627263 -1.25 12.0814 -0.0469088 0.014787 0.0870684 
qwerty 178 173 0 0.963482 -0.798918 -1.19589 12.4 -0.0469088 0.014787 0.0870684 
qwerty 178 173 0 0.963482 -1.12164 -1.04503 13.075 -0.0410332 0.0210602 0.0887285 
qwerty 178 173 0 0.963482 -1.4338 -0.884811 13.75 -0.0410332 0.0210602 0.0887285 
qwerty 178 173 0 0.963482 -1.74596 -0.724596 14.425 -0.0410332 0.0210602 0.0887285 
qwerty 178 173 0 0.963482 -2.05812 -0.564381 15.1 -0.0410332 0.0210602 0.0887285 
qwerty 178 173 0 0.963482 -2.37028 -0.404167 15.775 -0.0410332 0.0210602 0.0887285 
qwerty 178 173 0 0.963482 -2.68244 -0.243952 16.45 -0.0410332 0.0210602 0.0887285 
qwerty 178 173 0 0.963482 -2.9946 -0.0837368 17.125 -0.0410332 0.0210602 0.0887285 
qwerty 178 173 0 0.963482 -3.30676 0.0764781 17.8 -0.0410332 0.0210602 0.0887285 
qwerty 178 173 0 0.452759 -3.75 -0.140119 18.0747 -0.0794831 -0.0565751 0.0219475 
qwerty 178 173 0 0.452759 -5.19981 -1.17208 18.475 -0.0794831 -0.0565751 0.0219475 
qwerty 182 178 0.0254423 0.477311 -3.39594 0.123523 17.9861 -0.0456203 0.0454385 0.0765123 
qwerty 182 178 0.0300698 0.447241 -3.40398 0.127369 17.999 -0.028169 0.019631 0.0939209 
qwerty 182 178 0.0233267 0.423914 -3.40608 0.127195 18.0142 -0.0177885 0.00880072 0.0980108 
qwerty 182 178 0.0656868 0.358227 -3.40345 0.126389 18.0388 0.00590562 -0.0184609 0.0981036 
qwerty 182 178 0.164563 0.193664 -3.39082 0.107406 18.0706 0.0162569 -0.0657871 0.0735376 
qwerty 182 178 0.193664 0 -3.38685 0.0913545 18.0885 0.0162569 -0.0657871 0.0735376 
qwerty 18 5 0 3.90764 0.272399 -0.924308 7.675 0.0241758 -0.039239 0.0887459 
qwerty 18 5 0 3.90764 0.45628 -1.22276 8.35 0.0241758 -0.039239 0.0887459 
qwerty 18 5 0 0.376058 0.189631 -1.38825 8.62109 -0.00647551 -0.000103291 0.0997901 
qwerty 18 5 0 0.376058 0.163421 -1.38867 9.025 -0.00647551 -0.000103291 0.0997901 
qwerty 18 5 0 0.376058 0.119619 -1.38936 9.7 -0.00647551 -0.000103291 0.0997901 
qwerty 18 5 0 0.376058 0.0963569 -1.49354 10.375 -0.0033611 -0.0154495 0.0987422 
qwerty 18 5 0 0.376058 0.0733805 -1.59915 11.05 -0.0033611 -0.0154495 0.0987422 
qwerty 18 5 0 0.376058 0.050404 -1.70476 11.725 -0.0033611 -0.0154495 0.0987422 
qwerty 18 5 0 0.376058 0.0274276 -1.81037 12.4 -0.0033611 -0.0154495 0.0987422 
qwerty 185 18 0.234896 0 0.159342 -1.40006 8.61394 -0.0909862 -0.0354945 -0.021486 
qwerty 187 184 0 1.1509 0.202031 -1.62347 9.025 -0.040891 -0.0492758 0.0768103 
qwerty 187 184 0 1.1509 -0.157314 -2.0565 9.7 -0.040891 -0.0492758 0.0768103 
qwerty 187 184 0 0.400485 0.768943 -1.86476 10.375 0.0823693 0.0228228 0.0519077 
qwerty 193 187 0.000727262 0.0679427 0.786735 -1.85274 10.3748 -0.0700028 -0.0266894 -0.0662366 
qwerty 193 187 0.00129439 0.0666484 0.786468 -1.85284 10.3746 -0.0671082 -0.0397581 -0.0625763 
qwerty 193 187 0.00261094 0.0640374 0.786256 -1.85305 10.3743 -0.00782797 0.0015481 -0.0996811 
qwerty 193 187 0.00207246 0.061965 0.786251 -1.853 10.3739 0.0679109 -0.00737688 -0.0730321 
qwerty 193 187 0.00455699 0.057408 0.786689 -1.85306 10.3735 0.0725516 0.0128733 -0.0676058 
qwerty 193 187 0.00506013 0.0523478 0.787266 -1.85281 10.3731 0.0525886 0.0583383 -0.0618957 
qwerty 193 187 0.00716809 0.0451798 0.787954 -1.85257 10.3723 0.0345995 0.0511223 -0.0786726 
qwerty 193 187 0.0101577 0.035022 0.788702 -1.85219 10.3713 0.0356034 0.00838973 -0.0930699 
qwerty 193 187 0.035022 0 0.789158 -1.85208 10.3701 0.0356034 0.00838973 -0.0930699 
qwerty 17 5 0 0.552823 0.266727 -0.916867 7.675 0.0235464 -0.0384536 0.0892574 
qwerty 17 5 0 0.552823 0.444795 -1.20767 8.35 0.0235464 -0.0384536 0.0892574 
qwerty 15 5 0 4.32905 0.0916673 -0.581668 7 0.0135033 -0.0186559 0.097312 
qwerty 15 5 0 4.32905 0.185333 -0.711074 7.675 0.0135033 -0.0186559 0.097312 
qwerty 15 5 0 4.32905 0.278998 -0.84048 8.35 0.0135033 -0.0186559 0.097312 
qwerty 15 5 0 4.32905 0.372663 -0.969886 9.025 0.0135033 -0.0186559 0.097312 
qwerty 15 5 0 4.32905 0.466328 -1.09929 9.7 0.0135033 -0.0186559 0.097312 
qwerty 198 15 0.420768 1.93329 0.288022 -1.15073 9.60251 -0.0929947 -0.0367532 0.00108945 
qwerty 198 15 0.640071 1.29322 0.0368554 -1.25 9.60546 -0.0537199 -0.0172944 -0.0825535 
qwerty 198 15 0.328559 0.964662 -0.036107 -1.25647 9.46243 -0.0716122 0.0104468 -0.0690113 
qwerty 198 15 0.165456 0.799205 -0.0804465 -1.25 9.4197 0.00917342 0.0221914 -0.0970741 
qwerty 198 15 0.100902 0.698303 -0.0677263 -1.23311 9.373 -0.0151375 0.0168467 -0.0974015 
qwerty 198 15 0.161038 0.537265 -0.0736733 -1.21296 9.3327 0.0848703 0.0322978 -0.0418795 
qwerty 198 15 0.0824288 0.454836 -0.0403455 -1.19022 9.32384 0.0479593 0.0780178 -0.0401638 
qwerty 198 15 0.140871 0.313966 -0.0182153 -1.16162 9.29907 0.0828862 0.0298892 -0.0472917 
qwerty 198 15 0.118276 0.19569 0.0166613 -1.17218 9.27334 0.0923813 -0.0297655 -0.0240773 
qwerty 198 15 0.19569 0 0.0395864 -1.17957 9.26736 0.0923813 -0.0297655 -0.0240773 
qwerty 199 198 0.1307 0.198241 0.26645 -1.11157 9.5729 0.0789188 0.0501433 -0.0354609 
qwerty 199 198 0.198241 0 0.28645 -1.09886 9.56391 0.0789188 0.0501433 -0.0354609 
qwerty 14 5 0 2.35568 0.030562 -0.555162 7 0.00275994 -0.0139244 0.0989873 
qwerty 14 5 0 2.35568 0.0493822 -0.650113 7.675 0.00275994 -0.0139244 0.0989873 
qwerty 14 5 0 0.696138 -0.593274 -0.136653 8.35 -0.0632677 0.0515443 0.057796 
qwerty 14 5 0 0.696138 -1.25 0.398383 8.94993 -0.0632677 0.0515443 0.057796 
qwerty 14 5 0 0.696138 -1.33218 0.465334 9.025 -0.0632677 0.0515443 0.057796 
qwerty 14 5 0 0.696138 -2.07108 1.06732 9.7 -0.0632677 0.0515443 0.057796 
qwerty 14 5 0 0.696138 -2.80999 1.66931 10.375 -0.0632677 0.0515443 0.057796 
qwerty 14 5 0 0.696138 -3.54889 2.27129 11.05 -0.0632677 0.0515443 0.057796 
qwerty 13 5 0 1.01893 0.067417 -0.463333 7 0.00909033 0.00156013 0.0995738 
qwerty 13 5 0 0.344112 0.114026 -0.455333 7.51055 -0.0602837 0.0795668 0.00591649 
qwerty 13 5 0 0.205508 -0.700041 0.619131 7.59044 0.0747293 0.053495 0.0394185 
qwerty 13 5 0 0.205508 -0.539741 0.733882 7.675 0.0747293 0.053495 0.0394185 
qwerty 203 13 0.138603 0 -0.712679 0.624868 7.58832 -0.0900121 0.0408554 -0.0151215 
qwerty 202 13 0.165377 0.50944 0.150154 -0.517452 7.57476 0.0732247 -0.0381265 0.0564315 
qwerty 202 13 0.100743 0.408697 0.191707 -0.525522 7.60766 0.00200375 -0.0726367 0.0687015 
qwerty 202 13 0.0728032 0.335894 0.201979 -0.555968 7.62939 -0.0136751 -0.0680479 0.0719894 
qwerty 202 13 0.0704331 0.26546 0.206695 -0.584413 7.64458 -0.0256744 -0.0326011 0.0909835 
qwerty 202 13 0.17568 0.0897802 0.209188 -0.590492 7.66654 0.0623831 0.0654109 -0.0427758 
qwerty 202 13 0.0897802 0 0.213369 -0.586107 7.66368 0.0623831 0.0654109 -0.0427758 
qwerty 11 5 0 7.91053 -0.0103833 -0.490257 6.325 0.0165589 -0.00704932 0.0983672 
qwerty 11 5 0 1.35141 0.830872 -0.942735 7 0.0737898 -0.0397911 0.0545137 
qwerty 205 11 0 2.87841 0.0524749 -0.539519 6.5 -0.00892036 -0.0981872 -0.016724 
qwerty 209 205 0 0.454874 -0.106676 -0.201947 5.825 -0.0214797 0.0488513 -0.0845705 
qwerty 208 205 0 0.100853 0.371997 -1.01575 6.75009 -0.0860851 0.0474689 0.0183319 
qwerty 208 205 0 0.100853 -0.801569 -0.368623 7 -0.0860851 0.0474689 0.0183319 
qwerty 213 208 0.0521758 0 0.373806 -1.01755 6.75056 0.0697184 -0.0693686 0.0180929 
qwerty 207 205 0 1.66171 0.0568955 -0.693154 7 0.00333261 -0.0284654 0.0958051 
qwerty 207 205 0 1.66171 0.0803756 -0.893709 7.675 0.00333261 -0.0284654 0.0958051 
qwerty 207 205 0 1.66171 0.103856 -1.09426 8.35 0.00333261 -0.0284654 0.0958051 
qwerty 207 205 0 1.66171 0.127336 -1.29482 9.025 0.00333261 -0.0284654 0.0958051 
qwerty 207 205 0 1.66171 0.150816 -1.49537 9.7 0.00333261 -0.0284654 0.0958051 
qwerty 207 205 0 1.00801 0.355791 -2.2774 10.375 0.0206895 -0.0773966 0.0598473 
qwerty 207 205 0 0.961721 0.417905 -2.50976 10.5547 0.000580591 -0.0732976 0.068023 
qwerty 207 205 0 0.961721 0.422133 -3.04349 11.05 0.000580591 -0.0732976 0.068023 
qwerty 207 205 0 0.961721 0.427894 -3.77083 11.725 0.000580591 -0.0732976 0.068023 
qwerty 207 205 0 0.961721 0.433655 -4.49818 12.4 0.000580591 -0.0732976 0.068023 
qwerty 207 205 0 0.961721 0.439417 -5.22552 13.075 0.000580591 -0.0732976 0.068023 
qwerty 207 205 0 0.961721 0.445178 -5.95286 13.75 0.000580591 -0.0732976 0.068023 
qwerty 207 205 0 0.961721 0.450939 -6.6802 14.425 0.000580591 -0.0732976 0.068023 
qwerty 216 207 0.0462909 0 0.419821 -2.51047 10.5542 0.0912721 -0.0338382 -0.0228992 
qwerty 10 5 0 3.42993 -0.0157725 -0.506079 6.325 0.0157011 -0.0100656 0.0982454 
qwerty 10 5 0 3.42993 0.0921028 -0.575235 7 0.0157011 -0.0100656 0.0982454 
qwerty 10 5 0 3.42993 0.199978 -0.644391 7.675 0.0157011 -0.0100656 0.0982454 
qwerty 10 5 0 3.42993 0.307853 -0.713548 8.35 0.0157011 -0.0100656 0.0982454 
qwerty 10 5 0 3.42993 0.415728 -0.782704 9.025 0.0157011 -0.0100656 0.0982454 
qwerty 10 5 0 3.42993 0.523604 -0.85186 9.7 0.0157011 -0.0100656 0.0982454 
qwerty 10 5 0 3.42993 0.631479 -0.921016 10.375 0.0157011 -0.0100656 0.0982454 
qwerty 10 5 0 3.42993 0.739354 -0.990173 11.05 0.0157011 -0.0100656 0.0982454 
qwerty 10 5 0 3.42993 0.847229 -1.05933 11.725 0.0157011 -0.0100656 0.0982454 
qwerty 10 5 0 3.42993 0.955105 -1.12849 12.4 0.0157011 -0.0100656 0.0982454 
qwerty 10 5 0 3.42993 1.06298 -1.19764 13.075 0.0157011 -0.0100656 0.0982454 
qwerty 10 5 0 3.42993 1.14465 -1.25 13.586 0.0157011 -0.0100656 0.0982454 
qwerty 10 5 0 3.42993 1.17086 -1.2668 13.75 0.0157011 -0.0100656 0.0982454 
qwerty 10 5 0 3.42993 1.25 -1.31754 14.2452 0.0157011 -0.0100656 0.0982454 
qwerty 10 5 0 3.42993 1.27873 -1.33595 14.425 0.0157011 -0.0100656 0.0982454 
qwerty 10 5 0 3.42993 1.38661 -1.40511 15.1 0.0157011 -0.0100656 0.0982454 
qwerty 10 5 0 3.42993 1.49448 -1.47427 15.775 0.0157011 -0.0100656 0.0982454 
qwerty 10 5 0 3.42993 1.60236 -1.54342 16.45 0.0157011 -0.0100656 0.0982454 
qwerty 10 5 0 3.42993 1.71023 -1.61258 17.125 0.0157011 -0.0100656 0.0982454 
qwerty 10 5 0 3.42993 1.81811 -1.68174 17.8 0.0157011 -0.0100656 0.0982454 
qwerty 10 5 0 3.42993 1.92598 -1.75089 18.475 0.0157011 -0.0100656 0.0982454 
qwerty 10 5 0 3.42993 2.03386 -1.82005 19.15 0.0157011 -0.0100656 0.0982454 
qwerty 10 5 0 3.42993 2.14173 -1.8892 19.825 0.0157011 -0.0100656 0.0982454 
qwerty 10 5 0 3.42993 2.24961 -1.95836 20.5 0.0157011 -0.0100656 0.0982454 
qwerty 10 5 0 3.42993 2.35748 -2.02752 21.175 0.0157011 -0.0100656 0.0982454 
qwerty 10 5 0 3.42993 2.46536 -2.09667 21.85 0.0157011 -0.0100656 0.0982454 
qwerty 10 5 0 3.42993 2.57323 -2.16583 22.525 0.0157011 -0.0100656 0.0982454 
qwerty 10 5 0 3.42993 2.68111 -2.23499 23.2 0.0157011 -0.0100656 0.0982454 
qwerty 10 5 0 3.42993 2.78898 -2.30414 23.875 0.0157011 -0.0100656 0.0982454 
qwerty 10 5 0 3.42993 2.89686 -2.3733 24.55 0.0157011 -0.0100656 0.0982454 
qwerty 10 5 0 3.42993 3.00473 -2.44245 25.225 0.0157011 -0.0100656 0.0982454 
qwerty 9 5 0 3.01455 -0.0295403 -0.519001 6.325 0.013204 -0.0124008 0.0983457 
qwerty 9 5 0 3.01455 0.0610859 -0.604115 7 0.013204 -0.0124008 0.0983457 
qwerty 9 5 0 3.01455 0.151712 -0.689229 7.675 0.013204 -0.0124008 0.0983457 
qwerty 9 5 0 3.01455 0.242338 -0.774342 8.35 0.013204 -0.0124008 0.0983457 
qwerty 9 5 0 3.01455 0.332964 -0.859456 9.025 0.013204 -0.0124008 0.0983457 
qwerty 9 5 0 3.01455 0.423591 -0.944569 9.7 0.013204 -0.0124008 0.0983457 
qwerty 9 5 0 3.01455 0.514217 -1.02968 10.375 0.013204 -0.0124008 0.0983457 
qwerty 9 5 0 3.01455 0.604843 -1.1148 11.05 0.013204 -0.0124008 0.0983457 
qwerty 9 5 0 3.01455 0.695469 -1.19991 11.725 0.013204 -0.0124008 0.0983457 
qwerty 9 5 0 3.01455 0.748803 -1.25 12.1222 0.013204 -0.0124008 0.0983457 
qwerty 9 5 0 3.01455 0.786095 -1.28502 12.4 0.013204 -0.0124008 0.0983457 
qwerty 225 223 0 1.36164 0.632936 -1.43422 13.075 -0.0272619 -0.0216336 0.0937485 
qwerty 8 5 0 1.19308 -0.0429852 -0.526214 6.325 0.0108359 -0.0136949 0.0984634 
qwerty 8 5 0 1.19308 0.0312987 -0.620097 7 0.0108359 -0.0136949 0.0984634 
qwerty 8 5 0 1.19308 0.105583 -0.713981 7.675 0.0108359 -0.0136949 0.0984634 
qwerty 8 5 0 1.19308 0.179866 -0.807864 8.35 0.0108359 -0.0136949 0.0984634 
qwerty 8 5 0 1.19308 0.25415 -0.901748 9.025 0.0108359 -0.0136949 0.0984634 
qwerty 8 5 0 1.19308 0.328434 -0.995631 9.7 0.0108359 -0.0136949 0.0984634 
qwerty 8 5 0 1.19308 0.402718 -1.08952 10.375 0.0108359 -0.0136949 0.0984634 
qwerty 8 5 0 1.19308 0.477002 -1.1834 11.05 0.0108359 -0.0136949 0.0984634 
qwerty 8 5 0 1.19308 0.551286 -1.27728 11.725 0.0108359 -0.0136949 0.0984634 
qwerty 8 5 0 1.19308 0.62557 -1.37117 12.4 0.0108359 -0.0136949 0.0984634 
qwerty 8 5 0 1.19308 0.699854 -1.46505 13.075 0.0108359 -0.0136949 0.0984634 
qwerty 8 5 0 1.19308 0.774137 -1.55893 13.75 0.0108359 -0.0136949 0.0984634 
qwerty 8 5 0 1.19308 0.848421 -1.65282 14.425 0.0108359 -0.0136949 0.0984634 
qwerty 8 5 0 1.19308 0.922705 -1.7467 15.1 0.0108359 -0.0136949 0.0984634 
qwerty 8 5 0 1.19308 0.996989 -1.84058 15.775 0.0108359 -0.0136949 0.0984634 
qwerty 8 5 0 1.19308 1.07127 -1.93447 16.45 0.0108359 -0.0136949 0.0984634 
qwerty 8 5 0 1.19308 1.14556 -2.02835 17.125 0.0108359 -0.0136949 0.0984634 
qwerty 8 5 0 1.19308 1.21984 -2.12223 17.8 0.0108359 -0.0136949 0.0984634 
qwerty 8 5 0 1.19308 1.25 -2.16035 18.074 0.0108359 -0.0136949 0.0984634 
qwerty 8 5 0 1.19308 1.29412 -2.21612 18.475 0.0108359 -0.0136949 0.0984634 
qwerty 8 5 0 1.19308 1.36841 -2.31 19.15 0.0108359 -0.0136949 0.0984634 
qwerty 8 5 0 0.942358 1.40967 -2.36215 19.5249 -0.0328614 -0.0306206 0.0893449 
qwerty 8 5 0 0.942358 1.29929 -2.46499 19.825 -0.0328614 -0.0306206 0.0893449 
qwerty 8 5 0 0.942358 1.05103 -2.69633 20.5 -0.0328614 -0.0306206 0.0893449 
qwerty 8 5 0 0.539389 1.25 -2.74501 20.9566 0.0530775 -0.00426494 0.0846439 
qwerty 8 5 0 0.539389 1.38694 -2.75601 21.175 0.0530775 -0.00426494 0.0846439 
qwerty 8 5 0 0.314467 2.15621 -2.81403 21.5327 0.0713578 0.0659805 -0.0235509 
qwerty 8 5 0 0.314467 2.70991 -2.30206 21.35 0.0713578 0.0659805 -0.0235509 
qwerty 8 5 0 0.314467 3.75 -1.34035 21.0067 0.0713578 0.0659805 -0.0235509 
qwerty 8 5 0 0.314467 4.75511 -0.410975 20.675 0.0713578 0.0659805 -0.0235509 
qwerty 8 5 0 0.144071 5.28716 0.0701688 20.4739 -0.046909 -0.0879729 0.00776659 
qwerty 8 5 0 0.0966136 5.19198 -0.108327 20.4896 -0.00179922 0.0800427 -0.059916 
qwerty 8 5 0 0.0966136 5.17728 0.545778 20 -0.00179922 0.0800427 -0.059916 
qwerty 233 8 0.0474578 0 5.19134 -0.110315 20.4903 -0.0292268 -0.0905851 0.0306616 
qwerty 232 8 0.0455045 0.124891 5.29343 0.08203 20.4738 0.0898163 0.0211206 -0.0385611 
qwerty 232 8 0.124891 0 5.30402 0.0845186 20.4692 0.0898163 0.0211206 -0.0385611 
qwerty 231 8 0.11582 0 2.16151 -2.82083 21.5385 0.0510559 -0.0655931 0.0555954 
qwerty 228 8 0.250724 0 1.43836 -2.35397 19.5467 0.0777059 0.0221571 0.058914 
qwerty 7 5 0 1.09245 -0.11974 -0.515138 6.325 -0.00283487 -0.0120943 0.0992255 
qwerty 7 5 0 1.09245 -0.139024 -0.597412 7 -0.00283487 -0.0120943 0.0992255 
qwerty 7 5 0 1.09245 -0.158309 -0.679686 7.675 -0.00283487 -0.0120943 0.0992255 
qwerty 7 5 0 1.09245 -0.177594 -0.76196 8.35 -0.00283487 -0.0120943 0.0992255 
qwerty 7 5 0 1.09245 -0.196879 -0.844233 9.025 -0.00283487 -0.0120943 0.0992255 
qwerty 7 5 0 0.827271 -0.209676 -0.898832 9.47294 -0.00613987 -0.0624182 0.0778863 
qwerty 7 5 0 0.827271 -0.227576 -1.08079 9.7 -0.00613987 -0.0624182 0.0778863 
qwerty 7 5 0 0.827271 -0.280787 -1.62174 10.375 -0.00613987 -0.0624182 0.0778863 
qwerty 7 5 0 0.827271 -0.333998 -2.16269 11.05 -0.00613987 -0.0624182 0.0778863 
qwerty 7 5 0 0.827271 -0.387209 -2.70363 11.725 -0.00613987 -0.0624182 0.0778863 
qwerty 7 5 0 0.827271 -0.44042 -3.24458 12.4 -0.00613987 -0.0624182 0.0778863 
qwerty 7 5 0 0.827271 -0.493631 -3.78553 13.075 -0.00613987 -0.0624182 0.0778863 
qwerty 7 5 0 0.44025 -0.573635 -4.63271 13.75 -0.0218304 -0.0562109 0.0797732 
qwerty 7 5 0 0.44025 -0.758353 -5.10833 14.425 -0.0218304 -0.0562109 0.0797732 
qwerty 7 5 0 0.44025 -0.94307 -5.58396 15.1 -0.0218304 -0.0562109 0.0797732 
qwerty 235 7 0.265183 0 -0.208308 -0.872306 9.5033 0.00339307 0.0657678 0.0752534 
qwerty 6 5 0 19.1932 -0.136366 -0.425319 5.65 -0.00140706 -0.00262814 0.0999556 
qwerty 6 5 0 19.1932 -0.145868 -0.443067 6.325 -0.00140706 -0.00262814 0.0999556 
qwerty 6 5 0 19.1932 -0.15537 -0.460815 7 -0.00140706 -0.00262814 0.0999556 
qwerty 6 5 0 19.1932 -0.164872 -0.478563 7.675 -0.00140706 -0.00262814 0.0999556 
qwerty 6 5 0 19.1932 -0.174374 -0.49631 8.35 -0.00140706 -0.00262814 0.0999556 
qwerty 6 5 0 19.1932 -0.183876 -0.514058 9.025 -0.00140706 -0.00262814 0.0999556 
qwerty 6 5 0 19.1932 -0.193378 -0.531806 9.7 -0.00140706 -0.00262814 0.0999556 
qwerty 6 5 0 19.1932 -0.202879 -0.549554 10.375 -0.00140706 -0.00262814 0.0999556 
qwerty 6 5 0 19.1932 -0.212381 -0.567302 11.05 -0.00140706 -0.00262814 0.0999556 
qwerty 6 5 0 19.1932 -0.221883 -0.585049 11.725 -0.00140706 -0.00262814 0.0999556 
qwerty 6 5 0 19.1932 -0.231385 -0.602797 12.4 -0.00140706 -0.00262814 0.0999556 
qwerty 6 5 0 19.1932 -0.240887 -0.620545 13.075 -0.00140706 -0.00262814 0.0999556 
qwerty 6 5 0 19.1932 -0.250389 -0.638293 13.75 -0.00140706 -0.00262814 0.0999556 
qwerty 6 5 0 19.1932 -0.259891 -0.656041 14.425 -0.00140706 -0.00262814 0.0999556 
qwerty 167 21 1.19031 4.13533 4.49479 -4.57704 12.1975 0.032014 -0.0633141 0.0704729 
qwerty 167 21 0.518835 3.6165 4.58679 -4.75899 12.4 0.0335789 -0.0640739 0.0690435 
qwerty 167 21 0.843174 2.36345 4.78564 -5.0922 12.0844 0.033314 -0.0418196 -0.0845062 
qwerty 167 21 0.38567 1.97778 4.85833 -5.18345 11.9 0.0568603 -0.0577399 -0.0585919 
qwerty 167 21 0.532522 1.20393 4.69887 -5.42544 11.9817 -0.0964011 -0.0252988 -0.00817337 
qwerty 167 21 0.642506 0.561427 4.47551 -5.46064 12.0061 -0.037437 -0.0734228 0.0566353 
qwerty 167 21 0.380193 0.181234 4.40002 -5.57637 12.0101 0.000290809 -0.0956289 -0.029241 
qwerty 167 21 0.181234 0 4.40009 -5.59707 12.0038 0.000290809 -0.0956289 -0.029241 
qwerty 167 21 0 0 4.40009 -5.59707 12.0038 0.000290809 -0.0956289 -0.029241 
qwerty 148 26 0.880156 10.9813 -0.294781 -0.155508 6.20649 -0.0333434 0.070752 0.0623087 
qwerty 148 26 0.298136 10.6832 -0.358198 -0.0209432 6.325 -0.0292555 0.0739142 0.0606696 
qwerty 148 26 1.00225 6.57535 -0.177359 -0.352059 5.825 0.0172588 -0.0329541 -0.0928233 
qwerty 148 26 0.122306 3.14321 -0.253887 -0.264774 5.5969 -0.0178892 0.0717055 -0.0673669 
qwerty 148 26 0.947464 2.19575 -0.342539 -0.0207244 5.18765 0.0119614 0.0768142 -0.0629008 
qwerty 148 26 0.0946829 2.10106 -0.33538 0.0252507 5.15 0.0349209 0.081947 -0.0454446 
qwerty 253 148 0.0955602 0.834601 -0.24585 -0.207537 5.62055 -0.0396778 0.0799646 0.0450703 
qwerty 253 148 0.165727 0.668874 -0.271772 -0.155295 5.65 -0.0433462 0.055883 0.0706979 
qwerty 251 148 0.147331 0.411705 -0.327403 -0.148157 6.27517 -0.010584 -0.0366076 0.0924546 
qwerty 251 148 0.0647946 0.34691 -0.334844 -0.152798 6.30143 -0.00518922 0.0315216 0.09476 
qwerty 251 148 0.0524364 0.294474 -0.331519 -0.14479 6.3199 0.0259786 0.0447295 0.0855826 
qwerty 251 148 0.0145828 0.279891 -0.329971 -0.142126 6.325 0.0199189 0.0204062 0.0958479 
qwerty 251 148 0.00503364 0.203168 -0.329018 -0.143535 6.32339 0.0173581 -0.0757493 -0.0629344 
qwerty 251 148 0.00421931 0.198949 -0.328513 -0.14509 6.32153 0.0191234 -0.0835609 -0.0514963 
qwerty 251 148 0.00487069 0.194078 -0.327887 -0.147322 6.32043 0.0430855 -0.0847092 -0.0311125 
qwerty 251 148 0.00366096 0.190417 -0.326804 -0.149277 6.31927 0.0453022 -0.0829018 -0.0327871 
qwerty 251 148 0.00900926 0.181408 -0.324607 -0.152097 6.31839 0.0605865 -0.0693486 -0.0389878 
qwerty 251 148 0.00857287 0.172835 -0.322693 -0.154533 6.31621 0.0252483 -0.0793438 -0.0553813 
qwerty 251 148 0.0242127 0.148623 -0.321027 -0.158013 6.31392 0.0628345 -0.0572834 -0.052635 
qwerty 251 148 0.0215953 0.127027 -0.315865 -0.161105 6.31105 0.00695733 -0.0521425 -0.0850456 
qwerty 251 148 0.0477425 0.0792848 -0.31907 -0.164091 6.30464 0.0344399 -0.0428206 -0.0835482 
qwerty 251 148 0.0792848 0 -0.317209 -0.166405 6.30013 0.0344399 -0.0428206 -0.0835482 
qwerty 258 240 0 0.64647 0.803621 -0.213418 13.925 0.0797554 0.0331919 -0.0503724 
qwerty 257 240 0 11.5103 0.914341 -1.25 14.6742 0.088747 -0.0448823 0.0104664 
qwerty 257 240 0 11.5103 4.52488 -3.07596 15.1 0.088747 -0.0448823 0.0104664 
qwerty 256 253 0 0.099926 -1.06935 -1.24185 5.15 -0.0551361 -0.0756985 -0.0350676 
qwerty 255 148 0 0.510999 -0.918474 1.25 5.50288 -0.0414751 0.0860989 0.0294413 
qwerty 255 148 0 0.510999 -1.12573 1.68025 5.65 -0.0414751 0.0860989 0.0294413 
qwerty 254 148 0 0.510999 0.529542 -1.75596 4.475 0.0414751 -0.0860989 -0.0294413 
qwerty 254 148 0 0.510999 1.48044 -3.72995 3.8 0.0414751 -0.0860989 -0.0294413 
qwerty 254 148 0 0.510999 2.43134 -5.70394 3.125 0.0414751 -0.0860989 -0.0294413 
qwerty 250 167 0 0.510999 5.30723 -5.8958 11.9 0.0944265 -0.0310953 -0.0108035 
qwerty 249 167 0 0.23286 1.84721 -4.75639 12.2959 0.0341121 0.00853175 0.093614 
qwerty 249 167 0 0.23286 1.88516 -4.7469 12.4 0.0341121 0.00853175 0.093614 
qwerty 249 167 0 0.227001 1.93462 -4.68152 13.075 0.000999298 0.00976374 0.0995172 
qwerty 248 167 0 0.100008 4.79849 -5.51769 11.993 0.0987127 0.0109389 -0.0116682 
qwerty 248 167 0 0.100008 5.58566 -5.43046 11.9 0.0987127 0.0109389 -0.0116682 
qwerty 244 241 0 0.41135 -0.149275 -0.645915 14.7443 0.0907757 0.0418871 0.00229007 
qwerty 244 241 0 0.363387 2.02745 0.358501 14.7992 0.0772895 0.0349886 -0.0529352 
qwerty 244 241 0 0.363387 2.31831 0.490176 14.6 0.0772895 0.0349886 -0.0529352 
qwerty 243 241 0 0.510999 -0.960472 -1.05821 13.925 -0.0662499 -0.0336716 -0.0669116 
qwerty 243 241 0 0.330784 -1.02544 -1.25 13.5271 0.0365082 -0.0393745 -0.0843611 
qwerty 243 241 0 0.330784 -0.905516 -1.37934 13.25 0.0365082 -0.0393745 -0.0843611 
qwerty 128 29 0.755335 59.9207 -0.298461 -1.57533 12.4 -0.0053058 -0.0160243 0.0985651 
qwerty 128 29 0.710302 55.7135 -0.250897 -1.73173 13.075 0.0105224 -0.0236243 0.096598 
qwerty 128 29 0.49569 52.6889 -0.124141 -1.83574 13.527 0.0372057 -0.0183699 0.0909851 
qwerty 128 29 0.368832 52.3201 -0.0329488 -1.88077 13.75 0.0365552 -0.0186501 0.0911915 
qwerty 128 29 0.241656 47.7654 0.0983105 -1.95858 14.0328 0.0463386 -0.033237 0.0821465 
qwerty 128 29 0.782458 46.983 0.319529 -2.11725 14.425 0.0455675 -0.0316758 0.083188 
qwerty 128 29 0.536032 41.7857 0.683151 -2.28148 14.8563 0.0671586 -0.0258369 0.0694419 
qwerty 128 29 0.713402 41.0723 0.91885 -2.37216 15.1 0.0693974 -0.0258057 0.0672166 
qwerty 128 29 0.49156 34.3846 1.25 -2.47016 15.4591 0.0691696 -0.0147112 0.0707047 
qwerty 128 29 0.528787 33.7193 1.48381 -2.51348 15.7013 0.0677953 -0.0139011 0.0721842 
qwerty 128 29 0.136363 33.5829 1.55302 -2.52767 15.775 0.0669265 -0.0155716 0.0726524 
qwerty 128 29 0.734389 2.96838 2.07264 -2.51211 16.272 0.0482723 0.024797 0.0839934 
qwerty 128 29 0.428494 2.53988 2.17494 -2.45957 16.45 0.0582318 0.0525953 0.0619903 
qwerty 128 29 0.783735 1.25989 2.21521 -2.53427 16.0996 -0.0412576 -0.071378 -0.056595 
qwerty 128 29 0.417401 0.842487 2.13706 -2.70798 15.9693 0.0431217 -0.0430572 0.079288 
qwerty 128 29 0.445227 0.397259 2.27605 -2.78156 16.066 0.0439598 0.0243566 0.086454 
qwerty 128 29 0.269982 0.127277 2.309 -2.76331 16.1308 0.0266987 0.00289356 0.0963266 
qwerty 128 29 0.127277 0 2.31219 -2.76296 16.1423 0.0266987 0.00289356 0.0963266 
qwerty 128 29 0 0 2.31219 -2.76296 16.1423 0.0266987 0.00289356 0.0963266 
qwerty 66 35 0.81085 15.0407 -0.406 -1.21791 9.025 -0.00856224 -0.0176067 0.0980647 
qwerty 309 128 0.294423 0 2.11943 -2.50619 16.2664 0.0985229 0.0124658 -0.0117409 
qwerty 299 128 0.558536 0.00318905 0.715128 -2.38827 14.8827 0.0111378 -0.0148682 -0.0982593 
qwerty 299 128 0.00318905 0 0.71513 -2.38827 14.8827 0.0111378 -0.0148682 -0.0982593 
qwerty 293 128 0.0748642 0.668518 0.104061 -1.92664 14.0701 0.0308457 0.0728873 0.0611226 
qwerty 293 128 0.183839 0.484678 0.150855 -1.85237 14.1049 0.00718889 0.0883266 0.0463329 
qwerty 293 128 0.179426 0.305252 0.212473 -1.79522 14.1557 0.0323083 0.0378254 0.0867491 
qwerty 293 128 0.305252 0 0.228701 -1.77622 14.1993 0.0323083 0.0378254 0.0867491 
qwerty 278 244 0.0479636 0 2.02836 0.358947 14.8012 0.0408525 0.0199345 0.0890713 
qwerty 277 244 0.0996487 0 -0.150111 -0.64592 14.7523 -0.01043 -7.2143e-05 0.0994546 
qwerty 272 248 0.0343008 0 4.7977 -5.51858 11.9934 -0.0640252 -0.0726682 0.0249021 
qwerty 269 249 0.278138 0 1.8066 -4.74634 12.2841 -0.0934489 0.0231197 -0.0270699 
qwerty 260 257 0.891673 3.20332 4.8816 -3.68824 14.7089 0.039473 -0.046245 -0.0793932 
qwerty 260 257 0.241348 2.96198 4.93432 -3.75 14.6029 0.0529822 -0.0153765 -0.0834053 
qwerty 260 257 0.00667293 2.9553 4.93616 -3.75053 14.6 0.0551968 -0.0154736 -0.0819383 
qwerty 318 66 0 0.510999 -0.331006 -1.27156 8.525 0.00190125 -0.0161677 -0.098666 
qwerty 318 66 0 0.510999 -0.317999 -1.38217 7.85 0.00190125 -0.0161677 -0.098666 
qwerty 318 66 0 0.510999 -0.304992 -1.49278 7.175 0.00190125 -0.0161677 -0.098666 
qwerty 318 66 0 0.501813 -0.299541 -1.53914 6.89211 0.0159146 -0.0285182 -0.0945169 
qwerty 318 66 0 0.501813 -0.233519 -1.65745 6.5 0.0159146 -0.0285182 -0.0945169 
qwerty 318 66 0 0.501813 -0.119863 -1.86111 5.825 0.0159146 -0.0285182 -0.0945169 
qwerty 318 66 0 0.501813 -0.0418852 -2.07253 5.15 0.00942499 -0.0300617 -0.0949077 
qwerty 326 318 0.00918624 0 -0.299625 -1.53906 6.89207 -0.0720719 0.0621517 -0.0307053 
qwerty 317 66 0 0.315187 -0.343443 -1.25 9.24166 0.000333659 -0.0851994 0.0523541 
qwerty 317 66 0 0.315187 -0.340522 -1.99588 9.7 0.000333659 -0.0851994 0.0523541 
qwerty 332 315 1.12693 4.8833 -0.123871 -1.56078 9.7 0.0701837 -0.0376476 0.0604724 
qwerty 332 315 0.875298 3.4269 -0.176172 -1.70725 9.2 -0.00734525 -0.0602009 -0.0795104 
qwerty 335 332 0 0.271648 -0.276118 -1.29456 9.7 0.02263 -0.00492946 0.0972809 
qwerty 334 332 0 1.6556 -0.458225 -1.54484 9.7 -0.00740376 -0.0467338 0.0880973 
qwerty 334 332 0 1.6556 -0.518937 -1.90009 10.375 -0.00804693 -0.0463603 0.0882381 
qwerty 334 332 0 1.6556 -0.580494 -2.25473 11.05 -0.00804693 -0.0463603 0.0882381 
qwerty 334 332 0 1.6556 -0.642051 -2.60938 11.725 -0.00804693 -0.0463603 0.0882381 
qwerty 334 332 0 1.6556 -0.703608 -2.96402 12.4 -0.00804693 -0.0463603 0.0882381 
qwerty 334 332 0 1.6556 -0.765165 -3.31867 13.075 -0.00804693 -0.0463603 0.0882381 
qwerty 334 332 0 1.6556 -0.826722 -3.67331 13.75 -0.00804693 -0.0463603 0.0882381 
qwerty 334 332 0 1.6556 -0.888279 -4.02796 14.425 -0.00804693 -0.0463603 0.0882381 
qwerty 334 332 0 1.6556 -0.949837 -4.3826 15.1 -0.00804693 -0.0463603 0.0882381 
qwerty 334 332 0 1.6556 -1.01139 -4.73725 15.775 -0.00804693 -0.0463603 0.0882381 
qwerty 334 332 0 1.6556 -1.07295 -5.09189 16.45 -0.00804693 -0.0463603 0.0882381 
qwerty 334 332 0 1.6556 -1.13451 -5.44654 17.125 -0.00804693 -0.0463603 0.0882381 
qwerty 314 122 0 0.510999 -1.47805 -3.64582 17.3 -0.0151673 -0.0216134 -0.0964511 
qwerty 314 122 0 0.401581 -2.1293 -3.65091 16.625 -0.0766282 0.00346599 -0.0641568 
qwerty 314 122 0 0.323767 -2.44779 -3.6365 16.3583 -0.064213 -0.0681085 -0.035184 
qwerty 314 122 0 0.323767 -2.55479 -3.75 16.2997 -0.064213 -0.0681085 -0.035184 
qwerty 314 122 0 0.323767 -3.19304 -4.42697 15.95 -0.064213 -0.0681085 -0.035184 
qwerty 341 314 0.0778139 0 -2.44957 -3.63231 16.3558 -0.0341229 0.0801362 -0.0491306 
qwerty 313 122 0 0.510999 -1.29328 -3.38252 18.475 0.0151673 0.0216134 0.0964511 
qwerty 313 122 0 0.510999 -1.18713 -3.23126 19.15 0.0151673 0.0216134 0.0964511 
qwerty 312 122 0 0.166294 -2.08548 -4.23379 18.475 -0.0604156 -0.0627259 0.0491469 
qwerty 311 128 0 0.510999 2.3666 -2.69081 16.45 0.0169654 0.0224947 0.0959488 
qwerty 310 128 0 0.510999 2.27819 -2.80804 15.95 -0.0169654 -0.0224947 -0.0959488 
qwerty 310 128 0 0.510999 2.15884 -2.96629 15.275 -0.0169654 -0.0224947 -0.0959488 
qwerty 308 128 0 11.2879 2.90903 -2.8575 16.45 0.0858118 -0.0248288 0.0449428 
qwerty 307 128 0 7.38637 2.96509 -2.62595 16.45 0.0888673 -0.00720471 0.0452847 
qwerty 307 128 0 7.38637 3.75 -2.68958 16.85 0.0888673 -0.00720471 0.0452847 
qwerty 307 128 0 7.38637 4.28972 -2.73334 17.125 0.0888673 -0.00720471 0.0452847 
qwerty 307 128 0 7.38637 5.61435 -2.84073 17.8 0.0888673 -0.00720471 0.0452847 
qwerty 307 128 0 7.38637 6.25 -2.89227 18.1239 0.0888673 -0.00720471 0.0452847 
qwerty 307 128 0 7.38637 6.93898 -2.94812 18.475 0.0888673 -0.00720471 0.0452847 
qwerty 307 128 0 7.38637 8.26361 -3.05552 19.15 0.0888673 -0.00720471 0.0452847 
qwerty 307 128 0 7.38637 8.75 -3.09495 19.3979 0.0888673 -0.00720471 0.0452847 
qwerty 307 128 0 7.38637 9.58824 -3.16291 19.825 0.0888673 -0.00720471 0.0452847 
qwerty 307 128 0 7.38637 10.9129 -3.2703 20.5 0.0888673 -0.00720471 0.0452847 
qwerty 307 128 0 7.38637 12.2375 -3.37769 21.175 0.0888673 -0.00720471 0.0452847 
qwerty 307 128 0 7.38637 13.5621 -3.48508 21.85 0.0888673 -0.00720471 0.0452847 
qwerty 307 128 0 7.38637 14.8868 -3.59247 22.525 0.0888673 -0.00720471 0.0452847 
qwerty 307 128 0 7.38637 16.2114 -3.69986 23.2 0.0888673 -0.00720471 0.0452847 
qwerty 307 128 0 7.38637 17.536 -3.80725 23.875 0.0888673 -0.00720471 0.0452847 
qwerty 307 128 0 7.38637 18.8606 -3.91465 24.55 0.0888673 -0.00720471 0.0452847 
qwerty 307 128 0 7.38637 20.1853 -4.02204 25.225 0.0888673 -0.00720471 0.0452847 
qwerty 307 128 0 7.38637 21.5099 -4.12943 25.9 0.0888673 -0.00720471 0.0452847 
qwerty 307 128 0 7.38637 22.8345 -4.23682 26.575 0.0888673 -0.00720471 0.0452847 
qwerty 307 128 0 7.38637 24.1592 -4.34421 27.25 0.0888673 -0.00720471 0.0452847 
qwerty 307 128 0 7.38637 25.4838 -4.4516 27.925 0.0888673 -0.00720471 0.0452847 
qwerty 307 128 0 4.51828 26.2642 -4.34933 28.6 0.075172 0.0099531 0.0651929 
qwerty 307 128 0 1.92644 26.5584 -4.43493 29.275 0.0340957 -0.0142816 0.0929167 
qwerty 307 128 0 1.92644 26.8061 -4.53868 29.95 0.0340957 -0.0142816 0.0929167 
qwerty 307 128 0 1.92644 27.0538 -4.64243 30.625 0.0340957 -0.0142816 0.0929167 
qwerty 307 128 0 1.92644 27.3015 -4.74618 31.3 0.0340957 -0.0142816 0.0929167 
qwerty 307 128 0 1.92644 27.5492 -4.84993 31.975 0.0340957 -0.0142816 0.0929167 
qwerty 307 128 0 1.92644 27.7969 -4.95368 32.65 0.0340957 -0.0142816 0.0929167 
qwerty 307 128 0 1.92644 28.0446 -5.05743 33.325 0.0340957 -0.0142816 0.0929167 
qwerty 307 128 0 1.92644 28.2923 -5.16117 34 0.0340957 -0.0142816 0.0929167 
qwerty 307 128 0 1.92644 28.54 -5.26492 34.675 0.0340957 -0.0142816 0.0929167 
qwerty 307 128 0 1.92644 28.7876 -5.36867 35.35 0.0340957 -0.0142816 0.0929167 
qwerty 307 128 0 1.92644 29.0353 -5.47242 36.025 0.0340957 -0.0142816 0.0929167 
qwerty 307 128 0 1.92644 29.283 -5.57617 36.7 0.0340957 -0.0142816 0.0929167 
qwerty 307 128 0 1.92644 29.5307 -5.67992 37.375 0.0340957 -0.0142816 0.0929167 
qwerty 307 128 0 1.92644 29.7784 -5.78367 38.05 0.0340957 -0.0142816 0.0929167 
qwerty 307 128 0 1.92644 30.0261 -5.88742 38.725 0.0340957 -0.0142816 0.0929167 
qwerty 307 128 0 1.92644 30.2738 -5.99117 39.4 0.0340957 -0.0142816 0.0929167 
qwerty 307 128 0 1.92644 30.5215 -6.09492 40.075 0.0340957 -0.0142816 0.0929167 
qwerty 353 307 0.613236 1.75625 25.5695 -4.64208 27.5759 -0.0904436 0.00370623 -0.0424997 
qwerty 353 307 0.535895 1.22035 25.303 -4.60575 27.4574 -0.0702711 0.0442494 -0.0557133 
qwerty 353 307 0.0786243 1.14173 25.2621 -4.57999 27.425 -0.0874096 0.0462522 -0.0148423 
qwerty 306 128 0 1.66163 3.64263 -2.72326 16.45 0.0951025 -0.0088441 0.0296191 
qwerty 306 128 0 1.66163 5.80996 -2.92481 17.125 0.0951025 -0.0088441 0.0296191 
qwerty 306 128 0 1.66163 7.97729 -3.12636 17.8 0.0951025 -0.0088441 0.0296191 
qwerty 306 128 0 1.66163 8.75 -3.19822 18.0407 0.0951025 -0.0088441 0.0296191 
qwerty 306 128 0 1.66163 10.1446 -3.32792 18.475 0.0951025 -0.0088441 0.0296191 
qwerty 305 128 0 0.136557 1.54971 -2.5273 15.775 0.0660207 -0.013846 0.0738211 
qwerty 304 128 0 0.402458 1.25 -2.4975 15.4654 0.0675817 -0.0227167 0.070119 
qwerty 304 128 0 0.402458 1.54835 -2.59779 15.775 0.0675817 -0.0227167 0.070119 
qwerty 302 128 0 0.295966 1.25 -2.53626 15.4876 0.0606291 -0.0298504 0.0737093 
qwerty 302 128 0 0.295966 1.4864 -2.65265 15.775 0.0606291 -0.0298504 0.0737093 
qwerty 301 128 0 1.36103 1.25 -2.54418 15.4451 0.0649161 -0.0341398 0.0679733 
qwerty 301 128 0 0.943806 1.37444 -2.60962 15.5754 0.0201301 -0.0703843 0.0681236 
qwerty 301 128 0 0.943806 1.43343 -2.81586 15.775 0.0201301 -0.0703843 0.0681236 
qwerty 301 128 0 0.943806 1.63289 -3.51326 16.45 0.0201301 -0.0703843 0.0681236 
qwerty 301 128 0 0.943806 1.83234 -4.21066 17.125 0.0201301 -0.0703843 0.0681236 
qwerty 301 128 0 0.943806 2.0318 -4.90806 17.8 0.0201301 -0.0703843 0.0681236 
qwerty 301 128 0 0.232768 2.19162 -4.91537 17.3 0.025837 0.00703957 -0.0963478 
qwerty 301 128 0 0.232768 2.32151 -5.08043 16.625 0.0165472 -0.0266582 -0.0949502 
qwerty 301 128 0 0.232768 2.43915 -5.26994 15.95 0.0165472 -0.0266582 -0.0949502 
qwerty 301 128 0 0.232768 2.55678 -5.45945 15.275 0.0165472 -0.0266582 -0.0949502 
qwerty 363 301 0.195028 0.222196 1.42294 -2.55263 15.5927 0.00295518 0.0668366 0.0743245 
qwerty 363 301 0.222196 0 1.42384 -2.53227 15.6154 0.00295518 0.0668366 0.0743245 
qwerty 298 128 0 0.20483 0.901246 -2.41501 15.1 0.0652394 -0.030906 0.0692 
qwerty 297 128 0 0.288121 0.857279 -2.40451 15.1 0.0618878 -0.0307891 0.072263 
qwerty 297 128 0 0.288121 1.25 -2.59988 15.5586 0.0618878 -0.0307891 0.072263 
qwerty 297 128 0 0.288121 1.43537 -2.6921 15.775 0.0618878 -0.0307891 0.072263 
qwerty 294 128 0 0.785874 0.668894 -2.47337 15.1 0.0418095 -0.0427806 0.080136 
qwerty 292 128 0 0.322581 -0.0324944 -1.88053 13.75 0.0373718 -0.0182649 0.0909381 
qwerty 292 128 0 0.322581 0.244903 -2.01611 14.425 0.0373718 -0.0182649 0.0909381 
qwerty 292 128 0 0.322581 0.5223 -2.15168 15.1 0.0373718 -0.0182649 0.0909381 
qwerty 289 128 0 0.945516 -0.278901 -1.68959 13.075 0.00294305 -0.0163916 0.0986035 
qwerty 377 376 0 0.261948 -0.217213 -2.26807 13.75 0.0101723 -0.0721304 0.0685108 
qwerty 288 136 0 1.4903 -0.0155313 -3.75 14.6325 -0.0632541 -0.0744733 0.0212753 
qwerty 288 136 0 1.4903 -1.40542 -5.38641 15.1 -0.0632541 -0.0744733 0.0212753 
qwerty 288 136 0 1.4903 -3.41228 -7.74922 15.775 -0.0632541 -0.0744733 0.0212753 
qwerty 288 136 0 1.14178 -3.99805 -8.43889 15.972 -0.0555438 -0.0553066 0.0620973 
qwerty 288 136 0 1.14178 -4.3105 -8.75 16.3213 -0.0555438 -0.0553066 0.0620973 
qwerty 288 136 0 1.14178 -4.42559 -8.8646 16.45 -0.0555438 -0.0553066 0.0620973 
qwerty 288 136 0 1.14178 -5.02935 -9.46578 17.125 -0.0555438 -0.0553066 0.0620973 
qwerty 288 136 0 1.14178 -5.63311 -10.067 17.8 -0.0555438 -0.0553066 0.0620973 
qwerty 288 136 0 1.14178 -6.23688 -10.6682 18.475 -0.0555438 -0.0553066 0.0620973 
qwerty 288 136 0 1.14178 -6.82122 -11.25 19.1283 -0.0555438 -0.0553066 0.0620973 
qwerty 288 136 0 1.14178 -6.84064 -11.2693 19.15 -0.0555438 -0.0553066 0.0620973 
qwerty 288 136 0 1.14178 -7.4444 -11.8705 19.825 -0.0555438 -0.0553066 0.0620973 
qwerty 288 136 0 1.14178 -8.04817 -12.4717 20.5 -0.0555438 -0.0553066 0.0620973 
qwerty 288 136 0 1.0429 -8.53539 -13.3523 21.175 -0.0365983 -0.0758623 0.0539025 
qwerty 288 136 0 1.0429 -8.72723 -13.75 21.4575 -0.0365983 -0.0758623 0.0539025 
qwerty 288 136 0 1.0429 -8.9937 -14.3023 21.85 -0.0365983 -0.0758623 0.0539025 
qwerty 288 136 0 1.0429 -9.45201 -15.2523 22.525 -0.0365983 -0.0758623 0.0539025 
qwerty 288 136 0 0.805864 -9.96736 -15.5944 23.2 -0.0579993 -0.0314435 0.0751491 
qwerty 288 136 0 0.805864 -10.4883 -15.8769 23.875 -0.0579993 -0.0314435 0.0751491 
qwerty 288 136 0 0.805864 -11.0093 -16.1593 24.55 -0.0579993 -0.0314435 0.0751491 
qwerty 288 136 0 0.805864 -11.25 -16.2898 24.8619 -0.0579993 -0.0314435 0.0751491 
qwerty 288 136 0 0.805864 -11.5302 -16.4417 25.225 -0.0579993 -0.0314435 0.0751491 
qwerty 288 136 0 0.21445 -11.5369 -16.4953 24.725 0.00386952 -0.00721102 -0.0996646 
qwerty 288 136 0 0.21445 -11.5107 -16.5442 24.05 0.00386952 -0.00721102 -0.0996646 
qwerty 379 288 0.030216 0.318303 -4.00242 -8.44754 15.9606 -0.0623973 -0.00361243 -0.078061 
qwerty 379 288 0.00918861 0.309114 -4.0062 -8.44678 15.9552 -0.0499046 -0.0029472 -0.0866074 
qwerty 379 288 0.00867203 0.300442 -4.0092 -8.44696 15.95 -0.0363326 -0.0257919 -0.089525 
qwerty 379 288 0.00860754 0.228518 -4.00535 -8.44721 15.9516 0.0791385 0.0481218 0.0377012 
qwerty 379 288 0.00686453 0.221654 -4.00291 -8.44563 15.9524 0.097801 0.0183538 -0.00990427 
qwerty 379 288 0.00721806 0.214435 -3.99977 -8.44494 15.9516 0.0795464 -0.0423989 -0.0432979 
qwerty 379 288 0.00798673 0.206449 -3.99708 -8.44632 15.95 0.0849843 0.000410734 -0.0527019 
qwerty 379 288 0 0.206449 -3.99704 -8.44632 15.95 0.0847628 0.00277314 -0.0529866 
qwerty 287 136 0 0.494581 0.724834 -3.07582 13.925 0.0296339 -0.00194982 -0.0954884 
qwerty 287 136 0 0.494581 0.934313 -3.08961 13.25 0.0296339 -0.00194982 -0.0954884 
qwerty 287 136 0 0.494581 1.14379 -3.10339 12.575 0.0296339 -0.00194982 -0.0954884 
qwerty 287 136 0 0.494581 1.35327 -3.11717 11.9 0.0296339 -0.00194982 -0.0954884 
qwerty 287 136 0 0.494581 1.60757 -3.08829 11.225 0.0357687 0.00459051 -0.0932713 
qwerty 283 261 0 0.440016 5.88339 -3.51336 15.3157 0.0863143 -0.0485696 -0.0138145 
qwerty 283 261 0 0.440016 6.13771 -3.65647 15.275 0.0863143 -0.0485696 -0.0138145 
qwerty 283 261 0 0.27263 7.13293 -4.02585 14.6 0.0279844 0.0174925 -0.0943975 
qwerty 283 261 0 0.27263 7.33303 -3.90076 13.925 0.0279844 0.0174925 -0.0943975 
qwerty 352 308 0.322175 0.803017 3.08841 -2.79626 16.6427 -0.0948506 0.0301454 -0.0097267 
qwerty 352 308 0.379385 0.423632 2.93469 -2.74813 16.6288 -0.088044 0.0452557 -0.0141481 
qwerty 352 308 0.048908 0.374724 2.91098 -2.73594 16.625 -0.0882713 0.0370787 0.0288677 
qwerty 352 308 0.0142417 0.360482 2.90454 -2.73384 16.6283 -0.0652238 0.0492003 0.0576644 
qwerty 352 308 0.0413754 0.319107 2.89987 -2.72896 16.6331 -0.0708125 0.0518466 0.0479325 
qwerty 352 308 0.0183166 0.30079 2.89433 -2.72289 16.6382 -0.0314555 0.0453464 0.0833922 
qwerty 352 308 0.0151871 0.285603 2.8903 -2.71937 16.6443 -0.0464869 0.0301508 0.083246 
qwerty 352 308 0.0221925 0.263411 2.88481 -2.71838 16.654 -0.0802151 -0.0107132 0.0587431 
qwerty 352 308 0.0443757 0.219035 2.87003 -2.72109 16.6593 -0.0830685 0.0533768 -0.0158287 
qwerty 352 308 0.0499019 0.169133 2.85875 -2.70839 16.6569 -0.091049 -0.0114339 -0.039741 
qwerty 352 308 0.0865382 0.0825949 2.84671 -2.71091 16.6449 0.0631014 -0.0326242 -0.0703837 
qwerty 352 308 0.0825949 0 2.85029 -2.71276 16.6409 0.0631014 -0.0326242 -0.0703837 
qwerty 352 308 0 0 2.85029 -2.71276 16.6409 0.0631014 -0.0326242 -0.0703837 
qwerty 393 352 0.018475 0.309914 3.09071 -2.78809 16.6382 -0.0161882 0.0883057 -0.044046 
qwerty 393 352 0.017703 0.292211 3.08803 -2.7806 16.6361 -0.0165406 0.0971199 -0.0171505 
qwerty 393 352 0.0139485 0.278263 3.0867 -2.77385 16.6361 5.58018e-05 0.0986148 0.0165865 
qwerty 393 352 0.0134354 0.264827 3.08791 -2.76762 16.638 -0.00163984 0.082488 0.056507 
qwerty 393 352 0.0205564 0.244271 3.08599 -2.76152 16.6429 -0.0178282 0.0519237 0.0835828 
qwerty 393 352 0.0179767 0.226294 3.08246 -2.75779 16.6503 -0.0245333 0.0442921 0.0862341 
qwerty 393 352 0.036452 0.189842 3.07898 -2.74844 16.6609 -0.0123932 0.0667885 0.0733873 
qwerty 393 352 0.0460061 0.143836 3.08321 -2.74339 16.6785 -0.0402919 -0.0310008 0.0861134 
qwerty 393 352 0.143836 0 3.07719 -2.74802 16.6914 -0.0402919 -0.0310008 0.0861134 
qwerty 389 283 0.0487292 0 5.88444 -3.51165 15.3168 0.0457483 0.0746384 0.0483342 
qwerty 397 333 0 0.510999 -0.231634 -1.08907 9.7 0.0366677 0.0188789 0.0910992 
qwerty 397 333 0 0.510999 0.0400555 -0.949186 10.375 0.0366677 0.0188789 0.0910992 
qwerty 397 333 0 0.510999 0.311745 -0.809303 11.05 0.0366677 0.0188789 0.0910992 
qwerty 397 333 0 0.510999 0.583434 -0.669419 11.725 0.0366677 0.0188789 0.0910992 
qwerty 395 352 0 0.510999 2.80667 -2.77747 16.625 -0.0547648 -0.0812425 -0.0200119 
qwerty 394 352 0 0.313544 3.72548 -1.41443 16.9607 -0.0423854 0.0567588 0.0705827 
qwerty 394 352 0 0.313544 3.62684 -1.28235 17.125 -0.0423854 0.0567588 0.0705827 
qwerty 394 352 0 0.144621 3.62119 -1.53626 16.625 0.00340067 -0.0469375 -0.0882344 
qwerty 402 394 0.0394931 0.157962 3.74195 -1.41372 16.9593 0.0190262 -0.0654279 -0.0731929 
qwerty 402 394 0.0229781 0.134984 3.74398 -1.41736 16.9567 0.0391225 -0.0633259 -0.0667777 
qwerty 402 394 0.0132095 0.121774 3.74545 -1.41911 16.9533 0.0506739 -0.0550129 -0.0663758 
qwerty 402 394 0.00622019 0.115554 3.74708 -1.42002 16.9518 0.0591361 -0.0146753 -0.0792941 
qwerty 402 394 0.0103108 0.105243 3.74791 -1.42039 16.9493 0.0355635 0.00390059 -0.0933811 
qwerty 402 394 0.00881716 0.096426 3.74879 -1.42073 16.9474 0.0160093 -0.0160798 -0.0973917 
qwerty 402 394 0.0104393 0.0859867 3.74987 -1.42082 16.9454 0.0524379 -0.0395895 -0.0753852 
qwerty 402 394 0.00053442 0.0854523 3.75 -1.42092 16.9452 0.0463828 -0.0527786 -0.0711551 
qwerty 402 394 0.00213714 0.0833151 3.75031 -1.42121 16.9449 0.0392136 -0.081141 -0.0433409 
qwerty 402 394 0.00225394 0.0810612 3.75052 -1.42171 16.9447 0.0214139 -0.0772567 -0.0597732 
qwerty 402 394 0.00171867 0.0793425 3.75058 -1.42212 16.9443 0.0196494 -0.0771847 -0.0604684 
qwerty 402 394 0.00221476 0.0771278 3.75071 -1.42259 16.944 0.00425089 -0.0764655 -0.0643036 
qwerty 402 394 0.00177862 0.0753491 3.75061 -1.42306 16.9435 0.0186064 -0.0795923 -0.0576096 
qwerty 402 394 0.00249276 0.0728564 3.75068 -1.42348 16.9432 0.01891 -0.068107 -0.0707379 
qwerty 402 394 0.00327908 0.0695773 3.75083 -1.42389 16.9429 0.0300945 -0.069595 -0.0651986 
qwerty 402 394 0.0034795 0.0660978 3.75092 -1.4243 16.9424 0.0089349 -0.0504359 -0.0858859 
qwerty 402 394 0.00299715 0.0631007 3.75088 -1.42456 16.9419 0.0122795 -0.0425391 -0.089664 
qwerty 402 394 0.00323031 0.0598703 3.751 -1.42468 16.9414 0.0227116 -0.0362578 -0.0903856 
qwerty 402 394 0.00374451 0.0561258 3.751 -1.42492 16.9408 0.0240304 -0.0431939 -0.08693 
qwerty 402 394 0.00222621 0.0538996 3.75098 -1.42518 16.9403 0.00330594 -0.0715428 -0.0697903 
qwerty 402 394 0.00267146 0.0512282 3.75103 -1.42569 16.94 -0.0261346 -0.0886008 -0.0382998 
qwerty 402 394 0.00367179 0.0475564 3.75097 -1.42617 16.9397 -0.0327745 -0.0902673 -0.0278864 
qwerty 402 394 0.00335728 0.0441991 3.75068 -1.42662 16.9395 -0.0368122 -0.0902861 -0.0222099 
qwerty 402 394 0.00415839 0.0400407 3.75064 -1.42719 16.9392 -0.022047 -0.0962073 -0.0160649 
qwerty 402 394 0.00808958 0.0319511 3.75047 -1.4277 16.9389 -0.00500572 -0.0998274 -0.00307262 
qwerty 402 394 0.00538774 0.0265634 3.75067 -1.42821 16.939 -0.00701053 -0.0972261 0.0223147 
qwerty 402 394 0.0044601 0.0221033 3.75071 -1.4286 16.9393 -0.0378192 -0.0558861 0.0738001 
qwerty 402 394 0.00867163 0.0134317 3.75067 -1.42894 16.9396 0.0132827 0.00496019 0.0989897 
qwerty 402 394 0.0134317 0 3.7507 -1.42893 16.9398 0.0132827 0.00496019 0.0989897 
qwerty 392 352 0 5.98667 3.58441 -3.32766 17.125 0.0529331 -0.049718 0.0687474 
qwerty 392 352 0 0.501398 3.92177 -3.64453 17.5631 0.0868464 0.0413673 -0.0273213 
qwerty 392 352 0 0.501398 4.75823 -3.2461 17.3 0.0868464 0.0413673 -0.0273213 
qwerty 405 392 0.399826 5.08545 4.01232 -3.75 17.704 0.0346605 -0.0648137 0.0678073 
qwerty 405 392 0.0819867 3.80284 4.03074 -3.79332 17.7467 0.0347016 -0.0637283 0.0688077 
qwerty 405 392 0.136156 3.66668 4.05761 -3.84268 17.8 0.0164974 -0.068646 0.0708206 
qwerty 405 392 0.905157 2.4817 3.88411 -4.18337 17.4347 -0.0204249 -0.0524601 -0.0826484 
qwerty 405 392 0.249276 2.23242 3.85083 -4.26884 17.3 -0.00429237 -0.0297602 -0.0953725 
qwerty 405 392 0.170141 0.93387 3.83908 -4.19842 17.3975 0.0265162 -0.0457479 0.0848765 
qwerty 405 392 0.176944 0.756926 3.90617 -4.22347 17.4853 -0.00421434 0.0740854 0.0670342 
qwerty 405 392 0.195807 0.561119 3.91066 -4.13456 17.5184 -0.0672809 0.0731348 -0.0111612 
qwerty 405 392 0.336092 0.225027 3.8554 -4.05483 17.4372 0.00435093 0.0862296 -0.0504532 
qwerty 405 392 0.225027 0 3.85675 -4.02803 17.4215 0.00435093 0.0862296 -0.0504532 
qwerty 408 405 0 1.20062 4.07151 -3.82923 17.8 0.0535765 -0.047181 0.0700251 
qwerty 408 405 0 1.20062 4.58796 -4.28403 18.475 0.0535765 -0.047181 0.0700251 
qwerty 408 405 0 1.20062 5.1044 -4.73882 19.15 0.0535765 -0.047181 0.0700251 
qwerty 408 405 0 1.20062 5.62085 -5.19362 19.825 0.0535765 -0.047181 0.0700251 
qwerty 408 405 0 1.20062 6.13729 -5.64842 20.5 0.0535765 -0.047181 0.0700251 
qwerty 408 405 0 1.20062 6.65374 -6.10321 21.175 0.0535765 -0.047181 0.0700251 
qwerty 408 405 0 1.20062 6.82043 -6.25 21.3929 0.0535765 -0.047181 0.0700251 
qwerty 408 405 0 1.20062 7.17019 -6.55801 21.85 0.0535765 -0.047181 0.0700251 
qwerty 408 405 0 1.20062 7.68663 -7.01281 22.525 0.0535765 -0.047181 0.0700251 
qwerty 408 405 0 1.20062 8.20308 -7.4676 23.2 0.0535765 -0.047181 0.0700251 
qwerty 408 405 0 1.20062 8.71952 -7.9224 23.875 0.0535765 -0.047181 0.0700251 
qwerty 408 405 0 1.20062 9.23597 -8.3772 24.55 0.0535765 -0.047181 0.0700251 
qwerty 408 405 0 1.20062 9.75242 -8.83199 25.225 0.0535765 -0.047181 0.0700251 
qwerty 408 405 0 0.346473 10.6918 -6.91754 25.9 0.0375903 0.0893869 0.0244327 
