qwerty 1 0 0 151.586 0 0 -0.249999 0 0 0.1 
qwerty 3 1 0 41.7495 -0.980704 1.25 0.196372 -0.0594254 0.0757433 0.0270477 
qwerty 3 1 0 41.7495 -1.09853 1.40018 0.25 -0.0594254 0.0757433 0.0270477 
qwerty 3 1 0 41.7495 -2.58154 3.29042 0.925 -0.0594254 0.0757433 0.0270477 
qwerty 3 1 0 41.7495 -4.06455 5.18066 1.6 -0.0594254 0.0757433 0.0270477 
qwerty 3 1 0 41.7495 -5.54757 7.0709 2.275 -0.0594254 0.0757433 0.0270477 
qwerty 3 1 0 41.7495 -6.86493 8.75 2.8746 -0.0594254 0.0757433 0.0270477 
qwerty 3 1 0 41.7495 -7.03058 8.96114 2.95 -0.0594254 0.0757433 0.0270477 
qwerty 3 1 0 41.7495 -8.5136 10.8514 3.625 -0.0594254 0.0757433 0.0270477 
qwerty 6 4 0 7.60033 -9.85931 13.75 4.1091 -0.0384219 0.0911275 0.0148171 
qwerty 6 4 0 7.60033 -10.3543 14.9241 4.3 -0.0384219 0.0911275 0.0148171 
qwerty 2 1 0 244.813 0.0513679 -0.0654732 0.25 0.0101342 -0.012917 0.098643 
qwerty 2 1 0 244.813 0.120715 -0.153862 0.925 0.0101342 -0.012917 0.098643 
qwerty 17 2 0.701279 168.212 0.177351 -0.257312 1.6 0.00794809 -0.0153544 0.098494 
qwerty 17 2 0.331486 163.937 0.197111 -0.308848 2.00441 0.00200806 -0.0107201 0.0994035 
qwerty 17 2 0.404705 163.533 0.202577 -0.33803 2.275 0.00184427 -0.0108927 0.0993879 
qwerty 17 2 0.282962 160.787 0.205147 -0.361186 2.54965 0.00190332 -0.00856013 0.0996148 
qwerty 17 2 0.0335217 160.097 0.205645 -0.363353 2.57492 0.001646 -0.0081058 0.0996573 
qwerty 17 2 0.569956 159.527 0.21184 -0.393861 2.95 0.000905401 -0.00789851 0.0996835 
qwerty 17 2 0.830928 109.475 0.167827 -0.425772 3.625 -0.00938311 -0.00288953 0.0995169 
qwerty 17 2 0.836547 105.429 0.0805023 -0.491426 4.3 -0.0141649 -0.00878797 0.0986008 
qwerty 17 2 0.0381528 30.2462 0.0659813 -0.504972 4.50537 0.00381478 -0.00257191 0.0998941 
qwerty 17 2 0.190032 19.7449 0.0730635 -0.508406 4.63036 -0.00617363 -0.00801616 0.0994868 
qwerty 17 2 0.587503 19.1574 0.0516767 -0.536176 4.975 -0.0067275 -0.00357091 0.0997095 
qwerty 17 2 0 12.3261 0.0931487 -0.491068 5.15 0.00663271 0.0163428 -0.0984323 
qwerty 5 3 0.0146303 0.381463 -8.72439 11.2601 3.8 -0.0330947 0.0938353 0.00998422 
qwerty 5 3 0.0186615 0.362801 -8.72637 11.2678 3.8004 -0.0225803 0.0961016 0.0159568 
qwerty 5 3 0.0318365 0.330965 -8.72725 11.277 3.80334 -0.0170466 0.0984341 -0.00448749 
qwerty 5 3 0.0120895 0.318876 -8.72768 11.2852 3.80247 -0.0268056 0.0913794 -0.0305165 
qwerty 5 3 0.0152421 0.303633 -8.72985 11.2926 3.80004 -0.0269975 0.0955709 -0.0117192 
qwerty 5 3 0.000650472 0.302983 -8.72995 11.2929 3.8 -0.0228859 0.096904 -0.00926491 
qwerty 5 3 0.00700283 0.175477 -8.72879 11.2906 3.80077 0.0097621 -0.0913527 0.0394891 
qwerty 5 3 0.0108019 0.164675 -8.72846 11.2886 3.80123 0.00397701 -0.0980306 0.0193439 
qwerty 5 3 0.00712748 0.157547 -8.72792 11.2864 3.80193 0.00441433 -0.0799315 0.0599288 
qwerty 5 3 0.0105689 0.146978 -8.72766 11.2846 3.80317 -0.030086 -0.0803058 0.0514375 
qwerty 5 3 0.00763414 0.139344 -8.72818 11.2827 3.80411 -0.00950556 -0.0769738 0.0631244 
qwerty 5 3 0.00620926 0.133135 -8.72888 11.2805 3.80547 -0.0112061 -0.0975687 0.0188356 
qwerty 5 3 0.0123163 0.120819 -8.72956 11.2772 3.8051 0.0131744 -0.0973452 -0.0187175 
qwerty 5 3 0.0109084 0.10991 -8.72829 11.2745 3.80405 0.0252146 -0.0966433 0.00492914 
qwerty 5 3 0.00821978 0.10169 -8.72753 11.2726 3.80411 -0.0199784 -0.0936412 -0.0288475 
qwerty 5 3 0.0134898 0.0882007 -8.72726 11.27 3.80353 0.00956512 -0.0992834 0.00716383 
qwerty 5 3 0.0121067 0.076094 -8.72689 11.2678 3.80429 -0.00397266 -0.0974864 -0.021923 
qwerty 5 3 0.0715552 0.00453876 -8.72648 11.2658 3.80278 -0.0201292 -0.0711726 -0.0672999 
qwerty 5 3 0.00453876 0 -8.72649 11.2657 3.80276 -0.0201292 -0.0711726 -0.0672999 
qwerty 5 3 0 0 -8.72649 11.2657 3.80276 -0.0201292 -0.0711726 -0.0672999 
qwerty 33 17 0.547486 1.28019 0.120716 -0.759251 4.68153 0.056347 -0.0813942 0.0141419 
qwerty 33 17 0.214512 1.06266 0.206223 -0.856607 4.67955 0.0101736 -0.0964804 0.0242493 
qwerty 33 17 0.452124 0.610532 0.301311 -1.02129 4.81037 -0.00663008 -0.051053 0.08573 
qwerty 33 17 0.355507 0.255025 0.321723 -1.04363 4.94422 -0.0524744 0.052777 0.0667908 
qwerty 33 17 0.255025 0 0.301821 -1.02361 4.96955 -0.0524744 0.052777 0.0667908 
qwerty 25 17 0.128678 0.527611 0.262887 -0.408349 2.59671 0.0919624 -0.0163683 0.035707 
qwerty 25 17 0.14188 0.385731 0.310421 -0.425983 2.65911 0.0378673 -0.0803117 0.0460012 
qwerty 25 17 0.385731 0 0.337548 -0.483517 2.69206 0.0143668 -0.0834448 -0.053203 
qwerty 22 17 0.301659 0.979343 0.159878 -0.416161 2.06976 0.0365828 -0.0930302 -0.0026593 
qwerty 22 17 0.296336 0.683008 0.281969 -0.536348 2.11274 0.0107316 -0.0541766 0.083365 
qwerty 22 17 0.405194 0.277814 0.300352 -0.650648 2.1959 -0.0436732 -0.0822302 0.0364808 
qwerty 22 17 0.277814 0 0.281404 -0.686323 2.21172 -0.0436732 -0.0822302 0.0364808 
qwerty 18 17 1.19723 3.26065 0.439397 -0.499012 1.5597 0.0618169 -0.0447101 0.0646505 
qwerty 18 17 0.127248 3.13341 0.477933 -0.526884 1.6 0.0667062 -0.0399292 0.0628962 
qwerty 18 17 0.846695 2.11452 0.845617 -0.598449 1.33446 0.0461769 0.00728054 -0.0884007 
qwerty 18 17 0.591554 1.52297 0.968089 -0.579139 1.1 0.0289811 -0.0276843 -0.091617 
qwerty 18 17 0.128994 0.943535 0.948807 -0.577276 1.1876 -0.0655606 0.0049487 0.0753479 
qwerty 18 17 0.164163 0.779373 0.907405 -0.546538 1.28232 -0.0488285 0.0392813 0.0779279 
qwerty 18 17 0.187975 0.591398 0.823894 -0.47553 1.33007 -0.0972531 -0.00689539 0.0222325 
qwerty 18 17 0.32666 0.264738 0.729845 -0.483597 1.42168 -0.0783004 -0.047232 0.0404746 
qwerty 18 17 0.264738 0 0.698348 -0.502596 1.43796 -0.0783004 -0.047232 0.0404746 
qwerty 16 2 0.696599 23.8788 0.0824391 -0.266219 1.4314 -0.00994276 -0.0200367 0.0974663 
qwerty 16 2 0.286506 23.5923 0.0652401 -0.300879 1.6 -0.0116734 -0.0210528 0.0970593 
qwerty 16 2 1.5377 12.046 0.52121 -0.910392 2.275 0.0530973 -0.0649649 0.0544081 
qwerty 61 16 0 1.54425 0.791482 -0.811546 1.775 0.0223718 0.0279175 -0.0933816 
qwerty 61 16 0 1.54425 0.953195 -0.609747 1.1 0.0223718 0.0279175 -0.0933816 
qwerty 61 16 0 0.251817 1.05506 -0.482633 0.674817 -0.0785683 -0.0449243 0.0425304 
qwerty 61 16 0 0.251817 0.592884 -0.746898 0.925 -0.0785683 -0.0449243 0.0425304 
qwerty 67 61 0.448496 0.843938 1.11436 -0.404951 0.561204 0.0227694 0.0209911 -0.0950838 
qwerty 67 61 0.283795 0.560143 1.14441 -0.395907 0.439328 0.064808 -0.0421162 -0.0634519 
qwerty 67 61 0.0335469 0.526596 1.15905 -0.405418 0.425 0.0776294 -0.0134639 -0.0615825 
qwerty 67 61 0 0.499551 1.16078 -0.405668 0.425 -0.0562469 0.0811358 -0.0159144 
qwerty 67 61 0.0234955 0.463383 1.16663 -0.405772 0.437691 0.0340314 -0.0448456 0.0826483 
qwerty 67 61 0.0216332 0.44175 1.17134 -0.409179 0.449246 0.0292477 -0.0467157 0.0834399 
qwerty 67 61 0.0269494 0.4148 1.17542 -0.414568 0.463908 0.0471474 -0.0174783 0.0864386 
qwerty 67 61 0.0457244 0.369076 1.18848 -0.421748 0.483609 0.0415353 -0.0739966 0.0529086 
qwerty 67 61 0.0596217 0.309454 1.19591 -0.443363 0.502168 -0.0358102 -0.00504774 0.0932317 
qwerty 67 61 0.0948466 0.214608 1.17809 -0.439159 0.528821 -0.0531503 0.00664018 0.084445 
qwerty 67 61 0.214608 0 1.16278 -0.437246 0.553148 -0.0531503 0.00664018 0.084445 
qwerty 59 16 0 4.91365 2.89436 -3.75 2.67889 0.0637105 -0.0765264 0.00920194 
qwerty 59 16 0 4.91365 4.77142 -6.00465 2.95 0.0637105 -0.0765264 0.00920194 
qwerty 59 16 0 4.91365 6.25 -7.78066 3.16356 0.0637105 -0.0765264 0.00920194 
qwerty 59 16 0 4.91365 8.75 -10.7836 3.52464 0.0637105 -0.0765264 0.00920194 
qwerty 59 16 0 4.91365 9.44485 -11.6182 3.625 0.0637105 -0.0765264 0.00920194 
qwerty 72 70 0 0.108354 10.4064 -12.18 3.125 0.0667609 -0.0133734 -0.0732402 
qwerty 71 70 0 0.394513 9.58925 -11.822 3.125 -0.046706 0.0415065 -0.0780753 
qwerty 58 16 0 0.471821 0.433658 -0.654703 2.275 0.0488723 -0.0415896 0.0766929 
qwerty 58 16 0 0.471821 0.863799 -1.02075 2.95 0.0488723 -0.0415896 0.0766929 
qwerty 58 16 0 0.471821 1.25 -1.3494 3.55605 0.0488723 -0.0415896 0.0766929 
qwerty 58 16 0 0.471821 1.29394 -1.38679 3.625 0.0488723 -0.0415896 0.0766929 
qwerty 58 16 0 0.471821 1.72408 -1.75283 4.3 0.0488723 -0.0415896 0.0766929 
qwerty 57 16 0 7.11347 0.100291 -0.518096 2.275 0.0052669 -0.0302901 0.0951565 
qwerty 57 16 0 7.11347 0.137653 -0.732961 2.95 0.0052669 -0.0302901 0.0951565 
qwerty 57 16 0 7.11347 0.175014 -0.947826 3.625 0.0052669 -0.0302901 0.0951565 
qwerty 57 16 0 7.11347 0.212375 -1.16269 4.3 0.0052669 -0.0302901 0.0951565 
qwerty 57 16 0 7.11347 0.249736 -1.37756 4.975 0.0052669 -0.0302901 0.0951565 
qwerty 57 16 0 7.11347 0.287097 -1.59242 5.65 0.0052669 -0.0302901 0.0951565 
qwerty 57 16 0 7.11347 0.324458 -1.80729 6.325 0.0052669 -0.0302901 0.0951565 
qwerty 57 16 0 7.11347 0.36182 -2.02215 7 0.0052669 -0.0302901 0.0951565 
qwerty 57 16 0 7.11347 0.399181 -2.23702 7.675 0.0052669 -0.0302901 0.0951565 
qwerty 57 16 0 7.11347 0.436542 -2.45188 8.35 0.0052669 -0.0302901 0.0951565 
qwerty 57 16 0 7.11347 0.473903 -2.66675 9.025 0.0052669 -0.0302901 0.0951565 
qwerty 57 16 0 7.11347 0.511264 -2.88161 9.7 0.0052669 -0.0302901 0.0951565 
qwerty 57 16 0 0.298309 1.0263 -3.19333 9.43416 0.00429993 -0.0412711 -0.0909847 
qwerty 57 16 0 0.298309 1.03736 -3.29954 9.2 0.00429993 -0.0412711 -0.0909847 
qwerty 78 57 0.0741774 0 1.03083 -3.19395 9.43564 0.0943003 -0.0128812 0.0306844 
qwerty 77 57 1.008 2.44351 0.751993 -3.15094 10.1856 0.0815167 -0.021622 0.0537356 
qwerty 77 57 0.339854 1.7604 0.88975 -3.21574 10.3189 0.064604 0.011308 0.0754881 
qwerty 77 57 0.112252 1.64815 0.937797 -3.20733 10.375 0.06278 0.00564872 0.0776322 
qwerty 81 77 0.0646879 0.278574 0.891582 -3.23156 10.3459 -0.0118031 -0.0210878 0.097036 
qwerty 81 77 0.0337776 0.244797 0.886742 -3.23309 10.3607 0.0320931 -0.0416646 0.0850535 
qwerty 81 77 0.0182952 0.226502 0.889311 -3.23925 10.3673 0.0206404 -0.0607039 0.0767399 
qwerty 81 77 0.0136011 0.2129 0.890978 -3.24365 10.3712 0.083328 -0.0404873 0.0376459 
qwerty 81 77 0.0164135 0.196487 0.896943 -3.2461 10.3723 0.067632 -0.07353 -0.00438753 
qwerty 81 77 0.0344813 0.162006 0.90017 -3.2513 10.3711 0.0564647 -0.0413086 -0.0714517 
qwerty 81 77 0.0126252 0.149381 0.901694 -3.25356 10.3659 0.0339944 0.0164121 -0.0926014 
qwerty 81 77 0.0251638 0.124217 0.904856 -3.25502 10.36 0.0208735 -0.0276204 -0.0938158 
qwerty 81 77 0.0342205 0.0899963 0.909825 -3.25706 10.3543 0.0318167 -0.0743498 0.0588201 
qwerty 81 77 0.0899963 0 0.911967 -3.26207 10.3583 0.0318167 -0.0743498 0.0588201 
qwerty 55 16 0 0.0861157 0.0661036 -0.299866 1.6 -0.00945905 -0.0194833 0.0976265 
qwerty 85 54 0.953409 10.309 0.00824471 -0.266384 1.59592 -0.007842 -0.00995411 0.0991938 
qwerty 85 54 0.00403313 10.305 0.00792228 -0.266793 1.6 -0.00727786 -0.00971447 0.0992606 
qwerty 89 85 0 0.185245 -0.0812337 -0.0133359 1.1 -0.0261085 0.03349 -0.090536 
qwerty 88 85 0 6.51198 -0.346708 0.419823 2.275 -0.0371494 0.0684729 0.0627007 
qwerty 88 85 0 6.51198 -0.746637 1.15696 2.95 -0.0371494 0.0684729 0.0627007 
qwerty 88 85 0 6.51198 -1.14657 1.8941 3.625 -0.0371494 0.0684729 0.0627007 
qwerty 88 85 0 6.51198 -1.5465 2.63125 4.3 -0.0371494 0.0684729 0.0627007 
qwerty 88 85 0 6.51198 -1.94643 3.36839 4.975 -0.0371494 0.0684729 0.0627007 
qwerty 88 85 0 6.51198 -2.15347 3.75 5.32444 -0.0371494 0.0684729 0.0627007 
qwerty 88 85 0 6.51198 -2.34636 4.10553 5.65 -0.0371494 0.0684729 0.0627007 
qwerty 88 85 0 6.51198 -2.74629 4.84267 6.325 -0.0371494 0.0684729 0.0627007 
qwerty 88 85 0 6.51198 -3.14621 5.57981 7 -0.0371494 0.0684729 0.0627007 
qwerty 88 85 0 6.51198 -3.54614 6.31695 7.675 -0.0371494 0.0684729 0.0627007 
qwerty 88 85 0 6.51198 -3.94607 7.05409 8.35 -0.0371494 0.0684729 0.0627007 
qwerty 88 85 0 6.51198 -4.346 7.79123 9.025 -0.0371494 0.0684729 0.0627007 
qwerty 88 85 0 6.51198 -4.74593 8.52837 9.7 -0.0371494 0.0684729 0.0627007 
qwerty 88 85 0 6.51198 -5.14586 9.26551 10.375 -0.0371494 0.0684729 0.0627007 
qwerty 88 85 0 6.51198 -5.54579 10.0027 11.05 -0.0371494 0.0684729 0.0627007 
qwerty 88 85 0 6.51198 -5.94572 10.7398 11.725 -0.0371494 0.0684729 0.0627007 
qwerty 88 85 0 6.51198 -6.22253 11.25 12.1922 -0.0371494 0.0684729 0.0627007 
qwerty 88 85 0 6.51198 -6.34565 11.4769 12.4 -0.0371494 0.0684729 0.0627007 
qwerty 88 85 0 6.51198 -6.74558 12.2141 13.075 -0.0371494 0.0684729 0.0627007 
qwerty 92 88 0.951028 4.64751 -6.86562 12.5856 13.75 0.0159996 0.0283729 0.0945463 
qwerty 92 88 1.07209 3.22549 -6.62899 12.8975 13.2789 -0.0100565 0.0325481 -0.0940185 
qwerty 92 88 0.0373849 3.18811 -6.63208 12.9075 13.25 -0.00548525 0.0222058 -0.0973489 
qwerty 92 88 0.92854 1.32083 -6.71444 12.7443 13.5754 -0.0306821 -0.0553288 0.0774424 
qwerty 92 88 0.413374 0.907454 -6.78363 12.6195 13.75 -0.0323488 -0.0946143 0.00129686 
qwerty 92 88 0.127604 0.751422 -6.84786 12.6226 13.733 -0.0639602 -0.00487977 -0.0767156 
qwerty 92 88 0.289345 0.462078 -6.89326 12.6337 13.6975 -0.0573403 -0.034327 -0.0743892 
qwerty 92 88 0.206903 0.255175 -6.92402 12.5836 13.6666 -0.0806052 -0.058074 -0.0114113 
qwerty 92 88 0.255175 0 -6.95462 12.5615 13.6622 -0.0806052 -0.058074 -0.0114113 
qwerty 93 92 0 0.450759 -6.32626 12.6842 12.575 0.0397585 -0.0292073 -0.0869838 
qwerty 87 85 0 0.0044112 0.00788599 -0.26675 1.6 -0.00872682 -0.00890446 0.0992197 
qwerty 53 16 0 8.46005 0.0808357 -0.285296 1.6 -0.00771308 -0.0192202 0.097832 
qwerty 53 16 0 8.46005 0.0276186 -0.417908 2.275 -0.00771308 -0.0192202 0.097832 
qwerty 53 16 0 8.46005 -0.0255984 -0.550519 2.95 -0.00771308 -0.0192202 0.097832 
qwerty 53 16 0 8.46005 -0.0788155 -0.683131 3.625 -0.00771308 -0.0192202 0.097832 
qwerty 98 53 0.213341 0.942425 0.0558231 -0.647461 3.84838 0.0892177 0.0393006 0.0222634 
qwerty 98 53 0.217688 0.724737 0.128252 -0.569878 3.88156 0.0631613 0.075284 -0.0185192 
qwerty 98 53 0.228653 0.496085 0.248307 -0.517838 3.86877 0.0470793 6.76861e-05 0.0882244 
qwerty 98 53 0.224648 0.271437 0.243286 -0.479759 3.96397 -0.0108837 -0.00123403 0.0993983 
qwerty 98 53 0.271437 0 0.238733 -0.480276 4.00555 -0.0108837 -0.00123403 0.0993983 
qwerty 100 98 0 0.783603 -0.0688128 -0.864089 4.3 0.00237992 -0.0264057 0.0964213 
qwerty 100 98 0 0.783603 -0.0521521 -1.04894 4.975 0.00237992 -0.0264057 0.0964213 
qwerty 100 98 0 0.783603 -0.0354914 -1.2338 5.65 0.00237992 -0.0264057 0.0964213 
qwerty 100 98 0 0.783603 -0.0188307 -1.41865 6.325 0.00237992 -0.0264057 0.0964213 
qwerty 100 98 0 0.783603 -0.00216996 -1.6035 7 0.00237992 -0.0264057 0.0964213 
qwerty 100 98 0 0.783603 0.0144907 -1.78836 7.675 0.00237992 -0.0264057 0.0964213 
qwerty 100 98 0 0.783603 0.0311514 -1.97321 8.35 0.00237992 -0.0264057 0.0964213 
qwerty 100 98 0 0.783603 0.0478121 -2.15807 9.025 0.00237992 -0.0264057 0.0964213 
qwerty 100 98 0 0.783603 0.0644728 -2.34292 9.7 0.00237992 -0.0264057 0.0964213 
qwerty 100 98 0 0.783603 0.0811335 -2.52777 10.375 0.00237992 -0.0264057 0.0964213 
qwerty 100 98 0 0.783603 0.0977942 -2.71263 11.05 0.00237992 -0.0264057 0.0964213 
qwerty 100 98 0 0.783603 0.114455 -2.89748 11.725 0.00237992 -0.0264057 0.0964213 
qwerty 100 98 0 0.783603 0.131116 -3.08234 12.4 0.00237992 -0.0264057 0.0964213 
qwerty 101 100 0.0301908 0.45993 0.148583 -3.11839 12.5792 0.0646168 0.070444 0.029365 
qwerty 101 100 0.016905 0.443025 0.158607 -3.11163 12.5828 0.0564486 0.078776 0.0246556 
qwerty 101 100 0.0268092 0.416216 0.167121 -3.10153 12.5885 0.0800932 0.0456507 0.038744 
qwerty 101 100 0.0281323 0.388084 0.179006 -3.09545 12.5927 0.0857311 0.0497181 -0.0133525 
qwerty 101 100 0.0623233 0.32576 0.189154 -3.08489 12.5917 0.0849808 0.0527093 3.50179e-05 
qwerty 101 100 0.0386438 0.287117 0.202198 -3.07542 12.5918 0.0804485 0.0550232 0.0223715 
qwerty 101 100 0.067611 0.219506 0.216261 -3.0714 12.5956 0.0817017 0.0563992 0.0119985 
qwerty 101 100 0.0635578 0.155948 0.225127 -3.06085 12.593 0.064983 0.0749069 0.0128902 
qwerty 101 100 0.116535 0.0394131 0.234424 -3.05205 12.59 0.0337436 0.0939196 0.00636186 
qwerty 101 100 0.0394131 0 0.234956 -3.05057 12.5901 0.0337436 0.0939196 0.00636186 
qwerty 52 18 0 4.63524 0.334955 -0.436382 1.6 0.0290767 -0.0427624 0.0855916 
qwerty 52 18 0 4.63524 0.564262 -0.773619 2.275 0.0290767 -0.0427624 0.0855916 
qwerty 52 18 0 4.63524 0.79357 -1.11086 2.95 0.0290767 -0.0427624 0.0855916 
qwerty 52 18 0 4.63524 1.02288 -1.44809 3.625 0.0290767 -0.0427624 0.0855916 
qwerty 52 18 0 4.63524 1.25219 -1.78533 4.3 0.0290767 -0.0427624 0.0855916 
qwerty 52 18 0 4.63524 1.48149 -2.12257 4.975 0.0290767 -0.0427624 0.0855916 
qwerty 51 33 0.00029101 0 0.207581 -0.863104 4.68014 0.0203882 -0.0974947 0.00889388 
qwerty 104 51 0.00273167 0 0.207595 -0.863101 4.68014 0.0972482 0.0172613 0.0156469 
qwerty 50 5 0 0.510999 -8.74679 11.25 4.01729 -0.00939798 -0.00728769 0.0992903 
qwerty 50 5 0 0.510999 -8.77355 11.2292 4.3 -0.00939798 -0.00728769 0.0992903 
qwerty 49 5 0 0.510999 -8.72623 11.2659 3.8 0.00939798 0.00728769 -0.0992903 
qwerty 49 5 0 0.510999 -8.66234 11.3155 3.125 0.00939798 0.00728769 -0.0992903 
qwerty 49 5 0 0.510999 -8.59845 11.365 2.45 0.00939798 0.00728769 -0.0992903 
qwerty 49 5 0 0.510999 -8.53456 11.4146 1.775 0.00939798 0.00728769 -0.0992903 
qwerty 49 5 0 0.510999 -8.47067 11.4641 1.1 0.00939798 0.00728769 -0.0992903 
qwerty 49 5 0 0.510999 -8.40678 11.5137 0.425 0.00939798 0.00728769 -0.0992903 
qwerty 49 5 0 0.510999 -8.34289 11.5632 -0.25 0.00939798 0.00728769 -0.0992903 
qwerty 47 5 0 13.4722 -8.32892 10.6066 3.125 0.0477409 -0.0568062 -0.0670363 
qwerty 107 47 0.754719 2.22328 -8.45724 10.4842 3.56248 -0.0443779 -0.00695009 0.0893437 
qwerty 107 47 0.0895888 2.13369 -8.4883 10.4794 3.625 -0.0734383 -0.0174682 0.0655872 
qwerty 46 5 0 0.170348 -8.86821 11.25 3.83568 -0.0572673 0.0718957 0.0393886 
qwerty 46 5 0 0.170348 -9.54329 12.0975 4.3 -0.0572673 0.0718957 0.0393886 
qwerty 45 15 0 0.510999 -9.90814 13.75 3.94191 0.0405362 -0.0871018 -0.0277504 
qwerty 45 15 0 0.510999 -9.70085 13.3046 3.8 0.0405362 -0.0871018 -0.0277504 
qwerty 45 15 0 0.34426 -8.74027 12.3115 4.3 0.0664553 -0.0473678 0.0577926 
qwerty 45 15 0 0.34426 -7.96409 11.7583 4.975 0.0664553 -0.0473678 0.0577926 
qwerty 41 17 0 0.384173 0.182416 -1.03137 4.475 -0.0205425 -0.0215821 -0.095458 
qwerty 40 17 0 0.510999 0.184767 0.0400249 5.65 -0.0107549 0.0837657 0.0535503 
qwerty 38 17 0 1.94631 1.01729 -1.45417 4.475 0.0638962 -0.0655116 -0.0403175 
qwerty 38 17 0 1.94631 2.08705 -2.55097 3.8 0.0638962 -0.0655116 -0.0403175 
qwerty 38 17 0 1.94631 3.1568 -3.64778 3.125 0.0638962 -0.0655116 -0.0403175 
qwerty 38 17 0 0.810219 3.74584 -3.66525 2.45 0.0617741 0.0116624 -0.0777685 
qwerty 38 17 0 0.810219 4.28202 -3.56403 1.775 0.0617741 0.0116624 -0.0777685 
qwerty 38 17 0 0.761803 4.91858 -3.69755 1.1 0.0680505 -0.0152644 -0.0716668 
qwerty 38 17 0 0.761803 5.55952 -3.84132 0.425 0.0680505 -0.0152644 -0.0716668 
qwerty 38 17 0 0.761803 6.20045 -3.98509 -0.25 0.0680505 -0.0152644 -0.0716668 
qwerty 37 17 0 0.522181 0.268485 0.166706 5.65 0.0208276 0.0778354 0.0592272 
qwerty 37 17 0 0.522181 0.505853 1.05378 6.325 0.0208276 0.0778354 0.0592272 
qwerty 35 17 0 3.60382 0.659795 8.24455e-05 5.65 0.0604155 0.0562102 0.0564835 
qwerty 35 17 0 3.60382 1.25 0.549205 6.20179 0.0604155 0.0562102 0.0564835 
qwerty 35 17 0 3.60382 1.38178 0.671816 6.325 0.0604155 0.0562102 0.0564835 
qwerty 35 17 0 3.60382 2.00322 1.25 6.906 0.0604155 0.0562102 0.0564835 
qwerty 35 17 0 3.60382 2.10377 1.34355 7 0.0604155 0.0562102 0.0564835 
qwerty 35 17 0 3.60382 2.82576 2.01528 7.675 0.0604155 0.0562102 0.0564835 
qwerty 34 17 0 10.3113 0.15937 -0.486356 4.975 0.0242453 0.00619426 0.0968184 
qwerty 34 17 0 10.3113 0.328403 -0.443171 5.65 0.0242453 0.00619426 0.0968184 
qwerty 34 17 0 10.3113 0.497437 -0.399986 6.325 0.0242453 0.00619426 0.0968184 
qwerty 34 17 0 10.3113 0.66647 -0.356801 7 0.0242453 0.00619426 0.0968184 
qwerty 34 17 0 10.3113 0.835504 -0.313615 7.675 0.0242453 0.00619426 0.0968184 
qwerty 34 17 0 10.3113 1.00454 -0.27043 8.35 0.0242453 0.00619426 0.0968184 
qwerty 34 17 0 10.3113 1.17357 -0.227245 9.025 0.0242453 0.00619426 0.0968184 
qwerty 34 17 0 10.3113 1.3426 -0.18406 9.7 0.0242453 0.00619426 0.0968184 
qwerty 34 17 0 10.3113 1.51164 -0.140874 10.375 0.0242453 0.00619426 0.0968184 
qwerty 34 17 0 10.3113 1.68067 -0.0976892 11.05 0.0242453 0.00619426 0.0968184 
qwerty 34 17 0 10.3113 1.84971 -0.054504 11.725 0.0242453 0.00619426 0.0968184 
qwerty 34 17 0 10.3113 2.01874 -0.0113188 12.4 0.0242453 0.00619426 0.0968184 
qwerty 34 17 0 10.3113 2.18777 0.0318665 13.075 0.0242453 0.00619426 0.0968184 
qwerty 34 17 0 10.3113 2.35681 0.0750517 13.75 0.0242453 0.00619426 0.0968184 
qwerty 130 34 0.99586 3.41016 2.89941 0.20306 14.3198 0.0787314 0.0188945 0.0586887 
qwerty 130 34 0.102555 2.83691 2.95793 0.226352 14.3653 0.0802693 0.0268371 0.0532598 
qwerty 130 34 0.155013 2.6819 3.04798 0.256458 14.425 0.0803857 0.0160235 0.0572834 
qwerty 130 34 0.0502426 1.92775 3.07328 0.303161 14.408 0.00222854 0.0843067 -0.0537347 
qwerty 130 34 0.543843 1.38391 3.1167 0.538259 14.1937 0.0278053 0.0560444 -0.0780122 
qwerty 130 34 0.42163 0.962279 3.23321 0.714486 14.0483 0.0999971 -0.000505595 0.000570564 
qwerty 130 34 0.39983 0.562449 3.41942 0.747034 13.9392 0.000340423 0.0985848 -0.016761 
qwerty 130 34 0.166032 0.396417 3.41971 0.830563 13.925 0.0204481 0.0529423 0.0823346 
qwerty 130 34 0.0145093 0.381908 3.42094 0.833441 13.9317 0.00617434 0.0441354 0.0895206 
qwerty 130 34 0.0215539 0.360354 3.41971 0.838419 13.9403 -0.00534266 0.0515653 0.085513 
qwerty 130 34 0.0400333 0.32032 3.41845 0.843245 13.947 -0.0365788 0.0460777 0.0808631 
qwerty 130 34 0.0218963 0.298424 3.41128 0.849664 13.9564 -0.0728764 0.0392509 0.0561106 
qwerty 130 34 0.0473493 0.251075 3.39703 0.856021 13.9666 -0.0583932 0.0438623 0.0683105 
qwerty 130 34 0.0775157 0.173559 3.38041 0.861643 13.9822 0.0135886 0.0274503 0.0951936 
qwerty 130 34 0.173559 0 3.38318 0.867241 14.0016 0.0135886 0.0274503 0.0951936 
qwerty 132 130 0.0607287 0.409962 2.96023 0.229039 14.4012 0.00426862 0.0686704 0.0725682 
qwerty 132 130 0.0282565 0.381705 2.95874 0.236503 14.4137 0.0316898 0.0236942 0.0918387 
qwerty 132 130 0.116884 0.264822 2.96263 0.239409 14.425 0.0104672 -0.00566632 0.0992891 
qwerty 134 130 0.00029101 0 3.07289 0.315098 14.4078 -0.00327107 0.0999273 -0.00195903 
qwerty 135 134 0.00294955 0 3.07289 0.315104 14.4078 0.0205123 0.0343139 0.0916613 
qwerty 133 130 0 0.215019 3.75 0.307114 14.1371 0.0914432 0.00663094 -0.039927 
qwerty 133 130 0 0.215019 4.23584 0.342344 13.925 0.0914432 0.00663094 -0.039927 
qwerty 32 17 0 71.1818 0.0273934 -0.538719 4.975 -0.00752205 -0.00684802 0.0994813 
qwerty 32 17 0 71.1818 -0.0236452 -0.585185 5.65 -0.00752205 -0.00684802 0.0994813 
qwerty 32 17 0 71.1818 -0.0746838 -0.63165 6.325 -0.00752205 -0.00684802 0.0994813 
qwerty 31 17 0 0.231739 0.0771531 -0.499388 4.3 -0.0133162 -0.0112285 0.0984713 
qwerty 30 17 0 0.629118 0.0754019 -0.470068 4.3 -0.0137053 -0.00656867 0.0988383 
qwerty 30 17 0 0.460194 0.0880629 -1.20362 4.975 0.00168365 -0.074872 0.0662672 
qwerty 28 17 0 41.0049 0.161521 -0.413597 3.625 -0.00855957 -0.00235648 0.0996051 
qwerty 28 17 0 41.0049 0.103515 -0.429567 4.3 -0.00855957 -0.00235648 0.0996051 
qwerty 28 17 0 41.0049 0.0455084 -0.445536 4.975 -0.00855957 -0.00235648 0.0996051 
qwerty 28 17 0 41.0049 -0.0124978 -0.461505 5.65 -0.00855957 -0.00235648 0.0996051 
qwerty 28 17 0 41.0049 -0.0705039 -0.477475 6.325 -0.00855957 -0.00235648 0.0996051 
qwerty 28 17 0 41.0049 -0.12851 -0.493444 7 -0.00855957 -0.00235648 0.0996051 
qwerty 28 17 0 41.0049 -0.186516 -0.509413 7.675 -0.00855957 -0.00235648 0.0996051 
qwerty 28 17 0 41.0049 -0.244522 -0.525382 8.35 -0.00855957 -0.00235648 0.0996051 
qwerty 28 17 0 41.0049 -0.302529 -0.541352 9.025 -0.00855957 -0.00235648 0.0996051 
qwerty 28 17 0 41.0049 -0.360535 -0.557321 9.7 -0.00855957 -0.00235648 0.0996051 
qwerty 28 17 0 41.0049 -0.418541 -0.57329 10.375 -0.00855957 -0.00235648 0.0996051 
qwerty 27 17 0 3.32414 0.188462 -0.422347 3.625 -0.00391542 -0.00410001 0.0998392 
qwerty 27 17 0 3.32414 0.161991 -0.450067 4.3 -0.00391542 -0.00410001 0.0998392 
qwerty 27 17 0 3.32414 0.135519 -0.477786 4.975 -0.00391542 -0.00410001 0.0998392 
qwerty 27 17 0 3.32414 0.109047 -0.505506 5.65 -0.00391542 -0.00410001 0.0998392 
qwerty 27 17 0 3.32414 0.0825756 -0.533226 6.325 -0.00391542 -0.00410001 0.0998392 
qwerty 27 17 0 3.32414 0.0561039 -0.560945 7 -0.00391542 -0.00410001 0.0998392 
qwerty 27 17 0 3.32414 0.0296323 -0.588665 7.675 -0.00391542 -0.00410001 0.0998392 
qwerty 27 17 0 3.32414 0.00316062 -0.616384 8.35 -0.00391542 -0.00410001 0.0998392 
qwerty 27 17 0 3.32414 -0.023311 -0.644104 9.025 -0.00391542 -0.00410001 0.0998392 
qwerty 27 17 0 3.32414 -0.0497827 -0.671824 9.7 -0.00391542 -0.00410001 0.0998392 
qwerty 27 17 0 3.32414 -0.0762543 -0.699543 10.375 -0.00391542 -0.00410001 0.0998392 
qwerty 27 17 0 3.32414 -0.102726 -0.727263 11.05 -0.00391542 -0.00410001 0.0998392 
qwerty 27 17 0 3.32414 -0.129198 -0.754983 11.725 -0.00391542 -0.00410001 0.0998392 
qwerty 27 17 0 3.32414 -0.155669 -0.782702 12.4 -0.00391542 -0.00410001 0.0998392 
qwerty 27 17 0 3.32414 -0.182141 -0.810422 13.075 -0.00391542 -0.00410001 0.0998392 
qwerty 27 17 0 3.32414 -0.208613 -0.838142 13.75 -0.00391542 -0.00410001 0.0998392 
qwerty 27 17 0 3.32414 -0.235084 -0.865861 14.425 -0.00391542 -0.00410001 0.0998392 
qwerty 27 17 0 3.32414 -0.261556 -0.893581 15.1 -0.00391542 -0.00410001 0.0998392 
qwerty 27 17 0 3.32414 -0.288028 -0.921301 15.775 -0.00391542 -0.00410001 0.0998392 
qwerty 27 17 0 1.40661 -0.547439 -0.616565 16.45 -0.038273 0.0469 0.0795962 
qwerty 27 17 0 1.40661 -0.872006 -0.218839 17.125 -0.038273 0.0469 0.0795962 
qwerty 27 17 0 0.640058 -1.02962 -0.0256951 17.4528 -0.0703549 -0.0384214 0.0597828 
qwerty 27 17 0 0.640058 -1.43823 -0.248839 17.8 -0.0703549 -0.0384214 0.0597828 
qwerty 27 17 0 0.640058 -2.2326 -0.682651 18.475 -0.0703549 -0.0384214 0.0597828 
qwerty 26 17 0 2.38072 0.210021 -0.421183 3.625 -0.000337331 -0.00391324 0.0999228 
qwerty 26 17 0 2.38072 0.207742 -0.447618 4.3 -0.000337331 -0.00391324 0.0999228 
qwerty 26 17 0 2.38072 0.205464 -0.474052 4.975 -0.000337331 -0.00391324 0.0999228 
qwerty 26 17 0 2.38072 0.203185 -0.500487 5.65 -0.000337331 -0.00391324 0.0999228 
qwerty 24 17 0 0.0300266 0.210487 -0.395617 2.95 0.00132894 -0.00856796 0.0996234 
qwerty 21 17 0 0.38313 0.240266 -0.35523 2.275 0.00924549 -0.0142662 0.0985444 
qwerty 21 17 0 0.38313 0.303595 -0.452949 2.95 0.00924549 -0.0142662 0.0985444 
qwerty 21 17 0 0.38313 0.366924 -0.550669 3.625 0.00924549 -0.0142662 0.0985444 
qwerty 21 17 0 0.38313 0.430252 -0.648388 4.3 0.00924549 -0.0142662 0.0985444 
qwerty 21 17 0 0.38313 0.493581 -0.746108 4.975 0.00924549 -0.0142662 0.0985444 
qwerty 20 17 0 0.662819 0.176947 -0.254851 1.6 0.00771095 -0.0150695 0.0985568 
qwerty 20 17 0 0.662819 0.229758 -0.35806 2.275 0.00771095 -0.0150695 0.0985568 
qwerty 20 17 0 0.662819 0.435475 -0.464575 2.95 0.0296198 -0.014906 0.0943423 
qwerty 20 17 0 0.662819 0.647398 -0.571225 3.625 0.0296198 -0.014906 0.0943423 
qwerty 20 17 0 0.662819 0.859322 -0.677875 4.3 0.0296198 -0.014906 0.0943423 
qwerty 20 17 0 0.662819 1.07124 -0.784524 4.975 0.0296198 -0.014906 0.0943423 
qwerty 20 17 0 0.662819 1.28317 -0.891174 5.65 0.0296198 -0.014906 0.0943423 
qwerty 20 17 0 0.662819 1.49509 -0.997824 6.325 0.0296198 -0.014906 0.0943423 
qwerty 20 17 0 0.662819 1.70702 -1.10447 7 0.0296198 -0.014906 0.0943423 
qwerty 20 17 0 0.662819 1.91894 -1.21112 7.675 0.0296198 -0.014906 0.0943423 
qwerty 20 17 0 0.662819 1.99619 -1.25 7.92106 0.0296198 -0.014906 0.0943423 
qwerty 20 17 0 0.381684 2.06055 -1.28239 8.12606 -0.0732998 -0.0081108 0.0675378 
qwerty 20 17 0 0.381684 1.8175 -1.30928 8.35 -0.0732998 -0.0081108 0.0675378 
qwerty 20 17 0 0.381684 1.25 -1.37208 8.87289 -0.0732998 -0.0081108 0.0675378 
qwerty 20 17 0 0.381684 1.08492 -1.39035 9.025 -0.0732998 -0.0081108 0.0675378 
qwerty 20 17 0 0.381684 0.35233 -1.47141 9.7 -0.0732998 -0.0081108 0.0675378 
qwerty 20 17 0 0.381684 -0.380257 -1.55247 10.375 -0.0732998 -0.0081108 0.0675378 
qwerty 20 17 0 0.381684 -1.11284 -1.63353 11.05 -0.0732998 -0.0081108 0.0675378 
qwerty 20 17 0 0.381684 -1.84543 -1.7146 11.725 -0.0732998 -0.0081108 0.0675378 
qwerty 20 17 0 0.381684 -2.57802 -1.79566 12.4 -0.0732998 -0.0081108 0.0675378 
qwerty 19 17 0 1.39431 0.173969 -0.249962 1.6 0.00717596 -0.0141957 0.0987268 
qwerty 19 17 0 1.39431 0.223031 -0.347019 2.275 0.00717596 -0.0141957 0.0987268 
qwerty 19 17 0 1.39431 0.272094 -0.444076 2.95 0.00717596 -0.0141957 0.0987268 
qwerty 19 17 0 1.39431 0.321156 -0.541133 3.625 0.00717596 -0.0141957 0.0987268 
qwerty 19 17 0 1.39431 0.370218 -0.63819 4.3 0.00717596 -0.0141957 0.0987268 
qwerty 19 17 0 0.907399 0.505224 -1.16356 4.975 0.0169578 -0.069179 0.0701904 
qwerty 19 17 0 0.907399 0.668302 -1.82884 5.65 0.0169578 -0.069179 0.0701904 
qwerty 148 28 0.741691 23.2075 -0.407627 -0.583114 11.05 0.00179837 -0.00709784 0.0997316 
qwerty 148 28 0.0206648 20.8333 -0.402906 -0.595016 11.2407 0.0108296 0.00343686 0.0993524 
qwerty 148 28 0.987163 19.8462 -0.35012 -0.578264 11.725 0.00603195 -0.00197164 0.0997984 
qwerty 148 28 1.40353 13.2809 -0.294825 0.0549844 12.4 0.0033918 0.0802256 0.0596016 
qwerty 148 28 0.816129 7.49296 -0.211602 0.358983 13.075 0.047743 0.0249835 0.0842403 
qwerty 139 32 0.834079 66.7461 -0.127395 -0.722885 7 -0.00753828 -0.013345 0.0988184 
qwerty 139 32 0.838621 28.8125 -0.267689 -0.760749 7.675 -0.0241569 0.00034934 0.0970377 
qwerty 139 32 0.952425 3.75817 -0.229072 -0.176397 8.17668 0.0262402 0.0770448 0.0580994 
qwerty 139 32 0.475343 3.28282 -0.150794 0.0534377 8.35 0.0246393 0.0667315 0.0702838 
qwerty 139 32 0 0.317197 -0.0813077 0.132861 8.35 -0.0891041 -0.0377145 0.0252601 
qwerty 139 32 0.00909889 0.300494 -0.084238 0.132973 8.34431 -0.0412103 -0.0300151 -0.0860279 
qwerty 139 32 0.017599 0.282895 -0.0869039 0.132224 8.33879 -0.0653541 -0.00694833 -0.0753695 
qwerty 139 32 0.0184479 0.264447 -0.0924792 0.132624 8.3337 -0.0742762 -0.0289054 -0.0603948 
qwerty 139 32 0.0202647 0.244183 -0.1003 0.132748 8.32789 -0.0360707 0.00830567 -0.0928974 
qwerty 139 32 0.0230111 0.221171 -0.102837 0.131388 8.31584 -0.0577585 -0.00545996 -0.0814503 
qwerty 139 32 0.0108779 0 -0.105755 0.131558 8.31128 -0.0472232 0.075999 -0.0446556 
qwerty 108 47 0.978734 2.39194 -8.33087 10.9679 3.33427 -0.0627025 0.0398801 0.0669177 
qwerty 108 47 0.599809 1.79213 -8.53779 11.1155 3.61269 -0.0699504 -0.00534271 0.0712628 
qwerty 108 47 0.0258818 1.76624 -8.54987 11.1146 3.625 -0.0690068 0.00685259 0.0720493 
qwerty 86 54 0.550277 11.1206 0.0933464 -0.237115 1.26587 -0.018977 -0.0189182 0.096343 
qwerty 86 54 0.453288 10.5857 0.0244902 -0.276238 1.53152 -0.0213612 -0.00958111 0.0972209 
qwerty 86 54 0.110477 10.4753 0.0094435 -0.282987 1.6 -0.0143081 -0.0128888 0.0981283 
qwerty 198 86 0.297209 0 0.0615955 -0.272073 1.27547 -0.0658853 -0.0725402 0.0199261 
qwerty 157 20 0.0644957 0.21664 2.07233 -1.28061 8.14182 0.0637676 0.0204147 0.0742761 
qwerty 157 20 0.0577848 0.158855 2.08249 -1.28525 8.15636 0.0857279 -0.0381611 0.0345609 
qwerty 157 20 0.158855 0 2.0976 -1.29198 8.16245 0.0857279 -0.0381611 0.0345609 
qwerty 152 26 0.590657 1.48196 0.0897947 -0.543058 6.15185 0.00900658 -0.0107366 0.0990132 
qwerty 152 26 0.270734 1.21122 0.105545 -0.561834 6.325 0.0134084 -0.00355666 0.0990331 
qwerty 150 27 0.134079 0.63247 -1.02466 0.0136098 17.5183 -0.0159436 0.0457041 0.0875039 
qwerty 150 27 0.196434 0.436036 -0.977868 0.0720173 17.6133 0.0264681 0.0813295 0.0518165 
qwerty 150 27 0.303097 0.13294 -0.955357 0.14119 17.6574 0.0826835 0.0561762 0.00277132 
qwerty 150 27 0.13294 0 -0.944533 0.148544 17.6578 0.0826835 0.0561762 0.00277132 
qwerty 149 27 0.424705 1.12466 -0.349358 -1.05415 16.1804 -0.0386477 -0.0582551 0.0715032 
qwerty 149 27 0.564066 0.560593 -0.487806 -1.19043 16.287 -0.000224821 -0.0876019 -0.0482271 
qwerty 149 27 0.148769 0.411824 -0.487959 -1.25 16.2543 -0.0318098 -0.0919214 -0.0232076 
qwerty 149 27 0.0172267 0.394597 -0.490441 -1.25957 16.2525 -2.28547e-05 -0.0963161 -0.0268927 
qwerty 149 27 0.0160923 0.378505 -0.492527 -1.26995 16.2508 -0.0415896 -0.0746266 -0.0519729 
qwerty 149 27 0.0176053 0.360899 -0.496023 -1.27644 16.2438 -0.0502985 -0.0680222 -0.0533202 
qwerty 149 27 0.151878 0.209022 -0.505341 -1.28757 16.2375 -0.0643477 -0.0729368 -0.0232295 
qwerty 149 27 0.0577116 0.15131 -0.51021 -1.31089 16.2397 -0.0854887 -0.0453846 -0.0251381 
qwerty 149 27 0.15131 0 -0.524106 -1.31826 16.2356 -0.0854887 -0.0453846 -0.0251381 
qwerty 147 28 1.85053 6.35951 -1.43327 -0.782827 10.9906 -0.0898354 -0.00176294 0.0438919 
qwerty 147 28 0.211181 6.14833 -1.55491 -0.785214 11.05 -0.0922327 0.00952379 0.0374491 
qwerty 205 86 0 0.510999 0.0216324 -1.17202 2.275 -0.00937409 -0.0849631 0.051898 
qwerty 205 86 0 0.510999 -0.10029 -2.27707 2.95 -0.00937409 -0.0849631 0.051898 
qwerty 205 86 0 0.510999 -0.222212 -3.38212 3.625 -0.00937409 -0.0849631 0.051898 
qwerty 205 86 0 0.405725 -0.418643 -3.7158 4.3 -0.0283627 -0.0280095 0.0917117 
qwerty 205 86 0 0.405725 -0.627393 -3.92195 4.975 -0.0283627 -0.0280095 0.0917117 
qwerty 205 86 0 0.405725 -0.836143 -4.1281 5.65 -0.0283627 -0.0280095 0.0917117 
qwerty 200 86 0 0.641248 -0.0481035 0.0427777 2.275 -0.00314974 0.0464904 0.0884801 
qwerty 200 86 0 0.641248 -0.0721323 0.397445 2.95 -0.00314974 0.0464904 0.0884801 
qwerty 200 86 0 0.641248 -0.0961612 0.752113 3.625 -0.00314974 0.0464904 0.0884801 
qwerty 200 86 0 0.641248 -0.12019 1.10678 4.3 -0.00314974 0.0464904 0.0884801 
qwerty 199 86 0 0.0816202 0.00688293 -0.291302 1.6 -0.0243545 -0.0208361 0.0947244 
qwerty 196 99 0 0.510999 0.645542 -0.251997 4.3 0.0721482 0.041723 0.0552615 
qwerty 195 99 0 0.915722 0.0306029 -0.674653 4.3 0.0180396 0.00267844 0.0983229 
qwerty 195 99 0 0.361557 -1.14519 -1.83297 4.975 -0.0688585 -0.0663947 0.029159 
qwerty 191 108 0 0.510999 -7.82985 11.2349 3.125 0.0804508 0.013984 -0.0577245 
qwerty 191 108 0 0.510999 -6.8891 11.3984 2.45 0.0804508 0.013984 -0.0577245 
qwerty 191 108 0 0.510999 -6.25 11.5095 1.99144 0.0804508 0.013984 -0.0577245 
qwerty 191 108 0 0.510999 -5.94835 11.562 1.775 0.0804508 0.013984 -0.0577245 
qwerty 191 108 0 0.510999 -5.0076 11.7255 1.1 0.0804508 0.013984 -0.0577245 
qwerty 190 108 0 0.510999 -9.46745 10.9503 4.3 -0.0804508 -0.013984 0.0577245 
qwerty 190 108 0 0.510999 -10.4082 10.7867 4.975 -0.0804508 -0.013984 0.0577245 
qwerty 188 108 0 0.702579 -7.31903 10.8441 2.45 0.0748287 0.0262519 -0.0609221 
qwerty 188 108 0 0.702579 -6.48995 11.135 1.775 0.0748287 0.0262519 -0.0609221 
qwerty 188 108 0 0.702579 -6.16217 11.25 1.50814 0.0748287 0.0262519 -0.0609221 
qwerty 188 108 0 0.702579 -5.66087 11.4259 1.1 0.0748287 0.0262519 -0.0609221 
qwerty 188 108 0 0.702579 -4.83179 11.7167 0.425 0.0748287 0.0262519 -0.0609221 
qwerty 188 108 0 0.702579 -4.00271 12.0076 -0.25 0.0748287 0.0262519 -0.0609221 
qwerty 187 129 0 0.510999 3.99113 3.30469 8.35 0.0625172 0.071199 0.0319735 
qwerty 187 129 0 0.510999 5.31094 4.80779 9.025 0.0625172 0.071199 0.0319735 
qwerty 185 131 0 0.510999 2.17435 -1.25 13.4312 -0.0194372 -0.0924207 -0.0328728 
qwerty 185 131 0 0.510999 2.06723 -1.75933 13.25 -0.0194372 -0.0924207 -0.0328728 
qwerty 184 131 0 0.510999 2.76199 1.54415 14.425 0.0194372 0.0924207 0.0328728 
qwerty 183 139 0 0.578262 -0.159928 0.145886 8.35 -0.0795333 0.0210349 0.0568506 
qwerty 183 139 0 0.578262 -1.10425 0.395638 9.025 -0.0795333 0.0210349 0.0568506 
qwerty 183 139 0 0.221878 -1.6803 0.547992 9.43676 0.0278052 0.0733576 -0.0620123 
qwerty 183 139 0 0.221878 -1.57414 0.828072 9.2 0.0278052 0.0733576 -0.0620123 
qwerty 242 183 0.31382 0.0425638 -1.72768 0.544256 9.47913 0.0863208 0.0410531 -0.029383 
qwerty 242 183 0.0425638 0 -1.72612 0.544998 9.4786 0.0863208 0.0410531 -0.029383 
qwerty 182 139 0 0.65403 0.07634 0.351587 7.85 0.0335636 0.0405554 -0.085022 
qwerty 182 139 0 0.65403 0.342805 0.673561 7.175 0.0335636 0.0405554 -0.085022 
qwerty 182 139 0 0.65403 0.609271 0.995535 6.5 0.0335636 0.0405554 -0.085022 
qwerty 182 139 0 0.65403 0.875736 1.31751 5.825 0.0335636 0.0405554 -0.085022 
qwerty 182 139 0 0.65403 1.1422 1.63948 5.15 0.0335636 0.0405554 -0.085022 
qwerty 182 139 0 0.65403 1.25 1.76974 4.87693 0.0335636 0.0405554 -0.085022 
qwerty 182 139 0 0.65403 1.40867 1.96146 4.475 0.0335636 0.0405554 -0.085022 
qwerty 181 139 0 4.06622 0.247523 -0.709676 8.35 0.0722054 0.00609361 0.0689148 
qwerty 247 180 1.04445 5.0744 0.00184596 -0.531031 8.35 0.0334548 0.00493233 0.0941087 
qwerty 251 247 0 0.220409 0.047948 -0.251893 7.85 0.0188064 0.00874081 -0.097826 
qwerty 254 253 0 0.178178 0.188606 0.0452099 7.175 0.0187578 0.0409116 -0.0892994 
qwerty 250 247 0 0.686236 0.318269 -0.450822 9.025 0.0416927 0.011271 0.0901925 
qwerty 250 247 0 0.686236 0.630296 -0.36647 9.7 0.0416927 0.011271 0.0901925 
qwerty 250 247 0 0.686236 0.942324 -0.282118 10.375 0.0416927 0.011271 0.0901925 
qwerty 250 247 0 0.305741 0.658283 -0.87687 11.05 -0.0391453 -0.0694028 0.0604226 
qwerty 250 247 0 0.305741 0.220978 -1.65219 11.725 -0.0391453 -0.0694028 0.0604226 
qwerty 250 247 0 0.240424 0.148112 -1.93211 12.2887 -0.059256 -0.0198019 0.0780808 
qwerty 250 247 0 0.240424 0.063659 -1.96034 12.4 -0.059256 -0.0198019 0.0780808 
qwerty 250 247 0 0.240424 -0.448603 -2.13152 13.075 -0.059256 -0.0198019 0.0780808 
qwerty 260 250 0.00782195 0.189186 -0.450378 -2.13105 13.0727 -0.0423036 0.0498611 -0.075659 
qwerty 260 250 0.00535804 0.183828 -0.451428 -2.12982 13.0711 -0.0718484 0.0375828 -0.0585264 
qwerty 260 250 0.00591198 0.177916 -0.452883 -2.1286 13.0697 -0.0771924 0.0287917 -0.0566778 
qwerty 260 250 0.0141014 0.163815 -0.454955 -2.12718 13.0674 -0.0671295 0.0302226 -0.0676773 
qwerty 260 250 0.0135417 0.150273 -0.458437 -2.12531 13.0655 -0.0516238 0.0719297 -0.0464877 
qwerty 260 250 0.0185041 0.131769 -0.463157 -2.1228 13.0625 -0.0635089 0.0623517 -0.0455947 
qwerty 260 250 0.0267535 0.105016 -0.468552 -2.12122 13.0571 -0.0528547 0.0316614 -0.0787651 
qwerty 260 250 0.105016 0 -0.47319 -2.11844 13.0502 -0.0528547 0.0316614 -0.0787651 
qwerty 259 250 0.0270383 0 0.148836 -1.93224 12.289 0.0898081 -0.0160808 0.0409379 
qwerty 179 139 0 14.9414 -0.207027 -0.75608 7.675 -0.0131074 -0.00328237 0.0990829 
qwerty 262 179 1.49326 6.68621 -1.0376 -1.25 8.11708 -0.0875105 -0.0102963 0.0472853 
qwerty 262 179 0.947122 5.73909 -1.46866 -1.30072 8.35 -0.0747545 -0.0144592 0.0648282 
qwerty 264 262 0 0.517334 -1.91457 -2.36447 7.85 -0.0346335 -0.0788288 -0.050858 
qwerty 264 262 0 0.517334 -2.37423 -3.4107 7.175 -0.0346335 -0.0788288 -0.050858 
qwerty 264 262 0 0.517334 -2.5233 -3.75 6.9561 -0.0346335 -0.0788288 -0.050858 
qwerty 264 262 0 0.215147 -2.77056 -4.31278 6.593 0.066321 0.0536613 -0.0521726 
qwerty 264 262 0 0.215147 -2.65234 -4.21713 6.5 0.066321 0.0536613 -0.0521726 
qwerty 265 264 0.136352 0.165835 -2.80485 -4.33845 6.58728 -0.0948154 0.024207 -0.0205929 
qwerty 265 264 0.165835 0 -2.8228 -4.33387 6.58338 -0.0948154 0.024207 -0.0205929 
qwerty 178 139 0 8.64243 -0.196716 -0.728345 7.675 -0.0108802 0.00189133 0.0993884 
qwerty 178 139 0 8.64243 -0.270609 -0.7155 8.35 -0.0108802 0.00189133 0.0993884 
qwerty 178 139 0 8.64243 -0.344503 -0.702655 9.025 -0.0108802 0.00189133 0.0993884 
qwerty 178 139 0 8.64243 -0.418396 -0.68981 9.7 -0.0108802 0.00189133 0.0993884 
qwerty 267 178 0 0.784696 -0.346301 -0.707001 9.875 0.0734882 0.0667138 -0.0121969 
qwerty 267 178 0.0508025 0.608603 -0.360948 -0.700077 9.89706 -0.0623985 0.0210081 0.0752668 
qwerty 267 178 0.0728239 0.535779 -0.386821 -0.693077 9.91394 -0.0710684 0.048818 0.0506565 
qwerty 267 178 0.0656764 0.470102 -0.410513 -0.682337 9.92479 -0.0323161 0.0542714 -0.077526 
qwerty 267 178 0.0718406 0.398262 -0.421207 -0.674641 9.89954 -0.0133167 0.0659371 -0.073993 
qwerty 267 178 0.0568316 0.34143 -0.430617 -0.65819 9.88265 -0.0560417 0.0207092 -0.0801901 
qwerty 267 178 0.0417821 0.299648 -0.435962 -0.656215 9.875 -0.0498284 0.0205872 -0.0842218 
qwerty 267 178 0.00849773 0.213795 -0.436967 -0.654602 9.877 0.0472034 0.065004 0.0595511 
qwerty 267 178 0.00770824 0.206086 -0.435815 -0.652604 9.87826 0.0440284 0.0714093 0.0544261 
qwerty 267 178 0.00801245 0.198074 -0.434975 -0.650398 9.88019 0.0224507 0.0787436 0.0574057 
qwerty 267 178 0.0104315 0.187642 -0.434306 -0.647971 9.88209 0.0484914 0.0575662 0.0658386 
qwerty 267 178 0.00990089 0.177742 -0.431742 -0.646378 9.8853 0.0443939 0.0623679 0.0643384 
qwerty 267 178 0.0251494 0.152592 -0.430007 -0.642757 9.88982 0.0563358 0.0546461 0.0619683 
qwerty 267 178 0.0447655 0.107827 -0.426738 -0.639651 9.89484 0.0348519 0.0736163 0.0580171 
qwerty 267 178 0.107827 0 -0.423538 -0.632892 9.90017 0.0348519 0.0736163 0.0580171 
qwerty 177 139 0 0.164785 -0.21814 -0.734275 7.675 -0.0147327 0.000746094 0.098906 
qwerty 177 139 0 0.164785 -1.25 -2.90232 7.29094 -0.0423759 -0.0891353 -0.0160993 
qwerty 177 139 0 0.164785 -1.55518 -3.54424 7.175 -0.0423759 -0.0891353 -0.0160993 
qwerty 173 148 0 0.510999 -0.447804 0.438977 13.75 -0.0498389 0.0259824 0.0827103 
qwerty 173 148 0 0.510999 -0.85454 0.65102 14.425 -0.0498389 0.0259824 0.0827103 
qwerty 173 148 0 0.510999 -1.26128 0.863063 15.1 -0.0498389 0.0259824 0.0827103 
qwerty 173 148 0 0.510999 -1.66801 1.07511 15.775 -0.0498389 0.0259824 0.0827103 
qwerty 173 148 0 0.510999 -2.00349 1.25 16.3317 -0.0498389 0.0259824 0.0827103 
qwerty 173 148 0 0.510999 -2.07475 1.28715 16.45 -0.0498389 0.0259824 0.0827103 
qwerty 172 148 0 2.70701 0.381374 1.00582 13.75 0.0527571 0.0620371 0.0580353 
qwerty 172 148 0 2.70701 0.994984 1.72737 14.425 0.0527571 0.0620371 0.0580353 
qwerty 172 148 0 2.70701 1.60859 2.44891 15.1 0.0527571 0.0620371 0.0580353 
qwerty 172 148 0 2.70701 2.2222 3.17046 15.775 0.0527571 0.0620371 0.0580353 
qwerty 172 148 0 2.70701 2.71506 3.75 16.3172 0.0527571 0.0620371 0.0580353 
qwerty 172 148 0 2.70701 2.83582 3.892 16.45 0.0527571 0.0620371 0.0580353 
qwerty 172 148 0 2.70701 3.44943 4.61355 17.125 0.0527571 0.0620371 0.0580353 
qwerty 172 148 0 2.70701 4.06304 5.33509 17.8 0.0527571 0.0620371 0.0580353 
qwerty 172 148 0 2.5341 4.81856 6.32141 18.475 0.0534638 0.0714817 0.0450776 
qwerty 172 148 0 2.5341 5.61913 7.39179 19.15 0.0534638 0.0714817 0.0450776 
qwerty 171 148 0 0.222359 -0.193857 0.597231 13.075 0.0136221 0.0628431 0.0765845 
qwerty 170 148 0 0.250094 0.00527894 0.917749 13.075 0.0299754 0.0779641 0.0549825 
qwerty 169 148 0 0.837656 0.0492505 1.17484 13.075 0.0280864 0.084856 0.0448399 
qwerty 169 148 0 0.524257 -0.203579 1.35771 13.75 -0.0434365 0.01809 0.0882384 
qwerty 169 148 0 0.524257 -0.535857 1.49609 14.425 -0.0434365 0.01809 0.0882384 
qwerty 169 148 0 0.367838 -1.92866 3.55605 15.1 -0.053617 0.0811225 0.0233313 
qwerty 168 148 0 0.926148 -0.232531 0.817897 13.075 0.00490789 0.0743308 0.0667146 
qwerty 168 148 0 0.926148 -0.204 1.25 13.4628 0.00490789 0.0743308 0.0667146 
qwerty 168 148 0 0.926148 -0.182874 1.56996 13.75 0.00490789 0.0743308 0.0667146 
qwerty 168 148 0 0.44041 0.221772 2.02517 14.425 0.0545832 0.0384265 0.0744586 
qwerty 168 148 0 0.44041 0.716592 2.37352 15.1 0.0545832 0.0384265 0.0744586 
qwerty 167 148 0 2.15031 -0.226451 -0.23161 12.4 0.0203144 0.0518264 0.0830744 
qwerty 167 148 0 1.08163 -0.418072 1.03476 13.075 -0.0174273 0.0898317 0.0403306 
qwerty 167 148 0 0.218299 -0.505003 0.596462 12.575 -0.0126085 -0.0657735 -0.0742622 
qwerty 291 167 0.0592114 0.634774 -0.401754 1.02903 13.0457 -0.0258894 0.054095 -0.0800217 
qwerty 291 167 0.0626764 0.572097 -0.404749 1.04066 13.0157 0.0228562 0.0576008 -0.0784841 
qwerty 291 167 0.0600969 0.512001 -0.398244 1.05948 12.9879 0.0144622 0.0825004 -0.0546308 
qwerty 291 167 0.11299 0.399011 -0.403775 1.09238 12.9387 0.0110255 0.0891751 -0.043889 
qwerty 291 167 0.164245 0.234765 -0.426943 1.15611 12.9242 0.0165503 0.0875516 -0.045396 
qwerty 291 167 0.234765 0 -0.421438 1.18523 12.9091 0.0165503 0.0875516 -0.045396 
qwerty 293 290 0 0.507356 -0.19797 0.32078 11.9 -0.00332595 0.0584229 -0.0810907 
qwerty 293 290 0 0.507356 -0.225656 0.807093 11.225 -0.00332595 0.0584229 -0.0810907 
qwerty 166 148 0 0.382649 -0.297503 -0.512825 12.4 0.00866902 0.0113792 0.0989715 
qwerty 164 148 0 0.0315758 -0.341774 -0.58016 11.725 0.0125185 0.00304204 0.0991667 
qwerty 163 148 0 3.1694 -0.400715 -0.580867 11.05 0.00424874 -0.00285929 0.0998688 
qwerty 163 148 0 3.1694 -0.371998 -0.600192 11.725 0.00424874 -0.00285929 0.0998688 
qwerty 162 148 0 1.62805 -0.403604 -0.569678 11.05 0.0034749 0.000876506 0.0999358 
qwerty 162 148 0 1.62805 -0.380134 -0.563757 11.725 0.0034749 0.000876506 0.0999358 
qwerty 162 148 0 1.62805 -0.356663 -0.557837 12.4 0.0034749 0.000876506 0.0999358 
qwerty 162 148 0 1.62805 -0.333192 -0.551917 13.075 0.0034749 0.000876506 0.0999358 
qwerty 162 148 0 1.62805 -0.309722 -0.545997 13.75 0.0034749 0.000876506 0.0999358 
qwerty 162 148 0 1.62805 -0.286251 -0.540077 14.425 0.0034749 0.000876506 0.0999358 
qwerty 162 148 0 1.62805 -0.26278 -0.534156 15.1 0.0034749 0.000876506 0.0999358 
qwerty 162 148 0 1.62805 -0.23931 -0.528236 15.775 0.0034749 0.000876506 0.0999358 
qwerty 162 148 0 0.657042 -0.222451 -0.523984 16.2598 0.0839121 0.0200732 0.0505551 
qwerty 162 148 0 0.657042 0.0931925 -0.448476 16.45 0.0839121 0.0200732 0.0505551 
qwerty 162 148 0 0.581941 0.600491 -0.155234 17.125 0.0517947 0.0343298 0.0783503 
qwerty 162 148 0 0.581941 1.04671 0.140523 17.8 0.0517947 0.0343298 0.0783503 
qwerty 162 148 0 0.581941 1.25 0.275264 18.1075 0.0517947 0.0343298 0.0783503 
qwerty 162 148 0 0.325985 1.26391 0.284484 18.1286 -0.0631755 0.0493585 0.0597711 
qwerty 162 148 0 0.325985 1.25 0.295352 18.1417 -0.0631755 0.0493585 0.0597711 
qwerty 162 148 0 0.325985 0.897739 0.570571 18.475 -0.0631755 0.0493585 0.0597711 
qwerty 162 148 0 0.325985 0.273018 1.17824 19.15 -0.0557113 0.0559105 0.0614025 
qwerty 272 175 0.853549 4.64345 -0.130963 -0.616579 7.675 0.031832 0.0125703 0.0939612 
qwerty 248 180 1.06692 7.62787 -0.303248 -0.491789 8.35 -0.00602118 0.0706484 0.0705163 
qwerty 212 208 0.054745 0.910687 -1.76622 -1.25 11.0354 -0.00357778 -0.0938475 -0.034349 
qwerty 212 208 0.168506 0.742181 -1.74809 -1.31449 11.0017 0.00245521 -0.0552315 -0.0833274 
qwerty 212 208 0.132889 0.609293 -1.76875 -1.34037 10.9383 -0.0560003 -0.0707893 -0.0430446 
qwerty 212 208 0.100403 0.50889 -1.82492 -1.36811 10.9176 -0.0408635 0.0295181 -0.0863647 
qwerty 212 208 0.0907899 0.4181 -1.85604 -1.33599 10.8829 -0.0865764 0.0296576 -0.0403106 
qwerty 212 208 0.119602 0.298498 -1.92244 -1.33686 10.887 -0.0721928 -0.0613521 -0.0320018 
qwerty 212 208 0.298498 0 -1.95735 -1.36653 10.8715 -0.0721928 -0.0613521 -0.0320018 
qwerty 212 208 0 0 -1.95735 -1.36653 10.8715 -0.0721928 -0.0613521 -0.0320018 
qwerty 303 162 0.0214494 0.234507 1.27242 0.282527 18.1315 0.0868217 0.000409345 0.0496168 
qwerty 303 162 0.0352275 0.199279 1.28115 0.283958 18.1424 0.0463617 -0.0358913 0.0810087 
qwerty 303 162 0.0739427 0.125337 1.29413 0.283093 18.1552 0.0865709 0.00688665 0.0495787 
qwerty 303 162 0.125337 0 1.3044 0.283909 18.1611 0.0865709 0.00688665 0.0495787 
qwerty 301 162 0.374715 0.596297 -0.230136 -0.52679 16.3778 -0.0583239 -0.0138777 0.0800358 
qwerty 301 162 0.156623 0.439675 -0.270734 -0.518274 16.434 -0.0803694 -0.0394767 0.0445237 
qwerty 301 162 0.0783318 0.361343 -0.299701 -0.532503 16.45 -0.0299697 -0.0177276 0.0937419 
qwerty 301 162 0.0123683 0.336736 -0.306302 -0.531468 16.4447 -0.0662111 0.00709734 -0.0746037 
qwerty 301 162 0.011924 0.324812 -0.311247 -0.531939 16.4402 -0.023442 -0.0511019 -0.0826987 
qwerty 301 162 0.0179913 0.306821 -0.313782 -0.534975 16.4347 -0.0310946 -0.060412 -0.0733725 
qwerty 301 162 0.0174571 0.289364 -0.317632 -0.538761 16.4264 -0.0757545 -0.0354302 -0.0548266 
qwerty 301 162 0.0325933 0.256771 -0.331119 -0.54086 16.4197 0.031448 0.0431309 0.0845621 
qwerty 301 162 0.0401585 0.216612 -0.324112 -0.532998 16.4309 0.00512578 0.0606219 0.0793644 
qwerty 301 162 0.0203383 0.196274 -0.325321 -0.528524 16.4388 -0.0284896 0.02443 0.0926904 
qwerty 301 162 0.0217996 0.174474 -0.328648 -0.527733 16.4446 -0.0257361 0.0179816 0.0949437 
qwerty 301 162 0.0211227 0.153352 -0.330121 -0.526703 16.45 -0.0803805 0.0594497 0.00216882 
qwerty 301 162 0.00239723 0.148164 -0.329404 -0.525463 16.4494 0.0417727 0.0883145 -0.0213443 
qwerty 301 162 0.0032749 0.144889 -0.328917 -0.524141 16.4488 -0.0697033 0.0696591 0.0170018 
qwerty 301 162 0.00595712 0.138932 -0.330035 -0.523368 16.4491 -0.0796591 0.0556362 0.023644 
qwerty 301 162 0.00407784 0.134854 -0.331407 -0.522668 16.4494 -0.0860276 0.0355386 0.0365549 
qwerty 301 162 0.00593486 0.128919 -0.332893 -0.522054 16.45 -0.0822271 0.0273858 0.0498872 
qwerty 326 299 0 0.420776 -0.260599 -1.25 12.2634 0.0132904 -0.083607 0.0532281 
qwerty 326 299 0 0.420776 -0.226485 -1.46461 12.4 0.0132904 -0.083607 0.0532281 
qwerty 325 212 0 0.510999 -1.97238 -1.55491 11.05 -0.00578232 -0.0724645 0.0686692 
qwerty 324 212 0 0.510999 -1.94805 -1.25 10.7611 0.00578232 0.0724645 -0.0686692 
qwerty 324 212 0 0.510999 -1.93028 -1.02728 10.55 0.00578232 0.0724645 -0.0686692 
qwerty 324 212 0 0.510999 -1.87344 -0.314972 9.875 0.00578232 0.0724645 -0.0686692 
qwerty 329 324 0 0.402344 -1.85984 -0.130588 9.7 -0.0656141 0.0663991 0.0358601 
qwerty 323 221 0 0.510999 -0.54946 -1.25 1.25408 -0.0406182 -0.0830559 -0.0381036 
qwerty 323 221 0 0.510999 -0.713708 -1.58585 1.1 -0.0406182 -0.0830559 -0.0381036 
qwerty 322 221 0 0.510999 0.538833 0.975336 2.275 0.0406182 0.0830559 0.0381036 
qwerty 322 221 0 0.30735 0.656389 1.64841 1.775 0.00712664 0.0698191 -0.0712356 
qwerty 321 246 0 0.510999 -0.129523 -1.25 7.97077 -0.0579266 -0.0583767 -0.0568917 
qwerty 321 246 0 0.510999 -0.252491 -1.37392 7.85 -0.0579266 -0.0583767 -0.0568917 
qwerty 321 246 0 0.510999 -0.93977 -2.06654 7.175 -0.0579266 -0.0583767 -0.0568917 
qwerty 320 246 0 0.510999 0.943882 -0.168254 9.025 0.0579266 0.0583767 0.0568917 
qwerty 320 246 0 0.510999 1.63116 0.524365 9.7 0.0579266 0.0583767 0.0568917 
qwerty 320 246 0 0.510999 2.31844 1.21698 10.375 0.0579266 0.0583767 0.0568917 
qwerty 320 246 0 0.510999 3.00572 1.9096 11.05 0.0579266 0.0583767 0.0568917 
qwerty 319 248 0 0.510999 -0.320825 -0.902642 7.85 -0.00127018 -0.0593763 -0.080454 
qwerty 319 248 0 0.510999 -0.331482 -1.4008 7.175 -0.00127018 -0.0593763 -0.080454 
qwerty 318 248 0 0.510999 -0.302274 -0.0354735 9.025 0.00127018 0.0593763 0.080454 
qwerty 318 248 0 0.510999 -0.291618 0.462687 9.7 0.00127018 0.0593763 0.080454 
qwerty 317 248 0 2.23982 -0.473299 1.89178 9.025 -0.0070792 0.09613 0.0266253 
qwerty 317 248 0 2.23982 -0.610141 3.75 9.53967 -0.0070792 0.09613 0.0266253 
qwerty 317 248 0 2.23982 -0.652769 4.32885 9.7 -0.0070792 0.09613 0.0266253 
qwerty 317 248 0 2.23982 -0.832239 6.76592 10.375 -0.0070792 0.09613 0.0266253 
qwerty 317 248 0 2.23982 -0.978351 8.75 10.9245 -0.0070792 0.09613 0.0266253 
qwerty 317 248 0 2.23982 -1.01171 9.20298 11.05 -0.0070792 0.09613 0.0266253 
qwerty 317 248 0 2.23982 -1.19118 11.6401 11.725 -0.0070792 0.09613 0.0266253 
qwerty 315 263 0 0.510999 -0.442639 -0.674087 8.35 -0.0186324 -0.0033658 0.0981912 
qwerty 315 263 0 0.130509 -0.569462 -0.739302 8.26832 -0.00742918 0.0955085 0.0286867 
qwerty 315 263 0 0.130509 -0.590615 -0.46736 8.35 -0.00742918 0.0955085 0.0286867 
qwerty 346 315 0.0788607 0 -0.571989 -0.742987 8.26537 -0.0472056 -0.0688266 -0.0550866 
qwerty 313 268 0 0.510999 -1.25 0.100361 10.2058 -0.0684575 0.0649269 0.0331369 
qwerty 313 268 0 0.510999 -1.59962 0.431952 10.375 -0.0684575 0.0649269 0.0331369 
qwerty 311 268 0 2.10894 0.230717 -0.926048 9.2 0.0704203 -0.023551 -0.0669801 
qwerty 311 268 0 2.10894 0.940386 -1.16339 8.525 0.0704203 -0.023551 -0.0669801 
qwerty 311 268 0 2.10894 1.19937 -1.25 8.27867 0.0704203 -0.023551 -0.0669801 
qwerty 311 268 0 2.10894 1.65005 -1.40072 7.85 0.0704203 -0.023551 -0.0669801 
qwerty 311 268 0 2.10894 2.35972 -1.63806 7.175 0.0704203 -0.023551 -0.0669801 
qwerty 311 268 0 2.10894 3.06939 -1.8754 6.5 0.0704203 -0.023551 -0.0669801 
qwerty 311 268 0 2.10894 3.75 -2.10302 5.85264 0.0704203 -0.023551 -0.0669801 
qwerty 311 268 0 2.10894 3.77906 -2.11274 5.825 0.0704203 -0.023551 -0.0669801 
qwerty 311 268 0 2.10894 4.48873 -2.35008 5.15 0.0704203 -0.023551 -0.0669801 
qwerty 311 268 0 2.10894 5.1984 -2.58741 4.475 0.0704203 -0.023551 -0.0669801 
qwerty 311 268 0 2.10894 5.90807 -2.82475 3.8 0.0704203 -0.023551 -0.0669801 
qwerty 311 268 0 2.10894 6.25 -2.93911 3.47477 0.0704203 -0.023551 -0.0669801 
qwerty 311 268 0 2.10894 6.61773 -3.06209 3.125 0.0704203 -0.023551 -0.0669801 
qwerty 311 268 0 2.10894 7.3274 -3.29943 2.45 0.0704203 -0.023551 -0.0669801 
qwerty 311 268 0 2.10894 8.03707 -3.53676 1.775 0.0704203 -0.023551 -0.0669801 
qwerty 311 268 0 2.10894 8.67467 -3.75 1.16855 0.0704203 -0.023551 -0.0669801 
qwerty 311 268 0 2.10894 8.74674 -3.7741 1.1 0.0704203 -0.023551 -0.0669801 
qwerty 311 268 0 2.10894 9.45641 -4.01144 0.425 0.0704203 -0.023551 -0.0669801 
qwerty 311 268 0 2.10894 10.1661 -4.24878 -0.25 0.0704203 -0.023551 -0.0669801 
qwerty 309 272 0 0.34463 -0.0574183 -0.695281 7.65827 -0.0264439 -0.0554274 -0.078921 
qwerty 309 272 0 0.34463 -0.219348 -1.03469 7.175 -0.0264439 -0.0554274 -0.078921 
qwerty 353 309 0.0286083 0.137761 -0.0481494 -0.695674 7.66122 0.0910559 0.0402277 -0.00951634 
qwerty 353 309 0.0427877 0.0949735 -0.0422066 -0.690413 7.66003 0.0896081 0.0366918 0.024982 
qwerty 353 309 0.0949735 0 -0.0355886 -0.687703 7.66188 0.0896081 0.0366918 0.024982 
qwerty 308 272 0 0.510999 -1.16993 0.514873 8.35 -0.0623802 0.0678553 0.0387862 
qwerty 307 272 0 0.182263 0.368059 -0.715216 7.175 0.0690003 -0.0234238 -0.0684857 
qwerty 306 300 0 0.401908 -1.0199 -0.715838 12.4 -0.0648227 -0.00871211 0.0756447 
qwerty 306 300 0 0.401908 -1.25 -0.746763 12.6685 -0.0648227 -0.00871211 0.0756447 
qwerty 306 300 0 0.401908 -1.59833 -0.793579 13.075 -0.0648227 -0.00871211 0.0756447 
qwerty 306 300 0 0.401908 -2.17677 -0.871319 13.75 -0.0648227 -0.00871211 0.0756447 
qwerty 306 300 0 0.401908 -2.7552 -0.94906 14.425 -0.0648227 -0.00871211 0.0756447 
qwerty 306 300 0 0.401908 -3.33363 -1.0268 15.1 -0.0648227 -0.00871211 0.0756447 
qwerty 359 306 0.0165857 0.335567 -3.47992 -1.0402 15.282 -0.020625 0.0363824 0.0908346 
qwerty 359 306 0.0108842 0.324682 -3.48051 -1.03715 15.2884 -0.000568582 0.0436728 0.0899576 
qwerty 359 306 0.0178917 0.306791 -3.47938 -1.03392 15.2962 -0.0114829 0.0187912 0.097545 
qwerty 359 306 0.0243119 0.282479 -3.47901 -1.03082 15.3068 -0.0155685 -0.0176256 0.0971955 
qwerty 359 306 0.0444238 0.238055 -3.48191 -1.04089 15.3231 0.023541 -0.0555304 0.0797634 
qwerty 359 306 0.0786819 0.159373 -3.48925 -1.05424 15.3431 -0.0452434 0.0795352 0.0403383 
qwerty 359 306 0.159373 0 -3.49726 -1.04014 15.3502 -0.0452434 0.0795352 0.0403383 
