qwerty 1 0 0 165.423 0 0 -0.249996 0 0 0.1 
qwerty 3 1 0 202.709 0.134489 -0.0883792 0.25 0.0256045 -0.0168259 0.0951909 
qwerty 3 1 0 202.709 0.316051 -0.207692 0.925 0.0256045 -0.0168259 0.0951909 
qwerty 2 1 0 97.691 -0.344144 0.226153 0.25 -0.0531293 0.0349137 0.0771901 
qwerty 2 1 0 97.691 -0.808741 0.531461 0.925 -0.0531293 0.0349137 0.0771901 
qwerty 2 1 0 97.691 -1.27334 0.83677 1.6 -0.0531293 0.0349137 0.0771901 
qwerty 2 1 0 97.691 -1.73794 1.14208 2.275 -0.0531293 0.0349137 0.0771901 
qwerty 2 1 0 97.691 -1.90216 1.25 2.5136 -0.0531293 0.0349137 0.0771901 
qwerty 2 1 0 97.691 -2.20253 1.44739 2.95 -0.0531293 0.0349137 0.0771901 
qwerty 2 1 0 97.691 -2.66713 1.7527 3.625 -0.0531293 0.0349137 0.0771901 
qwerty 2 1 0 97.691 -3.13173 2.058 4.3 -0.0531293 0.0349137 0.0771901 
qwerty 7 2 1.09932 65.036 -3.60161 2.32279 4.975 -0.0538678 0.0280096 0.0794589 
qwerty 7 2 0.846255 58.4827 -3.81177 2.68275 5.65 -0.0153535 0.0497325 0.0853871 
qwerty 7 2 1.01232 46.2505 -3.83191 3.16341 6.325 0.00483003 0.0587121 0.0808057 
qwerty 7 2 1.04651 39.0703 -3.85951 3.53816 7 -0.00294038 0.0515305 0.0856502 
qwerty 7 2 0.919141 21.4019 -3.75394 3.85594 7.675 0.00882713 0.0412483 0.0906678 
qwerty 7 2 0.698659 16.204 -4.1024 4.15401 8.09182 -0.0840695 0.028036 0.0463282 
qwerty 7 2 0.773755 15.4303 -4.57091 4.31025 8.35 -0.0826963 0.035337 0.0437335 
qwerty 5 3 0.510123 21.7387 0.386725 -0.312616 1.38006 0.00190023 -0.0257059 0.0966209 
qwerty 5 3 0.36375 21.375 0.39105 -0.371132 1.6 -0.00149172 -0.0239515 0.0970778 
qwerty 5 3 0.16324 16.6807 0.403257 -0.459456 1.86988 0.0256514 -0.0340567 0.0904552 
qwerty 5 3 0.701029 15.9797 0.51814 -0.611983 2.275 0.0284361 -0.0344559 0.0894661 
qwerty 5 3 0.943507 3.39284 0.646266 -1.27185 1.80111 -0.0115994 -0.0557765 -0.0821854 
qwerty 5 3 0.0424803 3.35036 0.642581 -1.28957 1.775 0.00214009 -0.0558948 -0.0828927 
qwerty 5 3 0.472679 1.13712 0.582082 -1.08531 1.97726 -0.056516 0.0348292 0.0747854 
qwerty 5 3 0.00526287 0 0.578784 -1.08339 1.98105 -0.058733 0.0432624 0.0684017 
qwerty 21 7 0.257836 0.526276 -4.11143 4.12547 8.2231 -0.073012 -0.0305566 0.0611191 
qwerty 21 7 0.146924 0.379352 -4.17189 4.12691 8.25221 -0.0645045 0.041064 0.0644431 
qwerty 21 7 0.119196 0.260156 -4.20505 4.13133 8.28185 -0.0874595 -0.0330421 0.0354832 
qwerty 21 7 0.137782 0.122374 -4.22182 4.1111 8.3256 -0.0466687 -0.0668566 0.0578984 
qwerty 21 7 0.122374 0 -4.22713 4.10349 8.33219 -0.0466687 -0.0668566 0.0578984 
qwerty 6 2 0.346124 23.1249 -3.23216 2.28977 4.61443 0.00784412 0.0727579 0.0681525 
qwerty 6 2 0.961781 22.1631 -3.19066 2.6747 4.975 0.00828116 0.070652 0.0702831 
qwerty 6 2 1.90563 11.572 -2.70487 3.43859 5.65 0.0635314 0.0509815 0.0580055 
qwerty 40 6 0.383133 0 -3.17486 2.2945 4.65597 -0.0311941 -0.0923535 -0.0223105 
qwerty 4 3 0.888411 173.237 0.505887 -0.320487 1.6 0.0273601 -0.0159416 0.094854 
qwerty 4 3 0.868014 152.418 0.65434 -0.481668 2.275 0.0209546 -0.0251503 0.09449 
qwerty 4 3 0.970869 47.2181 0.783445 -0.75741 2.95 0.0178927 -0.0386278 0.0904862 
qwerty 4 3 1.50666 25.8756 1.13333 -1.41611 3.625 0.0327741 -0.0649945 0.068568 
qwerty 47 4 0.985546 15.6465 0.715656 -0.380037 2.275 0.0193731 -0.00449125 0.0980026 
qwerty 47 4 1.07963 3.46325 0.250358 0.0581066 2.45355 -0.0642933 0.0572025 -0.0509338 
qwerty 47 4 0.0105909 3.45266 0.245881 0.0620895 2.45 -0.0639109 0.0549152 -0.053849 
qwerty 68 47 0 0.44981 -0.288379 -0.362633 1.775 -0.0502419 -0.0489976 -0.0712389 
qwerty 65 47 0 1.05061 -0.502275 1.25 2.51381 -0.0573143 0.0818855 0.00313643 
qwerty 65 47 0 1.05061 -2.25211 3.75 2.60957 -0.0573143 0.0818855 0.00313643 
qwerty 65 47 0 1.05061 -4.00194 6.25 2.70533 -0.0573143 0.0818855 0.00313643 
qwerty 65 47 0 1.05061 -5.75177 8.75 2.80109 -0.0573143 0.0818855 0.00313643 
qwerty 65 47 0 1.05061 -7.5016 11.25 2.89684 -0.0573143 0.0818855 0.00313643 
qwerty 65 47 0 1.05061 -8.473 12.6378 2.95 -0.0573143 0.0818855 0.00313643 
qwerty 63 47 0 4.50345 0.795455 -0.409811 2.95 0.0132464 -0.00291355 0.0990759 
qwerty 63 47 0 4.50345 0.885702 -0.429661 3.625 0.0132464 -0.00291355 0.0990759 
qwerty 63 47 0 4.50345 0.975949 -0.44951 4.3 0.0132464 -0.00291355 0.0990759 
qwerty 62 47 0 2.31509 0.860878 -0.400066 2.95 0.0212843 -0.00320609 0.097656 
qwerty 62 47 0 2.31509 1.008 -0.422226 3.625 0.0212843 -0.00320609 0.097656 
qwerty 62 47 0 2.31509 1.15511 -0.444387 4.3 0.0212843 -0.00320609 0.097656 
qwerty 62 47 0 2.31509 1.25 -0.45868 4.73536 0.0212843 -0.00320609 0.097656 
qwerty 62 47 0 2.31509 1.30223 -0.466547 4.975 0.0212843 -0.00320609 0.097656 
qwerty 81 62 0.590636 1.25318 1.32714 -0.656904 5.40481 -0.020015 -0.0820864 0.0534904 
qwerty 81 62 0.42907 0.824105 1.28593 -0.888045 5.45907 -0.00203092 -0.0996508 -0.00809939 
qwerty 81 62 0.375325 0.44878 1.33124 -1.04416 5.34843 -0.0271136 -0.0645749 -0.0713788 
qwerty 81 62 0.309911 0.13887 1.30728 -1.10121 5.28537 0.091888 0.0265216 -0.0292094 
qwerty 81 62 0.13887 0 1.32022 -1.09748 5.28126 0.091888 0.0265216 -0.0292094 
qwerty 61 47 0 0.551191 0.759019 -0.350591 2.275 0.0375724 -8.50434e-05 0.0926731 
qwerty 61 47 0 0.551191 1.03268 -0.35121 2.95 0.0375724 -8.50434e-05 0.0926731 
qwerty 58 4 0 1.22584 1.40182 -2.14299 4.3 0.0243877 -0.0718076 0.0651837 
qwerty 58 4 0 1.22584 1.65436 -2.88658 4.975 0.0243877 -0.0718076 0.0651837 
qwerty 58 4 0 1.22584 1.90691 -3.63018 5.65 0.0243877 -0.0718076 0.0651837 
qwerty 58 4 0 0.295863 3.18878 -3.09826 5.15 0.0848031 0.0387845 -0.0361137 
qwerty 57 4 0 14.9157 1.57664 -2.13979 4.3 0.0405586 -0.067286 0.0618675 
qwerty 55 4 0 1.10842 0.974246 -1.26315 3.625 0.0226985 -0.0593822 0.0771915 
qwerty 52 4 0 1.43051 0.965373 -1.20412 3.625 0.0219236 -0.0550474 0.0805552 
qwerty 52 4 0 1.43051 1.14908 -1.66538 4.3 0.0219236 -0.0550474 0.0805552 
qwerty 52 4 0 1.43051 1.25 -1.91879 4.67083 0.0219236 -0.0550474 0.0805552 
qwerty 52 4 0 1.43051 1.33278 -2.12665 4.975 0.0219236 -0.0550474 0.0805552 
qwerty 52 4 0 1.43051 1.51649 -2.58791 5.65 0.0219236 -0.0550474 0.0805552 
qwerty 52 4 0 0.496627 1.59678 -3.75 5.35706 0.00618245 -0.0961829 -0.0266575 
qwerty 52 4 0 0.496627 1.6448 -4.4971 5.15 0.00618245 -0.0961829 -0.0266575 
qwerty 51 4 0 12.6499 0.971242 -1.14433 3.625 0.0236514 -0.0490873 0.0838513 
qwerty 51 4 0 12.6499 1.02216 -1.25 3.80551 0.0236514 -0.0490873 0.0838513 
qwerty 51 4 0 12.6499 1.16164 -1.53948 4.3 0.0236514 -0.0490873 0.0838513 
qwerty 51 4 0 12.6499 1.25 -1.72288 4.61328 0.0236514 -0.0490873 0.0838513 
qwerty 51 4 0 12.6499 1.35203 -1.93463 4.975 0.0236514 -0.0490873 0.0838513 
qwerty 51 4 0 12.6499 1.54242 -2.32978 5.65 0.0236514 -0.0490873 0.0838513 
qwerty 51 4 0 12.6499 1.73281 -2.72494 6.325 0.0236514 -0.0490873 0.0838513 
qwerty 51 4 0 12.6499 1.92321 -3.12009 7 0.0236514 -0.0490873 0.0838513 
qwerty 51 4 0 10.5677 2.1966 -3.53059 7.675 0.0355283 -0.0490145 0.0795947 
qwerty 51 4 0 10.5677 2.35564 -3.75 8.0313 0.0355283 -0.0490145 0.0795947 
qwerty 51 4 0 10.5677 2.4979 -3.94626 8.35 0.0355283 -0.0490145 0.0795947 
qwerty 51 4 0 10.5677 2.7992 -4.36192 9.025 0.0355283 -0.0490145 0.0795947 
qwerty 51 4 0 10.5677 3.10049 -4.77759 9.7 0.0355283 -0.0490145 0.0795947 
qwerty 51 4 0 10.5677 3.40179 -5.19325 10.375 0.0355283 -0.0490145 0.0795947 
qwerty 51 4 0 10.5677 3.70309 -5.60892 11.05 0.0355283 -0.0490145 0.0795947 
qwerty 51 4 0 10.5677 4.00438 -6.02458 11.725 0.0355283 -0.0490145 0.0795947 
qwerty 51 4 0 10.5677 4.16778 -6.25 12.0911 0.0355283 -0.0490145 0.0795947 
qwerty 51 4 0 10.5677 4.30568 -6.44025 12.4 0.0355283 -0.0490145 0.0795947 
qwerty 51 4 0 10.5677 4.60698 -6.85592 13.075 0.0355283 -0.0490145 0.0795947 
qwerty 51 4 0 10.5677 4.90827 -7.27158 13.75 0.0355283 -0.0490145 0.0795947 
qwerty 51 4 0 10.5677 5.20957 -7.68725 14.425 0.0355283 -0.0490145 0.0795947 
qwerty 51 4 0 10.5677 5.51087 -8.10291 15.1 0.0355283 -0.0490145 0.0795947 
qwerty 51 4 0 10.5677 5.81216 -8.51858 15.775 0.0355283 -0.0490145 0.0795947 
qwerty 51 4 0 10.5677 5.97991 -8.75 16.1508 0.0355283 -0.0490145 0.0795947 
qwerty 51 4 0 10.5677 6.11346 -8.93424 16.45 0.0355283 -0.0490145 0.0795947 
qwerty 51 4 0 10.5677 6.25 -9.12261 16.7559 0.0355283 -0.0490145 0.0795947 
qwerty 51 4 0 10.5677 6.41476 -9.34991 17.125 0.0355283 -0.0490145 0.0795947 
qwerty 51 4 0 10.5677 6.71605 -9.76557 17.8 0.0355283 -0.0490145 0.0795947 
qwerty 51 4 0 10.5677 7.01735 -10.1812 18.475 0.0355283 -0.0490145 0.0795947 
qwerty 51 4 0 10.5677 7.31865 -10.5969 19.15 0.0355283 -0.0490145 0.0795947 
qwerty 51 4 0 10.5677 7.61994 -11.0126 19.825 0.0355283 -0.0490145 0.0795947 
qwerty 51 4 0 10.5677 7.79204 -11.25 20.2106 0.0355283 -0.0490145 0.0795947 
qwerty 51 4 0 10.5677 7.92124 -11.4282 20.5 0.0355283 -0.0490145 0.0795947 
qwerty 51 4 0 10.5677 8.22254 -11.8439 21.175 0.0355283 -0.0490145 0.0795947 
qwerty 51 4 0 10.5677 8.52383 -12.2596 21.85 0.0355283 -0.0490145 0.0795947 
qwerty 51 4 0 10.5677 8.75 -12.5716 22.3567 0.0355283 -0.0490145 0.0795947 
qwerty 51 4 0 10.5677 8.82513 -12.6752 22.525 0.0355283 -0.0490145 0.0795947 
qwerty 51 4 0 10.5677 9.12643 -13.0909 23.2 0.0355283 -0.0490145 0.0795947 
qwerty 51 4 0 10.5677 9.42772 -13.5066 23.875 0.0355283 -0.0490145 0.0795947 
qwerty 51 4 0 10.5677 9.60418 -13.75 24.2703 0.0355283 -0.0490145 0.0795947 
qwerty 51 4 0 10.5677 9.72902 -13.9222 24.55 0.0355283 -0.0490145 0.0795947 
qwerty 51 4 0 10.5677 10.0303 -14.3379 25.225 0.0355283 -0.0490145 0.0795947 
qwerty 51 4 0 6.42225 10.2265 -14.9666 25.9 0.0203906 -0.0670805 0.0713052 
qwerty 51 4 0 6.42225 10.4195 -15.6016 26.575 0.0203906 -0.0670805 0.0713052 
qwerty 51 4 0 6.42225 10.6125 -16.2366 27.25 0.0203906 -0.0670805 0.0713052 
qwerty 51 4 0 6.42225 10.8055 -16.8716 27.925 0.0203906 -0.0670805 0.0713052 
qwerty 51 4 0 6.42225 10.9986 -17.5066 28.6 0.0203906 -0.0670805 0.0713052 
qwerty 51 4 0 6.42225 11.1916 -18.1416 29.275 0.0203906 -0.0670805 0.0713052 
qwerty 51 4 0 6.42225 11.3765 -18.75 29.9217 0.0203906 -0.0670805 0.0713052 
qwerty 51 4 0 6.42225 11.3846 -18.7766 29.95 0.0203906 -0.0670805 0.0713052 
qwerty 51 4 0 6.42225 11.5776 -19.4116 30.625 0.0203906 -0.0670805 0.0713052 
qwerty 51 4 0 6.42225 11.7707 -20.0466 31.3 0.0203906 -0.0670805 0.0713052 
qwerty 51 4 0 6.42225 11.9637 -20.6816 31.975 0.0203906 -0.0670805 0.0713052 
qwerty 51 4 0 6.42225 12.1364 -21.25 32.5792 0.0203906 -0.0670805 0.0713052 
qwerty 51 4 0 6.42225 12.1567 -21.3166 32.65 0.0203906 -0.0670805 0.0713052 
qwerty 51 4 0 6.42225 12.3497 -21.9516 33.325 0.0203906 -0.0670805 0.0713052 
qwerty 51 4 0 6.42225 12.5428 -22.5867 34 0.0203906 -0.0670805 0.0713052 
qwerty 51 4 0 6.42225 12.7358 -23.2217 34.675 0.0203906 -0.0670805 0.0713052 
qwerty 51 4 0 6.42225 12.8964 -23.75 35.2366 0.0203906 -0.0670805 0.0713052 
qwerty 51 4 0 6.42225 12.9288 -23.8567 35.35 0.0203906 -0.0670805 0.0713052 
qwerty 103 51 0.556991 1.46355 2.01911 -3.45298 7.41114 0.0361947 -0.0894946 0.0260894 
qwerty 103 51 0.0821541 1.37836 2.05196 -3.50135 7.42484 0.0491651 -0.086786 -0.00713975 
qwerty 103 51 0.366732 1.01162 2.25024 -3.67226 7.45223 0.00891872 -0.0995185 -0.00406515 
qwerty 103 51 0.365294 0.64633 2.29782 -3.85742 7.34625 0.095547 -0.0174105 -0.0238253 
qwerty 103 51 0.402687 0.243643 2.4119 -3.84964 7.24438 0.0818786 -0.0235057 -0.0523772 
qwerty 103 51 0.243643 0 2.44078 -3.85793 7.2259 0.0818786 -0.0235057 -0.0523772 
qwerty 109 103 0.00029101 0 2.06072 -3.52226 7.41789 0.0369456 -0.0881749 -0.0293295 
qwerty 110 109 0.00275207 0 2.06071 -3.52227 7.41788 -0.0888381 -0.0316256 -0.0332809 
qwerty 107 104 0 0.351248 10.0988 -14.6217 24.725 0.00998293 -0.0486952 -0.0867705 
qwerty 107 104 0 0.351248 10.1765 -15.0005 24.05 0.00998293 -0.0486952 -0.0867705 
qwerty 50 4 0 1.04049 0.929196 -1.05454 3.625 0.0194203 -0.039552 0.0897691 
qwerty 50 4 0 1.04049 1.02517 -1.25 4.06863 0.0194203 -0.039552 0.0897691 
qwerty 50 4 0 1.04049 1.07522 -1.35194 4.3 0.0194203 -0.039552 0.0897691 
qwerty 50 4 0 1.04049 1.22125 -1.64934 4.975 0.0194203 -0.039552 0.0897691 
qwerty 50 4 0 1.04049 1.36728 -1.94675 5.65 0.0194203 -0.039552 0.0897691 
qwerty 50 4 0 1.04049 1.5133 -2.24415 6.325 0.0194203 -0.039552 0.0897691 
qwerty 49 4 0 101.851 0.801295 -0.665182 2.95 0.0203536 -0.0255207 0.0945221 
qwerty 115 49 0.976625 4.27529 0.959663 -0.908492 3.625 0.0156836 -0.0234038 0.0959494 
qwerty 117 115 0 1.15505 0.995039 -0.38551 3.625 0.0236048 0.047359 0.0848524 
qwerty 117 115 0 1.15505 1.18281 -0.00876939 4.3 0.0236048 0.047359 0.0848524 
qwerty 117 115 0 1.15505 1.25 0.134162 4.55074 0.0211079 0.0496726 0.0841848 
qwerty 117 115 0 1.15505 1.35638 0.384492 4.975 0.0211079 0.0496726 0.0841848 
qwerty 117 115 0 1.15505 1.52562 0.782771 5.65 0.0211079 0.0496726 0.0841848 
qwerty 117 115 0 1.15505 1.69486 1.18105 6.325 0.0211079 0.0496726 0.0841848 
qwerty 117 115 0 0.284304 2.74164 0.684594 5.825 0.0828965 -0.0393871 -0.0397093 
qwerty 117 115 0 0.284304 4.15076 0.0150708 5.15 0.0828965 -0.0393871 -0.0397093 
qwerty 48 4 0 0.110828 0.578085 -0.392569 1.91504 -0.0478707 -0.0583418 -0.0656097 
qwerty 48 4 0 0.110828 0.475907 -0.517098 1.775 -0.0478707 -0.0583418 -0.0656097 
qwerty 48 4 0 0.110828 0.546426 -0.083444 2.275 0.0115515 0.0651028 0.0750213 
qwerty 124 48 0.0570309 0 0.579121 -0.392294 1.91788 0.0341076 0.00907818 0.0935642 
qwerty 46 4 0 4.16486 0.526025 -0.316216 1.6 0.0306056 -0.0146207 0.094072 
qwerty 46 4 0 4.16486 0.74563 -0.421125 2.275 0.0306056 -0.0146207 0.094072 
qwerty 46 4 0 4.16486 0.965236 -0.526033 2.95 0.0306056 -0.0146207 0.094072 
qwerty 44 6 0 3.0227 -1.31238 3.36963 6.325 0.0891584 -0.00712898 0.0447208 
qwerty 44 6 0 3.0227 0.0333456 3.26203 7 0.0891584 -0.00712898 0.0447208 
qwerty 42 6 0 0.235803 -2.71592 3.6146 5.65 0.0470361 0.073354 0.0490591 
qwerty 41 6 0 3.28736 -3.07689 3.62628 5.65 0.0142838 0.0822301 0.0550835 
qwerty 41 6 0 3.28736 -2.90186 4.63393 6.325 0.0142838 0.0822301 0.0550835 
qwerty 41 6 0 3.28736 -2.72682 5.64159 7 0.0142838 0.0822301 0.0550835 
qwerty 41 6 0 3.28736 -2.55179 6.64925 7.675 0.0142838 0.0822301 0.0550835 
qwerty 41 6 0 0.578076 -2.44073 7.28861 8.10329 -0.0397026 0.0751787 -0.0526485 
qwerty 41 6 0 0.578076 -2.63174 7.6503 7.85 -0.0397026 0.0751787 -0.0526485 
qwerty 41 6 0 0.578076 -3.14076 8.61415 7.175 -0.0397026 0.0751787 -0.0526485 
qwerty 41 6 0 0.578076 -3.64978 9.57801 6.5 -0.0397026 0.0751787 -0.0526485 
qwerty 41 6 0 0.570488 -3.79745 9.85763 6.30418 -0.0347153 0.0841994 -0.0412953 
qwerty 41 6 0 0.570488 -4.20028 10.8347 5.825 -0.0347153 0.0841994 -0.0412953 
qwerty 41 6 0 0.570488 -4.37152 11.25 5.6213 -0.0347153 0.0841994 -0.0412953 
qwerty 41 6 0 0.570488 -4.76772 12.211 5.15 -0.0347153 0.0841994 -0.0412953 
qwerty 41 6 0 0.570488 -5.03248 13.4474 4.475 -0.0126315 0.0863693 -0.0487933 
qwerty 41 6 0 0.570488 -5.20722 14.6422 3.8 -0.0126315 0.0863693 -0.0487933 
qwerty 41 6 0 0.570488 -5.38197 15.837 3.125 -0.0126315 0.0863693 -0.0487933 
qwerty 134 41 0.00758768 0 -3.79748 9.85758 6.30412 -0.0355989 -0.0517701 -0.0777983 
qwerty 133 41 0.598599 2.11068 -2.35919 7.55322 8.35 -0.0434667 0.0280843 0.0855682 
qwerty 133 41 0.341928 1.02888 -2.28211 7.64846 8.17403 0.0582273 -0.0101126 -0.0806679 
qwerty 133 41 0.340559 0.688321 -2.23335 7.58705 8.01474 0.0338918 -0.0842674 -0.0418372 
qwerty 133 41 0.361468 0.326853 -2.15427 7.51329 7.89298 0.0514458 -0.07792 -0.0358023 
qwerty 133 41 0.326853 0 -2.12556 7.46981 7.87301 0.0514458 -0.07792 -0.0358023 
qwerty 39 5 0 1.34451 -0.0442709 -1.02777 2.275 -0.0901467 0.00804696 0.0425302 
qwerty 39 5 0 1.08695 -0.827544 -0.886243 2.95 -0.0640966 0.0162198 0.0750236 
qwerty 39 5 0 1.08695 -1.25 -0.77934 3.44447 -0.0640966 0.0162198 0.0750236 
qwerty 39 5 0 1.08695 -1.40423 -0.740311 3.625 -0.0640966 0.0162198 0.0750236 
qwerty 39 5 0 1.08695 -1.98092 -0.594379 4.3 -0.0640966 0.0162198 0.0750236 
qwerty 39 5 0 1.08695 -2.55761 -0.448447 4.975 -0.0640966 0.0162198 0.0750236 
qwerty 39 5 0 0.23435 -2.62999 -0.785588 4.475 -0.00200086 -0.0526037 -0.0850227 
qwerty 38 5 0 0.809343 0.75355 -0.747305 2.275 0.0364491 0.0700929 0.0613062 
qwerty 37 5 0 1.56748 0.511973 -2.31831 1.775 -0.00195529 -0.0942618 -0.0333299 
qwerty 37 5 0 1.56748 0.482275 -3.75 1.26877 -0.00195529 -0.0942618 -0.0333299 
qwerty 37 5 0 1.56748 0.472374 -4.22731 1.1 -0.00195529 -0.0942618 -0.0333299 
qwerty 37 5 0 1.56748 0.432775 -6.13631 0.425 -0.00195529 -0.0942618 -0.0333299 
qwerty 37 5 0 0.898237 0.831689 -7.16963 0.491844 0.0472773 -0.0767762 0.0432467 
qwerty 37 5 0 0.898237 1.25 -7.84895 0.874491 0.0472773 -0.0767762 0.0432467 
qwerty 37 5 0 0.898237 1.30522 -7.93862 0.925 0.0472773 -0.0767762 0.0432467 
qwerty 143 37 0.143857 0 0.830515 -7.17956 0.480737 -0.00785452 -0.0664309 -0.0743319 
qwerty 36 5 0 3.85546 0.305174 -2.3345 1.775 -0.0120738 -0.0936258 -0.0329913 
qwerty 36 5 0 3.85546 0.122635 -3.75 1.27621 -0.0120738 -0.0936258 -0.0329913 
qwerty 36 5 0 3.85546 0.0581457 -4.25008 1.1 -0.0120738 -0.0936258 -0.0329913 
qwerty 36 5 0 3.85546 -0.188883 -6.16566 0.425 -0.0120738 -0.0936258 -0.0329913 
qwerty 36 5 0 3.85546 -0.435912 -8.08124 -0.25 -0.0120738 -0.0936258 -0.0329913 
qwerty 35 5 0 0.196355 0.0101427 -0.780942 1.775 -0.0575359 0.0508465 -0.0640645 
qwerty 34 5 0 0.918072 0.44472 -1.25 2.48946 -0.012442 -0.0965505 0.0228737 
qwerty 34 5 0 0.918072 0.194214 -3.19394 2.95 -0.012442 -0.0965505 0.0228737 
qwerty 34 5 0 0.918072 -0.172948 -6.04313 3.625 -0.012442 -0.0965505 0.0228737 
qwerty 34 5 0 0.389285 -0.967181 -6.39625 3.125 -0.080103 -0.0275356 -0.0531535 
qwerty 34 5 0 0.389285 -1.98441 -6.74593 2.45 -0.080103 -0.0275356 -0.0531535 
qwerty 34 5 0 0.389285 -3.00165 -7.0956 1.775 -0.080103 -0.0275356 -0.0531535 
qwerty 34 5 0 0.389285 -4.01888 -7.44528 1.1 -0.080103 -0.0275356 -0.0531535 
qwerty 34 5 0 0.389285 -5.03611 -7.79496 0.425 -0.080103 -0.0275356 -0.0531535 
qwerty 33 5 0.00029101 0 0.411431 -0.474626 1.90603 0.0204101 -0.0378817 0.0902685 
qwerty 150 33 0.00494504 0 0.411432 -0.474607 1.90607 0.00217429 0.0475775 0.0879298 
qwerty 32 5 0 0.106229 0.50249 -0.566892 2.275 0.0238715 -0.0274919 0.0931362 
qwerty 31 5 0 2.31908 0.361982 -0.550703 2.275 -0.000508098 -0.0266165 0.0963914 
qwerty 31 5 0 2.31908 0.358424 -0.737091 2.95 -0.000508098 -0.0266165 0.0963914 
qwerty 31 5 0 2.31908 0.354866 -0.923478 3.625 -0.000508098 -0.0266165 0.0963914 
qwerty 31 5 0 2.31908 0.351308 -1.10987 4.3 -0.000508098 -0.0266165 0.0963914 
qwerty 31 5 0 2.31908 0.34775 -1.29625 4.975 -0.000508098 -0.0266165 0.0963914 
qwerty 31 5 0 2.31908 0.344192 -1.48264 5.65 -0.000508098 -0.0266165 0.0963914 
qwerty 31 5 0 2.31908 0.340634 -1.66903 6.325 -0.000508098 -0.0266165 0.0963914 
qwerty 31 5 0 2.31908 0.337075 -1.85541 7 -0.000508098 -0.0266165 0.0963914 
qwerty 31 5 0 2.31908 0.333517 -2.0418 7.675 -0.000508098 -0.0266165 0.0963914 
qwerty 31 5 0 2.31908 0.329959 -2.22819 8.35 -0.000508098 -0.0266165 0.0963914 
qwerty 31 5 0 2.31908 0.326401 -2.41458 9.025 -0.000508098 -0.0266165 0.0963914 
qwerty 31 5 0 2.31908 0.322843 -2.60096 9.7 -0.000508098 -0.0266165 0.0963914 
qwerty 31 5 0 2.31908 0.319285 -2.78735 10.375 -0.000508098 -0.0266165 0.0963914 
qwerty 31 5 0 2.31908 0.315727 -2.97374 11.05 -0.000508098 -0.0266165 0.0963914 
qwerty 31 5 0 2.31908 0.312169 -3.16013 11.725 -0.000508098 -0.0266165 0.0963914 
qwerty 31 5 0 2.31908 0.308611 -3.34651 12.4 -0.000508098 -0.0266165 0.0963914 
qwerty 31 5 0 2.31908 0.305053 -3.5329 13.075 -0.000508098 -0.0266165 0.0963914 
qwerty 31 5 0 2.31908 0.301495 -3.71929 13.75 -0.000508098 -0.0266165 0.0963914 
qwerty 30 5 0 0.0684985 0.39908 -0.375706 1.6 0.00539163 -0.0275325 0.0959838 
qwerty 29 7 0 0.510999 -4.53428 4.67289 7.85 0.0332157 0.0238396 -0.09126 
qwerty 29 7 0 0.343254 -4.3776 4.78535 7.41953 -0.0198395 -0.0586081 -0.0785588 
qwerty 29 7 0 0.343254 -4.43935 4.60292 7.175 -0.0198395 -0.0586081 -0.0785588 
qwerty 29 7 0 0.343254 -4.60565 4.09392 6.5 -0.0192106 -0.0591538 -0.0783057 
qwerty 156 29 0.167745 0 -4.36734 4.79929 7.41104 0.0532377 0.072301 -0.0440263 
qwerty 28 7 0 0.510999 -4.96194 4.36595 9.025 -0.0332157 -0.0238396 0.09126 
qwerty 27 7 0 1.90135 -4.27452 4.5734 9.025 0.0703265 0.0106768 0.0702865 
qwerty 27 7 0 1.90135 -3.59913 4.67593 9.7 0.0703265 0.0106768 0.0702865 
qwerty 27 7 0 1.90135 -2.92375 4.77847 10.375 0.0703265 0.0106768 0.0702865 
qwerty 26 7 0 1.04697 -6.25 4.75622 8.82754 -0.09476 0.0219041 0.0232541 
qwerty 26 7 0 1.04697 -7.05463 4.94221 9.025 -0.09476 0.0219041 0.0232541 
qwerty 26 7 0 1.04697 -9.80523 5.57803 9.7 -0.09476 0.0219041 0.0232541 
qwerty 25 7 0 3.09084 -5.2269 4.77562 9.025 -0.0597483 0.0430051 0.0676808 
qwerty 25 7 0 3.09084 -5.82279 5.20453 9.7 -0.0597483 0.0430051 0.0676808 
qwerty 25 7 0 0.208472 -6.52751 5.75534 9.42593 0.0742721 -0.0559463 -0.0367922 
qwerty 25 7 0 0.208472 -6.07143 5.4118 9.2 0.0742721 -0.0559463 -0.0367922 
qwerty 169 25 0.293389 0.231478 -6.61004 5.81949 9.40619 -0.0530518 -0.076222 -0.0370906 
qwerty 169 25 0.231478 0 -6.62729 5.7947 9.39412 -0.0530518 -0.076222 -0.0370906 
qwerty 23 7 0 0.354171 -4.99531 4.84362 9.025 -0.0417264 0.0557603 0.0717614 
qwerty 22 7 0 1.95815 -5.37333 4.5101 9.025 -0.075297 0.0154502 0.063966 
qwerty 22 7 0 1.95815 -6.1679 4.67314 9.7 -0.075297 0.0154502 0.063966 
qwerty 22 7 0 1.95815 -6.96247 4.83618 10.375 -0.075297 0.0154502 0.063966 
qwerty 22 7 0 1.95815 -7.75704 4.99921 11.05 -0.075297 0.0154502 0.063966 
qwerty 22 7 0 1.95815 -8.55161 5.16225 11.725 -0.075297 0.0154502 0.063966 
qwerty 22 7 0 1.95815 -9.34618 5.32529 12.4 -0.075297 0.0154502 0.063966 
qwerty 22 7 0 1.95815 -10.1408 5.48833 13.075 -0.075297 0.0154502 0.063966 
qwerty 22 7 0 1.95815 -10.9353 5.65137 13.75 -0.075297 0.0154502 0.063966 
qwerty 22 7 0 1.95815 -11.25 5.71593 14.0173 -0.075297 0.0154502 0.063966 
qwerty 22 7 0 1.95815 -11.7299 5.8144 14.425 -0.075297 0.0154502 0.063966 
qwerty 22 7 0 0.755853 -12.432 5.95847 15.0214 -0.0947489 -0.0291994 -0.0130402 
qwerty 22 7 0 0.755853 -15.4941 5.01478 14.6 -0.0947489 -0.0291994 -0.0130402 
qwerty 174 22 0.151323 1.05097 -12.4761 5.98889 15.1 -0.0506817 0.0287163 0.0812819 
qwerty 20 7 0 1.16096 -3.96097 4.40723 8.35 -0.0315858 0.0629188 0.0710181 
qwerty 19 7 0 0.581474 -3.75 3.74633 7.37692 0.0374828 0.0515745 0.0770396 
qwerty 19 7 0 0.581474 -3.60497 3.94588 7.675 0.0374828 0.0515745 0.0770396 
qwerty 19 7 0 0.581474 -3.27656 4.39776 8.35 0.0374828 0.0515745 0.0770396 
qwerty 19 7 0 0.581474 -2.94815 4.84965 9.025 0.0374828 0.0515745 0.0770396 
qwerty 18 7 0 13.8767 -3.88839 3.91901 7.675 -0.0032637 0.0486548 0.0873044 
qwerty 18 7 0 13.8767 -3.91363 4.29518 8.35 -0.0032637 0.0486548 0.0873044 
qwerty 183 18 1.23593 5.08979 -4.41416 4.46813 9.025 -0.0505482 0.0116932 0.0854877 
qwerty 185 183 0 0.187161 -4.65508 4.3904 9.7 -0.032541 -0.0120348 0.0937883 
qwerty 15 7 0 0.343852 -3.82269 3.60673 7 0.000933099 0.0547874 0.0836509 
qwerty 15 7 0 0.343852 -3.81516 4.04883 7.675 0.000933099 0.0547874 0.0836509 
qwerty 15 7 0 0.343852 -3.80763 4.49092 8.35 0.000933099 0.0547874 0.0836509 
qwerty 15 7 0 0.343852 -3.8001 4.93302 9.025 0.000933099 0.0547874 0.0836509 
qwerty 15 7 0 0.343852 -3.79257 5.37511 9.7 0.000933099 0.0547874 0.0836509 
qwerty 15 7 0 0.343852 -3.75236 5.89882 10.375 0.00513921 0.0619525 0.0783293 
qwerty 15 7 0 0.343852 -3.72323 6.25 10.819 0.00513921 0.0619525 0.0783293 
qwerty 15 7 0 0.343852 -3.70807 6.43269 11.05 0.00513921 0.0619525 0.0783293 
qwerty 15 7 0 0.343597 -3.68464 6.71514 11.4071 0.00145466 0.0597169 0.0801983 
qwerty 15 7 0 0.343597 -3.67887 6.95185 11.725 0.00145466 0.0597169 0.0801983 
qwerty 189 15 0.000255106 0 -3.68464 6.71514 11.4071 0.0784772 0.0485457 -0.038531 
qwerty 14 7 0 3.24779 -3.78925 3.63746 7 0.00517082 0.0573884 0.0817303 
qwerty 14 7 0 3.24779 -3.75 4.07313 7.62045 0.00517082 0.0573884 0.0817303 
qwerty 14 7 0 3.24779 -3.74655 4.11143 7.675 0.00517082 0.0573884 0.0817303 
qwerty 13 7 0 6.29009 -3.82641 3.14565 6.325 0.00236302 0.057801 0.0815687 
qwerty 13 7 0 2.50845 -4.11527 3.75 6.92057 -0.0411081 0.068305 0.0603702 
qwerty 13 7 0 2.50845 -4.16936 3.83987 7 -0.0411081 0.068305 0.0603702 
qwerty 13 7 0 2.50845 -4.62899 4.60359 7.675 -0.0411081 0.068305 0.0603702 
qwerty 13 7 0 2.50845 -5.08862 5.36731 8.35 -0.0411081 0.068305 0.0603702 
qwerty 13 7 0 2.50845 -5.54825 6.13103 9.025 -0.0411081 0.068305 0.0603702 
qwerty 13 7 0 2.50845 -6.00788 6.89475 9.7 -0.0411081 0.068305 0.0603702 
qwerty 13 7 0 2.50845 -6.25 7.29706 10.0556 -0.0411081 0.068305 0.0603702 
qwerty 13 7 0 2.50845 -6.46751 7.65847 10.375 -0.0411081 0.068305 0.0603702 
qwerty 13 7 0 0.408591 -7.00102 6.29114 11.05 -0.033688 -0.0865732 0.0370163 
qwerty 13 7 0 0.408591 -7.61533 4.71246 11.725 -0.033688 -0.0865732 0.0370163 
qwerty 193 13 0.885665 2.71674 -3.41256 3.43725 6.81343 0.0927327 0.012699 0.0352048 
qwerty 193 13 0.891228 1.82552 -3.02014 3.45307 6.94183 0.0747072 0.0405559 0.0526694 
qwerty 193 13 0.184669 1.64085 -2.93762 3.49786 7 0.049991 0.0741286 0.0447868 
qwerty 198 194 0 0.623635 -7.45847 8.79188 9.875 -0.0624741 0.0702222 -0.0341443 
qwerty 12 7 0 1.782 -3.8082 3.15987 6.325 0.00521354 0.0592585 0.0803819 
qwerty 12 7 0 1.782 -3.76442 3.65749 7 0.00521354 0.0592585 0.0803819 
qwerty 12 7 0 1.782 -3.75 3.8214 7.22234 0.00521354 0.0592585 0.0803819 
qwerty 12 7 0 1.782 -3.72064 4.15511 7.675 0.00521354 0.0592585 0.0803819 
qwerty 11 7 0 1.26962 -4.08077 2.59378 5.65 -0.0552743 0.0313613 0.077209 
qwerty 11 7 0 1.26962 -4.56401 2.86796 6.325 -0.0552743 0.0313613 0.077209 
qwerty 11 7 0 1.26962 -5.04724 3.14214 7 -0.0552743 0.0313613 0.077209 
qwerty 11 7 0 1.26962 -5.53048 3.41631 7.675 -0.0552743 0.0313613 0.077209 
qwerty 11 7 0 1.26962 -6.01371 3.69049 8.35 -0.0552743 0.0313613 0.077209 
qwerty 11 7 0 1.26962 -6.25 3.82455 8.68005 -0.0552743 0.0313613 0.077209 
qwerty 11 7 0 1.26962 -6.49695 3.96466 9.025 -0.0552743 0.0313613 0.077209 
qwerty 11 7 0 1.26962 -6.98019 4.23884 9.7 -0.0552743 0.0313613 0.077209 
qwerty 11 7 0 1.26962 -7.46342 4.51302 10.375 -0.0552743 0.0313613 0.077209 
qwerty 11 7 0 1.26962 -7.94666 4.78719 11.05 -0.0552743 0.0313613 0.077209 
qwerty 11 7 0 1.26962 -8.42989 5.06137 11.725 -0.0552743 0.0313613 0.077209 
qwerty 11 7 0 1.26962 -8.91313 5.33554 12.4 -0.0552743 0.0313613 0.077209 
qwerty 11 7 0 1.26962 -9.39636 5.60972 13.075 -0.0552743 0.0313613 0.077209 
qwerty 11 7 0 1.26962 -9.8796 5.8839 13.75 -0.0552743 0.0313613 0.077209 
qwerty 211 11 0.00745199 0.270477 -9.80623 5.66165 13.9294 0.0391906 -0.0233375 0.0889913 
qwerty 211 11 0.0109573 0.25952 -9.80431 5.66039 13.9328 0.0331628 -0.0280613 0.090071 
qwerty 211 11 0.0115233 0.247997 -9.80237 5.65992 13.9366 0.0553381 -0.0225757 0.080175 
qwerty 211 11 0.0127992 0.235198 -9.79951 5.65946 13.9427 0.0640625 0.0349097 0.0683908 
qwerty 211 11 0.0427751 0.192423 -9.79518 5.66156 13.9521 0.0597832 -0.0213541 0.0772656 
qwerty 211 11 0.0443688 0.148054 -9.78482 5.66655 13.9634 0.0516629 -0.041524 0.0748779 
qwerty 211 11 0.148054 0 -9.77673 5.66004 13.9751 0.0516629 -0.041524 0.0748779 
qwerty 10 7 0 2.04129 -4.04141 2.54492 5.65 -0.0525904 0.0265868 0.0807923 
qwerty 10 7 0 2.04129 -4.48079 2.76704 6.325 -0.0525904 0.0265868 0.0807923 
qwerty 10 7 0 2.04129 -4.92017 2.98917 7 -0.0525904 0.0265868 0.0807923 
qwerty 10 7 0 2.04129 -5.35955 3.2113 7.675 -0.0525904 0.0265868 0.0807923 
qwerty 10 7 0 0.235078 -5.57173 3.31856 8.00095 0.0648439 0.0101973 -0.0754406 
qwerty 10 7 0 0.235078 -5.44198 3.33896 7.85 0.0648439 0.0101973 -0.0754406 
qwerty 214 10 0.630308 1.1759 -5.67351 3.32257 8.30154 -0.0485587 0.0337095 0.0806581 
qwerty 214 10 0.0978085 1.07809 -5.70269 3.34282 8.35 -0.0638007 0.0467416 0.0611938 
qwerty 214 10 0.044425 0.621376 -5.71619 3.35835 8.33606 -0.00788433 0.0633314 -0.0769868 
qwerty 214 10 0.048161 0.573215 -5.72339 3.37282 8.31308 -0.00750261 0.0403387 -0.0911949 
qwerty 214 10 0.0511199 0.522095 -5.72017 3.38919 8.28748 -0.00794051 0.0485165 -0.087081 
qwerty 214 10 0.0631824 0.458913 -5.72699 3.40298 8.25273 -0.0287445 0.0615331 -0.0733992 
qwerty 214 10 0.119488 0.339424 -5.72621 3.42558 8.20618 -0.0098603 0.0848837 -0.0519378 
qwerty 214 10 0.339424 0 -5.73204 3.47577 8.17548 -0.0098603 0.0848837 -0.0519378 
qwerty 9 7 0 3.75133 -3.58137 2.3167 4.975 -0.0522234 0.028923 0.0802258 
qwerty 9 7 0 3.75133 -4.02077 2.56005 5.65 -0.0522234 0.028923 0.0802258 
qwerty 9 7 0 3.75133 -4.46016 2.8034 6.325 -0.0522234 0.028923 0.0802258 
qwerty 9 7 0 3.75133 -4.89956 3.04675 7 -0.0522234 0.028923 0.0802258 
qwerty 9 7 0 3.75133 -5.33895 3.2901 7.675 -0.0522234 0.028923 0.0802258 
qwerty 9 7 0 3.75133 -5.77835 3.53346 8.35 -0.0522234 0.028923 0.0802258 
qwerty 9 7 0 3.75133 -6.21774 3.77681 9.025 -0.0522234 0.028923 0.0802258 
qwerty 9 7 0 3.75133 -6.65714 4.02016 9.7 -0.0522234 0.028923 0.0802258 
qwerty 9 7 0 3.75133 -7.09653 4.26351 10.375 -0.0522234 0.028923 0.0802258 
qwerty 9 7 0 3.75133 -7.53593 4.50686 11.05 -0.0522234 0.028923 0.0802258 
qwerty 9 7 0 3.75133 -7.97532 4.75021 11.725 -0.0522234 0.028923 0.0802258 
qwerty 9 7 0 3.75133 -8.41472 4.99356 12.4 -0.0522234 0.028923 0.0802258 
qwerty 9 7 0 3.75133 -8.75 5.17925 12.9151 -0.0522234 0.028923 0.0802258 
qwerty 9 7 0 3.75133 -8.85411 5.23692 13.075 -0.0522234 0.028923 0.0802258 
qwerty 9 7 0 3.75133 -9.29351 5.48027 13.75 -0.0522234 0.028923 0.0802258 
qwerty 8 7 0 0.478192 -3.59962 2.37072 4.975 -0.0532576 0.0356889 0.0767459 
qwerty 8 7 0 0.478192 -4.06804 2.68462 5.65 -0.0532576 0.0356889 0.0767459 
qwerty 8 7 0 0.478192 -4.53645 2.99851 6.325 -0.0532576 0.0356889 0.0767459 
qwerty 116 49 1.15172 25.0083 0.951738 -0.852067 3.52509 0.0231127 -0.0310563 0.0922026 
qwerty 116 49 0.135905 24.8724 0.976783 -0.885719 3.625 0.023598 -0.0308608 0.0921452 
qwerty 116 49 0.907945 17.4531 0.8606 -1.09317 4.3 -0.0389036 -0.0238136 0.0889911 
qwerty 116 49 0.840524 10.5697 0.892981 -1.27658 4.975 0.0217257 -0.0384685 0.0897116 
qwerty 116 49 0.65405 1.30969 0.995547 -1.25 5.31143 -0.00348472 0.0627116 0.0778146 
qwerty 116 49 0.256795 1.05289 1.03389 -1.15097 5.43239 -0.00937099 0.0850766 0.0517123 
qwerty 116 49 0.269943 0.782951 1.04905 -1.00523 5.48925 0.00243499 0.0418713 0.0907792 
qwerty 116 49 0.378257 0.404694 1.06989 -0.946112 5.63396 -0.0541681 0.0605028 0.0583543 
qwerty 116 49 0.0732859 0.331408 1.05499 -0.929477 5.65 -0.0633833 -0.0172658 0.0753953 
qwerty 106 51 0.239036 1.09794 13.0679 -24.0231 35.2031 0.0349468 0.0339446 -0.0873297 
qwerty 106 51 0.41832 0.679617 13.1597 -23.9205 35.0917 0.0416592 0.0335049 -0.0845099 
qwerty 106 51 0.317033 0.362584 13.1631 -23.8935 34.9389 0.0483233 -0.0147344 -0.0863004 
qwerty 106 51 0.345705 0.0168783 13.2217 -23.892 34.8957 0.00141921 0.0980826 -0.0194368 
qwerty 106 51 0.0168783 0 13.2217 -23.8917 34.8956 0.00141921 0.0980826 -0.0194368 
qwerty 106 51 0 0 13.2217 -23.8917 34.8956 0.00141921 0.0980826 -0.0194368 
qwerty 252 78 0 0.510999 1.73239 -1.25 4.25302 0.0682609 -0.0727681 -0.00672639 
qwerty 252 78 0 0.447767 2.6288 -2.2056 4.16469 0.0845737 -0.0349544 -0.0403172 
qwerty 252 78 0 0.447767 3.39381 -2.52178 3.8 0.0845737 -0.0349544 -0.0403172 
qwerty 253 252 0.063232 0 2.62839 -2.20859 4.16672 -0.0114067 -0.0822007 0.0557936 
qwerty 251 78 0 0.426254 0.694672 1.25 4.04064 -0.0152048 0.097394 -0.0168291 
qwerty 251 78 0 0.426254 0.47726 2.64263 3.8 -0.0152048 0.097394 -0.0168291 
qwerty 250 90 0 0.510999 2.04713 -2.0965 3.8 0.0469336 0.0157817 -0.0868803 
qwerty 250 90 0 0.510999 2.41178 -1.97389 3.125 0.0469336 0.0157817 -0.0868803 
qwerty 250 90 0 0.510999 2.77642 -1.85128 2.45 0.0469336 0.0157817 -0.0868803 
qwerty 249 90 0 0.510999 1.41239 -2.30994 4.975 -0.0469336 -0.0157817 0.0868803 
qwerty 249 90 0 0.510999 1.04775 -2.43255 5.65 -0.0469336 -0.0157817 0.0868803 
qwerty 248 90 0 0.221403 2.91533 -2.29081 4.975 0.0890497 -0.00686727 0.0449776 
qwerty 246 90 0 0.584659 2.33071 -2.84295 4.975 0.0566093 -0.0610919 0.0553459 
qwerty 245 90 0 3.11176 3.77009 -2.65549 3.8 0.0940875 -0.022475 -0.0253458 
qwerty 245 90 0 3.11176 6.25 -3.24788 3.13195 0.0940875 -0.022475 -0.0253458 
qwerty 245 90 0 3.11176 6.27579 -3.25404 3.125 0.0940875 -0.022475 -0.0253458 
qwerty 245 90 0 2.3195 7.37457 -3.75 2.93377 0.0856466 -0.0507415 -0.00948483 
qwerty 245 90 0 2.3195 11.5943 -6.25 2.46646 0.0856466 -0.0507415 -0.00948483 
qwerty 245 90 0 2.3195 11.7429 -6.33803 2.45 0.0856466 -0.0507415 -0.00948483 
qwerty 245 90 0 0.499871 12.3134 -6.71887 1.775 0.00595012 -0.0104298 -0.0992765 
qwerty 266 263 0 0.356396 12.2229 -6.60664 2.95 -0.0125853 0.0124697 0.0984181 
qwerty 244 106 0 0.510999 13.2466 -23.75 34.9501 0.0161833 0.0921094 0.0354112 
qwerty 244 106 0 0.510999 13.4294 -22.7098 35.35 0.0161833 0.0921094 0.0354112 
qwerty 244 106 0 0.43898 13.5218 -21.9837 36.025 0.00517998 0.0588171 0.0807076 
qwerty 243 106 0 0.510999 13.2009 -24.0103 34.85 -0.0161833 -0.0921094 -0.0354112 
qwerty 243 106 0 0.348476 13.0951 -24.6127 34.6184 -0.0814041 -0.0528725 0.0240391 
qwerty 243 106 0 0.348476 12.9035 -24.7371 34.675 -0.0814041 -0.0528725 0.0240391 
qwerty 270 243 0.162523 0 13.1034 -24.6246 34.6074 0.0458056 -0.0652815 -0.0603338 
qwerty 240 116 0 0.510999 0.966701 -0.952665 5.15 -0.0173292 -0.00435932 -0.0983905 
qwerty 240 116 0 0.510999 0.847815 -0.982572 4.475 -0.0173292 -0.00435932 -0.0983905 
qwerty 240 116 0 0.510999 0.72893 -1.01248 3.8 -0.0173292 -0.00435932 -0.0983905 
qwerty 240 116 0 0.510999 0.610044 -1.04239 3.125 -0.0173292 -0.00435932 -0.0983905 
qwerty 238 116 0 0.747146 0.589825 -2.19096 5.65 -0.0334773 -0.0729703 0.0596205 
qwerty 238 116 0 0.656118 0.242783 -2.9474 6.26805 -0.00830059 -0.0945814 0.031392 
qwerty 238 116 0 0.656118 0.227725 -3.11898 6.325 -0.00830059 -0.0945814 0.031392 
qwerty 238 116 0 0.585639 -0.000530911 -3.75 6.50746 -0.0769569 -0.0569073 0.0289688 
qwerty 238 116 0 0.585639 -1.30898 -4.71756 7 -0.0769569 -0.0569073 0.0289688 
qwerty 238 116 0 0.400125 -2.2906 -4.71935 7.675 -0.0737559 0.026684 0.0620325 
qwerty 238 116 0 0.400125 -2.96427 -4.70992 8.35 -0.0704168 1.80261e-05 0.0710034 
qwerty 238 116 0 0.400125 -3.63369 -4.70975 9.025 -0.0704168 1.80261e-05 0.0710034 
qwerty 238 116 0 0.400125 -4.30312 -4.70958 9.7 -0.0704168 1.80261e-05 0.0710034 
qwerty 277 238 0.0910285 0 0.238563 -2.94578 6.27322 -0.0614706 0.0236788 0.0752375 
qwerty 237 116 0 1.79414 0.661081 -1.08008 4.975 -0.0290742 0.000216226 0.0956799 
qwerty 237 116 0 1.79414 0.455969 -1.07855 5.65 -0.0290742 0.000216226 0.0956799 
qwerty 237 116 0 1.64946 0.325557 -1.18348 6.325 -0.0165088 -0.0182283 0.0969288 
qwerty 237 116 0 1.64946 0.265309 -1.25 6.67874 -0.0165088 -0.0182283 0.0969288 
qwerty 237 116 0 1.64946 0.210592 -1.31042 7 -0.0165088 -0.0182283 0.0969288 
qwerty 237 116 0 1.64946 0.0956265 -1.43736 7.675 -0.0165088 -0.0182283 0.0969288 
qwerty 237 116 0 1.64946 -0.0193387 -1.56429 8.35 -0.0165088 -0.0182283 0.0969288 
qwerty 237 116 0 1.64946 -0.134304 -1.69123 9.025 -0.0165088 -0.0182283 0.0969288 
qwerty 237 116 0 1.64946 -0.249269 -1.81817 9.7 -0.0165088 -0.0182283 0.0969288 
qwerty 237 116 0 1.64946 -0.364234 -1.94511 10.375 -0.0165088 -0.0182283 0.0969288 
qwerty 237 116 0 1.64946 -0.4792 -2.07205 11.05 -0.0165088 -0.0182283 0.0969288 
qwerty 237 116 0 1.64946 -0.594165 -2.19899 11.725 -0.0165088 -0.0182283 0.0969288 
qwerty 237 116 0 1.64946 -0.70913 -2.32593 12.4 -0.0165088 -0.0182283 0.0969288 
qwerty 237 116 0 1.64946 -0.824095 -2.45287 13.075 -0.0165088 -0.0182283 0.0969288 
qwerty 237 116 0 1.64946 -0.939061 -2.57981 13.75 -0.0165088 -0.0182283 0.0969288 
qwerty 237 116 0 1.64946 -1.05403 -2.70675 14.425 -0.0165088 -0.0182283 0.0969288 
qwerty 237 116 0 1.64946 -1.16899 -2.83369 15.1 -0.0165088 -0.0182283 0.0969288 
qwerty 237 116 0 1.64946 -1.25 -2.92313 15.5756 -0.0165088 -0.0182283 0.0969288 
qwerty 237 116 0 1.64946 -1.28396 -2.96063 15.775 -0.0165088 -0.0182283 0.0969288 
qwerty 237 116 0 1.64946 -1.39892 -3.08757 16.45 -0.0165088 -0.0182283 0.0969288 
qwerty 237 116 0 1.64946 -1.51389 -3.21451 17.125 -0.0165088 -0.0182283 0.0969288 
qwerty 237 116 0 1.64946 -1.62885 -3.34145 17.8 -0.0165088 -0.0182283 0.0969288 
qwerty 237 116 0 1.64946 -1.74382 -3.46838 18.475 -0.0165088 -0.0182283 0.0969288 
qwerty 237 116 0 1.64946 -1.85878 -3.59532 19.15 -0.0165088 -0.0182283 0.0969288 
qwerty 237 116 0 1.64946 -1.97375 -3.72226 19.825 -0.0165088 -0.0182283 0.0969288 
qwerty 237 116 0 1.64946 -2.08871 -3.8492 20.5 -0.0165088 -0.0182283 0.0969288 
qwerty 237 116 0 1.64946 -2.20368 -3.97614 21.175 -0.0165088 -0.0182283 0.0969288 
qwerty 237 116 0 1.64946 -2.31864 -4.10308 21.85 -0.0165088 -0.0182283 0.0969288 
qwerty 237 116 0 1.64946 -2.43361 -4.23002 22.525 -0.0165088 -0.0182283 0.0969288 
qwerty 237 116 0 1.64946 -2.54857 -4.35696 23.2 -0.0165088 -0.0182283 0.0969288 
qwerty 237 116 0 1.64946 -2.66354 -4.4839 23.875 -0.0165088 -0.0182283 0.0969288 
qwerty 237 116 0 1.64946 -2.7785 -4.61084 24.55 -0.0165088 -0.0182283 0.0969288 
qwerty 237 116 0 1.64946 -2.89347 -4.73778 25.225 -0.0165088 -0.0182283 0.0969288 
qwerty 235 116 0 0.987229 0.866335 -1.12421 4.3 -0.0264639 -0.0297656 0.091726 
qwerty 235 116 0 0.322261 0.459769 -2.31637 3.8 -0.0280556 -0.085657 -0.0433101 
qwerty 235 116 0 0.28731 0.429481 -2.82099 3.125 0.00219587 -0.0516684 -0.0855895 
qwerty 234 116 0 0.136794 0.84887 -1.08485 4.3 -0.0299383 -0.0227153 0.0926699 
qwerty 233 116 0 0.641822 1.08328 -1.22466 4.3 0.0139291 -0.0462379 0.0875673 
qwerty 233 116 0 0.470669 1.25 -1.8136 4.60525 0.0258895 -0.0923688 0.0282442 
qwerty 233 116 0 0.470669 1.58893 -3.02283 4.975 0.0258895 -0.0923688 0.0282442 
qwerty 233 116 0 0.470669 1.79274 -3.75 5.19735 0.0258895 -0.0923688 0.0282442 
qwerty 233 116 0 0.394981 2.12876 -4.94884 5.56393 0.0739014 -0.0670445 -0.00660436 
qwerty 233 116 0 0.394981 3.56299 -6.25 5.43575 0.0739014 -0.0670445 -0.00660436 
qwerty 233 116 0 0.394981 6.31867 -8.75 5.18949 0.0739014 -0.0670445 -0.00660436 
qwerty 233 116 0 0.394981 6.76052 -9.15085 5.15 0.0739014 -0.0670445 -0.00660436 
qwerty 233 116 0 0.178765 5.37922 -9.57805 5.65 -0.0925047 -0.0208565 0.0317472 
qwerty 297 233 0.075688 0 2.12582 -4.95178 5.56668 -0.0589936 -0.0589574 0.0551704 
qwerty 232 116 0 1.48941 1.13046 -1.17211 4.3 0.0203644 -0.0394657 0.0895977 
qwerty 232 116 0 1.48941 1.25 -1.40377 4.82592 0.0203644 -0.0394657 0.0895977 
qwerty 232 116 0 1.48941 1.28388 -1.46944 4.975 0.0203644 -0.0394657 0.0895977 
qwerty 232 116 0 1.48941 1.4373 -1.76676 5.65 0.0203644 -0.0394657 0.0895977 
qwerty 232 116 0 1.48941 1.59072 -2.06408 6.325 0.0203644 -0.0394657 0.0895977 
qwerty 232 116 0 1.48941 1.74414 -2.3614 7 0.0203644 -0.0394657 0.0895977 
qwerty 232 116 0 1.48941 1.89756 -2.65872 7.675 0.0203644 -0.0394657 0.0895977 
qwerty 232 116 0 1.48941 2.05098 -2.95604 8.35 0.0203644 -0.0394657 0.0895977 
qwerty 232 116 0 1.48941 2.2044 -3.25336 9.025 0.0203644 -0.0394657 0.0895977 
qwerty 232 116 0 1.48941 2.35782 -3.55069 9.7 0.0203644 -0.0394657 0.0895977 
qwerty 232 116 0 1.48941 2.51123 -3.84801 10.375 0.0203644 -0.0394657 0.0895977 
qwerty 232 116 0 1.48941 2.66465 -4.14533 11.05 0.0203644 -0.0394657 0.0895977 
qwerty 232 116 0 1.48941 2.81807 -4.44265 11.725 0.0203644 -0.0394657 0.0895977 
qwerty 232 116 0 1.48941 2.97149 -4.73997 12.4 0.0203644 -0.0394657 0.0895977 
qwerty 232 116 0 1.48941 3.12491 -5.03729 13.075 0.0203644 -0.0394657 0.0895977 
qwerty 232 116 0 1.48941 3.27833 -5.33461 13.75 0.0203644 -0.0394657 0.0895977 
qwerty 232 116 0 1.48941 3.43175 -5.63193 14.425 0.0203644 -0.0394657 0.0895977 
qwerty 232 116 0 1.48941 3.58517 -5.92926 15.1 0.0203644 -0.0394657 0.0895977 
qwerty 232 116 0 1.48941 3.73859 -6.22658 15.775 0.0203644 -0.0394657 0.0895977 
qwerty 232 116 0 1.48941 3.892 -6.5239 16.45 0.0203644 -0.0394657 0.0895977 
qwerty 232 116 0 1.48941 4.04542 -6.82122 17.125 0.0203644 -0.0394657 0.0895977 
qwerty 232 116 0 1.48941 4.19884 -7.11854 17.8 0.0203644 -0.0394657 0.0895977 
qwerty 232 116 0 1.48941 4.35226 -7.41586 18.475 0.0203644 -0.0394657 0.0895977 
qwerty 232 116 0 1.48941 4.50568 -7.71318 19.15 0.0203644 -0.0394657 0.0895977 
qwerty 232 116 0 1.48941 4.6591 -8.01051 19.825 0.0203644 -0.0394657 0.0895977 
qwerty 302 301 0 0.175582 4.21677 -8.71421 20.5 -0.0591152 -0.00827735 0.0802302 
qwerty 231 116 0 65.7496 0.977978 -0.886263 3.625 0.024115 -0.0314273 0.0918194 
qwerty 231 116 0 65.7496 1.15526 -1.1173 4.3 0.024115 -0.0314273 0.0918194 
qwerty 231 116 0 65.7496 1.25 -1.24077 4.66074 0.024115 -0.0314273 0.0918194 
qwerty 231 116 0 65.7496 1.33254 -1.34833 4.975 0.024115 -0.0314273 0.0918194 
qwerty 230 116 0 0.259018 0.934589 -0.839194 3.50762 0.0138038 -0.0403836 0.0904357 
qwerty 230 116 0 0.259018 0.952506 -0.891612 3.625 0.0138038 -0.0403836 0.0904357 
qwerty 230 116 0 0.259018 1.05554 -1.19303 4.3 0.0138038 -0.0403836 0.0904357 
qwerty 230 116 0 0.259018 1.15857 -1.49445 4.975 0.0138038 -0.0403836 0.0904357 
qwerty 230 116 0 0.259018 1.2616 -1.79587 5.65 0.0138038 -0.0403836 0.0904357 
qwerty 227 127 0 0.559213 1.05514 -1.15769 2.45 0.00921187 -0.0735219 -0.0671541 
qwerty 227 127 0 0.559213 1.14774 -1.89669 1.775 0.00921187 -0.0735219 -0.0671541 
qwerty 227 127 0 0.559213 1.24033 -2.6357 1.1 0.00921187 -0.0735219 -0.0671541 
qwerty 227 127 0 0.559213 1.33292 -3.3747 0.425 0.00921187 -0.0735219 -0.0671541 
qwerty 227 127 0 0.559213 1.37994 -3.75 0.0822095 0.00921187 -0.0735219 -0.0671541 
qwerty 227 127 0 0.559213 1.42551 -4.11371 -0.25 0.00921187 -0.0735219 -0.0671541 
qwerty 223 184 0 0.510999 -4.72197 4.23672 7.85 -0.0840646 -0.00743174 -0.0536461 
qwerty 220 217 0 0.510999 -8.81086 4.99028 14.425 0.0598731 -0.0560229 0.057242 
qwerty 219 217 0 0.510999 -10.0399 6.14026 13.25 -0.0598731 0.0560229 -0.057242 
qwerty 219 217 0 0.510999 -10.7459 6.80088 12.575 -0.0598731 0.0560229 -0.057242 
qwerty 305 231 0.811304 24.0406 1.43871 -1.70313 5.46409 0.0169241 -0.069553 0.0698281 
qwerty 305 231 0.378815 23.6617 1.48377 -1.88831 5.65 0.0173919 -0.0741369 0.064817 
qwerty 305 231 2.57315 15.5498 1.6514 -3.46506 6.09987 0.00207113 -0.099115 0.0131119 
qwerty 305 231 0.486266 14.4287 1.65673 -3.77564 6.12616 0.0196375 -0.0977697 0.0074469 
qwerty 305 231 1.6755 12.7412 1.78335 -4.87726 6.27013 0.0281821 -0.078381 0.0553371 
qwerty 305 231 0.132134 12.6091 1.8113 -4.95498 6.325 0.0275102 -0.0802309 0.0529734 
qwerty 305 231 0.860126 6.86075 1.95635 -5.11359 6.9493 0.0161678 -0.0310506 0.0936721 
qwerty 305 231 0.0635111 6.79724 1.9651 -5.1304 7 0.011738 -0.0295945 0.0947966 
qwerty 332 305 0.0735715 0.701846 1.98874 -5.11322 6.97713 0.0828219 0.00109641 0.0560297 
qwerty 332 305 0.12967 0.572176 2.02205 -5.11279 6.99903 0.0829472 -0.00790689 0.0552923 
qwerty 332 305 0.00261298 0.569563 2.02351 -5.11293 7 0.0829192 -0.00399544 0.0557534 
qwerty 332 305 0.123447 0.326316 2.01676 -5.11494 6.99486 -0.0825862 0.0207529 -0.0524294 
qwerty 332 305 0.0224583 0.303858 2.00623 -5.11381 6.99032 -0.097331 0.00933439 -0.0209654 
qwerty 332 305 0.0217782 0.28208 1.99563 -5.11219 6.98536 -0.097479 0.0222588 0.0015483 
qwerty 332 305 0.121265 0.160815 1.9829 -5.11287 6.98334 -0.0985544 -0.00145101 -0.0168798 
qwerty 332 305 0.0403063 0.120509 1.97359 -5.11518 6.9822 -0.0908419 0.0219107 -0.0356044 
qwerty 332 305 0.052866 0.0676425 1.9634 -5.11716 6.98088 -0.0830791 -0.0331162 -0.0447346 
qwerty 332 305 0.0676425 0 1.96 -5.11852 6.97904 -0.0830791 -0.0331162 -0.0447346 
qwerty 328 305 0.0991915 0.535643 1.67909 -3.82004 6.09783 0.00682949 -0.0756974 -0.0649866 
qwerty 328 305 0.535643 0 1.68652 -3.90241 6.02711 -0.0257601 -0.0658825 -0.0706817 
qwerty 323 305 0.320359 0 1.44843 -1.68704 5.51483 0.017975 0.0297265 0.0937723 
qwerty 306 230 0.00131087 0 0.934592 -0.839191 3.50762 0.0660914 0.0727212 0.0185352 
qwerty 304 231 1.49149 4.96695 0.829145 -1.95131 5.63248 -0.070021 -0.0624366 0.0346227 
qwerty 304 231 0.0663139 4.90063 0.79371 -1.98291 5.65 -0.0575345 -0.0730349 0.0368197 
qwerty 343 304 0 0.561109 2.57987 -1.73344 5.15 0.0935716 0.0163534 -0.0312558 
qwerty 343 304 0 0.561109 3.75 -1.52894 4.75914 0.0935716 0.0163534 -0.0312558 
qwerty 343 304 0 0.561109 4.60064 -1.38027 4.475 0.0935716 0.0163534 -0.0312558 
qwerty 343 304 0 0.561109 5.34603 -1.25 4.22602 0.0935716 0.0163534 -0.0312558 
qwerty 343 304 0 0.241059 6.38813 -1.06787 3.87792 0.00419836 -0.0954475 0.0295322 
qwerty 343 304 0 0.241059 6.39614 -1.25 3.93427 0.00419836 -0.0954475 0.0295322 
qwerty 343 304 0 0.241059 6.44813 -2.43202 4.3 0.00419836 -0.0954475 0.0295322 
qwerty 344 343 0.133401 0.186649 6.42672 -1.06628 3.85897 0.0518191 0.0616108 -0.0593203 
qwerty 344 343 0.186649 0 6.43862 -1.05212 3.84534 0.0518191 0.0616108 -0.0593203 
qwerty 341 304 0 0.128885 1.28169 -1.60934 5.2378 -0.093743 0.00329586 0.034661 
qwerty 341 304 0 0.128885 0.166873 -1.57014 5.65 -0.093743 0.00329586 0.034661 
qwerty 347 341 0.0157178 0 1.28182 -1.6096 5.23787 0.0440556 -0.0869962 0.0221533 
qwerty 340 304 0 0.505392 0.667218 -2.44567 5.65 -0.0535805 -0.0749874 0.0388074 
qwerty 339 304 0 0.182901 1.23993 -1.61741 5.21796 -0.0775987 -0.0611212 -0.015577 
qwerty 339 304 0 0.182901 0.901379 -1.88407 5.15 -0.0775987 -0.0611212 -0.015577 
qwerty 351 339 0.0126855 0 1.24 -1.61747 5.21814 0.0333484 -0.0324041 0.0885316 
qwerty 338 304 0 26.6966 1.49819 -1.57807 5.65 0.022521 -0.0313814 0.0922389 
qwerty 338 304 0 26.6966 1.66299 -1.80772 6.325 0.022521 -0.0313814 0.0922389 
qwerty 338 304 0 26.6966 1.8278 -2.03737 7 0.022521 -0.0313814 0.0922389 
qwerty 338 304 0 26.6966 1.99261 -2.26701 7.675 0.022521 -0.0313814 0.0922389 
qwerty 338 304 0 26.6966 2.15742 -2.49666 8.35 0.022521 -0.0313814 0.0922389 
qwerty 338 304 0 26.6966 2.32222 -2.72631 9.025 0.022521 -0.0313814 0.0922389 
qwerty 338 304 0 9.04515 2.48071 -2.94714 9.6741 0.0456727 -0.0177669 0.0871685 
qwerty 338 304 0 9.04515 2.49428 -2.95242 9.7 0.0456727 -0.0177669 0.0871685 
qwerty 338 304 0 9.04515 2.84795 -3.09 10.375 0.0456727 -0.0177669 0.0871685 
qwerty 338 304 0 9.04515 3.20162 -3.22758 11.05 0.0456727 -0.0177669 0.0871685 
qwerty 338 304 0 9.04515 3.5553 -3.36517 11.725 0.0456727 -0.0177669 0.0871685 
qwerty 338 304 0 9.04515 3.90897 -3.50275 12.4 0.0456727 -0.0177669 0.0871685 
qwerty 336 305 0 0.510999 1.37967 -6.25 6.52487 -0.0452585 -0.0792634 -0.0408532 
qwerty 336 305 0 0.510999 1.35212 -6.29825 6.5 -0.0452585 -0.0792634 -0.0408532 
qwerty 336 305 0 0.495683 0.969457 -6.96843 6.15458 -0.0643604 -0.0634701 -0.0427702 
qwerty 336 305 0 0.495683 0.473503 -7.45753 5.825 -0.0643604 -0.0634701 -0.0427702 
qwerty 335 305 0 0.887151 0.727844 -6.2357 7.24707 -0.0786344 -0.0544081 -0.0292641 
qwerty 335 305 0 0.887151 0.534186 -6.3697 7.175 -0.0786344 -0.0544081 -0.0292641 
qwerty 335 305 0 0.887151 -1.27958 -7.62466 6.5 -0.0786344 -0.0544081 -0.0292641 
qwerty 335 305 0 0.297544 -2.98735 -8.80629 5.86444 -0.0175897 0.0812797 -0.0555358 
qwerty 335 305 0 0.297544 -2.99985 -8.74857 5.825 -0.0175897 0.0812797 -0.0555358 
qwerty 333 305 0 0.274198 2.68219 -5.35079 6.95666 0.0817146 0.0422723 -0.039189 
qwerty 333 305 0 0.274198 3.6344 -4.8582 6.5 0.0817146 0.0422723 -0.039189 
qwerty 333 305 0 0.274198 5.04187 -4.13009 5.825 0.0817146 0.0422723 -0.039189 
qwerty 333 305 0 0.274198 5.7766 -3.75 5.47264 0.0817146 0.0422723 -0.039189 
qwerty 333 305 0 0.274198 6.44934 -3.40198 5.15 0.0817146 0.0422723 -0.039189 
qwerty 330 305 0 1.68506 2.32048 -5.17031 7 0.0612598 -0.0186202 0.0768149 
qwerty 330 305 0 0.634607 3.75 -3.76409 7.65607 0.0666004 0.0689613 0.028438 
qwerty 330 305 0 0.634607 3.79434 -3.71817 7.675 0.0666004 0.0689613 0.028438 
qwerty 330 305 0 0.634607 5.37516 -2.08132 8.35 0.0666004 0.0689613 0.028438 
qwerty 330 305 0 0.634607 6.25 -1.17546 8.72355 0.0666004 0.0689613 0.028438 
qwerty 330 305 0 0.634607 6.95597 -0.44446 9.025 0.0666004 0.0689613 0.028438 
qwerty 330 305 0 0.634607 8.53679 1.1924 9.7 0.0666004 0.0689613 0.028438 
qwerty 329 305 0.00029101 0 1.79736 -4.95637 6.32251 0.014608 -0.0824847 0.0546157 
qwerty 327 305 0.00029101 0 1.65262 -3.53334 6.10899 0.00178147 -0.0991056 0.0132249 
qwerty 356 338 0.821235 5.23601 4.14763 -3.58227 13.075 0.0683919 -0.00446264 0.0728192 
qwerty 356 338 0.580561 1.57499 4.0113 -3.31553 13.0555 -0.0397806 0.09008 -0.0174095 
qwerty 356 338 0.512703 1.06228 3.88789 -3.07384 13.0257 -0.0535319 0.0839365 -0.00943383 
qwerty 356 338 0.390425 0.671859 3.76232 -2.91753 12.9869 -0.0221934 0.0914668 0.0337828 
qwerty 356 338 0.0903225 0.581536 3.75 -2.86675 13.0057 -0.0511943 0.0844147 0.0159155 
qwerty 356 338 0.0474649 0.534071 3.74293 -2.84952 13.0067 -0.0414278 0.0903465 -0.0110111 
qwerty 356 338 0.0386069 0.495464 3.73211 -2.82981 13.0015 -0.0384313 0.0923175 0.000717686 
qwerty 356 338 0.0403649 0.4551 3.72586 -2.80929 12.9975 -0.0298109 0.0945705 0.0129512 
qwerty 356 338 0.0356148 0.419485 3.72212 -2.78778 12.9992 0.0198908 0.0959874 -0.0197681 
qwerty 356 338 0.0566261 0.362859 3.72187 -2.76525 12.9996 -0.0424622 0.0842145 -0.0332398 
qwerty 356 338 0.0488402 0.314018 3.71868 -2.74617 12.9903 -0.0138163 0.0608128 -0.0781723 
qwerty 356 338 0.067174 0.246844 3.71692 -2.72671 12.977 -0.00842206 0.0853882 -0.0513607 
qwerty 356 338 0.0996777 0.147167 3.71708 -2.71293 12.958 0.0409177 0.073641 -0.053877 
qwerty 356 338 0.147167 0 3.72334 -2.70167 12.9498 0.0409177 0.073641 -0.053877 
qwerty 356 338 0 0 3.72334 -2.70167 12.9498 0.0409177 0.073641 -0.053877 
qwerty 372 327 0.00443608 0 1.65263 -3.53334 6.10895 0.026978 -0.00259289 -0.0962573 
qwerty 371 329 0.0116654 0 1.79754 -4.95636 6.32252 0.0996116 0.00796755 0.00374705 
qwerty 366 333 0.03313 0 2.6826 -5.35186 6.95683 0.0358284 -0.0922711 0.0142257 
qwerty 365 333 0.655349 1.51831 1.57124 -5.21285 7.32127 -0.072601 -0.00784989 0.0683189 
qwerty 365 333 0.424256 1.09406 1.45994 -5.21737 7.58631 -0.030745 0.0598514 0.0739767 
qwerty 365 333 0.184552 0.909508 1.42308 -5.14562 7.675 -0.0295995 0.0652434 0.0697651 
qwerty 365 333 0.0483709 0.446085 1.43772 -5.14404 7.66215 0.0293217 -0.035923 -0.088599 
qwerty 365 333 0.0312233 0.414862 1.43945 -5.14702 7.64914 0.0241525 -0.0407988 -0.0880461 
qwerty 365 333 0.0361263 0.378735 1.4426 -5.1554 7.63898 0.0748332 -0.046749 -0.0470588 
qwerty 365 333 0.0410803 0.337655 1.45952 -5.16879 7.63027 0.0643747 -0.0748951 -0.0157044 
qwerty 365 333 0.0450919 0.292563 1.4797 -5.18138 7.62937 0.0731726 -0.0495445 0.0468092 
qwerty 365 333 0.127812 0.164752 1.49507 -5.20751 7.63452 0.0709773 -0.054752 0.044322 
qwerty 365 333 0.164752 0 1.50835 -5.21776 7.64282 0.0709773 -0.054752 0.044322 
qwerty 362 335 0.0454518 0.544156 -3.00397 -8.82168 5.86612 -0.0828534 -0.0552748 0.00894513 
qwerty 362 335 0.0514063 0.49275 -3.02602 -8.83142 5.86664 -0.0844521 -0.0327089 -0.0424025 
qwerty 362 335 0.0468873 0.445862 -3.04916 -8.83783 5.8614 -0.0632067 -0.0497969 -0.0593733 
qwerty 362 335 0.0353502 0.410512 -3.06498 -8.84796 5.85455 -0.0644167 -0.0414161 -0.0643055 
qwerty 362 335 0.0739174 0.336595 -3.07673 -8.85887 5.84503 -0.0873949 -0.0480762 -0.00712755 
qwerty 362 335 0.0429341 0.293661 -3.09686 -8.86662 5.84581 -0.0942682 -0.00721258 -0.0325804 
qwerty 362 335 0.035955 0.257706 -3.11571 -8.8605 5.84213 -0.0725174 0.0406693 -0.0555629 
qwerty 362 335 0.0649824 0.192723 -3.13296 -8.85754 5.83057 -0.0994242 -0.010492 0.00218082 
qwerty 362 335 0.0637627 0.12896 -3.15085 -8.85699 5.82558 -0.0875537 -0.048196 0.00338974 
qwerty 362 335 0.12896 0 -3.16174 -8.86298 5.826 -0.0875537 -0.048196 0.00338974 
qwerty 361 335 0.170494 0 0.724075 -6.24521 7.26403 -0.0190309 -0.0480178 0.0856278 
qwerty 358 336 0.0153162 0 0.96966 -6.96864 6.15459 0.0696195 -0.0717391 0.00257418 
qwerty 354 338 0.0603952 17.5911 2.48362 -2.95762 9.7 0.0099475 -0.036117 0.0927179 
qwerty 354 338 0.740921 2.32382 2.91422 -2.90364 10.2181 0.0667439 0.0306032 0.0678873 
qwerty 354 338 0.436373 1.88744 3.06845 -2.83293 10.375 0.0648001 0.00369632 0.0760742 
qwerty 384 354 0 0.549497 2.16285 -2.86129 10.375 -0.0668759 0.0187445 0.0719462 
qwerty 384 354 0 0.549497 1.53542 -2.68543 11.05 -0.0668759 0.0187445 0.0719462 
qwerty 384 354 0 0.549497 1.25 -2.60543 11.3571 -0.0668759 0.0187445 0.0719462 
qwerty 384 354 0 0.549497 0.907986 -2.50957 11.725 -0.0668759 0.0187445 0.0719462 
qwerty 384 354 0 0.549497 0.280556 -2.33371 12.4 -0.0668759 0.0187445 0.0719462 
qwerty 384 354 0 0.549497 -0.346873 -2.15785 13.075 -0.0668759 0.0187445 0.0719462 
qwerty 384 354 0 0.549497 -0.974303 -1.98198 13.75 -0.0668759 0.0187445 0.0719462 
qwerty 382 354 0 9.40657 3.41153 -3.37857 10.375 0.0788998 -0.0353347 0.0502622 
qwerty 382 354 0 9.40657 4.2409 -3.75 10.9033 0.0788998 -0.0353347 0.0502622 
qwerty 382 354 0 9.40657 4.47112 -3.8531 11.05 0.0788998 -0.0353347 0.0502622 
qwerty 382 354 0 9.40657 5.53071 -4.32763 11.725 0.0788998 -0.0353347 0.0502622 
qwerty 382 354 0 9.40657 6.5903 -4.80216 12.4 0.0788998 -0.0353347 0.0502622 
qwerty 382 354 0 9.40657 7.64989 -5.27669 13.075 0.0788998 -0.0353347 0.0502622 
qwerty 382 354 0 9.40657 8.70948 -5.75122 13.75 0.0788998 -0.0353347 0.0502622 
qwerty 382 354 0 9.40657 9.76907 -6.22575 14.425 0.0788998 -0.0353347 0.0502622 
qwerty 382 354 0 9.40657 10.8287 -6.70028 15.1 0.0788998 -0.0353347 0.0502622 
qwerty 382 354 0 9.40657 11.25 -6.88897 15.3684 0.0788998 -0.0353347 0.0502622 
qwerty 382 354 0 9.40657 11.8882 -7.17481 15.775 0.0788998 -0.0353347 0.0502622 
qwerty 382 354 0 9.40657 12.9478 -7.64934 16.45 0.0788998 -0.0353347 0.0502622 
qwerty 382 354 0 9.40657 13.75 -8.00858 16.961 0.0788998 -0.0353347 0.0502622 
qwerty 382 354 0 9.40657 14.0074 -8.12387 17.125 0.0788998 -0.0353347 0.0502622 
qwerty 382 354 0 9.40657 15.067 -8.59839 17.8 0.0788998 -0.0353347 0.0502622 
qwerty 382 354 0 9.40657 16.1266 -9.07292 18.475 0.0788998 -0.0353347 0.0502622 
qwerty 379 356 0 0.510999 3.75 -2.72487 12.9665 0.0682205 -0.0593574 0.0426926 
qwerty 379 356 0 0.510999 3.9234 -2.87575 13.075 0.0682205 -0.0593574 0.0426926 
qwerty 378 356 0 0.510999 3.12443 -2.18058 12.575 -0.0682205 0.0593574 -0.0426926 
qwerty 378 356 0 0.510999 2.0549 -1.25 11.9057 -0.0682205 0.0593574 -0.0426926 
qwerty 378 356 0 0.510999 2.04582 -1.2421 11.9 -0.0682205 0.0593574 -0.0426926 
qwerty 378 356 0 0.510999 1.25 -0.549669 11.402 -0.0682205 0.0593574 -0.0426926 
qwerty 378 356 0 0.510999 0.967206 -0.303615 11.225 -0.0682205 0.0593574 -0.0426926 
qwerty 378 356 0 0.510999 -0.111407 0.634867 10.55 -0.0682205 0.0593574 -0.0426926 
qwerty 377 356 0 0.466676 2.97504 -3.61324 13.75 -0.0876718 -0.000363686 0.0480992 
qwerty 388 382 1.29722 3.84263 16.9475 -9.25811 19.1121 0.0792196 -0.0311526 0.0524763 
qwerty 388 382 0.108285 3.73434 17.0047 -9.28062 19.15 0.0773463 -0.0329648 0.0541375 
qwerty 388 382 0.39761 0 17.122 -9.54199 19.0403 -0.00187901 -0.0905974 -0.0422916 
qwerty 391 379 0.011428 0.345032 3.91855 -2.87567 13.0709 -0.0344947 -0.074282 -0.0573786 
qwerty 391 379 0.0121921 0.33284 3.91589 -2.87954 13.0664 -0.021167 -0.0594635 -0.0775632 
qwerty 391 379 0.0141755 0.318664 3.91498 -2.88405 13.0622 -0.024848 -0.054141 -0.0803202 
qwerty 391 379 0.0122544 0.30641 3.9145 -2.88751 13.0561 -0.0385469 -0.0486121 -0.0784283 
qwerty 391 379 0.0577735 0.248636 3.91166 -2.89101 13.0453 -0.0569976 -0.0444392 -0.0691117 
qwerty 391 379 0.0267306 0.221906 3.9011 -2.90065 13.0395 -0.0379852 -0.054045 -0.0750751 
qwerty 391 379 0.0461321 0.175774 3.89182 -2.91261 13.0319 -0.0998252 -0.00265189 -0.00528249 
qwerty 391 379 0.175774 0 3.87103 -2.91316 13.0308 -0.0998252 -0.00265189 -0.00528249 
qwerty 387 382 0 2.9831 16.4 -9.19582 18.65 0.0747282 -0.0635641 -0.0193726 
qwerty 387 382 0.862632 1.92486 16.7541 -9.46352 18.7193 0.0673049 -0.0650263 0.0352368 
qwerty 387 382 0.496603 1.42825 17.0573 -9.57652 18.8227 0.0419461 0.0170596 0.0891599 
qwerty 387 382 0.408674 1.01958 17.2525 -9.56831 19.0101 0.0731838 0.0673646 0.0103029 
qwerty 387 382 0.464428 0.55515 17.3883 -9.44645 19.1318 0.0819211 -0.0205401 0.0535447 
qwerty 387 382 0.0565708 0.498579 17.4161 -9.45342 19.15 0.0854477 -0.0432881 0.0287199 
qwerty 387 382 0.0140261 0.423181 17.414 -9.46077 19.1435 -0.0618892 -0.0514578 -0.059345 
qwerty 387 382 0.0230126 0.400169 17.4084 -9.46523 19.1355 -0.0491931 -0.0451012 -0.0744709 
qwerty 387 382 0.0208071 0.379362 17.4018 -9.46845 19.1253 -0.0454717 -0.025535 -0.0853246 
qwerty 387 382 0.0231828 0.356179 17.3945 -9.47071 19.1149 -0.0482794 -0.00795524 -0.0872113 
qwerty 387 382 0.0376867 0.318492 17.3809 -9.46496 19.0979 -0.0142141 0.0423799 -0.0894533 
qwerty 387 382 0.0716357 0.246856 17.376 -9.44392 19.0783 -0.00341745 -0.00533933 -0.0997989 
qwerty 387 382 0.246856 0 17.3748 -9.44584 19.0424 -0.00341745 -0.00533933 -0.0997989 
qwerty 396 388 0 3.02018 16.9659 -10.4809 18.65 -0.015171 -0.0912711 -0.0379397 
qwerty 396 388 0 3.02018 16.696 -12.1048 17.975 -0.015171 -0.0912711 -0.0379397 
qwerty 396 388 0 3.02018 16.4261 -13.7286 17.3 -0.015171 -0.0912711 -0.0379397 
qwerty 396 388 0 2.64895 16.25 -14.262 17.0899 -0.0360482 -0.0871106 -0.0333508 
qwerty 396 388 0 2.64895 15.7475 -15.4762 16.625 -0.0360482 -0.0871106 -0.0333508 
qwerty 396 388 0 0.306213 15.2636 -14.5861 15.95 -0.0298916 0.0841949 -0.0449189 
qwerty 395 388 0 0.432193 19.1119 -8.89012 18.65 0.0934221 0.0306034 -0.0183232 
qwerty 395 388 0 0.432193 21.25 -8.18971 18.2306 0.0934221 0.0306034 -0.0183232 
qwerty 395 388 0 0.432193 22.5534 -7.76273 17.975 0.0934221 0.0306034 -0.0183232 
qwerty 395 388 0 0.432193 25.1781 -7.18072 17.3 0.0947187 0.0205384 -0.0246281 
