qwerty 1 0 0 240.08 0 0 -0.249992 0 0 0.1 
qwerty 3 1 0 152.31 0.23343 0.0594507 0.25 0.0420602 0.010712 0.0900899 
qwerty 3 1 0 152.31 0.548567 0.139711 0.925 0.0420602 0.010712 0.0900899 
qwerty 3 1 0 152.31 0.863703 0.21997 1.6 0.0420602 0.010712 0.0900899 
qwerty 3 1 0 152.31 1.17884 0.30023 2.275 0.0420602 0.010712 0.0900899 
qwerty 3 1 0 152.31 1.49398 0.38049 2.95 0.0420602 0.010712 0.0900899 
qwerty 3 1 0 152.31 1.80911 0.46075 3.625 0.0420602 0.010712 0.0900899 
qwerty 3 1 0 152.31 2.12425 0.54101 4.3 0.0420602 0.010712 0.0900899 
qwerty 4 3 0.912057 74.0525 2.43551 0.57356 4.975 0.0398517 0.00472619 0.0915942 
qwerty 4 3 0.890379 62.3587 2.75245 0.539995 5.65 0.0442947 -0.00551594 0.0894849 
qwerty 4 3 1.13006 57.4997 3.22623 0.676644 6.325 0.054965 0.0247223 0.0797976 
qwerty 4 3 0.931596 52.8694 3.45758 0.762659 7 0.0213265 0.0130957 0.0968178 
qwerty 4 3 0.887781 14.8292 3.48829 0.844657 7.675 -0.00148362 0.0152648 0.0988169 
qwerty 4 3 0.611792 5.00266 3.28628 1.02478 8.09566 -0.0232053 0.0582714 0.0778843 
qwerty 4 3 0.553832 4.44883 3.21051 1.21507 8.35 -0.017321 0.0739929 0.0650002 
qwerty 19 4 0 0.270564 3.21278 1.2229 8.35 -0.0222301 0.0599134 0.0769169 
qwerty 18 4 0 0.501847 2.95579 1.03681 8.35 -0.0591459 0.0255898 0.0764652 
qwerty 17 4 0 0.477819 2.92446 0.644728 8.35 -0.0616054 -0.0308499 0.072478 
qwerty 17 4 0 0.477819 2.35072 0.357419 9.025 -0.0616054 -0.0308499 0.072478 
qwerty 15 4 0 0.245522 2.53973 0.788546 8.35 -0.084597 -0.0066472 0.0529071 
qwerty 14 4 0 3.99455 3.37238 1.11987 8.35 -0.0167164 0.0391152 0.0905017 
qwerty 14 4 0 3.99455 3.2477 1.41161 9.025 -0.0167164 0.0391152 0.0905017 
qwerty 14 4 0 3.99455 3.12302 1.70334 9.7 -0.0167164 0.0391152 0.0905017 
qwerty 14 4 0 3.99455 2.99835 1.99508 10.375 -0.0167164 0.0391152 0.0905017 
qwerty 14 4 0 3.99455 2.87367 2.28682 11.05 -0.0167164 0.0391152 0.0905017 
qwerty 14 4 0 3.99455 2.74899 2.57856 11.725 -0.0167164 0.0391152 0.0905017 
qwerty 14 4 0 3.99455 2.62431 2.87029 12.4 -0.0167164 0.0391152 0.0905017 
qwerty 14 4 0 3.99455 2.49963 3.16203 13.075 -0.0167164 0.0391152 0.0905017 
qwerty 14 4 0 3.99455 2.37495 3.45377 13.75 -0.0167164 0.0391152 0.0905017 
qwerty 14 4 0 3.99455 2.25028 3.74551 14.425 -0.0167164 0.0391152 0.0905017 
qwerty 14 4 0 3.99455 2.1256 4.03724 15.1 -0.0167164 0.0391152 0.0905017 
qwerty 14 4 0 3.99455 2.00092 4.32898 15.775 -0.0167164 0.0391152 0.0905017 
qwerty 14 4 0 3.99455 1.87624 4.62072 16.45 -0.0167164 0.0391152 0.0905017 
qwerty 14 4 0 3.99455 1.75156 4.91245 17.125 -0.0167164 0.0391152 0.0905017 
qwerty 14 4 0 3.99455 1.62688 5.20419 17.8 -0.0167164 0.0391152 0.0905017 
qwerty 14 4 0 0.868697 2.25861 5.51266 18.475 0.0739627 0.028281 0.0610713 
qwerty 14 4 0 0.868697 3.07609 5.82524 19.15 0.0739627 0.028281 0.0610713 
qwerty 14 4 0 0.868697 3.75 6.08292 19.7064 0.0739627 0.028281 0.0610713 
qwerty 14 4 0 0.868697 3.89358 6.13782 19.825 0.0739627 0.028281 0.0610713 
qwerty 34 31 0 0.160186 0.628939 5.16494 17.3 -0.083236 -0.0148498 -0.0533971 
qwerty 13 4 0 26.5054 3.6083 0.839589 7.675 0.022078 0.0110672 0.0969024 
qwerty 13 4 0 26.5054 3.76209 0.916681 8.35 0.022078 0.0110672 0.0969024 
qwerty 13 4 0 26.5054 3.91588 0.993773 9.025 0.022078 0.0110672 0.0969024 
qwerty 36 13 0 5.09322 3.97708 1.01024 9.2 -0.0065649 -0.0592947 -0.0802561 
qwerty 36 13 0.813951 2.01214 4.0264 1.23185 9.51303 0.0194984 0.0655352 0.0729722 
qwerty 36 13 0.053526 1.95861 4.0318 1.25 9.53325 0.0152754 0.0617735 0.0771408 
qwerty 36 13 0.373048 1.58557 4.06482 1.38353 9.7 -0.000286536 0.0248292 0.0968681 
qwerty 39 36 0 0.504162 3.75 0.634793 8.94749 -0.0456328 -0.0750442 -0.0478123 
qwerty 39 36 0 0.504162 3.34677 -0.0283229 8.525 -0.0456328 -0.0750442 -0.0478123 
qwerty 39 36 0 0.504162 2.70254 -1.08778 7.85 -0.0456328 -0.0750442 -0.0478123 
qwerty 38 36 0 0.272372 4.01143 0.81304 9.7 0.00688223 -0.0364149 0.0928794 
qwerty 12 4 0 7.99338 3.62811 0.843335 7.675 0.025515 0.011107 0.0960501 
qwerty 12 4 0 7.99338 3.80741 0.92139 8.35 0.025515 0.011107 0.0960501 
qwerty 12 4 0 7.99338 3.98672 0.999445 9.025 0.025515 0.011107 0.0960501 
qwerty 12 4 0 7.99338 4.16603 1.0775 9.7 0.025515 0.011107 0.0960501 
qwerty 9 4 0 8.34556 2.73718 0.537875 5.65 0.0412619 -0.00516708 0.0909437 
qwerty 9 4 0 8.34556 3.04343 0.499524 6.325 0.0412619 -0.00516708 0.0909437 
qwerty 9 4 0 8.34556 3.34968 0.461173 7 0.0412619 -0.00516708 0.0909437 
qwerty 8 4 0 1.5747 2.43533 0.578419 4.975 0.0417156 0.00331591 0.090823 
qwerty 8 4 0 1.5747 2.74536 0.603063 5.65 0.0417156 0.00331591 0.090823 
qwerty 8 4 0 1.5747 3.05539 0.627707 6.325 0.0417156 0.00331591 0.090823 
qwerty 8 4 0 1.5747 3.36542 0.652351 7 0.0417156 0.00331591 0.090823 
qwerty 8 4 0 1.5747 3.67546 0.676995 7.675 0.0417156 0.00331591 0.090823 
qwerty 8 4 0 1.5747 3.98549 0.701639 8.35 0.0417156 0.00331591 0.090823 
qwerty 8 4 0 0.442879 4.18225 0.717279 8.77838 -0.00680686 -0.0964693 0.0254428 
qwerty 8 4 0 0.442879 4.11627 -0.217811 9.025 -0.00680686 -0.0964693 0.0254428 
qwerty 52 8 0.0016924 0.0964528 4.07124 -0.873147 9.20001 0.0147708 0.0985464 0.00839284 
qwerty 52 8 0.00171946 0.0947333 4.07142 -0.872408 9.20005 0.0291587 0.0953528 -0.00759076 
qwerty 52 8 0.00227096 0.0924623 4.07161 -0.871784 9.2 0.0281688 0.0959503 -0.000251039 
qwerty 52 8 0.00183415 0.0774874 4.07093 -0.871649 9.20035 -0.0840284 -0.0262345 0.0474445 
qwerty 52 8 0.00103728 0.0764501 4.07046 -0.87179 9.20051 -0.0739311 -0.0374751 0.0559447 
qwerty 52 8 0.000915823 0.0755343 4.07015 -0.87195 9.20069 -0.0781925 -0.0462669 0.0417768 
qwerty 52 8 0.00261103 0.0729233 4.0698 -0.87223 9.20083 -0.0644889 -0.0648248 0.0404837 
qwerty 52 8 0.00243165 0.0704916 4.06949 -0.872616 9.20095 -0.0701732 -0.0668586 0.0246099 
qwerty 52 8 0.00159988 0.0688917 4.06914 -0.872926 9.20113 -0.0262699 -0.0753513 0.0602667 
qwerty 52 8 0.00142628 0.0674655 4.069 -0.873272 9.20159 -0.00939864 -0.0637175 0.0764967 
qwerty 52 8 0.00308406 0.0643814 4.0688 -0.873636 9.20221 0.0158724 0.00311622 0.0986831 
qwerty 52 8 0.0175326 0.0468488 4.06937 -0.87385 9.20339 0.0240616 -0.0454099 0.0857845 
qwerty 52 8 0.0179816 0.0288672 4.06951 -0.873651 9.20535 0.0464468 0.017881 0.086735 
qwerty 52 8 0.0288672 0 4.06993 -0.873489 9.20613 0.0464468 0.017881 0.086735 
qwerty 51 8 0.28197 0.849846 4.21226 0.732393 8.92281 0.061137 0.0402449 0.0681368 
qwerty 51 8 0.231117 0.618729 4.27659 0.755441 9.01361 0.079011 0.0132909 0.0598382 
qwerty 51 8 0.0364214 0.582308 4.29163 0.757971 9.025 0.0864707 0.0127919 0.0485715 
qwerty 51 8 0.0139516 0.389036 4.30331 0.751962 9.01719 0.052935 -0.0401738 -0.0747258 
qwerty 51 8 0.0311669 0.357869 4.30701 0.74748 9.01046 0.0553358 -0.0513616 -0.0655738 
qwerty 51 8 0.0284948 0.329374 4.31259 0.740613 9.00505 0.0873504 -0.0466844 -0.0138015 
qwerty 51 8 0.0230991 0.306275 4.32274 0.734402 9.00118 0.07689 -0.0220416 -0.0600175 
qwerty 51 8 0.0310743 0.275201 4.33113 0.733677 8.99691 0.0929838 -0.0228999 -0.0288028 
qwerty 51 8 0.0402731 0.234928 4.34546 0.723209 8.99083 0.0974178 -0.0214759 0.00696863 
qwerty 51 8 0.0631267 0.171801 4.36779 0.720839 8.97909 0.0870333 -0.0425673 -0.0247636 
qwerty 51 8 0.171801 0 4.38525 0.712302 8.97413 0.0870333 -0.0425673 -0.0247636 
qwerty 7 4 0 0.47366 2.42078 0.599078 4.975 0.0395259 0.00703018 0.0915875 
qwerty 6 4 0 5.61721 2.4373 0.608155 4.975 0.0418504 0.00852293 0.0904207 
qwerty 6 4 0 5.61721 2.74971 0.67178 5.65 0.0418504 0.00852293 0.0904207 
qwerty 6 4 0 5.35904 3.0042 0.713388 6.325 0.0338461 0.00519251 0.0939547 
qwerty 6 4 0 5.35904 3.24736 0.750693 7 0.0338461 0.00519251 0.0939547 
qwerty 2 1 0 222.747 -0.150582 -0.0383507 0.25 -0.02876 -0.00732468 0.0954946 
qwerty 58 2 1.30202 18.8633 -0.618805 -0.308311 0.925 -0.0559379 -0.0493918 0.0665688 
qwerty 58 2 0.509609 14.2582 -0.742027 -0.650296 1.23083 -0.0236591 -0.0789438 0.0566403 
qwerty 58 2 0.505451 13.4333 -0.800684 -0.883073 1.38637 -0.0189061 -0.0761674 0.0619765 
qwerty 58 2 0.609086 12.8242 -0.865851 -1.14561 1.6 -0.0221888 -0.0791058 0.0570081 
qwerty 58 2 0.868221 3.238 -0.844587 -1.28858 2.275 0.014324 -0.00272252 0.0989313 
qwerty 58 2 0.243155 0.975446 -0.802429 -1.25464 2.12475 0.0439091 -0.0151511 -0.0885575 
qwerty 58 2 0.301157 0.674289 -0.736478 -1.20777 1.98593 0.0778144 0.0288705 -0.05578 
qwerty 58 2 0.280766 0.393523 -0.664646 -1.08197 1.91426 0.0877045 0.0402559 -0.0262181 
qwerty 58 2 0.347081 0.046442 -0.599816 -1.05222 1.89488 -0.0249516 0.0932316 -0.026178 
qwerty 58 2 0.046442 0 -0.600327 -1.05031 1.89434 -0.0249516 0.0932316 -0.026178 
qwerty 58 2 0 0 -0.600327 -1.05031 1.89434 -0.0249516 0.0932316 -0.026178 
qwerty 50 9 0.745216 1.9985 3.3518 0.263243 7.47586 -0.0140316 -0.0564547 0.0813386 
qwerty 50 9 0.212233 1.62243 3.33891 0.170929 7.56142 0.0249474 -0.0665718 0.0703266 
qwerty 50 9 0.27025 1.35218 3.3792 0.0634095 7.675 0.0444565 -0.0349808 0.0824619 
qwerty 44 12 0.188409 0.962401 4.19417 1.22168 9.64614 -0.0061126 0.0526806 -0.0847785 
qwerty 44 12 0.079135 0.883266 4.19089 1.25 9.60056 -0.0423191 -0.00417082 -0.090508 
qwerty 44 12 0 0.883266 4.19089 1.25 9.60056 -0.0423191 -0.00417082 -0.090508 
qwerty 44 12 0.0972426 0.786023 4.16339 1.24482 9.54344 -0.0579547 -0.0436392 -0.068825 
qwerty 44 12 0.196906 0.589118 4.12598 1.22246 9.50255 -0.00222491 -0.0794779 -0.0606491 
qwerty 44 12 0.268346 0.320771 4.12059 1.16875 9.47691 0.0446664 -0.0317161 -0.08366 
qwerty 44 12 0.123506 0.197266 4.15305 1.139 9.44959 0.0107637 -0.055913 -0.0822063 
qwerty 44 12 0.197266 0 4.15573 1.12508 9.42913 0.0107637 -0.055913 -0.0822063 
qwerty 44 12 0 0 4.15573 1.12508 9.42913 0.0107637 -0.055913 -0.0822063 
qwerty 37 13 1.0551 9.85274 4.36026 1.17532 9.7 0.0648403 0.0106372 0.0753829 
qwerty 5 3 0.878741 54.132 2.39363 0.635668 4.975 0.0342833 0.0117339 0.0932039 
qwerty 5 3 0.918406 47.9548 2.71332 0.727142 5.65 0.0425929 0.00594486 0.0902801 
qwerty 5 3 0.835452 27.2722 2.82668 0.779818 6.325 0.0111272 0.00663105 0.0991575 
qwerty 5 3 0.994583 23.9841 3.08847 0.644268 7 0.0530976 -0.00336557 0.0846718 
qwerty 5 3 1.10713 19.8934 3.75 0.478866 7.37352 0.0891903 -0.0373422 0.0255077 
qwerty 5 3 1.96667 17.9267 4.80414 0.0375189 7.675 0.0841519 -0.0386852 0.0377083 
qwerty 5 3 0.182077 12.8309 5.01785 0.00991588 7.97985 0.0319853 0.00384711 0.0946686 
qwerty 5 3 0.542755 12.2882 5.14292 0.0249579 8.35 0.054436 -0.022383 0.0808438 
qwerty 73 50 0.295273 0.464908 3.24334 0.277201 7.49918 -0.0906011 0.0405451 0.0121466 
qwerty 73 50 0.225884 0.239023 3.18626 0.346214 7.54741 -0.0913394 -0.00640178 0.0402011 
qwerty 73 50 0.239023 0 3.155 0.344023 7.56117 -0.0913394 -0.00640178 0.0402011 
qwerty 61 58 0.31953 0 -0.831704 -0.923304 1.36838 -0.0575571 -0.0746487 -0.0333878 
qwerty 60 58 0.174544 0.405827 -0.816227 -0.662167 1.26189 -0.0966013 -0.0255399 0.00398892 
qwerty 60 58 0.399723 0.00610414 -0.89067 -0.681849 1.26497 -0.0900914 -0.0379681 0.021023 
qwerty 60 58 0.00610414 0 -0.890721 -0.68187 1.26498 -0.0900914 -0.0379681 0.021023 
qwerty 57 2 0.785797 191.909 -0.370741 -0.153618 0.925 -0.0306871 -0.0180072 0.0934561 
qwerty 57 2 1.03331 188.369 -0.584729 -0.294703 1.6 -0.0295432 -0.0201211 0.0933935 
qwerty 57 2 0.605246 184.546 -0.766417 -0.425589 2.1628 -0.029844 -0.0221944 0.0928264 
qwerty 57 2 0.204154 184.342 -0.802488 -0.452415 2.275 -0.0290707 -0.0221582 0.0930801 
qwerty 57 2 0.892519 74.3829 -1.02062 -0.566543 2.78898 -0.0400435 -0.0225115 0.0888242 
qwerty 57 2 0.319412 74.0635 -1.09321 -0.607353 2.95 -0.0395697 -0.0238481 0.0886877 
qwerty 57 2 0.177349 41.8022 -1.25 -0.632788 3.22672 -0.0584801 -0.00360648 0.0810374 
qwerty 57 2 0.545729 37.2308 -1.45692 -0.643859 3.52581 -0.0562608 -0.001334 0.0826616 
qwerty 57 2 0.0744026 37.1134 -1.48301 -0.644228 3.56362 -0.0572132 -0.00149757 0.0820025 
qwerty 57 2 0.105289 37.0081 -1.52584 -0.645349 3.625 -0.0595314 -0.00110614 0.0803417 
qwerty 57 2 0.322813 16.2706 -1.7041 -0.702378 3.96336 -0.0465526 -0.0159014 0.0870632 
qwerty 57 2 0.570946 15.6996 -1.8841 -0.763863 4.3 -0.0532114 -0.0131169 0.0836451 
qwerty 57 2 1.33324 2.00236 -1.61982 -1.11926 4.57552 0.0783105 -0.0445038 0.0434382 
qwerty 57 2 0.429455 1.4878 -1.44363 -1.26227 4.61791 0.0725842 -0.0651833 0.0219696 
qwerty 57 2 0.456608 1.0312 -1.2533 -1.42916 4.66945 0.0911053 0.0373839 0.0173862 
qwerty 57 2 0.00458144 1.02662 -1.25 -1.4278 4.67008 0.0882464 0.0410493 0.0229677 
qwerty 57 2 0.15061 0.876006 -1.18556 -1.36533 4.69538 0.0809351 0.0542508 0.0225026 
qwerty 57 2 0.139301 0.736704 -1.12286 -1.33133 4.74313 0.0899504 0.0130445 0.0416985 
qwerty 57 2 0.255346 0.481358 -1.0583 -1.32263 4.81653 0.0921815 0.0224465 0.0316026 
qwerty 57 2 0.208543 0.272815 -0.978177 -1.28403 4.81296 0.0430745 0.0730062 0.0530536 
qwerty 57 2 0.272815 0 -0.960013 -1.25324 4.83534 0.0430745 0.0730062 0.0530536 
qwerty 125 57 0.214367 0.494237 -1.79249 -0.701215 3.96518 -0.0515126 0.0796141 0.0317497 
qwerty 125 57 0.146855 0.347382 -1.82194 -0.638883 3.97905 -0.0713865 0.0520944 0.0467989 
qwerty 125 57 0.347382 0 -1.86566 -0.606977 4.00771 -0.0440011 0.085161 0.0284869 
qwerty 115 57 0.229137 1.05163 -1.05038 -0.465027 2.8729 -0.058765 0.074084 0.0325305 
qwerty 115 57 0.305366 0.746262 -1.15346 -0.36415 2.89643 -0.0947925 0.0216767 0.0233347 
qwerty 115 57 0.271069 0.475194 -1.27398 -0.320809 2.94306 -0.0255779 0.0957231 0.0135226 
qwerty 115 57 0.125318 0.349875 -1.28712 -0.271661 2.95 -0.0552907 0.0825901 0.0110367 
qwerty 115 57 0.0125404 0.328791 -1.28694 -0.265425 2.94808 0.0137752 0.0987911 -0.00711078 
qwerty 115 57 0.0199738 0.308817 -1.28613 -0.258852 2.94672 0.0216329 0.0968676 0.0121939 
qwerty 115 57 0.0129962 0.295821 -1.2835 -0.252184 2.9486 0.0135653 0.0977499 0.0161535 
qwerty 115 57 0.0148654 0.280955 -1.2824 -0.245595 2.94944 0.0456211 0.0882971 0.011061 
qwerty 115 57 0.0108636 0.270092 -1.2801 -0.241148 2.95 0.0735896 0.0675667 -0.00439467 
qwerty 115 57 0.00365636 0.266435 -1.27741 -0.238856 2.94993 0.07549 0.0655839 -0.000106919 
qwerty 115 57 0.0110598 0.255375 -1.27431 -0.236117 2.94999 0.0792668 0.052125 0.0316188 
qwerty 115 57 2.99696e-05 0.255346 -1.27429 -0.236105 2.95 0.0799731 0.0523667 0.0293604 
qwerty 115 57 0.00448339 0.199579 -1.27038 -0.232507 2.94913 0.0650918 0.0757836 -0.00446148 
qwerty 115 57 0.00805073 0.191528 -1.26886 -0.230273 2.94943 0.0668003 0.0711733 0.0217276 
qwerty 115 57 0.00680067 0.184728 -1.26712 -0.228427 2.95 0.081948 0.0571892 0.00373105 
qwerty 115 57 0.000203755 0.184524 -1.26708 -0.228393 2.95 0.0830633 0.0556616 0.00151113 
qwerty 115 57 0.00397933 0.172302 -1.26819 -0.227177 2.94885 -0.0213471 0.0649526 -0.0729757 
qwerty 115 57 0.00476303 0.167539 -1.26864 -0.225954 2.94734 -0.0259758 0.0774292 -0.0577059 
qwerty 115 57 0.00421157 0.163327 -1.26878 -0.224318 2.94595 -0.018423 0.07536 -0.0630988 
qwerty 115 57 0.010067 0.15326 -1.26913 -0.223046 2.94451 0.00506334 0.058928 -0.0806341 
qwerty 115 57 0.0167228 0.136538 -1.2681 -0.221402 2.94155 0.0175252 0.0263895 -0.0948497 
qwerty 115 57 0.0199514 0.116586 -1.26924 -0.21917 2.93654 0.0283418 0.00610185 -0.0957053 
qwerty 115 57 0.0400784 0.0765077 -1.27088 -0.217232 2.92922 -0.0580864 -0.0554209 -0.0596196 
qwerty 115 57 0.0765077 0 -1.27383 -0.220047 2.9262 -0.0580864 -0.0554209 -0.0596196 
qwerty 109 57 0.12847 0.242884 -0.827718 -0.416874 2.19883 -0.0797231 0.037512 0.0472977 
qwerty 109 57 0.242884 0 -0.855707 -0.403704 2.21544 -0.0797231 0.037512 0.0472977 
qwerty 131 57 0 0.085104 -1.25 -1.47097 4.72201 0.0638768 -0.0688499 0.034343 
qwerty 131 57 0 0.085104 -0.779449 -1.97816 4.975 0.0638768 -0.0688499 0.034343 
qwerty 130 57 0 0.0919099 -1.93696 -1.32019 4.94009 0.0520461 -0.00775298 0.0850358 
qwerty 130 57 0 0.0919099 -1.91559 -1.32338 4.975 0.0520461 -0.00775298 0.0850358 
qwerty 133 130 0.00545814 0 -1.93698 -1.32023 4.94008 -0.0495109 -0.0852911 -0.0165557 
qwerty 127 57 0 3.42764 -2.31823 -1.76322 4.975 -0.0250736 -0.0848746 0.0465577 
qwerty 127 57 0 1.20712 -2.36082 -2.18057 5.65 0.00308772 -0.0350815 0.0935936 
qwerty 127 57 0 1.20712 -2.33855 -2.43358 6.325 0.00308772 -0.0350815 0.0935936 
qwerty 127 57 0 1.20712 -2.31628 -2.68658 7 0.00308772 -0.0350815 0.0935936 
qwerty 138 127 0 0.835067 -2.31438 -2.7477 7.175 -0.0488787 -0.0856102 -0.0167859 
qwerty 142 140 0 0.156713 -3.33868 -0.853407 3.8 -0.0896868 -0.00117237 -0.0442143 
qwerty 124 57 0 1.26305 -1.71777 -0.845251 4.3 -0.0210675 -0.0309425 0.0927293 
qwerty 124 57 0 0.483625 -1.82169 -0.997875 4.75739 -0.0627455 0.0638445 0.0445745 
qwerty 124 57 0 0.483625 -2.12801 -0.686188 4.975 -0.0627455 0.0638445 0.0445745 
qwerty 124 57 0 0.483625 -3.07817 0.280622 5.65 -0.0627455 0.0638445 0.0445745 
qwerty 147 124 0.33197 0.447456 -1.7525 -1.0815 4.84203 0.0148875 -0.0714062 0.068407 
qwerty 147 124 0.191007 0.25645 -1.76126 -1.11762 4.8926 0.00571861 -0.0746757 0.0662634 
qwerty 147 124 0.25645 0 -1.75907 -1.14619 4.91795 0.00571861 -0.0746757 0.0662634 
qwerty 123 57 0 7.77996 -1.7662 -0.942811 4.3 -0.0268876 -0.0436567 0.0858554 
qwerty 152 150 0 0.321465 -3.26035 -1.69037 4.975 -0.0853318 -0.0407876 0.0324786 
qwerty 122 57 0 8.36442 -1.94479 -0.681395 4.3 -0.0526808 -0.00373742 0.0849162 
qwerty 122 57 0 8.36442 -2.36355 -0.711104 4.975 -0.0526808 -0.00373742 0.0849162 
qwerty 122 57 0 8.36442 -2.78231 -0.740813 5.65 -0.0526808 -0.00373742 0.0849162 
qwerty 122 57 0 8.36442 -3.20107 -0.770521 6.325 -0.0526808 -0.00373742 0.0849162 
qwerty 122 57 0 8.36442 -3.61983 -0.80023 7 -0.0526808 -0.00373742 0.0849162 
qwerty 154 122 0.0191222 4.43542 -3.75 -0.805512 7.1846 -0.071653 -0.000837308 0.0697506 
qwerty 154 122 1.06796 3.36746 -4.22299 -0.849878 7.58209 -0.0683648 0.000752493 0.0729773 
qwerty 154 122 0.21295 3.15451 -4.31003 -0.84892 7.675 -0.0689915 0.0103533 0.0716448 
qwerty 154 122 0.0166531 0.349024 -4.35039 -0.866241 7.67493 -0.0577942 0.0646993 -0.0497376 
qwerty 154 122 0.0121308 0.336893 -4.35473 -0.862619 7.67125 -0.0558572 0.0677138 -0.0479043 
qwerty 154 122 0.0149256 0.321968 -4.35775 -0.858233 7.66685 -0.0642347 0.029974 -0.0705369 
qwerty 154 122 0.0107528 0.311215 -4.36197 -0.855354 7.66204 -0.0643169 0.0653451 -0.039917 
qwerty 154 122 0.0167237 0.294491 -4.36677 -0.850048 7.66038 -0.0342358 0.0917809 -0.0201043 
qwerty 154 122 0.0137732 0.280718 -4.37054 -0.84348 7.65781 -0.0891925 0.0317762 0.032171 
qwerty 154 122 0.0257035 0.255015 -4.37918 -0.838072 7.66087 -0.0921536 0.00394919 0.0386278 
qwerty 154 122 0.0164567 0.238558 -4.38547 -0.83814 7.66199 -0.0947444 0.0316378 0.00474918 
qwerty 154 122 0.0210865 0.217471 -4.39242 -0.835056 7.66389 -0.0728928 0.0627522 0.0273643 
qwerty 154 122 0.0266743 0.190797 -4.39848 -0.831512 7.66571 -0.0975163 0.0221284 -0.000953955 
qwerty 154 122 0.018819 0.171978 -4.40448 -0.82908 7.66532 -0.0959323 0.00292286 -0.0280794 
qwerty 154 122 0.0203354 0.151642 -4.41173 -0.831022 7.66077 -0.0967907 0.0103087 -0.0229194 
qwerty 154 122 0.0338215 0.117821 -4.41921 -0.828959 7.65408 -0.0749271 -0.0104481 -0.0653969 
qwerty 154 122 0.0659918 0.0518292 -4.4304 -0.837828 7.65272 -0.0911517 -0.0329248 -0.0246441 
qwerty 154 122 0.0518292 0 -4.43273 -0.838672 7.65209 -0.0911517 -0.0329248 -0.0246441 
qwerty 157 154 0 2.08092 -4.90449 -0.844958 7.175 -0.0746367 0.00358025 -0.0664571 
qwerty 157 154 0 2.08092 -5.66257 -0.808594 6.5 -0.0746367 0.00358025 -0.0664571 
qwerty 157 154 0 2.08092 -6.25 -0.780415 5.97695 -0.0746367 0.00358025 -0.0664571 
qwerty 157 154 0 2.08092 -6.42065 -0.77223 5.825 -0.0746367 0.00358025 -0.0664571 
qwerty 157 154 0 2.08092 -7.17873 -0.735865 5.15 -0.0746367 0.00358025 -0.0664571 
qwerty 157 154 0 2.08092 -7.93681 -0.699501 4.475 -0.0746367 0.00358025 -0.0664571 
qwerty 157 154 0 2.08092 -8.69489 -0.663137 3.8 -0.0746367 0.00358025 -0.0664571 
qwerty 157 154 0 2.08092 -9.45297 -0.626772 3.125 -0.0746367 0.00358025 -0.0664571 
qwerty 157 154 0 2.08092 -10.211 -0.590408 2.45 -0.0746367 0.00358025 -0.0664571 
qwerty 157 154 0 2.08092 -10.9691 -0.554044 1.775 -0.0746367 0.00358025 -0.0664571 
qwerty 157 154 0 2.08092 -11.7272 -0.517679 1.1 -0.0746367 0.00358025 -0.0664571 
qwerty 157 154 0 2.08092 -12.4853 -0.481315 0.425 -0.0746367 0.00358025 -0.0664571 
qwerty 157 154 0 2.08092 -13.2434 -0.444951 -0.25 -0.0746367 0.00358025 -0.0664571 
qwerty 156 154 0 0.18698 -5.01104 -1.16067 7.175 -0.0756499 -0.0327727 -0.0565955 
qwerty 121 57 0 0.0429944 -1.53269 -0.642701 3.625 -0.0628983 0.00193313 0.0777178 
qwerty 120 57 0 4.02569 -1.52304 -0.646197 3.625 -0.0554563 -0.00196103 0.0831911 
qwerty 120 57 0 4.02569 -1.973 -0.662108 4.3 -0.0554563 -0.00196103 0.0831911 
qwerty 120 57 0 4.02569 -2.42297 -0.67802 4.975 -0.0554563 -0.00196103 0.0831911 
qwerty 120 57 0 4.02569 -2.87293 -0.693931 5.65 -0.0554563 -0.00196103 0.0831911 
qwerty 120 57 0 4.02569 -3.32289 -0.709843 6.325 -0.0554563 -0.00196103 0.0831911 
qwerty 120 57 0 4.02569 -3.77286 -0.725754 7 -0.0554563 -0.00196103 0.0831911 
qwerty 120 57 0 4.02569 -4.22282 -0.741666 7.675 -0.0554563 -0.00196103 0.0831911 
qwerty 120 57 0 4.02569 -4.67278 -0.757577 8.35 -0.0554563 -0.00196103 0.0831911 
qwerty 120 57 0 4.02569 -5.12275 -0.773489 9.025 -0.0554563 -0.00196103 0.0831911 
qwerty 119 57 0 2.35901 -1.25 -0.641326 3.25591 -0.0481591 -0.00728456 0.0873364 
qwerty 119 57 0 2.35901 -1.45353 -0.672112 3.625 -0.0481591 -0.00728456 0.0873364 
qwerty 119 57 0 2.35901 -1.82573 -0.728412 4.3 -0.0481591 -0.00728456 0.0873364 
qwerty 119 57 0 2.35901 -2.19794 -0.784713 4.975 -0.0481591 -0.00728456 0.0873364 
qwerty 119 57 0 1.52803 -2.5664 -0.840446 5.6432 -0.032667 -0.0524518 0.0786236 
qwerty 119 57 0 1.52803 -2.56923 -0.844983 5.65 -0.032667 -0.0524518 0.0786236 
qwerty 119 57 0 1.52803 -2.84968 -1.29529 6.325 -0.032667 -0.0524518 0.0786236 
qwerty 119 57 0 1.52803 -3.13013 -1.7456 7 -0.032667 -0.0524518 0.0786236 
qwerty 119 57 0 1.52803 -3.41059 -2.19591 7.675 -0.032667 -0.0524518 0.0786236 
qwerty 119 57 0 1.52803 -3.69104 -2.64622 8.35 -0.032667 -0.0524518 0.0786236 
qwerty 119 57 0 1.52803 -3.97149 -3.09653 9.025 -0.032667 -0.0524518 0.0786236 
qwerty 119 57 0 1.52803 -4.25194 -3.54684 9.7 -0.032667 -0.0524518 0.0786236 
qwerty 119 57 0 1.52803 -4.5324 -3.99715 10.375 -0.032667 -0.0524518 0.0786236 
qwerty 119 57 0 1.14609 -5.0369 -4.19152 11.05 -0.0624779 -0.0159071 0.0764427 
qwerty 119 57 0 1.14609 -5.58859 -4.33198 11.725 -0.0624779 -0.0159071 0.0764427 
qwerty 119 57 0 1.14609 -6.14027 -4.47245 12.4 -0.0624779 -0.0159071 0.0764427 
qwerty 119 57 0 1.14609 -6.69196 -4.61291 13.075 -0.0624779 -0.0159071 0.0764427 
qwerty 119 57 0 1.14609 -7.24365 -4.75337 13.75 -0.0624779 -0.0159071 0.0764427 
qwerty 162 119 0.0127241 0.818251 -2.57145 -0.83546 5.65 -0.0494737 0.0530886 0.0688037 
qwerty 117 57 0 26.6662 -1.25 -0.654729 3.30099 -0.040904 -0.01106 0.0905789 
qwerty 117 57 0 26.6662 -1.39632 -0.694292 3.625 -0.040904 -0.01106 0.0905789 
qwerty 117 57 0 26.6662 -1.70114 -0.776712 4.3 -0.040904 -0.01106 0.0905789 
qwerty 117 57 0 26.6662 -2.00596 -0.859131 4.975 -0.040904 -0.01106 0.0905789 
qwerty 117 57 0 26.6662 -2.31078 -0.941551 5.65 -0.040904 -0.01106 0.0905789 
qwerty 117 57 0 26.6662 -2.6156 -1.02397 6.325 -0.040904 -0.01106 0.0905789 
qwerty 117 57 0 26.6662 -2.92042 -1.10639 7 -0.040904 -0.01106 0.0905789 
qwerty 117 57 0 26.6662 -3.22524 -1.18881 7.675 -0.040904 -0.01106 0.0905789 
qwerty 167 117 0.471202 21.8003 -3.4354 -1.25 8.14906 -0.0382387 -0.0063854 0.0921793 
qwerty 167 117 0.383793 21.4165 -3.51875 -1.26392 8.35 -0.0389314 -0.00880065 0.0916891 
qwerty 167 117 0.465016 17.6605 -3.75 -1.26976 8.68554 -0.0686675 0.0173044 0.0706069 
qwerty 167 117 0.808567 16.852 -4.08014 -1.18657 9.025 -0.0681302 0.0172804 0.0711314 
qwerty 167 117 0.494664 12.4597 -4.20075 -1.25 9.53037 -0.0192421 -0.0141636 0.0971037 
qwerty 167 117 0.262448 12.1973 -4.23436 -1.27474 9.7 -0.0284194 -0.014899 0.094712 
qwerty 174 167 0 5.05628 -5.02344 -0.949351 9.2 -0.0740391 0.0243491 -0.0626524 
qwerty 174 167 0 5.05628 -5.82112 -0.68702 8.525 -0.0740391 0.0243491 -0.0626524 
qwerty 174 167 0 5.05628 -6.61879 -0.42469 7.85 -0.0740391 0.0243491 -0.0626524 
qwerty 174 167 0 5.05628 -7.41647 -0.162359 7.175 -0.0740391 0.0243491 -0.0626524 
qwerty 174 167 0 5.05628 -8.21415 0.0999716 6.5 -0.0740391 0.0243491 -0.0626524 
qwerty 174 167 0 5.05628 -8.75 0.276197 6.04656 -0.0740391 0.0243491 -0.0626524 
qwerty 174 167 0 5.05628 -9.01182 0.362302 5.825 -0.0740391 0.0243491 -0.0626524 
qwerty 174 167 0 5.05628 -9.8095 0.624633 5.15 -0.0740391 0.0243491 -0.0626524 
qwerty 174 167 0 0.71103 -11.0776 0.709393 5.65 -0.088952 0.00373507 0.0455368 
qwerty 174 167 0 0.71103 -12.3962 0.764759 6.325 -0.088952 0.00373507 0.0455368 
qwerty 174 167 0 0.71103 -13.7147 0.820125 7 -0.088952 0.00373507 0.0455368 
qwerty 174 167 0 0.227015 -14.7787 0.864801 7.54468 0.0813058 0.0438091 0.0383423 
qwerty 174 167 0 0.227015 -14.5024 1.0137 7.675 0.0813058 0.0438091 0.0383423 
qwerty 178 174 0.17553 0.308484 -14.8398 0.853128 7.5798 0.0937751 0.0334594 0.00931105 
qwerty 178 174 0.111239 0.197245 -14.8116 0.891354 7.60408 0.00726952 -0.0181785 0.0980648 
qwerty 178 174 0.197245 0 -14.8097 0.886784 7.62873 0.00726952 -0.0181785 0.0980648 
qwerty 182 177 0 0.181162 -10.454 0.126866 5.46171 0.0616726 0.0773343 0.0146932 
qwerty 182 177 0 0.166597 -9.75611 1.002 5.62798 0.0138509 0.0738329 0.0660065 
qwerty 182 177 0 0.166597 -9.75149 1.02664 5.65 0.0138509 0.0738329 0.0660065 
qwerty 184 182 0.0145655 0 -9.75591 1.00204 5.6278 0.0721488 0.0139145 -0.0678302 
qwerty 183 182 0.299958 0 -10.4853 0.0936852 5.47925 -0.0640633 -0.0678766 0.0358979 
qwerty 181 177 0 0.400862 -11.0904 -0.0787149 4.475 -0.0794634 -0.0489457 -0.035915 
qwerty 173 167 0 0.416789 -4.29417 -1.23685 9.7 -0.028977 -0.0086839 0.0953149 
qwerty 173 167 0 0.362382 -4.5982 -1.21681 10.3302 -0.00968954 -0.0407114 0.0908223 
qwerty 173 167 0 0.362382 -4.60299 -1.2369 10.375 -0.00968954 -0.0407114 0.0908223 
qwerty 173 167 0 0.343427 -4.91631 -1.71367 11.05 -0.0407471 -0.056151 0.072019 
qwerty 173 167 0 0.343427 -5.29821 -2.23995 11.725 -0.0407471 -0.056151 0.072019 
qwerty 173 167 0 0.343427 -5.68011 -2.76622 12.4 -0.0407471 -0.056151 0.072019 
qwerty 173 167 0 0.343427 -6.06202 -3.2925 13.075 -0.0407471 -0.056151 0.072019 
qwerty 173 167 0 0.335359 -6.25687 -3.62523 13.75 -0.0241449 -0.0419779 0.0874922 
qwerty 173 167 0 0.335359 -6.44315 -3.94909 14.425 -0.0241449 -0.0419779 0.0874922 
qwerty 191 173 0.0469429 0 -4.59963 -1.21524 10.3305 -0.0661707 0.0731866 0.0162838 
qwerty 171 167 0 0.142122 -4.18516 -1.00097 9.7 -0.00846256 0.0338932 0.0936997 
qwerty 170 167 0 0.749275 -3.75 -1.27771 8.65876 -0.0747095 0.0117662 0.0654221 
qwerty 170 167 0 0.749275 -4.16823 -1.21185 9.025 -0.0747095 0.0117662 0.0654221 
qwerty 116 57 0 0.726536 -1.25 -0.660217 3.31951 -0.0389505 -0.0120423 0.0913118 
qwerty 116 57 0 0.726536 -1.38031 -0.700505 3.625 -0.0389505 -0.0120423 0.0913118 
qwerty 116 57 0 0.726536 -1.66824 -0.789525 4.3 -0.0389505 -0.0120423 0.0913118 
qwerty 113 57 0 2.27987 -1.07762 -0.578275 2.95 -0.0379794 -0.0160154 0.0911102 
qwerty 113 57 0 2.27987 -1.25 -0.650967 3.36354 -0.0379794 -0.0160154 0.0911102 
qwerty 113 57 0 2.27987 -1.35899 -0.696927 3.625 -0.0379794 -0.0160154 0.0911102 
qwerty 113 57 0 2.27987 -1.64036 -0.815579 4.3 -0.0379794 -0.0160154 0.0911102 
qwerty 113 57 0 2.27987 -1.92174 -0.93423 4.975 -0.0379794 -0.0160154 0.0911102 
qwerty 113 57 0 2.27987 -2.20311 -1.05288 5.65 -0.0379794 -0.0160154 0.0911102 
qwerty 113 57 0 2.27987 -2.48449 -1.17153 6.325 -0.0379794 -0.0160154 0.0911102 
qwerty 113 57 0 0.891404 -3.73301 -0.633395 7 -0.0825319 0.0361382 0.043388 
qwerty 112 57 0 91.7109 -1.01041 -0.613396 2.95 -0.028701 -0.0222107 0.0931823 
qwerty 112 57 0 91.7109 -1.21831 -0.774288 3.625 -0.028701 -0.0222107 0.0931823 
qwerty 205 112 0.0919116 60.7056 -1.2879 -0.82496 3.83073 -0.0324823 -0.0223512 0.0918984 
qwerty 205 112 0.948811 59.7567 -1.45377 -0.939095 4.3 -0.0335486 -0.0220816 0.09158 
qwerty 205 112 1.15784 56.2703 -1.7105 -1.11461 4.975 -0.0312921 -0.02245 0.0922865 
qwerty 205 112 0.00551959 43.1634 -1.77893 -1.14277 5.15355 -0.0505838 -0.0227977 0.0831958 
qwerty 205 112 0.00313083 43.0921 -1.78013 -1.14332 5.15554 -0.0506489 -0.0229001 0.0831281 
qwerty 205 112 0.305994 42.7834 -1.87133 -1.18389 5.30332 -0.0528054 -0.0238988 0.0814889 
qwerty 205 112 0.429334 42.3541 -2.01741 -1.25 5.52875 -0.0553674 -0.0231717 0.0799845 
qwerty 205 112 0.285395 42.0687 -2.10134 -1.28513 5.65 -0.0535724 -0.0231875 0.0811932 
qwerty 205 112 1.11261 34.0935 -2.54485 -1.52157 6.325 -0.0494606 -0.0270897 0.082582 
qwerty 205 112 0.878119 29.7059 -2.7632 -1.61647 7 -0.0281098 -0.0127776 0.0951135 
qwerty 205 112 0.887623 25.5076 -2.93837 -1.79875 7.675 -0.0255847 -0.0317071 0.0913241 
qwerty 205 112 0.876853 18.844 -3.27415 -1.79297 8.35 -0.0568857 0.0078527 0.0818679 
qwerty 205 112 0 9.83231 -3.46471 -1.86436 8.525 0.00234278 -0.0996087 -0.00852133 
qwerty 205 112 0.559448 1.65097 -3.32133 -2.25391 8.70341 0.0763968 -0.0481311 0.0429759 
qwerty 205 112 0.502032 1.14894 -3.0807 -2.41819 8.74163 0.0752248 -0.0211972 0.0623852 
qwerty 205 112 0.44813 0.700807 -2.91049 -2.46037 8.86281 0.0961663 0.02658 0.00674927 
qwerty 205 112 0.39316 0.307647 -2.80447 -2.31899 8.90239 0.094312 0.00556617 0.0327759 
qwerty 205 112 0.307647 0 -2.75652 -2.31616 8.91906 0.094312 0.00556617 0.0327759 
qwerty 217 205 0.0306397 0.515115 -1.79769 -1.14909 5.15515 -0.079298 -0.0607985 -0.00392039 
qwerty 217 205 0.0322108 0.482904 -1.81089 -1.16372 5.15193 -0.0724056 -0.0688455 0.00420957 
qwerty 217 205 0.0262646 0.45664 -1.8219 -1.17559 5.15499 -0.0418289 -0.0884056 0.0208516 
qwerty 217 205 0.03031 0.42633 -1.83086 -1.18976 5.16319 -0.0750145 -0.0605064 0.0266796 
qwerty 217 205 0.104336 0.321994 -1.84296 -1.20184 5.17302 -0.0720507 -0.0336828 0.0606149 
qwerty 217 205 0.036451 0.285543 -1.85146 -1.20735 5.18681 -0.0430795 0.0371406 0.082248 
qwerty 217 205 0.0470249 0.238518 -1.8538 -1.20078 5.20751 0.0338185 0.0758916 0.0556487 
qwerty 217 205 0.0945004 0.144017 -1.85691 -1.1758 5.21598 0.035499 0.0559553 0.0748921 
qwerty 217 205 0.144017 0 -1.8516 -1.16743 5.22719 0.035499 0.0559553 0.0748921 
qwerty 232 205 0 0.343119 -3.75 -2.49278 8.61385 -0.0385037 -0.0905987 0.0175883 
qwerty 232 205 0 0.32033 -4.17559 -3.49419 8.80826 -0.0529069 -0.0810667 -0.025081 
qwerty 232 205 0 0.32033 -4.77311 -4.40974 8.525 -0.0529069 -0.0810667 -0.025081 
qwerty 233 232 0.0227886 0 -4.17545 -3.49439 8.8088 0.0242142 -0.0331686 0.0911785 
qwerty 231 205 0 3.85767 -4.4607 -2.74521 7.85 -0.0685043 -0.0558866 -0.0467317 
qwerty 231 205 0 3.85767 -5.45018 -3.55245 7.175 -0.0685043 -0.0558866 -0.0467317 
qwerty 231 205 0 3.85767 -6.43967 -4.35968 6.5 -0.0685043 -0.0558866 -0.0467317 
qwerty 231 205 0 3.85767 -7.42915 -5.16692 5.825 -0.0685043 -0.0558866 -0.0467317 
qwerty 231 205 0 0.320114 -6.26914 -5.74452 6.325 0.0864018 -0.0295416 0.0407678 
qwerty 235 231 0.0877432 0.606995 -7.60089 -5.38186 5.6213 -0.005988 0.0232839 -0.097067 
qwerty 235 231 0.123605 0.48339 -7.59831 -5.36949 5.59435 -0.014434 0.0619473 -0.0771634 
qwerty 235 231 0.153115 0.330275 -7.59246 -5.34894 5.56814 -0.0117723 0.0690119 -0.0714057 
qwerty 235 231 0.131318 0.198956 -7.57356 -5.32989 5.52722 0.0541533 0.0719005 -0.0435631 
qwerty 235 231 0.198956 0 -7.55976 -5.31156 5.51612 0.0541533 0.0719005 -0.0435631 
qwerty 240 235 0 0.235375 -7.28129 -4.69336 6.325 0.0163165 0.082396 0.0542649 
qwerty 239 235 0 0.317092 -8.43265 -6.12391 5.15 -0.0643043 -0.0631083 -0.0433854 
qwerty 230 205 0 0.292375 -3.75 -2.03649 8.8408 -0.0634773 -0.0374627 0.0675809 
qwerty 230 205 0 0.258641 -3.90985 -2.13083 9.01099 -0.0518517 -0.0832841 0.0193693 
qwerty 230 205 0 0.258641 -3.94736 -2.19107 9.025 -0.0518517 -0.0832841 0.0193693 
qwerty 245 230 0.0337339 0 -3.91018 -2.13016 9.01192 -0.02728 0.0561026 0.0781556 
qwerty 229 205 0 0.576533 -3.75 -2.0917 8.89113 -0.0577087 -0.0426855 0.0696251 
qwerty 229 205 0 0.576533 -3.86096 -2.17378 9.025 -0.0577087 -0.0426855 0.0696251 
qwerty 229 205 0 0.576533 -4.42043 -2.5876 9.7 -0.0577087 -0.0426855 0.0696251 
qwerty 229 205 0 0.572759 -5.1089 -3.07201 10.375 -0.0645377 -0.0451446 0.0616186 
qwerty 229 205 0 0.572759 -5.81588 -3.56655 11.05 -0.0645377 -0.0451446 0.0616186 
qwerty 229 205 0 0.572759 -6.25 -3.87022 11.4645 -0.0645377 -0.0451446 0.0616186 
qwerty 229 205 0 0.572759 -6.52286 -4.06108 11.725 -0.0645377 -0.0451446 0.0616186 
qwerty 229 205 0 0.572759 -7.22983 -4.55562 12.4 -0.0645377 -0.0451446 0.0616186 
qwerty 229 205 0 0.572759 -7.93681 -5.05016 13.075 -0.0645377 -0.0451446 0.0616186 
qwerty 228 205 0 0.851803 -3.75 -1.98265 8.76711 -0.0716856 -0.0319293 0.0619814 
qwerty 228 205 0 0.851803 -4.04827 -2.1155 9.025 -0.0716856 -0.0319293 0.0619814 
qwerty 228 205 0 0.70036 -5.90842 -3.75 9.62558 -0.07287 -0.0645485 0.0228791 
qwerty 228 205 0 0.70036 -6.14546 -3.95997 9.7 -0.07287 -0.0645485 0.0228791 
qwerty 227 205 0 2.76382 -3.75 -1.83389 8.73254 -0.0791019 -0.00649049 0.0608339 
qwerty 227 205 0 2.76382 -4.13029 -1.86509 9.025 -0.0791019 -0.00649049 0.0608339 
qwerty 227 205 0 2.76382 -5.00799 -1.93711 9.7 -0.0791019 -0.00649049 0.0608339 
qwerty 227 205 0 2.76382 -5.88568 -2.00913 10.375 -0.0791019 -0.00649049 0.0608339 
qwerty 227 205 0 2.76382 -6.76338 -2.08114 11.05 -0.0791019 -0.00649049 0.0608339 
qwerty 227 205 0 2.76382 -7.64108 -2.15316 11.725 -0.0791019 -0.00649049 0.0608339 
qwerty 227 205 0 2.76382 -8.51877 -2.22518 12.4 -0.0791019 -0.00649049 0.0608339 
qwerty 227 205 0 2.76382 -8.75 -2.24415 12.5778 -0.0791019 -0.00649049 0.0608339 
qwerty 227 205 0 2.76382 -9.39647 -2.2972 13.075 -0.0791019 -0.00649049 0.0608339 
qwerty 227 205 0 2.76382 -10.2742 -2.36921 13.75 -0.0791019 -0.00649049 0.0608339 
qwerty 227 205 0 2.76382 -11.1519 -2.44123 14.425 -0.0791019 -0.00649049 0.0608339 
qwerty 227 205 0 2.76382 -12.0296 -2.51325 15.1 -0.0791019 -0.00649049 0.0608339 
qwerty 227 205 0 2.76382 -12.9073 -2.58526 15.775 -0.0791019 -0.00649049 0.0608339 
qwerty 227 205 0 2.76382 -13.785 -2.65728 16.45 -0.0791019 -0.00649049 0.0608339 
qwerty 227 205 0 2.76382 -14.6627 -2.7293 17.125 -0.0791019 -0.00649049 0.0608339 
qwerty 227 205 0 2.76382 -15.5403 -2.80131 17.8 -0.0791019 -0.00649049 0.0608339 
qwerty 227 205 0 2.76382 -16.25 -2.85954 18.3458 -0.0791019 -0.00649049 0.0608339 
qwerty 227 205 0 2.76382 -16.418 -2.87333 18.475 -0.0791019 -0.00649049 0.0608339 
qwerty 227 205 0 2.76382 -17.2957 -2.94535 19.15 -0.0791019 -0.00649049 0.0608339 
qwerty 227 205 0 2.76382 -18.1734 -3.01737 19.825 -0.0791019 -0.00649049 0.0608339 
qwerty 227 205 0 2.76382 -19.0511 -3.08938 20.5 -0.0791019 -0.00649049 0.0608339 
qwerty 227 205 0 2.76382 -19.9288 -3.1614 21.175 -0.0791019 -0.00649049 0.0608339 
qwerty 227 205 0 2.45478 -21.351 -3.29953 21.85 -0.090127 -0.00877178 0.0424286 
qwerty 227 205 0 1.51665 -22.0907 -3.79231 22.525 -0.063082 -0.0472015 0.0615847 
qwerty 226 205 0 0.508982 -3.73562 -1.74881 9.025 -0.0563358 0.00538259 0.0824458 
qwerty 226 205 0 0.508982 -4.19686 -1.70474 9.7 -0.0563358 0.00538259 0.0824458 
qwerty 226 205 0 0.508982 -4.65809 -1.66067 10.375 -0.0563358 0.00538259 0.0824458 
qwerty 225 205 0 1.37678 -3.13156 -1.87753 8.35 -0.02384 -0.0100943 0.0965907 
qwerty 225 205 0 1.37678 -3.29816 -1.94807 9.025 -0.02384 -0.0100943 0.0965907 
qwerty 225 205 0 1.37678 -3.46476 -2.01861 9.7 -0.02384 -0.0100943 0.0965907 
qwerty 225 205 0 1.37678 -3.63136 -2.08916 10.375 -0.02384 -0.0100943 0.0965907 
qwerty 225 205 0 1.37678 -3.79796 -2.1597 11.05 -0.02384 -0.0100943 0.0965907 
qwerty 225 205 0 1.37678 -3.96456 -2.23024 11.725 -0.02384 -0.0100943 0.0965907 
qwerty 225 205 0 1.37678 -4.13116 -2.30078 12.4 -0.02384 -0.0100943 0.0965907 
qwerty 225 205 0 1.37678 -4.29776 -2.37132 13.075 -0.02384 -0.0100943 0.0965907 
qwerty 225 205 0 1.37678 -4.46436 -2.44186 13.75 -0.02384 -0.0100943 0.0965907 
qwerty 225 205 0 1.37678 -4.63096 -2.51241 14.425 -0.02384 -0.0100943 0.0965907 
qwerty 224 205 0 2.26692 -3.12558 -2.03076 8.35 -0.0249029 -0.0321835 0.0913459 
qwerty 224 205 0 2.26692 -3.3096 -2.26858 9.025 -0.0249029 -0.0321835 0.0913459 
qwerty 224 205 0 2.26692 -3.49362 -2.5064 9.7 -0.0249029 -0.0321835 0.0913459 
qwerty 224 205 0 2.26692 -3.67764 -2.74422 10.375 -0.0249029 -0.0321835 0.0913459 
qwerty 224 205 0 2.26692 -3.86166 -2.98204 11.05 -0.0249029 -0.0321835 0.0913459 
qwerty 224 205 0 2.26692 -4.04568 -3.21986 11.725 -0.0249029 -0.0321835 0.0913459 
qwerty 224 205 0 2.26692 -4.2297 -3.45768 12.4 -0.0249029 -0.0321835 0.0913459 
qwerty 224 205 0 0.455112 -4.19617 -3.75 12.3471 0.0118163 -0.0973001 -0.019826 
qwerty 224 205 0 0.455112 -3.92968 -5.94439 11.9 0.0118163 -0.0973001 -0.019826 
qwerty 261 224 0.340481 1.1291 -4.29086 -3.63078 12.2338 -0.0263976 -0.047995 -0.0836639 
qwerty 261 224 0.416128 0.712968 -4.36117 -3.73383 12.097 -0.0138426 -0.0491327 -0.0859905 
qwerty 261 224 0.0505787 0.662389 -4.36572 -3.75 12.0687 -0.0358121 -0.0367515 -0.0858302 
qwerty 261 224 0.0524655 0.609924 -4.37792 -3.77081 12.0442 -0.0401417 -0.0483067 -0.0778145 
qwerty 261 224 0.0545723 0.555351 -4.39472 -3.79205 12.0247 -0.0475229 -0.0343317 -0.0810118 
qwerty 261 224 0.0587946 0.496557 -4.41697 -3.79725 12.0023 -0.0505493 -0.0299818 -0.0809065 
qwerty 261 224 0.0403481 0.456209 -4.43477 -3.80182 11.9844 -0.0684249 -0.0146548 -0.0714372 
qwerty 261 224 0.0705677 0.385641 -4.44785 -3.80405 11.9537 -0.0470068 -0.0277044 -0.0838023 
qwerty 261 224 0.064815 0.320826 -4.46146 -3.82169 11.9323 -0.0218721 -0.0394972 -0.0892277 
qwerty 261 224 0.0729127 0.247913 -4.47346 -3.83062 11.9065 0.0210841 -0.0478084 -0.0852632 
qwerty 261 224 0.0255548 0.222358 -4.47186 -3.83424 11.9 -0.00707113 -0.0137883 -0.0987921 
qwerty 261 224 0.00568364 0.198163 -4.47351 -3.83335 11.9011 -0.0524541 0.0616959 0.0586701 
qwerty 261 224 0.00557204 0.192591 -4.47467 -3.83111 11.9026 -0.0281402 0.0709816 0.0645735 
qwerty 261 224 0.00427073 0.188321 -4.47584 -3.8293 11.9043 -0.0440086 0.0530449 0.0724534 
qwerty 261 224 0.00359917 0.184721 -4.47655 -3.82809 11.906 -0.0155159 0.0725141 0.0670892 
qwerty 261 224 0.0164369 0.168284 -4.47641 -3.82592 11.9088 0.0478101 0.0845878 0.0236453 
qwerty 261 224 0.012245 0.156039 -4.47458 -3.82108 11.9103 -0.0176855 0.0793215 0.0582694 
qwerty 261 224 0.0218911 0.134148 -4.47614 -3.81683 11.9125 -0.061304 0.0751878 0.0242612 
qwerty 261 224 0.0194683 0.11468 -4.48042 -3.81265 11.9164 -0.0296915 0.0873956 0.0384763 
qwerty 261 224 0.0813626 0.0333175 -4.48448 -3.80464 11.9176 -0.0286599 -0.0464804 0.0837746 
qwerty 261 224 0.0333175 0 -4.48481 -3.80518 11.9186 -0.0286599 -0.0464804 0.0837746 
qwerty 223 205 0 0.542354 -2.86518 -1.67984 7.675 -0.0113898 -0.0107227 0.0987689 
qwerty 222 205 0 1.16866 -2.86456 -1.61114 7 -0.042524 -0.0111278 0.0898214 
qwerty 222 205 0 1.16866 -3.18412 -1.69477 7.675 -0.042524 -0.0111278 0.0898214 
qwerty 222 205 0 1.16866 -3.50368 -1.77839 8.35 -0.042524 -0.0111278 0.0898214 
qwerty 222 205 0 0.358981 -2.64792 -1.30496 9.025 0.0792338 0.0420004 0.0442491 
qwerty 221 205 0 1.47133 -2.42514 -1.57778 6.325 -0.0376368 -0.0381536 0.0844262 
qwerty 221 205 0 1.47133 -2.72606 -1.88283 7 -0.0376368 -0.0381536 0.0844262 
qwerty 221 205 0 1.47133 -3.02697 -2.18787 7.675 -0.0376368 -0.0381536 0.0844262 
qwerty 221 205 0 1.47133 -3.32788 -2.49292 8.35 -0.0376368 -0.0381536 0.0844262 
qwerty 221 205 0 1.47133 -3.62879 -2.79796 9.025 -0.0376368 -0.0381536 0.0844262 
qwerty 221 205 0 1.47133 -3.9297 -3.103 9.7 -0.0376368 -0.0381536 0.0844262 
qwerty 221 205 0 1.47133 -4.23062 -3.40805 10.375 -0.0376368 -0.0381536 0.0844262 
qwerty 221 205 0 1.47133 -4.53153 -3.71309 11.05 -0.0376368 -0.0381536 0.0844262 
qwerty 221 205 0 1.47133 -4.83244 -4.01813 11.725 -0.0376368 -0.0381536 0.0844262 
qwerty 221 205 0 1.47133 -5.13335 -4.32318 12.4 -0.0376368 -0.0381536 0.0844262 
qwerty 221 205 0 1.47133 -5.43426 -4.62822 13.075 -0.0376368 -0.0381536 0.0844262 
qwerty 221 205 0 1.47133 -5.73517 -4.93327 13.75 -0.0376368 -0.0381536 0.0844262 
qwerty 221 205 0 1.47133 -6.03609 -5.23831 14.425 -0.0376368 -0.0381536 0.0844262 
qwerty 221 205 0 1.47133 -6.337 -5.54335 15.1 -0.0376368 -0.0381536 0.0844262 
qwerty 221 205 0 1.47133 -6.63791 -5.8484 15.775 -0.0376368 -0.0381536 0.0844262 
qwerty 221 205 0 1.47133 -6.93882 -6.15344 16.45 -0.0376368 -0.0381536 0.0844262 
qwerty 221 205 0 0.390391 -7.03578 -6.06243 17.125 -0.0220053 0.0241211 0.0945195 
qwerty 221 205 0 0.317533 -6.69528 -5.82937 17.8 0.053799 0.0290209 0.079142 
qwerty 220 205 0 2.72653 -2.59857 -1.53318 6.325 -0.0568982 -0.0286872 0.0770691 
qwerty 220 205 0 2.72653 -3.0969 -1.78443 7 -0.0568982 -0.0286872 0.0770691 
qwerty 220 205 0 2.72653 -3.59524 -2.03569 7.675 -0.0568982 -0.0286872 0.0770691 
qwerty 220 205 0 0.627458 -4.21027 -1.25 8.14565 -0.0528882 0.0760542 0.0376643 
qwerty 220 205 0 0.627458 -4.49722 -0.837373 8.35 -0.0528882 0.0760542 0.0376643 
qwerty 220 205 0 0.627458 -5.44505 0.52563 9.025 -0.0528882 0.0760542 0.0376643 
qwerty 219 205 0.00029101 0 -1.87646 -1.1862 5.31114 -0.0532349 -0.0240304 0.0811701 
qwerty 277 219 0.00244848 0 -1.87646 -1.18619 5.31115 -0.0527667 0.0785208 0.0324063 
qwerty 218 205 0 0.0681607 -2.01872 -1.25 5.52375 -0.052839 -0.0236271 0.0815463 
qwerty 218 205 0 0.0681607 -2.10052 -1.28658 5.65 -0.052839 -0.0236271 0.0815463 
qwerty 216 205 0 3.29108 -2.0065 -1.25 5.54253 -0.0491518 -0.0231555 0.0839519 
qwerty 216 205 0 3.29108 -2.06943 -1.27964 5.65 -0.0491518 -0.0231555 0.0839519 
qwerty 216 205 0 1.92978 -2.26051 -1.70384 6.325 -0.0170926 -0.0570612 0.0803234 
qwerty 216 205 0 1.92978 -2.40414 -2.18335 7 -0.0170926 -0.0570612 0.0803234 
qwerty 216 205 0 1.92978 -2.54778 -2.66287 7.675 -0.0170926 -0.0570612 0.0803234 
qwerty 216 205 0 1.40207 -2.77345 -2.84611 8.35 -0.0331815 -0.0173068 0.0927333 
qwerty 216 205 0 1.40207 -3.01498 -2.97209 9.025 -0.0331815 -0.0173068 0.0927333 
qwerty 216 205 0 1.40207 -3.25651 -3.09806 9.7 -0.0331815 -0.0173068 0.0927333 
qwerty 216 205 0 1.40207 -3.49803 -3.22404 10.375 -0.0331815 -0.0173068 0.0927333 
qwerty 216 205 0 1.40207 -3.73956 -3.35001 11.05 -0.0331815 -0.0173068 0.0927333 
qwerty 216 205 0 1.40207 -3.98108 -3.47599 11.725 -0.0331815 -0.0173068 0.0927333 
qwerty 216 205 0 1.40207 -4.22261 -3.60196 12.4 -0.0331815 -0.0173068 0.0927333 
qwerty 216 205 0 1.40207 -4.46414 -3.72793 13.075 -0.0331815 -0.0173068 0.0927333 
qwerty 216 205 0 1.40207 -4.70566 -3.85391 13.75 -0.0331815 -0.0173068 0.0927333 
qwerty 216 205 0 1.40207 -4.94719 -3.97988 14.425 -0.0331815 -0.0173068 0.0927333 
qwerty 216 205 0 1.40207 -5.18872 -4.10586 15.1 -0.0331815 -0.0173068 0.0927333 
qwerty 216 205 0 1.40207 -5.43024 -4.23183 15.775 -0.0331815 -0.0173068 0.0927333 
qwerty 216 205 0 1.40207 -5.67177 -4.35781 16.45 -0.0331815 -0.0173068 0.0927333 
qwerty 216 205 0 1.40207 -5.9133 -4.48378 17.125 -0.0331815 -0.0173068 0.0927333 
qwerty 216 205 0 1.40207 -6.15482 -4.60976 17.8 -0.0331815 -0.0173068 0.0927333 
qwerty 216 205 0 1.40207 -6.25 -4.6594 18.066 -0.0331815 -0.0173068 0.0927333 
qwerty 216 205 0 1.40207 -6.39635 -4.73573 18.475 -0.0331815 -0.0173068 0.0927333 
qwerty 216 205 0 1.40207 -6.63787 -4.86171 19.15 -0.0331815 -0.0173068 0.0927333 
qwerty 216 205 0 1.40207 -6.8794 -4.98768 19.825 -0.0331815 -0.0173068 0.0927333 
qwerty 216 205 0 1.40207 -7.12093 -5.11366 20.5 -0.0331815 -0.0173068 0.0927333 
qwerty 216 205 0 1.40207 -7.36245 -5.23963 21.175 -0.0331815 -0.0173068 0.0927333 
qwerty 216 205 0 1.40207 -7.60398 -5.36561 21.85 -0.0331815 -0.0173068 0.0927333 
qwerty 216 205 0 1.40207 -7.84551 -5.49158 22.525 -0.0331815 -0.0173068 0.0927333 
qwerty 216 205 0 1.40207 -8.08703 -5.61756 23.2 -0.0331815 -0.0173068 0.0927333 
qwerty 216 205 0 1.40207 -8.32856 -5.74353 23.875 -0.0331815 -0.0173068 0.0927333 
qwerty 216 205 0 1.40207 -8.57009 -5.86951 24.55 -0.0331815 -0.0173068 0.0927333 
qwerty 216 205 0 1.40207 -8.75 -5.96335 25.0528 -0.0331815 -0.0173068 0.0927333 
qwerty 216 205 0 1.40207 -8.81161 -5.99548 25.225 -0.0331815 -0.0173068 0.0927333 
qwerty 216 205 0 1.40207 -9.05314 -6.12146 25.9 -0.0331815 -0.0173068 0.0927333 
qwerty 216 205 0 1.40207 -9.29466 -6.24743 26.575 -0.0331815 -0.0173068 0.0927333 
qwerty 216 205 0 1.40207 -9.53619 -6.37341 27.25 -0.0331815 -0.0173068 0.0927333 
qwerty 216 205 0 1.40207 -9.77772 -6.49938 27.925 -0.0331815 -0.0173068 0.0927333 
qwerty 216 205 0 1.35892 -10.0393 -6.73047 28.6 -0.034517 -0.0318008 0.0883022 
qwerty 216 205 0 1.35892 -10.3031 -6.97357 29.275 -0.034517 -0.0318008 0.0883022 
qwerty 216 205 0 1.35892 -10.567 -7.21666 29.95 -0.034517 -0.0318008 0.0883022 
qwerty 216 205 0 1.35892 -10.8309 -7.45975 30.625 -0.034517 -0.0318008 0.0883022 
qwerty 216 205 0 1.35892 -11.0947 -7.70284 31.3 -0.034517 -0.0318008 0.0883022 
qwerty 283 279 0 0.225222 -3.50089 -1.11674 6.325 -0.091948 0.0131349 0.0370545 
qwerty 215 205 0 0.917766 -2.10041 -1.24763 5.65 -0.0534284 -0.0176759 0.0826618 
qwerty 214 205 0 0.203736 -1.91472 -1.25 5.60745 -0.029986 -0.0205535 0.0931579 
qwerty 214 205 0 0.203736 -1.92841 -1.25939 5.65 -0.029986 -0.0205535 0.0931579 
qwerty 213 205 0 0.899549 -1.91116 -1.2388 5.65 -0.0276813 -0.0176374 0.0944599 
qwerty 213 205 0 0.899549 -2.10896 -1.36484 6.325 -0.0276813 -0.0176374 0.0944599 
qwerty 213 205 0 0.899549 -2.30677 -1.49087 7 -0.0276813 -0.0176374 0.0944599 
qwerty 213 205 0 0.843112 -2.63508 -1.7732 7.675 -0.0425697 -0.0374542 0.0823711 
qwerty 213 205 0 0.843112 -2.98392 -2.08012 8.35 -0.0425697 -0.0374542 0.0823711 
qwerty 213 205 0 0.843112 -3.33277 -2.38705 9.025 -0.0425697 -0.0374542 0.0823711 
qwerty 212 205 0 2.35054 -1.93773 -1.2168 5.65 -0.0316592 -0.0141106 0.0938008 
qwerty 212 205 0 2.35054 -2.16555 -1.31834 6.325 -0.0316592 -0.0141106 0.0938008 
qwerty 212 205 0 1.00699 -2.28066 -1.25 6.51756 -0.0542931 0.0527983 0.0653039 
qwerty 212 205 0 1.00699 -2.68176 -0.85995 7 -0.0542931 0.0527983 0.0653039 
qwerty 212 205 0 1.00699 -3.24295 -0.314212 7.675 -0.0542931 0.0527983 0.0653039 
qwerty 212 205 0 1.00699 -3.80413 0.231526 8.35 -0.0542931 0.0527983 0.0653039 
qwerty 212 205 0 1.00699 -4.36532 0.777264 9.025 -0.0542931 0.0527983 0.0653039 
qwerty 212 205 0 1.00699 -4.85144 1.25 9.60971 -0.0542931 0.0527983 0.0653039 
qwerty 212 205 0 1.00699 -4.92651 1.323 9.7 -0.0542931 0.0527983 0.0653039 
qwerty 212 205 0 1.00699 -5.4877 1.86874 10.375 -0.0542931 0.0527983 0.0653039 
qwerty 212 205 0 1.00699 -6.04889 2.41448 11.05 -0.0542931 0.0527983 0.0653039 
qwerty 212 205 0 1.00699 -6.25 2.61005 11.2919 -0.0542931 0.0527983 0.0653039 
qwerty 212 205 0 1.00699 -6.61008 2.96022 11.725 -0.0542931 0.0527983 0.0653039 
qwerty 212 205 0 1.00699 -7.17127 3.50595 12.4 -0.0542931 0.0527983 0.0653039 
qwerty 212 205 0 1.00699 -7.73246 4.05169 13.075 -0.0542931 0.0527983 0.0653039 
qwerty 212 205 0 1.00699 -8.29365 4.59743 13.75 -0.0542931 0.0527983 0.0653039 
qwerty 211 205 0 1.03057 -2.29805 -2.17887 5.65 -0.0422814 -0.0786735 0.0449751 
qwerty 211 205 0 1.03057 -2.93262 -3.35963 6.325 -0.0422814 -0.0786735 0.0449751 
qwerty 209 205 0 0.162686 -1.45303 -0.941742 4.3 -0.0323163 -0.0228534 0.0918334 
qwerty 111 57 0 0.36716 -1.01401 -0.619705 2.95 -0.0291063 -0.0230192 0.0928598 
qwerty 111 57 0 0.36716 -1.22559 -0.787032 3.625 -0.0291063 -0.0230192 0.0928598 
qwerty 111 57 0 0.36716 -1.43716 -0.954359 4.3 -0.0291063 -0.0230192 0.0928598 
qwerty 110 57 0 10.8997 -1.00816 -0.616746 2.95 -0.0283835 -0.0226825 0.0931659 
qwerty 110 57 0 10.8997 -1.2138 -0.781084 3.625 -0.0283835 -0.0226825 0.0931659 
qwerty 110 57 0 10.8997 -1.41944 -0.945421 4.3 -0.0283835 -0.0226825 0.0931659 
qwerty 110 57 0 10.8997 -1.62509 -1.10976 4.975 -0.0283835 -0.0226825 0.0931659 
qwerty 110 57 0 10.8997 -1.80058 -1.25 5.55103 -0.0283835 -0.0226825 0.0931659 
qwerty 110 57 0 10.8997 -1.83073 -1.2741 5.65 -0.0283835 -0.0226825 0.0931659 
qwerty 110 57 0 10.8997 -2.03637 -1.43843 6.325 -0.0283835 -0.0226825 0.0931659 
qwerty 110 57 0 10.8997 -2.24201 -1.60277 7 -0.0283835 -0.0226825 0.0931659 
qwerty 110 57 0 10.8997 -2.44766 -1.76711 7.675 -0.0283835 -0.0226825 0.0931659 
qwerty 110 57 0 10.8997 -2.6533 -1.93145 8.35 -0.0283835 -0.0226825 0.0931659 
qwerty 110 57 0 10.8997 -2.85894 -2.09578 9.025 -0.0283835 -0.0226825 0.0931659 
qwerty 110 57 0 10.8997 -3.06458 -2.26012 9.7 -0.0283835 -0.0226825 0.0931659 
qwerty 303 110 0.876849 3.50714 -3.04054 -2.54364 10.375 0.0307201 -0.018769 0.0932952 
qwerty 307 303 0 0.290907 -3.46044 -2.5311 10.2318 -0.0322671 0.0123881 0.0938369 
qwerty 307 303 0 0.290907 -3.50968 -2.51219 10.375 -0.0322671 0.0123881 0.0938369 
qwerty 308 307 0.0277792 0 -3.4609 -2.53178 10.2316 -0.0547342 -0.0809482 -0.02125 
qwerty 306 303 0 0.517408 -3.05698 -2.65129 10.375 0.0030878 -0.0511008 0.0859021 
qwerty 306 303 0 0.517408 -3.03272 -3.05283 11.05 0.0030878 -0.0511008 0.0859021 
qwerty 306 303 0 0.517408 -3.00846 -3.45437 11.725 0.0030878 -0.0511008 0.0859021 
qwerty 306 303 0 0.517408 -2.99059 -3.75 12.222 0.0030878 -0.0511008 0.0859021 
qwerty 306 303 0 0.517408 -2.98419 -3.8559 12.4 0.0030878 -0.0511008 0.0859021 
qwerty 306 303 0 0.517408 -2.95993 -4.25744 13.075 0.0030878 -0.0511008 0.0859021 
qwerty 306 303 0 0.517408 -2.93567 -4.65898 13.75 0.0030878 -0.0511008 0.0859021 
qwerty 305 303 0 0.18511 -3.03953 -2.77325 10.375 0.00498283 -0.0618164 0.0784468 
qwerty 106 57 0 0.268412 -0.584309 -0.302857 1.6 -0.0296844 -0.0206157 0.0932407 
qwerty 106 57 0 0.268412 -0.799204 -0.452101 2.275 -0.0296844 -0.0206157 0.0932407 
qwerty 106 57 0 0.268412 -1.0141 -0.601345 2.95 -0.0296844 -0.0206157 0.0932407 
qwerty 105 5 0 4.11529 4.73626 -2.17308 9.025 -0.0111656 -0.096566 0.0234594 
qwerty 105 5 0 4.11529 4.55393 -3.75 9.40809 -0.0111656 -0.096566 0.0234594 
qwerty 105 5 0 4.11529 4.415 -4.95158 9.7 -0.0111656 -0.096566 0.0234594 
qwerty 105 5 0 0.398438 5.29249 -5.18695 9.31016 0.0985453 -0.0168019 -0.00255392 
qwerty 105 5 0 0.398438 9.54319 -5.91169 9.2 0.0985453 -0.0168019 -0.00255392 
qwerty 317 105 0.0273934 0 5.29244 -5.18689 9.30934 -0.0059368 0.0074764 -0.0995432 
qwerty 320 316 0 0.873328 4.11749 -4.85971 9.2 -0.0368639 0.0250081 -0.0895301 
qwerty 320 316 0 0.873328 3.83955 -4.67117 8.525 -0.0368639 0.0250081 -0.0895301 
qwerty 320 316 0 0.873328 3.56162 -4.48262 7.85 -0.0368639 0.0250081 -0.0895301 
qwerty 320 316 0 0.873328 3.28369 -4.29408 7.175 -0.0368639 0.0250081 -0.0895301 
qwerty 320 316 0 0.216686 3.13013 -4.1899 6.80204 -0.0216195 -0.0568512 0.0793759 
qwerty 320 316 0 0.216686 3.07621 -4.33168 7 -0.0216195 -0.0568512 0.0793759 
qwerty 321 320 0.285656 0.370987 3.07183 -4.19706 6.70111 -0.0741137 0.0197487 -0.064165 
qwerty 321 320 0.362989 0.00799763 3.0217 -4.1837 6.65771 -0.0632246 -0.0628037 -0.0453691 
qwerty 321 320 0.00799763 0 3.02165 -4.18376 6.65767 -0.0632246 -0.0628037 -0.0453691 
qwerty 104 5 0 1.17032 4.54085 -0.159197 9.025 -0.0634285 -0.020006 0.0746765 
qwerty 104 5 0 1.17032 3.96752 -0.340031 9.7 -0.0634285 -0.020006 0.0746765 
qwerty 104 5 0 1.17032 3.75 -0.408638 9.95609 -0.0634285 -0.020006 0.0746765 
qwerty 104 5 0 1.17032 3.39419 -0.520865 10.375 -0.0634285 -0.020006 0.0746765 
qwerty 104 5 0 1.00545 2.73644 -1.08828 11.05 -0.0590265 -0.0544357 0.0596039 
qwerty 104 5 0 1.00545 2.06798 -1.70475 11.725 -0.0590265 -0.0544357 0.0596039 
qwerty 104 5 0 1.00545 1.39952 -2.32123 12.4 -0.0590265 -0.0544357 0.0596039 
qwerty 104 5 0 1.00545 0.731054 -2.9377 13.075 -0.0590265 -0.0544357 0.0596039 
qwerty 104 5 0 1.00545 0.0625927 -3.55417 13.75 -0.0590265 -0.0544357 0.0596039 
qwerty 104 5 0 1.00545 -0.605869 -4.17064 14.425 -0.0590265 -0.0544357 0.0596039 
qwerty 104 5 0 1.00545 -1.27433 -4.78711 15.1 -0.0590265 -0.0544357 0.0596039 
qwerty 104 5 0 1.00545 -1.94279 -5.40358 15.775 -0.0590265 -0.0544357 0.0596039 
qwerty 104 5 0 1.00545 -2.61125 -6.02006 16.45 -0.0590265 -0.0544357 0.0596039 
qwerty 104 5 0 0.502485 -2.62636 -6.0799 17.125 0.0129714 0.0041575 0.0990679 
qwerty 104 5 0 0.502485 -2.53798 -6.05157 17.8 0.0129714 0.0041575 0.0990679 
qwerty 104 5 0 0.502485 -2.4496 -6.02324 18.475 0.0129714 0.0041575 0.0990679 
qwerty 104 5 0 0.502485 -2.36122 -5.99492 19.15 0.0129714 0.0041575 0.0990679 
qwerty 104 5 0 0.502485 -2.27284 -5.96659 19.825 0.0129714 0.0041575 0.0990679 
qwerty 104 5 0 0.436254 -2.09338 -5.60646 20.5 0.0246222 0.0549692 0.0798257 
qwerty 104 5 0 0.436254 -1.88984 -5.12971 21.175 0.0238189 0.0561584 0.0792395 
qwerty 104 5 0 0.436254 -1.68694 -4.65132 21.85 0.0238189 0.0561584 0.0792395 
qwerty 103 5 0 0.536071 3.77525 -0.791082 9.025 -0.0763955 -0.0088382 0.0639188 
qwerty 103 5 0 0.536071 2.96849 -0.884416 9.7 -0.0763955 -0.0088382 0.0639188 
qwerty 103 5 0 0.536071 2.16174 -0.97775 10.375 -0.0763955 -0.0088382 0.0639188 
qwerty 103 5 0 0.536071 1.35498 -1.07108 11.05 -0.0763955 -0.0088382 0.0639188 
qwerty 103 5 0 0.536071 0.54822 -1.16442 11.725 -0.0763955 -0.0088382 0.0639188 
qwerty 103 5 0 0.536071 -0.191538 -1.25 12.3439 -0.0763955 -0.0088382 0.0639188 
qwerty 103 5 0 0.536071 -0.258538 -1.25775 12.4 -0.0763955 -0.0088382 0.0639188 
qwerty 103 5 0 0.536071 -1.21697 -1.39913 13.075 -0.0819335 -0.0125076 0.0559506 
qwerty 103 5 0 0.536071 -2.20544 -1.55003 13.75 -0.0819335 -0.0125076 0.0559506 
qwerty 103 5 0 0.536071 -3.1939 -1.70092 14.425 -0.0819335 -0.0125076 0.0559506 
qwerty 103 5 0 0.536071 -4.18236 -1.85182 15.1 -0.0819335 -0.0125076 0.0559506 
qwerty 103 5 0 0.221135 -4.08905 -1.25 15.0071 0.0174748 0.0970477 -0.0166243 
qwerty 103 5 0 0.221135 -3.66115 1.12637 14.6 0.0174748 0.0970477 -0.0166243 
qwerty 102 5 0 0.364902 5.16284 0.460677 9.025 0.00279677 0.0591621 0.0805731 
qwerty 102 5 0 0.364902 5.18626 0.956306 9.7 0.00279677 0.0591621 0.0805731 
qwerty 102 5 0 0.364902 5.20969 1.45194 10.375 0.00279677 0.0591621 0.0805731 
qwerty 102 5 0 0.364902 5.23312 1.94756 11.05 0.00279677 0.0591621 0.0805731 
qwerty 102 5 0 0.364902 5.25655 2.44319 11.725 0.00279677 0.0591621 0.0805731 
qwerty 102 5 0 0.345607 5.57933 2.99546 12.4 0.0408788 0.0586295 0.0699393 
qwerty 102 5 0 0.345607 5.97386 3.56131 13.075 0.0408788 0.0586295 0.0699393 
qwerty 102 5 0 0.345607 6.10542 3.75 13.3001 0.0408788 0.0586295 0.0699393 
qwerty 102 5 0 0.345607 6.36839 4.12716 13.75 0.0408788 0.0586295 0.0699393 
qwerty 101 5 0 0.103177 5.11897 0.0619083 8.35 0.0261128 0.0134272 0.095592 
qwerty 100 5 0 0.878765 5.4995 -0.232307 8.35 0.0686244 -0.0260558 0.0679101 
qwerty 100 5 0 0.878765 6.1816 -0.491291 9.025 0.0686244 -0.0260558 0.0679101 
qwerty 100 5 0 0.878765 6.8637 -0.750276 9.7 0.0686244 -0.0260558 0.0679101 
qwerty 100 5 0 0.878765 7.5458 -1.00926 10.375 0.0686244 -0.0260558 0.0679101 
qwerty 100 5 0 0.878765 8.17984 -1.25 11.0024 0.0686244 -0.0260558 0.0679101 
qwerty 100 5 0 0.878765 8.2279 -1.26825 11.05 0.0686244 -0.0260558 0.0679101 
qwerty 100 5 0 0.835998 8.75 -1.39444 11.4322 0.0839026 -0.0153438 0.0522007 
qwerty 100 5 0 0.835998 9.22067 -1.48051 11.725 0.0839026 -0.0153438 0.0522007 
qwerty 100 5 0 0.835998 10.3056 -1.67892 12.4 0.0839026 -0.0153438 0.0522007 
qwerty 100 5 0 0.835998 11.25 -1.85163 12.9876 0.0839026 -0.0153438 0.0522007 
qwerty 100 5 0 0.835998 11.3905 -1.87733 13.075 0.0839026 -0.0153438 0.0522007 
qwerty 100 5 0 0.835998 12.4755 -2.07574 13.75 0.0839026 -0.0153438 0.0522007 
qwerty 100 5 0 0.835998 13.5604 -2.27415 14.425 0.0839026 -0.0153438 0.0522007 
qwerty 100 5 0 0.238342 12.7217 -1.9317 15.1 -0.0847895 0.0306708 0.043244 
qwerty 99 5 0 0.102909 3.09536 0.624067 7 0.0413229 -0.0269254 0.0869911 
qwerty 97 5 0 8.41 2.90348 0.771255 6.325 0.0253578 0.00445231 0.096629 
qwerty 97 5 0 8.41 3.08062 0.802356 7 0.0253578 0.00445231 0.096629 
qwerty 97 5 0 8.41 3.25775 0.833458 7.675 0.0253578 0.00445231 0.096629 
qwerty 97 5 0 8.41 3.43489 0.864559 8.35 0.0253578 0.00445231 0.096629 
qwerty 97 5 0 8.41 3.61202 0.895661 9.025 0.0253578 0.00445231 0.096629 
qwerty 97 5 0 8.41 3.78916 0.926763 9.7 0.0253578 0.00445231 0.096629 
qwerty 97 5 0 8.41 3.9663 0.957864 10.375 0.0253578 0.00445231 0.096629 
qwerty 97 5 0 8.41 4.14343 0.988966 11.05 0.0253578 0.00445231 0.096629 
qwerty 97 5 0 8.41 4.32057 1.02007 11.725 0.0253578 0.00445231 0.096629 
qwerty 97 5 0 8.41 4.49771 1.05117 12.4 0.0253578 0.00445231 0.096629 
qwerty 97 5 0 8.41 4.67484 1.08227 13.075 0.0253578 0.00445231 0.096629 
qwerty 97 5 0 8.41 4.85198 1.11337 13.75 0.0253578 0.00445231 0.096629 
qwerty 338 97 0.17646 2.18289 4.9502 1.11896 14.0052 -0.0321276 -0.0635719 0.0701885 
qwerty 338 97 0.249698 1.34532 4.9138 1.03899 14.1224 0.00179929 -0.0541068 0.0840787 
qwerty 338 97 0.484974 0.86035 4.84404 0.908329 14.3246 -0.0657702 -0.0753081 0.00172502 
qwerty 338 97 0.354138 0.506212 4.77269 0.745114 14.3059 -0.0768924 -0.0228811 -0.0596993 
qwerty 338 97 0.341483 0.164729 4.74169 0.630543 14.218 -0.0240871 -0.0778746 0.0579254 
qwerty 338 97 0.164729 0 4.73718 0.615969 14.2289 -0.0240871 -0.0778746 0.0579254 
qwerty 341 338 0.167687 0.420181 4.84279 1.00966 14.1749 -0.0521813 -0.0328076 0.078745 
qwerty 341 338 0.333596 0.0865849 4.80058 0.983125 14.2386 -0.00234532 -0.0572718 0.0819417 
qwerty 341 338 0.0865849 0 4.80043 0.979519 14.2438 -0.00234532 -0.0572718 0.0819417 
qwerty 340 338 0.06958 0.449543 4.93665 1.11907 14.0454 0.0345907 -0.0174625 0.0921875 
qwerty 340 338 0.113869 0.335674 4.92931 1.11554 14.109 -0.0615304 -0.0754943 0.0226852 
qwerty 340 338 0.335674 0 4.89354 1.07165 14.1222 -0.0615304 -0.0754943 0.0226852 
qwerty 96 5 0 1.99421 3.01187 0.802303 6.325 0.0401243 0.010232 0.0910239 
qwerty 96 5 0 1.99421 3.30942 0.878179 7 0.0401243 0.010232 0.0910239 
qwerty 96 5 0 1.99421 3.60696 0.954056 7.675 0.0401243 0.010232 0.0910239 
qwerty 96 5 0 1.99421 3.90451 1.02993 8.35 0.0401243 0.010232 0.0910239 
qwerty 96 5 0 1.99421 4.20206 1.10581 9.025 0.0401243 0.010232 0.0910239 
qwerty 96 5 0 1.34418 4.65528 0.862297 9.7 0.0547242 -0.0349457 0.076053 
qwerty 96 5 0 1.34418 5.14098 0.552141 10.375 0.0547242 -0.0349457 0.076053 
qwerty 96 5 0 1.34418 5.62667 0.241984 11.05 0.0547242 -0.0349457 0.076053 
qwerty 96 5 0 1.34418 6.11237 -0.0681721 11.725 0.0547242 -0.0349457 0.076053 
qwerty 96 5 0 1.04 6.4002 -0.750313 12.4 0.0257955 -0.0707467 0.0657989 
qwerty 96 5 0 1.04 6.66482 -1.47607 13.075 0.0257955 -0.0707467 0.0657989 
qwerty 96 5 0 0.367991 7.17783 -2.13022 12.575 0.050031 -0.0569423 -0.0652263 
qwerty 95 5 0 1.12434 2.98604 0.802433 6.325 0.0371124 0.0103647 0.0922781 
qwerty 95 5 0 1.12434 3.25751 0.87825 7 0.0371124 0.0103647 0.0922781 
qwerty 95 5 0 1.12434 3.52898 0.954066 7.675 0.0371124 0.0103647 0.0922781 
qwerty 95 5 0 1.12434 3.80046 1.02988 8.35 0.0371124 0.0103647 0.0922781 
qwerty 95 5 0 1.12434 4.07193 1.1057 9.025 0.0371124 0.0103647 0.0922781 
qwerty 95 5 0 1.12434 4.3434 1.18152 9.7 0.0371124 0.0103647 0.0922781 
qwerty 94 5 0 0.309233 3.02182 0.766789 6.325 0.0414919 0.00529342 0.0908317 
qwerty 356 353 0 0.41671 2.70358 0.656213 5.15 -0.0145224 -0.00960936 -0.0984721 
qwerty 356 353 0 0.41671 2.60403 0.590343 4.475 -0.0145224 -0.00960936 -0.0984721 
qwerty 90 5 0 2.12944 2.68785 0.725913 5.65 0.0398138 0.0121733 0.0909212 
qwerty 90 5 0 2.12944 2.98343 0.816288 6.325 0.0398138 0.0121733 0.0909212 
qwerty 90 5 0 2.12944 3.27901 0.906663 7 0.0398138 0.0121733 0.0909212 
qwerty 90 5 0 2.12944 3.57458 0.997037 7.675 0.0398138 0.0121733 0.0909212 
qwerty 90 5 0 2.12944 3.87016 1.08741 8.35 0.0398138 0.0121733 0.0909212 
qwerty 90 5 0 2.12944 4.16574 1.17779 9.025 0.0398138 0.0121733 0.0909212 
qwerty 90 5 0 2.12944 4.40192 1.25 9.56436 0.0398138 0.0121733 0.0909212 
qwerty 90 5 0 2.12944 4.46132 1.26816 9.7 0.0398138 0.0121733 0.0909212 
qwerty 90 5 0 2.12944 4.75689 1.35854 10.375 0.0398138 0.0121733 0.0909212 
qwerty 90 5 0 2.12944 5.05247 1.44891 11.05 0.0398138 0.0121733 0.0909212 
qwerty 90 5 0 2.12944 5.34805 1.53928 11.725 0.0398138 0.0121733 0.0909212 
qwerty 90 5 0 2.12944 5.64363 1.62966 12.4 0.0398138 0.0121733 0.0909212 
qwerty 90 5 0 2.12944 5.93921 1.72003 13.075 0.0398138 0.0121733 0.0909212 
qwerty 90 5 0 2.12944 6.23478 1.81041 13.75 0.0398138 0.0121733 0.0909212 
qwerty 90 5 0 2.12944 6.53036 1.90078 14.425 0.0398138 0.0121733 0.0909212 
qwerty 90 5 0 2.12944 6.82594 1.99116 15.1 0.0398138 0.0121733 0.0909212 
qwerty 90 5 0 2.12944 7.12152 2.08153 15.775 0.0398138 0.0121733 0.0909212 
qwerty 90 5 0 2.12944 7.4171 2.17191 16.45 0.0398138 0.0121733 0.0909212 
qwerty 90 5 0 2.12944 7.71267 2.26228 17.125 0.0398138 0.0121733 0.0909212 
qwerty 90 5 0 2.12944 8.00825 2.35266 17.8 0.0398138 0.0121733 0.0909212 
qwerty 90 5 0 2.12944 8.30383 2.44303 18.475 0.0398138 0.0121733 0.0909212 
qwerty 90 5 0 2.12944 8.59941 2.53341 19.15 0.0398138 0.0121733 0.0909212 
qwerty 90 5 0 2.12944 8.75 2.57945 19.4939 0.0398138 0.0121733 0.0909212 
qwerty 90 5 0 2.12944 8.89498 2.62378 19.825 0.0398138 0.0121733 0.0909212 
qwerty 90 5 0 1.19172 8.9849 2.65127 20.0303 0.0710266 0.0477495 0.0517224 
qwerty 90 5 0 1.19172 9.62986 3.08486 20.5 0.0710266 0.0477495 0.0517224 
qwerty 90 5 0 1.19172 10.5568 3.70801 21.175 0.0710266 0.0477495 0.0517224 
qwerty 90 5 0 1.19172 11.4837 4.33117 21.85 0.0710266 0.0477495 0.0517224 
qwerty 90 5 0 0.827314 13.75 8.55279 22.4717 0.0463387 0.087778 0.0121548 
qwerty 90 5 0 0.827314 13.9534 8.93806 22.525 0.0463387 0.087778 0.0121548 
qwerty 362 90 0.115432 0.822289 8.96541 2.63458 20.1058 -0.0415922 -0.0526546 0.0741457 
qwerty 362 90 0.0782695 0.448955 8.9454 2.5929 20.1371 0.0136564 -0.056565 0.0813259 
qwerty 362 90 0.173016 0.275938 8.94994 2.55829 20.197 0.0189585 -0.0977563 0.0091801 
qwerty 362 90 0.275938 0 8.95807 2.51632 20.2009 0.0189585 -0.0977563 0.0091801 
qwerty 366 362 0.295064 0 8.90227 2.5891 20.157 -0.090492 -0.00797111 0.041805 
qwerty 89 5 0 0.499864 2.65833 0.719865 5.65 0.0363536 0.0115224 0.0924427 
qwerty 89 5 0 0.499864 2.92378 0.803999 6.325 0.0363536 0.0115224 0.0924427 
qwerty 89 5 0 0.499864 3.18923 0.888133 7 0.0363536 0.0115224 0.0924427 
qwerty 89 5 0 0.487741 3.3975 0.858118 7.675 0.0272694 -0.00883389 0.0958037 
qwerty 89 5 0 0.487741 3.58963 0.795878 8.35 0.0272694 -0.00883389 0.0958037 
qwerty 89 5 0 0.487741 3.75 0.743925 8.91342 0.0272694 -0.00883389 0.0958037 
qwerty 89 5 0 0.487741 3.78176 0.733637 9.025 0.0272694 -0.00883389 0.0958037 
qwerty 88 5 0 12.8808 2.39732 0.634626 4.975 0.0357025 0.0135867 0.0924161 
qwerty 88 5 0 12.8808 2.65809 0.733862 5.65 0.0357025 0.0135867 0.0924161 
qwerty 88 5 0 12.8808 2.91886 0.833098 6.325 0.0357025 0.0135867 0.0924161 
qwerty 88 5 0 12.8808 3.17963 0.932335 7 0.0357025 0.0135867 0.0924161 
qwerty 88 5 0 12.8808 3.4404 1.03157 7.675 0.0357025 0.0135867 0.0924161 
qwerty 88 5 0 12.8808 3.70117 1.13081 8.35 0.0357025 0.0135867 0.0924161 
qwerty 88 5 0 12.8808 3.96193 1.23004 9.025 0.0357025 0.0135867 0.0924161 
qwerty 88 5 0 12.8808 4.2227 1.32928 9.7 0.0357025 0.0135867 0.0924161 
qwerty 88 5 0 12.8808 4.48347 1.42852 10.375 0.0357025 0.0135867 0.0924161 
qwerty 88 5 0 12.8808 4.74424 1.52775 11.05 0.0357025 0.0135867 0.0924161 
qwerty 88 5 0 12.8808 5.00501 1.62699 11.725 0.0357025 0.0135867 0.0924161 
qwerty 88 5 0 12.8808 5.26578 1.72622 12.4 0.0357025 0.0135867 0.0924161 
qwerty 88 5 0 12.8808 5.52654 1.82546 13.075 0.0357025 0.0135867 0.0924161 
qwerty 88 5 0 12.8808 5.78731 1.9247 13.75 0.0357025 0.0135867 0.0924161 
qwerty 370 88 0.858816 5.7122 5.9736 1.67205 14.4038 0.0291969 -0.0418829 0.0859847 
qwerty 370 88 0.0287125 5.68349 5.9808 1.66172 14.425 0.0261485 -0.0462898 0.0846966 
qwerty 370 88 0.624774 2.06554 6.00993 1.95693 14.1854 -0.0249617 0.053026 -0.0810256 
qwerty 370 88 0.553703 1.51184 5.9297 2.12736 13.925 -0.0340708 0.0481056 -0.0807776 
qwerty 374 370 0 0.127662 5.98015 1.66249 14.425 0.0271135 -0.0395441 0.087756 
qwerty 373 370 0 0.140384 5.92427 1.92638 14.425 0.0122258 0.00413331 0.0991637 
qwerty 372 370 0 0.293835 5.83638 1.97224 14.425 0.00255689 0.00854772 0.0996012 
qwerty 85 37 0 0.65794 3.75 1.3579 10.1012 -0.0882806 0.0322392 0.0341639 
qwerty 85 37 0 0.65794 3.04251 1.61626 10.375 -0.0882806 0.0322392 0.0341639 
qwerty 85 37 0 0.65794 1.29829 2.25323 11.05 -0.0882806 0.0322392 0.0341639 
qwerty 85 37 0 0.65794 -0.445927 2.89021 11.725 -0.0882806 0.0322392 0.0341639 
qwerty 85 37 0 0.65794 -2.19015 3.52718 12.4 -0.0882806 0.0322392 0.0341639 
qwerty 84 37 0 1.35084 4.41746 1.04044 10.375 7.72439e-05 -0.00571465 0.0998366 
qwerty 83 37 0 3.55927 4.9212 0.926522 10.375 0.0596416 -0.0289022 0.0748835 
qwerty 83 37 0 3.55927 5.47482 0.677031 11.05 0.0612037 -0.0272305 0.0742469 
qwerty 83 37 0 3.55927 6.03124 0.42947 11.725 0.0612037 -0.0272305 0.0742469 
qwerty 83 37 0 3.55927 6.58766 0.181909 12.4 0.0612037 -0.0272305 0.0742469 
qwerty 83 37 0 3.55927 7.14408 -0.0656514 13.075 0.0612037 -0.0272305 0.0742469 
qwerty 83 37 0 3.55927 7.7005 -0.313212 13.75 0.0612037 -0.0272305 0.0742469 
qwerty 83 37 0 3.55927 8.25692 -0.560773 14.425 0.0612037 -0.0272305 0.0742469 
qwerty 83 37 0 3.55927 8.81334 -0.808334 15.1 0.0612037 -0.0272305 0.0742469 
qwerty 83 37 0 3.55927 9.36976 -1.05589 15.775 0.0612037 -0.0272305 0.0742469 
qwerty 83 37 0 3.55927 9.80604 -1.25 16.3042 0.0612037 -0.0272305 0.0742469 
qwerty 83 37 0 3.55927 9.92618 -1.30346 16.45 0.0612037 -0.0272305 0.0742469 
qwerty 83 37 0 3.55927 10.4826 -1.55102 17.125 0.0612037 -0.0272305 0.0742469 
qwerty 83 37 0 3.55927 11.039 -1.79858 17.8 0.0612037 -0.0272305 0.0742469 
qwerty 83 37 0 3.55927 11.25 -1.89244 18.0559 0.0612037 -0.0272305 0.0742469 
qwerty 83 37 0 3.55927 11.5954 -2.04614 18.475 0.0612037 -0.0272305 0.0742469 
qwerty 83 37 0 3.55927 12.1519 -2.2937 19.15 0.0612037 -0.0272305 0.0742469 
qwerty 83 37 0 3.55927 12.7083 -2.54126 19.825 0.0612037 -0.0272305 0.0742469 
qwerty 83 37 0 3.55927 13.2647 -2.78882 20.5 0.0612037 -0.0272305 0.0742469 
qwerty 83 37 0 3.55927 13.75 -3.00473 21.0887 0.0612037 -0.0272305 0.0742469 
qwerty 83 37 0 3.55927 13.8211 -3.03638 21.175 0.0612037 -0.0272305 0.0742469 
qwerty 83 37 0 3.55927 14.3775 -3.28394 21.85 0.0612037 -0.0272305 0.0742469 
qwerty 83 37 0 3.55927 14.934 -3.5315 22.525 0.0612037 -0.0272305 0.0742469 
qwerty 83 37 0 3.55927 15.4251 -3.75 23.1208 0.0612037 -0.0272305 0.0742469 
qwerty 83 37 0 3.55927 15.4904 -3.77906 23.2 0.0612037 -0.0272305 0.0742469 
qwerty 390 388 0 0.431044 16.25 -3.70947 23.8075 0.0765244 0.0160446 0.0623425 
qwerty 390 388 0 0.431044 16.3328 -3.6921 23.875 0.0765244 0.0160446 0.0623425 
qwerty 390 388 0 0.431044 17.1614 -3.51839 24.55 0.0765244 0.0160446 0.0623425 
qwerty 390 388 0 0.431044 17.9899 -3.34467 25.225 0.0765244 0.0160446 0.0623425 
qwerty 390 388 0 0.431044 18.8185 -3.17095 25.9 0.0765244 0.0160446 0.0623425 
qwerty 390 388 0 0.431044 19.647 -2.99723 26.575 0.0765244 0.0160446 0.0623425 
qwerty 81 37 0 0.817308 4.05839 1.01216 9.7 0.0222605 0.00123753 0.097483 
qwerty 81 37 0 0.817308 4.21253 1.02073 10.375 0.0222605 0.00123753 0.097483 
qwerty 81 37 0 0.817308 4.36667 1.02929 11.05 0.0222605 0.00123753 0.097483 
qwerty 81 37 0 0.817308 4.52081 1.03786 11.725 0.0222605 0.00123753 0.097483 
qwerty 80 37 0 6.56923 4.03042 0.94449 9.7 0.0164847 -0.0113429 0.0979775 
qwerty 80 37 0 6.56923 4.14399 0.866345 10.375 0.0164847 -0.0113429 0.0979775 
qwerty 80 37 0 6.56923 4.25756 0.7882 11.05 0.0164847 -0.0113429 0.0979775 
qwerty 80 37 0 6.56923 4.37113 0.710055 11.725 0.0164847 -0.0113429 0.0979775 
qwerty 80 37 0 6.56923 4.4847 0.63191 12.4 0.0164847 -0.0113429 0.0979775 
qwerty 80 37 0 6.56923 4.59827 0.553765 13.075 0.0164847 -0.0113429 0.0979775 
qwerty 80 37 0 6.56923 4.71183 0.47562 13.75 0.0164847 -0.0113429 0.0979775 
qwerty 80 37 0 6.56923 4.8254 0.397475 14.425 0.0164847 -0.0113429 0.0979775 
qwerty 80 37 0 6.56923 4.93897 0.31933 15.1 0.0164847 -0.0113429 0.0979775 
qwerty 80 37 0 6.56923 5.05254 0.241185 15.775 0.0164847 -0.0113429 0.0979775 
qwerty 80 37 0 6.56923 5.16611 0.16304 16.45 0.0164847 -0.0113429 0.0979775 
qwerty 80 37 0 6.56923 5.27968 0.084895 17.125 0.0164847 -0.0113429 0.0979775 
qwerty 80 37 0 6.56923 5.39324 0.00674999 17.8 0.0164847 -0.0113429 0.0979775 
qwerty 80 37 0 6.56923 5.50681 -0.071395 18.475 0.0164847 -0.0113429 0.0979775 
qwerty 80 37 0 6.56923 5.62038 -0.14954 19.15 0.0164847 -0.0113429 0.0979775 
qwerty 80 37 0 6.56923 5.73395 -0.227685 19.825 0.0164847 -0.0113429 0.0979775 
qwerty 80 37 0 6.56923 5.84752 -0.30583 20.5 0.0164847 -0.0113429 0.0979775 
qwerty 80 37 0 6.56923 5.96109 -0.383975 21.175 0.0164847 -0.0113429 0.0979775 
qwerty 80 37 0 6.56923 6.07466 -0.46212 21.85 0.0164847 -0.0113429 0.0979775 
qwerty 80 37 0 6.56923 6.18822 -0.540265 22.525 0.0164847 -0.0113429 0.0979775 
qwerty 78 44 0 0.510999 3.63637 1.00753 9.7 -0.0869322 -0.0196767 0.0453389 
qwerty 77 44 0 0.510999 4.59506 1.22452 9.2 0.0869322 0.0196767 -0.0453389 
qwerty 77 44 0 0.17904 4.29713 0.867717 9.7 -0.0499272 -0.0492781 0.0712667 
qwerty 76 50 0 0.510999 2.98102 0.305094 7.175 -0.0569811 0.0332728 -0.0751404 
qwerty 76 50 0 0.510999 2.46914 0.603989 6.5 -0.0569811 0.0332728 -0.0751404 
qwerty 76 50 0 0.510999 1.95727 0.902884 5.825 -0.0569811 0.0332728 -0.0751404 
qwerty 75 50 0 0.341893 3.35693 -1.25 8.19654 -0.00665546 -0.0950999 0.0301947 
qwerty 75 50 0 0.341893 3.32311 -1.73332 8.35 -0.00665546 -0.0950999 0.0301947 
qwerty 74 50 0 0.16384 3.35241 0.0324649 7.675 0.00751702 -0.0770962 0.063243 
qwerty 72 50 0 0.156129 3.24674 0.252505 7.675 -0.0212944 -0.0348715 0.0912717 
qwerty 70 56 0 0.510999 3.59013 -0.469204 6.5 0.0246728 -0.0879335 -0.0407303 
qwerty 69 56 0 0.510999 2.87837 2.06753 7.675 -0.0246728 0.0879335 0.0407303 
qwerty 413 68 0.00756001 0.193954 3.25512 0.722421 7.17663 -0.0390059 -0.0510457 0.0766347 
qwerty 413 68 0.0109876 0.182967 3.2546 0.72109 7.17844 -0.051409 -0.0442351 0.0734872 
qwerty 413 68 0.00425312 0.178714 3.25331 0.71932 7.18024 -0.0753081 -0.0558811 0.0347274 
qwerty 413 68 0.00889292 0.169821 3.25084 0.71814 7.18143 -0.0801376 -0.0330924 0.0498282 
qwerty 413 68 0.00901897 0.160802 3.24764 0.717333 7.18342 -0.0713695 -0.0280911 0.0641661 
qwerty 413 68 0.0142929 0.146509 3.24442 0.716779 7.18619 -0.0942978 0.0296043 -0.0152157 
qwerty 413 68 0.0150038 0.131505 3.23959 0.719219 7.18643 -0.0825902 0.0559211 0.00719018 
qwerty 413 68 0.0269228 0.104582 3.23247 0.71998 7.18662 -0.0646846 0.0757427 -0.00888488 
qwerty 413 68 0.0191638 0.0854185 3.22958 0.724473 7.18629 -0.0728745 0.0520408 -0.0445091 
qwerty 413 68 0.0343934 0.0510251 3.22317 0.726721 7.18739 -0.0921709 -0.0371624 -0.0111124 
qwerty 413 68 0.0510251 0 3.22087 0.725794 7.18712 -0.0921709 -0.0371624 -0.0111124 
qwerty 67 56 0 0.363826 3.69858 1.03015 7.675 0.0532884 0.0338429 0.0775565 
qwerty 66 58 0 0.288011 -0.480843 -0.908177 1.93901 -0.0571847 0.0612625 0.0545602 
qwerty 66 58 0 0.288011 -0.832996 -0.530913 2.275 -0.0571847 0.0612625 0.0545602 
qwerty 416 66 0.222988 0 -0.452679 -0.896324 1.93682 0.0919351 0.0386902 -0.00714164 
qwerty 65 58 0 0.510999 -0.919585 -1.43008 1.775 -0.0625643 -0.0744227 -0.0233876 
qwerty 63 58 0 1.39123 -0.828497 -1.47236 2.275 0.025187 -0.0387073 0.0886981 
qwerty 63 58 0 1.39123 -0.636822 -1.76692 2.95 0.025187 -0.0387073 0.0886981 
qwerty 63 58 0 1.39123 -0.445148 -2.06149 3.625 0.025187 -0.0387073 0.0886981 
qwerty 62 58 0 4.36853 -1.12689 -2.22046 2.275 -0.020362 -0.0828692 0.0521352 
qwerty 62 58 0 4.36853 -1.39052 -3.29338 2.95 -0.020362 -0.0828692 0.0521352 
qwerty 62 58 0 4.36853 -1.65415 -4.3663 3.625 -0.020362 -0.0828692 0.0521352 
qwerty 62 58 0 0.535204 -1.69516 -4.94457 3.125 -0.00260294 -0.0661088 -0.0749856 
qwerty 62 58 0 0.535204 -1.71859 -5.53967 2.45 -0.00260294 -0.0661088 -0.0749856 
qwerty 62 58 0 0.535204 -1.74203 -6.13476 1.775 -0.00260294 -0.0661088 -0.0749856 
qwerty 62 58 0 0.535204 -1.76546 -6.72985 1.1 -0.00260294 -0.0661088 -0.0749856 
qwerty 62 58 0 0.382445 -1.87285 -6.77814 0.425 -0.0190391 0.016868 -0.0967108 
qwerty 59 58 0 6.006 -0.379543 -0.109826 0.925 -0.0322641 -0.0102291 0.0940978 
qwerty 59 58 0 6.006 -0.610986 -0.183203 1.6 -0.0322641 -0.0102291 0.0940978 
qwerty 59 58 0 6.006 -0.842429 -0.25658 2.275 -0.0322641 -0.0102291 0.0940978 
qwerty 59 58 0 6.006 -1.07387 -0.329957 2.95 -0.0322641 -0.0102291 0.0940978 
qwerty 59 58 0 6.006 -1.25 -0.385797 3.46368 -0.0322641 -0.0102291 0.0940978 
qwerty 59 58 0 6.006 -1.30531 -0.403335 3.625 -0.0322641 -0.0102291 0.0940978 
qwerty 59 58 0 6.006 -1.53676 -0.476712 4.3 -0.0322641 -0.0102291 0.0940978 
qwerty 59 58 0 6.006 -1.7682 -0.550089 4.975 -0.0322641 -0.0102291 0.0940978 
qwerty 59 58 0 6.006 -1.99964 -0.623466 5.65 -0.0322641 -0.0102291 0.0940978 
qwerty 59 58 0 6.006 -2.23109 -0.696843 6.325 -0.0322641 -0.0102291 0.0940978 
qwerty 59 58 0 6.006 -2.46253 -0.77022 7 -0.0322641 -0.0102291 0.0940978 
qwerty 59 58 0 6.006 -2.69397 -0.843597 7.675 -0.0322641 -0.0102291 0.0940978 
qwerty 59 58 0 6.006 -2.92542 -0.916974 8.35 -0.0322641 -0.0102291 0.0940978 
qwerty 59 58 0 4.41259 -3.211 -0.864354 9.025 -0.0407244 0.012781 0.0904332 
qwerty 59 58 0 4.41259 -3.51497 -0.768956 9.7 -0.0407244 0.012781 0.0904332 
qwerty 59 58 0 4.41259 -3.75 -0.695195 10.2219 -0.0407244 0.012781 0.0904332 
qwerty 59 58 0 4.41259 -3.81894 -0.673558 10.375 -0.0407244 0.012781 0.0904332 
qwerty 59 58 0 4.41259 -4.12291 -0.57816 11.05 -0.0407244 0.012781 0.0904332 
qwerty 59 58 0 4.41259 -4.42688 -0.482762 11.725 -0.0407244 0.012781 0.0904332 
qwerty 59 58 0 4.41259 -4.73085 -0.387364 12.4 -0.0407244 0.012781 0.0904332 
qwerty 59 58 0 4.41259 -5.03482 -0.291966 13.075 -0.0407244 0.012781 0.0904332 
qwerty 59 58 0 4.41259 -5.33879 -0.196568 13.75 -0.0407244 0.012781 0.0904332 
qwerty 59 58 0 4.41259 -5.64276 -0.10117 14.425 -0.0407244 0.012781 0.0904332 
qwerty 59 58 0 4.41259 -5.94673 -0.00577158 15.1 -0.0407244 0.012781 0.0904332 
qwerty 59 58 0 4.41259 -6.25 0.0894072 15.7734 -0.0407244 0.012781 0.0904332 
qwerty 59 58 0 4.41259 -6.2507 0.0896265 15.775 -0.0407244 0.012781 0.0904332 
qwerty 59 58 0 4.41259 -6.55467 0.185025 16.45 -0.0407244 0.012781 0.0904332 
qwerty 59 58 0 4.41259 -6.85864 0.280423 17.125 -0.0407244 0.012781 0.0904332 
qwerty 59 58 0 4.41259 -7.16261 0.375821 17.8 -0.0407244 0.012781 0.0904332 
qwerty 59 58 0 4.41259 -7.46658 0.471219 18.475 -0.0407244 0.012781 0.0904332 
qwerty 59 58 0 4.41259 -7.77055 0.566617 19.15 -0.0407244 0.012781 0.0904332 
qwerty 59 58 0 4.41259 -8.07452 0.662015 19.825 -0.0407244 0.012781 0.0904332 
qwerty 59 58 0 4.41259 -8.37849 0.757413 20.5 -0.0407244 0.012781 0.0904332 
qwerty 59 58 0 4.41259 -8.68246 0.852811 21.175 -0.0407244 0.012781 0.0904332 
qwerty 59 58 0 4.41259 -8.98643 0.948209 21.85 -0.0407244 0.012781 0.0904332 
qwerty 59 58 0 4.41259 -9.2904 1.04361 22.525 -0.0407244 0.012781 0.0904332 
qwerty 59 58 0 4.41259 -9.59437 1.13901 23.2 -0.0407244 0.012781 0.0904332 
qwerty 59 58 0 4.41259 -9.89833 1.2344 23.875 -0.0407244 0.012781 0.0904332 
qwerty 59 58 0 4.41259 -10.2023 1.3298 24.55 -0.0407244 0.012781 0.0904332 
qwerty 59 58 0 4.41259 -10.5063 1.4252 25.225 -0.0407244 0.012781 0.0904332 
qwerty 59 58 0 4.41259 -10.8102 1.5206 25.9 -0.0407244 0.012781 0.0904332 
qwerty 59 58 0 4.41259 -11.1142 1.616 26.575 -0.0407244 0.012781 0.0904332 
qwerty 59 58 0 4.41259 -11.4182 1.71139 27.25 -0.0407244 0.012781 0.0904332 
qwerty 59 58 0 4.41259 -11.7222 1.80679 27.925 -0.0407244 0.012781 0.0904332 
qwerty 59 58 0 4.41259 -12.0261 1.90219 28.6 -0.0407244 0.012781 0.0904332 
qwerty 59 58 0 4.41259 -12.3301 1.99759 29.275 -0.0407244 0.012781 0.0904332 
qwerty 59 58 0 4.41259 -12.6341 2.09299 29.95 -0.0407244 0.012781 0.0904332 
qwerty 59 58 0 4.41259 -12.938 2.18838 30.625 -0.0407244 0.012781 0.0904332 
qwerty 59 58 0 4.41259 -13.242 2.28378 31.3 -0.0407244 0.012781 0.0904332 
qwerty 59 58 0 4.41259 -13.546 2.37918 31.975 -0.0407244 0.012781 0.0904332 
qwerty 206 112 1.33143 22.2433 -1.80748 -1.14998 4.3 -0.0664891 -0.03547 0.0657349 
qwerty 206 112 1.49072 9.50532 -2.38373 -1.91547 4.975 -0.0358919 -0.0567478 0.0741044 
qwerty 455 206 1.09461 3.72565 -2.7421 -1.43097 4.55952 -0.0554354 -0.069748 -0.0454107 
qwerty 455 206 0.30221 3.42344 -2.84527 -1.56078 4.475 -0.0720011 -0.0543501 -0.0431498 
qwerty 455 206 0.731922 2.09983 -2.97275 -1.69498 4.87619 0.0162657 0.026548 0.0950296 
qwerty 455 206 0.189848 1.90998 -2.95583 -1.66738 4.975 -0.00674111 0.0253309 0.0965034 
qwerty 455 206 0.0768945 0.689799 -3.01209 -1.68834 4.95336 -0.078715 -0.0271023 -0.0554023 
qwerty 455 206 0.0992005 0.590599 -3.04854 -1.69838 4.92834 -0.0786241 -0.0504854 -0.0356298 
qwerty 455 206 0.0835931 0.507006 -3.08694 -1.70625 4.90872 -0.0990972 -0.0130658 -0.00300664 
qwerty 455 206 0.062028 0.444978 -3.12475 -1.70835 4.91616 -0.0854547 -0.0435766 -0.0282591 
qwerty 455 206 0.118825 0.326153 -3.15944 -1.72814 4.9007 -0.0643128 -0.0764489 -0.00440707 
qwerty 455 206 0.089372 0.236781 -3.19605 -1.74261 4.89996 -0.0677455 -0.0031916 -0.0734872 
qwerty 455 206 0.236781 0 -3.21889 -1.74368 4.87518 -0.0677455 -0.0031916 -0.0734872 
qwerty 429 59 0.442948 0.952078 -3.17144 -0.872353 8.65245 -0.0207129 0.0646314 0.0734422 
qwerty 429 59 0.401609 0.55047 -3.159 -0.779099 8.81323 0.00444926 0.0917908 0.0394292 
qwerty 429 59 0.323689 0.22678 -3.15401 -0.676197 8.85743 -0.00955442 0.0510778 -0.0854387 
qwerty 429 59 0.22678 0 -3.15702 -0.660121 8.83054 -0.00955442 0.0510778 -0.0854387 
qwerty 462 429 0 0.157678 -3.609 -0.940828 9.025 -0.0779935 -0.00053211 0.0625838 
qwerty 460 206 0 1.22072 -3.04184 -1.82777 4.475 -0.0720779 0.0361901 -0.059119 
qwerty 460 206 0 1.22072 -3.8648 -1.41456 3.8 -0.0720779 0.0361901 -0.059119 
qwerty 460 206 0 1.22072 -4.68776 -1.00136 3.125 -0.0720779 0.0361901 -0.059119 
qwerty 460 206 0 1.22072 -5.51072 -0.58815 2.45 -0.0720779 0.0361901 -0.059119 
qwerty 460 206 0 1.22072 -6.25 -0.21696 1.84364 -0.0720779 0.0361901 -0.059119 
qwerty 460 206 0 1.22072 -6.33368 -0.174943 1.775 -0.0720779 0.0361901 -0.059119 
qwerty 460 206 0 0.428022 -6.34169 -0.661472 1.1 0.00290696 -0.0612064 -0.0790274 
qwerty 460 206 0 0.428022 -6.31686 -1.18426 0.425 0.00290696 -0.0612064 -0.0790274 
qwerty 460 206 0 0.428022 -6.29203 -1.70704 -0.25 0.00290696 -0.0612064 -0.0790274 
qwerty 459 206 0 1.17684 -5.69581 -6.25 5.22818 -0.0628052 -0.0777087 0.00410654 
qwerty 459 206 0 1.17684 -7.71635 -8.75 5.36029 -0.0628052 -0.0777087 0.00410654 
qwerty 459 206 0 1.17684 -9.73688 -11.25 5.4924 -0.0628052 -0.0777087 0.00410654 
qwerty 459 206 0 1.17684 -11.7574 -13.75 5.62452 -0.0628052 -0.0777087 0.00410654 
qwerty 459 206 0 0.631543 -12.0785 -14.1473 5.64551 -0.00783216 -0.0703783 0.0706084 
qwerty 459 206 0 0.631543 -12.079 -14.1518 5.65 -0.00783216 -0.0703783 0.0706084 
qwerty 467 459 0.0257086 0.519584 -12.0908 -14.1544 5.641 -0.0945329 -0.00839926 -0.0315118 
qwerty 467 459 0.0370821 0.482502 -12.1089 -14.1553 5.63708 -0.0938211 -0.0036407 -0.0344144 
qwerty 467 459 0.105792 0.376711 -12.1249 -14.1592 5.6294 -0.071123 -0.0164556 -0.0683428 
qwerty 467 459 0.0305529 0.346158 -12.1361 -14.1628 5.61497 -0.0944221 -0.00337273 -0.032758 
qwerty 467 459 0.0551171 0.291041 -12.1556 -14.1698 5.60809 -0.0909508 0.0248555 -0.033319 
qwerty 467 459 0.0446235 0.246417 -12.1704 -14.1629 5.59327 -0.0988619 -0.005236 -0.0141036 
qwerty 467 459 0.0869578 0.159459 -12.1933 -14.1707 5.58149 -0.0483011 -0.010655 -0.0869107 
qwerty 467 459 0.159459 0 -12.2019 -14.1726 5.56607 -0.0483011 -0.010655 -0.0869107 
qwerty 458 206 0 0.228859 -2.09588 -3.09364 4.475 0.0270205 -0.0839093 -0.0472135 
qwerty 457 206 0 0.827924 -3.04266 -5.18809 4.475 -0.0189603 -0.096415 -0.0185647 
qwerty 456 206 0 0.287596 -2.75571 -2.64425 5.21782 -0.0180701 0.0899343 0.0398158 
qwerty 456 206 0 0.287596 -2.95185 -1.66807 5.65 -0.0180701 0.0899343 0.0398158 
qwerty 473 456 0.876454 1.58824 -2.9875 -2.93836 5.34028 -0.0404573 -0.0901194 0.0155467 
qwerty 473 456 0.363781 0.73162 -3.08691 -3.13646 5.33169 -0.0971118 -0.0236911 0.00283385 
qwerty 473 456 0.32908 0.40254 -3.21247 -3.23783 5.3963 0.00343288 -0.097356 -0.0225837 
qwerty 473 456 0.370103 0.0324376 -3.20985 -3.31199 5.3791 -0.0102315 0.0307527 -0.0946023 
qwerty 473 456 0.0324376 0 -3.20996 -3.31165 5.37805 -0.0102315 0.0307527 -0.0946023 
qwerty 475 473 0.265499 0.227339 -3.18007 -3.19541 5.37825 -0.0767473 0.0385482 0.0512239 
qwerty 475 473 0.227339 0 -3.20432 -3.18323 5.39444 -0.0767473 0.0385482 0.0512239 
qwerty 454 206 0 0.165206 -3.00432 -2.13262 4.975 -0.0690735 -0.0617588 0.0376126 
qwerty 453 206 0 0.370313 -2.91709 -2.1368 4.975 -0.0657525 -0.0644975 0.0389446 
qwerty 452 206 0 0.589261 -3.75 -2.03985 4.85739 -0.0890548 -0.0400924 0.0214905 
qwerty 452 206 0 0.504044 -4.12614 -2.20919 4.94816 -0.0991833 0.0109553 0.00653102 
qwerty 452 206 0 0.504044 -4.53371 -2.16417 4.975 -0.0991833 0.0109553 0.00653102 
qwerty 478 452 0.0852169 0 -4.12663 -2.215 4.95003 -0.00808597 -0.0948883 0.0305095 
qwerty 451 206 0 0.353792 -2.62852 -1.5995 4.75209 -0.0516365 0.0303069 0.0800947 
qwerty 451 206 0 0.353792 -2.77223 -1.51515 4.975 -0.0516365 0.0303069 0.0800947 
qwerty 451 206 0 0.312412 -2.9129 -1.43259 5.1932 -0.0419675 -0.0305523 0.085471 
qwerty 451 206 0 0.312412 -3.1372 -1.59587 5.65 -0.0419675 -0.0305523 0.085471 
qwerty 483 451 0.0413807 0 -2.91333 -1.43092 5.19334 -0.0245863 0.0966167 0.0077932 
qwerty 482 451 0.128272 0 -2.6353 -1.60936 4.74916 -0.0550516 -0.0800382 -0.023732 
qwerty 450 206 0 0.372029 -1.6108 -1.25 4.22445 -0.0491842 -0.0575244 0.0653595 
qwerty 450 206 0 0.372029 -1.66766 -1.31649 4.3 -0.0491842 -0.0575244 0.0653595 
qwerty 450 206 0 0.372029 -2.17561 -1.91058 4.975 -0.0491842 -0.0575244 0.0653595 
qwerty 450 206 0 0.294302 -2.71041 -1.77573 5.65 -0.0601623 0.0263431 0.0754091 
qwerty 449 254 0 0.493689 -22.2328 -4.39272 22.025 0.00451437 -0.0586441 -0.0808733 
qwerty 449 254 0 0.493689 -22.1951 -4.88218 21.35 0.00451437 -0.0586441 -0.0808733 
qwerty 449 254 0 0.493689 -22.1575 -5.37165 20.675 0.00451437 -0.0586441 -0.0808733 
qwerty 448 254 0 0.510999 -22.1913 -3.75 22.9807 0.0196809 0.0487348 0.085074 
qwerty 448 254 0 0.510999 -22.1406 -3.62438 23.2 0.0196809 0.0487348 0.085074 
qwerty 447 304 0 0.510999 -3.12886 -1.81386 9.2 -0.00204357 0.0680189 -0.0732752 
qwerty 447 304 0 0.295874 -2.87873 -2.08299 8.525 0.0344399 -0.0466247 -0.0814863 
qwerty 446 304 0 0.510999 -3.09609 -2.90458 10.375 0.00204357 -0.0680189 0.0732752 
qwerty 446 304 0 0.510999 -3.07727 -3.53116 11.05 0.00204357 -0.0680189 0.0732752 
qwerty 446 304 0 0.510999 -3.05844 -4.15774 11.725 0.00204357 -0.0680189 0.0732752 
qwerty 446 304 0 0.510999 -3.03962 -4.78432 12.4 0.00204357 -0.0680189 0.0732752 
qwerty 444 339 0 0.510999 4.9064 3.11568 14.425 0.00251955 0.0955319 0.0294501 
qwerty 444 339 0 0.510999 4.92313 3.75 14.6205 0.00251955 0.0955319 0.0294501 
qwerty 444 339 0 0.510999 4.96415 5.30528 15.1 0.00251955 0.0955319 0.0294501 
qwerty 444 339 0 0.510999 5.0219 7.49488 15.775 0.00251955 0.0955319 0.0294501 
qwerty 444 339 0 0.510999 5.055 8.75 16.1619 0.00251955 0.0955319 0.0294501 
qwerty 444 339 0 0.510999 5.07965 9.68448 16.45 0.00251955 0.0955319 0.0294501 
qwerty 440 371 0 0.978225 5.60703 2.405 13.25 -0.02648 0.0643797 -0.0717918 
qwerty 440 371 0 0.978225 5.35806 3.01031 12.575 -0.02648 0.0643797 -0.0717918 
qwerty 440 371 0 0.978225 5.10909 3.61562 11.9 -0.02648 0.0643797 -0.0717918 
qwerty 440 371 0 0.946259 4.78369 4.10712 11.225 -0.0393978 0.0514568 -0.0761578 
qwerty 440 371 0 0.946259 4.4345 4.56319 10.55 -0.0393978 0.0514568 -0.0761578 
qwerty 440 371 0 0.940837 4.252 4.80154 10.1972 -0.0422209 0.0565578 -0.0708422 
qwerty 440 371 0 0.940837 4.05996 5.0588 9.875 -0.0422209 0.0565578 -0.0708422 
qwerty 440 371 0 0.940837 3.65767 5.5977 9.2 -0.0422209 0.0565578 -0.0708422 
qwerty 440 371 0 0.940837 3.25538 6.13659 8.525 -0.0422209 0.0565578 -0.0708422 
qwerty 440 371 0 0.940837 2.85309 6.67549 7.85 -0.0422209 0.0565578 -0.0708422 
qwerty 440 371 0 0.940837 2.4508 7.21438 7.175 -0.0422209 0.0565578 -0.0708422 
qwerty 440 371 0 0.940837 2.04851 7.75328 6.5 -0.0422209 0.0565578 -0.0708422 
qwerty 440 371 0 0.940837 1.64622 8.29218 5.825 -0.0422209 0.0565578 -0.0708422 
qwerty 505 440 0.00542231 0 4.25202 4.80152 10.1972 0.0327225 -0.060561 -0.0725369 
qwerty 439 371 0 0.470758 5.63402 1.88233 14.425 -0.029995 -0.000376828 0.0953947 
qwerty 439 371 0 0.470758 5.42178 1.87967 15.1 -0.029995 -0.000376828 0.0953947 
qwerty 439 371 0 0.470758 5.20954 1.877 15.775 -0.029995 -0.000376828 0.0953947 
qwerty 439 371 0 0.44638 4.76927 1.8454 16.45 -0.0602911 -0.00478799 0.079637 
qwerty 439 371 0 0.44638 4.25824 1.80482 17.125 -0.0602911 -0.00478799 0.079637 
qwerty 439 371 0 0.405782 4.07865 1.82261 17.8 -0.0171937 0.00417808 0.0984222 
qwerty 439 371 0 0.405782 3.96073 1.85126 18.475 -0.0171937 0.00417808 0.0984222 
qwerty 439 371 0 0.405782 3.84282 1.87992 19.15 -0.0171937 0.00417808 0.0984222 
qwerty 439 371 0 0.405782 3.75 1.90247 19.6813 -0.0171937 0.00417808 0.0984222 
qwerty 439 371 0 0.405782 3.7249 1.90857 19.825 -0.0171937 0.00417808 0.0984222 
qwerty 439 371 0 0.405782 3.60698 1.93722 20.5 -0.0171937 0.00417808 0.0984222 
qwerty 438 396 0 0.510999 6.52912 -1.04086 23.2 0.0387503 -0.0597375 0.0702129 
qwerty 438 396 0 0.510999 6.90165 -1.61516 23.875 0.0387503 -0.0597375 0.0702129 
qwerty 438 396 0 0.510999 7.27419 -2.18945 24.55 0.0387503 -0.0597375 0.0702129 
qwerty 437 396 0 0.510999 5.88064 -0.0411647 22.025 -0.0387503 0.0597375 -0.0702129 
qwerty 437 396 0 0.510999 5.50811 0.533129 21.35 -0.0387503 0.0597375 -0.0702129 
qwerty 437 396 0 0.510999 5.13558 1.10742 20.675 -0.0387503 0.0597375 -0.0702129 
qwerty 436 396 0 0.20286 7.58212 0.260034 22.025 0.0817879 0.0462379 -0.0342461 
qwerty 434 423 0 0.510999 -0.0924435 -2.2127 3.125 0.0504714 -0.0188422 -0.0842473 
qwerty 434 423 0 0.510999 0.311939 -2.36366 2.45 0.0504714 -0.0188422 -0.0842473 
qwerty 434 423 0 0.510999 0.716322 -2.51463 1.775 0.0504714 -0.0188422 -0.0842473 
qwerty 433 431 0 0.195421 -13.5388 1.19806 31.7304 -0.0841458 0.0485855 0.0236418 
qwerty 433 431 0 0.195421 -13.75 1.32 31.7898 -0.0841458 0.0485855 0.0236418 
qwerty 433 431 0 0.124952 -14.0703 1.50493 31.8797 0.0423638 0.0187869 -0.0886135 
qwerty 433 431 0 0.124952 -13.8768 1.59074 31.475 0.0423638 0.0187869 -0.0886135 
qwerty 432 431 0 0.510999 -13.8031 3.75 32.5494 -0.00981368 0.0947569 0.0304108 
qwerty 432 431 0 0.510999 -13.8356 4.06339 32.65 -0.00981368 0.0947569 0.0304108 
qwerty 168 117 0.734615 2.63284 -3.58004 -1.24784 8.25897 -0.0754127 -0.0175895 0.0632735 
qwerty 168 117 0.0155557 2.61729 -3.58929 -1.25 8.26673 -0.0743273 -0.0224104 0.0630335 
qwerty 168 117 0.182753 2.43453 -3.68748 -1.2796 8.35 -0.0545311 -0.0588205 0.0597202 
qwerty 516 433 0.0704691 0 -14.0737 1.50606 31.8822 -0.0783435 0.0257591 0.0565576 
qwerty 515 433 0.315577 0 -13.5214 1.15093 31.714 0.0330287 -0.0891418 -0.0310297 
qwerty 526 151 0 0.510999 -3.17364 -0.690234 4.975 -0.0895277 0.0214792 0.0390312 
qwerty 525 151 0 0.490426 -1.56999 -1.28488 4.975 0.0353075 -0.041848 0.0836787 
qwerty 524 155 0 0.510999 -2.71183 -0.253074 7.675 0.0814889 0.0415085 0.0404548 
qwerty 524 155 0 0.510999 -1.35217 0.439507 8.35 0.0814889 0.0415085 0.0404548 
qwerty 523 155 0 0.510999 -4.66898 -1.25 6.70338 -0.0814889 -0.0415085 -0.0404548 
qwerty 523 155 0 0.510999 -5.07866 -1.45868 6.5 -0.0814889 -0.0415085 -0.0404548 
qwerty 520 168 0 0.510999 -4.55501 -1.44054 9.025 -0.0762894 -0.0207857 0.0612199 
qwerty 520 168 0 0.255774 -4.17647 -2.08895 9.7 0.0588967 -0.0609725 0.0530428 
qwerty 519 168 0 0.510999 -3.12873 -1.15009 7.85 0.0760413 0.0112212 -0.0639672 
qwerty 519 168 0 0.510999 -2.32632 -1.03168 7.175 0.0760413 0.0112212 -0.0639672 
qwerty 519 168 0 0.510999 -1.52391 -0.91327 6.5 0.0760413 0.0112212 -0.0639672 
qwerty 519 168 0 0.510999 -1.25 -0.87285 6.26958 0.0760413 0.0112212 -0.0639672 
qwerty 519 168 0 0.510999 -0.721503 -0.794861 5.825 0.0760413 0.0112212 -0.0639672 
qwerty 519 168 0 0.510999 0.0809054 -0.676452 5.15 0.0760413 0.0112212 -0.0639672 
qwerty 519 168 0 0.510999 0.883314 -0.558043 4.475 0.0760413 0.0112212 -0.0639672 
qwerty 519 168 0 0.510999 1.68572 -0.439634 3.8 0.0760413 0.0112212 -0.0639672 
qwerty 519 168 0 0.510999 2.48813 -0.321225 3.125 0.0760413 0.0112212 -0.0639672 
qwerty 519 168 0 0.510999 3.29054 -0.202816 2.45 0.0760413 0.0112212 -0.0639672 
qwerty 519 168 0 0.510999 3.75 -0.135015 2.06349 0.0760413 0.0112212 -0.0639672 
qwerty 519 168 0 0.510999 4.09295 -0.0844076 1.775 0.0760413 0.0112212 -0.0639672 
