qwerty 1 0 0 220.35 0 0 -0.249986 0 0 0.1 
qwerty 3 1 0 229.838 0.100361 0.104586 0.25 0.019279 0.0200905 0.0960452 
qwerty 3 1 0 229.838 0.235853 0.245781 0.925 0.019279 0.0200905 0.0960452 
qwerty 3 1 0 229.838 0.371345 0.386976 1.6 0.019279 0.0200905 0.0960452 
qwerty 3 1 0 229.838 0.506837 0.528171 2.275 0.019279 0.0200905 0.0960452 
qwerty 3 1 0 229.838 0.642329 0.669366 2.95 0.019279 0.0200905 0.0960452 
qwerty 3 1 0 229.838 0.777821 0.810561 3.625 0.019279 0.0200905 0.0960452 
qwerty 4 3 0.967651 11.4941 1.18927 1.25 4.11414 0.0582582 0.0599317 0.0549014 
qwerty 4 3 0.563863 10.9303 1.38649 1.45289 4.3 0.055339 0.0577173 0.0600525 
qwerty 8 4 0 4.48475 2.61043 1.56237 4.975 0.0889907 0.00378717 0.0454568 
qwerty 8 4 0 4.48475 3.93187 1.6186 5.65 0.0889907 0.00378717 0.0454568 
qwerty 8 4 0 4.48475 5.25332 1.67484 6.325 0.0889907 0.00378717 0.0454568 
qwerty 8 4 0 4.48475 6.57477 1.73108 7 0.0889907 0.00378717 0.0454568 
qwerty 8 4 0 4.48475 7.89621 1.78731 7.675 0.0889907 0.00378717 0.0454568 
qwerty 7 4 0 2.90749 2.95947 2.37461 4.975 0.0823137 0.0464526 0.0326589 
qwerty 7 4 0 2.90749 4.66075 3.3347 5.65 0.0823137 0.0464526 0.0326589 
qwerty 7 4 0 0.510638 5.86022 4.01161 6.1259 0.0439978 -0.0750019 0.0493852 
qwerty 7 4 0 0.510638 6.03759 3.70924 6.325 0.0439978 -0.0750019 0.0493852 
qwerty 13 7 0.698985 1.69786 6.14492 4.19428 6.31434 0.0914695 0.0129299 0.0382903 
qwerty 13 7 0.0351831 1.66268 6.17038 4.19788 6.325 0.0781271 0.0426135 0.0456097 
qwerty 15 13 0 1.11006 6.81987 4.64569 7 0.0626147 0.0432125 0.0649006 
qwerty 15 13 0 1.11006 7.4711 5.09512 7.675 0.0626147 0.0432125 0.0649006 
qwerty 15 13 0 1.11006 8.12233 5.54456 8.35 0.0626147 0.0432125 0.0649006 
qwerty 15 13 0 1.11006 8.75 5.97774 9.00059 0.0626147 0.0432125 0.0649006 
qwerty 15 13 0 1.11006 8.77355 5.99399 9.025 0.0626147 0.0432125 0.0649006 
qwerty 15 13 0 1.11006 9.14451 6.25 9.4095 0.0626147 0.0432125 0.0649006 
qwerty 15 13 0 1.11006 9.42478 6.44342 9.7 0.0626147 0.0432125 0.0649006 
qwerty 15 13 0 1.11006 10.076 6.89285 10.375 0.0626147 0.0432125 0.0649006 
qwerty 15 13 0 1.11006 10.7272 7.34229 11.05 0.0626147 0.0432125 0.0649006 
qwerty 15 13 0 1.11006 11.25 7.70307 11.5919 0.0626147 0.0432125 0.0649006 
qwerty 15 13 0 1.11006 11.3785 7.79172 11.725 0.0626147 0.0432125 0.0649006 
qwerty 15 13 0 0.732406 11.5218 7.9926 12.4 0.00581163 0.0217197 0.0974396 
qwerty 15 13 0 0.732406 11.562 8.14306 13.075 0.00581163 0.0217197 0.0974396 
qwerty 18 15 0.00796834 0.314024 11.5557 7.97454 13.2511 -0.013324 -0.0923061 0.0360839 
qwerty 18 15 0.0115426 0.302482 11.5534 7.96803 13.2531 -0.00651498 -0.0968462 0.0240494 
qwerty 18 15 0.0143949 0.288087 11.5525 7.96172 13.2539 -0.0176251 -0.0977899 0.0112467 
qwerty 18 15 0.0116661 0.276421 11.5522 7.95681 13.2551 -0.0349323 -0.0926933 0.0136998 
qwerty 18 15 0.00808613 0.268335 11.5504 7.95208 13.2554 -0.023581 -0.0964907 0.0115534 
qwerty 18 15 0.020686 0.247649 11.5497 7.94613 13.2552 -0.0332948 -0.0942848 -0.00135327 
qwerty 18 15 0.0102793 0.237369 11.5485 7.9414 13.2561 -0.0236818 -0.0965463 0.0108623 
qwerty 18 15 0.00962885 0.227741 11.5472 7.9354 13.2559 -0.0330764 -0.0933761 -0.0136694 
qwerty 18 15 0.0334604 0.19428 11.5462 7.92996 13.2538 -0.0440704 -0.0846882 -0.0297609 
qwerty 18 15 0.018049 0.176231 11.5431 7.92358 13.2534 0.00305494 -0.0999469 -0.0011296 
qwerty 18 15 0.013762 0.162469 11.5423 7.91818 13.252 0.0255286 -0.096571 0.00472526 
qwerty 18 15 0.0162649 0.146204 11.543 7.91318 13.2531 0.0417803 -0.0890838 -0.0178463 
qwerty 18 15 0.012422 0.133782 11.5439 7.90855 13.2522 0.0657342 -0.06765 -0.0332038 
qwerty 18 15 0.0124603 0.121322 11.5467 7.90539 13.2501 0.0348855 -0.0854138 -0.0385679 
qwerty 18 15 6.21128e-05 0.12126 11.5468 7.90523 13.25 0.0392953 -0.083211 -0.0391383 
qwerty 6 4 0 0.33221 1.05796 1.25 4.143 0.041823 0.0632559 0.0651884 
qwerty 6 4 0 0.33221 1.15869 1.40234 4.3 0.041823 0.0632559 0.0651884 
qwerty 2 1 0 125.489 -0.205243 -0.213882 0.25 -0.0353104 -0.0367967 0.0860185 
qwerty 2 1 0 125.489 -0.48233 -0.502632 0.925 -0.0353104 -0.0367967 0.0860185 
qwerty 2 1 0 125.489 -0.759416 -0.791381 1.6 -0.0353104 -0.0367967 0.0860185 
qwerty 2 1 0 125.489 -1.0365 -1.08013 2.275 -0.0353104 -0.0367967 0.0860185 
qwerty 2 1 0 125.489 -1.19951 -1.25 2.6721 -0.0353104 -0.0367967 0.0860185 
qwerty 2 1 0 125.489 -1.31359 -1.36888 2.95 -0.0353104 -0.0367967 0.0860185 
qwerty 2 1 0 125.489 -1.59067 -1.65763 3.625 -0.0353104 -0.0367967 0.0860185 
qwerty 21 2 0.656868 67.2339 -1.76673 -1.97543 4.10945 -0.0286123 -0.0569494 0.0770591 
qwerty 21 2 0.397403 66.8365 -1.83748 -2.11625 4.3 -0.0284825 -0.0585298 0.0759145 
qwerty 21 2 1.31013 6.90353 -2.13576 -1.61175 4.975 -0.0137166 0.0788958 0.0598941 
qwerty 25 21 0.219096 0.323997 -1.71206 -2.06668 4.09156 0.0714529 -0.0359029 0.0600455 
qwerty 25 21 0.323997 0 -1.67272 -2.08645 4.12462 0.0714529 -0.0359029 0.0600455 
qwerty 20 2 0.631642 17.187 -1.75308 -1.90743 4.11543 0.0103238 -0.0396746 0.0912105 
qwerty 20 2 0.278655 16.9084 -1.73219 -1.98771 4.3 0.0100454 -0.0367099 0.0924742 
qwerty 20 2 0.308662 1.07395 -1.64023 -2.20799 4.61256 0.0717013 -0.0315255 0.0621697 
qwerty 20 2 0.353269 0.720677 -1.56057 -2.34824 4.7359 0.0274567 -0.0484331 0.0830685 
qwerty 20 2 0.356232 0.364445 -1.54342 -2.50919 4.81193 0.0669087 -0.044087 -0.0598294 
qwerty 20 2 0.357976 0.00646948 -1.49936 -2.53822 4.77253 0.0427085 -0.0891958 -0.0148357 
qwerty 20 2 0.00646948 0 -1.49933 -2.53828 4.77252 0.0427085 -0.0891958 -0.0148357 
qwerty 39 20 0 8.9516 -1.85516 -1.95049 4.975 -0.0240768 0.0266196 0.0933365 
qwerty 38 20 0 1.21104 -1.50832 -2.53885 4.975 0.0268575 -0.0623022 0.073465 
qwerty 38 20 0 1.21104 -1.26156 -3.11129 5.65 0.0268575 -0.0623022 0.073465 
qwerty 38 20 0 1.21104 -1.01479 -3.68372 6.325 0.0268575 -0.0623022 0.073465 
qwerty 38 20 0 1.21104 -0.768019 -4.25616 7 0.0268575 -0.0623022 0.073465 
qwerty 38 20 0 1.21104 -0.521251 -4.8286 7.675 0.0268575 -0.0623022 0.073465 
qwerty 38 20 0 1.21104 -0.274483 -5.40103 8.35 0.0268575 -0.0623022 0.073465 
qwerty 38 20 0 1.21104 -0.0277145 -5.97347 9.025 0.0268575 -0.0623022 0.073465 
qwerty 38 20 0 1.21104 0.0914946 -6.25 9.35108 0.0268575 -0.0623022 0.073465 
qwerty 38 20 0 1.21104 0.219054 -6.5459 9.7 0.0268575 -0.0623022 0.073465 
qwerty 38 20 0 1.21104 0.465822 -7.11834 10.375 0.0268575 -0.0623022 0.073465 
qwerty 38 20 0 1.21104 0.71259 -7.69077 11.05 0.0268575 -0.0623022 0.073465 
qwerty 37 20 0 1.08088 -1.64222 -2.16171 4.975 0.0130219 -0.0244313 0.0960913 
qwerty 37 20 0 1.08088 -1.55074 -2.33333 5.65 0.0130219 -0.0244313 0.0960913 
qwerty 37 20 0 0.355268 -1.4784 -2.46905 6.1838 -0.0632352 0.0713052 0.0302799 
qwerty 37 20 0 0.355268 -1.77328 -2.13654 6.325 -0.0632352 0.0713052 0.0302799 
qwerty 48 37 0.154094 0.57152 -1.47237 -2.48381 6.26301 0.0363706 0.00522575 0.0930047 
qwerty 48 37 0.0613742 0.510146 -1.4659 -2.48782 6.3011 -0.0287912 0.0190802 0.0938457 
qwerty 48 37 0.0876531 0.422493 -1.47323 -2.48296 6.325 -0.0272663 -0.0110341 0.0955761 
qwerty 48 37 0.00753645 0.23622 -1.47015 -2.48345 6.32214 -0.0557514 -0.022984 -0.0797717 
qwerty 48 37 0.00625332 0.229967 -1.47162 -2.48413 6.31915 -0.0444756 -0.0277162 -0.0851689 
qwerty 48 37 0.00785887 0.222108 -1.47266 -2.48538 6.31616 -0.0549352 -0.0123251 -0.0826451 
qwerty 48 37 0.0147236 0.207385 -1.47617 -2.48631 6.31231 -0.0755946 -0.0265623 -0.0598322 
qwerty 48 37 0.0118414 0.195543 -1.48024 -2.48961 6.30818 -0.0656389 -0.0582716 -0.047916 
qwerty 48 37 0.023771 0.171772 -1.486 -2.49314 6.30302 -0.0761027 -0.0263228 -0.0592915 
qwerty 48 37 0.0683855 0.103387 -1.49567 -2.49756 6.30017 -0.0400638 -0.0313346 -0.086099 
qwerty 48 37 0.103387 0 -1.49909 -2.50024 6.29281 -0.0400638 -0.0313346 -0.086099 
qwerty 36 20 0 0.299707 -1.95858 -1.74732 4.975 -0.0308086 0.033543 0.0890264 
qwerty 36 20 0 0.299707 -2.19217 -1.493 5.65 -0.0308086 0.033543 0.0890264 
qwerty 35 20 0 0.791665 -1.64469 -2.24647 4.975 0.0120312 -0.0354573 0.0927255 
qwerty 35 20 0 0.791665 -1.55711 -2.50459 5.65 0.0120312 -0.0354573 0.0927255 
qwerty 35 20 0 0.791665 -1.46953 -2.7627 6.325 0.0120312 -0.0354573 0.0927255 
qwerty 35 20 0 0.791665 -1.38195 -3.02081 7 0.0120312 -0.0354573 0.0927255 
qwerty 35 20 0 0.791665 -1.29436 -3.27893 7.675 0.0120312 -0.0354573 0.0927255 
qwerty 35 20 0 0.791665 -1.20678 -3.53704 8.35 0.0120312 -0.0354573 0.0927255 
qwerty 35 20 0 0.791665 -1.1192 -3.79515 9.025 0.0120312 -0.0354573 0.0927255 
qwerty 35 20 0 0.791665 -1.03162 -4.05327 9.7 0.0120312 -0.0354573 0.0927255 
qwerty 35 20 0 0.791665 -0.944036 -4.31138 10.375 0.0120312 -0.0354573 0.0927255 
qwerty 35 20 0 0.791665 -0.856454 -4.56949 11.05 0.0120312 -0.0354573 0.0927255 
qwerty 35 20 0 0.466923 -0.775146 -4.80912 11.6766 -0.0118305 0.0556425 0.0822432 
qwerty 35 20 0 0.466923 -0.782101 -4.7764 11.725 -0.0118305 0.0556425 0.0822432 
qwerty 35 20 0 0.466923 -0.879198 -4.31973 12.4 -0.0118305 0.0556425 0.0822432 
qwerty 51 35 0.0579776 0.266764 -0.758789 -4.83211 11.6829 0.0823916 0.0340506 0.0453011 
qwerty 51 35 0.0564236 0.21034 -0.744327 -4.83005 11.6977 0.0686414 0.0102502 0.0719951 
qwerty 51 35 0.0466425 0.163698 -0.737937 -4.82693 11.7117 0.0301125 0.0435197 0.0848485 
qwerty 51 35 0.0210225 0.142676 -0.73607 -4.8256 11.7194 0.0269962 0.0169154 0.0947896 
qwerty 51 35 0.0294378 0.113238 -0.734376 -4.82473 11.7248 0.0673941 0.0138417 0.0725703 
qwerty 51 35 0.0018808 0.111357 -0.734173 -4.82469 11.725 0.0902433 -0.0052611 0.0427606 
qwerty 51 35 0.00166739 0.105465 -0.733868 -4.82396 11.7245 0.0477587 0.0704903 -0.0524427 
qwerty 51 35 0.00441023 0.101055 -0.733413 -4.82343 11.724 0.0509657 0.0494694 -0.0703937 
qwerty 51 35 0.00264888 0.0984062 -0.732835 -4.82305 11.7235 0.0631323 0.050297 -0.0590299 
qwerty 51 35 0.00378152 0.0946247 -0.732327 -4.8225 11.7228 0.074532 0.0246276 -0.0619553 
qwerty 51 35 0.00634076 0.088284 -0.731502 -4.82224 11.7219 0.0875459 0.0314541 -0.0366926 
qwerty 51 35 0.017796 0.070488 -0.729727 -4.82169 11.7217 0.0651659 0.0571995 -0.0498158 
qwerty 51 35 0.012457 0.0580311 -0.728915 -4.82 11.7206 -0.00434133 0.0549669 -0.0834253 
qwerty 51 35 0.0370595 0.0209716 -0.729326 -4.81994 11.7178 -0.0535264 0.00520664 -0.0843079 
qwerty 51 35 0.0209716 0 -0.7296 -4.81991 11.7174 -0.0535264 0.00520664 -0.0843079 
qwerty 34 20 0.00029101 0 -1.7378 -1.95968 4.23758 0.0114218 -0.0390733 0.091339 
qwerty 54 34 0.00760666 0 -1.73772 -1.95967 4.23759 0.0985143 0.00955254 0.0142716 
qwerty 33 20 0 1.19121 -1.998 -2.00719 4.3 -0.0497505 -0.0401608 0.0768895 
qwerty 33 20 0 0.65694 -2.0458 -1.95118 4.975 0.00432039 0.0199432 0.0978959 
qwerty 33 20 0 0.65694 -2.01601 -1.81367 5.65 0.00432039 0.0199432 0.0978959 
qwerty 33 20 0 0.65694 -1.98622 -1.67616 6.325 0.00432039 0.0199432 0.0978959 
qwerty 33 20 0 0.65694 -1.95643 -1.53865 7 0.00432039 0.0199432 0.0978959 
qwerty 33 20 0 0.65694 -1.92664 -1.40114 7.675 0.00432039 0.0199432 0.0978959 
qwerty 33 20 0 0.65694 -1.89685 -1.26363 8.35 0.00432039 0.0199432 0.0978959 
qwerty 33 20 0 0.65694 -1.86706 -1.12612 9.025 0.00432039 0.0199432 0.0978959 
qwerty 33 20 0 0.65694 -1.83727 -0.988606 9.7 0.00432039 0.0199432 0.0978959 
qwerty 33 20 0 0.65694 -1.80749 -0.851096 10.375 0.00432039 0.0199432 0.0978959 
qwerty 33 20 0 0.65694 -1.7777 -0.713586 11.05 0.00432039 0.0199432 0.0978959 
qwerty 33 20 0 0.564196 -1.54934 -0.821843 11.725 0.0350441 -0.0197202 0.0915588 
qwerty 33 20 0 0.564196 -1.29098 -0.967226 12.4 0.0350441 -0.0197202 0.0915588 
qwerty 33 20 0 0.564196 -1.03262 -1.11261 13.075 0.0350441 -0.0197202 0.0915588 
qwerty 33 20 0 0.564196 -0.788473 -1.25 13.7129 0.0350441 -0.0197202 0.0915588 
qwerty 33 20 0 0.564196 -0.774268 -1.25799 13.75 0.0350441 -0.0197202 0.0915588 
qwerty 33 20 0 0.564196 -0.515912 -1.40338 14.425 0.0350441 -0.0197202 0.0915588 
qwerty 33 20 0 0.564196 -0.257555 -1.54876 15.1 0.0350441 -0.0197202 0.0915588 
qwerty 33 20 0 0.562833 -0.0310733 -1.65394 15.775 0.0314663 -0.0146111 0.0937891 
qwerty 33 20 0 0.420404 0.0460318 -1.25 16.3243 0.0108816 0.0597072 0.0794773 
qwerty 33 20 0 0.420404 0.0632469 -1.15554 16.45 0.0108816 0.0597072 0.0794773 
qwerty 33 20 0 0.420404 0.155664 -0.648449 17.125 0.0108816 0.0597072 0.0794773 
qwerty 33 20 0 0.420404 0.248081 -0.141357 17.8 0.0108816 0.0597072 0.0794773 
qwerty 33 20 0 0.420404 0.340498 0.365735 18.475 0.0108816 0.0597072 0.0794773 
qwerty 33 20 0 0.420404 0.522738 0.875548 19.15 0.0235045 0.0586304 0.0775243 
qwerty 59 33 0.0138098 0.292777 0.530706 0.881127 19.148 0.069718 0.0631596 -0.0339155 
qwerty 59 33 0.0117655 0.281012 0.534462 0.883444 19.1468 0.0803364 0.0577465 -0.0145397 
qwerty 59 33 0.0101458 0.270866 0.538723 0.88542 19.1461 0.0776449 0.0317615 0.0544286 
qwerty 59 33 0.0099053 0.260961 0.542806 0.88613 19.1486 0.0665974 0.0447269 0.0597017 
qwerty 59 33 0.00514059 0.25582 0.544417 0.887212 19.15 0.0702944 0.0593489 0.039197 
qwerty 59 33 0.00488382 0.219645 0.546584 0.890244 19.1477 0.00726793 0.0653024 -0.0753841 
qwerty 59 33 0.00710112 0.212544 0.54667 0.891724 19.1455 0.00984245 0.0789084 -0.0606348 
qwerty 59 33 0.00703559 0.205508 0.546889 0.893599 19.1435 -0.01302 0.0666871 -0.0733711 
qwerty 59 33 0.00972844 0.19578 0.546143 0.895573 19.1403 -0.0596709 0.0472071 -0.0648912 
qwerty 59 33 0.0135001 0.18228 0.543849 0.897453 19.1356 -0.0482882 0.0400474 -0.0778746 
qwerty 59 33 0.0278466 0.154433 0.541927 0.899508 19.1269 -0.0538331 0.0336795 -0.0772508 
qwerty 59 33 0.0598953 0.0945378 0.53769 0.912085 19.1189 0.010875 0.0634993 -0.0764825 
qwerty 59 33 0.0945378 0 0.538487 0.916738 19.1133 0.010875 0.0634993 -0.0764825 
qwerty 32 20 0 14.9831 -1.83598 -2.12261 4.3 -0.0282557 -0.055846 0.0779926 
qwerty 32 20 0 14.9831 -2.08053 -2.60594 4.975 -0.0282557 -0.055846 0.0779926 
qwerty 32 20 0 14.9831 -2.32507 -3.08926 5.65 -0.0282557 -0.055846 0.0779926 
qwerty 32 20 0 14.9831 -2.56961 -3.57259 6.325 -0.0282557 -0.055846 0.0779926 
qwerty 32 20 0 14.9831 -2.65938 -3.75 6.57276 -0.0282557 -0.055846 0.0779926 
qwerty 32 20 0 14.9831 -2.81416 -4.05592 7 -0.0282557 -0.055846 0.0779926 
qwerty 32 20 0 14.9831 -3.0587 -4.53925 7.675 -0.0282557 -0.055846 0.0779926 
qwerty 60 32 0.797529 6.51778 -2.94836 -4.63121 8.35 0.0421135 -0.010002 0.0901466 
qwerty 62 60 0 0.213515 -2.89987 -4.84076 8.35 0.032801 -0.0328496 0.088572 
qwerty 31 21 0 0.510999 -3.09058 -0.844728 4.475 -0.0743996 0.0517895 -0.0422202 
qwerty 30 21 0 0.510999 -1.02002 -2.28605 5.65 0.0743996 -0.0517895 0.0422202 
qwerty 30 21 0 0.510999 0.169452 -3.11404 6.325 0.0743996 -0.0517895 0.0422202 
qwerty 30 21 0 0.510999 1.08306 -3.75 6.84345 0.0743996 -0.0517895 0.0422202 
qwerty 30 21 0 0.510999 1.35892 -3.94203 7 0.0743996 -0.0517895 0.0422202 
qwerty 27 21 0 54.7168 -2.08991 -2.65009 4.975 -0.0270159 -0.0591 0.0760088 
qwerty 26 21 0 0.28551 -1.83727 -2.90665 4.975 0.00583087 -0.077533 0.0628859 
qwerty 26 21 0 0.279222 -1.94886 -3.45637 5.65 -0.0132328 -0.0621366 0.0772265 
qwerty 24 21 0 4.68928 -1.83807 -2.11186 4.3 -0.0284095 -0.05639 0.077544 
qwerty 24 21 0 4.68928 -2.08536 -2.60272 4.975 -0.0284095 -0.05639 0.077544 
qwerty 24 21 0 4.68928 -2.33266 -3.09358 5.65 -0.0284095 -0.05639 0.077544 
qwerty 23 21 0 3.30978 -1.84332 -1.98904 4.3 -0.0313856 -0.0423075 0.0850001 
qwerty 23 21 0 3.30978 -2.09256 -2.32501 4.975 -0.0313856 -0.0423075 0.0850001 
qwerty 23 21 0 3.30978 -2.3418 -2.66099 5.65 -0.0313856 -0.0423075 0.0850001 
qwerty 23 21 0 3.30978 -2.59104 -2.99696 6.325 -0.0313856 -0.0423075 0.0850001 
qwerty 23 21 0 3.30978 -2.84028 -3.33293 7 -0.0313856 -0.0423075 0.0850001 
qwerty 23 21 0 3.30978 -3.08951 -3.6689 7.675 -0.0313856 -0.0423075 0.0850001 
qwerty 23 21 0 3.30978 -3.33875 -4.00487 8.35 -0.0313856 -0.0423075 0.0850001 
qwerty 23 21 0 3.30978 -3.58799 -4.34084 9.025 -0.0313856 -0.0423075 0.0850001 
qwerty 23 21 0 3.30978 -3.83723 -4.67681 9.7 -0.0313856 -0.0423075 0.0850001 
qwerty 23 21 0 3.30978 -4.08647 -5.01278 10.375 -0.0313856 -0.0423075 0.0850001 
qwerty 22 21 0 8.65191 -1.83182 -1.98339 4.3 -0.0300086 -0.0418002 0.0857451 
qwerty 22 21 0 8.65191 -2.06805 -2.31245 4.975 -0.0300086 -0.0418002 0.0857451 
qwerty 61 32 0.284744 3.00247 -3.13942 -4.7286 8.00061 -0.0347559 -0.0323214 0.0880191 
qwerty 61 32 0.697671 2.3048 -3.27738 -4.8569 8.35 -0.0567007 -0.0330518 0.0754494 
qwerty 93 61 0.16094 0.33238 -3.10513 -4.80123 8.01022 0.0587263 -0.0429246 0.0686199 
qwerty 93 61 0.33238 0 -3.07151 -4.8258 8.04951 0.0587263 -0.0429246 0.0686199 
qwerty 76 26 0.00658568 0.161841 -1.94725 -3.45662 5.64875 0.0806071 0.0458119 -0.0374669 
qwerty 76 26 0.00362341 0.158218 -1.94588 -3.45544 5.64811 0.0772963 0.0500517 -0.0389887 
qwerty 76 26 0.00904341 0.149174 -1.94407 -3.45478 5.64737 0.065495 0.0573969 -0.0491528 
qwerty 76 26 0.00757996 0.141594 -1.94306 -3.45372 5.64668 0.0580741 0.0721748 -0.0376589 
qwerty 76 26 0.00648048 0.135114 -1.94181 -3.45233 5.64628 -0.025144 0.0910495 0.0328292 
qwerty 76 26 0.0178402 0.117274 -1.94189 -3.45024 5.64689 -0.00403502 0.0988686 0.0144469 
qwerty 76 26 0.0309201 0.0863535 -1.94152 -3.44852 5.64713 0.0194443 0.0929169 0.0314383 
qwerty 76 26 0.00865066 0.0777028 -1.94079 -3.44691 5.64744 0.06785 0.0646688 0.034847 
qwerty 76 26 0.00578829 0.0719145 -1.93948 -3.44593 5.64776 0.0766185 0.06285 -0.0133972 
qwerty 76 26 0.00670028 0.0652143 -1.93863 -3.44436 5.64743 0.0424495 0.0876502 0.0227044 
qwerty 76 26 0.00999401 0.0552202 -1.93723 -3.44318 5.64841 -0.0111966 -0.0975835 -0.0187644 
qwerty 76 26 0.0308559 0.0243644 -1.93803 -3.44458 5.64784 -0.0364475 -0.0604561 -0.0708282 
qwerty 76 26 0.0243644 0 -1.93828 -3.44499 5.64736 -0.0364475 -0.0604561 -0.0708282 
qwerty 72 27 1.53905 40.9578 -2.35256 -3.1248 5.65 -0.0330494 -0.0520069 0.0787592 
qwerty 72 27 1.27907 30.3126 -2.74525 -3.4884 6.325 -0.0497376 -0.0392973 0.0773427 
qwerty 72 27 0.570851 25.9357 -3.0422 -3.75 6.65317 -0.0605155 -0.0595002 0.0528924 
qwerty 72 27 1.15249 24.7832 -3.43902 -4.14016 7 -0.0655201 -0.0568226 0.0497826 
qwerty 72 27 0.365549 8.82683 -3.75 -4.45186 7.33332 -0.0558901 -0.0410685 0.0720394 
qwerty 72 27 0.929423 7.8974 -4.01509 -4.64665 7.675 -0.0650422 -0.0352359 0.0672901 
qwerty 72 27 0.880637 3.77887 -4.40691 -4.97834 8.24297 -0.057979 -0.0311516 0.0752862 
qwerty 72 27 0.268442 3.51043 -4.48934 -5.02263 8.35 -0.0603247 -0.0380644 0.0700859 
qwerty 110 72 0.1107 0.446162 -4.40019 -5.03582 8.25 0.0286666 -0.0939831 0.0185849 
qwerty 110 72 0.146006 0.300156 -4.35965 -5.075 8.27314 0.0415533 -0.0647336 0.0638974 
qwerty 110 72 0.22039 0.079766 -4.35182 -5.0992 8.30426 0.0561853 0.0736387 0.0376901 
qwerty 110 72 0.079766 0 -4.34875 -5.09518 8.30632 0.0561853 0.0736387 0.0376901 
qwerty 107 72 0 2.47885 -3.48632 -4.29946 7 -0.0812124 0.058342 0.000875444 
qwerty 107 72 0.804116 1.56481 -3.56146 -4.55778 6.74007 -0.0518059 -0.0651893 -0.055376 
qwerty 107 72 0.666957 0.897851 -3.77737 -4.69013 6.61344 -0.0557168 -0.0516651 -0.0650105 
qwerty 107 72 0.364497 0.533354 -3.87459 -4.78028 6.5 0.0430967 0.0672995 -0.060112 
qwerty 107 72 0.011006 0.217648 -3.87256 -4.77535 6.50292 -0.013026 0.0337058 0.0932429 
qwerty 107 72 0.00723875 0.21041 -3.87295 -4.77388 6.50545 0.010062 0.0516234 0.0850516 
qwerty 107 72 0.00648493 0.203925 -3.87281 -4.77265 6.50768 0.00675524 0.0673924 0.0735706 
qwerty 107 72 0.0115996 0.192325 -3.87171 -4.77022 6.5122 -0.0122189 0.033449 0.0934444 
qwerty 107 72 0.0135334 0.178792 -3.87153 -4.76573 6.51825 0.0222077 0.0506075 0.0833409 
qwerty 107 72 0.0327182 0.146074 -3.86775 -4.7639 6.52848 0.0173144 0.0491983 0.0853214 
qwerty 107 72 0.0719976 0.074076 -3.86769 -4.74849 6.53548 0.0668314 0.0527727 -0.0524271 
qwerty 107 72 0.074076 0 -3.86448 -4.74596 6.53296 0.0668314 0.0527727 -0.0524271 
qwerty 103 72 0.124896 0.794381 -2.45613 -3.23162 5.88802 -0.0113922 -0.0967436 0.0226029 
qwerty 103 72 0.15291 0.641471 -2.46261 -3.29212 5.88594 -0.0165535 -0.0916194 0.0364947 
qwerty 103 72 0.104226 0.537245 -2.47749 -3.34187 5.91278 -0.0570463 -0.071075 0.0411589 
qwerty 103 72 0.123116 0.414129 -2.50502 -3.40133 5.92213 -0.0570459 -0.0753502 -0.032682 
qwerty 103 72 0.135121 0.279008 -2.53368 -3.43395 5.88005 -0.0124525 -0.0808252 -0.057552 
qwerty 103 72 0.216337 0.0626714 -2.53782 -3.48615 5.87977 0.092907 -0.029553 0.0222464 
qwerty 103 72 0.0626714 0 -2.53449 -3.48721 5.88057 0.092907 -0.029553 0.0222464 
qwerty 115 103 0 0.130653 -3.1111 -2.7105 6.325 -0.070572 0.0486951 0.0514624 
qwerty 112 107 0 0.548516 -3.88332 -3.86778 6.5 -0.0390118 0.0563809 -0.0727961 
qwerty 112 107 0 0.548516 -4.24506 -3.34499 5.825 -0.0390118 0.0563809 -0.0727961 
qwerty 112 107 0 0.548516 -4.60679 -2.8222 5.15 -0.0390118 0.0563809 -0.0727961 
qwerty 112 107 0 0.548516 -4.96853 -2.29941 4.475 -0.0390118 0.0563809 -0.0727961 
qwerty 120 119 0 0.234997 -6.25 -3.19252 4.62057 -0.081719 -0.0561393 0.013053 
qwerty 120 119 0 0.1403 -7.34672 -3.94594 4.79575 0.0887032 -0.0461482 -0.00144591 
qwerty 120 119 0 0.1403 -6.25 -4.51652 4.77787 0.0887032 -0.0461482 -0.00144591 
qwerty 120 119 0 0.1403 -3.75 -5.81715 4.73712 0.0887032 -0.0461482 -0.00144591 
qwerty 120 119 0 0.1403 -1.25 -7.11779 4.69637 0.0887032 -0.0461482 -0.00144591 
qwerty 120 119 0 0.1403 1.25 -8.41842 4.65562 0.0887032 -0.0461482 -0.00144591 
qwerty 120 119 0 0.0959927 2.17048 -8.8973 4.64061 -0.0464605 0.0603235 -0.0648266 
qwerty 120 119 0 0.0959927 2.05178 -8.74319 4.475 -0.0464605 0.0603235 -0.0648266 
qwerty 122 120 0.0443075 0 2.17199 -8.8984 4.64115 0.077774 -0.0564282 0.0276961 
qwerty 121 120 0.0946964 0 -7.35387 -3.94746 4.79649 -0.0973246 -0.0206587 0.0100566 
qwerty 109 72 0 2.53243 -3.75 -4.47602 7.30008 -0.0604132 -0.0501763 0.0619079 
qwerty 109 72 0 2.53243 -4.11587 -4.77989 7.675 -0.0604132 -0.0501763 0.0619079 
qwerty 109 72 0 2.53243 -4.77457 -5.32698 8.35 -0.0604132 -0.0501763 0.0619079 
qwerty 109 72 0 2.53243 -5.43328 -5.87407 9.025 -0.0604132 -0.0501763 0.0619079 
qwerty 109 72 0 2.53243 -5.88591 -6.25 9.48883 -0.0604132 -0.0501763 0.0619079 
qwerty 109 72 0 2.53243 -6.09198 -6.42115 9.7 -0.0604132 -0.0501763 0.0619079 
qwerty 109 72 0 2.53243 -6.75068 -6.96824 10.375 -0.0604132 -0.0501763 0.0619079 
qwerty 109 72 0 2.53243 -7.40938 -7.51533 11.05 -0.0604132 -0.0501763 0.0619079 
qwerty 109 72 0 2.53243 -8.06809 -8.06241 11.725 -0.0604132 -0.0501763 0.0619079 
qwerty 109 72 0 1.78838 -8.40718 -8.24661 12.4 -0.0431224 -0.0230062 0.087242 
qwerty 109 72 0 1.78838 -8.74083 -8.42461 13.075 -0.0431224 -0.0230062 0.087242 
qwerty 109 72 0 1.78838 -9.07447 -8.60261 13.75 -0.0431224 -0.0230062 0.087242 
qwerty 109 72 0 1.78838 -9.40811 -8.78061 14.425 -0.0431224 -0.0230062 0.087242 
qwerty 109 72 0 1.78838 -9.74175 -8.95861 15.1 -0.0431224 -0.0230062 0.087242 
qwerty 109 72 0 1.78838 -10.0754 -9.13661 15.775 -0.0431224 -0.0230062 0.087242 
qwerty 106 72 0 0.391036 -3.75 -4.41676 7.19741 -0.0672754 -0.0596089 0.043827 
qwerty 106 72 0 0.391036 -4.48311 -5.06633 7.675 -0.0672754 -0.0596089 0.043827 
qwerty 104 72 0 0.974979 -3.08579 -3.75 6.80066 -0.0521818 -0.0413124 0.0746348 
qwerty 104 72 0 0.974979 -3.22517 -3.86034 7 -0.0521818 -0.0413124 0.0746348 
qwerty 104 72 0 0.974979 -3.6971 -4.23397 7.675 -0.0521818 -0.0413124 0.0746348 
qwerty 104 72 0 0.974979 -4.16904 -4.6076 8.35 -0.0521818 -0.0413124 0.0746348 
qwerty 104 72 0 0.761281 -4.25315 -5.14372 9.025 -0.00290156 -0.0638694 0.0768913 
qwerty 104 72 0 0.761281 -4.27862 -5.70441 9.7 -0.00290156 -0.0638694 0.0768913 
qwerty 104 72 0 0.761281 -4.3041 -6.26509 10.375 -0.00290156 -0.0638694 0.0768913 
qwerty 104 72 0 0.761281 -4.32957 -6.82578 11.05 -0.00290156 -0.0638694 0.0768913 
qwerty 104 72 0 0.761281 -4.35504 -7.38646 11.725 -0.00290156 -0.0638694 0.0768913 
qwerty 104 72 0 0.761281 -4.38051 -7.94715 12.4 -0.00290156 -0.0638694 0.0768913 
qwerty 104 72 0 0.761281 -4.40598 -8.50783 13.075 -0.00290156 -0.0638694 0.0768913 
qwerty 104 72 0 0.761281 -4.41698 -8.75 13.3665 -0.00290156 -0.0638694 0.0768913 
qwerty 104 72 0 0.761281 -4.43145 -9.06852 13.75 -0.00290156 -0.0638694 0.0768913 
qwerty 104 72 0 0.323958 -4.42012 -8.57147 14.425 0.00182802 0.0705325 0.0708648 
qwerty 101 72 0 0.196765 -2.3263 -3.165 5.65 -0.0268652 -0.0573539 0.0773872 
qwerty 100 72 0 0.161401 -2.42956 -3.28338 5.65 -0.0361613 -0.0642609 0.0675493 
qwerty 98 72 0 1.22731 -2.34196 -3.2902 5.65 -0.0263171 -0.0667758 0.0696304 
qwerty 98 72 0 1.22731 -2.59708 -3.93753 6.325 -0.0263171 -0.0667758 0.0696304 
qwerty 98 72 0 1.22731 -2.8522 -4.58486 7 -0.0263171 -0.0667758 0.0696304 
qwerty 98 72 0 1.22731 -3.10732 -5.23219 7.675 -0.0263171 -0.0667758 0.0696304 
qwerty 98 72 0 1.22731 -3.36244 -5.87951 8.35 -0.0263171 -0.0667758 0.0696304 
qwerty 98 72 0 1.22731 -3.61756 -6.52684 9.025 -0.0263171 -0.0667758 0.0696304 
qwerty 98 72 0 1.22731 -3.87268 -7.17417 9.7 -0.0263171 -0.0667758 0.0696304 
qwerty 98 72 0 1.22731 -4.1278 -7.8215 10.375 -0.0263171 -0.0667758 0.0696304 
qwerty 98 72 0 0.217149 -4.08225 -7.78431 9.875 -0.00431659 0.045997 -0.0886884 
qwerty 96 61 0 0.510999 -3.75 -5.46466 8.84696 -0.0494558 -0.0695875 0.0520741 
qwerty 96 61 0 0.510999 -3.91909 -5.70258 9.025 -0.0494558 -0.0695875 0.0520741 
qwerty 95 61 0 0.510999 -2.80317 -4.1324 7.85 0.0494558 0.0695875 -0.0520741 
qwerty 95 61 0 0.510999 -2.16211 -3.23039 7.175 0.0494558 0.0695875 -0.0520741 
qwerty 92 73 0 0.510999 -1.9375 -2.8525 5.65 0.0336345 -0.0229711 0.0913293 
qwerty 91 73 0 0.510999 -2.37023 -2.55696 4.475 -0.0336345 0.0229711 -0.0913293 
qwerty 91 73 0 0.510999 -2.61882 -2.38719 3.8 -0.0336345 0.0229711 -0.0913293 
qwerty 91 73 0 0.510999 -2.8674 -2.21741 3.125 -0.0336345 0.0229711 -0.0913293 
qwerty 91 73 0 0.510999 -3.11599 -2.04764 2.45 -0.0336345 0.0229711 -0.0913293 
qwerty 90 73 0 2.48072 -2.35802 -3.75 5.25427 -0.0200821 -0.0945334 0.0256933 
qwerty 90 73 0 2.48072 -2.66733 -5.20601 5.65 -0.0200821 -0.0945334 0.0256933 
qwerty 90 73 0 0.230581 -2.36818 -4.14861 5.15 0.0150422 0.0918142 -0.0366591 
qwerty 89 78 0 0.375796 -3.06153 -2.7827 6.325 -0.0709558 0.0403863 0.0577428 
qwerty 88 78 0 0.510999 -2.24155 -3.10755 5.15 0.0181562 0.0127816 -0.0975038 
qwerty 88 78 0 0.510999 -2.11585 -3.01907 4.475 0.0181562 0.0127816 -0.0975038 
qwerty 88 78 0 0.510999 -1.99016 -2.93058 3.8 0.0181562 0.0127816 -0.0975038 
qwerty 88 78 0 0.510999 -1.86447 -2.8421 3.125 0.0181562 0.0127816 -0.0975038 
qwerty 88 78 0 0.510999 -1.73878 -2.75361 2.45 0.0181562 0.0127816 -0.0975038 
qwerty 88 78 0 0.510999 -1.61309 -2.66513 1.775 0.0181562 0.0127816 -0.0975038 
qwerty 88 78 0 0.510999 -1.4874 -2.57664 1.1 0.0181562 0.0127816 -0.0975038 
qwerty 88 78 0 0.510999 -1.3617 -2.48816 0.425 0.0181562 0.0127816 -0.0975038 
qwerty 88 78 0 0.510999 -1.23601 -2.39968 -0.25 0.0181562 0.0127816 -0.0975038 
qwerty 87 78 0 0.171305 -2.44095 -2.98933 6.325 -0.0148935 0.0309198 0.0939263 
qwerty 86 81 0 0.510999 -1.07545 -1.25 5.63314 0.0634404 0.0712166 0.0300586 
qwerty 86 81 0 0.510999 -1.03987 -1.21006 5.65 0.0634404 0.0712166 0.0300586 
qwerty 85 81 0 0.510999 -3.51977 -3.99394 4.475 -0.0634404 -0.0712166 -0.0300586 
qwerty 84 81 0 0.868096 -2.16465 -3.75 5.20485 -0.0126765 -0.0984477 0.0121388 
qwerty 84 81 0 0.439715 -2.2611 -4.49902 5.29721 -0.0947543 -0.031663 -0.00436694 
qwerty 84 81 0 0.439715 -5.45525 -5.56638 5.15 -0.0947543 -0.031663 -0.00436694 
qwerty 166 84 0.0105372 0.310481 -5.49495 -5.57675 5.15646 -0.00600124 -0.0066456 0.0995983 
qwerty 166 84 0.0178555 0.292626 -5.49546 -5.57826 5.16201 -0.0414498 -0.0196439 0.0888596 
qwerty 166 84 0.00996147 0.282664 -5.49811 -5.57959 5.16618 -0.0661925 -0.019459 0.0723871 
qwerty 166 84 0.0179084 0.264756 -5.50486 -5.5831 5.17265 -0.0704073 0.00528693 0.0708156 
qwerty 166 84 0.0289643 0.235792 -5.51767 -5.58466 5.17909 -0.0742891 -0.0210963 0.0635301 
qwerty 166 84 0.0401249 0.195667 -5.52473 -5.59393 5.19629 -0.0401804 -0.0280273 0.087178 
qwerty 166 84 0.0586906 0.136976 -5.53251 -5.58956 5.21307 -0.0418258 -0.0367363 0.0830725 
qwerty 166 84 0.136976 0 -5.53827 -5.59461 5.22451 -0.0418258 -0.0367363 0.0830725 
qwerty 165 84 0.135928 0.292453 -2.26356 -4.55904 5.33235 -0.0744385 -0.0629743 -0.022207 
qwerty 165 84 0.292453 0 -2.29854 -4.58863 5.32191 -0.0744385 -0.0629743 -0.022207 
qwerty 83 81 0 1.57337 -2.8812 -3.73494 5.65 -0.0458042 -0.0824776 0.0331575 
qwerty 83 81 0 1.57337 -3.75 -5.29936 6.27892 -0.0458042 -0.0824776 0.0331575 
qwerty 83 81 0 1.57337 -3.81365 -5.41397 6.325 -0.0458042 -0.0824776 0.0331575 
qwerty 83 81 0 1.57337 -4.27794 -6.25 6.6611 -0.0458042 -0.0824776 0.0331575 
qwerty 83 81 0 1.57337 -4.74611 -7.093 7 -0.0458042 -0.0824776 0.0331575 
qwerty 83 81 0 0.2485 -4.91929 -6.80078 6.5 -0.00231447 0.0621017 -0.0783455 
qwerty 82 81 0 0.201674 -2.40752 -2.99722 4.475 -0.033066 -0.069214 -0.0641565 
qwerty 175 137 0 1.47086 -3.46773 -4.11927 6.325 -0.069724 -0.0628586 0.034458 
qwerty 175 137 0 1.47086 -4.83356 -5.35061 7 -0.069724 -0.0628586 0.034458 
qwerty 175 137 0 1.47086 -6.19939 -6.58196 7.675 -0.069724 -0.0628586 0.034458 
qwerty 41 39 0.873996 1.81371 -1.88467 -2.1131 5.48921 0.0427317 -0.0378587 0.0821019 
qwerty 41 39 0.308046 1.50567 -1.80098 -2.18725 5.65 0.0534323 -0.0249942 0.0807483 
qwerty 5 3 0.73461 147.988 0.897875 0.947907 4.3 0.0157878 0.0196254 0.096776 
qwerty 5 3 0.19324 80.6992 0.917944 0.998996 4.58768 -0.00176788 0.0163982 0.0986305 
qwerty 5 3 0.679515 80.0197 0.911001 1.06339 4.975 -0.00126567 0.0187843 0.0982118 
qwerty 5 3 0.774816 73.3322 0.917711 1.159 5.65 -0.00117815 0.0134257 0.0990876 
qwerty 5 3 0.579908 67.8309 0.924668 1.21842 6.19628 0.00240311 0.0086058 0.0996 
qwerty 5 3 0.246663 67.5842 0.927773 1.22954 6.325 0.00160123 0.00792821 0.0996724 
qwerty 5 3 0.0540052 51.8874 0.932832 1.25 6.54113 0.00841881 0.0170622 0.0981733 
qwerty 5 3 0.774477 51.1129 0.972182 1.32975 7 0.0107642 0.0175832 0.0978517 
qwerty 5 3 1.12002 39.7023 0.989907 1.58276 7.63752 0.00135229 0.0412555 0.0910832 
qwerty 5 3 0.0533944 39.6489 0.990463 1.59974 7.675 0.00111862 0.0421218 0.0906891 
qwerty 5 3 1.46603 35.7876 1.26185 2.35367 8.35 0.0299086 0.0750405 0.0589441 
qwerty 5 3 1.55208 29.0592 1.70979 2.97835 9.025 0.0487393 0.0534249 0.069067 
qwerty 5 3 1.45087 20.2283 2.25821 3.61308 9.7 0.0425549 0.0770658 0.0474336 
qwerty 5 3 0 7.51698 2.56611 3.98906 9.7 0.0423969 0.0466449 0.0776322 
qwerty 205 5 0.0562874 0.249371 0.99687 1.60046 7.64661 0.022992 0.0942855 0.0241167 
qwerty 205 5 0.0677535 0.181617 1.00322 1.61343 7.65709 0.0913953 0.036179 0.0183841 
qwerty 205 5 0.0301886 0.151429 1.01155 1.62163 7.65647 0.0813942 0.050865 -0.0280669 
qwerty 205 5 0.0349938 0.116435 1.01697 1.63192 7.65426 0.0460636 0.072965 0.0505396 
qwerty 205 5 0.116435 0 1.02179 1.63956 7.65955 0.0460636 0.072965 0.0505396 
qwerty 193 5 0.336343 0 0.96537 1.02005 4.61426 0.0813455 0.0361199 0.045588 
qwerty 223 5 0 0.510999 2.85535 4.35762 10.375 0.0392724 0.0358657 0.0846837 
qwerty 227 226 0 0.171843 2.88388 3.15091 9.875 0.00216631 -0.0923051 -0.0384068 
qwerty 222 5 0 0.510999 2.31044 3.85998 9.2 -0.0392724 -0.0358657 -0.0846837 
qwerty 220 5 0 2.75629 3.09207 4.95531 10.375 0.0407751 0.074926 0.052187 
qwerty 220 5 0 2.75629 3.61947 5.92442 11.05 0.0407751 0.074926 0.052187 
qwerty 231 220 0.00477175 0.880781 3.75 6.16461 11.2273 -0.0542094 0.0520673 0.065957 
qwerty 231 220 0.128095 0.752686 3.73018 6.21149 11.2697 -0.0452514 0.052636 0.0719844 
qwerty 231 220 0.120971 0.631715 3.70785 6.2272 11.3259 -0.024685 0.0340269 0.0907349 
qwerty 231 220 0.1266 0.505114 3.67779 6.25551 11.3714 -0.0221643 0.0901488 0.0371744 
qwerty 231 220 0.159299 0.345816 3.65555 6.29715 11.3897 0.0333838 0.0790776 0.0513055 
qwerty 231 220 0.141178 0.204638 3.65191 6.32625 11.4394 -0.0985726 -0.00702139 -0.0153014 
qwerty 231 220 0.204638 0 3.62561 6.32438 11.4353 -0.0985726 -0.00702139 -0.0153014 
qwerty 218 5 0 1.71303 3.32491 4.5956 9.2 0.0695876 0.0548763 -0.0463267 
qwerty 218 5 0 1.71303 3.75 4.93082 8.917 0.0695876 0.0548763 -0.0463267 
qwerty 218 5 0 1.69208 4.22383 5.30448 8.60156 0.0660634 0.0617908 -0.0426325 
qwerty 218 5 0 1.69208 4.34247 5.41545 8.525 0.0660634 0.0617908 -0.0426325 
qwerty 218 5 0 1.69208 5.23473 6.25 7.9492 0.0660634 0.0617908 -0.0426325 
qwerty 218 5 0 1.69208 5.38845 6.39378 7.85 0.0660634 0.0617908 -0.0426325 
qwerty 218 5 0 1.69208 6.25 7.19961 7.29402 0.0660634 0.0617908 -0.0426325 
qwerty 218 5 0 1.69208 6.43443 7.37211 7.175 0.0660634 0.0617908 -0.0426325 
qwerty 233 218 0.0209526 0 4.22409 5.30412 8.60131 0.0502025 -0.0713674 -0.0488509 
qwerty 217 5 0 0.353087 2.84023 3.86223 9.2 0.0475623 -0.0210853 -0.0854005 
qwerty 208 5 0 0.4389 1.53908 2.99989 9.025 0.0293706 0.0640415 0.0709652 
qwerty 208 5 0 0.4389 1.81844 3.60904 9.7 0.0293706 0.0640415 0.0709652 
qwerty 207 5 0 0.244881 1.51744 3.04968 9.025 0.0257282 0.0678061 0.0688505 
qwerty 207 5 0 0.244881 1.76968 3.71444 9.7 0.0257282 0.0678061 0.0688505 
qwerty 206 5 0 0.802731 1.76174 3.12972 9.025 0.0461141 0.0661839 0.0591032 
qwerty 203 5 0 4.73839 1.00349 1.48765 7.675 0.00414318 0.0231431 0.0971969 
qwerty 203 5 0 4.73839 1.03226 1.64837 8.35 0.00414318 0.0231431 0.0971969 
qwerty 203 5 0 4.73839 1.06103 1.80909 9.025 0.00414318 0.0231431 0.0971969 
qwerty 203 5 0 4.73839 1.08981 1.96981 9.7 0.00414318 0.0231431 0.0971969 
qwerty 203 5 0 4.73839 1.11858 2.13053 10.375 0.00414318 0.0231431 0.0971969 
qwerty 203 5 0 4.73839 1.14735 2.29125 11.05 0.00414318 0.0231431 0.0971969 
qwerty 203 5 0 4.73839 1.17613 2.45198 11.725 0.00414318 0.0231431 0.0971969 
qwerty 203 5 0 4.73839 1.2049 2.6127 12.4 0.00414318 0.0231431 0.0971969 
qwerty 203 5 0 4.73839 1.23367 2.77342 13.075 0.00414318 0.0231431 0.0971969 
qwerty 203 5 0 4.73839 1.26244 2.93414 13.75 0.00414318 0.0231431 0.0971969 
qwerty 203 5 0 4.73839 1.29122 3.09486 14.425 0.00414318 0.0231431 0.0971969 
qwerty 203 5 0 4.73839 1.31999 3.25558 15.1 0.00414318 0.0231431 0.0971969 
qwerty 203 5 0 4.73839 1.34876 3.4163 15.775 0.00414318 0.0231431 0.0971969 
qwerty 203 5 0 4.73839 1.37754 3.57702 16.45 0.00414318 0.0231431 0.0971969 
qwerty 203 5 0 4.73839 1.40631 3.73775 17.125 0.00414318 0.0231431 0.0971969 
qwerty 203 5 0 4.73839 1.43508 3.89847 17.8 0.00414318 0.0231431 0.0971969 
qwerty 203 5 0 4.73839 1.46386 4.05919 18.475 0.00414318 0.0231431 0.0971969 
qwerty 203 5 0 4.73839 1.49263 4.21991 19.15 0.00414318 0.0231431 0.0971969 
qwerty 250 248 0 0.567824 1.25 4.20538 19.7262 -0.0475215 -0.00267797 0.0879462 
qwerty 250 248 0 0.567824 1.1966 4.20237 19.825 -0.0475215 -0.00267797 0.0879462 
qwerty 250 248 0 0.567824 0.83187 4.18182 20.5 -0.0475215 -0.00267797 0.0879462 
qwerty 250 248 0 0.567824 0.467135 4.16127 21.175 -0.0475215 -0.00267797 0.0879462 
qwerty 250 248 0 0.567824 0.102401 4.14071 21.85 -0.0475215 -0.00267797 0.0879462 
qwerty 250 248 0 0.567824 -0.262334 4.12016 22.525 -0.0475215 -0.00267797 0.0879462 
qwerty 250 248 0 0.567824 -0.627069 4.09961 23.2 -0.0475215 -0.00267797 0.0879462 
qwerty 250 248 0 0.567824 -0.991804 4.07905 23.875 -0.0475215 -0.00267797 0.0879462 
qwerty 250 248 0 0.567824 -1.35654 4.0585 24.55 -0.0475215 -0.00267797 0.0879462 
qwerty 250 248 0 0.567824 -1.72127 4.03794 25.225 -0.0475215 -0.00267797 0.0879462 
qwerty 202 5 0 2.39753 1.02414 1.4433 7.675 0.00758667 0.0167067 0.0983022 
qwerty 202 5 0 2.39753 1.07623 1.55802 8.35 0.00758667 0.0167067 0.0983022 
qwerty 202 5 0 2.39753 1.12833 1.67273 9.025 0.00758667 0.0167067 0.0983022 
qwerty 202 5 0 2.39753 1.18042 1.78745 9.7 0.00758667 0.0167067 0.0983022 
qwerty 202 5 0 2.39753 1.23252 1.90217 10.375 0.00758667 0.0167067 0.0983022 
qwerty 202 5 0 2.39753 1.28461 2.01689 11.05 0.00758667 0.0167067 0.0983022 
qwerty 202 5 0 1.46772 1.25 2.05253 11.3114 -0.0428552 0.00732272 0.0900545 
qwerty 202 5 0 1.46772 1.05317 2.08616 11.725 -0.0428552 0.00732272 0.0900545 
qwerty 202 5 0 1.46772 0.731948 2.14105 12.4 -0.0428552 0.00732272 0.0900545 
qwerty 202 5 0 1.46772 0.410728 2.19594 13.075 -0.0428552 0.00732272 0.0900545 
qwerty 202 5 0 1.46772 0.0895081 2.25082 13.75 -0.0428552 0.00732272 0.0900545 
qwerty 202 5 0 1.46772 -0.231712 2.30571 14.425 -0.0428552 0.00732272 0.0900545 
qwerty 202 5 0 1.46772 -0.552931 2.3606 15.1 -0.0428552 0.00732272 0.0900545 
qwerty 202 5 0 1.46772 -0.874151 2.41548 15.775 -0.0428552 0.00732272 0.0900545 
qwerty 202 5 0 1.46772 -1.19537 2.47037 16.45 -0.0428552 0.00732272 0.0900545 
qwerty 202 5 0 1.46772 -1.51659 2.52526 17.125 -0.0428552 0.00732272 0.0900545 
qwerty 202 5 0 1.46772 -1.83781 2.58015 17.8 -0.0428552 0.00732272 0.0900545 
qwerty 202 5 0 1.46772 -2.15903 2.63503 18.475 -0.0428552 0.00732272 0.0900545 
qwerty 202 5 0 1.46772 -2.48025 2.68992 19.15 -0.0428552 0.00732272 0.0900545 
qwerty 202 5 0 1.46772 -2.80147 2.74481 19.825 -0.0428552 0.00732272 0.0900545 
qwerty 202 5 0 1.46772 -3.12269 2.79969 20.5 -0.0428552 0.00732272 0.0900545 
qwerty 202 5 0 1.46772 -3.44391 2.85458 21.175 -0.0428552 0.00732272 0.0900545 
qwerty 202 5 0 1.46772 -3.76513 2.90947 21.85 -0.0428552 0.00732272 0.0900545 
qwerty 202 5 0 1.46772 -4.08635 2.96436 22.525 -0.0428552 0.00732272 0.0900545 
qwerty 202 5 0 1.46772 -4.40757 3.01924 23.2 -0.0428552 0.00732272 0.0900545 
qwerty 202 5 0 1.46772 -4.72879 3.07413 23.875 -0.0428552 0.00732272 0.0900545 
qwerty 202 5 0 1.46772 -5.05001 3.12902 24.55 -0.0428552 0.00732272 0.0900545 
qwerty 202 5 0 1.46772 -5.37123 3.1839 25.225 -0.0428552 0.00732272 0.0900545 
qwerty 202 5 0 1.46772 -5.69245 3.23879 25.9 -0.0428552 0.00732272 0.0900545 
qwerty 202 5 0 1.33544 -6.20369 3.19508 26.575 -0.0626205 -0.00682766 0.0776663 
qwerty 202 5 0 1.33544 -6.74793 3.13574 27.25 -0.0626205 -0.00682766 0.0776663 
qwerty 202 5 0 1.33544 -7.29216 3.0764 27.925 -0.0626205 -0.00682766 0.0776663 
qwerty 202 5 0 1.33544 -7.8364 3.01706 28.6 -0.0626205 -0.00682766 0.0776663 
qwerty 202 5 0 1.2041 -8.18513 2.97904 29.0325 -0.0723981 -0.0293433 0.0624299 
qwerty 202 5 0 1.2041 -8.46633 2.86507 29.275 -0.0723981 -0.0293433 0.0624299 
qwerty 202 5 0 1.2041 -9.24911 2.54781 29.95 -0.0723981 -0.0293433 0.0624299 
qwerty 202 5 0 1.2041 -10.0319 2.23055 30.625 -0.0723981 -0.0293433 0.0624299 
qwerty 202 5 0 1.2041 -10.8147 1.91328 31.3 -0.0723981 -0.0293433 0.0624299 
qwerty 202 5 0 1.2041 -11.25 1.73684 31.6754 -0.0723981 -0.0293433 0.0624299 
qwerty 202 5 0 1.2041 -11.5974 1.59602 31.975 -0.0723981 -0.0293433 0.0624299 
qwerty 202 5 0 1.2041 -12.3802 1.27876 32.65 -0.0723981 -0.0293433 0.0624299 
qwerty 202 5 0 1.2041 -13.163 0.961493 33.325 -0.0723981 -0.0293433 0.0624299 
qwerty 254 202 0.131332 0 -8.18396 2.98768 29.0419 0.00911958 0.0673564 0.0733482 
qwerty 201 5 0 0.253817 0.932801 1.25 6.56823 0.00546002 0.0100112 0.0993477 
qwerty 201 5 0 0.253817 0.956531 1.29351 7 0.00546002 0.0100112 0.0993477 
qwerty 200 5 0 7.63357 0.936605 1.25 6.61943 0.00439125 0.00560965 0.0997459 
qwerty 200 5 0 7.63357 0.95336 1.2714 7 0.00439125 0.00560965 0.0997459 
qwerty 200 5 0 7.63357 0.983076 1.30936 7.675 0.00439125 0.00560965 0.0997459 
qwerty 200 5 0 7.63357 1.01279 1.34733 8.35 0.00439125 0.00560965 0.0997459 
qwerty 200 5 0 7.63357 1.04251 1.38529 9.025 0.00439125 0.00560965 0.0997459 
qwerty 200 5 0 7.63357 1.07223 1.42325 9.7 0.00439125 0.00560965 0.0997459 
qwerty 200 5 0 7.63357 1.10194 1.46121 10.375 0.00439125 0.00560965 0.0997459 
qwerty 200 5 0 7.63357 1.13166 1.49917 11.05 0.00439125 0.00560965 0.0997459 
qwerty 200 5 0 7.63357 1.16137 1.53713 11.725 0.00439125 0.00560965 0.0997459 
qwerty 200 5 0 7.63357 1.19109 1.5751 12.4 0.00439125 0.00560965 0.0997459 
qwerty 200 5 0 7.63357 1.22081 1.61306 13.075 0.00439125 0.00560965 0.0997459 
qwerty 200 5 0 7.63357 1.25052 1.65102 13.75 0.00439125 0.00560965 0.0997459 
qwerty 200 5 0 7.63357 1.28024 1.68898 14.425 0.00439125 0.00560965 0.0997459 
qwerty 200 5 0 7.63357 1.30996 1.72694 15.1 0.00439125 0.00560965 0.0997459 
qwerty 200 5 0 7.63357 1.33967 1.7649 15.775 0.00439125 0.00560965 0.0997459 
qwerty 200 5 0 7.63357 1.36939 1.80287 16.45 0.00439125 0.00560965 0.0997459 
qwerty 200 5 0 7.63357 1.39911 1.84083 17.125 0.00439125 0.00560965 0.0997459 
qwerty 200 5 0 7.63357 1.42882 1.87879 17.8 0.00439125 0.00560965 0.0997459 
qwerty 200 5 0 7.63357 1.45854 1.91675 18.475 0.00439125 0.00560965 0.0997459 
qwerty 200 5 0 7.63357 1.48826 1.95471 19.15 0.00439125 0.00560965 0.0997459 
qwerty 200 5 0 3.49232 1.6695 2.16308 19.825 0.0299321 0.034261 0.089052 
qwerty 200 5 0 3.49232 1.89638 2.42277 20.5 0.0299321 0.034261 0.089052 
qwerty 200 5 0 3.49232 2.12326 2.68247 21.175 0.0299321 0.034261 0.089052 
qwerty 200 5 0 3.49232 2.35014 2.94216 21.85 0.0299321 0.034261 0.089052 
qwerty 200 5 0 3.49232 2.57702 3.20185 22.525 0.0299321 0.034261 0.089052 
qwerty 200 5 0 3.49232 2.8039 3.46154 23.2 0.0299321 0.034261 0.089052 
qwerty 200 5 0 3.49232 3.03078 3.72124 23.875 0.0299321 0.034261 0.089052 
qwerty 257 200 0.839357 3.03868 1.31987 1.9344 19.825 -0.0510872 -0.0568173 0.0645127 
qwerty 199 5 0 0.295897 0.935051 1.25 6.61092 0.00308744 0.00605523 0.0997687 
qwerty 199 5 0 0.295897 0.943573 1.26671 6.88629 0.00597065 0.00566642 0.0996606 
qwerty 199 5 0 0.295897 0.950385 1.27318 7 0.00597065 0.00566642 0.0996606 
qwerty 199 5 0 0.295897 0.990824 1.31156 7.675 0.00597065 0.00566642 0.0996606 
qwerty 199 5 0 0.215725 2.5948 1.7921 8.35 0.0918123 0.0271176 0.0288989 
qwerty 197 5 0 5.19677 0.935122 1.25 6.61338 0.00253869 0.00713628 0.0997127 
qwerty 197 5 0 5.19677 0.944966 1.27767 7 0.00253869 0.00713628 0.0997127 
qwerty 265 263 0 0.107852 0.884157 1.17169 7.675 -0.0129093 -0.0206163 0.0969965 
qwerty 196 5 0 0.0185152 0.927682 1.2292 6.325 0.00233305 0.00834311 0.099624 
qwerty 195 5 0 2.58171 0.918017 1.28801 6.325 8.43051e-05 0.0189473 0.0981886 
qwerty 195 5 0 2.58171 0.918597 1.41826 7 8.43051e-05 0.0189473 0.0981886 
qwerty 195 5 0 2.58171 0.919176 1.54852 7.675 8.43051e-05 0.0189473 0.0981886 
qwerty 195 5 0 2.58171 0.919756 1.67877 8.35 8.43051e-05 0.0189473 0.0981886 
qwerty 195 5 0 2.58171 0.920335 1.80902 9.025 8.43051e-05 0.0189473 0.0981886 
qwerty 195 5 0 2.58171 0.920915 1.93928 9.7 8.43051e-05 0.0189473 0.0981886 
qwerty 195 5 0 2.58171 0.921494 2.06953 10.375 8.43051e-05 0.0189473 0.0981886 
qwerty 195 5 0 2.58171 0.922074 2.19978 11.05 8.43051e-05 0.0189473 0.0981886 
qwerty 272 268 0 1.4518 0.283158 1.94116 11.725 -0.0708218 -0.0311251 0.063368 
qwerty 194 5 0 3.16347 0.920014 1.18644 5.65 0.00170395 0.018337 0.0982896 
qwerty 194 5 0 3.16347 0.931716 1.31237 6.325 0.00170395 0.018337 0.0982896 
qwerty 194 5 0 3.16347 0.943418 1.4383 7 0.00170395 0.018337 0.0982896 
qwerty 194 5 0 0.63609 0.694777 1.32874 7.36537 -0.0810121 0.0252707 0.0529002 
qwerty 194 5 0 0.63609 0.220604 1.47665 7.675 -0.0810121 0.0252707 0.0529002 
qwerty 276 194 0.213453 0 0.691625 1.30297 7.37727 -0.0110347 -0.0902368 0.04166 
qwerty 192 5 0 31.9455 0.969675 1.06636 4.975 0.00986056 0.0169738 0.0980544 
qwerty 192 5 0 31.9455 1.03755 1.1832 5.65 0.00986056 0.0169738 0.0980544 
qwerty 192 5 0 31.9455 1.10543 1.30005 6.325 0.00986056 0.0169738 0.0980544 
qwerty 192 5 0 31.9455 1.17331 1.41689 7 0.00986056 0.0169738 0.0980544 
qwerty 192 5 0 31.9455 1.24119 1.53374 7.675 0.00986056 0.0169738 0.0980544 
qwerty 192 5 0 31.9455 1.30907 1.65059 8.35 0.00986056 0.0169738 0.0980544 
qwerty 192 5 0 31.9455 1.37695 1.76743 9.025 0.00986056 0.0169738 0.0980544 
qwerty 192 5 0 31.9455 1.44483 1.88428 9.7 0.00986056 0.0169738 0.0980544 
qwerty 192 5 0 31.9455 1.51271 2.00113 10.375 0.00986056 0.0169738 0.0980544 
qwerty 192 5 0 31.9455 1.58059 2.11797 11.05 0.00986056 0.0169738 0.0980544 
qwerty 278 192 0.903112 6.42012 1.25 2.50092 11.5035 -0.0524132 0.0566019 0.0636324 
qwerty 278 192 0.526634 5.89349 1.06757 2.69793 11.725 -0.0556893 0.0704568 0.0439834 
qwerty 278 192 0.748259 1.78691 1.00716 2.43751 11.379 0.0331688 -0.0848209 -0.0412946 
qwerty 278 192 0.525731 1.26118 1.09078 2.16946 11.2784 0.0546294 -0.076113 -0.0349634 
qwerty 278 192 0.313874 0.947305 1.17424 2.05318 11.225 0.0641764 -0.0765502 0.00463174 
qwerty 278 192 0.104225 0.84308 1.21443 2.00198 11.2302 0.000278104 -0.0987788 -0.0155781 
qwerty 278 192 0.0592403 0.783839 1.21452 1.96931 11.225 -0.0153695 -0.0987049 0.00459646 
qwerty 278 192 0.158306 0.625534 1.20889 1.92102 11.2284 -0.027058 -0.0962427 0.00228297 
qwerty 278 192 0.0723295 0.553204 1.1943 1.8799 11.2262 -0.039826 -0.0900273 -0.0175775 
qwerty 278 192 0.0139698 0.539234 1.19167 1.87396 11.225 -0.0376228 -0.0926301 -0.00204886 
qwerty 278 192 0.0439744 0.387879 1.17905 1.87625 11.2281 -0.091126 0.0239542 0.0335001 
qwerty 278 192 0.0212218 0.366657 1.16768 1.87825 11.2302 -0.0939311 0.0339916 -0.0046398 
qwerty 278 192 0.0211281 0.345529 1.15694 1.88285 11.2281 -0.0195889 -0.0641988 -0.0741268 
qwerty 278 192 0.00677923 0.33875 1.15612 1.88019 11.225 0.0115148 -0.0802697 -0.0585165 
qwerty 282 278 0.309018 0 0.982219 2.42553 11.3359 -0.0487286 -0.0234059 -0.084129 
qwerty 281 278 0 0.500823 -0.955049 3.34223 12.4 -0.0909086 0.0284866 0.0303996 
qwerty 280 278 0 0.543366 1.64354 2.44119 11.725 0.010888 0.0501349 0.0858367 
qwerty 280 278 0 0.543366 1.72916 2.83543 12.4 0.010888 0.0501349 0.0858367 
qwerty 280 278 0 0.243192 2.16445 3.02759 12.8892 0.0676499 0.0239103 -0.0696548 
qwerty 280 278 0 0.243192 2.46964 3.13546 12.575 0.0676499 0.0239103 -0.0696548 
qwerty 285 280 0.177473 0 2.17133 3.02882 12.9092 0.0325122 0.00582279 0.0943878 
qwerty 190 5 0 1.4396 0.989034 1.05312 4.975 0.0129136 0.0147186 0.0980643 
qwerty 190 5 0 1.4396 1.07792 1.15443 5.65 0.0129136 0.0147186 0.0980643 
qwerty 190 5 0 1.4396 1.16681 1.25575 6.325 0.0129136 0.0147186 0.0980643 
qwerty 190 5 0 1.4396 1.2557 1.35706 7 0.0129136 0.0147186 0.0980643 
qwerty 190 5 0 1.4396 1.34458 1.45837 7.675 0.0129136 0.0147186 0.0980643 
qwerty 188 5 0 29.9739 1.01603 1.08251 4.975 0.016927 0.0192647 0.0966558 
qwerty 188 5 0 29.9739 1.13424 1.21705 5.65 0.016927 0.0192647 0.0966558 
qwerty 188 5 0 29.9739 1.25 1.34879 6.31099 0.016927 0.0192647 0.0966558 
qwerty 188 5 0 29.9739 1.25245 1.35158 6.325 0.016927 0.0192647 0.0966558 
qwerty 188 5 0 0 1.36987 1.48521 6.99544 0.016927 0.0192647 0.0966558 
qwerty 290 188 0.00548449 2.69758 1.37021 1.48569 7 0.00598283 0.0105763 0.099259 
qwerty 292 290 0 0.882132 1.25 1.23894 7.1932 -0.0358351 -0.0735734 0.0574701 
qwerty 292 290 0 0.882132 0.94958 0.622149 7.675 -0.0358351 -0.0735734 0.0574701 
qwerty 292 290 0 0.378313 1.26525 0.95176 8.35 0.043549 0.0545403 0.0716159 
qwerty 292 290 0 0.378313 1.67571 1.46582 9.025 0.043549 0.0545403 0.0716159 
qwerty 186 5 0 60.497 0.899655 0.950957 4.3 0.0170633 0.0200443 0.0964732 
qwerty 186 5 0 60.497 1.01904 1.0912 4.975 0.0170633 0.0200443 0.0964732 
qwerty 186 5 0 60.497 1.13843 1.23145 5.65 0.0170633 0.0200443 0.0964732 
qwerty 186 5 0 60.497 1.25 1.36251 6.2808 0.0170633 0.0200443 0.0964732 
qwerty 186 5 0 60.497 1.25782 1.37169 6.325 0.0170633 0.0200443 0.0964732 
qwerty 185 5 0 1.31107 0.91321 0.94465 4.3 0.0193032 0.0191013 0.096242 
qwerty 185 5 0 1.31107 1.04859 1.07862 4.975 0.0193032 0.0191013 0.096242 
qwerty 185 5 0 1.31107 1.18398 1.21259 5.65 0.0193032 0.0191013 0.096242 
qwerty 185 5 0 1.31107 1.25 1.27792 5.97917 0.0193032 0.0191013 0.096242 
qwerty 185 5 0 1.31107 1.31936 1.34655 6.325 0.0193032 0.0191013 0.096242 
qwerty 185 5 0 0.775275 1.03886 1.41093 7 -0.0519591 0.00536776 0.0852727 
qwerty 185 5 0 0.775275 0.627558 1.45342 7.675 -0.0519591 0.00536776 0.0852727 
qwerty 185 5 0 0.775275 0.216261 1.49591 8.35 -0.0519591 0.00536776 0.0852727 
qwerty 185 5 0 0.775275 -0.195036 1.5384 9.025 -0.0519591 0.00536776 0.0852727 
qwerty 185 5 0 0.775275 -0.606333 1.58089 9.7 -0.0519591 0.00536776 0.0852727 
qwerty 185 5 0 0.775275 -1.01763 1.62338 10.375 -0.0519591 0.00536776 0.0852727 
qwerty 185 5 0 0.775275 -1.42893 1.66587 11.05 -0.0519591 0.00536776 0.0852727 
qwerty 185 5 0 0.775275 -1.84022 1.70836 11.725 -0.0519591 0.00536776 0.0852727 
qwerty 185 5 0 0.775275 -2.25152 1.75085 12.4 -0.0519591 0.00536776 0.0852727 
qwerty 185 5 0 0.775275 -2.66282 1.79334 13.075 -0.0519591 0.00536776 0.0852727 
qwerty 185 5 0 0.775275 -3.07412 1.83583 13.75 -0.0519591 0.00536776 0.0852727 
qwerty 185 5 0 0.775275 -3.48541 1.87832 14.425 -0.0519591 0.00536776 0.0852727 
qwerty 185 5 0 0.775275 -3.89671 1.92081 15.1 -0.0519591 0.00536776 0.0852727 
qwerty 185 5 0 0.775275 -4.30801 1.9633 15.775 -0.0519591 0.00536776 0.0852727 
qwerty 185 5 0 0.775275 -4.7193 2.00579 16.45 -0.0519591 0.00536776 0.0852727 
qwerty 185 5 0 0.775275 -5.1306 2.04828 17.125 -0.0519591 0.00536776 0.0852727 
qwerty 185 5 0 0.775275 -5.5419 2.09077 17.8 -0.0519591 0.00536776 0.0852727 
qwerty 185 5 0 0.775275 -5.9532 2.13326 18.475 -0.0519591 0.00536776 0.0852727 
qwerty 185 5 0 0.775275 -6.36449 2.17575 19.15 -0.0519591 0.00536776 0.0852727 
qwerty 185 5 0 0.775275 -6.77579 2.21824 19.825 -0.0519591 0.00536776 0.0852727 
qwerty 185 5 0 0.73112 -7.29497 2.04478 20.5 -0.059872 -0.0205508 0.0774145 
qwerty 185 5 0 0.73112 -7.81701 1.86559 21.175 -0.059872 -0.0205508 0.0774145 
qwerty 185 5 0 0.73112 -8.33905 1.6864 21.85 -0.059872 -0.0205508 0.0774145 
qwerty 185 5 0 0.73112 -8.75 1.54535 22.3814 -0.059872 -0.0205508 0.0774145 
qwerty 185 5 0 0.73112 -8.86109 1.50722 22.525 -0.059872 -0.0205508 0.0774145 
qwerty 185 5 0 0.194025 -9.12854 1.41542 22.8708 0.0834326 0.0229237 -0.0501349 
qwerty 185 5 0 0.194025 -8.84429 1.49351 22.7 0.0834326 0.0229237 -0.0501349 
qwerty 184 10 0 0.510999 8.40208 2.04239 8.35 0.0477139 0.0338549 0.0811001 
qwerty 184 10 0 0.510999 8.75 2.28926 8.94137 0.0477139 0.0338549 0.0811001 
qwerty 184 10 0 0.510999 8.7992 2.32417 9.025 0.0477139 0.0338549 0.0811001 
qwerty 184 10 0 0.510999 9.19632 2.60594 9.7 0.0477139 0.0338549 0.0811001 
qwerty 184 10 0 0.510999 9.59345 2.88772 10.375 0.0477139 0.0338549 0.0811001 
qwerty 184 10 0 0.510999 9.99057 3.16949 11.05 0.0477139 0.0338549 0.0811001 
qwerty 184 10 0 0.510999 10.3877 3.45127 11.725 0.0477139 0.0338549 0.0811001 
qwerty 183 10 0 0.432629 7.9755 1.73972 7.62495 -0.0871812 -0.0335877 -0.0356554 
qwerty 183 10 0 0.432629 6.87533 1.31587 7.175 -0.0871812 -0.0335877 -0.0356554 
qwerty 183 10 0 0.432629 5.22489 0.680012 6.5 -0.0871812 -0.0335877 -0.0356554 
qwerty 183 10 0 0.432629 3.75 0.111792 5.8968 -0.0871812 -0.0335877 -0.0356554 
qwerty 183 10 0 0.432629 3.57444 0.0441565 5.825 -0.0871812 -0.0335877 -0.0356554 
qwerty 182 41 0 0.493921 -1.97464 -3.01354 5.39036 -0.0235384 -0.0792242 -0.056298 
qwerty 182 41 0 0.493921 -2.07514 -3.35179 5.15 -0.0235384 -0.0792242 -0.056298 
qwerty 182 41 0 0.493921 -2.35735 -4.30167 4.475 -0.0235384 -0.0792242 -0.056298 
qwerty 180 47 0 0.510999 0.975481 -8.06378 10.55 0.0384966 -0.0544044 -0.0745531 
qwerty 179 47 0 0.510999 0.368752 -7.20633 11.725 -0.0384966 0.0544044 0.0745531 
qwerty 179 47 0 0.510999 0.020206 -6.71376 12.4 -0.0384966 0.0544044 0.0745531 
qwerty 179 47 0 0.510999 -0.32834 -6.22118 13.075 -0.0384966 0.0544044 0.0745531 
qwerty 179 47 0 0.510999 -0.676887 -5.72861 13.75 -0.0384966 0.0544044 0.0745531 
qwerty 179 47 0 0.510999 -1.02543 -5.23603 14.425 -0.0384966 0.0544044 0.0745531 
qwerty 298 186 1.12507 12.5625 1.4635 1.5704 7 0.0314531 0.034881 0.0882838 
qwerty 291 188 0.00634824 26.2425 1.37072 1.48617 7 0.0181935 0.0206565 0.0961369 
qwerty 291 188 0.720262 18.3098 1.3788 1.55175 7.675 -0.0082165 -0.00673909 0.0994338 
qwerty 291 188 0.838153 12.4542 1.34284 1.34201 8.35 -0.0122677 -0.0383269 0.0915454 
qwerty 291 188 0.937629 8.35814 1.53609 1.36576 9.025 0.0575108 -0.0149473 0.0804306 
qwerty 291 188 0.672334 4.76963 1.33965 1.25115 9.40167 -0.0962805 -0.0205712 0.0175185 
qwerty 291 188 0.0115267 4.7581 1.33425 1.25 9.40266 -0.0958606 -0.0209385 0.0192957 
qwerty 291 188 1.18636 3.57175 0.66293 1.20677 9.44065 -0.0895288 -0.0395393 0.0205243 
qwerty 291 188 1.11898 2.45276 0.151552 1.11486 9.55783 -0.0699687 -0.0537466 0.0470711 
qwerty 291 188 0.533407 1.91936 -0.0597714 0.952533 9.7 -0.0675288 -0.0509902 0.0532904 
qwerty 279 192 0.899671 18.7917 1.72335 2.28483 11.6435 0.0357756 0.0114079 0.092682 
qwerty 279 192 0.0825856 9.25521 1.74138 2.29123 11.6886 0.0238749 -0.00750572 0.0968176 
qwerty 279 192 0.0441484 9.21106 1.75036 2.28841 11.725 0.0216242 -0.00757239 0.0973399 
qwerty 264 197 0.738185 1.91487 0.777479 1.1228 7.52122 -0.0646002 -0.00650072 0.0760563 
qwerty 264 197 0.318058 1.59681 0.646861 1.10966 7.675 -0.0119446 0.00162805 0.0992707 
qwerty 264 197 0.106713 0.849913 0.677975 1.0158 7.67294 0.0289359 -0.0826849 -0.0482278 
qwerty 264 197 0.169322 0.680592 0.698551 0.964991 7.61254 -0.0820788 -0.0297539 -0.0487625 
qwerty 264 197 0.182899 0.497693 0.627074 0.962686 7.58104 -0.0253083 0.0656194 -0.0710885 
qwerty 264 197 0.203513 0.294179 0.576482 1.00826 7.54203 -0.0752079 -0.036311 -0.0550026 
qwerty 264 197 0.294179 0 0.540933 0.991097 7.51603 -0.0752079 -0.036311 -0.0550026 
qwerty 264 197 0 0 0.540933 0.991097 7.51603 -0.0752079 -0.036311 -0.0550026 
qwerty 232 220 0.00615806 0.389217 3.75 6.17299 11.2278 -0.0516272 0.0487641 0.0704038 
qwerty 232 220 0.0165341 0.372683 3.74324 6.17745 11.2338 -0.0693234 -0.000444209 0.0720699 
qwerty 232 220 0.0160212 0.356661 3.7372 6.17936 11.2404 -0.0685218 -0.00234399 0.0727961 
qwerty 232 220 0.0193193 0.337342 3.73063 6.17757 11.2466 -0.0548985 -0.0339285 0.0763872 
qwerty 232 220 0.0195925 0.31775 3.7235 6.176 11.2546 -0.0749381 -0.0321249 0.0578988 
qwerty 232 220 0.0294053 0.288344 3.71377 6.17427 11.2668 -0.0263228 -0.0410118 0.0873221 
qwerty 232 220 0.0586819 0.229662 3.69928 6.16669 11.2828 -0.041441 -0.0854753 -0.031251 
qwerty 232 220 0.0645142 0.165148 3.69502 6.14821 11.2648 0.0233423 -0.0741924 -0.062854 
qwerty 232 220 0.165148 0 3.69935 6.13445 11.2531 0.0233423 -0.0741924 -0.062854 
qwerty 232 220 0 0 3.69935 6.13445 11.2531 0.0233423 -0.0741924 -0.062854 
qwerty 325 279 0.0698399 9.38404 1.76106 2.30384 11.725 0.0459553 0.0285821 0.0840903 
qwerty 325 279 1.01719 2.11594 1.66807 2.6791 11.3772 0.000156565 0.0609377 -0.0792879 
qwerty 325 279 0.398343 1.7176 1.66837 2.79605 11.225 -0.016877 0.0311162 -0.0935251 
qwerty 342 325 0.662608 1.85965 2.06124 2.39037 11.5152 0.0855344 0.000644146 -0.051802 
qwerty 342 325 0.514072 1.34557 2.26333 2.44074 11.2592 0.0681733 0.00380702 -0.073061 
qwerty 342 325 0.0729529 1.27262 2.29524 2.44252 11.225 0.0671615 0.0267636 -0.0690872 
qwerty 306 182 0.0170774 0 -1.97463 -3.01375 5.39065 0.00134154 -0.0578134 0.0815832 
qwerty 304 183 0.07837 0 7.97791 1.73922 7.62026 0.045411 -0.00942861 -0.0885943 
qwerty 301 185 0.174405 0.36269 -9.1532 1.41471 22.957 0.0298521 -0.0556673 0.0775242 
qwerty 301 185 0.326277 0.0364133 -9.13368 1.37832 23.0077 0.0315867 0.0930272 -0.0186608 
qwerty 301 185 0.0364133 0 -9.13325 1.37959 23.0074 0.0315867 0.0930272 -0.0186608 
qwerty 297 186 1.22083 15.5141 1.42874 1.7855 7 0.0155771 0.0528268 0.0834667 
qwerty 297 186 0.359652 10.8056 1.25 1.77016 7.3571 -0.060194 -0.00784274 0.0794681 
qwerty 297 186 0.683694 10.1219 1.00921 1.73879 7.675 -0.0691763 -0.0103991 0.0714598 
qwerty 297 186 1.11061 3.66442 0.606726 2.20024 7.96099 -0.0553244 0.0813864 0.0177614 
qwerty 297 186 0.900931 2.76349 0.230277 2.57271 8.03697 -0.059298 -0.0159138 0.0789335 
qwerty 297 186 0.848742 1.91475 -0.00488068 2.5096 8.35 -0.0666858 0.0141049 0.0731714 
qwerty 297 186 0 1.43792 -0.024295 2.51053 8.35 0.000192079 0.0491318 0.0870978 
qwerty 353 297 0 1.22695 1.84711 1.38861 8.35 0.0816298 -0.0273086 0.0509001 
qwerty 353 297 0 1.22695 2.92962 1.02646 9.025 0.0816298 -0.0273086 0.0509001 
qwerty 353 297 0 1.22695 4.01214 0.664311 9.7 0.0816298 -0.0273086 0.0509001 
qwerty 353 297 0 1.22695 5.17936 0.289786 10.375 0.0838231 -0.0266283 0.047588 
qwerty 352 297 0 0.966053 1.27176 1.56446 8.35 0.0468112 -0.0182232 0.0864675 
qwerty 352 297 0 0.966053 1.63718 1.4222 9.025 0.0468112 -0.0182232 0.0864675 
qwerty 352 297 0 0.966053 2.00261 1.27994 9.7 0.0468112 -0.0182232 0.0864675 
qwerty 352 297 0 0.966053 2.36804 1.13768 10.375 0.0468112 -0.0182232 0.0864675 
qwerty 352 297 0 0.577564 3.27155 1.85575 11.05 0.0675225 0.0547057 0.0494773 
qwerty 350 297 0 0.873154 1.25 1.92976 7.41034 -0.0494839 0.034891 0.0795862 
qwerty 350 297 0 0.873154 1.08544 2.04579 7.675 -0.0494839 0.034891 0.0795862 
qwerty 350 297 0 0.873154 0.665752 2.34171 8.35 -0.0494839 0.034891 0.0795862 
qwerty 350 297 0 0.873154 0.24606 2.63763 9.025 -0.0494839 0.034891 0.0795862 
qwerty 350 297 0 0.873154 -0.173631 2.93356 9.7 -0.0494839 0.034891 0.0795862 
qwerty 350 297 0 0.873154 -0.593323 3.22948 10.375 -0.0494839 0.034891 0.0795862 
qwerty 350 297 0 0.299268 -1.01426 3.68513 9.875 -0.0473712 0.0529083 -0.0704037 
qwerty 350 297 0 0.299268 -1.46843 4.19239 9.2 -0.0473712 0.0529083 -0.0704037 
qwerty 349 297 0 0.142228 1.59722 1.84427 7.675 0.0240556 0.0070875 0.0968044 
qwerty 348 297 0 0.750806 1.63308 2.03156 7.675 0.0274054 0.0326352 0.0904648 
qwerty 348 297 0 0.750806 1.83756 2.27507 8.35 0.0274054 0.0326352 0.0904648 
qwerty 348 297 0 0.750806 2.04205 2.51858 9.025 0.0274054 0.0326352 0.0904648 
qwerty 348 297 0 0.750806 2.24653 2.76208 9.7 0.0274054 0.0326352 0.0904648 
qwerty 347 297 0 0.341862 1.39323 1.77615 7 0.0169287 0.057763 0.0798552 
qwerty 346 297 0 27.7059 1.40373 1.5815 7 0.0213468 0.031475 0.0924859 
qwerty 346 297 0 27.7059 1.55953 1.81121 7.675 0.0213468 0.031475 0.0924859 
qwerty 365 346 1.27581 13.1438 1.49099 2.14874 8.35 -0.0159584 0.0574028 0.0803134 
qwerty 365 346 0.329753 7.49132 1.43257 2.09944 8.1474 -0.00865506 -0.0250242 -0.0964307 
qwerty 365 346 0.489537 7.00178 1.40588 2.02227 7.85 -0.0190772 -0.030891 -0.0931762 
qwerty 365 346 0.678986 2.03238 1.61712 2.29322 7.3638 0.0132913 0.0825198 -0.0548983 
qwerty 365 346 0.519471 1.51291 1.65193 2.56322 7.1818 0.0225868 0.0678043 -0.0699458 
qwerty 365 346 0.0199877 1.49292 1.65412 2.56981 7.175 0.0169965 0.0777699 -0.0605225 
qwerty 365 346 0.15862 0.915619 1.60517 2.52675 7.25246 -0.0202445 -0.0830306 0.0519238 
qwerty 365 346 0.177599 0.73802 1.59284 2.45202 7.27358 -0.031698 -0.0937414 0.0144147 
qwerty 365 346 0.111108 0.49084 1.55753 2.39556 7.30187 -0.078371 -0.0597219 0.017067 
qwerty 365 346 0.342186 0.148654 1.46647 2.36956 7.26455 -0.0684879 -0.0600282 -0.041304 
qwerty 365 346 0.148654 0 1.45566 2.36009 7.25803 -0.0684879 -0.0600282 -0.041304 
qwerty 374 365 0 0.136072 1.25 2.1353 7.30302 -0.0763339 -0.0645992 0.000285193 
qwerty 374 365 0 0.136072 -1.25 0.0196217 7.31236 -0.0763339 -0.0645992 0.000285193 
qwerty 374 365 0 0.136072 -3.75 -2.09606 7.3217 -0.0763339 -0.0645992 0.000285193 
qwerty 374 365 0 0.136072 -6.25 -4.21174 7.33104 -0.0763339 -0.0645992 0.000285193 
qwerty 374 365 0 0.136072 -8.75 -6.32742 7.34038 -0.0763339 -0.0645992 0.000285193 
qwerty 374 365 0 0.136072 -11.25 -8.4431 7.34972 -0.0763339 -0.0645992 0.000285193 
qwerty 374 365 0 0.121889 -13.1247 -10.0296 7.35672 -0.0921263 0.021847 0.0321785 
qwerty 374 365 0 0.121889 -13.75 -9.88135 7.57512 -0.0921263 0.021847 0.0321785 
qwerty 374 365 0 0.121889 -14.0359 -9.81354 7.675 -0.0921263 0.021847 0.0321785 
qwerty 375 374 0.014183 0 -13.1247 -10.0299 7.35664 0.00694784 -0.0944752 -0.0320338 
qwerty 373 365 0 0.890848 1.54544 2.49564 7.175 0.0113167 0.0664463 -0.0738703 
qwerty 373 365 0 0.890848 1.64884 3.10281 6.5 0.0113167 0.0664463 -0.0738703 
qwerty 373 365 0 0.890848 1.75225 3.70997 5.825 0.0113167 0.0664463 -0.0738703 
qwerty 373 365 0 0.890848 1.85566 4.31713 5.15 0.0113167 0.0664463 -0.0738703 
qwerty 373 365 0 0.890848 1.95907 4.92429 4.475 0.0113167 0.0664463 -0.0738703 
qwerty 373 365 0 0.890848 2.06248 5.53145 3.8 0.0113167 0.0664463 -0.0738703 
qwerty 373 365 0 0.861159 2.32219 6.19154 3.125 0.0301215 0.0673862 -0.067467 
qwerty 373 365 0 0.861159 2.62355 6.86573 2.45 0.0301215 0.0673862 -0.067467 
qwerty 369 365 0 0.0493432 1.38801 2.015 7.85 -0.0142657 -0.0270363 -0.0952131 
qwerty 368 365 0 0.352577 2.2247 1.73539 7.85 0.076413 -0.0425057 -0.0485214 
qwerty 367 365 0 0.67257 1.36479 2.47781 9.025 -0.0167312 0.0431494 0.0886464 
qwerty 367 365 0 0.67257 1.23739 2.80638 9.7 -0.0167312 0.0431494 0.0886464 
qwerty 367 365 0 0.314581 3.73207 3.61587 10.375 0.0941139 0.0275056 0.0196475 
qwerty 343 325 0 0.457509 1.94655 2.80633 11.225 0.0334013 0.0644103 -0.0688161 
qwerty 343 325 0 0.457509 2.27417 3.43811 10.55 0.0334013 0.0644103 -0.0688161 
qwerty 343 325 0 0.457509 2.6018 4.0699 9.875 0.0334013 0.0644103 -0.0688161 
qwerty 343 325 0 0.457509 2.92942 4.70168 9.2 0.0334013 0.0644103 -0.0688161 
qwerty 343 325 0 0.457509 3.25705 5.33347 8.525 0.0334013 0.0644103 -0.0688161 
qwerty 343 325 0 0.457509 3.58467 5.96525 7.85 0.0334013 0.0644103 -0.0688161 
qwerty 343 325 0 0.457509 3.75 6.28407 7.50938 0.0334013 0.0644103 -0.0688161 
qwerty 343 325 0 0.457509 3.9123 6.59704 7.175 0.0334013 0.0644103 -0.0688161 
qwerty 343 325 0 0.457509 4.23992 7.22882 6.5 0.0334013 0.0644103 -0.0688161 
qwerty 343 325 0 0.457509 4.56755 7.8606 5.825 0.0334013 0.0644103 -0.0688161 
qwerty 343 325 0 0.457509 4.89517 8.49239 5.15 0.0334013 0.0644103 -0.0688161 
qwerty 343 325 0 0.457509 5.2228 9.12417 4.475 0.0334013 0.0644103 -0.0688161 
qwerty 343 325 0 0.457509 5.55042 9.75596 3.8 0.0334013 0.0644103 -0.0688161 
qwerty 343 325 0 0.211916 5.8078 10.2523 3.26972 0.0773613 -0.0575927 0.0264254 
qwerty 343 325 0 0.211916 6.25 9.92309 3.42077 0.0773613 -0.0575927 0.0264254 
qwerty 343 325 0 0.211916 6.84789 9.47798 3.625 0.0773613 -0.0575927 0.0264254 
qwerty 389 343 0.245593 0 5.80709 10.279 3.24597 -0.00199431 0.0746894 -0.0664644 
qwerty 341 232 0 0.510999 3.72101 6.13646 11.225 0.0609446 0.00565672 -0.0790807 
qwerty 341 232 0 0.510999 4.24121 6.18474 10.55 0.0609446 0.00565672 -0.0790807 
qwerty 340 232 0 0.510999 3.33568 6.10069 11.725 -0.0609446 -0.00565672 0.0790807 
qwerty 340 232 0 0.510999 2.81548 6.05241 12.4 -0.0609446 -0.00565672 0.0790807 
qwerty 340 232 0 0.510999 2.29529 6.00413 13.075 -0.0609446 -0.00565672 0.0790807 
qwerty 340 232 0 0.510999 1.77509 5.95584 13.75 -0.0609446 -0.00565672 0.0790807 
qwerty 340 232 0 0.510999 1.25489 5.90756 14.425 -0.0609446 -0.00565672 0.0790807 
qwerty 339 249 0 0.510999 1.25 4.05455 19.3905 -0.072893 -0.0562714 0.038989 
qwerty 339 249 0 0.510999 0.437659 3.42744 19.825 -0.072893 -0.0562714 0.038989 
qwerty 339 249 0 0.510999 -0.824306 2.45324 20.5 -0.072893 -0.0562714 0.038989 
qwerty 339 249 0 0.510999 -1.25 2.12461 20.7277 -0.072893 -0.0562714 0.038989 
qwerty 339 249 0 0.510999 -2.08627 1.47904 21.175 -0.072893 -0.0562714 0.038989 
qwerty 339 249 0 0.510999 -3.34824 0.504835 21.85 -0.072893 -0.0562714 0.038989 
qwerty 337 259 0 0.510999 3.4256 3.85712 24.55 0.0525055 0.0136617 0.0840032 
qwerty 337 259 0 0.510999 3.75 3.94152 25.069 0.0525055 0.0136617 0.0840032 
qwerty 337 259 0 0.510999 3.8475 3.96689 25.225 0.0525055 0.0136617 0.0840032 
qwerty 337 259 0 0.510999 4.26941 4.07667 25.9 0.0525055 0.0136617 0.0840032 
qwerty 337 259 0 0.510999 4.69131 4.18645 26.575 0.0525055 0.0136617 0.0840032 
qwerty 337 259 0 0.510999 5.11321 4.29623 27.25 0.0525055 0.0136617 0.0840032 
qwerty 336 259 0 0.510999 2.69118 3.66602 23.375 -0.0525055 -0.0136617 -0.0840032 
qwerty 336 259 0 0.510999 2.26927 3.55625 22.7 -0.0525055 -0.0136617 -0.0840032 
qwerty 336 259 0 0.510999 1.84737 3.44647 22.025 -0.0525055 -0.0136617 -0.0840032 
qwerty 336 259 0 0.510999 1.42547 3.33669 21.35 -0.0525055 -0.0136617 -0.0840032 
qwerty 336 259 0 0.510999 1.25 3.29104 21.0693 -0.0525055 -0.0136617 -0.0840032 
qwerty 336 259 0 0.510999 1.00356 3.22692 20.675 -0.0525055 -0.0136617 -0.0840032 
qwerty 336 259 0 0.510999 0.581661 3.11714 20 -0.0525055 -0.0136617 -0.0840032 
qwerty 336 259 0 0.510999 0.159758 3.00736 19.325 -0.0525055 -0.0136617 -0.0840032 
qwerty 336 259 0 0.427098 -0.106742 2.93802 18.8986 -0.0436807 0.0478954 -0.0761448 
qwerty 336 259 0 0.427098 -0.249369 3.09441 18.65 -0.0436807 0.0478954 -0.0761448 
qwerty 336 259 0 0.427098 -0.636585 3.51899 17.975 -0.0436807 0.0478954 -0.0761448 
qwerty 336 259 0 0.427098 -0.84727 3.75 17.6077 -0.0436807 0.0478954 -0.0761448 
qwerty 336 259 0 0.427098 -1.0238 3.94356 17.3 -0.0436807 0.0478954 -0.0761448 
qwerty 336 259 0 0.427098 -1.25 4.19159 16.9057 -0.0436807 0.0478954 -0.0761448 
qwerty 336 259 0 0.427098 -1.41102 4.36814 16.625 -0.0436807 0.0478954 -0.0761448 
qwerty 396 336 0.0839012 0 -0.108342 2.93265 18.8966 -0.0268354 -0.0900734 -0.0341562 
qwerty 334 264 0 0.510999 0.939365 0.88748 7.675 0.0902833 -0.0234794 0.0360228 
qwerty 333 264 0 0.510999 -0.313777 1.21338 7.175 -0.0902833 0.0234794 -0.0360228 
qwerty 333 264 0 0.510999 -2.00552 1.65334 6.5 -0.0902833 0.0234794 -0.0360228 
qwerty 332 264 0 0.165419 0.644257 1.34291 7.48873 -0.0221434 0.0519972 -0.0824982 
qwerty 332 264 0 0.165419 0.560047 1.54065 7.175 -0.0221434 0.0519972 -0.0824982 
qwerty 401 332 0.136937 0 0.638423 1.34095 7.50104 -0.0424006 -0.0142661 0.0894353 
qwerty 331 279 0 0.510999 2.3715 2.7216 11.225 0.0612685 0.0529575 -0.0586658 
qwerty 331 279 0 0.510999 3.07645 3.33092 10.55 0.0612685 0.0529575 -0.0586658 
qwerty 331 279 0 0.204733 3.67999 4.98371 10.3148 0.0443256 -0.0601451 0.0664666 
qwerty 331 279 0 0.204733 3.72016 4.9292 10.375 0.0443256 -0.0601451 0.0664666 
qwerty 403 331 0.0719549 0.234311 3.68696 5.01258 10.3145 -0.0350782 0.0601807 -0.0717482 
qwerty 403 331 0.0873166 0.146995 3.65937 5.02762 10.3032 -0.0321902 -0.0882248 0.0343537 
qwerty 403 331 0.146995 0 3.65438 5.01396 10.3085 -0.0321902 -0.0882248 0.0343537 
qwerty 330 279 0 0.510999 1.14437 1.66093 12.4 -0.0612685 -0.0529575 0.0586658 
qwerty 328 279 0 0.417866 2.96008 1.32964 11.225 0.0729975 -0.0572813 -0.0372856 
qwerty 328 279 0 0.321406 3.75 0.952177 11.662 0.0803366 -0.0379811 0.0458636 
qwerty 328 279 0 0.321406 3.86028 0.900039 11.725 0.0803366 -0.0379811 0.0458636 
qwerty 327 279 0 0.387716 1.77736 2.13386 11.9046 0.0919574 -0.0390154 -0.00465141 
qwerty 327 279 0 0.387716 1.86901 2.09498 11.9 0.0919574 -0.0390154 -0.00465141 
qwerty 327 279 0 0.372934 2.99375 1.25 12.1378 0.0787506 -0.0593069 0.0167642 
qwerty 327 279 0 0.372934 4.22554 0.322336 12.4 0.0787506 -0.0593069 0.0167642 
qwerty 412 327 0.0185208 0.397485 1.77201 2.12754 11.9094 -0.0477564 -0.0794866 0.0374328 
qwerty 412 327 0.0162177 0.381267 1.7679 2.11947 11.9111 -0.0459988 -0.0801131 0.0382884 
qwerty 412 327 0.0349223 0.346345 1.76522 2.10975 11.9151 -0.0309546 -0.095046 0.00284187 
qwerty 412 327 0.0184077 0.327937 1.76189 2.10168 11.9151 -0.0495633 -0.0808805 -0.0316516 
qwerty 412 327 0.0212893 0.306648 1.75723 2.09026 11.9139 0.000403268 -0.0951824 -0.0306618 
qwerty 412 327 0.0493604 0.257287 1.75365 2.07801 11.9114 -0.0170616 -0.0984543 0.00395653 
qwerty 412 327 0.0203866 0.236901 1.75098 2.06915 11.9133 -0.0218515 -0.0975782 -0.000998648 
qwerty 412 327 0.0225919 0.214309 1.7449 2.05993 11.9123 -0.0466116 -0.0869956 -0.0160973 
qwerty 412 327 0.0317702 0.182539 1.7384 2.0523 11.909 -0.0507897 -0.0861115 0.00228167 
qwerty 412 327 0.0276667 0.154872 1.73698 2.04133 11.907 0.0195299 -0.089148 0.0408806 
qwerty 412 327 0.0361354 0.118737 1.73911 2.03461 11.9137 -0.0328162 -0.0354826 0.0875448 
qwerty 412 327 0.0637858 0.0549508 1.73844 2.02613 11.9197 -0.0645625 -0.075355 -0.0123816 
qwerty 412 327 0.0549508 0 1.7366 2.02399 11.9193 -0.0645625 -0.075355 -0.0123816 
qwerty 326 279 0 3.95271 1.70696 1.69144 12.4 -0.00727786 -0.0670558 0.0738279 
qwerty 326 279 0 3.95271 1.64042 1.07835 13.075 -0.00727786 -0.0670558 0.0738279 
qwerty 326 279 0 3.95271 1.57387 0.46527 13.75 -0.00727786 -0.0670558 0.0738279 
qwerty 324 279 0.00029101 0 1.73123 2.28841 11.659 0.0444351 0.0201437 0.0872912 
qwerty 417 324 0.0026468 0 1.73124 2.2884 11.659 0.0211295 -0.0359086 0.0909072 
qwerty 322 291 0 0.510999 0.511677 1.25 9.52471 0.085328 0.0414097 -0.0316917 
qwerty 322 291 0 0.510999 1.38595 1.67429 9.2 0.085328 0.0414097 -0.0316917 
qwerty 322 291 0 0.510999 3.20335 2.55627 8.525 0.085328 0.0414097 -0.0316917 
qwerty 321 291 0 0.192714 1.32859 1.25 9.4029 -0.0988556 -0.0103141 0.011009 
qwerty 321 291 0 0.139909 -0.298533 1.08023 9.58411 0.00290103 0.0590345 0.0806629 
qwerty 321 291 0 0.139909 -0.294365 1.16505 9.7 0.00290103 0.0590345 0.0806629 
qwerty 420 321 0.0528045 0 -0.300697 1.07909 9.58309 -0.0816713 -0.0430133 -0.0384663 
qwerty 320 291 0 0.957546 1.49403 1.23929 9.025 0.0292188 -0.0139024 0.0946202 
qwerty 320 291 0 0.957546 1.70248 1.14011 9.7 0.0292188 -0.0139024 0.0946202 
qwerty 320 291 0 0.957546 1.91092 1.04094 10.375 0.0292188 -0.0139024 0.0946202 
qwerty 320 291 0 0.957546 2.11936 0.941759 11.05 0.0292188 -0.0139024 0.0946202 
qwerty 320 291 0 0.957546 2.3278 0.842582 11.725 0.0292188 -0.0139024 0.0946202 
qwerty 320 291 0 0.957546 2.53624 0.743405 12.4 0.0292188 -0.0139024 0.0946202 
qwerty 320 291 0 0.957546 2.74468 0.644228 13.075 0.0292188 -0.0139024 0.0946202 
qwerty 320 291 0 0.957546 2.95312 0.545051 13.75 0.0292188 -0.0139024 0.0946202 
qwerty 320 291 0 0.957546 3.16156 0.445874 14.425 0.0292188 -0.0139024 0.0946202 
qwerty 320 291 0 0.957546 3.37 0.346697 15.1 0.0292188 -0.0139024 0.0946202 
qwerty 320 291 0 0.957546 3.57844 0.24752 15.775 0.0292188 -0.0139024 0.0946202 
qwerty 320 291 0 0.957546 3.78688 0.148343 16.45 0.0292188 -0.0139024 0.0946202 
qwerty 320 291 0 0.957546 3.99532 0.0491657 17.125 0.0292188 -0.0139024 0.0946202 
qwerty 320 291 0 0.957546 4.20376 -0.0500113 17.8 0.0292188 -0.0139024 0.0946202 
qwerty 320 291 0 0.957546 4.4122 -0.149188 18.475 0.0292188 -0.0139024 0.0946202 
qwerty 320 291 0 0.957546 4.62064 -0.248365 19.15 0.0292188 -0.0139024 0.0946202 
qwerty 320 291 0 0.957546 4.82908 -0.347542 19.825 0.0292188 -0.0139024 0.0946202 
qwerty 320 291 0 0.957546 5.03752 -0.446719 20.5 0.0292188 -0.0139024 0.0946202 
qwerty 320 291 0 0.957546 5.24596 -0.545896 21.175 0.0292188 -0.0139024 0.0946202 
qwerty 320 291 0 0.957546 5.45441 -0.645073 21.85 0.0292188 -0.0139024 0.0946202 
qwerty 318 291 0 2.66269 1.3554 1.3618 8.35 0.00029475 -0.0295651 0.0955291 
qwerty 318 291 0 2.66269 1.35748 1.15289 9.025 0.00029475 -0.0295651 0.0955291 
qwerty 318 291 0 2.66269 1.35956 0.943987 9.7 0.00029475 -0.0295651 0.0955291 
qwerty 424 318 0 2.18601 1.34605 0.899473 9.875 -0.0914908 0.0132189 -0.0381404 
qwerty 424 318 0.271137 1.79901 1.25 0.78032 9.91581 -0.0618997 -0.0780625 0.00864098 
qwerty 424 318 0.521907 1.2771 1.10851 0.509825 9.90896 -0.00980566 -0.0994302 0.00418237 
qwerty 424 318 0.530951 0.746151 1.07123 0.280618 9.87802 -0.0690407 -0.0267829 -0.0672016 
qwerty 424 318 0.00566579 0.740485 1.06813 0.279416 9.875 -0.0760205 -0.0241512 -0.0603125 
qwerty 424 318 0.0670307 0.620137 1.04364 0.303428 9.89538 -0.0317774 0.0919512 -0.0231338 
qwerty 424 318 0.0686794 0.551457 1.03902 0.343271 9.8888 -0.00220014 0.0963925 0.0265263 
qwerty 424 318 0.0501144 0.501343 1.04211 0.36752 9.89638 -0.00597709 0.0914531 0.0400076 
qwerty 424 318 0.0270194 0.465244 1.04104 0.3777 9.90312 -0.0296818 0.0790693 0.0535447 
qwerty 424 318 0.0829559 0.382288 1.03053 0.399806 9.92368 -0.0130953 0.0848819 0.0512209 
qwerty 424 318 0.0648001 0.317488 1.02551 0.423281 9.93856 -0.0716608 0.0674613 0.0177117 
qwerty 424 318 0.0850053 0.232482 1.00566 0.451051 9.92805 0.0876109 0.046647 -0.0121818 
qwerty 424 318 0.0922376 0.140245 1.02181 0.47789 9.93393 0.0233223 0.0915753 -0.0327114 
qwerty 424 318 0.140245 0 1.02515 0.491003 9.92924 0.0233223 0.0915753 -0.0327114 
qwerty 425 424 0 0.00908011 1.25 0.133282 10.0223 0.0609301 -0.071269 0.0347598 
qwerty 425 424 0.00029101 0 1.25671 0.125429 10.0262 0.0609301 -0.071269 0.0347598 
qwerty 426 425 0.0087891 0 1.25673 0.1254 10.0261 0.0149137 -0.027302 -0.0950378 
qwerty 317 291 0 3.67607 1.373 1.71902 7.675 -0.00088988 0.0334827 0.0942238 
qwerty 317 291 0 3.67607 1.36662 1.95888 8.35 -0.00088988 0.0334827 0.0942238 
qwerty 317 291 0 3.67607 1.36025 2.19875 9.025 -0.00088988 0.0334827 0.0942238 
qwerty 317 291 0 3.67607 1.35387 2.43861 9.7 -0.00088988 0.0334827 0.0942238 
qwerty 317 291 0 1.8131 1.25 3.09248 10.2657 -0.0121989 0.0759851 0.0638549 
qwerty 317 291 0 1.8131 1.22912 3.22253 10.375 -0.0121989 0.0759851 0.0638549 
qwerty 317 291 0 1.8131 1.14444 3.75 10.8183 -0.0121989 0.0759851 0.0638549 
qwerty 317 291 0 1.8131 1.10017 4.02575 11.05 -0.0121989 0.0759851 0.0638549 
qwerty 317 291 0 1.8131 0.971216 4.82898 11.725 -0.0121989 0.0759851 0.0638549 
qwerty 317 291 0 0.316745 1.25 5.0109 11.285 0.0504724 0.0318966 -0.0802193 
qwerty 317 291 0 0.316745 1.28773 5.03475 11.225 0.0504724 0.0318966 -0.0802193 
qwerty 316 291 0 0.884757 1.51132 1.6502 7.675 0.0203113 0.023411 0.0950756 
qwerty 315 298 0 0.510999 -0.530586 3.50488 6.5 -0.0702384 0.0673303 -0.0230911 
qwerty 313 298 0 6.92869 1.4842 1.98078 7.675 -0.000832398 0.0537797 0.0843033 
qwerty 313 298 0 6.92869 1.47754 2.41138 8.35 -0.000832398 0.0537797 0.0843033 
qwerty 313 298 0 3.27551 1.47197 2.77132 8.91423 0.0329155 0.0672524 0.0662848 
qwerty 313 298 0 3.27551 1.52697 2.88371 9.025 0.0329155 0.0672524 0.0662848 
qwerty 313 298 0 3.27551 1.86216 3.56856 9.7 0.0329155 0.0672524 0.0662848 
qwerty 313 298 0 3.27551 2.19735 4.25342 10.375 0.0329155 0.0672524 0.0662848 
qwerty 313 298 0 3.27551 2.53254 4.93827 11.05 0.0329155 0.0672524 0.0662848 
qwerty 313 298 0 3.27551 2.86773 5.62312 11.725 0.0329155 0.0672524 0.0662848 
qwerty 313 298 0 3.27551 3.17454 6.25 12.3429 0.0329155 0.0672524 0.0662848 
qwerty 313 298 0 3.27551 3.20292 6.30798 12.4 0.0329155 0.0672524 0.0662848 
qwerty 313 298 0 3.27551 3.53811 6.99283 13.075 0.0329155 0.0672524 0.0662848 
qwerty 313 298 0 3.27551 3.87329 7.67768 13.75 0.0329155 0.0672524 0.0662848 
qwerty 313 298 0 3.27551 4.20848 8.36254 14.425 0.0329155 0.0672524 0.0662848 
qwerty 313 298 0 0.398952 4.34663 8.6448 14.7032 -0.0190849 -0.0734302 0.0651442 
qwerty 313 298 0 0.398952 4.23039 8.19754 15.1 -0.0190849 -0.0734302 0.0651442 
qwerty 313 298 0 0.365495 4.04829 7.90639 15.775 -0.0243918 -0.0329633 0.0912056 
qwerty 312 298 0 0.996806 2.04237 1.99575 7.675 0.0591596 0.0430175 0.0681882 
qwerty 312 298 0 0.996806 2.62799 2.42158 8.35 0.0591596 0.0430175 0.0681882 
qwerty 312 298 0 0.996806 3.21362 2.84742 9.025 0.0591596 0.0430175 0.0681882 
qwerty 312 298 0 0.996806 3.79924 3.27325 9.7 0.0591596 0.0430175 0.0681882 
qwerty 312 298 0 0.996806 4.38487 3.69908 10.375 0.0591596 0.0430175 0.0681882 
qwerty 312 298 0 0.996806 4.9705 4.12492 11.05 0.0591596 0.0430175 0.0681882 
qwerty 312 298 0 0.996806 5.55612 4.55075 11.725 0.0591596 0.0430175 0.0681882 
qwerty 312 298 0 0.996806 6.14175 4.97659 12.4 0.0591596 0.0430175 0.0681882 
qwerty 312 298 0 0.846099 6.25 5.07256 12.5931 0.024289 0.0335672 0.0910126 
qwerty 312 298 0 0.846099 6.3786 5.25028 13.075 0.024289 0.0335672 0.0910126 
qwerty 312 298 0 0.846099 6.55874 5.49923 13.75 0.024289 0.0335672 0.0910126 
qwerty 312 298 0 0.846099 6.73888 5.74818 14.425 0.024289 0.0335672 0.0910126 
qwerty 312 298 0 0.846099 6.91902 5.99714 15.1 0.024289 0.0335672 0.0910126 
qwerty 312 298 0 0.846099 7.09916 6.24609 15.775 0.024289 0.0335672 0.0910126 
qwerty 312 298 0 0.520284 6.50106 7.39061 16.45 -0.0415897 0.0786731 0.0456163 
qwerty 366 346 0.971186 7.34894 1.64979 2.21894 8.35 0.0184219 0.0595654 0.0781831 
qwerty 435 313 0.00911035 2.48354 4.34898 8.65055 14.7076 0.0217841 0.063885 0.0737845 
qwerty 435 313 0.265328 2.21821 4.38289 8.75 14.8225 0.010543 0.0299765 0.094817 
qwerty 435 313 0.533685 1.68453 4.41376 8.83775 15.1 0.0317445 0.00352443 0.0947622 
qwerty 449 435 0.127242 0.25666 4.39235 8.6737 14.6696 -0.0161103 0.0274909 -0.0947877 
qwerty 449 435 0.25399 0.00267075 4.39595 8.6669 14.6318 -0.0470605 0.0443803 -0.0762607 
qwerty 449 435 0.00267075 0 4.39594 8.66691 14.6318 -0.0470605 0.0443803 -0.0762607 
qwerty 434 313 0.167774 3.48541 1.43769 2.8173 9.025 -0.0305786 0.0476218 0.0824446 
qwerty 450 435 0 0.314531 4.40667 8.75 15.0255 -0.0131412 -0.0630097 -0.0765316 
qwerty 450 435 0 0.314531 4.3336 8.39967 14.6 -0.0131412 -0.0630097 -0.0765316 
qwerty 450 435 0 0.314531 4.2177 7.84393 13.925 -0.0131412 -0.0630097 -0.0765316 
qwerty 454 453 0 0.156754 4.28135 7.38669 14.425 0.00964553 -0.0657682 0.0747095 
qwerty 446 366 0 0.482083 2.08545 3.33955 9.025 0.0203364 0.0866389 0.0456085 
qwerty 444 366 0 0.764518 2.58774 2.63142 7.85 0.076708 0.032217 -0.0554793 
qwerty 444 366 0 0.764518 3.52103 3.0234 7.175 0.076708 0.032217 -0.0554793 
qwerty 444 366 0 0.530171 4.1288 2.74536 6.5 0.0579021 -0.0407648 -0.0706086 
qwerty 443 416 0 1.06164 0.912634 0.045254 13.25 -0.06808 -0.0315823 -0.0660884 
qwerty 443 416 0 1.06164 0.217293 -0.277315 12.575 -0.06808 -0.0315823 -0.0660884 
qwerty 442 416 0 0.436297 2.13152 2.24876 14.425 0.0274546 0.0925048 0.0262507 
