qwerty 1 0 0 110.05 0 0 -0.25 0 0 0.1 
qwerty 3 1 0 97.8925 -0.41312 -0.178916 0.25 -0.0614018 -0.0265921 0.0743147 
qwerty 4 3 0.248904 75.4725 -0.633241 -0.277084 0.532215 -0.0554064 -0.0245499 0.0795451 
qwerty 4 3 0.891069 74.5814 -0.906832 -0.398309 0.925 -0.0553648 -0.0256845 0.0792152 
qwerty 4 3 0.838298 67.0953 -1.26097 -0.66513 1.46255 -0.0486244 -0.0427724 0.0761983 
qwerty 4 3 0.228278 66.8671 -1.34868 -0.742283 1.6 -0.0484927 -0.0423709 0.076506 
qwerty 4 3 1.0168 48.1992 -1.63675 -1.14339 2.275 -0.0317417 -0.0526447 0.0788733 
qwerty 4 3 0.897597 32.87 -1.82415 -1.47104 2.74553 -0.0346334 -0.0555884 0.0755676 
qwerty 4 3 0.417409 32.4526 -1.91786 -1.62144 2.95 -0.0357191 -0.0536161 0.0764818 
qwerty 4 3 0.0703397 28.237 -1.95096 -1.73854 3.17957 0.00700693 -0.0385058 0.0920228 
qwerty 4 3 0.708034 27.529 -1.91704 -1.92493 3.625 0.00449376 -0.0367193 0.0929059 
qwerty 4 3 1.32312 23.8 -1.50906 -1.97251 4.3 0.0572711 0.00170051 0.0819581 
qwerty 4 3 0.622373 18.0053 -1.44104 -2.12459 4.80631 0.00487263 -0.0350757 0.0935198 
qwerty 4 3 0.285456 17.7199 -1.43225 -2.18786 4.975 0.00294438 -0.0311834 0.094968 
qwerty 4 3 0.780702 14.6926 -1.22595 -2.2497 5.65 0.0239405 0.00200339 0.0970713 
qwerty 4 3 0.973025 3.41963 -1.24291 -1.92305 6.13988 -0.00805112 0.0971224 -0.0224147 
qwerty 4 3 0.183386 3.23624 -1.25 -1.83757 6.12015 -0.029833 0.0944387 -0.0138323 
qwerty 4 3 1.13143 2.10481 -1.30289 -1.35146 6.1286 -0.0546707 0.0836962 -0.0024607 
qwerty 4 3 0.704165 1.40065 -1.52364 -1.09284 6.16153 -0.0663592 0.0464815 0.0586168 
qwerty 4 3 0.112572 1.2548 -1.55164 -1.07444 6.17976 -0.0902901 0.00500872 0.042692 
qwerty 4 3 0.460623 0.794172 -1.74506 -1.02129 6.29671 -0.0896508 -0.0345439 0.027739 
qwerty 4 3 0.175349 0.618823 -1.83648 -1.05652 6.325 -0.0575808 0.0175463 0.0798535 
qwerty 4 3 0.00420197 0.162281 -1.83466 -1.05059 6.32372 0.0151653 0.0633068 -0.0759096 
qwerty 4 3 0.00340166 0.15888 -1.83469 -1.04942 6.32239 0.0119392 0.0758045 -0.0641182 
qwerty 4 3 0.00368285 0.155197 -1.83473 -1.04813 6.32094 0.0251304 0.0403092 -0.0879979 
qwerty 4 3 0.00567956 0.149517 -1.83384 -1.04759 6.3189 0.0157342 0.00476702 -0.0986393 
qwerty 4 3 0.0132369 0.13628 -1.83369 -1.04832 6.3155 0.00198216 -0.00539527 -0.0998347 
qwerty 4 3 0.0699629 0.0663175 -1.83515 -1.04713 6.3105 0.00644282 0.0461504 -0.0884796 
qwerty 4 3 0.0663175 0 -1.8349 -1.04531 6.307 0.00644282 0.0461504 -0.0884796 
qwerty 24 4 0 1.16286 -1.23371 -2.17349 5.65 -0.024428 -0.0969435 0.0022861 
qwerty 24 4 0.179021 0.944893 -1.25504 -2.27678 5.64203 -0.0573592 -0.074766 -0.0334659 
qwerty 24 4 0.206346 0.738548 -1.33882 -2.3501 5.62546 -0.0596977 -0.0684445 -0.0418515 
qwerty 24 4 0.267663 0.470885 -1.45666 -2.42122 5.624 -0.0865011 0.0413815 -0.0283748 
qwerty 24 4 0.0143587 0.428519 -1.46463 -2.41598 5.62157 -0.0761396 0.0499863 -0.041281 
qwerty 24 4 0.264841 0.163678 -1.55911 -2.4238 5.59527 -0.0581784 0.059604 -0.055341 
qwerty 24 4 0.163678 0 -1.56989 -2.41276 5.58503 -0.0581784 0.059604 -0.055341 
qwerty 23 4 0.297049 0.0651287 -1.39701 -2.17024 4.8216 0.0847518 -0.0354541 0.0394986 
qwerty 23 4 0.0651287 0 -1.39377 -2.1716 4.82312 0.0847518 -0.0354541 0.0394986 
qwerty 19 4 0.0580448 0.703956 -1.97718 -1.762 3.19128 -0.0698046 -0.0601906 0.0387867 
qwerty 19 4 0.0715339 0.632422 -2.01589 -1.78213 3.20261 -0.082912 -0.0389308 0.0401247 
qwerty 19 4 0.073402 0.55902 -2.04411 -1.80671 3.22467 -0.0473623 -0.0880316 -0.00269239 
qwerty 19 4 0.0951425 0.463877 -2.0642 -1.85561 3.23887 -0.070077 -0.0160951 0.0694994 
qwerty 19 4 0.134948 0.328929 -2.09686 -1.86315 3.29261 0.00638964 -0.0229446 0.0971222 
qwerty 19 4 0.328929 0 -2.09326 -1.87608 3.34734 0.00638964 -0.0229446 0.0971222 
qwerty 33 24 0 0.0280074 -3.75573 -1.3984 5.34718 -0.0903648 0.0413105 -0.0112982 
qwerty 33 24 0 0.0280074 -4.08036 -1.25 5.30659 -0.0903648 0.0413105 -0.0112982 
qwerty 33 24 0 0.0280074 -5.33278 -0.677449 5.15 -0.0903648 0.0413105 -0.0112982 
qwerty 28 4 0 0.0332819 -1.63764 -0.986015 6.325 -0.0451319 0.0464031 0.0762225 
qwerty 27 4 0.00029101 0 -1.2434 -1.91783 6.13864 -0.00899022 0.0969292 -0.0228888 
qwerty 40 27 0.00239128 0 -1.24339 -1.91783 6.13863 0.0441708 -0.00122548 -0.0897075 
qwerty 26 4 0 0.240882 -1.25 -1.89757 6.14068 -0.0218419 0.0709128 0.0670396 
qwerty 26 4 0 0.240882 -1.31005 -1.7026 6.325 -0.0218419 0.0709128 0.0670396 
qwerty 25 4 0 0.451805 -1.13189 -2.33939 6.325 0.000873898 -0.0138013 0.0990392 
qwerty 25 4 0 0.451805 -1.12593 -2.43345 7 0.000873898 -0.0138013 0.0990392 
qwerty 25 4 0 0.451805 -1.11998 -2.52751 7.675 0.000873898 -0.0138013 0.0990392 
qwerty 25 4 0 0.451805 -1.11402 -2.62158 8.35 0.000873898 -0.0138013 0.0990392 
qwerty 25 4 0 0.451805 -1.10806 -2.71564 9.025 0.000873898 -0.0138013 0.0990392 
qwerty 25 4 0 0.451805 -1.10211 -2.8097 9.7 0.000873898 -0.0138013 0.0990392 
qwerty 21 4 0 2.1963 -1.25 -1.99238 4.81621 0.0444329 -0.00357688 0.0895149 
qwerty 21 4 0 2.1963 -1.17118 -1.99873 4.975 0.0444329 -0.00357688 0.0895149 
qwerty 21 4 0 2.1963 -0.836128 -2.0257 5.65 0.0444329 -0.00357688 0.0895149 
qwerty 21 4 0 2.1963 -0.501075 -2.05267 6.325 0.0444329 -0.00357688 0.0895149 
qwerty 21 4 0 2.1963 -0.166023 -2.07964 7 0.0444329 -0.00357688 0.0895149 
qwerty 21 4 0 2.1963 0.16903 -2.10661 7.675 0.0444329 -0.00357688 0.0895149 
qwerty 21 4 0 2.1963 0.504082 -2.13359 8.35 0.0444329 -0.00357688 0.0895149 
qwerty 21 4 0 2.1963 0.839135 -2.16056 9.025 0.0444329 -0.00357688 0.0895149 
qwerty 21 4 0 2.1963 1.17419 -2.18753 9.7 0.0444329 -0.00357688 0.0895149 
qwerty 21 4 0 2.1963 1.50924 -2.2145 10.375 0.0444329 -0.00357688 0.0895149 
qwerty 21 4 0 2.1963 1.84429 -2.24147 11.05 0.0444329 -0.00357688 0.0895149 
qwerty 21 4 0 2.1963 2.17935 -2.26845 11.725 0.0444329 -0.00357688 0.0895149 
qwerty 18 4 0 0.43438 -1.90749 -1.97206 3.625 0.00809569 -0.0456902 0.0885825 
qwerty 18 4 0 0.392394 -2.06401 -2.822 4.3 -0.0155754 -0.0789312 0.0593909 
qwerty 18 4 0 0.196208 -2.12198 -3.11582 4.52108 -0.00395553 0.0820099 0.0570853 
qwerty 18 4 0 0.196208 -2.15344 -2.46371 4.975 -0.00395553 0.0820099 0.0570853 
qwerty 48 18 0.0802058 0.115981 -2.14066 -3.13427 4.52715 -0.0553803 -0.00974571 -0.0826925 
qwerty 48 18 0.115981 0 -2.14641 -3.13528 4.51855 -0.0553803 -0.00974571 -0.0826925 
qwerty 17 4 0 0.71698 -2.07514 -2.13139 3.625 -0.0166126 -0.0601369 0.078151 
qwerty 17 4 0 0.71698 -2.21863 -2.6508 4.3 -0.0166126 -0.0601369 0.078151 
qwerty 17 4 0 0.71698 -2.36211 -3.17021 4.975 -0.0166126 -0.0601369 0.078151 
qwerty 17 4 0 0.71698 -2.5056 -3.68962 5.65 -0.0166126 -0.0601369 0.078151 
qwerty 17 4 0 0.71698 -2.64908 -4.20903 6.325 -0.0166126 -0.0601369 0.078151 
qwerty 17 4 0 0.71698 -2.79257 -4.72844 7 -0.0166126 -0.0601369 0.078151 
qwerty 17 4 0 0.71698 -2.93605 -5.24785 7.675 -0.0166126 -0.0601369 0.078151 
qwerty 17 4 0 0.71698 -3.07954 -5.76726 8.35 -0.0166126 -0.0601369 0.078151 
qwerty 17 4 0 0.71698 -3.22302 -6.28667 9.025 -0.0166126 -0.0601369 0.078151 
qwerty 17 4 0 0.71698 -3.36651 -6.80608 9.7 -0.0166126 -0.0601369 0.078151 
qwerty 17 4 0 0.71698 -3.50999 -7.32549 10.375 -0.0166126 -0.0601369 0.078151 
qwerty 17 4 0 0.71698 -3.65348 -7.8449 11.05 -0.0166126 -0.0601369 0.078151 
qwerty 17 4 0 0.337824 -3.23459 -7.508 11.725 0.0515103 0.0462655 0.072154 
qwerty 17 4 0 0.337824 -2.75271 -7.07518 12.4 0.0515103 0.0462655 0.072154 
qwerty 16 4 0 0.102984 -1.92563 -1.63071 2.95 -0.0364296 -0.0573185 0.0733994 
qwerty 15 4 0 2.7954 -1.87155 -1.62901 2.95 -0.0265433 -0.0577546 0.0772001 
qwerty 15 4 0 2.7954 -2.10363 -2.13398 3.625 -0.0265433 -0.0577546 0.0772001 
qwerty 15 4 0 2.7954 -2.33571 -2.63896 4.3 -0.0265433 -0.0577546 0.0772001 
qwerty 15 4 0 2.7954 -2.5678 -3.14394 4.975 -0.0265433 -0.0577546 0.0772001 
qwerty 15 4 0 2.7954 -2.79988 -3.64892 5.65 -0.0265433 -0.0577546 0.0772001 
qwerty 15 4 0 2.7954 -3.03196 -4.1539 6.325 -0.0265433 -0.0577546 0.0772001 
qwerty 15 4 0 2.7954 -3.26404 -4.65887 7 -0.0265433 -0.0577546 0.0772001 
qwerty 15 4 0 2.7954 -3.49612 -5.16385 7.675 -0.0265433 -0.0577546 0.0772001 
qwerty 15 4 0 2.7954 -3.7282 -5.66883 8.35 -0.0265433 -0.0577546 0.0772001 
qwerty 15 4 0 2.7954 -3.96029 -6.17381 9.025 -0.0265433 -0.0577546 0.0772001 
qwerty 15 4 0 2.7954 -4.19237 -6.67879 9.7 -0.0265433 -0.0577546 0.0772001 
qwerty 15 4 0 2.7954 -4.42445 -7.18377 10.375 -0.0265433 -0.0577546 0.0772001 
qwerty 15 4 0 2.7954 -4.65653 -7.68874 11.05 -0.0265433 -0.0577546 0.0772001 
qwerty 15 4 0 2.7954 -4.88861 -8.19372 11.725 -0.0265433 -0.0577546 0.0772001 
qwerty 15 4 0 2.7954 -5.12069 -8.6987 12.4 -0.0265433 -0.0577546 0.0772001 
qwerty 15 4 0 2.7954 -5.35278 -9.20368 13.075 -0.0265433 -0.0577546 0.0772001 
qwerty 15 4 0 2.7954 -5.58486 -9.70866 13.75 -0.0265433 -0.0577546 0.0772001 
qwerty 15 4 0 2.7954 -5.81694 -10.2136 14.425 -0.0265433 -0.0577546 0.0772001 
qwerty 15 4 0 2.7954 -6.04902 -10.7186 15.1 -0.0265433 -0.0577546 0.0772001 
qwerty 15 4 0 2.7954 -6.25 -11.1559 15.6845 -0.0265433 -0.0577546 0.0772001 
qwerty 15 4 0 2.7954 -6.2811 -11.2236 15.775 -0.0265433 -0.0577546 0.0772001 
qwerty 15 4 0 2.7954 -6.51319 -11.7286 16.45 -0.0265433 -0.0577546 0.0772001 
qwerty 15 4 0 2.7954 -6.74527 -12.2335 17.125 -0.0265433 -0.0577546 0.0772001 
qwerty 15 4 0 2.7954 -6.97735 -12.7385 17.8 -0.0265433 -0.0577546 0.0772001 
qwerty 15 4 0 0.371647 -6.31951 -13.5064 17.3 0.0599237 -0.0619881 -0.0506619 
qwerty 15 4 0 0.371647 -5.5211 -14.3323 16.625 0.0599237 -0.0619881 -0.0506619 
qwerty 14 4 0 7.92656 -2.01656 -1.62415 2.95 -0.0431141 -0.0525701 0.0733318 
qwerty 14 4 0 7.92656 -2.41342 -2.10804 3.625 -0.0431141 -0.0525701 0.0733318 
qwerty 14 4 0 7.92656 -2.81027 -2.59194 4.3 -0.0431141 -0.0525701 0.0733318 
qwerty 14 4 0 7.92656 -3.20712 -3.07583 4.975 -0.0431141 -0.0525701 0.0733318 
qwerty 14 4 0 7.92656 -3.60398 -3.55973 5.65 -0.0431141 -0.0525701 0.0733318 
qwerty 14 4 0 7.92656 -3.75 -3.73777 5.89836 -0.0431141 -0.0525701 0.0733318 
qwerty 14 4 0 7.92656 -4.00083 -4.04362 6.325 -0.0431141 -0.0525701 0.0733318 
qwerty 14 4 0 7.92656 -4.39769 -4.52751 7 -0.0431141 -0.0525701 0.0733318 
qwerty 12 4 0 0.78484 -1.97293 -1.55794 2.95 -0.0403844 -0.0474557 0.0782116 
qwerty 12 4 0 0.770292 -2.40944 -1.89285 3.625 -0.0518031 -0.0367504 0.0772389 
qwerty 12 4 0 0.770292 -2.86215 -2.21402 4.3 -0.0518031 -0.0367504 0.0772389 
qwerty 11 4 0 0.437379 -1.60815 -1.13003 2.275 -0.0286872 -0.0488803 0.0823879 
qwerty 11 4 0 0.177169 -1.69318 -1.18569 1.775 -0.0158763 -0.0098065 -0.0982435 
qwerty 9 4 0 14.4847 -1.7635 -1.11333 2.275 -0.0474157 -0.042412 0.0771555 
qwerty 9 4 0 14.4847 -1.9163 -1.25 2.52363 -0.0474157 -0.042412 0.0771555 
qwerty 9 4 0 14.4847 -2.17832 -1.48437 2.95 -0.0474157 -0.042412 0.0771555 
qwerty 9 4 0 14.4847 -2.59314 -1.85542 3.625 -0.0474157 -0.042412 0.0771555 
qwerty 9 4 0 14.4847 -3.00796 -2.22646 4.3 -0.0474157 -0.042412 0.0771555 
qwerty 9 4 0 14.4847 -3.42278 -2.5975 4.975 -0.0474157 -0.042412 0.0771555 
qwerty 9 4 0 14.4847 -3.8376 -2.96855 5.65 -0.0474157 -0.042412 0.0771555 
qwerty 9 4 0 14.4847 -4.25241 -3.33959 6.325 -0.0474157 -0.042412 0.0771555 
qwerty 65 9 0.0087024 0.232477 -4.30718 -3.36808 6.5005 0.0931346 -0.0265344 0.0249375 
qwerty 65 9 0.00481807 0.227659 -4.30379 -3.36866 6.50093 0.0981346 0.00132729 0.0191793 
qwerty 65 9 0.00461807 0.223041 -4.30084 -3.36884 6.50209 0.091581 0.00734697 0.0394834 
qwerty 65 9 0.00703617 0.216004 -4.29817 -3.36845 6.50273 0.0890314 0.0339791 0.0303122 
qwerty 65 9 0.00809004 0.207914 -4.29526 -3.36705 6.50431 0.0771801 0.0311167 0.0554525 
qwerty 65 9 0.00990815 0.198006 -4.29251 -3.36604 6.50576 0.0751042 0.037641 0.054245 
qwerty 65 9 0.0106768 0.187329 -4.29042 -3.36447 6.50789 0.0602927 0.037509 0.0704121 
qwerty 65 9 0.0198836 0.167446 -4.28723 -3.36362 6.5109 0.049497 0.0346823 0.0796692 
qwerty 65 9 0.0108181 0.156628 -4.2849 -3.35975 6.51492 0.0448941 0.040484 0.0796591 
qwerty 65 9 0.0893176 0.0673101 -4.28475 -3.35499 6.52221 0.0156423 0.0831848 0.0532504 
qwerty 65 9 0.0673101 0 -4.28411 -3.35161 6.52438 0.0156423 0.0831848 0.0532504 
qwerty 8 4 0 0.0874373 -1.34583 -0.740595 1.6 -0.0475991 -0.042326 0.0770898 
qwerty 7 4 0 3.74219 -1.4028 -0.647164 1.6 -0.0567933 -0.0284714 0.0772263 
qwerty 7 4 0 3.74219 -1.8992 -0.896019 2.275 -0.0567933 -0.0284714 0.0772263 
qwerty 7 4 0 3.74219 -2.3956 -1.14487 2.95 -0.0567933 -0.0284714 0.0772263 
qwerty 7 4 0 3.74219 -2.89201 -1.39373 3.625 -0.0567933 -0.0284714 0.0772263 
qwerty 7 4 0 3.74219 -3.38841 -1.64259 4.3 -0.0567933 -0.0284714 0.0772263 
qwerty 7 4 0 3.74219 -3.75 -1.82386 4.79168 -0.0567933 -0.0284714 0.0772263 
qwerty 7 4 0 3.74219 -3.88482 -1.89144 4.975 -0.0567933 -0.0284714 0.0772263 
qwerty 69 68 0 0.167562 -3.80101 -1.48674 5.65 0.0224355 0.0609379 0.0760475 
qwerty 69 68 0 0.167562 -3.60188 -0.945848 6.325 0.0224355 0.0609379 0.0760475 
qwerty 6 4 0 6.4407 -0.899895 -0.405254 0.925 -0.0542263 -0.0260643 0.0798759 
qwerty 6 4 0 6.4407 -1.35814 -0.625513 1.6 -0.0542263 -0.0260643 0.0798759 
qwerty 6 4 0 6.4407 -1.81639 -0.845771 2.275 -0.0542263 -0.0260643 0.0798759 
qwerty 6 4 0 6.4407 -2.27463 -1.06603 2.95 -0.0542263 -0.0260643 0.0798759 
qwerty 2 1 0 147.134 0.228114 0.0987927 0.25 0.0408524 0.0176925 0.0895436 
qwerty 2 1 0 147.134 0.536069 0.232163 0.925 0.0408524 0.0176925 0.0895436 
qwerty 79 2 0.780262 91.9079 0.827534 0.367637 1.6 0.0390524 0.0162827 0.0906078 
qwerty 79 2 0.73554 37.7383 1.07256 0.54036 2.275 0.0372219 0.0225702 0.0900284 
qwerty 79 2 0.913109 26.4457 1.26796 0.873678 2.95 0.0230899 0.0446601 0.0864427 
qwerty 66 9 0.823916 9.40704 -4.46102 -3.33531 7 -0.0111478 0.0317951 0.0941531 
qwerty 66 9 0.773089 6.21925 -4.33641 -3.20307 7.675 0.016426 0.0185674 0.0968785 
qwerty 66 9 0.054289 1.53726 -4.44084 -3.2852 7.88732 -0.0293246 0.0308651 0.0904844 
qwerty 66 9 0.460717 1.07655 -4.47042 -3.10607 8.1118 -0.00773092 0.0221506 0.097209 
qwerty 66 9 0.366239 0.710309 -4.48693 -3.09923 8.31893 0.0110915 -0.0342043 0.0933116 
qwerty 66 9 0.040914 0.669395 -4.48324 -3.11062 8.35 -0.0366282 -0.0368035 0.0854628 
qwerty 66 9 0.0351731 0.578164 -4.50577 -3.12706 8.34662 -0.0655049 -0.0736769 -0.0167576 
qwerty 66 9 0.0404554 0.537709 -4.51792 -3.14722 8.34086 -0.0233155 -0.0958104 0.0166358 
qwerty 66 9 0.0410658 0.496643 -4.52302 -3.17186 8.34012 -0.00429392 -0.0987146 -0.0153944 
qwerty 66 9 0.0401264 0.456517 -4.53181 -3.19658 8.33556 -0.0158798 -0.0944372 -0.0288003 
qwerty 66 9 0.0555503 0.400967 -4.54261 -3.22041 8.33347 -0.0156828 -0.0973229 0.0168018 
qwerty 66 9 0.20952 0.191446 -4.55172 -3.2439 8.33543 -0.0284774 0.0860463 -0.0422501 
qwerty 66 9 0.0923191 0.0991273 -4.57208 -3.23309 8.32433 -0.00537844 -0.0740569 -0.0669825 
qwerty 66 9 0.0991273 0 -4.5725 -3.23885 8.31912 -0.00537844 -0.0740569 -0.0669825 
qwerty 66 9 0 0 -4.5725 -3.23885 8.31912 -0.00537844 -0.0740569 -0.0669825 
qwerty 5 3 0.227562 11.8927 -0.64312 -0.148836 0.481228 -0.0655186 0.0654985 0.0376464 
qwerty 5 3 1.57454 10.3182 -1.25 0.457857 0.829935 -0.0796027 0.0445872 0.0409315 
qwerty 5 3 0.305374 9.29351 -1.41753 0.550752 0.924212 -0.0810475 0.0355181 0.0465808 
qwerty 5 3 0.0020764 9.29143 -1.4189 0.551353 0.925 -0.0807326 0.0342771 0.0480346 
qwerty 5 3 0.795773 2.33915 -1.27913 0.720042 1.46894 0.0580592 -0.0185695 0.0792736 
qwerty 5 3 0.269851 2.0693 -1.18315 0.689342 1.6 0.0261813 0.019471 0.0945273 
qwerty 5 3 0.275407 1.03771 -1.14276 0.81695 1.45815 0.0159516 0.0349971 -0.0923079 
qwerty 5 3 0.438811 0.598904 -1.03726 0.824743 1.29127 -0.00222724 0.0621233 -0.078331 
qwerty 5 3 0.340927 0.257976 -0.990441 0.879546 1.17566 0.0477734 -0.0589076 -0.0651736 
qwerty 5 3 0.257976 0 -0.972096 0.856925 1.15063 0.0477734 -0.0589076 -0.0651736 
qwerty 5 3 0 0 -0.972096 0.856925 1.15063 0.0477734 -0.0589076 -0.0651736 
qwerty 102 5 0.00261885 0.716653 -1.41773 0.552395 0.925 -0.00900006 0.0879298 0.0467691 
qwerty 101 5 0.0829075 0.60851 -0.643484 -0.122219 0.497727 -0.00931684 0.0916661 0.0388654 
qwerty 101 5 0.060873 0.547637 -0.644054 -0.0927044 0.516967 -0.0498669 0.0835133 0.0232123 
qwerty 101 5 0.106601 0.441036 -0.672309 -0.0557221 0.520525 -0.0333725 0.0867084 0.0369855 
qwerty 101 5 0.0787483 0.362287 -0.679359 -0.0106302 0.526621 -0.0102574 0.0971983 -0.0211488 
qwerty 101 5 0.178374 0.183914 -0.726595 0.0349061 0.512338 -0.0545431 0.0818163 0.0181972 
qwerty 101 5 0.183914 0 -0.738828 0.0532562 0.51642 -0.0545431 0.0818163 0.0181972 
qwerty 96 66 0.0399038 0.56754 -4.46192 -3.28441 7.89643 -0.0875415 -0.0231271 0.0424455 
qwerty 96 66 0.048401 0.519139 -4.48116 -3.2926 7.91404 -0.0872073 -0.0260152 0.04145 
qwerty 96 66 0.0963836 0.422755 -4.51151 -3.30836 7.92143 -0.0977247 -0.0163027 0.0135684 
qwerty 96 66 0.0677538 0.355002 -4.54723 -3.32116 7.93491 -0.0902733 0.0287694 -0.0319851 
qwerty 96 66 0.111541 0.243461 -4.58165 -3.29772 7.91091 -0.094888 0.0248555 0.0194542 
qwerty 96 66 0.0848338 0.158627 -4.60405 -3.27864 7.91516 -0.0120426 0.0787142 0.06049 
qwerty 96 66 0.158627 0 -4.60616 -3.26481 7.9258 -0.0120426 0.0787142 0.06049 
qwerty 87 79 0.247658 6.53568 1.25 0.981383 3.29507 -0.0532307 -0.0204528 0.0821473 
qwerty 87 79 0.0105577 6.5192 1.24554 0.979777 3.30169 -0.0540818 -0.0191461 0.081906 
qwerty 87 79 0.192891 6.02147 1.19419 0.964727 3.37267 -0.0585259 -0.0145222 0.0797736 
qwerty 87 79 0.346801 5.25632 1.04158 0.946508 3.54833 -0.078859 -0.0135337 0.0599842 
qwerty 87 79 0.199495 5.05682 0.940794 0.929211 3.625 -0.0773152 0.00142434 0.063406 
qwerty 87 79 0.758517 1.9302 0.707057 0.96927 3.24717 -0.0587064 0.00223324 -0.0809232 
qwerty 87 79 0.226366 1.70384 0.618431 0.972641 3.125 -0.0832359 -0.0121842 -0.0540678 
qwerty 114 87 0.673217 1.22408 1.04607 1.17476 3.43662 0.00944594 0.0834713 -0.0542524 
qwerty 114 87 0.386306 0.837777 1.04312 1.30091 3.2191 -0.0395701 0.0529565 -0.0750321 
qwerty 114 87 0.239416 0.598361 0.993494 1.36732 3.125 -0.0815325 0.0350378 -0.0460955 
qwerty 113 87 0.0851512 0.333204 1.05872 0.931969 3.58545 0.0691001 -0.022099 0.0688245 
qwerty 113 87 0.0829384 0.250265 1.08159 0.923013 3.59424 0.095427 0.0214053 0.0208685 
qwerty 113 87 0.0327367 0.217528 1.09421 0.929566 3.60037 0.0692617 0.0625 0.036008 
qwerty 113 87 0.0443469 0.173182 1.10598 0.933032 3.607 0.044851 0.0805287 0.0387751 
qwerty 113 87 0.0379861 0.135195 1.11355 0.938466 3.60939 0.0683133 0.0726283 -0.00764383 
qwerty 113 87 0.0304792 0.104716 1.12015 0.944694 3.61338 0.0840261 0.0365039 0.0400884 
qwerty 113 87 0.0407794 0.0639369 1.12859 0.945298 3.61297 0.0768898 -0.0620783 0.015305 
qwerty 113 87 0.0639369 0 1.13144 0.942994 3.61353 0.0768898 -0.0620783 0.015305 
qwerty 112 87 0.0786757 0.226164 1.18736 0.932219 3.3936 -0.050157 -0.0660822 0.0558338 
qwerty 112 87 0.226164 0 1.17164 0.911512 3.41109 -0.050157 -0.0660822 0.0558338 
qwerty 78 2 1.18349 51.3137 0.902101 0.376581 1.6 0.0492633 0.0218769 0.084229 
qwerty 78 2 1.12439 47.1667 1.18375 0.557516 2.275 0.0308905 0.0209713 0.0927684 
qwerty 78 2 0.495149 33.9416 1.28403 0.696352 2.73395 0.00941478 0.0333981 0.0937866 
qwerty 78 2 0.335202 33.6064 1.30572 0.77329 2.95 0.00717241 0.0328187 0.0941886 
qwerty 78 2 0.404294 23.7913 1.49336 1.03105 3.30172 0.0448605 0.0591183 0.0670266 
qwerty 78 2 0.796504 22.9948 1.70973 1.31619 3.625 0.0459506 0.0568031 0.0682785 
qwerty 78 2 1.11339 18.8581 1.69392 1.80863 4.3 0.0049726 0.0626774 0.0777613 
qwerty 78 2 1.02047 14.0611 1.25 2.24885 4.72779 -0.0585868 0.0631592 0.0507789 
qwerty 78 2 0.244148 12.4838 1.1645 2.34141 4.79495 -0.0583967 0.0692367 0.0423806 
qwerty 78 2 0.728554 11.7552 0.916404 2.63556 4.975 -0.0545699 0.0636092 0.0545528 
qwerty 128 78 0.273121 1.0601 1.03136 2.39441 4.87897 -0.0942596 0.0201304 0.026644 
qwerty 128 78 0.336971 0.72313 0.854067 2.38292 4.92636 -0.0708184 -0.0278759 0.0648667 
qwerty 128 78 0.17537 0.547759 0.800959 2.36201 4.975 -0.0708536 0.0487191 0.051051 
qwerty 128 78 0 0.503661 0.801726 2.36326 4.975 -0.0355497 0.0277482 0.0892539 
qwerty 128 78 0 0.41816 0.80554 2.36697 4.975 -0.0254489 -0.0505266 0.0824586 
qwerty 128 78 0.0144844 0.364175 0.797603 2.37046 4.97133 -0.0575963 0.0484116 -0.065871 
qwerty 128 78 0.0104957 0.353679 0.792637 2.37387 4.9678 -0.0688814 0.0408367 -0.0598976 
qwerty 128 78 0.0188292 0.33485 0.787165 2.37654 4.96424 -0.0880404 0.0122241 -0.0458199 
qwerty 128 78 0.0134262 0.321423 0.779922 2.37689 4.96209 -0.08035 -0.0441816 -0.0398981 
qwerty 128 78 0.0150161 0.306407 0.771967 2.37381 4.95953 -0.081569 -0.0330381 -0.0474867 
qwerty 128 78 0.0211923 0.285215 0.763287 2.3708 4.9565 -0.069568 -0.0358511 -0.0622494 
qwerty 128 78 0.025232 0.259983 0.754002 2.3669 4.95178 -0.0703733 -0.028775 -0.0649585 
qwerty 128 78 0.0321005 0.227883 0.746904 2.36562 4.93962 -0.056113 -0.034665 -0.0751643 
qwerty 128 78 0.0911426 0.13674 0.741421 2.36119 4.92109 -0.00311773 0.0749539 -0.0661225 
qwerty 128 78 0.13674 0 0.740993 2.37148 4.91201 -0.00311773 0.0749539 -0.0661225 
qwerty 125 78 0.165169 0.555877 1.46783 1.01624 3.37771 -0.0841762 -0.0097192 0.0531027 
qwerty 125 78 0.275032 0.280845 1.39391 1.06027 3.45131 -0.0840033 0.00364787 0.0541308 
qwerty 125 78 0.280845 0 1.35684 1.06188 3.47519 -0.0840033 0.00364787 0.0541308 
qwerty 120 78 0.226042 0.798979 1.30018 0.79536 2.83523 -0.0484345 0.0722433 0.0493458 
qwerty 120 78 0.384131 0.414848 1.24134 0.831506 2.88174 -0.030238 0.090353 0.0303643 
qwerty 120 78 0.187073 0.227774 1.19574 0.878013 2.90611 -0.0661489 0.069652 0.0278014 
qwerty 120 78 0.227774 0 1.17477 0.900089 2.91492 -0.0661489 0.069652 0.0278014 
qwerty 132 78 0 1.05932 0.873702 3.75 5.53913 0.000896428 0.0909087 0.0416511 
qwerty 132 78 0 1.05932 0.876088 3.99198 5.65 0.000896428 0.0909087 0.0416511 
qwerty 131 78 0 3.82503 1.74681 3.03105 5.65 0.0785029 0.0305331 0.0538983 
qwerty 131 78 0 3.82503 2.72995 3.41344 6.325 0.0785029 0.0305331 0.0538983 
qwerty 131 78 0 3.82503 3.59528 3.75 6.91912 0.0785029 0.0305331 0.0538983 
qwerty 131 78 0 3.82503 3.71309 3.79582 7 0.0785029 0.0305331 0.0538983 
qwerty 131 78 0 3.82503 4.69623 4.1782 7.675 0.0785029 0.0305331 0.0538983 
qwerty 131 78 0 3.82503 5.67936 4.56059 8.35 0.0785029 0.0305331 0.0538983 
qwerty 131 78 0 3.82503 6.25 4.78253 8.74179 0.0785029 0.0305331 0.0538983 
qwerty 131 78 0 3.82503 6.6625 4.94297 9.025 0.0785029 0.0305331 0.0538983 
qwerty 140 131 0.835622 1.83049 6.58383 4.9499 9.48786 -0.0226388 -0.0320144 0.0919922 
qwerty 140 131 0.349779 1.48071 6.53163 4.87608 9.7 -0.0161249 -0.0112896 0.0980435 
qwerty 140 131 0.219454 1.04264 6.41141 4.81125 9.662 -0.0954529 -0.0291241 -0.0063666 
qwerty 140 131 0.309668 0.732974 6.27714 4.78674 9.60966 -0.0696735 -0.0375267 -0.0611339 
qwerty 140 131 0.432453 0.300521 6.23599 4.71358 9.48963 0.000235049 0.0125084 -0.0992143 
qwerty 140 131 0.300521 0 6.2361 4.71971 9.44099 0.000235049 0.0125084 -0.0992143 
qwerty 127 78 0 0.62291 1.25 2.12978 4.88246 -0.0653173 0.0305305 0.0692931 
qwerty 127 78 0 0.62291 1.16277 2.17055 4.975 -0.0653173 0.0305305 0.0692931 
qwerty 127 78 0 0.19022 0.980784 2.25561 5.16807 0.0912639 0.00393936 -0.0406865 
qwerty 127 78 0 0.19022 1.02131 2.25736 5.15 0.0912639 0.00393936 -0.0406865 
qwerty 147 127 0.0203963 0.412294 0.970544 2.25655 5.17424 -0.0761373 0.0180649 0.0622637 
qwerty 147 127 0.0307393 0.381555 0.957652 2.25589 5.18264 -0.0954386 0.00655966 0.0291281 
qwerty 147 127 0.0297741 0.35178 0.9393 2.25779 5.18372 -0.0739923 0.0670192 -0.00579423 
qwerty 147 127 0.0524884 0.299292 0.921349 2.26763 5.18072 -0.0752152 0.0297573 -0.0587978 
qwerty 147 127 0.0399665 0.259326 0.909319 2.26705 5.17013 -0.0959574 -0.0127487 -0.0250928 
qwerty 147 127 0.0543344 0.204991 0.897353 2.26459 5.16892 -0.09608 -0.027647 0.0020694 
qwerty 147 127 0.0467745 0.158217 0.887131 2.25962 5.1728 -0.00290281 0.0591162 0.080603 
qwerty 147 127 0.0500972 0.10812 0.886611 2.27085 5.18048 0.0440712 0.0844221 0.0305063 
qwerty 147 127 0.10812 0 0.890676 2.27864 5.1833 0.0440712 0.0844221 0.0305063 
qwerty 124 78 0 2.98278 1.73732 1.33043 3.625 0.0479547 0.0588355 0.0651055 
qwerty 124 78 0 2.98278 2.2345 1.94042 4.3 0.0479547 0.0588355 0.0651055 
qwerty 124 78 0 2.98278 2.73169 2.55042 4.975 0.0479547 0.0588355 0.0651055 
qwerty 124 78 0 1.31275 2.98996 2.68085 5.65 0.0290809 0.00341277 0.0956172 
qwerty 124 78 0 1.31275 3.19525 2.70494 6.325 0.0290809 0.00341277 0.0956172 
qwerty 124 78 0 1.31275 3.40055 2.72903 7 0.0290809 0.00341277 0.0956172 
qwerty 124 78 0 1.31275 3.60584 2.75312 7.675 0.0290809 0.00341277 0.0956172 
qwerty 124 78 0 1.31275 3.81113 2.77722 8.35 0.0290809 0.00341277 0.0956172 
qwerty 124 78 0 1.31275 4.01643 2.80131 9.025 0.0290809 0.00341277 0.0956172 
qwerty 124 78 0 1.31275 4.22172 2.8254 9.7 0.0290809 0.00341277 0.0956172 
qwerty 124 78 0 1.31275 4.42701 2.84949 10.375 0.0290809 0.00341277 0.0956172 
qwerty 124 78 0 0.982387 4.53696 2.8624 10.7365 0.0641619 -0.0256281 0.0722942 
qwerty 124 78 0 0.982387 4.81519 2.75127 11.05 0.0641619 -0.0256281 0.0722942 
qwerty 124 78 0 0.982387 5.41426 2.51198 11.725 0.0641619 -0.0256281 0.0722942 
qwerty 124 78 0 0.982387 6.01333 2.27269 12.4 0.0641619 -0.0256281 0.0722942 
qwerty 151 124 0.330358 0 4.51587 2.88756 10.7828 -0.0371873 0.0443696 0.081538 
qwerty 122 78 0 1.82583 1.77108 1.19762 3.625 0.0536821 0.0458455 0.0708267 
qwerty 122 78 0 0.872647 1.67134 1.68163 4.3 -0.0232797 0.0572636 0.0786062 
qwerty 122 78 0 0.872647 1.47143 2.17336 4.975 -0.0232797 0.0572636 0.0786062 
qwerty 122 78 0 0.872647 1.27153 2.66509 5.65 -0.0232797 0.0572636 0.0786062 
qwerty 122 78 0 0.872647 1.07162 3.15682 6.325 -0.0232797 0.0572636 0.0786062 
qwerty 122 78 0 0.872647 0.871715 3.64855 7 -0.0232797 0.0572636 0.0786062 
qwerty 122 78 0 0.872647 0.671809 4.14028 7.675 -0.0232797 0.0572636 0.0786062 
qwerty 122 78 0 0.872647 0.471904 4.632 8.35 -0.0232797 0.0572636 0.0786062 
qwerty 122 78 0 0.872647 0.271998 5.12373 9.025 -0.0232797 0.0572636 0.0786062 
qwerty 122 78 0 0.872647 0.0720927 5.61546 9.7 -0.0232797 0.0572636 0.0786062 
qwerty 121 78 0 0.863815 1.75326 1.26216 3.625 0.0502778 0.0520451 0.0690177 
qwerty 121 78 0 0.863815 2.24498 1.77116 4.3 0.0502778 0.0520451 0.0690177 
qwerty 121 78 0 0.863815 2.7367 2.28017 4.975 0.0502778 0.0520451 0.0690177 
qwerty 121 78 0 0.242209 2.87452 2.42283 5.16419 -0.0165214 -0.0980244 0.0108744 
qwerty 121 78 0 0.150271 2.78239 1.87619 5.22483 0.0158754 0.0161834 -0.0973965 
qwerty 121 78 0 0.150271 2.79458 1.88863 5.15 0.0158754 0.0161834 -0.0973965 
qwerty 159 121 0.0919383 0 2.78099 1.87048 5.2286 -0.0199588 -0.0817893 0.0539643 
qwerty 158 121 0.0371222 0.584484 2.8834 2.44066 5.17768 0.0582326 0.0673774 0.045489 
qwerty 158 121 0.0358416 0.548642 2.89313 2.46054 5.18741 0.0472372 0.0856673 0.0207306 
qwerty 158 121 0.0406001 0.508042 2.90704 2.47717 5.19615 0.0694864 0.0669962 0.026137 
qwerty 158 121 0.0414562 0.466586 2.92093 2.49692 5.1985 0.0739766 0.0595769 -0.031274 
qwerty 158 121 0.0669951 0.399591 2.94618 2.50886 5.18177 0.0870126 0.0221539 -0.0440228 
qwerty 158 121 0.0421602 0.357431 2.96856 2.51505 5.17786 0.082993 0.0186599 -0.0525734 
qwerty 158 121 0.0483959 0.309035 2.9835 2.5237 5.1691 0.0887441 0.0439695 0.0138265 
qwerty 158 121 0.0553731 0.253662 3.00044 2.53798 5.17854 0.054415 0.076181 0.0351492 
qwerty 158 121 0.0581883 0.195473 3.02149 2.55136 5.17936 0.0516235 0.0848038 0.0119716 
qwerty 158 121 0.063708 0.131765 3.02135 2.57533 5.18291 -0.0265335 0.0833421 -0.0484775 
qwerty 158 121 0.131765 0 3.01793 2.58608 5.17666 -0.0265335 0.0833421 -0.0484775 
qwerty 119 78 0 8.70951 1.39898 0.731368 2.95 0.0278974 0.0252937 0.0926389 
qwerty 119 78 0 8.70951 1.60225 0.915667 3.625 0.0278974 0.0252937 0.0926389 
qwerty 119 78 0 8.70951 1.80552 1.09997 4.3 0.0278974 0.0252937 0.0926389 
qwerty 119 78 0 8.70951 2.00879 1.28426 4.975 0.0278974 0.0252937 0.0926389 
qwerty 119 78 0 8.70951 2.21206 1.46856 5.65 0.0278974 0.0252937 0.0926389 
qwerty 119 78 0 8.70951 2.41533 1.65286 6.325 0.0278974 0.0252937 0.0926389 
qwerty 119 78 0 8.70951 2.6186 1.83716 7 0.0278974 0.0252937 0.0926389 
qwerty 119 78 0 8.70951 2.82187 2.02146 7.675 0.0278974 0.0252937 0.0926389 
qwerty 119 78 0 8.70951 3.02514 2.20576 8.35 0.0278974 0.0252937 0.0926389 
qwerty 119 78 0 8.70951 3.22841 2.39006 9.025 0.0278974 0.0252937 0.0926389 
qwerty 119 78 0 8.70951 3.43168 2.57436 9.7 0.0278974 0.0252937 0.0926389 
qwerty 119 78 0 8.70951 3.63495 2.75865 10.375 0.0278974 0.0252937 0.0926389 
qwerty 119 78 0 8.70951 3.83822 2.94295 11.05 0.0278974 0.0252937 0.0926389 
qwerty 119 78 0 8.70951 4.04149 3.12725 11.725 0.0278974 0.0252937 0.0926389 
qwerty 119 78 0 8.70951 4.24476 3.31155 12.4 0.0278974 0.0252937 0.0926389 
qwerty 119 78 0 8.70951 4.44803 3.49585 13.075 0.0278974 0.0252937 0.0926389 
qwerty 119 78 0 8.70951 4.6513 3.68015 13.75 0.0278974 0.0252937 0.0926389 
qwerty 161 119 1.52318 3.51119 4.66066 4.09174 14.425 0.0154564 -0.00948014 0.0983424 
qwerty 163 161 0 1.12954 4.85358 3.75 14.6987 0.0459299 -0.0725254 0.0512884 
qwerty 163 161 0 1.12954 5.21296 3.18252 15.1 0.0459299 -0.0725254 0.0512884 
qwerty 163 161 0 0.673621 4.79972 0.545148 15.775 -0.0221858 -0.0953769 0.0202741 
qwerty 162 161 0 1.8076 4.5855 3.94277 14.425 -0.0121605 0.0391026 0.0912311 
qwerty 162 161 0 1.8076 4.49553 4.23209 15.1 -0.0121605 0.0391026 0.0912311 
qwerty 162 161 0 1.8076 4.40556 4.5214 15.775 -0.0121605 0.0391026 0.0912311 
qwerty 162 161 0 1.8076 4.31558 4.81071 16.45 -0.0121605 0.0391026 0.0912311 
qwerty 162 161 0 1.8076 4.22561 5.10002 17.125 -0.0121605 0.0391026 0.0912311 
qwerty 162 161 0 1.8076 4.13564 5.38934 17.8 -0.0121605 0.0391026 0.0912311 
qwerty 162 161 0 1.8076 4.04566 5.67865 18.475 -0.0121605 0.0391026 0.0912311 
qwerty 162 161 0 1.8076 3.95569 5.96796 19.15 -0.0121605 0.0391026 0.0912311 
qwerty 162 161 0 0.5165 5.08527 6.13165 19.825 0.0908909 0.00764481 0.0409926 
qwerty 162 161 0 0.5165 6.49235 6.25 20.4596 0.0908909 0.00764481 0.0409926 
qwerty 162 161 0 0.5165 6.58192 6.25753 20.5 0.0908909 0.00764481 0.0409926 
qwerty 162 161 0 0.5165 8.07856 6.38342 21.175 0.0908909 0.00764481 0.0409926 
qwerty 117 78 0 0.36519 0.893354 0.3744 1.6 0.0474562 0.0186304 0.086028 
qwerty 117 78 0 0.35272 1.17617 0.485426 2.11268 0.047683 0.0476392 0.0738704 
qwerty 117 78 0 0.35272 1.25 0.559193 2.22706 0.047683 0.0476392 0.0738704 
qwerty 117 78 0 0.35272 1.28094 0.590108 2.275 0.047683 0.0476392 0.0738704 
qwerty 170 117 0.0124697 0 1.17617 0.485248 2.11277 0.00450606 -0.0880438 0.0472015 
qwerty 116 114 0 0.136221 0.978774 -1.74331 3.55787 0.0298725 0.0512403 0.0805113 
qwerty 116 114 0 0.136221 1.00368 -1.70059 3.625 0.0298725 0.0512403 0.0805113 
qwerty 172 116 0.0808576 0 0.977993 -1.74864 3.55638 -0.0139669 -0.0953656 -0.026652 
qwerty 115 87 0 0.593768 1.25 1.76531 3.42736 0.0598722 0.0742706 0.0299866 
qwerty 115 87 0 0.593768 1.64461 2.25482 3.625 0.0598722 0.0742706 0.0299866 
qwerty 111 87 0.00029101 0 1.2163 0.951081 3.38401 -0.0318048 -0.0312062 0.0895245 
qwerty 175 111 0.00563131 0 1.21626 0.951109 3.38401 -0.0827882 0.0559655 0.00373894 
qwerty 110 87 0 0.275348 1.46451 1.3023 3.625 0.0170217 0.051203 0.0841933 
qwerty 110 87 0 0.275348 1.60097 1.71281 4.3 0.0170217 0.051203 0.0841933 
qwerty 109 88 0 0.429561 1.25 1.04897 3.12524 -0.0570066 0.0550162 0.0610202 
qwerty 109 88 0 0.429561 0.783116 1.49955 3.625 -0.0570066 0.0550162 0.0610202 
qwerty 109 88 0 0.429561 0.152513 2.10814 4.3 -0.0570066 0.0550162 0.0610202 
qwerty 109 88 0 0.429561 -0.478089 2.71672 4.975 -0.0570066 0.0550162 0.0610202 
qwerty 106 5 0 0.510999 -1.08714 1.25 1.11665 -0.0279929 0.0956453 -0.00826833 
qwerty 106 5 0 0.510999 -1.14352 1.44264 1.1 -0.0279929 0.0956453 -0.00826833 
qwerty 105 5 0 0.510999 -0.355453 -1.25 1.33277 0.0279929 -0.0956453 0.00826833 
qwerty 105 5 0 0.510999 0.376232 -3.75 1.54889 0.0279929 -0.0956453 0.00826833 
qwerty 105 5 0 0.510999 0.549261 -4.3412 1.6 0.0279929 -0.0956453 0.00826833 
qwerty 103 5 0 0.617752 -3.32481 0.623362 0.425 -0.0958174 0.00227749 -0.0285277 
qwerty 103 5 0 0.617752 -5.59197 0.67725 -0.25 -0.0958174 0.00227749 -0.0285277 
qwerty 100 57 0 0.510999 -5.11576 -4.36962 6.5 -0.0699195 0.013563 -0.0701948 
qwerty 100 57 0 0.474691 -5.51251 -4.29266 6.10169 -0.0526276 0.0486423 -0.0697443 
qwerty 100 57 0 0.474691 -5.7213 -4.09969 5.825 -0.0526276 0.0486423 -0.0697443 
qwerty 100 57 0 0.46937 -5.99135 -3.75 5.40619 -0.0418304 0.0598443 -0.0683293 
qwerty 100 57 0 0.46937 -6.14819 -3.52563 5.15 -0.0418304 0.0598443 -0.0683293 
qwerty 100 57 0 0.46937 -6.56142 -2.93445 4.475 -0.0418304 0.0598443 -0.0683293 
qwerty 100 57 0 0.46937 -6.97464 -2.34327 3.8 -0.0418304 0.0598443 -0.0683293 
qwerty 185 100 0.0363083 0 -5.51326 -4.29378 6.1015 -0.0548249 -0.0824356 -0.0140927 
qwerty 99 57 0 0.510999 -3.94537 -4.59665 7.675 0.0699195 -0.013563 0.0701948 
qwerty 99 57 0 0.283546 -3.65599 -4.65279 7.96553 -0.0358664 -0.07976 0.0484969 
qwerty 99 57 0 0.283546 -3.94033 -5.28511 8.35 -0.0358664 -0.07976 0.0484969 
qwerty 188 99 0.227453 0 -3.62876 -4.64349 7.97865 0.0860981 0.0294223 0.0414904 
qwerty 98 66 0 0.510999 -5.0326 -3.75 8.34246 -0.066863 -0.0742821 0.00339256 
qwerty 98 66 0 0.510999 -5.18114 -3.91503 8.35 -0.066863 -0.0742821 0.00339256 
qwerty 97 66 0 0.396947 -3.49162 -2.03804 8.26428 0.0209546 0.0796692 0.0566897 
qwerty 97 66 0 0.396947 -3.45993 -1.91757 8.35 0.0209546 0.0796692 0.0566897 
qwerty 97 66 0 0.396947 -3.21043 -0.968953 9.025 0.0209546 0.0796692 0.0566897 
qwerty 191 97 0.114052 0 -3.48437 -2.03626 8.25747 0.0718115 0.0175956 -0.0673313 
qwerty 94 66 0 0.283912 -4.63986 -3.7231 8.35 -0.037476 -0.0627684 0.0682325 
qwerty 92 66 0 0.274028 -4.77502 -3.45544 7 -0.063355 -0.00553318 0.077172 
qwerty 91 79 0 0.42954 1.8414 1.56174 3.47532 0.00970026 0.0574529 0.0812716 
qwerty 91 79 0 0.42954 1.85927 1.66756 3.625 0.00970026 0.0574529 0.0812716 
qwerty 200 91 0.0814592 0 1.84612 1.56379 3.47295 0.0833495 0.0361131 -0.0418175 
qwerty 90 79 0 0.510999 0.505185 -0.0654828 2.45 -0.0570564 -0.0694824 -0.0437809 
qwerty 90 79 0 0.510999 -0.374492 -1.13674 1.775 -0.0570564 -0.0694824 -0.0437809 
qwerty 90 79 0 0.510999 -1.25417 -2.208 1.1 -0.0570564 -0.0694824 -0.0437809 
qwerty 89 79 0 3.10007 1.25 1.31387 3.21117 -0.0360724 0.0898961 0.0248489 
qwerty 89 79 0 3.10007 0.649259 2.81098 3.625 -0.0360724 0.0898961 0.0248489 
qwerty 89 79 0 3.10007 0.272461 3.75 3.88456 -0.0360724 0.0898961 0.0248489 
qwerty 89 79 0 3.10007 -0.330618 5.25294 4.3 -0.0360724 0.0898961 0.0248489 
qwerty 89 79 0 3.10007 -1.25 7.54413 4.93333 -0.0360724 0.0898961 0.0248489 
qwerty 89 79 0 3.10007 -1.3105 7.69489 4.975 -0.0360724 0.0898961 0.0248489 
qwerty 89 79 0 3.10007 -1.73387 8.75 5.26665 -0.0360724 0.0898961 0.0248489 
qwerty 89 79 0 3.10007 -2.29037 10.1369 5.65 -0.0360724 0.0898961 0.0248489 
qwerty 89 79 0 3.10007 -3.27025 12.5788 6.325 -0.0360724 0.0898961 0.0248489 
qwerty 89 79 0 3.10007 -3.74021 13.75 6.64874 -0.0360724 0.0898961 0.0248489 
qwerty 89 79 0 3.10007 -4.25013 15.0208 7 -0.0360724 0.0898961 0.0248489 
qwerty 89 79 0 3.10007 -5.23 17.4627 7.675 -0.0360724 0.0898961 0.0248489 
qwerty 89 79 0 3.10007 -5.74655 18.75 8.03083 -0.0360724 0.0898961 0.0248489 
qwerty 89 79 0 3.10007 -6.20988 19.9047 8.35 -0.0360724 0.0898961 0.0248489 
qwerty 89 79 0 3.07754 -7.03412 22.2213 9.025 -0.0316775 0.0910011 0.0267457 
qwerty 89 79 0 3.07754 -7.56626 23.75 9.4743 -0.0316775 0.0910011 0.0267457 
qwerty 89 79 0 3.07754 -7.83358 24.5179 9.7 -0.0316775 0.0910011 0.0267457 
qwerty 89 79 0 3.07754 -8.63305 26.8146 10.375 -0.0316775 0.0910011 0.0267457 
qwerty 89 79 0 3.07754 -9.30676 28.75 10.9438 -0.0316775 0.0910011 0.0267457 
qwerty 89 79 0 3.07754 -9.43252 29.1113 11.05 -0.0316775 0.0910011 0.0267457 
qwerty 89 79 0 3.05214 -9.78547 30.1252 11.348 -0.0274799 0.0913869 0.0298879 
qwerty 89 79 0 3.05214 -10.1321 31.2779 11.725 -0.0274799 0.0913869 0.0298879 
qwerty 89 79 0 2.00428 -12.0867 33.75 12.1142 -0.0624102 0.0772529 0.0117026 
qwerty 89 79 0 2.00428 -13.6108 35.6366 12.4 -0.0624102 0.0772529 0.0117026 
qwerty 89 79 0 2.00428 -16.25 38.9035 12.8949 -0.0624102 0.0772529 0.0117026 
qwerty 89 79 0 2.00428 -17.2106 40.0925 13.075 -0.0624102 0.0772529 0.0117026 
qwerty 89 79 0 2.00428 -18.1457 41.25 13.2503 -0.0624102 0.0772529 0.0117026 
qwerty 89 79 0 2.00428 -20.1653 43.75 13.6291 -0.0624102 0.0772529 0.0117026 
qwerty 89 79 0 0.599219 -20.1873 43.7772 13.6332 -0.0966317 -0.0255849 -0.00277812 
qwerty 89 79 0 0.599219 -20.29 43.75 13.6302 -0.0966317 -0.0255849 -0.00277812 
qwerty 89 79 0 0.252824 -27.806 41.76 13.4141 0.0361063 -0.0630981 -0.0686656 
qwerty 89 79 0 0.252824 -27.7197 41.6092 13.25 0.0361063 -0.0630981 -0.0686656 
qwerty 207 89 0.321484 0.0249107 -27.8653 41.7606 13.428 0.0560957 0.0396205 -0.0726876 
qwerty 207 89 0.0249107 0 -27.8649 41.7609 13.4275 0.0560957 0.0396205 -0.0726876 
qwerty 206 89 0.46487 0.940195 -20.208 43.9647 13.6875 -0.0433952 0.0892492 -0.0123061 
qwerty 206 89 0.376274 0.563921 -20.2311 44.1502 13.6935 -0.0608419 0.0772325 0.0182595 
qwerty 206 89 0.356223 0.207698 -20.3225 44.2282 13.6889 -0.0820895 0.0500445 -0.0275112 
qwerty 206 89 0.207698 0 -20.345 44.2419 13.6814 -0.0820895 0.0500445 -0.0275112 
qwerty 204 89 0.0254052 0 -9.78607 30.1253 11.3476 -0.0834727 0.00695384 -0.0546256 
qwerty 86 79 0 5.42943 2.06461 1.88136 3.625 0.05552 0.0714093 0.0426409 
qwerty 86 79 0 5.42943 2.94348 3.01176 4.3 0.05552 0.0714093 0.0426409 
qwerty 86 79 0 5.42943 3.75 4.0491 4.91943 0.05552 0.0714093 0.0426409 
qwerty 86 79 0 5.42943 3.82235 4.14216 4.975 0.05552 0.0714093 0.0426409 
qwerty 84 79 0 2.83303 1.18828 0.961068 2.95 0.00963272 0.0571417 0.0814987 
qwerty 84 79 0 2.83303 1.25 1.32717 3.47216 0.00963272 0.0571417 0.0814987 
qwerty 84 79 0 2.83303 1.26807 1.43434 3.625 0.00963272 0.0571417 0.0814987 
qwerty 84 79 0 2.83303 1.34785 1.9076 4.3 0.00963272 0.0571417 0.0814987 
qwerty 84 79 0 2.83303 1.42763 2.38087 4.975 0.00963272 0.0571417 0.0814987 
qwerty 84 79 0 1.32751 1.44862 2.50539 5.1526 0.0668473 0.0325787 0.0668586 
qwerty 84 79 0 1.32751 1.94593 2.74776 5.65 0.0668473 0.0325787 0.0668586 
qwerty 84 79 0 1.32751 2.62082 3.07668 6.325 0.0668473 0.0325787 0.0668586 
qwerty 211 84 0.307651 1.19787 1.34328 2.64556 5.2513 -0.0191746 0.0961498 0.0196861 
qwerty 211 84 0.499315 0.698557 1.26053 2.85877 5.24392 0.0475839 0.0839098 0.0263614 
qwerty 211 84 0.357384 0.341173 1.31728 3.00443 5.21572 -0.0630115 0.0659111 -0.0410522 
qwerty 211 84 0.341173 0 1.27974 3.0437 5.19126 -0.0630115 0.0659111 -0.0410522 
qwerty 83 79 0 1.60768 1.28364 0.692651 2.95 0.0288032 0.0202916 0.0935875 
qwerty 83 79 0 1.60768 1.49139 0.839004 3.625 0.0288032 0.0202916 0.0935875 
qwerty 83 79 0 1.60768 1.69913 0.985357 4.3 0.0288032 0.0202916 0.0935875 
qwerty 83 79 0 1.60768 1.90687 1.13171 4.975 0.0288032 0.0202916 0.0935875 
qwerty 83 79 0 1.60768 2.07478 1.25 5.52057 0.0288032 0.0202916 0.0935875 
qwerty 83 79 0 1.60768 2.11462 1.27806 5.65 0.0288032 0.0202916 0.0935875 
qwerty 83 79 0 1.60768 2.32236 1.42442 6.325 0.0288032 0.0202916 0.0935875 
qwerty 83 79 0 1.60768 2.5301 1.57077 7 0.0288032 0.0202916 0.0935875 
qwerty 83 79 0 1.57439 2.80789 1.72978 7.675 0.0395066 0.0215356 0.0893054 
qwerty 83 79 0 1.57439 3.10649 1.89256 8.35 0.0395066 0.0215356 0.0893054 
qwerty 83 79 0 1.57439 3.4051 2.05533 9.025 0.0395066 0.0215356 0.0893054 
qwerty 82 79 0 0.727756 1.30373 0.685286 2.95 0.0315079 0.0190009 0.0929851 
qwerty 82 79 0 0.727756 1.53246 0.823218 3.625 0.0315079 0.0190009 0.0929851 
qwerty 82 79 0 0.727756 1.76118 0.96115 4.3 0.0315079 0.0190009 0.0929851 
qwerty 81 79 0 5.88804 1.10036 0.542367 2.275 0.0364298 0.0236052 0.090087 
qwerty 81 79 0 5.88804 1.37331 0.719235 2.95 0.0364298 0.0236052 0.090087 
qwerty 81 79 0 5.88804 1.64627 0.896103 3.625 0.0364298 0.0236052 0.090087 
qwerty 81 79 0 5.88804 1.91923 1.07297 4.3 0.0364298 0.0236052 0.090087 
qwerty 81 79 0 5.88804 2.19219 1.24984 4.975 0.0364298 0.0236052 0.090087 
qwerty 81 79 0 5.88804 2.46515 1.42671 5.65 0.0364298 0.0236052 0.090087 
qwerty 81 79 0 5.88804 2.73811 1.60358 6.325 0.0364298 0.0236052 0.090087 
qwerty 81 79 0 5.88804 3.01107 1.78044 7 0.0364298 0.0236052 0.090087 
qwerty 81 79 0 5.88804 3.28403 1.95731 7.675 0.0364298 0.0236052 0.090087 
qwerty 81 79 0 5.88804 3.55699 2.13418 8.35 0.0364298 0.0236052 0.090087 
qwerty 81 79 0 5.88804 3.75 2.25924 8.82729 0.0364298 0.0236052 0.090087 
qwerty 81 79 0 5.88804 3.82995 2.31105 9.025 0.0364298 0.0236052 0.090087 
qwerty 81 79 0 5.88804 4.10291 2.48792 9.7 0.0364298 0.0236052 0.090087 
qwerty 81 79 0 5.88804 4.37587 2.66479 10.375 0.0364298 0.0236052 0.090087 
qwerty 81 79 0 5.88804 4.64883 2.84165 11.05 0.0364298 0.0236052 0.090087 
qwerty 81 79 0 5.88804 4.92179 3.01852 11.725 0.0364298 0.0236052 0.090087 
qwerty 81 79 0 5.88804 5.19475 3.19539 12.4 0.0364298 0.0236052 0.090087 
qwerty 81 79 0 5.88804 5.46771 3.37226 13.075 0.0364298 0.0236052 0.090087 
qwerty 81 79 0 5.88804 5.74067 3.54913 13.75 0.0364298 0.0236052 0.090087 
qwerty 81 79 0 5.88804 6.01363 3.72599 14.425 0.0364298 0.0236052 0.090087 
qwerty 81 79 0 1.22677 7.49794 3.59209 15.1 0.0913092 -0.00886816 0.0397993 
qwerty 81 79 0 1.22677 8.75 3.47048 15.6457 0.0913092 -0.00886816 0.0397993 
qwerty 81 79 0 1.22677 9.04655 3.44168 15.775 0.0913092 -0.00886816 0.0397993 
qwerty 81 79 0 1.22677 10.5952 3.29128 16.45 0.0913092 -0.00886816 0.0397993 
qwerty 81 79 0 1.22677 11.25 3.22768 16.7354 0.0913092 -0.00886816 0.0397993 
qwerty 81 79 0 1.22677 12.1438 3.14087 17.125 0.0913092 -0.00886816 0.0397993 
qwerty 81 79 0 1.22677 13.6924 2.99047 17.8 0.0913092 -0.00886816 0.0397993 
qwerty 221 218 0 1.93419 5.95114 3.68123 15.1 -0.0132086 -0.00807053 0.0987947 
qwerty 221 218 0 1.93419 5.86089 3.62609 15.775 -0.0132086 -0.00807053 0.0987947 
qwerty 221 218 0 1.93419 5.77065 3.57095 16.45 -0.0132086 -0.00807053 0.0987947 
qwerty 221 218 0 1.93419 5.6804 3.51581 17.125 -0.0132086 -0.00807053 0.0987947 
qwerty 221 218 0 1.93419 5.59016 3.46067 17.8 -0.0132086 -0.00807053 0.0987947 
qwerty 221 218 0 1.93419 5.49991 3.40553 18.475 -0.0132086 -0.00807053 0.0987947 
qwerty 221 218 0 1.93419 5.40967 3.35039 19.15 -0.0132086 -0.00807053 0.0987947 
qwerty 221 218 0 1.93419 5.31942 3.29525 19.825 -0.0132086 -0.00807053 0.0987947 
qwerty 221 218 0 1.93419 5.22917 3.2401 20.5 -0.0132086 -0.00807053 0.0987947 
qwerty 221 218 0 1.93419 5.13893 3.18496 21.175 -0.0132086 -0.00807053 0.0987947 
qwerty 221 218 0 1.93419 5.04868 3.12982 21.85 -0.0132086 -0.00807053 0.0987947 
qwerty 221 218 0 1.93419 4.95844 3.07468 22.525 -0.0132086 -0.00807053 0.0987947 
qwerty 221 218 0 1.93419 4.86819 3.01954 23.2 -0.0132086 -0.00807053 0.0987947 
qwerty 221 218 0 1.93419 4.77795 2.9644 23.875 -0.0132086 -0.00807053 0.0987947 
qwerty 221 218 0 1.93419 4.6877 2.90926 24.55 -0.0132086 -0.00807053 0.0987947 
qwerty 221 218 0 1.93419 4.59746 2.85412 25.225 -0.0132086 -0.00807053 0.0987947 
qwerty 221 218 0 1.93419 4.50721 2.79898 25.9 -0.0132086 -0.00807053 0.0987947 
qwerty 221 218 0 1.93419 4.41696 2.74384 26.575 -0.0132086 -0.00807053 0.0987947 
qwerty 221 218 0 1.93419 4.32672 2.6887 27.25 -0.0132086 -0.00807053 0.0987947 
qwerty 221 218 0 1.93419 4.23647 2.63356 27.925 -0.0132086 -0.00807053 0.0987947 
qwerty 221 218 0 1.93419 4.14623 2.57842 28.6 -0.0132086 -0.00807053 0.0987947 
qwerty 221 218 0 1.93419 4.05598 2.52328 29.275 -0.0132086 -0.00807053 0.0987947 
qwerty 221 218 0 1.93419 3.96574 2.46814 29.95 -0.0132086 -0.00807053 0.0987947 
qwerty 221 218 0 1.93419 3.87549 2.413 30.625 -0.0132086 -0.00807053 0.0987947 
qwerty 221 218 0 1.93419 3.78525 2.35785 31.3 -0.0132086 -0.00807053 0.0987947 
qwerty 221 218 0 1.93419 3.75 2.33632 31.5636 -0.0132086 -0.00807053 0.0987947 
qwerty 221 218 0 1.93419 3.695 2.30271 31.975 -0.0132086 -0.00807053 0.0987947 
qwerty 221 218 0 0.535059 4.21889 1.25 32.455 0.0436895 -0.0847254 0.0302132 
qwerty 221 218 0 0.535059 4.50082 0.703265 32.65 0.0436895 -0.0847254 0.0302132 
qwerty 224 222 0 0.150712 4.31555 2.47424 32.4297 -0.0625783 0.0768975 0.0130666 
qwerty 224 222 0 0.135206 4.0203 2.83705 32.4913 -0.0183104 0.0753121 -0.0631887 
qwerty 224 222 0 0.135206 3.92139 3.24386 32.15 -0.0183104 0.0753121 -0.0631887 
qwerty 226 224 0.0155062 0 4.02013 2.83709 32.4916 -0.0548388 0.0110908 0.0828836 
qwerty 225 224 0.0926788 0 4.32222 2.47298 32.4317 0.094194 -0.0178223 0.0284578 
qwerty 80 79 0 45.138 1.08167 0.482093 2.275 0.0346683 0.0154565 0.092516 
qwerty 80 79 0 45.138 1.33461 0.594864 2.95 0.0346683 0.0154565 0.092516 
qwerty 80 79 0 45.138 1.58755 0.707634 3.625 0.0346683 0.0154565 0.092516 
qwerty 230 80 0.758231 2.57722 1.90827 1.00821 4.14893 -0.00434824 -0.00213369 0.0998826 
qwerty 230 80 0.44922 2.128 1.9017 1.00499 4.3 -0.0103178 0.0585432 -0.0804129 
qwerty 230 80 0.603094 1.18212 1.86831 1.23615 4.09763 0.039834 -0.0129573 0.0908039 
qwerty 230 80 0.591806 0.59031 1.95341 1.20538 4.29729 -0.0910179 0.0113792 -0.0398277 
qwerty 230 80 0.299189 0.29112 1.83256 1.1954 4.2649 0.0576072 -0.0807244 0.0128445 
qwerty 230 80 0.29112 0 1.85935 1.15786 4.27087 0.0576072 -0.0807244 0.0128445 
qwerty 230 80 0 0 1.85935 1.15786 4.27087 0.0576072 -0.0807244 0.0128445 
qwerty 232 230 0.014173 0.328615 1.86385 1.23543 4.10387 -0.0584561 0.0201536 0.0785921 
qwerty 232 230 0.0147757 0.31384 1.85833 1.23546 4.11071 -0.048393 0.0324315 0.0812792 
qwerty 232 230 0.155519 0.158321 1.85275 1.23886 4.11793 -0.0563027 0.00582753 0.0824382 
qwerty 232 230 0.0237023 0.134619 1.8479 1.237 4.12321 -0.0138925 -0.0578154 0.0804013 
qwerty 232 230 0.0374462 0.0971726 1.84481 1.23529 4.13092 0.0139984 0.018845 0.0972055 
qwerty 232 230 0.0418925 0.0552802 1.84213 1.23289 4.13885 -0.0980622 0.0167576 -0.0101487 
qwerty 232 230 0.0552802 0 1.83931 1.23337 4.13855 -0.0980622 0.0167576 -0.0101487 
qwerty 229 80 0.925794 34.535 1.9292 0.742257 4.3 0.0504528 -0.00208784 0.0863143 
qwerty 229 80 0.955175 8.69665 2.18868 0.73109 4.975 0.0323302 0.00320354 0.0945753 
qwerty 229 80 0.0402986 5.97577 2.18885 0.805536 5.18057 0.0254453 0.0348209 0.0902222 
qwerty 229 80 0.756488 5.21115 2.32108 0.991953 5.63448 0.0200527 0.0473651 0.085758 
qwerty 229 80 0.0252848 5.18586 2.32471 1.00052 5.65 0.0426747 0.0484685 0.0763523 
qwerty 229 80 0.527138 1.54353 2.43313 1.03066 6.18492 0.00205413 0.0393302 0.091918 
qwerty 229 80 0.316864 1.22666 2.43626 1.09059 6.325 0.0698025 0.0391494 0.0599578 
qwerty 229 80 0 1.15209 2.43847 1.09604 6.325 0.077962 0.0547518 0.0304002 
qwerty 229 80 0.0540367 0.681797 2.42425 1.09865 6.29989 -0.0788203 0.0143081 -0.0598551 
qwerty 229 80 0.068133 0.613664 2.3942 1.11594 6.27987 -0.0814591 0.022588 -0.0534247 
qwerty 229 80 0.0509307 0.562734 2.35839 1.12178 6.26964 -0.092041 0.0309341 -0.0239067 
qwerty 229 80 0.0872126 0.475521 2.32248 1.12327 6.25447 0.0731379 -0.0090329 -0.0675963 
qwerty 229 80 0.0896689 0.385852 2.35027 1.13917 6.21653 0.0765571 0.0354891 -0.0536613 
qwerty 229 80 0.144462 0.24139 2.38515 1.17748 6.193 0.0819443 -0.0469104 -0.0329325 
qwerty 229 80 0.24139 0 2.41363 1.16117 6.18155 0.0819443 -0.0469104 -0.0329325 
qwerty 245 229 0 0.00813367 2.32435 1.0001 5.65 0.0183622 0.0456947 0.0870335 
qwerty 244 229 0 0.0906987 2.30127 0.954014 5.65 0.0222606 0.0294004 0.092952 
qwerty 241 229 0 22.0496 2.21283 0.736006 4.975 0.0384252 -0.00112376 0.092316 
qwerty 241 229 0 22.0496 2.49379 0.72779 5.65 0.0384252 -0.00112376 0.092316 
qwerty 241 229 0 22.0496 2.77475 0.719573 6.325 0.0384252 -0.00112376 0.092316 
qwerty 241 229 0 22.0496 3.05571 0.711356 7 0.0384252 -0.00112376 0.092316 
qwerty 241 229 0 22.0496 3.33667 0.703139 7.675 0.0384252 -0.00112376 0.092316 
qwerty 241 229 0 22.0496 3.61763 0.694923 8.35 0.0384252 -0.00112376 0.092316 
qwerty 241 229 0 22.0496 3.75 0.691052 8.66802 0.0384252 -0.00112376 0.092316 
qwerty 241 229 0 22.0496 3.89859 0.686706 9.025 0.0384252 -0.00112376 0.092316 
qwerty 241 229 0 22.0496 4.17955 0.678489 9.7 0.0384252 -0.00112376 0.092316 
qwerty 240 229 0 0.140632 1.96863 0.739298 4.3 0.0531359 0.00156333 0.0847002 
qwerty 238 210 0 0.510999 2.96134 5.36586 5.65 -0.0601853 0.0689146 0.0403549 
qwerty 238 210 0 0.228042 1.81062 3.75 5.5294 -0.0575496 -0.081541 -0.00625321 
qwerty 238 210 0 0.228042 0.0461809 1.25 5.33768 -0.0575496 -0.081541 -0.00625321 
qwerty 238 210 0 0.228042 -1.68106 -1.19729 5.15 -0.0575496 -0.081541 -0.00625321 
qwerty 236 216 0 0.340746 2.70253 2.01909 9.7 -0.0603982 -0.00685861 0.0794041 
qwerty 234 230 0 0.510999 1.71508 0.811021 3.8 -0.0239498 -0.0575811 -0.0781718 
qwerty 234 230 0 0.510999 1.50828 0.313818 3.125 -0.0239498 -0.0575811 -0.0781718 
qwerty 233 230 0 0.510999 1.86827 1.17932 4.3 0.0239498 0.0575811 0.0781718 
qwerty 231 230 0 2.8688 1.93858 1.25 4.21907 0.0339735 0.0733815 0.0588299 
qwerty 231 230 0 2.8688 1.98532 1.35094 4.3 0.0339735 0.0733815 0.0588299 
qwerty 231 230 0 2.8688 2.37512 2.1929 4.975 0.0339735 0.0733815 0.0588299 
qwerty 231 230 0 2.8688 2.76492 3.03486 5.65 0.0339735 0.0733815 0.0588299 
qwerty 231 230 0 2.8688 3.15473 3.87683 6.325 0.0339735 0.0733815 0.0588299 
qwerty 251 241 1.95453 6.96179 5.21432 0.0860508 10.3027 0.071859 -0.068679 0.0109308 
qwerty 251 241 1.20184 5.75995 5.68961 -0.368204 10.375 0.0533509 -0.0834491 0.0137814 
qwerty 250 241 1.44573 7.21047 4.88384 0.566272 10.375 0.0653911 0.0268011 0.0707509 
qwerty 274 250 0 2.68576 5.54131 -0.270802 11.05 0.051176 -0.0686249 0.0516879 
qwerty 274 250 0 2.68576 6.20963 -1.16698 11.725 0.051176 -0.0686249 0.0516879 
qwerty 274 250 0 2.68576 6.87795 -2.06317 12.4 0.051176 -0.0686249 0.0516879 
qwerty 274 250 0 0.671813 8.43555 -3.37063 11.9 0.0691514 -0.0625308 -0.036166 
qwerty 277 274 0.490809 1.03014 7.14435 -2.14321 12.7565 0.0964592 0.0205663 -0.0165121 
qwerty 277 274 0.377128 0.653008 7.34486 -2.06636 12.8392 0.0719039 -0.0463414 0.0517909 
qwerty 277 274 0.382095 0.270913 7.51019 -2.05951 12.873 0.0688668 -0.00510764 0.0723276 
qwerty 277 274 0.270913 0 7.53892 -2.06164 12.9032 0.0688668 -0.00510764 0.0723276 
qwerty 273 251 0 0.510999 3.57655 0.394943 11.05 -0.0891382 0.034953 0.0288559 
qwerty 273 251 0 0.510999 1.49143 1.21257 11.725 -0.0891382 0.034953 0.0288559 
qwerty 272 251 0 0.510999 6.25 -0.653371 10.1845 0.0891382 -0.034953 -0.0288559 
qwerty 272 251 0 0.510999 7.20622 -1.02832 9.875 0.0891382 -0.034953 -0.0288559 
qwerty 271 251 0 0.195393 5.64819 -0.530816 10.2082 -0.00019085 0.0798316 -0.0602236 
qwerty 271 251 0 0.195393 5.64713 -0.0891289 9.875 -0.00019085 0.0798316 -0.0602236 
qwerty 282 271 0.112513 0 5.64871 -0.539933 10.2045 0.00528321 -0.092356 -0.0379797 
qwerty 270 251 0 0.28414 5.50631 -0.778882 9.875 -0.0201362 -0.0572327 -0.0794918 
qwerty 269 251 0 0.426185 4.75328 0.380017 11.05 -0.0691617 0.0556021 0.0460984 
qwerty 269 251 0 0.426185 3.75 1.1866 11.7187 -0.0691617 0.0556021 0.0460984 
qwerty 269 251 0 0.426185 3.74058 1.19418 11.725 -0.0691617 0.0556021 0.0460984 
qwerty 269 251 0 0.426185 2.72787 2.00833 12.4 -0.0691617 0.0556021 0.0460984 
qwerty 269 251 0 0.323105 2.30488 2.07899 13.075 -0.0391137 -0.0131216 0.091093 
qwerty 266 265 0 0.274838 3.17971 3.75 6.54998 0.0342098 -0.0465021 0.0816532 
qwerty 266 265 0 0.274838 3.36825 3.49371 7 0.0342098 -0.0465021 0.0816532 
