qwerty 1 0 0 100.719 0 0 -0.25 0 0 0.1 
qwerty 3 1 0 73.727 -0.67969 0.173813 0.25 -0.0788957 0.0201755 0.058038 
qwerty 3 1 0 73.727 -1.25 0.319655 0.669537 -0.0788957 0.0201755 0.058038 
qwerty 3 1 0 73.727 -1.59727 0.40846 0.925 -0.0788957 0.0201755 0.058038 
qwerty 3 1 0 73.727 -2.51485 0.643108 1.6 -0.0788957 0.0201755 0.058038 
qwerty 4 3 1.80347 43.739 -3.46171 0.736604 2.275 -0.0801755 0.00319048 0.05968 
qwerty 4 3 1.4012 15.6311 -4.31965 0.968107 2.95 -0.0701939 0.0297657 0.0647056 
qwerty 4 3 1.37543 4.3019 -4.4259 1.65525 3.58816 -0.0228404 0.0970843 0.00727761 
qwerty 4 3 0.388649 3.59481 -4.47189 1.90746 3.61921 -0.0282808 0.0927832 0.02432 
qwerty 4 3 0.0412417 3.55357 -4.47862 1.92956 3.625 -0.0244584 0.0936155 0.0252573 
qwerty 4 3 0.721016 1.87866 -4.76867 1.64028 3.45135 -0.0628555 -0.047608 -0.0615034 
qwerty 4 3 0.485864 1.39279 -4.88847 1.38252 3.27225 -0.0581621 -0.0807923 0.00947495 
qwerty 4 3 0.429373 0.963422 -5.03861 1.18242 3.2383 0.00550802 -0.0810252 0.0583488 
qwerty 4 3 0.510987 0.452435 -4.98289 1.07634 3.40381 -0.0128071 -0.0942632 0.0308289 
qwerty 4 3 0.319961 0.132474 -4.99432 0.992183 3.43134 0.0468743 0.0823199 0.0320348 
qwerty 4 3 0.132474 0 -4.98822 1.0029 3.4355 0.0468743 0.0823199 0.0320348 
qwerty 16 4 0.00858598 0.309851 -4.47063 1.91192 3.61605 0.0411425 0.0519615 -0.0748819 
qwerty 16 4 0.00981699 0.300034 -4.46921 1.91541 3.61179 0.0297404 0.0564419 -0.0770053 
qwerty 16 4 0.0130692 0.286965 -4.46859 1.91955 3.60518 0.0166983 0.0536168 -0.082743 
qwerty 16 4 0.0251566 0.261809 -4.46966 1.92488 3.59398 0.0396369 0.0598992 -0.0695773 
qwerty 16 4 0.0591221 0.202686 -4.45757 1.93619 3.58655 0.0531135 0.0796872 -0.0287907 
qwerty 16 4 0.0766073 0.126079 -4.45167 1.95035 3.57085 0.0425905 0.0454448 -0.0782357 
qwerty 16 4 0.126079 0 -4.44657 1.95579 3.56149 0.0425905 0.0454448 -0.0782357 
qwerty 18 13 0 0.81828 -5.00708 0.603923 2.45 -0.0658325 -0.043293 -0.0615776 
qwerty 18 13 0 0.81828 -5.72872 0.129355 1.775 -0.0658325 -0.043293 -0.0615776 
qwerty 18 13 0 0.81828 -6.45036 -0.345213 1.1 -0.0658325 -0.043293 -0.0615776 
qwerty 15 4 0 1.17921 -5.00232 1.818 3.625 -0.0522563 0.0684112 0.0508841 
qwerty 15 4 0 0.34697 -5.02538 2.57609 3.125 0.035803 0.0286643 -0.0888622 
qwerty 11 4 0 5.22275 -4.31082 0.86559 2.95 -0.0776432 0.00971648 0.0622666 
qwerty 11 4 0 5.22275 -5.15251 0.970921 3.625 -0.0776432 0.00971648 0.0622666 
qwerty 11 4 0 5.22275 -5.9942 1.07625 4.3 -0.0776432 0.00971648 0.0622666 
qwerty 11 4 0 5.22275 -6.25 1.10826 4.50514 -0.0776432 0.00971648 0.0622666 
qwerty 11 4 0 5.22275 -6.83588 1.18158 4.975 -0.0776432 0.00971648 0.0622666 
qwerty 11 4 0 5.22275 -7.38259 1.25 5.41344 -0.0776432 0.00971648 0.0622666 
qwerty 11 4 0 5.22275 -7.67757 1.28692 5.65 -0.0776432 0.00971648 0.0622666 
qwerty 11 4 0 5.22275 -8.51926 1.39225 6.325 -0.0776432 0.00971648 0.0622666 
qwerty 11 4 0 5.22275 -9.36095 1.49758 7 -0.0776432 0.00971648 0.0622666 
qwerty 11 4 0 5.22275 -10.2026 1.60291 7.675 -0.0776432 0.00971648 0.0622666 
qwerty 11 4 0 5.22275 -11.0443 1.70824 8.35 -0.0776432 0.00971648 0.0622666 
qwerty 11 4 0 5.22275 -11.886 1.81357 9.025 -0.0776432 0.00971648 0.0622666 
qwerty 10 4 0 4.42016 -4.16294 0.709966 2.95 -0.0690727 -0.00943324 0.0716937 
qwerty 10 4 0 4.42016 -4.81327 0.621152 3.625 -0.0690727 -0.00943324 0.0716937 
qwerty 10 4 0 4.42016 -5.46359 0.532337 4.3 -0.0690727 -0.00943324 0.0716937 
qwerty 10 4 0 4.42016 -6.11391 0.443523 4.975 -0.0690727 -0.00943324 0.0716937 
qwerty 10 4 0 4.42016 -6.76424 0.354708 5.65 -0.0690727 -0.00943324 0.0716937 
qwerty 33 32 0.00877223 0.293687 -6.86527 0.443048 5.64759 0.0263947 0.0791985 -0.0550538 
qwerty 33 32 0.0116801 0.282007 -6.86437 0.44634 5.64438 -0.000489422 0.0766336 -0.0642422 
qwerty 33 32 0.0176364 0.26437 -6.86422 0.450773 5.64135 0.0148288 0.0795836 -0.0587074 
qwerty 33 32 0.0174784 0.246892 -6.8639 0.454956 5.63699 0.0081 0.0614527 -0.0784726 
qwerty 33 32 0.0157518 0.23114 -6.86319 0.45972 5.63303 0.00314732 0.0704048 -0.0709455 
qwerty 33 32 0.0411733 0.189967 -6.86135 0.464603 5.62326 0.0651172 0.0469476 -0.0596295 
qwerty 33 32 0.0431467 0.14682 -6.85768 0.471776 5.61137 0.0803053 0.0116962 -0.0584316 
qwerty 33 32 0.14682 0 -6.84527 0.473584 5.60234 0.0803053 0.0116962 -0.0584316 
qwerty 8 4 0 4.63641 -4.92016 1.25 2.65567 -0.0925735 0.0334774 0.0175898 
qwerty 8 4 0 4.63641 -6.46922 1.81019 2.95 -0.0925735 0.0334774 0.0175898 
qwerty 8 4 0 4.63641 -8.75 2.63499 3.38337 -0.0925735 0.0334774 0.0175898 
qwerty 8 4 0 4.63641 -10.0217 3.09487 3.625 -0.0925735 0.0334774 0.0175898 
qwerty 37 8 0.825012 4.9071 -3.49614 1.25 2.51935 0.0520172 0.0842696 0.0138866 
qwerty 37 8 1.03158 3.87551 -3.12582 1.81395 2.55141 -0.0166172 0.0530013 -0.0831549 
qwerty 37 8 0.442974 3.43254 -3.14609 1.87859 2.45 -0.000423247 0.069056 -0.0723263 
qwerty 37 8 0 1.65697 -3.14748 1.88775 2.45 -0.00262038 -0.0938842 -0.034335 
qwerty 42 37 0 0.69679 -3.61112 4.47213 1.775 -0.0421592 0.0872405 -0.0247325 
qwerty 43 42 0.0317686 0.42345 -2.73083 2.69231 2.27096 0.0980233 -0.0141338 -0.0138447 
qwerty 43 42 0.0231663 0.400283 -2.71866 2.69258 2.27054 0.0952629 -0.0133625 -0.0273207 
qwerty 43 42 0.027001 0.373282 -2.70554 2.69234 2.26968 0.0918599 -0.0265813 -0.0292438 
qwerty 43 42 0.0273713 0.345911 -2.69343 2.6852 2.26631 0.0635733 -0.0285367 0.0717223 
qwerty 43 42 0.0229239 0.322987 -2.68581 2.68211 2.27457 0.0460358 -0.0494826 0.0737033 
qwerty 43 42 0.012084 0.310903 -2.68554 2.68182 2.275 0.0461002 -0.0498991 0.0733815 
qwerty 41 37 0 1.75284 -3.5172 1.25 2.51981 0.0388005 0.0908972 0.0152386 
qwerty 41 37 0 1.75284 -2.45004 3.75 2.93893 0.0388005 0.0908972 0.0152386 
qwerty 41 37 0 1.75284 -2.42186 3.81603 2.95 0.0388005 0.0908972 0.0152386 
qwerty 6 4 0 1.05329 -3.5664 0.803981 2.275 -0.0839198 0.0118612 0.0530734 
qwerty 6 4 0 1.05329 -4.63371 0.954834 2.95 -0.0839198 0.0118612 0.0530734 
qwerty 6 4 0 1.02027 -6.25 1.17121 3.61228 -0.0919677 0.0122988 0.0372918 
qwerty 6 4 0 1.02027 -6.28136 1.1754 3.625 -0.0919677 0.0122988 0.0372918 
qwerty 6 4 0 1.02027 -6.83917 1.25 3.85118 -0.0919677 0.0122988 0.0372918 
qwerty 6 4 0 1.02027 -7.94602 1.39802 4.3 -0.0919677 0.0122988 0.0372918 
qwerty 6 4 0 1.02027 -8.75 1.50553 4.626 -0.0919677 0.0122988 0.0372918 
qwerty 6 4 0 1.02027 -9.61068 1.62063 4.975 -0.0919677 0.0122988 0.0372918 
qwerty 6 4 0 1.02027 -11.2753 1.84325 5.65 -0.0919677 0.0122988 0.0372918 
qwerty 6 4 0 1.02027 -12.94 2.06586 6.325 -0.0919677 0.0122988 0.0372918 
qwerty 6 4 0 1.02027 -14.6047 2.28847 7 -0.0919677 0.0122988 0.0372918 
qwerty 6 4 0 1.02027 -16.25 2.5085 7.66717 -0.0919677 0.0122988 0.0372918 
qwerty 6 4 0 1.02027 -16.2693 2.51109 7.675 -0.0919677 0.0122988 0.0372918 
qwerty 6 4 0 1.02027 -17.934 2.7337 8.35 -0.0919677 0.0122988 0.0372918 
qwerty 6 4 0 0.693182 -18.75 2.43979 8.55908 -0.0839834 -0.0522046 0.0148819 
qwerty 6 4 0 0.693182 -21.25 0.885772 9.00208 -0.0839834 -0.0522046 0.0148819 
qwerty 6 4 0 0.693182 -21.3794 0.805356 9.025 -0.0839834 -0.0522046 0.0148819 
qwerty 2 1 0 161.969 0.193337 -0.0494409 0.25 0.0359127 -0.00918373 0.0928759 
qwerty 2 1 0 161.969 0.454342 -0.116186 0.925 0.0359127 -0.00918373 0.0928759 
qwerty 56 2 0.390929 140.052 0.613926 -0.170638 1.32773 0.0371716 -0.0140871 0.0917596 
qwerty 56 2 0.491709 139.56 0.724224 -0.212438 1.6 0.0370745 -0.0160479 0.0914765 
qwerty 56 2 0.853265 63.7473 0.960179 -0.385103 2.275 0.0342731 -0.0266757 0.0900764 
qwerty 56 2 1.08067 57.4709 1.16848 -0.659948 2.95 0.0246293 -0.0402742 0.0881555 
qwerty 56 2 0.392654 52.0709 1.25 -0.804049 3.3381 0.0217953 -0.0259121 0.0940932 
qwerty 56 2 0.53382 51.5371 1.31646 -0.883059 3.625 0.0251235 -0.0216119 0.094349 
qwerty 56 2 0.0642869 29.0221 1.37125 -0.923827 3.83619 0.0485152 -0.028052 0.0828213 
qwerty 56 2 0.860372 28.1617 1.64294 -1.08092 4.3 0.0437937 -0.0324996 0.0838205 
qwerty 56 2 1.05001 20.0608 2.07876 -1.17555 4.975 0.0585801 -0.0108361 0.0803178 
qwerty 56 2 0.930581 13.6187 2.22318 -1.01899 5.65 -0.00628428 0.0299127 0.0952142 
qwerty 66 56 0.0521064 0.655605 1.3951 -0.947356 3.83351 0.0864358 -0.0498062 -0.00694217 
qwerty 66 56 0.0779828 0.577623 1.4228 -0.973214 3.82724 0.065651 -0.0734207 -0.0173015 
qwerty 66 56 0.0597359 0.517887 1.44386 -0.998551 3.81143 0.0640124 -0.0735134 -0.0223202 
qwerty 66 56 0.0561574 0.461729 1.46035 -1.02302 3.80278 0.0438797 -0.0752576 -0.0491006 
qwerty 66 56 0.0132204 0.448509 1.46284 -1.02728 3.8 0.0361838 -0.0789289 -0.0496081 
qwerty 66 56 0.0170785 0.316824 1.4629 -1.02688 3.80487 -0.0154862 0.0667947 0.0727917 
qwerty 66 56 0.00752398 0.3093 1.46103 -1.02301 3.80863 -0.0293723 0.0554401 0.0778696 
qwerty 66 56 0.0257857 0.283514 1.45748 -1.01894 3.81332 -0.0330738 0.0811732 0.0481356 
qwerty 66 56 0.0215562 0.261958 1.45275 -1.01201 3.8184 -0.0450735 0.0358554 0.0817482 
qwerty 66 56 0.0279286 0.23403 1.44646 -1.011 3.82678 -0.0918749 0.0247373 -0.0307744 
qwerty 66 56 0.044157 0.189873 1.4339 -1.00545 3.82609 -0.0779097 0.0515747 -0.0356389 
qwerty 66 56 0.042286 0.147587 1.42772 -0.992967 3.82216 -0.0063933 0.0573428 -0.0816757 
qwerty 66 56 0.0381837 0.109403 1.43144 -0.991666 3.80942 0.0463609 0.037569 -0.0802449 
qwerty 66 56 0.0280187 0.0813841 1.43227 -0.986805 3.80543 -0.0188014 0.0448371 -0.087385 
qwerty 66 56 0.0289965 0.0523876 1.43251 -0.985348 3.80084 0.038862 -0.00146775 0.0921281 
qwerty 66 56 0.0523876 0 1.43353 -0.985387 3.80325 0.038862 -0.00146775 0.0921281 
qwerty 55 2 1.29529 11.8915 0.85848 -0.719034 1.6 0.0423443 -0.0713209 0.0558595 
qwerty 80 55 0 0.877761 0.79028 -1.4651 2.275 -0.00938131 -0.0704516 0.070346 
qwerty 80 55 0 0.877761 0.700262 -2.14111 2.95 -0.00938131 -0.0704516 0.070346 
qwerty 80 55 0 0.805785 0.539509 -2.52006 3.625 -0.0213975 -0.0452908 0.08655 
qwerty 80 55 0 0.805785 0.372631 -2.87328 4.3 -0.0213975 -0.0452908 0.08655 
qwerty 80 55 0 0.805785 0.205753 -3.2265 4.975 -0.0213975 -0.0452908 0.08655 
qwerty 80 55 0 0.805785 0.0388755 -3.57972 5.65 -0.0213975 -0.0452908 0.08655 
qwerty 80 55 0 0.805785 -0.128002 -3.93294 6.325 -0.0213975 -0.0452908 0.08655 
qwerty 78 55 0 0.738502 0.85677 -2.19641 2.275 -0.00111033 -0.0908889 0.041689 
qwerty 78 55 0 0.738502 0.838792 -3.66802 2.95 -0.00111033 -0.0908889 0.041689 
qwerty 76 56 0 0.41608 2.65153 -1.29196 6.13601 0.0929226 -0.012155 0.0348947 
qwerty 76 56 0 0.41608 3.15479 -1.3578 6.325 0.0929226 -0.012155 0.0348947 
qwerty 76 56 0 0.41608 4.95227 -1.59292 7 0.0929226 -0.012155 0.0348947 
qwerty 97 76 0.0436161 0 2.65075 -1.29254 6.13763 -0.0411998 -0.030516 0.0858566 
qwerty 75 56 0 0.49617 1.63291 -1.04417 5.52296 -0.0989129 0.0068354 -0.0130196 
qwerty 75 56 0 0.49617 -1.20056 -0.848366 5.15 -0.0989129 0.0068354 -0.0130196 
qwerty 99 75 0.0148292 0 1.63295 -1.04406 5.52271 0.0150269 0.0400708 -0.0903799 
qwerty 104 102 0 0.38142 2.22624 -0.841407 6.325 -0.00264294 0.0504612 0.0862942 
qwerty 104 102 0 0.38142 2.20557 -0.446695 7 -0.00264294 0.0504612 0.0862942 
qwerty 104 102 0 0.33016 2.51933 1.03375 7.675 0.0191934 0.0896426 0.0399476 
qwerty 71 56 0 1.24774 2.68254 -1.12031 5.65 0.0673273 0.00733622 0.0735745 
qwerty 71 56 0 1.24774 3.30022 -1.053 6.325 0.0673273 0.00733622 0.0735745 
qwerty 71 56 0 1.24774 3.91791 -0.985698 7 0.0673273 0.00733622 0.0735745 
qwerty 71 56 0 0.242862 3.95205 -0.902118 6.5 0.00305897 0.0155063 -0.0987431 
qwerty 70 56 0 0.943138 2.42873 -1.12436 5.65 0.0455793 0.00782776 0.0886637 
qwerty 70 56 0 0.943138 2.77573 -1.06477 6.325 0.0455793 0.00782776 0.0886637 
qwerty 70 56 0 0.943138 3.12273 -1.00517 7 0.0455793 0.00782776 0.0886637 
qwerty 70 56 0 0.943138 3.46972 -0.945579 7.675 0.0455793 0.00782776 0.0886637 
qwerty 70 56 0 0.943138 3.81672 -0.885986 8.35 0.0455793 0.00782776 0.0886637 
qwerty 70 56 0 0.504113 4.01695 -0.851599 8.73949 0.0992677 0.00929438 0.00771638 
qwerty 70 56 0 0.504113 6.25 -0.64252 8.91308 0.0992677 0.00929438 0.00771638 
qwerty 70 56 0 0.504113 7.68984 -0.507708 9.025 0.0992677 0.00929438 0.00771638 
qwerty 70 56 0 0.198185 8.94782 0.235935 9.44517 -0.0308733 0.0126908 -0.0942644 
qwerty 70 56 0 0.198185 8.86752 0.268942 9.2 -0.0308733 0.0126908 -0.0942644 
qwerty 115 70 0.256494 0 8.97665 0.249642 9.46627 0.0753414 0.0358145 0.0551453 
qwerty 113 70 0.439025 0 4.00939 -0.848708 8.82494 -0.0398809 0.024288 0.0884285 
qwerty 117 69 0.022861 0.470172 1.76267 -1.17351 4.4852 -0.051168 -0.00755592 0.0855847 
qwerty 117 69 0.0335937 0.436578 1.75242 -1.17757 4.4978 -0.0678218 -0.0224939 0.0699588 
qwerty 117 69 0.0291851 0.407393 1.74032 -1.17883 4.50944 -0.0806517 -0.000297084 0.0591203 
qwerty 117 69 0.0451131 0.36228 1.7254 -1.17515 4.51916 -0.096888 0.0241114 0.00559973 
qwerty 117 69 0.0395789 0.322701 1.70757 -1.16517 4.52137 -0.0735927 0.0519321 0.0434415 
qwerty 117 69 0.0619627 0.260739 1.69332 -1.15257 4.53921 0.00967763 0.0807098 0.0582432 
qwerty 117 69 0.120619 0.14012 1.70021 -1.11259 4.53808 -0.0647501 0.0736499 -0.0195732 
qwerty 117 69 0.14012 0 1.69095 -1.10206 4.53528 -0.0647501 0.0736499 -0.0195732 
qwerty 68 56 0 1.37727 2.0803 -1.43829 4.975 0.0488571 -0.0401115 0.0774858 
qwerty 68 56 0 1.37727 2.5059 -1.78771 5.65 0.0488571 -0.0401115 0.0774858 
qwerty 68 56 0 1.37727 2.93151 -2.13713 6.325 0.0488571 -0.0401115 0.0774858 
qwerty 68 56 0 1.37727 3.35712 -2.48655 7 0.0488571 -0.0401115 0.0774858 
qwerty 68 56 0 1.37727 3.75 -2.80911 7.6231 0.0488571 -0.0401115 0.0774858 
qwerty 68 56 0 1.37727 3.78272 -2.83598 7.675 0.0488571 -0.0401115 0.0774858 
qwerty 68 56 0 1.37727 4.20833 -3.1854 8.35 0.0488571 -0.0401115 0.0774858 
qwerty 68 56 0 1.37727 4.63394 -3.53482 9.025 0.0488571 -0.0401115 0.0774858 
qwerty 68 56 0 1.37727 4.89603 -3.75 9.44068 0.0488571 -0.0401115 0.0774858 
qwerty 68 56 0 1.37727 5.05955 -3.88424 9.7 0.0488571 -0.0401115 0.0774858 
qwerty 68 56 0 1.37727 5.48515 -4.23366 10.375 0.0488571 -0.0401115 0.0774858 
qwerty 68 56 0 1.37727 5.91076 -4.58309 11.05 0.0488571 -0.0401115 0.0774858 
qwerty 68 56 0 1.37727 6.25 -4.8616 11.588 0.0488571 -0.0401115 0.0774858 
qwerty 68 56 0 1.37727 6.33637 -4.93251 11.725 0.0488571 -0.0401115 0.0774858 
qwerty 68 56 0 1.37727 6.76197 -5.28193 12.4 0.0488571 -0.0401115 0.0774858 
qwerty 68 56 0 1.37727 7.18758 -5.63135 13.075 0.0488571 -0.0401115 0.0774858 
qwerty 68 56 0 1.37727 7.61319 -5.98077 13.75 0.0488571 -0.0401115 0.0774858 
qwerty 68 56 0 1.37727 8.0388 -6.33019 14.425 0.0488571 -0.0401115 0.0774858 
qwerty 68 56 0 1.37727 8.4644 -6.67962 15.1 0.0488571 -0.0401115 0.0774858 
qwerty 68 56 0 1.37727 8.75 -6.91409 15.5529 0.0488571 -0.0401115 0.0774858 
qwerty 68 56 0 1.37727 8.89001 -7.02904 15.775 0.0488571 -0.0401115 0.0774858 
qwerty 68 56 0 1.37727 9.31562 -7.37846 16.45 0.0488571 -0.0401115 0.0774858 
qwerty 68 56 0 1.37727 9.74123 -7.72788 17.125 0.0488571 -0.0401115 0.0774858 
qwerty 68 56 0 1.37727 10.1668 -8.0773 17.8 0.0488571 -0.0401115 0.0774858 
qwerty 68 56 0 1.37727 10.5924 -8.42672 18.475 0.0488571 -0.0401115 0.0774858 
qwerty 68 56 0 1.37727 10.9862 -8.75 19.0995 0.0488571 -0.0401115 0.0774858 
qwerty 68 56 0 1.37727 11.018 -8.77615 19.15 0.0488571 -0.0401115 0.0774858 
qwerty 68 56 0 1.37727 11.25 -8.96658 19.5179 0.0488571 -0.0401115 0.0774858 
qwerty 68 56 0 1.37727 11.4437 -9.12557 19.825 0.0488571 -0.0401115 0.0774858 
qwerty 68 56 0 1.37727 11.8693 -9.47499 20.5 0.0488571 -0.0401115 0.0774858 
qwerty 68 56 0 1.37727 12.2949 -9.82441 21.175 0.0488571 -0.0401115 0.0774858 
qwerty 67 56 0 1.20904 2.26596 -1.49655 4.975 0.0639245 -0.0404767 0.0653857 
qwerty 67 56 0 1.20904 2.92587 -1.91441 5.65 0.0639245 -0.0404767 0.0653857 
qwerty 67 56 0 1.20904 3.58579 -2.33227 6.325 0.0639245 -0.0404767 0.0653857 
qwerty 67 56 0 1.11711 3.77883 -2.4545 6.52245 0.0499484 -0.0261749 0.0825835 
qwerty 67 56 0 1.11711 4.06766 -2.60586 7 0.0499484 -0.0261749 0.0825835 
qwerty 67 56 0 1.11711 4.47591 -2.8198 7.675 0.0499484 -0.0261749 0.0825835 
qwerty 119 67 0.0919322 0 3.78352 -2.4588 6.51957 0.0671527 -0.0615539 -0.0412509 
qwerty 65 56 0 19.6892 1.46853 -0.959449 4.3 0.0225174 -0.0102712 0.0968889 
qwerty 65 56 0 19.6892 1.6254 -1.03101 4.975 0.0225174 -0.0102712 0.0968889 
qwerty 65 56 0 19.6892 1.78227 -1.10256 5.65 0.0225174 -0.0102712 0.0968889 
qwerty 65 56 0 19.6892 1.93915 -1.17412 6.325 0.0225174 -0.0102712 0.0968889 
qwerty 65 56 0 19.6892 2.09602 -1.24568 7 0.0225174 -0.0102712 0.0968889 
qwerty 65 56 0 19.6892 2.25289 -1.31723 7.675 0.0225174 -0.0102712 0.0968889 
qwerty 65 56 0 19.6892 2.40977 -1.38879 8.35 0.0225174 -0.0102712 0.0968889 
qwerty 65 56 0 19.6892 2.56664 -1.46035 9.025 0.0225174 -0.0102712 0.0968889 
qwerty 65 56 0 19.6892 2.72351 -1.53191 9.7 0.0225174 -0.0102712 0.0968889 
qwerty 65 56 0 19.6892 2.88038 -1.60346 10.375 0.0225174 -0.0102712 0.0968889 
qwerty 65 56 0 19.6892 3.03726 -1.67502 11.05 0.0225174 -0.0102712 0.0968889 
qwerty 65 56 0 19.6892 3.19413 -1.74658 11.725 0.0225174 -0.0102712 0.0968889 
qwerty 121 65 0.532242 5.03006 3.32575 -1.7024 12.2003 0.0499246 0.0117169 0.0858501 
qwerty 121 65 0.506056 4.524 3.44186 -1.67515 12.4 0.0390544 0.0149244 0.0908406 
qwerty 126 121 0 0.501341 3.58096 -1.73433 13.075 0.0208795 -0.00958117 0.0973255 
qwerty 126 121 0 0.501341 3.72577 -1.80078 13.75 0.0208795 -0.00958117 0.0973255 
qwerty 124 121 0 2.01139 3.37642 -1.71632 12.4 0.0245447 -0.00674163 0.0967063 
qwerty 124 121 0 2.01139 3.54774 -1.76337 13.075 0.0245447 -0.00674163 0.0967063 
qwerty 124 121 0 2.01139 3.71906 -1.81043 13.75 0.0245447 -0.00674163 0.0967063 
qwerty 124 121 0 2.01139 3.89038 -1.85748 14.425 0.0245447 -0.00674163 0.0967063 
qwerty 124 121 0 2.01139 4.0617 -1.90454 15.1 0.0245447 -0.00674163 0.0967063 
qwerty 124 121 0 2.01139 4.23302 -1.9516 15.775 0.0245447 -0.00674163 0.0967063 
qwerty 124 121 0 2.01139 4.40434 -1.99865 16.45 0.0245447 -0.00674163 0.0967063 
qwerty 124 121 0 0.279336 4.45441 -2.0124 16.6473 0.0502529 0.0526553 -0.0685716 
qwerty 124 121 0 0.279336 4.47074 -1.9953 16.625 0.0502529 0.0526553 -0.0685716 
qwerty 129 124 0.604015 1.12804 4.4848 -1.99033 16.9413 0.0416736 0.0891539 0.0177453 
qwerty 129 124 0.355014 0.773024 4.51213 -1.76047 16.9036 -0.00838465 0.0995764 -0.00377263 
qwerty 129 124 0.444612 0.328412 4.53321 -1.60712 16.7953 -0.0293534 0.0735582 -0.0610538 
qwerty 129 124 0.328412 0 4.51671 -1.56577 16.761 -0.0293534 0.0735582 -0.0610538 
qwerty 63 56 0 0.974521 1.2087 -0.64864 2.95 0.0307306 -0.0360704 0.08806 
qwerty 63 56 0 0.974521 1.44425 -0.925128 3.625 0.0307306 -0.0360704 0.08806 
qwerty 63 56 0 0.974521 1.67981 -1.20162 4.3 0.0307306 -0.0360704 0.08806 
qwerty 63 56 0 0.974521 1.91537 -1.4781 4.975 0.0307306 -0.0360704 0.08806 
qwerty 60 56 0 57.4042 1.03537 -0.353817 2.275 0.0412757 -0.0187011 0.0891436 
qwerty 60 56 0 57.4042 1.34791 -0.495423 2.95 0.0412757 -0.0187011 0.0891436 
qwerty 60 56 0 57.4042 1.66045 -0.637029 3.625 0.0412757 -0.0187011 0.0891436 
qwerty 59 56 0 13.2904 0.994355 -0.3451 2.275 0.0365476 -0.0179578 0.0913334 
qwerty 59 56 0 13.2904 1.26446 -0.477817 2.95 0.0365476 -0.0179578 0.0913334 
qwerty 59 56 0 13.2904 1.53457 -0.610534 3.625 0.0365476 -0.0179578 0.0913334 
qwerty 59 56 0 13.2904 1.80467 -0.743252 4.3 0.0365476 -0.0179578 0.0913334 
qwerty 59 56 0 13.2904 2.07478 -0.875969 4.975 0.0365476 -0.0179578 0.0913334 
qwerty 59 56 0 13.2904 2.34488 -1.00869 5.65 0.0365476 -0.0179578 0.0913334 
qwerty 59 56 0 13.2904 2.61499 -1.1414 6.325 0.0365476 -0.0179578 0.0913334 
qwerty 59 56 0 13.2904 2.836 -1.25 6.87732 0.0365476 -0.0179578 0.0913334 
qwerty 59 56 0 13.2904 2.88509 -1.27412 7 0.0365476 -0.0179578 0.0913334 
qwerty 59 56 0 13.2904 3.1552 -1.40684 7.675 0.0365476 -0.0179578 0.0913334 
qwerty 59 56 0 13.2904 3.4253 -1.53956 8.35 0.0365476 -0.0179578 0.0913334 
qwerty 59 56 0 13.2904 3.69541 -1.67227 9.025 0.0365476 -0.0179578 0.0913334 
qwerty 59 56 0 13.2904 3.96552 -1.80499 9.7 0.0365476 -0.0179578 0.0913334 
qwerty 59 56 0 13.2904 4.23562 -1.93771 10.375 0.0365476 -0.0179578 0.0913334 
qwerty 59 56 0 13.2904 4.50573 -2.07042 11.05 0.0365476 -0.0179578 0.0913334 
qwerty 58 56 0 5.02787 0.726934 -0.210218 1.6 0.0379934 -0.0133067 0.0915392 
qwerty 58 56 0 5.02787 1.00709 -0.30834 2.275 0.0379934 -0.0133067 0.0915392 
qwerty 58 56 0 5.02787 1.28725 -0.406462 2.95 0.0379934 -0.0133067 0.0915392 
qwerty 58 56 0 5.02787 1.56741 -0.504585 3.625 0.0379934 -0.0133067 0.0915392 
qwerty 58 56 0 5.02787 1.84757 -0.602707 4.3 0.0379934 -0.0133067 0.0915392 
qwerty 58 56 0 5.02787 2.12773 -0.700829 4.975 0.0379934 -0.0133067 0.0915392 
qwerty 58 56 0 5.02787 2.40789 -0.798952 5.65 0.0379934 -0.0133067 0.0915392 
qwerty 58 56 0 5.02787 2.68805 -0.897074 6.325 0.0379934 -0.0133067 0.0915392 
qwerty 58 56 0 5.02787 2.96821 -0.995196 7 0.0379934 -0.0133067 0.0915392 
qwerty 58 56 0 2.00685 3.7487 -1.28948 7.675 0.0773638 -0.0293565 0.0561519 
qwerty 58 56 0 1.80192 4.46569 -1.74614 8.35 0.0617713 -0.0460351 0.0637579 
qwerty 58 56 0 1.80192 5.11966 -2.23351 9.025 0.0617713 -0.0460351 0.0637579 
qwerty 58 56 0 1.80192 5.77363 -2.72088 9.7 0.0617713 -0.0460351 0.0637579 
qwerty 58 56 0 1.80192 6.25 -3.0759 10.1917 0.0617713 -0.0460351 0.0637579 
qwerty 58 56 0 1.80192 6.4276 -3.20825 10.375 0.0617713 -0.0460351 0.0637579 
qwerty 58 56 0 1.80192 7.08156 -3.69562 11.05 0.0617713 -0.0460351 0.0637579 
qwerty 58 56 0 1.80192 7.73553 -4.18299 11.725 0.0617713 -0.0460351 0.0637579 
qwerty 58 56 0 1.80192 8.3895 -4.67036 12.4 0.0617713 -0.0460351 0.0637579 
qwerty 58 56 0 1.80192 8.75 -4.93903 12.7721 0.0617713 -0.0460351 0.0637579 
qwerty 58 56 0 1.80192 9.04347 -5.15773 13.075 0.0617713 -0.0460351 0.0637579 
qwerty 58 56 0 1.80192 9.69744 -5.6451 13.75 0.0617713 -0.0460351 0.0637579 
qwerty 58 56 0 0.410753 10.1284 -4.62365 14.425 0.025202 0.0861849 0.0440116 
qwerty 57 56 0 0.723341 0.727965 -0.205323 1.6 0.0375775 -0.0129531 0.0917614 
qwerty 57 56 0 0.723341 1.00439 -0.300607 2.275 0.0375775 -0.0129531 0.0917614 
qwerty 57 56 0 0.214861 1.06568 -0.640336 1.775 0.00800933 -0.0535743 -0.0840574 
qwerty 136 60 1.01524 1.53153 1.96518 -0.611645 4.27888 0.0431341 -0.00840537 0.0898265 
qwerty 136 60 0.03014 1.50139 1.97532 -0.613621 4.3 0.0381968 -0.0335892 0.0860974 
qwerty 122 65 1.39594 3.69711 3.57101 -1.3909 12.3813 -0.00702427 0.0424165 0.0902857 
qwerty 122 65 0.0205984 3.67651 3.56955 -1.38209 12.4 -0.0147369 0.0445578 0.088303 
qwerty 5 3 2.239 11.9387 -1.51251 0.410392 2.16218 0.0842242 -0.0424325 0.033253 
qwerty 5 3 0.710879 11.2278 -1.25 0.27814 2.26582 0.0762849 -0.0547083 0.0344617 
qwerty 5 3 0.0365791 11.1912 -1.22969 0.263573 2.275 0.0773038 -0.0554782 0.030762 
qwerty 139 58 0.678427 1.99376 3.40515 -0.797033 7.28538 0.0734325 0.0403737 0.0545677 
qwerty 139 58 0.0750573 1.3481 3.44737 -0.782412 7.31734 0.0471861 0.00809046 0.0877953 
qwerty 139 58 0.470811 0.877285 3.47128 -0.700532 7.5701 -0.0130918 -0.0062502 0.0989421 
qwerty 139 58 0.184319 0.692966 3.4574 -0.707159 7.675 -0.0532996 -0.0194081 0.0823558 
qwerty 139 58 0 0.5986 3.45199 -0.705552 7.675 -0.099405 0.0105934 0.00253623 
qwerty 139 58 0.0269471 0.474163 3.45579 -0.708625 7.66539 0.0471735 -0.00929083 -0.0876832 
qwerty 139 58 0.0377611 0.436402 3.46215 -0.713687 7.65186 0.0387485 -0.00895395 -0.0917518 
qwerty 139 58 0.0275439 0.408858 3.47088 -0.716731 7.64005 0.0479728 -0.0320731 -0.0816696 
qwerty 139 58 0.0373506 0.371507 3.47952 -0.727518 7.62348 0.0789961 -0.0125621 -0.0600151 
qwerty 139 58 0.0734817 0.298025 3.49794 -0.735792 7.60195 0.0447466 0.00200316 -0.0894076 
qwerty 139 58 0.101861 0.196164 3.50278 -0.712199 7.56301 0.00938808 0.0188 -0.0977672 
qwerty 139 58 0.162288 0.012617 3.50497 -0.707817 7.54022 0.0172402 0.0197967 -0.0964928 
qwerty 139 58 0.012617 0 3.50501 -0.707776 7.54002 0.0172402 0.0197967 -0.0964928 
qwerty 177 139 0.223189 0.347413 3.50069 -0.724361 7.28201 0.0644085 0.0680972 -0.0348471 
qwerty 177 139 0.137682 0.209731 3.50924 -0.670642 7.27431 -0.0102442 0.073411 -0.0671259 
qwerty 177 139 0.209731 0 3.5064 -0.650263 7.25567 -0.0102442 0.073411 -0.0671259 
qwerty 137 59 2.24143 4.73546 5.13583 -2.62146 11.7035 0.0727562 -0.0676168 0.0115976 
qwerty 137 59 0.358504 4.37695 5.27078 -2.74687 11.725 0.0678199 -0.072191 0.0137446 
qwerty 137 59 1.17313 2.83522 5.32734 -3.34611 11.6774 0.0410276 -0.0759126 0.0505372 
qwerty 137 59 0.111734 2.72044 5.35888 -3.3994 11.7184 0.0326935 -0.0878365 0.0348696 
qwerty 137 59 0.0279971 2.69244 5.36507 -3.41605 11.725 0.0341889 -0.0887964 0.0307624 
qwerty 135 60 0.504344 28.1055 1.81352 -0.776904 4.11738 0.0212011 -0.0264337 0.0940839 
qwerty 135 60 0.335342 27.7702 1.85468 -0.828214 4.3 0.0216896 -0.0295049 0.0930539 
qwerty 135 60 0.260286 20.9409 1.92028 -0.861796 4.67075 -0.000581872 0.00515507 0.0998653 
qwerty 135 60 0.204 19.0978 1.91548 -0.854983 4.81134 -0.000229448 0.0106745 0.0994284 
qwerty 135 60 0.417222 18.6806 1.91511 -0.837413 4.975 0.00302935 0.00855404 0.0995874 
qwerty 135 60 0.752937 6.85315 2.01351 -0.748425 5.65 0.0318234 -0.0134696 0.0938395 
qwerty 135 60 0.809459 2.08905 1.58648 -0.743515 5.4287 -0.0739781 -0.00164968 -0.0672645 
qwerty 135 60 0.507715 1.58133 1.36587 -0.785144 5.17524 -0.0635045 -0.0608982 -0.0475246 
qwerty 135 60 0.0807461 1.50059 1.33215 -0.817484 5.15 -0.0752293 -0.0549752 -0.0363081 
qwerty 135 60 0.477554 0.955971 1.26371 -0.850961 5.33564 0.0478303 -0.0179315 0.0859693 
qwerty 135 60 0.480133 0.475837 1.26703 -0.924409 5.53304 -0.019527 -0.0974171 -0.01134 
qwerty 135 60 0.410772 0.0650655 1.17651 -1.00167 5.51352 -0.0648025 -0.0760153 -0.00472302 
qwerty 135 60 0.0650655 0 1.17403 -1.00458 5.51334 -0.0648025 -0.0760153 -0.00472302 
qwerty 187 135 0.481325 1.15778 1.94647 -0.961701 4.975 -0.00503919 -0.056023 0.0826803 
qwerty 183 135 0.374598 4.59024 1.81864 -0.930486 4.3 -0.0115844 -0.067454 0.0729093 
qwerty 190 135 0 6.78807 1.99429 -0.868956 5.65 0.0145229 -0.00347512 0.0988788 
qwerty 190 135 0 6.78807 2.09343 -0.892679 6.325 0.0145229 -0.00347512 0.0988788 
qwerty 190 135 0 6.78807 2.19257 -0.916402 7 0.0145229 -0.00347512 0.0988788 
qwerty 190 135 0 6.78807 2.29171 -0.940125 7.675 0.0145229 -0.00347512 0.0988788 
qwerty 190 135 0 6.78807 2.39085 -0.963848 8.35 0.0145229 -0.00347512 0.0988788 
qwerty 190 135 0 6.78807 2.48999 -0.987571 9.025 0.0145229 -0.00347512 0.0988788 
qwerty 190 135 0 6.78807 2.58913 -1.01129 9.7 0.0145229 -0.00347512 0.0988788 
qwerty 190 135 0 6.78807 2.68828 -1.03502 10.375 0.0145229 -0.00347512 0.0988788 
qwerty 190 135 0 6.78807 2.78742 -1.05874 11.05 0.0145229 -0.00347512 0.0988788 
qwerty 190 135 0 6.78807 2.88656 -1.08246 11.725 0.0145229 -0.00347512 0.0988788 
qwerty 190 135 0 6.78807 2.9857 -1.10619 12.4 0.0145229 -0.00347512 0.0988788 
qwerty 190 135 0 6.78807 3.08484 -1.12991 13.075 0.0145229 -0.00347512 0.0988788 
qwerty 190 135 0 6.78807 3.18398 -1.15363 13.75 0.0145229 -0.00347512 0.0988788 
qwerty 190 135 0 6.78807 3.28312 -1.17736 14.425 0.0145229 -0.00347512 0.0988788 
qwerty 190 135 0 6.78807 3.38226 -1.20108 15.1 0.0145229 -0.00347512 0.0988788 
qwerty 190 135 0 6.78807 3.4814 -1.2248 15.775 0.0145229 -0.00347512 0.0988788 
qwerty 190 135 0 6.78807 3.58054 -1.24852 16.45 0.0145229 -0.00347512 0.0988788 
qwerty 190 135 0 6.78807 3.67969 -1.27225 17.125 0.0145229 -0.00347512 0.0988788 
qwerty 190 135 0 6.78807 3.77883 -1.29597 17.8 0.0145229 -0.00347512 0.0988788 
qwerty 190 135 0 6.78807 3.87797 -1.31969 18.475 0.0145229 -0.00347512 0.0988788 
qwerty 190 135 0 6.78807 3.97711 -1.34342 19.15 0.0145229 -0.00347512 0.0988788 
qwerty 190 135 0 6.78807 4.07625 -1.36714 19.825 0.0145229 -0.00347512 0.0988788 
qwerty 190 135 0 6.78807 4.17539 -1.39086 20.5 0.0145229 -0.00347512 0.0988788 
qwerty 190 135 0 6.78807 4.27453 -1.41459 21.175 0.0145229 -0.00347512 0.0988788 
qwerty 190 135 0 6.78807 4.37367 -1.43831 21.85 0.0145229 -0.00347512 0.0988788 
qwerty 190 135 0 6.78807 4.47281 -1.46203 22.525 0.0145229 -0.00347512 0.0988788 
qwerty 190 135 0 6.78807 4.57196 -1.48576 23.2 0.0145229 -0.00347512 0.0988788 
qwerty 190 135 0 6.78807 4.6711 -1.50948 23.875 0.0145229 -0.00347512 0.0988788 
qwerty 190 135 0 6.78807 4.77024 -1.5332 24.55 0.0145229 -0.00347512 0.0988788 
qwerty 190 135 0 6.78807 4.86938 -1.55692 25.225 0.0145229 -0.00347512 0.0988788 
qwerty 190 135 0 6.78807 4.96852 -1.58065 25.9 0.0145229 -0.00347512 0.0988788 
qwerty 190 135 0 6.78807 5.06766 -1.60437 26.575 0.0145229 -0.00347512 0.0988788 
qwerty 190 135 0 6.78807 5.1668 -1.62809 27.25 0.0145229 -0.00347512 0.0988788 
qwerty 189 135 0 1.70027 2.05829 -0.942569 5.65 0.0245003 -0.0165197 0.0955345 
qwerty 189 135 0 1.70027 2.2314 -1.05929 6.325 0.0245003 -0.0165197 0.0955345 
qwerty 189 135 0 1.70027 2.4045 -1.17601 7 0.0245003 -0.0165197 0.0955345 
qwerty 189 135 0 1.70027 2.57761 -1.29273 7.675 0.0245003 -0.0165197 0.0955345 
qwerty 189 135 0 1.70027 2.75072 -1.40945 8.35 0.0245003 -0.0165197 0.0955345 
qwerty 189 135 0 1.70027 2.92383 -1.52617 9.025 0.0245003 -0.0165197 0.0955345 
qwerty 189 135 0 1.70027 3.09693 -1.64289 9.7 0.0245003 -0.0165197 0.0955345 
qwerty 189 135 0 1.70027 3.27004 -1.75961 10.375 0.0245003 -0.0165197 0.0955345 
qwerty 189 135 0 1.70027 3.44315 -1.87633 11.05 0.0245003 -0.0165197 0.0955345 
qwerty 189 135 0 1.70027 3.61625 -1.99305 11.725 0.0245003 -0.0165197 0.0955345 
qwerty 189 135 0 1.70027 3.78936 -2.10977 12.4 0.0245003 -0.0165197 0.0955345 
qwerty 189 135 0 1.70027 3.96247 -2.22649 13.075 0.0245003 -0.0165197 0.0955345 
qwerty 189 135 0 1.41403 4.0451 -2.1663 13.75 0.00907304 0.0146237 0.098508 
qwerty 189 135 0 1.41403 4.10727 -2.06609 14.425 0.00907304 0.0146237 0.098508 
qwerty 189 135 0 1.41403 4.16944 -1.96589 15.1 0.00907304 0.0146237 0.098508 
qwerty 189 135 0 1.41403 4.23161 -1.86568 15.775 0.00907304 0.0146237 0.098508 
qwerty 189 135 0 1.41403 4.29379 -1.76548 16.45 0.00907304 0.0146237 0.098508 
qwerty 189 135 0 1.41403 4.35596 -1.66527 17.125 0.00907304 0.0146237 0.098508 
qwerty 189 135 0 1.41403 4.41813 -1.56507 17.8 0.00907304 0.0146237 0.098508 
qwerty 189 135 0 1.41403 4.4803 -1.46486 18.475 0.00907304 0.0146237 0.098508 
qwerty 189 135 0 1.41403 4.54247 -1.36466 19.15 0.00907304 0.0146237 0.098508 
qwerty 189 135 0 1.41403 4.60464 -1.26445 19.825 0.00907304 0.0146237 0.098508 
qwerty 189 135 0 1.41403 4.66681 -1.16425 20.5 0.00907304 0.0146237 0.098508 
qwerty 189 135 0 1.41403 4.72898 -1.06404 21.175 0.00907304 0.0146237 0.098508 
qwerty 189 135 0 1.41403 4.79115 -0.963839 21.85 0.00907304 0.0146237 0.098508 
qwerty 189 135 0 1.41403 4.85332 -0.863634 22.525 0.00907304 0.0146237 0.098508 
qwerty 189 135 0 1.41403 4.91549 -0.763429 23.2 0.00907304 0.0146237 0.098508 
qwerty 186 135 0.00029101 0 1.92021 -0.860769 4.68391 -0.000578531 0.00777788 0.0996954 
qwerty 208 186 0.002124 0 1.92021 -0.860761 4.68391 -0.000509231 0.0927835 -0.0372957 
qwerty 184 135 0 4.03832 2.03411 -1.03301 4.975 0.0246085 -0.0282459 0.0927178 
qwerty 184 135 0 4.03832 2.21327 -1.23864 5.65 0.0246085 -0.0282459 0.0927178 
qwerty 184 135 0 4.03832 2.39242 -1.44428 6.325 0.0246085 -0.0282459 0.0927178 
qwerty 184 135 0 4.03832 2.57158 -1.64991 7 0.0246085 -0.0282459 0.0927178 
qwerty 184 135 0 0.918841 2.88697 -1.09679 7.675 0.0338453 0.0614544 0.0712591 
qwerty 184 135 0 0.918841 3.20757 -0.514666 8.35 0.0338453 0.0614544 0.0712591 
qwerty 184 135 0 0.918841 3.52816 0.0674598 9.025 0.0338453 0.0614544 0.0712591 
qwerty 184 135 0 0.918841 3.84876 0.649585 9.7 0.0338453 0.0614544 0.0712591 
qwerty 184 135 0 0.918841 4.16936 1.23171 10.375 0.0338453 0.0614544 0.0712591 
qwerty 184 135 0 0.918841 4.48996 1.81384 11.05 0.0338453 0.0614544 0.0712591 
qwerty 184 135 0 0.918841 4.81056 2.39596 11.725 0.0338453 0.0614544 0.0712591 
qwerty 184 135 0 0.918841 5.13116 2.97809 12.4 0.0338453 0.0614544 0.0712591 
qwerty 184 135 0 0.918841 5.45176 3.56021 13.075 0.0338453 0.0614544 0.0712591 
qwerty 212 210 0 0.314475 2.86739 -1.15689 7.675 0.031025 0.0595693 0.0740874 
qwerty 212 210 0 0.314475 3.15005 -0.614165 8.35 0.031025 0.0595693 0.0740874 
qwerty 181 135 0 0.976181 1.92025 -0.852768 4.3 0.0310961 -0.0314796 0.0896776 
qwerty 181 135 0 0.976181 2.15431 -1.08971 4.975 0.0310961 -0.0314796 0.0896776 
qwerty 181 135 0 0.976181 2.31264 -1.25 5.43161 0.0310961 -0.0314796 0.0896776 
qwerty 181 135 0 0.976181 2.38836 -1.32666 5.65 0.0310961 -0.0314796 0.0896776 
qwerty 179 137 0 0.00304473 5.36234 -3.41276 11.725 0.0226777 -0.0872865 0.0432064 
qwerty 178 139 0 0.0212592 3.7376 -0.367598 7.175 0.0422442 0.0617813 -0.0663211 
qwerty 176 5 0 0.510999 -0.309681 -1.58309 1.775 0.0429609 -0.0852537 -0.0297687 
qwerty 175 5 0 0.510999 -1.73733 1.25 2.76425 -0.0429609 0.0852537 0.0297687 
qwerty 175 5 0 0.510999 -2.00539 1.78196 2.95 -0.0429609 0.0852537 0.0297687 
qwerty 175 5 0 0.510999 -2.97953 3.71507 3.625 -0.0429609 0.0852537 0.0297687 
qwerty 173 5 0 3.52478 -0.772816 -0.850945 2.95 0.0286649 -0.0827983 0.0481951 
qwerty 173 5 0 3.52478 -0.371346 -2.01058 3.625 0.0286649 -0.0827983 0.0481951 
qwerty 173 5 0 3.52478 0.030123 -3.17022 4.3 0.0286649 -0.0827983 0.0481951 
qwerty 173 5 0 3.52478 0.431592 -4.32986 4.975 0.0286649 -0.0827983 0.0481951 
qwerty 173 5 0 3.52478 0.833062 -5.4895 5.65 0.0286649 -0.0827983 0.0481951 
qwerty 173 5 0 3.52478 1.23453 -6.64914 6.325 0.0286649 -0.0827983 0.0481951 
qwerty 173 5 0 3.52478 1.636 -7.80877 7 0.0286649 -0.0827983 0.0481951 
qwerty 173 5 0 0.440388 1.85872 -7.45013 7.675 0.0243787 0.0562728 0.0789877 
qwerty 173 5 0 0.440388 2.06705 -6.96924 8.35 0.0243787 0.0562728 0.0789877 
qwerty 173 5 0 0.440388 2.27538 -6.48836 9.025 0.0243787 0.0562728 0.0789877 
qwerty 173 5 0 0.440388 2.37865 -6.25 9.35957 0.0243787 0.0562728 0.0789877 
qwerty 173 5 0 0.440388 2.48372 -6.00747 9.7 0.0243787 0.0562728 0.0789877 
qwerty 173 5 0 0.440388 2.69205 -5.52658 10.375 0.0243787 0.0562728 0.0789877 
qwerty 229 227 0 0.662242 1.44181 -8.07202 6.5 -0.0270698 -0.0296777 -0.0915776 
qwerty 229 227 0 0.662242 1.25 -8.28231 5.8511 -0.0270698 -0.0296777 -0.0915776 
qwerty 229 227 0 0.662242 1.24228 -8.29077 5.825 -0.0270698 -0.0296777 -0.0915776 
qwerty 229 227 0 0.543369 1.09185 -8.45569 5.31609 -0.0686864 -0.0473907 -0.0551025 
qwerty 229 227 0 0.543369 0.884816 -8.59853 5.15 -0.0686864 -0.0473907 -0.0551025 
qwerty 230 229 0.118872 0 1.09756 -8.45389 5.30706 0.0526671 0.0165558 -0.0833792 
qwerty 172 5 0 0.138639 -0.458195 -0.108297 2.70535 0.0353361 0.0588284 -0.0727363 
qwerty 172 5 0 0.138639 -0.334141 0.0982307 2.45 0.0353361 0.0588284 -0.0727363 
qwerty 234 172 0.0720411 0 -0.45621 -0.110949 2.70851 0.0434082 -0.0579886 0.0689424 
qwerty 171 5 0 3.01863 -1.27331 0.292279 2.275 0.0825825 -0.0407792 0.038951 
qwerty 171 5 0 3.01863 0.157797 -0.414403 2.95 0.0825825 -0.0407792 0.038951 
qwerty 171 5 0 3.01863 1.25 -0.953732 3.46515 0.0825825 -0.0407792 0.038951 
qwerty 171 5 0 3.01863 1.58891 -1.12109 3.625 0.0825825 -0.0407792 0.038951 
qwerty 171 5 0 3.01863 3.02002 -1.82777 4.3 0.0825825 -0.0407792 0.038951 
qwerty 171 5 0 3.01863 3.75 -2.18823 4.6443 0.0825825 -0.0407792 0.038951 
qwerty 171 5 0 3.01863 4.45113 -2.53445 4.975 0.0825825 -0.0407792 0.038951 
qwerty 171 5 0 3.01863 5.88224 -3.24113 5.65 0.0825825 -0.0407792 0.038951 
qwerty 171 5 0 3.01863 7.31335 -3.94781 6.325 0.0825825 -0.0407792 0.038951 
qwerty 171 5 0 3.01863 8.74447 -4.65449 7 0.0825825 -0.0407792 0.038951 
qwerty 170 5 0 0.685495 -1.39504 0.43829 2.275 0.0913796 -0.0240128 0.0327591 
qwerty 169 5 0 0.286541 -2.26401 1.76153 2.275 0.0481876 0.0762303 0.0432076 
qwerty 168 5 0 1.21985 -3.5843 1.02586 2.275 -0.0810837 0.029823 0.0503589 
qwerty 168 5 0 1.21985 -4.19369 1.25 2.65347 -0.0810837 0.029823 0.0503589 
qwerty 168 5 0 1.21985 -4.67113 1.42561 2.95 -0.0810837 0.029823 0.0503589 
qwerty 168 5 0 1.21985 -5.75796 1.82535 3.625 -0.0810837 0.029823 0.0503589 
qwerty 167 26 0 0.510999 -4.72635 0.852403 3.625 -0.0405284 -0.032456 0.0854638 
qwerty 167 26 0 0.510999 -5.04645 0.596063 4.3 -0.0405284 -0.032456 0.0854638 
qwerty 167 26 0 0.379528 -5.27703 0.41141 4.78623 -0.0918639 0.0122473 0.0375637 
qwerty 167 26 0 0.379528 -5.73867 0.472955 4.975 -0.0918639 0.0122473 0.0375637 
qwerty 167 26 0 0.325738 -6.28278 0.462346 5.65 -0.0500494 -0.00544376 0.0864027 
qwerty 167 26 0 0.325738 -6.67378 0.419818 6.325 -0.0500494 -0.00544376 0.0864027 
qwerty 167 26 0 0.325738 -7.06478 0.37729 7 -0.0500494 -0.00544376 0.0864027 
qwerty 167 26 0 0.325738 -7.45578 0.334762 7.675 -0.0500494 -0.00544376 0.0864027 
qwerty 167 26 0 0.325738 -7.84678 0.292233 8.35 -0.0500494 -0.00544376 0.0864027 
qwerty 167 26 0 0.325738 -8.23777 0.249705 9.025 -0.0500494 -0.00544376 0.0864027 
qwerty 245 167 0.131471 0 -5.27236 0.404404 4.79594 0.0363488 -0.0545251 0.0755366 
qwerty 165 28 0 0.510999 -12.4851 1.25 9.52005 -0.0532998 -0.0691215 0.0487991 
qwerty 165 28 0 0.510999 -12.6816 0.995114 9.7 -0.0532998 -0.0691215 0.0487991 
qwerty 165 28 0 0.510999 -13.4189 0.0390118 10.375 -0.0532998 -0.0691215 0.0487991 
qwerty 164 28 0 0.510999 -11.3983 2.65944 8.525 0.0532998 0.0691215 -0.0487991 
qwerty 164 28 0 0.510999 -10.661 3.61554 7.85 0.0532998 0.0691215 -0.0487991 
qwerty 160 103 0 0.510999 1.25 -1.03815 6.29702 -0.0906304 0.000114593 0.0422625 
qwerty 160 103 0 0.510999 1.18999 -1.03807 6.325 -0.0906304 0.000114593 0.0422625 
qwerty 158 103 0 0.978436 2.65639 -0.965333 6.325 0.0582368 0.0098772 0.0806902 
qwerty 158 103 0 0.978436 3.14356 -0.882707 7 0.0582368 0.0098772 0.0806902 
qwerty 158 103 0 0.978436 3.63073 -0.800081 7.675 0.0582368 0.0098772 0.0806902 
qwerty 158 103 0 0.3741 3.06974 0.694729 8.35 -0.0360082 0.086573 0.0347638 
qwerty 158 103 0 0.3741 2.37058 2.3757 9.025 -0.0360082 0.086573 0.0347638 
qwerty 158 103 0 0.305723 2.52913 2.75741 9.7 0.0304559 0.0386265 0.0870657 
qwerty 157 122 0 0.510999 4.82781 1.18042 13.075 0.0431301 0.0875537 0.0217749 
qwerty 157 122 0 0.212956 4.66849 2.16486 12.6618 -0.096489 -5.4436e-05 0.0262654 
qwerty 157 122 0 0.212956 3.75 2.16434 12.9118 -0.096489 -5.4436e-05 0.0262654 
qwerty 157 122 0 0.212956 3.15041 2.164 13.075 -0.096489 -5.4436e-05 0.0262654 
qwerty 263 157 0.144165 0 4.67371 2.17574 12.6528 0.0347801 0.0725134 -0.0594319 
qwerty 155 122 0 2.98492 3.0996 -1.86155 12.4 -0.020109 -0.019424 0.0960121 
qwerty 155 122 0 2.48405 2.86237 -2.13482 13.075 -0.0334701 -0.0394889 0.0855593 
qwerty 155 122 0 2.48405 2.59832 -2.44636 13.75 -0.0334701 -0.0394889 0.0855593 
qwerty 155 122 0 2.48405 2.33427 -2.7579 14.425 -0.0334701 -0.0394889 0.0855593 
qwerty 155 122 0 2.48405 2.07021 -3.06943 15.1 -0.0334701 -0.0394889 0.0855593 
qwerty 154 136 0 0.510999 2.54117 -0.0797225 3.8 0.0573518 0.0570557 -0.0587828 
qwerty 154 136 0 0.501895 3.24577 0.840559 3.125 0.0510708 0.0713834 -0.0479185 
qwerty 153 136 0 0.510999 1.39477 -1.2202 4.975 -0.0573518 -0.0570557 0.0587828 
qwerty 152 136 0 9.18104 1.97349 -0.608885 4.3 0.0363317 0.0120739 0.0923809 
qwerty 152 136 0 9.18104 2.23895 -0.520664 4.975 0.0363317 0.0120739 0.0923809 
qwerty 152 136 0 9.18104 2.50442 -0.432444 5.65 0.0363317 0.0120739 0.0923809 
qwerty 152 136 0 9.18104 2.76988 -0.344223 6.325 0.0363317 0.0120739 0.0923809 
qwerty 152 136 0 9.18104 3.03535 -0.256002 7 0.0363317 0.0120739 0.0923809 
qwerty 152 136 0 9.18104 3.30082 -0.167781 7.675 0.0363317 0.0120739 0.0923809 
qwerty 152 136 0 9.18104 3.56628 -0.0795606 8.35 0.0363317 0.0120739 0.0923809 
qwerty 152 136 0 9.18104 3.75 -0.0185061 8.81714 0.0363317 0.0120739 0.0923809 
qwerty 152 136 0 9.18104 3.83175 0.00866014 9.025 0.0363317 0.0120739 0.0923809 
qwerty 152 136 0 9.18104 4.09721 0.0968809 9.7 0.0363317 0.0120739 0.0923809 
qwerty 152 136 0 9.18104 4.36268 0.185102 10.375 0.0363317 0.0120739 0.0923809 
qwerty 152 136 0 9.18104 4.62814 0.273322 11.05 0.0363317 0.0120739 0.0923809 
qwerty 152 136 0 9.18104 4.89361 0.361543 11.725 0.0363317 0.0120739 0.0923809 
qwerty 152 136 0 9.18104 5.15907 0.449764 12.4 0.0363317 0.0120739 0.0923809 
qwerty 152 136 0 9.18104 5.42454 0.537985 13.075 0.0363317 0.0120739 0.0923809 
qwerty 152 136 0 9.18104 5.69 0.626205 13.75 0.0363317 0.0120739 0.0923809 
qwerty 281 278 0 0.370097 5.14038 -0.108006 13.25 -0.0509263 -0.0687732 -0.0517374 
qwerty 281 278 0 0.370097 4.47596 -1.00527 12.575 -0.0509263 -0.0687732 -0.0517374 
qwerty 280 274 0 0.602924 7.83471 2.09956 14.425 0.0552612 0.0627134 0.0548929 
qwerty 280 274 0 0.602924 8.51424 2.87072 15.1 0.0552612 0.0627134 0.0548929 
qwerty 280 274 0 0.602924 8.75 3.13828 15.3342 0.0552612 0.0627134 0.0548929 
qwerty 280 274 0 0.602924 9.19377 3.64189 15.775 0.0552612 0.0627134 0.0548929 
qwerty 280 274 0 0.602924 9.87329 4.41305 16.45 0.0552612 0.0627134 0.0548929 
qwerty 280 274 0 0.54708 10.3553 4.96002 16.9288 0.0431626 0.0347724 0.0832338 
qwerty 280 274 0 0.54708 10.457 5.042 17.125 0.0431626 0.0347724 0.0832338 
qwerty 280 274 0 0.54708 10.8071 5.324 17.8 0.0431626 0.0347724 0.0832338 
qwerty 284 280 0.0558444 0 10.3564 4.96226 16.9273 0.0395571 0.0765801 -0.0507023 
qwerty 279 274 0 0.346952 5.79468 -0.572007 14.425 0.00202094 -0.0896077 0.0443438 
qwerty 279 274 0 0.346952 5.80997 -1.25 14.7605 0.00202094 -0.0896077 0.0443438 
qwerty 279 274 0 0.346952 5.82544 -1.93601 15.1 0.00202094 -0.0896077 0.0443438 
qwerty 151 136 0 2.49147 1.80871 -0.657655 3.92106 0.0609811 0.0495346 0.0618678 
qwerty 151 136 0 2.49147 2.18223 -0.354253 4.3 0.0609811 0.0495346 0.0618678 
qwerty 151 136 0 0.74312 1.95591 -0.0199421 4.975 -0.0341419 0.0406489 0.0847466 
qwerty 151 136 0 0.74312 1.68397 0.303823 5.65 -0.0341419 0.0406489 0.0847466 
qwerty 151 136 0 0.388101 1.484 0.541907 6.14637 -0.0684127 0.0707503 -0.0177225 
qwerty 151 136 0 0.388101 1.25 0.783898 6.08575 -0.0684127 0.0707503 -0.0177225 
qwerty 151 136 0 0.388101 0.243447 1.82484 5.825 -0.0684127 0.0707503 -0.0177225 
qwerty 150 138 0 0.510999 5.31874 -2.39753 11.725 0.0766888 -0.0286002 0.0574531 
qwerty 150 138 0 0.510999 6.21973 -2.73354 12.4 0.0766888 -0.0286002 0.0574531 
qwerty 150 138 0 0.510999 7.12072 -3.06956 13.075 0.0766888 -0.0286002 0.0574531 
qwerty 150 138 0 0.510999 8.02172 -3.40558 13.75 0.0766888 -0.0286002 0.0574531 
qwerty 147 138 0 0.556522 4.66908 -2.38704 10.55 0.0187705 -0.0388933 -0.0901941 
qwerty 147 138 0 0.556522 4.80956 -2.67811 9.875 0.0187705 -0.0388933 -0.0901941 
qwerty 147 138 0 0.534908 4.93205 -2.93193 9.2864 -0.00796794 -0.044043 -0.0894244 
qwerty 147 138 0 0.534908 4.92436 -2.97448 9.2 -0.00796794 -0.044043 -0.0894244 
qwerty 147 138 0 0.534908 4.86421 -3.30693 8.525 -0.00796794 -0.044043 -0.0894244 
qwerty 147 138 0 0.534908 4.80407 -3.63938 7.85 -0.00796794 -0.044043 -0.0894244 
qwerty 146 138 0 1.56045 4.78331 -2.51739 10.55 0.0313233 -0.051211 -0.0799768 
qwerty 146 138 0 1.56045 5.04768 -2.94961 9.875 0.0313233 -0.051211 -0.0799768 
qwerty 146 138 0 1.56045 5.31205 -3.38182 9.2 0.0313233 -0.051211 -0.0799768 
qwerty 146 138 0 1.56045 5.57641 -3.81404 8.525 0.0313233 -0.051211 -0.0799768 
qwerty 146 138 0 1.56045 5.84078 -4.24626 7.85 0.0313233 -0.051211 -0.0799768 
qwerty 146 138 0 1.56045 6.10515 -4.67848 7.175 0.0313233 -0.051211 -0.0799768 
qwerty 298 147 0.0216147 0 4.93258 -2.93186 9.28631 0.0979308 0.0127434 -0.0157215 
qwerty 292 151 0.306767 0.0482524 1.48506 0.544396 6.20961 0.029814 0.0683598 0.0666188 
qwerty 292 151 0.0482524 0 1.48574 0.545941 6.21112 0.029814 0.0683598 0.0666188 
qwerty 290 151 0.578729 2.77413 1.94873 -0.727394 4.3 -0.0118614 -0.0588179 0.0799985 
qwerty 307 291 0 0.581405 3.51189 0.445134 3.8 0.0603581 0.0302252 -0.073779 
qwerty 306 300 0 0.551852 6.23959 -5.71465 6.5 0.00820002 -0.085907 -0.0505246 
qwerty 306 300 0 0.551852 6.34914 -6.86236 5.825 0.00820002 -0.085907 -0.0505246 
qwerty 306 300 0 0.494108 6.69043 -7.47399 5.15 0.0390263 -0.058055 -0.0714602 
qwerty 306 300 0 0.324169 6.68824 -7.47386 4.475 -0.0178467 0.0259609 -0.094908 
qwerty 306 300 0 0.324169 6.56131 -7.28922 3.8 -0.0178467 0.0259609 -0.094908 
qwerty 305 201 0 0.510999 5.22803 -1.01058 27.925 0.00851195 0.0731505 0.0676502 
qwerty 305 201 0 0.510999 5.3118 -0.282888 28.6 0.00839392 0.0730399 0.0677843 
qwerty 305 201 0 0.196902 5.07082 -0.152945 28.1 -0.0398052 0.00790414 -0.0913951 
qwerty 303 201 0 1.74382 3.75 -1.57763 27.4665 -0.0996958 0.00382317 0.00679124 
qwerty 303 201 0 1.25333 3.41914 -1.56494 27.4891 -0.084847 0.0383457 0.0364774 
qwerty 303 201 0 1.25333 2.40516 -1.10668 27.925 -0.084847 0.0383457 0.0364774 
qwerty 318 303 0.0702639 0.420221 3.3984 -1.58412 27.464 -0.0662092 -0.0558314 -0.049992 
qwerty 318 303 0.0994541 0.320767 3.38478 -1.60351 27.4569 -0.0669205 -0.071867 -0.0188884 
qwerty 318 303 0.0502477 0.27052 3.37367 -1.61865 27.4478 -0.0676447 -0.0582994 -0.0450042 
qwerty 318 303 0.0245471 0.245972 3.36716 -1.62641 27.4435 -0.0306379 -0.0946631 -0.0100105 
qwerty 318 303 0.0292585 0.216714 3.3582 -1.6385 27.4425 -0.0644781 -0.0754088 -0.0124934 
qwerty 318 303 0.0414777 0.175236 3.35176 -1.65015 27.4368 -0.0648114 -0.0690354 0.0321497 
qwerty 318 303 0.0349256 0.140311 3.34255 -1.65523 27.4432 -0.0518241 -0.0533109 0.0668746 
qwerty 318 303 0.0748663 0.0654444 3.33524 -1.66649 27.4448 -0.0140113 -0.0938485 0.0315617 
qwerty 318 303 0.0654444 0 3.3347 -1.67012 27.4461 -0.0140113 -0.0938485 0.0315617 
qwerty 302 238 0 0.510999 9.47858 -5.14473 7.675 0.0597835 -0.0308562 0.0739853 
qwerty 302 238 0 0.510999 10.024 -5.42624 8.35 0.0597835 -0.0308562 0.0739853 
qwerty 302 238 0 0.496118 10.6676 -5.95946 9.025 0.0597257 -0.0517788 0.0612519 
qwerty 302 238 0 0.496118 11.0027 -6.25 9.3687 0.0597257 -0.0517788 0.0612519 
qwerty 302 238 0 0.496118 11.3258 -6.53006 9.7 0.0597257 -0.0517788 0.0612519 
qwerty 302 238 0 0.496118 11.984 -7.10067 10.375 0.0597257 -0.0517788 0.0612519 
qwerty 302 238 0 0.496118 12.6422 -7.67127 11.05 0.0597257 -0.0517788 0.0612519 
qwerty 301 238 0 0.510999 8.52913 -4.65469 6.5 -0.0597835 0.0308562 -0.0739853 
qwerty 301 238 0 0.318552 8.75 -4.25581 6.06814 0.0535041 0.0615816 -0.0578361 
qwerty 301 238 0 0.318552 8.97493 -3.99692 5.825 0.0535041 0.0615816 -0.0578361 
